-77.297
-77.477
-77.395
-77.392
-77.356
-77.436
-77.476
-77.455
-77.515
-77.574
-77.711
-77.635
-77.26
-77.251
-77.163
-77.228
-77.202
-77.288
-77.468
-77.303
-77.545
-77.404
-77.547
-77.423
-77.25
-77.281
-77.139
-77.081
-77.238
-77.409
-77.438
-77.308
-77.308
-77.115
-76.778
-76.794
-76.844
-76.578
-76.755
-77.096
-77.186
-77.398
-77.501
-77.575
-77.776
-77.606
-77.945
-77.969
-77.772
-77.67
-77.663
-77.541
-77.646
-77.795
-77.909
-78.08
-77.996
-78.053
-77.974
-77.698
-77.91
-77.923
-77.925
-77.907
-77.773
-77.691
-77.583
-77.657
-77.506
-77.378
-77.352
-77.433
-77.125
-76.932
-77
-77.122
-77.211
-77.323
-77.337
-77.412
-77.337
-77.148
-77.366
-77.485
-77.529
-77.377
-77.175
-77.192
-77.261
-77.158
-77.089
-76.816
-76.677
-76.481
-76.425
-76.453
-76.595
-76.382
-76.162
-75.973
-76.155
-76.254
-76.097
-76.331
-76.213
-76.221
-76.197
-76.361
-76.106
-76.065
-76.298
-76.26
-76.535
-76.377
-76.223
-76.357
-76.311
-76.376
-76.713
-76.833
-76.936
-77.169
-77.11
-76.716
-76.475
-76.6
-76.758
-76.855
-76.833
-76.834
-76.917
-77.199
-77.2
-77.328
-77.315
-77.06
-76.99
-77.06
-77.046
-77.033
-76.815
-76.588
-76.672
-76.935
-77.058
-76.95
-77.293
-77.218
-77.041
-77.058
-76.835
-77.005
-77.189
-77.469
-77.418
-77.468
-77.375
-77.53
-77.558
-77.283
-77.376
-77.422
-77.423
-77.345
-77.087
-76.992
-76.561
-76.765
-76.455
-76.625
-76.772
-76.872
-76.777
-76.659
-76.761
-76.261
-76.31
-76.31
-76.28
-76.268
-76.061
-76.122
-76.209
-76.539
-76.47
-76.398
-76.362
-76.357
-76.198
-76.075
-76.077
-75.734
-75.651
-75.492
-75.736
-75.778
-75.781
-75.771
-75.627
-75.815
-75.668
-75.57
-75.324
-75.246
-75.093
-75.12
-75.239
-75.096
-75.138
-75.125
-75.146
-75.433
-75.507
-75.543
-75.256
-75.19
-75.711
-75.704
-75.799
-75.934
-75.947
-76.248
-76.28
-76.169
-75.92
-75.808
-75.752
-75.861
-76.055
-76.264
-76.385
-76.176
-76.289
-76.477
-76.602
-76.702
-76.456
-76.226
-76.076
-75.888
-75.803
-75.743
-75.543
-75.563
-75.889
-75.849
-75.903
-75.932
-75.853
-75.824
-75.405
-75.427
-75.619
-75.786
-75.729
-75.451
-75.453
-75.775
-75.546
-75.711
-75.731
-76.117
-75.989
-76.201
-76.265
-76.219
-76.324
-76.198
-75.974
-75.883
-75.808
-75.762
-75.742
-75.754
-75.329
-75.178
-75.106
-75.241
-75.311
-75.391
-75.349
-75.238
-75.233
-75.249
-75.117
-75.186
-75.239
-74.985
-74.889
-74.75
-74.689
-74.602
-74.636
-74.846
-75.049
-75.334
-75.338
-75.229
-74.952
-75.127
-74.956
-75.12
-74.893
-75.059
-75.286
-75.534
-75.434
-75.568
-75.587
-75.601
-75.656
-75.52
-75.705
-75.718
-75.742
-75.761
-75.495
-75.241
-75.109
-75.082
-74.881
-74.891
-74.793
-75.055
-75.125
-74.934
-75.036
-75.216
-75.346
-75.283
-75.349
-75.201
-75.046
-75.015
-75.198
-75.198
-75.393
-75.071
-74.954
-75.012
-74.675
-74.42
-74.371
-74.303
-73.891
-74.139
-74.023
-73.918
-73.929
-73.961
-74.091
-74.109
-74.16
-74.238
-74.539
-74.244
-74.268
-74.465
-74.526
-74.932
-74.674
-74.725
-74.668
-74.898
-75.003
-74.754
-74.693
-74.452
-74.499
-74.381
-74.491
-74.561
-74.769
-74.862
-74.8
-74.808
-74.701
-74.862
-74.595
-74.564
-74.589
-74.707
-74.602
-74.482
-74.317
-74.075
-74.32
-74.338
-74.109
-74.132
-74.171
-74.046
-74.121
-74.048
-74.088
-73.913
-74.018
-73.968
-73.968
-73.85
-73.843
-73.799
-73.921
-74.01
-74.043
-74.366
-74.673
-74.91
-74.881
-74.856
-74.895
-74.92
-75.103
-75.046
-75.123
-75.031
-75.032
-75.203
-75.164
-75.377
-75.199
-75.243
-75.35
-75.448
-75.279
-75.467
-75.448
-75.695
-75.806
-75.638
-75.817
-76.063
-75.846
-75.801
-75.345
-75.285
-75.397
-75.37
-75.514
-75.085
-74.902
-74.953
-74.922
-74.88
-75.024
-74.988
-75.096
-75.195
-75.219
-75.563
-75.662
-75.526
-75.507
-75.563
-75.412
-75.227
-75.143
-75.212
-75.481
-75.559
-75.395
-75.591
-75.353
-75.445
-75.366
-75.231
-75.048
-74.981
-74.814
-74.846
-74.847
-74.972
-75.129
-75.224
-75.332
-75.204
-75.404
-75.415
-75.377
-75.228
-75.468
-75.577
-75.667
-75.578
-75.426
-75.452
-75.29
-75.225
-74.892
-74.697
-74.678
-74.683
-74.739
-74.715
-74.805
-74.951
-74.462
-73.87
-73.222
-72.867
-71.918
-71.021
-70.115
-69.228
-68.409
-67.768
-67.222
-66.655
-65.84
-65.436
-64.666
-63.892
-63.64
-63.447
-63.004
-62.437
-61.944
-61.547
-61.448
-61.356
-61.099
-60.671
-60.297
-59.857
-59.643
-59.275
-59.089
-58.883
-58.925
-58.503
-58.38
-58.559
-58.179
-58.111
-58.012
-57.921
-57.803
-57.771
-57.749
-57.624
-57.671
-57.881
-58.123
-57.846
-57.581
-57.643
-57.52
-57.194
-56.938
-56.837
-56.817
-56.695
-56.576
-56.691
-56.831
-56.72
-56.564
-56.67
-56.648
-56.609
-56.562
-56.562
-56.511
-56.472
-56.7
-56.564
-56.435
-56.171
-56.275
-56.184
-56.43
-56.734
-56.853
-56.543
-56.413
-56.388
-56.438
-56.516
-56.656
-56.789
-57.127
-57.008
-56.988
-56.715
-56.538
-56.73
-56.629
-56.648
-56.308
-56.264
-56.378
-56.412
-56.628
-56.817
-56.554
-56.121
-55.663
-55.186
-54.599
-53.8
-53.121
-52.544
-51.955
-51.451
-51.123
-50.479
-50.156
-49.39
-48.803
-47.934
-47.268
-46.353
-45
-45
-45
-45
-45
-45
-45
-45
-45
-45
-45
-45
-45
-45
-45
-45
-45
-45
-45
-46.497
-50.938
-54.136
-56.827
-59.139
-60.799
-61.709
-62.454
-63.01
-63.526
-63.905
-64.05
-64.119
-64.007
-63.9
-63.815
-63.764
-63.69
-63.473
-63.398
-63.39
-63.39
-63.202
-63.234
-63.113
-63.097
-63.406
-63.484
-63.431
-63.109
-63.565
-63.375
-63.476
-63.369
-63.293
-63.344
-63.221
-63.488
-63.672
-63.977
-64.03
-64.342
-64.466
-64.452
-64.51
-64.716
-65.044
-64.933
-64.795
-64.646
-64.743
-65.051
-65.302
-65.236
-65.289
-65.431
-65.313
-65.22
-65.298
-65.374
-65.688
-65.775
-65.601
-65.889
-65.843
-65.637
-65.245
-65.296
-65.134
-65.343
-65.4
-65.322
-65.436
-65.315
-65.337
-65.014
-65.442
-65.516
-65.58
-65.704
-65.802
-65.845
-65.835
-65.754
-65.54
-65.711
-65.521
-65.404
-64.823
-64.278
-63.615
-63.132
-62.31
-61.548
-60.479
-59.391
-58.289
-57.405
-56.516
-55.511
-54.306
-53.318
-52.28
-51.438
-50.589
-49.809
-48.64
-47.753
-47.006
-45.736
-45
-45
-45
-45
-45
-45
-45
-45
-45
-45
-45
-45
-45
-45
-45
-45
-45
-45
-45
-48.64
-52.643
-55.701
-57.657
-59.373
-60.462
-61.253
-61.602
-62.095
-62.682
-62.881
-62.828
-62.86
-63.072
-63.022
-62.961
-62.866
-62.972
-62.972
-63.025
-63.081
-62.495
-61.706
-61.069
-60.376
-59.724
-59.102
-58.674
-57.96
-57.194
-56.405
-55.773
-55.277
-54.74
-54.166
-53.966
-53.418
-53.092
-52.934
-52.466
-52.224
-52.02
-51.902
-51.78
-51.454
-51.095
-50.881
-50.821
-50.725
-50.552
-50.01
-49.77
-49.708
-49.291
-49.018
-48.651
-48.346
-48.133
-47.644
-47.01
-46.356
-45.485
-45
-45
-45
-45
-45
-45
-45
-45
-45
-45
-45
-45
-45
-45
-45
-45
-45
-45
-45
-47.589
-51.74
-55.205
-58.02
-59.94
-61.075
-61.961
-62.748
-63.334
-63.742
-64.078
-64.369
-64.266
-64.151
-64.4
-64.415
-64.516
-64.935
-65.175
-65.3
-65.528
-65.713
-66.101
-65.663
-65.779
-65.662
-65.919
-66.282
-66.35
-66.193
-66.145
-66.066
-65.897
-65.882
-65.9
-66.208
-66.416
-66.348
-66.61
-66.765
-67.048
-67.259
-67.082
-67.604
-67.753
-67.593
-67.47
-67.511
-67.398
-67.451
-67.474
-67.406
-67.384
-67.38
-67.486
-67.408
-67.334
-67.22
-67.313
-67.361
-67.618
-67.669
-67.621
-67.635
-67.64
-67.803
-68.071
-68.158
-68.125
-68.086
-68.086
-68.465
-68.527
-68.375
-68.529
-68.605
-68.849
-68.673
-68.661
-68.692
-68.755
-68.836
-68.892
-68.992
-69.064
-69.05
-69.036
-69.219
-69.409
-69.351
-69.382
-69.477
-69.685
-70.023
-70.128
-70.085
-70.349
-70.558
-70.816
-71.089
-71.11
-71.216
-71.34
-71.363
-71.286
-71.128
-71.279
-71.548
-71.738
-72.076
-72.095
-72.316
-72.567
-72.395
-72.288
-72.2
-72.192
-72.08
-71.672
-71.591
-71.542
-71.471
-71.507
-71.436
-71.265
-71.503
-71.506
-71.511
-71.275
-71.388
-71.414
-71.566
-71.444
-71.583
-71.333
-71.412
-71.574
-71.513
-71.781
-71.66
-72.064
-72.312
-72.492
-72.272
-72.218
-72.398
-72.246
-72.332
-72.519
-72.627
-72.697
-72.924
-72.788
-72.713
-72.935
-73.158
-73.025
-73.026
-73.151
-73.002
