-79.228
-79.019
-78.958
-79.024
-78.98
-78.91
-78.501
-78.242
-77.913
-77.73
-77.692
-77.815
-77.747
-77.866
-77.958
-77.928
-77.896
-78.022
-78.099
-78.229
-78.091
-78.016
-78.002
-78.023
-78.151
-78.152
-78.178
-78.401
-78.467
-78.248
-78.253
-78.165
-78.158
-78.188
-78.23
-78.386
-78.605
-78.363
-78.249
-78.272
-78.428
-78.48
-78.597
-78.348
-78.375
-78.382
-78.206
-78.089
-78.041
-77.628
-77.272
-77.148
-76.893
-76.811
-76.664
-76.674
-76.748
-76.544
-76.529
-76.404
-76.358
-76.544
-76.308
-76.421
-76.929
-76.894
-76.645
-76.738
-76.714
-76.855
-76.993
-77.207
-77.327
-77.209
-77.411
-77.67
-77.821
-78.046
-78.192
-78.168
-78.201
-78.248
-78.251
-78.306
-77.915
-77.931
-78.346
-78.303
-78.018
-78.215
-78.297
-78.564
-78.445
-78.659
-78.374
-78.036
-77.709
-77.661
-77.619
-77.481
-77.311
-77.581
-77.491
-77.413
-77.561
-77.336
-77.109
-77.31
-77.489
-77.404
-77.403
-77.472
-77.109
-77.267
-77.206
-77.259
-77.136
-77.388
-77.468
-77.462
-77.346
-77.692
-77.844
-77.959
-78.034
-78.009
-78.398
-78.257
-78.158
-78.021
-77.773
-77.459
-77.366
-77.395
-77.429
-77.559
-77.624
-77.687
-77.456
-77.383
-77.058
-77.344
-77.489
-77.7
-77.685
-77.542
-77.304
-77.342
-77.4
-77.228
-76.944
-76.934
-76.877
-76.773
-77.09
-77.531
-77.44
-77.462
-77.645
-77.351
-77.363
-77.259
-77.406
-77.666
-77.66
-77.778
-77.818
-77.73
-77.467
-77.66
-77.437
-77.381
-77.742
-77.603
-77.173
-77.06
-76.886
-76.9
-76.914
-76.86
-76.524
-76.669
-76.991
-77.013
-76.806
-76.839
-76.964
-76.968
-76.941
-77.23
-76.96
-76.974
-77.194
-77.284
-77.381
-77.437
-77.415
-77.107
-76.862
-76.628
-76.819
-77.001
-76.869
-77.082
-76.772
-76.961
-76.938
-76.545
-76.548
-76.498
-76.603
-76.461
-76.56
-76.543
-76.605
-76.302
-76.36
-76.389
-76.279
-76.56
-76.298
-76.384
-76.193
-76.428
-76.466
-76.558
-76.863
-77.162
-77.012
-77.03
-77.036
-76.718
-76.877
-76.697
-76.76
-76.575
-76.524
-76.369
-76.164
-76.237
-76.233
-76.164
-76.326
-76.568
-76.449
-76.273
-76.356
-76.409
-76.304
-76.509
-76.599
-76.713
-76.559
-76.739
-76.679
-76.879
-76.881
-76.87
-76.697
-76.745
-76.823
-76.754
-76.616
-76.895
-76.899
-77.021
-77.095
-77.261
-76.986
-77.367
-77.201
-77.238
-76.929
-76.78
-76.819
-76.8
-76.785
-76.692
-76.714
-76.467
-76.271
-76.694
-76.626
-76.474
-76.625
-76.775
-76.795
-77.031
-77.148
-76.884
-76.841
-77.075
-77.31
-77.251
-77.139
-76.966
-77.045
-77.058
-77.026
-76.842
-77.009
-76.858
-77.186
-77.043
-77.132
-77.271
-77.16
-77.295
-77.301
-77.441
-77.483
-77.499
-77.278
-77.503
-77.477
-77.778
-77.864
-77.401
-77.293
-76.953
-76.682
-76.224
-75.816
-75.577
-75.647
-75.147
-74.795
-74.368
-73.879
-73.596
-73.395
-73.184
-73.298
-73.311
-73.197
-73.277
-73.472
-73.268
-73.244
-72.905
-72.807
-73.068
-72.884
-72.874
-72.771
-72.875
-72.793
-72.848
-72.397
-72.506
-72.695
-72.646
-72.304
-72.486
-72.583
-72.646
-72.599
-72.684
-72.529
-72.534
-72.357
-72.034
-72.064
-72.138
-71.961
-71.701
-71.907
-72.089
-71.923
-71.985
-71.897
-71.992
-71.73
-71.678
-71.681
-71.558
-71.754
-71.586
-71.313
-71.289
-71.345
-71.121
-71.094
-71.188
-71.192
-71.309
-71.527
-71.397
-71.25
-70.879
-70.616
-70.72
-70.676
-70.462
-70.452
-70.548
-70.471
-70.713
-70.865
-70.852
-70.82
-70.779
-70.746
-70.561
-70.348
-70.276
-70.072
-70.222
-70.276
-70.414
-70.757
-70.595
-70.705
-70.702
-70.958
-71.14
-71.33
-71.238
-71.139
-71.204
-71.139
-71.149
-71.189
-71.173
-71.293
-71.426
-71.407
-71.709
-71.692
-71.642
-71.518
-71.448
-71.229
-71.245
-71.021
-71.062
-70.982
-70.771
-70.83
-71.02
-71.066
-70.963
-70.883
-70.913
-70.631
-70.59
-70.427
-70.709
-70.832
-70.857
-70.786
-70.802
-70.912
-71.146
-71.199
-71.126
-71.443
-71.464
-70.873
-70.925
-71.033
-70.85
-70.797
-71.92
-73.522
-75.484
-76.794
-77.668
-78.31
-79.023
-79.27
-79.822
-79.864
-79.936
-80.029
-79.941
-79.867
-79.815
-80.05
-80.347
-80.436
-80.371
-80.284
-80.172
-80.287
-80.125
-80.169
-80.219
-80.166
-80.106
-79.965
-80.26
-80.397
-80.357
-80.149
-80.257
-79.995
-79.784
-79.704
-79.503
-79.348
-79.435
-79.176
-78.932
-79.098
-79.176
-79.011
-79.097
-79.213
-79.231
-79.197
-79.178
-79.081
-79.355
-79.263
-79.355
-79.363
-79.321
-79.437
-79.116
-79.102
-79.295
-79.285
-79.482
-79.414
-79.502
-79.411
-79.304
-79.434
-79.526
-79.464
-79.385
-79.629
-79.553
-79.468
-79.354
-79.463
-79.552
-79.638
-79.462
-79.808
-79.895
-79.73
-79.509
-79.639
-79.892
-79.785
-79.747
-79.734
-79.645
-79.705
-79.654
-79.744
-79.99
-80.111
-80.151
-79.966
-80.103
-79.882
-79.892
-79.856
-79.893
-80.107
-80.148
-79.982
-79.945
-80.2
-80.318
-80.181
-80.425
-80.39
-80.204
-80.285
-80.044
-80.201
-80.153
-80.265
-79.969
-79.966
-80.204
-80.058
-80.123
-79.907
-79.944
-79.881
-80.043
-80.231
-80.541
-80.2
-80.105
-80.355
-80.274
-80.33
-80.407
-80.115
-79.928
-80.064
-80.114
-80.067
-80.198
-80.207
-80.327
-80.512
-80.7
-80.802
-80.521
-80.617
-80.614
-80.695
-80.551
-80.597
-80.341
-80.597
-80.647
-80.728
-80.56
-80.532
-80.511
-80.671
-80.644
-80.548
-80.41
-80.657
-80.301
-80.197
-80.177
-80.13
-79.903
-80.059
-79.681
-79.403
-78.724
-78.522
-78.326
-78.281
-78.18
-77.778
-77.715
-77.67
-77.38
-77.563
-77.657
-77.754
-77.836
-77.57
-77.483
-77.382
-77.728
-77.678
-77.68
-77.725
-77.973
-78.016
-77.833
-77.719
-77.666
-77.636
-77.626
-77.637
-77.944
-77.99
-78.204
-78.367
-78.411
-78.023
-78.004
-78.078
-78.274
-78.215
-78.308
-78.793
-79.18
-79.164
-79.264
-79.438
-79.68
-79.645
-79.462
-79.522
-79.769
-79.683
-79.643
-79.534
-79.405
-79.22
-79.12
-79.248
-79.239
-79.305
-79.472
-79.559
-79.215
-79.338
-79.269
-79.444
-79.586
-79.573
-79.604
-79.718
-79.74
-79.652
-79.583
-79.521
-79.472
-79.523
-79.55
-79.516
-79.431
-79.126
-78.896
-78.715
-78.728
-78.362
-78.46
-78.385
-78.63
-78.681
-78.993
-78.905
-79.09
-78.997
-78.743
-78.516
-78.513
-78.55
-78.398
-78.427
-78.353
-78.569
-78.646
-78.975
-79.009
-78.846
-78.855
-79.009
-79.029
-78.999
-79.085
-79.341
-79.479
-79.404
-79.458
-79.738
-79.861
-80.052
-80.282
-80.191
-80.471
-80.344
-80.315
-80.434
-80.456
-80.589
-80.503
-80.446
-80.449
-80.747
-80.896
-80.912
-80.91
-81.023
-81.092
-81.202
-81.154
-81.195
-81.181
-81.159
-81.268
-81.503
-81.441
-81.186
-81.066
-81.11
-81.312
-81.282
-80.865
-80.785
-80.456
-80.367
-80.452
-80.695
-80.82
-80.86
-80.84
-80.811
-80.553
-80.337
-80.297
-80.258
-80.141
-80.058
-79.855
-79.951
-79.895
-79.902
-79.837
-79.949
-79.875
-79.737
-79.868
-79.906
-79.849
-80.23
-80.137
-80.228
-80.118
-80.044
-79.763
-79.934
-79.723
-80.073
-79.792
-79.869
-79.925
-79.576
-79.484
-79.59
-79.179
-78.892
-79.161
-79.364
-79.601
-79.992
-79.994
-80.123
-80.249
-80.096
-80.198
-80.231
-80.148
-80.011
-79.868
-79.707
-79.769
-79.868
-80.048
-79.903
-80.18
-80.195
-80.011
-79.905
-79.636
-79.807
-79.885
-79.79
-79.722
-79.965
-79.99
-80.147
-80.197
-80.153
-80.144
-79.912
-80.039
-79.769
-79.765
-79.721
-79.515
-79.195
-79.12
-79.296
-79.165
-79.267
-79.161
-79.019
-79.067
-78.721
-78.709
-78.881
-78.884
-78.983
-79.165
-79.08
-79.005
-78.974
-79.199
-79.318
-79.188
-78.732
-78.983
-78.974
-78.939
-78.948
-78.693
-78.804
-78.819
-78.77
-78.855
-78.934
-78.838
-79.022
-79.056
-79.305
-79.293
-79.321
-79.125
-79.258
-79.529
-79.556
-79.401
-79.202
-79.543
-79.806
-80.042
-80.125
-80.494
-80.531
-80.251
-80.289
-80.127
-80.117
-79.811
-79.736
-79.487
-79.582
-79.535
-79.532
-79.685
-79.724
-79.988
-80.198
-80.162
-80.315
-80.407
-80.389
-80.46
-80.477
-80.55
-80.661
-80.587
-80.558
-80.6
-80.406
-80.39
-80.095
-79.945
-79.464
-79.492
-79.409
-79.687
-79.75
-79.739
-79.73
-79.609
-79.72
-79.77
-79.846
-79.915
-80.091
-80.445
-80.413
-80.36
-80.212
-80.245
-79.786
-79.602
-79.521
-79.578
-79.727
-79.803
-79.892
-79.791
-79.259
-78.897
-78.714
-78.415
-78.428
-78.073
-78.427
-78.585
-78.623
-78.666
-78.532
-78.491
-78.513
-78.794
-78.769
-78.712
-78.602
-78.577
-78.518
-78.488
-78.394
-78.583
-78.663
-78.961
-78.77
-78.888
-78.97
-79.004
-78.712
-78.953
-78.794
-78.683
-78.928
-78.657
-78.447
-78.605
-78.648
-78.5
-78.658
