-78.066
-77.953
-77.993
-77.99
-78.066
-78.236
-78.335
-78.687
-78.641
-78.575
-78.543
-78.414
-78.732
-78.899
-78.378
-78.415
-78.528
-78.559
-78.753
-78.828
-78.691
-78.592
-78.569
-78.752
-78.997
-79.471
-79.544
-79.707
-79.629
-79.522
-79.571
-79.597
-79.637
-79.532
-79.567
-79.625
-79.572
-79.593
-79.424
-79.738
-79.45
-79.38
-78.998
-79.049
-79.085
-79.096
-79.028
-79.083
-79.209
-79.471
-79.305
-79.307
-79.284
-79.22
-79.144
-79.016
-78.881
-78.669
-78.668
-78.744
-78.789
-78.921
-79.22
-79.117
-78.696
-78.697
-78.48
-78.561
-78.48
-78.301
-78.428
-78.2
-78.417
-78.331
-78.535
-78.456
-78.249
-78.155
-77.9
-77.773
-77.908
-77.965
-77.871
-77.949
-78.094
-78.142
-78.143
-78.307
-78.343
-78.461
-78.614
-78.605
-78.787
-78.883
-78.88
-78.852
-78.833
-78.973
-78.903
-79.091
-79.045
-79.082
-79.087
-78.95
-79.074
-79.048
-79.171
-79.121
-79.225
-79.161
-79.15
-78.858
-78.632
-78.517
-78.66
-78.994
-78.873
-78.886
-79.017
-79.103
-79.406
-79.279
-79.287
-79
-78.885
-78.747
-78.869
-78.725
-78.872
-78.824
-78.715
-78.793
-78.772
-78.809
-78.856
-78.613
-78.693
-78.794
-78.834
-78.895
-79.184
-79.215
-79.263
-79.242
-79.099
-78.961
-79.047
-78.97
-78.945
-79.035
-78.908
-79.124
-79.488
-79.347
-79.011
-79.288
-79.143
-79.123
-79.239
-79.273
-79.482
-79.069
-79.145
-78.943
-78.959
-78.954
-79.006
-79.13
-79.39
-79.509
-79.727
-79.8
-79.585
-79.449
-79.504
-79.63
-79.801
-79.748
-80.029
-80.004
-79.774
-79.982
-80.108
-80.036
-79.898
-79.757
-79.838
-79.812
-79.768
-79.894
-79.848
-79.981
-79.955
-80.125
-80.125
-80.06
-79.956
-80.154
-80.15
-79.884
-79.811
-80.002
-80.102
-79.893
-80.224
-80.034
-80.157
-80.115
-80.179
-79.927
-79.689
-79.779
-79.794
-79.873
-80.099
-80.044
-79.914
-79.733
-79.595
-79.249
-78.938
-78.833
-78.811
-78.812
-78.788
-78.908
-78.999
-78.992
-78.723
-78.747
-78.822
-79.121
-79.062
-79.024
-78.832
-79.181
-79.138
-79.254
-79.248
-79.527
-79.393
-79.428
-79.474
-79.379
-79.121
-78.966
-79.183
-79.632
-79.582
-79.384
-78.965
-79.199
-79.253
-79.346
-79.417
-79.446
-79.682
-79.469
-79.49
-79.685
-79.986
-80.087
-80.163
-79.923
-80.024
-79.914
-79.842
-79.996
-80.084
-79.935
-80.058
-79.988
-80.032
-79.964
-80.003
-80.001
-79.868
-79.9
-79.799
-79.771
-79.888
-80.025
-79.916
-79.92
-80.041
-80.064
-80.015
-79.817
-79.817
-79.878
-79.962
-80.118
-80.098
-80.063
-79.771
-79.925
-80.038
-79.846
-79.869
-79.787
-79.79
-79.959
-79.976
-79.839
-79.887
-79.776
-79.957
-80.197
-80.334
-80.517
-80.368
-80.521
-80.51
-80.39
-80.451
-80.577
-80.415
-80.154
-80.069
-80.109
-79.944
-80.051
-80.111
-79.918
-80.111
-80.192
-80.004
-79.966
-80.083
-80.481
-80.494
-80.502
-80.252
-80.18
-80.132
-80.066
-79.926
-79.871
-79.955
-79.731
-79.755
-79.856
-79.991
-79.93
-79.886
-79.655
-79.747
-79.589
-79.678
-79.627
-79.797
-79.717
-79.76
-79.781
-79.95
-79.943
-79.902
-79.94
-80.133
-80.124
-80.052
-80.008
-79.948
-80.074
-80.083
-79.96
-79.758
-79.909
-79.963
-80.058
-79.949
-80.101
-80.008
-80.036
-80.001
-79.854
-79.738
-79.832
-80.122
-79.91
-79.809
-79.671
-79.872
-79.964
-79.833
-79.866
-79.922
-79.831
-80.046
-79.995
-79.913
-80.11
-79.979
-80.011
-79.98
-80.061
-80.045
-80.163
-80.056
-79.932
-79.985
-79.91
-79.977
-80.033
-79.966
-79.922
-79.899
-79.856
-79.895
-79.631
-79.827
-79.9
-79.723
-79.753
-79.676
-79.661
-79.812
-79.856
-80.02
-79.806
-80.022
-80.05
-80.04
-79.947
-80.208
-80.174
-79.951
-80.077
-80.192
-80.062
-79.969
-79.67
-79.674
-79.721
-79.676
-79.895
-80.029
-80.117
-80.118
-80.081
-80.134
-80.126
-80.095
-80.079
-79.904
-79.985
-79.906
-80.183
-79.946
-80.066
-80.123
-80.02
-79.894
-79.936
-80.046
-80.248
-80.035
-80.173
-79.778
-80.013
-79.926
-79.864
-79.677
-79.688
-79.757
-79.89
-79.894
-79.915
-79.928
-79.875
-79.927
-79.905
-79.905
-80.002
-79.996
-79.855
-79.924
-79.88
-80.124
-80.277
-79.989
-79.99
-80.101
-79.969
-79.962
-79.849
-80.173
-80.073
-80.041
-79.655
-79.844
-80.082
-80.075
-80.246
-80.225
-79.835
-80.044
-79.906
-80.013
-79.968
-80.285
-80.133
-80.143
-80.311
-79.814
-79.864
-80.035
-79.606
-79.503
-79.492
-79.739
-79.61
-79.785
-79.829
-79.852
-79.92
-79.956
-80.014
-80.162
-80.065
-80.047
-80.09
-80.188
-80.122
-80.248
-80.326
-80.122
-80.056
-80.02
-79.888
-79.954
-80.049
-79.919
-80.068
-79.938
-79.912
-79.969
-80.024
-80.097
-80.178
-80.167
-80.169
-80.046
-79.952
-80.107
-80.043
-79.761
-79.859
-79.648
-79.904
-80.058
-80.29
-80.004
-79.977
-80.12
-80.328
-80.269
-80.144
-80.06
-79.993
-80.118
-80.109
-80.347
-80.28
-80.246
-80.04
-80.158
-80.14
-80.185
-79.973
-79.876
-79.95
-79.926
-80.127
-80.19
-80.136
-79.99
-80.064
-79.947
-79.727
-80
-80.064
-79.885
-80.216
-80.129
-79.903
-79.796
-79.913
-79.964
-80.009
-80.144
-80.355
-80.127
-79.959
-79.698
-79.825
-79.981
-80.094
-79.833
-80.024
-79.853
-79.725
-79.829
-79.983
-80.158
-79.982
-79.914
-79.952
-80.019
-79.943
-79.985
-80.064
-79.891
-80.115
-80.182
-80.012
-80.028
-80.117
-80.204
-79.859
-79.613
-79.543
-79.398
-79.407
-79.221
-79.27
-79.303
-79.323
-79.179
-79.222
-79.288
-79.349
-79.417
-79.368
-79.211
-79.127
-79.102
-79.02
-78.913
-79.073
-78.907
-79.177
-79.319
-79.427
-79.391
-79.427
-79.359
-79.306
-79.536
-79.732
-79.648
-79.78
-79.721
-79.579
-79.337
-79.307
-79.508
-79.624
-79.597
-79.34
-79.137
-79.487
-79.46
-79.602
-79.623
-79.583
-79.741
-79.693
-79.634
-79.794
-79.739
-79.611
-79.738
-79.629
-79.648
-79.771
-79.712
-79.717
-79.552
-79.551
-79.512
-79.686
-79.568
-79.638
-79.6
-79.579
-79.654
-79.712
-79.798
-79.747
-79.85
-80.119
-80.11
-79.937
-80.04
-80.132
-79.916
-80.149
-80.098
-79.973
-79.984
-79.852
-79.752
-80.135
-80.09
-80.287
-80.45
-80.2
-80.031
-80.068
-79.966
-80.221
-79.991
-79.932
-79.798
-79.695
-79.698
-80.038
-80.254
-79.8
-79.933
-80.034
-80.147
-80.216
-80.085
-80.083
-80.166
-80.062
-80.012
-79.983
-79.956
-79.971
-79.972
-80.192
-80.3
-79.941
-79.846
-79.873
-79.701
-79.465
-79.37
-79.512
-79.617
-79.75
-79.77
-79.769
-79.684
-79.683
-79.837
-79.948
-79.932
-80.105
-80.311
-79.898
-79.84
-79.763
-79.529
-79.542
-79.886
-79.84
-79.807
-79.989
-79.996
-80.15
-80.287
-80.283
-80.188
-80.148
-80.374
-80.309
-80.351
-80.547
-80.413
-80.427
-80.468
-80.258
-80.117
-80.233
-80.205
-80.043
-80.226
-80.394
-80.444
-80.013
-80.166
-80.317
-80.17
-80.229
-80.059
-80.101
-80.054
-79.962
-80.099
-80.081
-80.143
-79.982
-79.924
-80.092
-79.813
-80.127
-79.992
-79.856
-80.033
-79.858
-79.509
-79.838
-79.986
-80.202
-80.208
-80.165
-80.274
-80.359
-80.281
-80.27
-80.137
-80.047
-80.03
-79.961
-80.098
-80.235
-79.994
-80.029
-80.14
-80.218
-80.3
-80.144
-80.266
-80.508
-80.291
-80.314
-80.385
-80.434
-80.245
-80.294
-80.47
-80.203
-80.016
-80.099
-80.07
-80.205
-80.092
-79.916
-79.987
-80.201
-80.448
-80.374
-80.123
-80.045
-80.071
-80.018
-80.201
-80.234
-80.41
-80.566
-80.713
-80.379
-80.506
-80.408
-80.38
-80.532
-80.242
-80.6
-80.576
-80.592
-80.648
-80.532
-80.402
-80.332
-80.5
-80.562
-80.522
-80.459
-80.425
-80.295
-80.385
-80.485
-80.557
-80.447
-80.572
-80.658
-80.468
-80.344
-80.597
-80.454
-80.233
-80.496
-80.369
-80.458
-80.714
-80.424
-80.44
-80.46
-80.345
-80.188
-80.348
-80.201
-80.296
-80.26
-80.246
-80.455
-80.605
-80.556
-80.672
-80.687
-80.693
-80.64
-80.677
-80.606
-80.463
-80.462
-80.343
-80.472
-80.347
-80.376
-80.556
-80.248
-79.966
-80.226
-80.276
-80.022
-80.192
-79.976
-80.043
-79.891
-79.976
-80.011
-80.349
-80.512
-80.459
-80.654
-80.804
-80.937
-80.99
-80.977
-81.096
-80.932
-80.811
-80.756
-81.162
-81.349
-81.265
-80.97
-81.203
-80.979
-80.976
-80.94
-80.914
-80.964
-80.649
-80.734
-80.736
-80.962
-80.975
-80.758
-80.528
-80.251
-80.197
-80.157
-80.255
-80.395
-80.235
-80.413
-80.38
-80.09
-80.107
-80.062
-80.023
-80.477
-80.16
-80.498
-80.491
-80.321
-80.106
-80.303
-80.266
-80.348
-80.317
-80.104
-79.946
-80.083
-80.352
-80.314
-80.226
-79.924
-79.789
-79.868
-79.764
-80.008
-79.691
-79.903
-79.753
-79.404
-79.511
-79.467
-79.386
-79.452
-79.439
-79.281
-79.285
-79.676
-79.538
