-78.659
-78.534
-78.538
-78.627
-78.68
-78.761
-78.883
-79.162
-79.238
-79.135
-78.886
-78.892
-79.008
-78.793
-78.77
-78.759
-78.76
-78.629
-78.589
-78.624
-78.533
-78.807
-78.744
-78.991
-78.914
-79.063
-78.944
-78.779
-79.147
-79.223
-79.209
-79.019
-78.933
-78.74
-78.785
-78.825
-79.027
-79.134
-78.967
-78.909
-78.51
-78.46
-78.273
-78.366
-78.237
-78.224
-78.273
-78.391
-78.342
-78.162
-77.824
-77.638
-77.727
-77.748
-77.926
-77.751
-77.802
-77.838
-77.812
-77.955
-77.772
-77.819
-77.96
-77.743
-77.569
-77.618
-77.846
-78.043
-77.823
-77.821
-77.879
-77.596
-77.491
-77.398
-77.316
-77.28
-77.543
-77.513
-77.545
-77.386
-77.014
-77.263
-77.163
-76.888
-76.693
-76.529
-77.017
-76.982
-77.015
-77.042
-76.987
-77.064
-77.09
-77.094
-77.186
-77.182
-77.272
-77.083
-76.996
-76.848
-76.521
-76.517
-76.426
-76.547
-76.356
-76.27
-76.297
-76.148
-76.037
-76.1
-76.113
-76.095
-75.972
-76.207
-76.18
-76.303
-76.447
-76.837
-76.814
-76.86
-76.901
-76.911
-76.766
-76.822
-76.834
-76.763
-76.847
-76.898
-77.149
-77.394
-77.506
-77.548
-77.624
-77.31
-77.416
-77.571
-77.529
-77.67
-77.691
-77.871
-77.86
-77.765
-77.633
-77.491
-77.607
-77.408
-77.548
-77.728
-77.822
-77.969
-78.117
-78.217
-78.333
-78.5
-78.723
-78.599
-78.858
-78.881
-78.985
-78.982
-78.784
-79.092
-78.706
-78.569
-78.592
-78.455
-78.734
-78.869
-78.644
-78.701
-78.743
-78.65
-78.674
-78.519
-78.72
-78.835
-78.843
-78.938
-78.85
-78.894
-79.147
-79.265
-79.083
-78.956
-79.299
-79.484
-79.571
-79.81
-80.063
-79.904
-80.144
-80.335
-80.403
-80.219
-80.419
-80.62
-80.472
-80.501
-80.281
-80.208
-80.236
-80.437
-80.248
-80.108
-80.162
-80.295
-80.693
-80.541
-80.446
-80.286
-80.372
-80.507
-80.518
-80.469
-80.649
-80.605
-80.536
-80.25
-80.069
-80.141
-80.29
-80.726
-80.947
-80.695
-80.749
-80.534
-80.308
-80.196
-79.876
-79.823
-79.945
-80.047
-79.918
-79.9
-79.932
-80.127
-79.915
-80.055
-79.915
-80.184
-79.976
-80.209
-80.186
-80.112
-80.062
-79.91
-80.104
-79.938
-80.107
-80.016
-80.102
-80.327
-80.783
-80.811
-80.779
-80.812
-80.732
-80.785
-80.733
-80.502
-80.48
-80.594
-80.457
-80.483
-80.516
-80.369
-80.241
-80.39
-80.33
-80.396
-80.38
-80.481
-80.715
-81.224
-81.231
-81.153
-81.189
-81.331
-81.408
-81.494
-81.331
-81.226
-81.119
-81.344
-81.535
-81.537
-81.408
-81.107
-80.939
-80.83
-80.858
-80.819
-80.833
-80.836
-80.922
-80.867
-81.017
-80.933
-80.629
-80.504
-80.499
-80.768
-80.703
-80.834
-80.53
-80.229
-80.303
-80.028
-79.906
-80.132
-80.301
-79.994
-79.749
-79.832
-79.908
-79.954
-79.946
-80.235
-80.11
-80.134
-80.279
-80.15
-80.13
-80.124
-80.138
-80.32
-80.516
-80.427
-80.055
-79.977
-80.038
-80.192
-80.258
-80.287
-80.003
-80.031
-80.135
-79.97
-80.095
-79.925
-79.946
-80.053
-80.157
-79.856
-79.908
-79.836
-79.668
-79.566
-79.837
-79.831
-79.454
-79.223
-79.027
-79.014
-79.112
-79.282
-79.396
-79.23
-79.459
-79.359
-79.347
-79.29
-79.126
-78.828
-79.04
-79.012
-79.044
-79.306
-79.479
-79.305
-79.145
-79.201
-79.577
-79.646
-80.079
-79.94
-80.006
-80.081
-80.213
-80.452
-80.64
-80.775
-80.752
-80.756
-81.008
-80.971
-81.205
-80.969
-80.771
-80.744
-81.017
-81.347
-81.289
-81.665
-81.676
-81.602
-81.654
-81.488
-81.385
-81.364
-81.297
-81.435
-81.12
-80.987
-81.209
-81.001
-81.164
-81.174
-81.089
-81.048
-81.237
-81.253
-81.563
-81.483
-81.543
-81.416
-81.176
-81.189
-81.447
-81.593
-81.764
-81.472
-81.575
-81.887
-81.462
-81.273
-81.21
-81.442
-81.174
-80.835
-80.918
-81.035
-81.387
-81.392
-81.502
-81.503
-81.356
-81.489
-81.494
-81.267
-80.907
-80.54
-80.639
-80.363
-80.281
-80.178
-80.127
-79.994
-79.89
-79.827
-79.675
-79.824
-79.819
-79.878
-80.037
-79.935
-79.751
-79.432
-79.443
-79.319
-79.38
-79.115
-79.062
-78.915
-78.918
-78.872
-79.29
-79.237
-79.432
-79.436
-79.442
-79.388
-79.614
-79.481
-79.313
-79.44
-79.398
-79.401
-79.38
-79.246
-79.412
-79.457
-79.579
-79.758
-79.577
-79.594
-79.504
-79.636
-79.589
-79.495
-79.531
-79.531
-79.603
-79.529
-79.691
-79.808
-79.607
-79.864
-79.563
-79.645
-79.522
-79.745
-79.857
-79.966
-79.765
-79.686
-79.554
-79.82
-80.227
-80.311
-80.021
-80.129
-80.346
-80.089
-79.972
-80.036
-79.953
-79.912
-79.988
-79.894
-79.864
-79.695
-79.49
-79.243
-79.116
-79.059
-78.741
-78.552
-78.177
-78.033
-77.714
-77.422
-77.511
-77.155
-77.104
-77.051
-76.804
-76.867
-76.939
-76.953
-77.009
-77.227
-77.153
-77.219
-77.444
-77.706
-77.595
-77.567
-77.681
-77.447
-77.551
-77.716
-77.805
-77.924
-78.183
-78.139
-78.143
-78.635
-78.6
-78.635
-78.709
-78.697
-78.852
-78.821
-78.902
-78.896
-78.768
-78.515
-78.565
-78.651
-78.767
-78.647
-78.57
-78.703
-78.703
-78.57
-78.446
-78.331
-78.279
-78.319
-78.233
-78.292
-78.178
-78.256
-78.613
-78.747
-78.806
-78.842
-78.823
-78.615
-78.528
-78.825
-78.758
-78.833
-78.933
-79.142
-78.941
-79.086
-79.244
-79.236
-79.283
-79.517
-79.562
-79.732
-79.77
-80.115
-80.201
-80.391
-80.215
-80.501
-80.387
-80.443
-80.514
-80.558
-80.479
-80.006
-80.05
-80.191
-79.988
-80.149
-79.902
-79.932
-79.828
-79.6
-79.387
-79.565
-79.636
-79.706
-79.631
-79.911
-80.171
-80.236
-80.231
-80.377
-80.198
-79.918
-80.039
-80.214
-80.012
-80.075
-80.434
-80.449
-80.474
-80.663
-80.722
-80.685
-80.651
-80.611
-80.565
-80.155
-79.759
-79.787
-79.762
-79.994
-80.005
-79.919
-79.785
-79.719
-79.93
-79.789
-79.573
-79.747
-79.815
-79.876
-80.012
-80.354
-80.066
-80.066
-80.149
-80.088
-80.296
-80.415
-80.296
-80.314
-80.395
-80.352
-80.313
-80.248
-80.331
-80.627
-80.641
-80.735
-80.585
-80.5
-80.385
-80.294
-80.113
-80.135
-80.258
-80.274
-80.296
-80.478
-80.361
-80.032
-80.257
-80.155
-79.961
-79.698
-79.583
-79.461
-79.528
-79.443
-79.413
-79.35
-79.333
-79.347
-79.232
-79.158
-79.375
-79.345
-79.372
-79.346
-79.409
-79.306
-79.353
-79.292
-79.313
-79.535
-79.743
-79.734
-79.652
-79.64
-79.587
-79.446
-79.427
-79.272
-79.411
-79.384
-79.411
-79.517
-79.629
-79.622
-79.711
-79.886
-79.754
-79.721
-79.599
-79.574
-79.566
-79.269
-79.208
-79.117
-79.4
-79.282
-79.361
-79.376
-79.549
-79.556
-79.496
-79.51
-79.524
-79.294
-79.297
-79.185
-79.336
-79.224
-79.161
-79.27
-79.303
-79.586
-79.935
-79.972
-79.905
-79.681
-79.86
-79.965
-80.217
-80.303
-80.192
-80.189
-80.204
-80.206
-80.444
-80.52
-80.454
-80.265
-80.06
-80.303
-80.041
-79.948
-79.947
-79.914
-79.931
-80.172
-80.17
-80.094
-80.184
-80.31
-80.361
-80.328
-80.397
-80.158
-80.531
-80.644
-80.457
-80.482
-80.355
-80.346
-80.1
-80.142
-79.982
-79.692
-79.862
-79.771
-79.597
-79.406
-79.159
-79.092
-79.007
-79.005
-79.208
-79.293
-79.126
-79.073
-79.254
-79.042
-78.738
-78.889
-78.837
-78.732
-78.703
-78.771
-78.787
-78.494
-78.447
-78.542
-78.434
-78.763
-78.992
-79.054
-79.01
-78.988
-79.292
-79.331
-79.323
-79.596
-79.642
-79.408
-79.452
-79.535
-79.687
-79.551
-79.376
-79.487
-79.469
-79.509
-79.522
-79.352
-79.147
-79.434
-79.321
-79.294
-79.24
-79.299
-78.944
-79.189
-79.125
-78.963
-78.973
-79.236
-79.185
-79.187
-79.03
-79.109
-79.05
-79.049
-79.245
-79.35
-79.314
-79.157
-78.935
-79.076
-78.985
-78.627
-78.714
-78.756
-78.757
-78.976
-78.935
-78.872
-79.018
-78.838
-78.96
-79.05
-79.214
-79.275
-79.342
-79.264
-79.32
-79.571
-79.505
-79.351
-79.503
-79.545
-79.578
-79.614
-79.553
-79.17
-79.102
-78.874
-78.61
-78.753
-78.588
-78.324
-78.181
-78.43
-78.854
-78.79
-78.905
-78.674
-78.593
-78.674
-78.609
-78.739
-78.485
-78.347
-78.439
-78.253
-78.518
-78.656
-78.509
-78.302
-78.587
-79.001
-78.943
-78.863
-78.825
-78.929
-79.166
-79.334
-79.608
-79.815
-79.64
-79.409
-79.435
-79.338
-79.31
-79.17
-79.118
-78.814
-79.072
-79.06
-78.973
-79.103
-79.148
-79.429
-79.503
-79.473
-79.304
-79.299
-79.248
-79.166
-79.08
-79.225
-79.566
-79.722
-79.833
-79.955
-79.808
-79.676
-79.755
-79.737
-79.899
-79.993
-79.877
-79.876
-79.846
-79.75
-79.438
-79.507
-79.72
-79.914
-80
-79.983
-79.849
-79.882
-79.864
-79.949
-80.321
-80.438
-80.473
-80.674
-80.886
-80.906
-80.977
-80.854
-80.808
-81.005
-80.897
-81.034
-81.144
-81.014
-81.066
-81.056
-81.157
-81.1
-81.075
-80.907
-80.851
-80.562
-80.403
