-68.566
-70.124
-71.19
-71.921
-72.437
-72.798
-73.372
-73.719
-73.577
-73.684
-73.483
-73.427
-73.531
-73.556
-73.655
-73.436
-73.397
-73.136
-72.939
-72.301
-71.77
-71.57
-71.57
-71.333
-70.847
-70.72
-70.681
-70.19
-70.002
-69.465
-68.883
-68.196
-67.635
-67.196
-66.38
-65.836
-64.848
-64.242
-63.477
-62.815
-62.327
-61.542
-61.192
-60.715
-60.164
-59.369
-58.814
-58.438
-58.246
-57.861
-57.377
-56.958
-56.707
-56.435
-55.96
-55.464
-55.043
-54.755
-54.249
-53.374
-52.787
-52.1
-50.884
-48.816
-45
-45
-45
-45
-45
-45
-45
-45
-45
-45
-45
-45
-45
-45
-47.298
-54.309
-60.037
-64.14
-66.92
-68.599
-69.984
-70.668
-70.855
-71.091
-71.054
-70.69
-70.406
-70.159
-69.842
-69.411
-69.098
-68.636
-68.1
-67.713
-66.817
-67.755
-69.742
-71.989
-73.705
-75.186
-76.19
-76.896
-77.696
-77.937
-77.943
-77.809
-78.02
-78.043
-77.94
-78.05
-78.013
-77.986
-78.199
-78.307
-78.21
-78.157
-78.13
-78.394
-78.627
-78.616
-78.519
-78.799
-78.758
-78.746
-78.695
-78.725
-78.855
-79.018
-79.279
-79.071
-79.136
-79.445
-79.528
-79.523
-79.296
-79.239
-79.51
-79.568
-79.33
-79.051
-79.119
-78.801
-78.749
-78.555
-78.582
-78.584
-78.796
-79.098
-78.999
-78.972
-79.085
-78.993
-79.063
-79.316
-79.381
-79.148
-79.13
-79.238
-79.303
-79.385
-79.25
-79.549
-79.613
-79.383
-79.466
-79.559
-79.561
-79.789
-79.702
-79.752
-79.846
-79.834
-80.146
-79.774
-79.645
-79.625
-79.494
-79.266
-79.06
-78.889
-78.86
-78.902
-78.664
-78.65
-78.744
-78.954
-79.163
-79.168
-78.851
-79.174
-79.166
-79.246
-79.055
-78.958
-79.102
-79.051
-79.157
-79.128
-79.346
-79.628
-79.925
-79.808
-79.978
-79.91
-79.963
-79.794
-79.858
-79.708
-79.742
-79.961
-80.067
-80.044
-79.974
-80.14
-80.293
-80.075
-80.316
-80.342
-80.05
-80.287
-80.417
-80.216
-80.353
-80.444
-80.582
-80.429
-80.298
-80.5
-80.461
-80.25
-80.123
-80.02
-80.044
-80.095
-80.07
-80.106
-80.032
-80.05
-79.816
-79.835
-79.872
-79.89
-80.119
-80.023
-80.399
-80.468
-80.435
-79.991
-80.333
-80.242
-80.191
-80.21
-80.106
-80.049
-79.894
-79.93
-79.835
-79.814
-79.73
-79.738
-79.944
-79.77
-80.114
-80.213
-80.23
-80.129
-79.895
-79.796
-79.908
-80.047
-80.263
-80.192
-80.304
-80.243
-80.413
-80.326
-80.409
-80.439
-80.065
-80.076
-80.316
-80.411
-80.445
-80.476
-80.444
-80.289
-80.253
-80.249
-79.833
-80.239
-80.332
-80.584
-80.626
-80.675
-80.592
-80.553
-80.056
-79.818
-79.581
-79.323
-78.757
-78.446
-78.43
-78.238
-77.83
-77.853
-77.768
-77.911
-77.991
-78.237
-78.165
-78.026
-78.164
-78.136
-77.92
-78.029
-78.065
-78.114
-77.797
-77.803
-77.987
-78.231
-78.441
-78.417
-78.198
-78.449
-78.443
-78.542
-78.651
-78.563
-78.57
-78.675
-78.582
-78.573
-78.734
-78.848
-78.568
-78.518
-78.461
-78.49
-78.677
-78.955
-78.94
-79.134
-78.972
-79.23
-79.219
-79.099
-79.338
-79.363
-79.428
-79.352
-79.436
-79.451
-79.615
-79.592
-79.835
-79.973
-79.946
-79.623
-79.921
-79.941
-79.89
-79.858
-79.858
-79.844
-79.744
-79.68
-79.653
-79.799
-79.816
-79.868
-80.209
-80.394
-80.432
-80.528
-80.727
-80.814
-81.005
-80.831
-80.533
-80.469
-80.553
-80.464
-80.312
-80.376
-80.483
-80.499
-80.689
-80.887
-80.729
-80.854
-81.108
-81.008
-80.923
-80.892
-80.733
-80.396
-79.659
-78.764
-77.278
-75.844
-74.372
-72.735
-71.666
-70.557
-69.24
-68.415
-67.468
-66.578
-65.832
-65.143
-66.04
-68.263
-70.82
-72.998
-74.897
-76.622
-77.761
-78.284
-78.763
-78.979
-78.897
-79.071
-79.255
-79.153
-79.054
-78.829
-78.683
-78.67
-78.504
-78.343
-78.201
-78.322
-78.276
-78.245
-78.558
-78.805
-78.513
-78.539
-78.506
-78.765
-78.782
-79.026
-79.038
-79.306
-79.417
-79.491
-79.126
-79.263
-79.1
-79.164
-79.084
-79.226
-79.335
-79.298
-79.035
-79.064
-79.295
-79.193
-78.698
-78.124
-77.619
-77.51
-77.181
-76.942
-76.667
-76.645
-76.589
-76.192
-75.852
-75.833
-75.868
-76.063
-76.282
-76.499
-77.127
-77.212
-77.244
-77.22
-77.374
-77.478
-77.514
-77.76
-77.811
-78.072
-78.014
-78.237
-78.176
-78.19
-78.392
-78.643
-78.552
-78.985
-78.838
-78.69
-78.499
-78.756
-78.735
-78.617
-78.72
-78.58
-78.618
-78.912
-78.905
-79.043
-79.201
-79.102
-79.275
-79.298
-79.25
-79.297
-79.39
-79.504
-79.531
-79.556
-79.406
-79.565
-79.692
-79.681
-79.581
-79.677
-79.633
-79.493
-79.605
-79.804
-79.701
-80.095
-79.955
-79.834
-79.504
-79.458
-79.63
-79.576
-79.65
-79.697
-79.754
-79.952
-80.154
-80.104
-79.963
-79.833
-79.612
-79.751
-79.797
-79.963
-79.87
-80.137
-79.981
-79.767
-79.662
-79.67
-79.892
-79.895
-79.979
-80.103
-80.443
-80.149
-80.114
-80.494
-80.513
-80.279
-80.297
-80.231
-80.164
-80.348
-80.1
-80.241
-80.023
-80.009
-80.094
-79.977
-79.987
-79.748
-79.526
-79.677
-79.745
-79.884
-80.157
-80.128
-80.092
-79.95
-79.865
-79.938
-79.759
-79.855
-80.061
-80.327
-80.228
-80.244
-80.139
-79.949
-79.991
-79.722
-79.779
-79.741
-80.169
-80.223
-80.298
-80.192
-80.256
-80.144
-80.255
-80.116
-80.21
-80.456
-80.293
-80.264
-80.134
-80.277
-80.562
-80.523
-80.611
-80.68
-80.464
-80.39
-80.425
-80.676
-80.47
-80.37
-79.946
-80.171
-80.109
-80.006
-79.977
-80.074
-80.283
-80.293
-80.236
-80.194
-80.011
-80.079
-79.746
-79.752
-79.901
-79.832
-79.61
-79.768
-79.611
-79.613
-80.022
-79.745
-79.738
-79.843
-79.817
-79.971
-80.353
-80.286
-80.099
-80.284
-80.466
-80.191
-79.97
-79.986
-79.788
-79.687
-79.684
-79.677
-79.454
-79.432
-79.497
-79.526
-79.577
-79.406
-79.365
-79.559
-79.641
-79.945
-79.815
-80.055
-80.146
-79.961
-79.942
-80.016
-80.125
-80.415
-80.495
-80.058
-80.232
-80.47
-80.463
-80.706
-80.615
-80.717
-80.553
-80.495
-80.348
-80.302
-80.323
-80.297
-80.413
-80.722
-80.633
-80.536
-80.372
-80.402
-80.545
-80.389
-80.096
-80.045
-80.008
-80.154
-79.946
-80.205
-80.458
-80.487
-80.485
-80.536
-80.607
-80.438
-80.405
-80.331
-80.231
-80.449
-80.15
-79.961
-79.985
-80.153
-80.221
-80.163
-80.126
-79.988
-80.069
-80.047
-79.992
-80.021
-80.103
-80.309
-80.358
-80.318
-80.275
-80.228
-80.208
-80.451
-80.364
-80.496
-80.183
-80.417
-80.367
-80.495
-80.696
-80.635
-81.076
-80.869
-81.213
-81.187
-81.082
-81.056
-80.959
-80.924
-80.907
-80.917
-80.91
-80.859
-80.775
-80.933
-81.058
-80.644
-80.548
-80.712
-80.993
-81.445
-81.163
-81.238
-81.209
-81.098
-80.852
-80.84
-81.149
-81.32
-81.414
-81.435
-81.409
-81.627
-81.692
-81.725
-81.582
-81.702
-81.677
-81.604
-81.888
-81.797
-81.807
-81.64
-81.753
-81.677
-81.716
-81.347
-81.074
-81.024
-80.987
-80.797
-80.628
-80.603
-80.648
-80.558
-80.66
-80.575
-80.516
-80.657
-80.526
-80.443
-80.547
-80.518
-80.495
-80.618
-80.804
-80.933
-81.263
-81.371
-81.319
-81.177
-81.247
-81.119
-81.099
-80.889
-80.868
-80.785
-80.568
-80.587
-80.615
-80.546
-80.477
-80.69
-80.791
-80.861
-80.867
-80.829
-81.149
-81.284
-81.318
-81.042
-80.872
-81.111
-81.088
-81.046
-81.006
-80.877
-80.663
-80.88
-80.916
-80.976
-81.198
-81.239
-81.35
-81.578
-81.52
-81.907
-82.033
-82.158
-82.14
-82.29
-82.318
-82.363
-82.232
-81.965
-81.896
-81.764
-81.619
-81.67
-81.436
-81.291
-81.375
-81.434
-81.598
-81.759
-81.605
-81.716
-81.752
-82.021
-81.89
-81.863
-81.758
-81.714
-81.859
-81.867
-81.99
-82.017
-81.945
-82.1
-81.92
-81.905
-81.76
-82.095
-82.136
-82.291
-82.279
-82.212
-82.49
-82.304
-82.099
-82.434
-82.431
-82.75
-82.808
-82.825
-82.951
-82.61
-82.637
-82.653
-82.763
-82.799
-82.715
-82.358
-82.382
-82.275
-82.56
-82.638
-82.6
-82.503
-82.921
-83.041
-82.97
-82.914
-82.7
-82.59
-82.254
-82.416
-82.531
-82.513
-82.357
-82.154
-82.17
-81.771
-81.521
-81.58
-81.578
-81.463
-81.339
-81.255
-81.177
-81.017
-81.053
-81.071
-81.119
-81.194
-81.235
-81.229
-81.279
-81.31
-81.195
-81.273
-81.605
-81.601
-81.787
-81.948
-82.166
-82.412
-82.406
-82.441
-82.573
-82.799
-83.025
-83.01
-83.184
-83.226
-83.36
-83.15
-83.135
-82.944
-83.008
-83.119
-83.115
-83.312
-83.387
-83.257
-83.127
-82.977
-82.713
-82.619
-82.61
-82.625
-82.399
-82.518
-82.687
-82.787
-82.898
-82.808
-82.809
-82.983
-82.956
-82.911
-82.912
-83.269
-83.302
-83.29
-83.408
-83.435
-83.366
-83.574
-83.445
-83.72
-83.506
-83.436
-83.419
-83.446
-83.149
