-79.686
-79.867
-79.963
-79.931
-79.856
-79.904
-79.982
-79.649
-79.742
-79.854
-79.903
-79.701
-79.839
-79.892
-79.914
-79.999
-79.794
-79.894
-79.927
-79.928
-79.961
-79.93
-80.201
-80.331
-80.471
-80.287
-80.088
-79.874
-80.188
-80.064
-79.877
-80.143
-80.17
-79.778
-79.628
-79.648
-79.427
-79.096
-78.656
-78.431
-78.119
-78.058
-77.872
-78.129
-78.14
-77.975
-77.984
-77.936
-78.242
-78.336
-78.451
-78.357
-78.771
-78.702
-78.804
-78.937
-78.784
-78.81
-78.908
-78.873
-78.923
-78.639
-78.64
-78.94
-79.103
-78.985
-78.888
-79.025
-79.084
-79.176
-79.214
-78.968
-79.076
-78.744
-78.684
-78.687
-78.58
-78.681
-78.679
-78.687
-78.422
-78.2
-78.128
-78.201
-78.271
-78.329
-77.979
-78.251
-78.298
-78.363
-77.929
-78.248
-78.376
-78.227
-78.138
-78.033
-77.841
-77.758
-77.616
-77.337
-77.053
-76.967
-76.715
-76.638
-76.996
-77.316
-77.769
-77.705
-78.085
-78.259
-78.381
-78.302
-78.284
-78.206
-78.367
-78.558
-78.585
-78.6
-78.691
-78.708
-78.592
-78.306
-78.199
-78.086
-77.973
-77.783
-77.882
-77.988
-78.184
-78.208
-78.625
-78.644
-78.602
-78.568
-78.624
-78.604
-78.707
-78.804
-78.961
-79.017
-78.865
-78.832
-78.938
-79.117
-79.369
-79.175
-79.374
-79.167
-79.254
-79.42
-79.484
-79.564
-79.365
-79.331
-79.373
-79.248
-79.164
-79.135
-79.159
-79.341
-79.642
-79.568
-79.528
-79.588
-79.401
-79.484
-79.8
-79.714
-79.502
-79.38
-79.497
-79.215
-79.232
-79.281
-79.139
-79.285
-79.357
-79.478
-79.459
-79.425
-79.223
-78.91
-79.044
-79.057
-78.723
-78.681
-78.95
-78.875
-79.017
-79.008
-79.097
-78.998
-78.719
-78.9
-78.965
-79.26
-79.287
-79.148
-79.159
-79.171
-79.08
-79.404
-79.157
-79.045
-79.172
-79.24
-78.967
-78.896
-78.962
-79.077
-79.122
-79.003
-79.125
-79.243
-79.213
-79.083
-79.381
-79.401
-79.58
-79.504
-79.758
-79.421
-79.231
-78.914
-78.886
-78.823
-78.856
-78.835
-78.753
-78.748
-78.786
-78.722
-78.937
-79.049
-79.037
-78.997
-79.137
-79.285
-79.366
-79.166
-79.479
-79.33
-79.23
-79.31
-79.47
-79.412
-79.29
-79.488
-79.572
-79.426
-79.622
-79.568
-79.348
-79.278
-79.322
-79.402
-79.176
-79.35
-79.529
-79.731
-79.707
-79.751
-79.713
-79.809
-79.951
-79.759
-79.77
-79.701
-79.833
-79.908
-79.673
-79.497
-79.549
-79.369
-79.28
-79.382
-79.501
-79.805
-79.815
-79.93
-79.831
-79.613
-79.681
-79.46
-79.497
-79.54
-79.454
-79.584
-79.589
-79.705
-79.826
-79.84
-79.971
-79.903
-79.971
-79.661
-79.716
-79.773
-79.879
-79.97
-79.895
-79.933
-79.677
-80.004
-79.751
-79.872
-79.894
-79.985
-79.519
-79.637
-79.92
-79.924
-79.813
-79.745
-79.714
-79.675
-79.511
-79.653
-79.601
-79.552
-79.621
-79.71
-79.739
-79.674
-79.777
-79.877
-79.719
-79.922
-79.951
-80.13
-79.878
-79.954
-79.846
-79.862
-79.926
-79.915
-79.785
-79.936
-79.952
-79.876
-79.867
-79.771
-79.999
-79.857
-80.051
-80.02
-79.927
-80.085
-80.142
-80.164
-80.26
-80.081
-80.076
-79.921
-80.105
-80.105
-79.936
-79.86
-79.77
-79.723
-79.894
-80.01
-79.967
-79.979
-79.902
-79.983
-79.933
-79.839
-79.846
-80.042
-80.135
-80.052
-79.763
-79.682
-79.864
-79.917
-80.095
-80.145
-79.999
-80.064
-80.177
-80.045
-79.91
-79.771
-79.673
-79.649
-79.432
-79.451
-79.343
-79.188
-79.482
-79.586
-79.692
-79.615
-79.727
-79.747
-79.771
-79.809
-80.089
-79.965
-80.172
-79.957
-79.774
-79.725
-79.826
-79.949
-79.608
-79.473
-79.6
-79.587
-79.533
-79.465
-79.321
-78.79
-78.425
-77.456
-76.393
-74.797
-73.682
-72.782
-71.378
-70.351
-69.611
-68.739
-67.719
-67.09
-67.33
-68.651
-70.541
-72.077
-73.623
-74.458
-75.335
-76.467
-77.402
-77.874
-78.246
-78.252
-78.281
-78.205
-78.223
-78.129
-78.472
-78.468
-78.571
-78.63
-78.565
-78.543
-78.673
-79.114
-79.197
-79.26
-78.96
-79.046
-78.791
-79.118
-78.98
-78.934
-79.015
-78.989
-78.609
-78.248
-78.116
-78.116
-77.935
-77.872
-77.844
-77.88
-77.571
-77.647
-77.558
-77.754
-77.712
-77.749
-77.881
-78.172
-78.085
-78.218
-78.357
-78.342
-78.225
-78.365
-78.469
-78.651
-78.583
-78.668
-78.799
-78.917
-78.798
-78.809
-78.928
-79.048
-78.813
-78.958
-78.834
-78.944
-78.86
-79.011
-79.158
-79.218
-79.043
-79.169
-79.464
-79.34
-79.384
-79.431
-79.166
-79.447
-79.499
-79.442
-79.59
-79.54
-79.372
-79.286
-79.144
-79.272
-79.317
-79.078
-79.242
-79.374
-79.443
-79.503
-79.511
-79.615
-79.733
-79.654
-79.618
-79.678
-79.679
-79.638
-79.712
-79.553
-79.625
-79.695
-79.589
-79.828
-79.762
-79.695
-79.816
-79.903
-79.902
-79.925
-79.803
-79.856
-79.746
-79.845
-79.863
-79.926
-79.836
-79.836
-79.894
-79.98
-80.005
-79.939
-79.648
-79.718
-79.574
-79.568
-79.497
-79.445
-79.44
-79.41
-79.336
-79.419
-79.632
-79.337
-79.292
-79.336
-79.56
-79.468
-79.457
-79.307
-79.471
-79.464
-79.499
-79.561
-79.787
-79.592
-79.692
-79.794
-79.625
-79.729
-79.555
-79.818
-79.742
-79.601
-79.837
-79.749
-79.715
-79.74
-79.487
-79.72
-79.699
-79.875
-79.912
-79.909
-79.885
-79.765
-79.793
-79.755
-79.8
-79.917
-79.937
-80.02
-79.713
-79.879
-79.93
-79.737
-79.634
-80.005
-80.188
-79.785
-80.018
-80.031
-79.874
-79.66
-80.001
-80.161
-79.947
-79.999
-79.888
-79.99
-80.046
-79.99
-79.861
-79.919
-79.902
-79.729
-79.911
-79.973
-79.824
-80.168
-80.077
-80.186
-80.251
-79.958
-79.984
-80.242
-80.063
-79.832
-80.007
-79.758
-79.762
-80.076
-80.271
-80.335
-80.136
-79.958
-80.147
-80.089
-79.945
-80.163
-79.947
-80.056
-80.019
-79.851
-79.652
-79.984
-79.987
-79.862
-79.574
-79.647
-79.682
-79.747
-79.845
-79.89
-79.9
-79.608
-79.549
-79.488
-79.463
-79.629
-79.865
-79.901
-79.67
-79.808
-80.023
-80.16
-80.292
-80.362
-80.317
-80.448
-80.406
-80.299
-80.099
-80.305
-80.077
-80.075
-79.956
-79.924
-79.794
-79.845
-80.005
-79.756
-79.922
-79.942
-79.704
-79.615
-79.85
-79.723
-79.792
-79.683
-79.738
-79.726
-79.64
-79.883
-79.877
-79.92
-79.975
-79.705
-79.792
-79.804
-79.778
-79.925
-79.723
-79.583
-79.676
-79.656
-79.789
-79.896
-80.053
-79.908
-79.935
-79.572
-79.549
-79.29
-79.588
-79.625
-79.636
-79.536
-79.569
-79.258
-79.16
-79.35
-79.541
-79.835
-80.101
-80.146
-80.205
-80.383
-80.552
-80.384
-80.237
-80.358
-80.37
-80.536
-80.331
-80.456
-80.262
-80.254
-80.23
-79.935
-79.609
-79.771
-79.763
-79.988
-79.886
-79.929
-80.015
-79.78
-80.006
-80.087
-79.984
-79.812
-79.854
-79.99
-79.953
-79.995
-80.044
-80.171
-80.261
-80.082
-80.282
-80.321
-80.232
-80.099
-80.16
-80.266
-80.279
-79.84
-80.01
-80.102
-79.945
-79.978
-80.149
-80.253
-80.135
-80.09
-80.108
-80.019
-79.784
-79.972
-80.125
-80.081
-80.11
-79.932
-79.711
-79.759
-79.713
-79.738
-79.464
-79.453
-79.322
-79.521
-79.625
-79.865
-79.772
-79.887
-80.08
-80.03
-80.175
-80.132
-80.468
-80.608
-80.608
-80.417
-80.16
-80.288
-80.504
-80.303
-80.397
-80.549
-80.741
-80.531
-80.408
-80.663
-80.857
-80.843
-80.98
-80.89
-80.8
-80.862
-80.747
-80.721
-80.589
-80.661
-80.818
-80.827
-81.02
-81.052
-80.811
-80.762
-80.554
-80.396
-80.418
-80.153
-80.07
-80.202
-79.987
-79.958
-79.918
-79.687
-79.806
-79.885
-79.723
-79.949
-79.849
-79.966
-79.89
-79.922
-79.59
-79.788
-79.726
-79.66
-79.694
-79.713
-79.47
-79.633
-79.729
-79.968
-79.799
-80.1
-80.094
-80.14
-80.071
-80.162
-80.217
-80.473
-80.493
-80.588
-80.688
-80.791
-80.977
-80.971
-80.84
-81.025
-80.954
-80.793
-80.649
-80.563
-80.714
-80.546
-80.551
-80.571
-80.994
-80.758
-80.757
-80.871
-80.753
-80.568
-80.41
-80.636
-80.424
-80.433
-80.616
-80.746
-80.806
-80.662
-80.636
-80.47
-80.423
-80.382
-80.24
-80.77
-80.832
-80.84
-80.625
-80.522
-80.445
-80.497
-80.524
-80.548
-80.574
-80.651
-80.613
-80.506
-80.564
-80.767
-80.802
-80.651
-80.955
-80.783
-80.515
-80.53
-80.303
-80.169
-80.13
-80.004
-80.237
-80.45
-80.703
-80.488
-80.411
-80.64
-80.228
-80.118
-80.051
-80.141
-80.189
-80.175
-80.288
-80.374
-80.58
-80.493
-80.577
-80.212
-80.145
-80.434
-80.536
-80.373
-80.124
-80.369
-80.478
-80.405
-80.356
-80.494
-80.355
-80.38
-80.396
-80.41
-80.378
-80.237
-79.992
-79.808
-79.51
-79.507
-79.626
-79.452
-79.443
-79.166
-78.864
-79.038
-79.246
-79.455
-79.573
-79.533
-79.439
-79.418
-79.328
-79.593
-79.496
-79.631
-79.614
-79.595
-79.754
-79.889
-79.787
-79.893
-79.851
-79.938
-80.126
