-61.908
-61.59
-61.374
-61.3
-61.351
-61.394
-61.514
-61.506
-61.304
-61.472
-61.092
-61.26
-61.229
-61.482
-61.523
-61.254
-61.374
-61.396
-61.504
-61.383
-61.384
-61.287
-60.851
-60.968
-60.789
-61.033
-61.158
-60.998
-60.991
-61.231
-61.291
-61.284
-61.348
-61.325
-61.063
-61.24
-61.272
-61.118
-61.179
-61.261
-61.539
-61.198
-61.558
-61.325
-61.357
-61.362
-61.319
-61.491
-61.581
-61.704
-61.926
-61.881
-62.105
-62.184
-62.187
-62.483
-62.677
-62.876
-62.691
-62.648
-62.842
-62.82
-63.029
-63.102
-62.949
-63.039
-62.61
-62.303
-62.045
-61.329
-60.896
-60.226
-59.814
-59.092
-58.316
-57.561
-56.693
-55.757
-54.958
-53.814
-52.858
-51.54
-49.861
-46.286
-45
-45
-45
-45
-45
-45
-45
-45
-45
-45
-45
-45
-45
-45
-51.163
-57.259
-62.094
-65.739
-67.795
-69.156
-70.2
-71.047
-71.381
-71.835
-71.924
-72.137
-71.972
-72.056
-72.485
-72.468
-72.596
-72.678
-72.348
-72.5
-72.398
-72.349
-71.73
-71.809
-71.384
-71.157
-70.783
-70.442
-69.92
-69.969
-69.739
-69.726
-69.574
-69.43
-69.418
-69.348
-69.091
-69.076
-69.041
-68.655
-68.394
-67.874
-67.745
-67.73
-68.004
-67.924
-67.688
-67.783
-67.626
-67.577
-67.557
-67.705
-67.29
-67.397
-67.345
-67.401
-67.507
-67.592
-67.625
-67.591
-67.964
-67.919
-67.736
-67.22
-67.53
-67.551
-67.534
-67.536
-67.499
-67.7
-67.663
-67.8
-67.816
-68.167
-68.182
-68.314
-68.453
-68.471
-68.818
-68.844
-68.919
-69.066
-69.175
-69.045
-69.048
-69.51
-69.497
-69.493
-69.429
-69.581
-69.383
-69.474
-69.261
-69.018
-68.887
-68.543
-68.363
-68.127
-67.698
-67.569
-67.355
-67.816
-67.707
-67.429
-67.118
-67.009
-66.896
-66.693
-66.912
-66.548
-66.753
-66.501
-66.573
-66.294
-66.156
-65.985
-65.953
-65.908
-65.821
-65.911
-65.976
-65.945
-65.821
-65.601
-65.905
-66.183
-66.109
-66.072
-66.263
-66.61
-66.654
-66.745
-66.575
-66.718
-66.826
-66.928
-67.015
-66.8
-67.027
-67.419
-67.495
-67.541
-67.46
-67.748
-67.727
-67.675
-67.672
-67.761
-67.799
-68.42
-68.335
-68.523
-68.672
-68.635
-68.563
-68.869
-68.857
-68.682
-68.824
-69.07
-69.266
-68.897
-69.207
-69.353
-69.702
-69.872
-69.886
-69.882
-69.915
-70.037
-70.254
-70.162
-70.126
-70.089
-70.033
-70.109
-69.964
-70.052
-69.952
-70.12
-70.105
-70.219
-70.04
-70.343
-70.618
-70.62
-70.849
-70.978
-71.152
-71.264
-71.279
-71.563
-71.985
-71.948
-71.917
-72.017
-71.975
-72.3
-72.257
-72.3
-72.302
-72.284
-72.496
-72.307
-72.32
-72.313
-72.427
-72.35
-72.384
-72.484
-72.612
-72.819
-72.821
-72.977
-72.981
-72.928
-73.141
-73.142
-73.536
-73.632
-73.536
-73.446
-73.435
-73.44
-74.017
-74.003
-73.986
-74.238
-74.441
-74.823
-74.624
-74.863
-74.933
-75.254
-75.205
-75.272
-75.223
-75.09
-75.243
-75.142
-75.324
-75.077
-75.104
-74.734
-74.479
-74.604
-74.663
-74.837
-75.196
-75.417
-75.519
-75.501
-75.57
-75.95
-76.013
-76.238
-76.484
-76.608
-76.648
-76.863
-77.084
-77.204
-76.999
-76.849
-77.092
-77.288
-77.201
-77.302
-77.025
-76.843
-76.842
-77.043
-77.36
-77.379
-77.214
-77.391
-77.375
-77.34
-77.366
-77.329
-77.454
-77.566
-77.304
-77.251
-77.423
-77.185
-77.073
-77.149
-77.109
-77.406
-77.637
-77.849
-78.133
-78.123
-78.217
-78.251
-78.282
-78.258
-78.114
-78.224
-78.155
-77.989
-78.043
-77.877
-77.614
-77.949
-77.793
-77.114
-76.029
-74.685
-73.316
-71.895
-70.171
-68.5
-67.059
-65.904
-64.602
-63.317
-62.302
-61.139
-60.432
-59.554
-58.905
-57.864
-57.132
-56.255
-55.148
-54.124
-52.793
-51.002
-48.591
-45
-45
-45
-45
-45
-45
-45
-45
-45
-45
-45
-45
-45
-45
-46.974
-53.937
-59.69
-63.812
-66.641
-68.076
-69.083
-70.054
-70.484
-70.74
-71.243
-71.385
-71.693
-71.576
-71.619
-71.537
-71.27
-70.979
-71.226
-70.958
-71.068
-70.914
-70.72
-70.606
-70.25
-69.551
-68.255
-66.589
-65.17
-63.665
-62.504
-61.131
-59.616
-58.343
-56.915
-55.73
-54.568
-53.129
-51.478
-49.328
-46.232
-45
-45
-45
-45
-45
-45
-45
-45
-45
-45
-45
-45
-45
-46.012
-52.463
-58.165
-62.267
-65.206
-67.567
-68.923
-69.811
-70.351
-70.648
-70.799
-70.982
-70.98
-71.002
-70.856
-70.721
-70.501
-70.29
-70.13
-69.959
-69.884
-69.903
-69.993
-69.898
-69.634
-69.588
-69.181
-68.881
-68.231
-67.798
-67.525
-67.237
-66.896
-66.766
-66.856
-66.84
-66.643
-66.555
-66.481
-66.276
-66.185
-66.059
-65.95
-65.74
-65.58
-65.364
-65.491
-65.674
-65.913
-65.989
-66.377
-66.528
-66.428
-66.681
-66.823
-66.858
-66.888
-66.665
-66.758
-66.717
-66.732
-66.623
-66.421
-66.472
-66.729
-66.982
-67.078
-67.164
-67.029
-67.041
-67.272
-67.217
-67.298
-67.35
-67.479
-67.851
-68.313
-68.829
-68.755
-69.003
-69.404
-69.336
-69.28
-69.072
-68.909
-68.573
-68.34
-68.295
-68.163
-68.017
-67.912
-67.772
-67.761
-67.877
-67.689
-67.669
-67.667
-67.708
-67.616
-67.779
-67.682
-67.628
-67.552
-67.178
-67.421
-67.352
-67.533
-67.432
-67.822
-67.831
-67.828
-67.631
-67.697
-67.686
-67.692
-67.518
-67.231
-67.335
-67.643
-67.534
-67.63
-67.817
-67.981
-67.952
-68.188
-68.081
-68.16
-68.05
-68.403
-68.455
-68.599
-69.103
-69.397
-69.218
-69.147
-69.432
-69.684
-69.627
-70.036
-70.279
-70.565
-70.716
-70.878
-70.98
-71.127
-71.158
-71.09
-71.375
-71.464
-71.981
-71.917
-71.846
-71.896
-71.947
-72.179
-72.274
-72.558
-72.721
-73.029
-73.288
-73.725
-73.923
-74.268
-74.405
-74.453
-74.606
-74.719
-74.831
-74.996
-75.314
-75.482
-75.735
-75.726
-75.915
-75.646
-75.8
-76.08
-76.045
-76.1
-76.345
-76.574
-76.676
-76.743
-76.895
-77.079
-77.144
-77.187
-77.19
-77.171
-77.283
-77.211
-77.492
-77.518
-77.705
-77.837
-78.007
-77.901
-77.871
-77.855
-78.09
-78.631
-79.04
-79.203
-79.006
-78.908
-78.792
-78.517
-78.537
-78.422
-78.314
-78.614
-78.72
-78.899
-79.1
-78.865
-79.216
-79.123
-79.272
-79.447
-79.723
-79.787
-80.285
-80.142
-80.423
-80.283
-80.224
-80.183
-80.286
-80.243
-80.606
-80.515
-80.306
-80.493
-80.539
-80.867
-80.68
-80.895
-80.733
-80.863
-80.689
-80.806
-80.839
-81.144
-81.054
-80.874
-80.837
-80.746
-80.746
-80.668
-80.672
-80.709
-80.805
-81.091
-81.524
-81.474
-81.596
-81.469
-81.562
-81.838
-81.744
-82.028
-81.943
-81.962
-82.176
-82.51
-82.516
-82.802
-82.971
-83.052
-83.087
-83.451
-83.606
-83.842
-83.983
-84.349
-84.677
-84.844
-84.843
-84.716
-84.837
-84.929
-84.915
-84.867
-85.176
-85.329
-85.717
-85.812
-86.16
-85.919
-85.93
-86.152
-86.365
-86.437
-86.255
-86.177
-86.458
-86.261
-86.294
-85.882
-85.839
-85.966
-86.208
-86.42
-86.639
-86.713
-86.613
-86.708
-86.747
-86.663
-86.754
-86.843
-86.975
-87.002
-87.101
-87.19
-86.934
-86.878
-86.791
-86.728
-86.722
-86.419
-86.393
-86.347
-86.119
-86.119
-85.973
-85.94
-86.003
-85.993
-86.064
-85.908
-85.895
-85.738
-86.2
-86.103
-86.095
-85.817
-85.751
-85.635
-85.858
-85.895
-85.75
-86.181
-86.247
-86.262
-86.423
-86.512
-86.303
-86.405
-86.087
-86.123
-86.427
-86.385
-86.31
-86.449
-86.593
-86.721
-86.821
-87.162
-87.474
-87.207
-87.531
-87.469
-87.665
-87.772
-88.033
-88.111
-88.172
-88.53
-88.456
-88.893
-89.052
-89.099
-89.118
-89.146
-89.238
-89.161
-89.317
-89.315
-89.275
-89.4
-89.291
-89.667
-89.631
-89.538
-89.498
-89.095
-88.926
-88.565
-88.597
-88.347
-88.565
-88.711
-88.702
-88.867
-88.895
-89.099
-89.088
-89.151
-89.331
-89.298
-89.175
-89.132
-88.99
-89.225
-89.275
-88.986
-88.736
-88.584
-88.716
-88.926
-88.974
-88.677
-88.689
-88.493
-88.634
-88.654
-88.878
-88.882
-88.742
-88.306
-88.596
-88.851
-88.988
-88.836
-89.042
-88.736
-88.669
-88.875
-88.976
-88.872
-88.929
-88.944
-88.602
-88.62
-88.766
-88.804
-88.788
-88.725
-89.298
-89.655
-89.649
-89.623
-89.66
-89.656
-89.409
-89.904
-89.893
-89.864
-89.785
-90.013
-90.093
-90.21
-89.954
-90.059
-90.454
-90.374
-90.482
-90.482
-90.29
-90.44
-90.583
-90.806
-90.669
-90.505
-90.348
-90.013
-89.802
-90.053
-90.035
-90.144
-90.015
-90.152
-89.939
-89.82
-89.762
-89.719
-89.643
-89.784
-89.911
-89.757
-89.847
-90.171
-90.269
-90.441
-90.49
-90.28
-90.165
-90.246
-90.229
-90.358
-90.289
-90.347
-90.436
-90.597
-90.533
-90.516
-90.788
-90.779
-90.768
-90.467
-90.601
-90.555
-90.622
