-85.76
-85.497
-85.88
-85.775
-85.724
-85.976
-86.019
-85.92
-85.872
-86.058
-85.984
-86.161
-86.006
-85.771
-85.703
-85.391
-85.147
-84.516
-84.099
-83.556
-83.021
-82.677
-82.34
-82.186
-81.54
-81.391
-81.08
-80.678
-80.471
-80.464
-80.31
-80.072
-79.66
-79.644
-79.332
-79.135
-78.892
-78.506
-78.371
-78.342
-78.288
-78.104
-77.908
-77.553
-77.571
-77.342
-77.321
-77.358
-77.598
-77.758
-77.561
-77.412
-77.337
-77.289
-77.174
-76.972
-76.918
-76.581
-76.161
-75.919
-75.568
-75.057
-74.617
-74.328
-74.28
-73.985
-73.702
-72.909
-72.261
-71.635
-71.095
-70.597
-69.978
-69.217
-68.363
-67.336
-66.388
-65.633
-64.874
-63.856
-62.983
-62.129
-61.331
-60.602
-59.902
-59.058
-58.34
-57.754
-57.234
-56.755
-56.417
-55.981
-55.412
-54.567
-53.794
-52.791
-51.545
-49.901
-46.706
-45
-45
-45
-45
-45
-45
-45
-45
-45
-45
-45
-45
-45
-45
-50.143
-56.28
-60.875
-64.15
-66.227
-67.25
-68.162
-68.165
-68.144
-67.923
-67.808
-67.329
-66.876
-66.215
-65.533
-64.751
-63.892
-63.175
-62.543
-61.713
-60.952
-60.112
-59.859
-59.445
-58.983
-58.624
-57.894
-57.346
-57.013
-56.781
-56.215
-55.85
-55.341
-54.838
-54.729
-54.695
-54.032
-53.229
-52.676
-51.858
-50.788
-48.886
-46.014
-45
-45
-45
-45
-45
-45
-45
-45
-45
-45
-45
-45
-45
-47.322
-53.852
-59.479
-63.243
-66.32
-67.895
-69.274
-69.955
-70.529
-70.854
-71.371
-71.412
-71.53
-71.229
-71.273
-70.942
-70.981
-70.83
-70.799
-70.489
-70.246
-69.856
-69.219
-69.045
-68.862
-68.433
-68.13
-67.979
-67.695
-67.692
-67.517
-67.659
-67.461
-67.248
-66.68
-66.327
-66.294
-66.04
-65.643
-65.575
-65.53
-65.408
-65.251
-65.124
-64.969
-64.599
-64.247
-63.749
-63.197
-63.163
-62.895
-62.52
-62.064
-61.949
-61.602
-61.554
-61.223
-60.652
-60.403
-60.475
-60.404
-60.279
-60.312
-60.254
-59.909
-59.833
-59.529
-59.312
-59.108
-59.235
-58.885
-58.661
-58.655
-58.558
-58.346
-58.528
-58.35
-58.226
-58.19
-58.179
-58.225
-58.403
-58.562
-58.409
-58.52
-58.702
-58.551
-58.775
-59.043
-58.941
-59.165
-59.39
-59.534
-59.765
-59.869
-59.932
-59.84
-59.865
-59.722
-59.718
-59.682
-59.278
-59.088
-58.939
-59.25
-59.231
-59.24
-58.822
-58.907
-58.893
-58.63
-58.563
-58.275
-58.003
-57.805
-57.551
-57.59
-57.326
-57.227
-57.196
-56.686
-56.728
-57.05
-56.884
-56.521
-56.491
-56.436
-56.65
-56.383
-56.144
-56.183
-55.932
-55.988
-55.949
-55.826
-55.693
-55.664
-55.509
-55.283
-54.981
-54.7
-54.369
-53.828
-53.155
-52.671
-52.008
-50.651
-48.215
-45
-45
-45
-45
-45
-45
-45
-45
-45
-45
-45
-45
-45
-45
-48.926
-55.943
-61.483
-65.441
-68.353
-70.479
-72.045
-72.937
-73.44
-74.011
-74.339
-74.716
-75.07
-74.788
-75.027
-75.266
-75.53
-75.646
-76.014
-76.269
-76.044
-75.956
-76.443
-76.424
-76.574
-76.619
-76.765
-76.943
-77.09
-77.114
-77.149
-77.536
-77.808
-77.793
-77.753
-77.732
-77.895
-77.986
-78.098
-78.267
-78.324
-78.646
-78.801
-78.785
-78.812
-78.91
-78.678
-78.929
-79.052
-79.124
-79.231
-79.294
-79.203
-79.362
-79.435
-79.887
-79.767
-79.89
-79.925
-80.264
-80.712
-81.011
-81.214
-81.33
-81.106
-81.312
-81.76
-81.562
-81.827
-81.928
-81.821
-81.766
-81.983
-81.846
-81.903
-82.045
-82.113
-82.11
-81.968
-82.187
-81.957
-81.702
-81.832
-81.88
-82.291
-82.387
-82.352
-82.627
-82.613
-82.699
-82.905
-82.928
-82.896
-82.841
-82.88
-83.187
-82.821
-82.813
-82.625
-82.366
-81.728
-81.483
-81.102
-80.805
-80.478
-80.335
-80.095
-80.119
-79.914
-79.83
-79.74
-79.519
-79.632
-79.46
-79.109
-78.905
-78.873
-78.703
-78.853
-78.698
-78.737
-78.689
-78.615
-78.674
-78.632
-78.726
-78.8
-78.671
-78.404
-78.672
-78.322
-77.966
-77.687
-77.781
-77.681
-77.763
-77.744
-77.623
-77.575
-77.759
-77.79
-78.191
-78.315
-78.075
-78.164
-77.827
-77.896
-78.171
-78.107
-77.869
-77.608
-77.267
-76.693
-76.111
-75.697
-75.156
-74.673
-74.222
-73.898
-73.248
-72.919
-72.369
-71.885
-71.616
-71.421
-71.073
-70.861
-70.323
-70.237
-69.939
-69.793
-69.809
-69.741
-69.652
-69.645
-69.588
-69.414
-69.214
-68.924
-69.174
-69.319
-69.297
-69.483
-69.696
-69.898
-69.827
-69.707
-69.873
-69.713
-69.371
-69.077
-68.983
-68.218
-67.99
-67.937
-67.476
-67.11
-66.517
-66.153
-65.801
-65.347
-65.174
-64.699
-64.377
-64.188
-63.823
-63.557
-63.4
-63.02
-62.973
-62.829
-62.521
-62.168
-61.957
-61.457
-61.095
-60.913
-60.293
-59.781
-59.184
-58.559
-57.961
-57.249
-56.69
-56.469
-55.745
-55.324
-54.411
-53.859
-52.768
-51.513
-49.754
-46.849
-45
-45
-45
-45
-45
-45
-45
-45
-45
-45
-45
-45
-45
-45
-51.174
-57.62
-62.39
-65.626
-67.553
-68.811
-69.626
-70.275
-70.631
-70.771
-70.554
-70.593
-70.341
-70.483
-70.912
-70.488
-70.47
-70.183
-69.988
-69.591
-69.595
-69.515
-69.434
-69.363
-69.148
-69.179
-69.422
-69.445
-69.388
-69.072
-69.346
-69.408
-69.364
-69.526
-69.481
-69.562
-69.551
-69.692
-70.107
-69.868
-70.123
-70.355
-70.41
-70.191
-70.521
-70.636
-70.787
-70.709
-70.617
-70.495
-70.89
-70.905
-70.858
-71.092
-71.202
-71.433
-71.646
-71.555
-71.68
-71.816
-71.787
-72.016
-72.248
-72.204
-72.654
-73.064
-73.422
-73.374
-73.297
-73.38
-73.298
-73.264
-73.46
-73.711
-74.156
-74.484
-74.309
-74.497
-74.555
-74.658
-75.097
-75.076
-75.148
-75.286
-75.541
-75.756
-75.778
-76.006
-76.28
-76.232
-76.382
-76.772
-76.888
-76.901
-77.317
-77.567
-77.685
-78.201
-78.56
-78.707
-78.967
-79.041
-79.432
-79.339
-79.364
-79.557
-79.419
-79.677
-79.751
-79.912
-80.138
-80.288
-80.323
-80.638
-80.979
-81.038
-81.133
-81.022
-81.342
-81.694
-81.617
-81.809
-81.702
-81.955
-82.006
-82.056
-82.357
-82.397
-82.508
-82.884
-82.808
-82.762
-82.977
-83.037
-83.227
-83.558
-84
-84.192
-84.275
-84.41
-84.582
-84.513
-84.746
-84.734
-84.599
-85.032
-84.562
-84.45
-84.559
-84.49
-84.694
-84.924
-84.638
-84.355
-83.982
-84.221
-84.177
-84.266
-84.541
-84.656
-85.008
-84.894
-84.709
-84.824
-85.174
-85.248
-85.226
-85.379
-85.387
-85.33
-85.374
-85.272
-85.637
-85.973
-85.997
-85.916
-85.999
-86.029
-86.008
-86.02
-86.066
-85.926
-85.793
-85.758
-86.057
-86.04
-86.143
-86.265
-86.506
-86.576
-86.673
-86.819
-87.036
-86.967
-86.758
-87.105
-87.462
-87.493
-87.743
-87.89
-87.873
-87.835
-87.913
-87.94
-88.206
-88.118
-88.093
-88.542
-88.369
-88.74
-88.543
-88.549
-88.512
-88.672
-88.707
-88.739
-88.909
-88.994
-89.15
-89
-88.784
-88.892
-88.918
-88.89
-88.852
-89.239
-89.296
-89.587
-89.332
-89.379
-89.533
-89.386
-89.299
-89.257
-89.411
-89.664
-89.629
-89.555
-89.943
-89.794
-89.96
-89.902
-90.005
-90.284
-90.219
-90.219
-90.035
-89.994
-90.012
-89.922
-90.009
-90.022
-90.265
-90.425
-90.435
-90.548
-90.594
-90.291
-90.359
-90.409
-90.695
-90.754
-90.684
-90.79
-90.803
-91.007
-90.862
-90.945
-91.229
-90.892
-90.643
-90.505
-90.568
-90.642
-90.208
-90.075
-89.871
-90.062
-90.177
-90.408
-90.408
-90.404
-90.324
-90.331
-90.228
-90.071
-89.934
-89.956
-89.789
-89.825
-89.702
-89.909
-89.833
-89.826
-89.962
-89.975
-90.086
-90.133
-90.082
-90.292
-90.155
-90.171
-90.138
-90.502
-90.777
-90.667
-90.655
-90.854
-91.108
-91.241
-91.27
-91.319
-91.185
-91.293
-91.34
-91.544
-91.307
-91.332
-91.484
-91.617
-91.689
-91.802
-91.866
-91.839
-91.476
-91.376
-91.43
-91.366
-91.341
-91.452
-91.622
-91.686
-91.849
-91.842
-91.67
-91.622
-91.488
-91.503
-91.629
-91.634
-91.499
-91.454
-91.216
-91.261
-91.619
-91.69
-91.413
-91.097
-91.161
-91.289
-91.179
-91.287
-91.156
-90.951
-90.929
-91.145
-90.819
-90.859
-90.927
-90.931
-91.163
-91.305
-91.309
-91.307
-91.282
-91.082
-91.1
-91.455
-91.582
-91.678
-91.593
-92.144
-92.179
-92.366
-92.067
-92.001
-92.064
-91.968
-91.762
-91.879
-91.879
-92.055
-92.109
-91.937
-91.669
-91.99
-92.064
-92.166
-92.184
-91.954
-91.926
-91.943
-91.738
-91.723
-91.842
-91.957
-92.177
-92.344
-92.681
-92.608
-92.584
-92.39
-92.246
-91.96
-91.866
-91.92
-92.095
-92.108
-92.192
-92.15
-92.132
-92.229
-92.045
-91.914
-91.872
-92.142
-91.844
-91.778
-91.517
-91.423
-91.38
-91.239
-91.297
