-76.046
-76.193
-76.166
-76.425
-76.608
-76.926
-76.726
-76.758
-77.011
-77.407
-77.437
-77.61
-77.494
-77.567
-77.612
-77.903
-78.203
-78.333
-78.724
-78.988
-78.926
-79.017
-78.635
-78.488
-78.458
-78.539
-78.599
-78.673
-78.404
-78.131
-77.536
-77.179
-77.079
-76.981
-76.566
-76.144
-75.919
-75.958
-75.495
-75.273
-74.689
-74.371
-74.067
-73.509
-72.807
-72.036
-71.307
-70.674
-69.973
-69.444
-68.762
-68.508
-68.075
-67.626
-67.3
-67.122
-66.604
-66.303
-65.944
-65.637
-65.225
-64.735
-64.575
-64.147
-64.046
-63.882
-63.888
-64.058
-64.134
-64.202
-64.249
-64.272
-64.443
-64.343
-64.365
-64.526
-64.405
-64.784
-64.997
-65.417
-65.463
-65.716
-65.678
-65.723
-65.805
-65.786
-65.613
-65.144
-64.713
-64.477
-64.224
-63.823
-63.563
-63.181
-63.017
-62.44
-61.851
-61.519
-61.26
-61.308
-61.166
-60.894
-60.79
-60.377
-60.252
-60.103
-60.138
-59.907
-59.943
-59.667
-59.303
-59.06
-58.561
-58.276
-57.687
-57.131
-56.36
-55.666
-55.192
-54.557
-54.38
-53.67
-52.523
-51.389
-49.698
-46.62
-45
-45
-45
-45
-45
-45
-45
-45
-45
-45
-45
-45
-45
-45.319
-52.566
-58.755
-63.231
-65.919
-67.713
-68.77
-69.665
-70.215
-70.476
-70.711
-70.542
-70.44
-70.563
-70.04
-69.595
-69.49
-69.501
-69.733
-69.718
-69.642
-69.796
-69.567
-69.604
-69.602
-69.63
-69.605
-69.408
-69.13
-69.318
-69.047
-69.011
-68.848
-68.974
-69.025
-69.18
-69.3
-69.317
-69.621
-69.748
-69.893
-70.099
-70.088
-70.166
-70.053
-70.182
-70.553
-70.623
-70.795
-70.986
-70.964
-71.173
-71.043
-71.267
-71.224
-71.443
-71.623
-71.65
-71.892
-71.901
-71.923
-71.496
-71.193
-71.053
-70.609
-70.549
-70.158
-69.865
-69.605
-69.396
-69.348
-69.032
-68.931
-68.527
-68.423
-68.566
-68.566
-68.387
-68.201
-68.199
-68.271
-68.211
-67.914
-67.853
-68.05
-67.896
-67.81
-67.688
-67.619
-67.64
-67.801
-67.816
-67.886
-68.2
-68.513
-68.685
-68.835
-68.94
-68.755
-68.668
-68.728
-68.782
-68.911
-69.025
-68.822
-69.022
-68.946
-69.016
-69.141
-69.399
-69.613
-69.549
-69.55
-70.04
-69.971
-70.287
-70.236
-70.773
-70.915
-71.403
-71.536
-71.754
-71.805
-71.948
-72.292
-72.525
-72.605
-72.678
-72.704
-72.503
-73.012
-73.202
-73.019
-72.75
-72.479
-72.261
-72.403
-72.708
-72.849
-73.09
-73.355
-73.375
-73.365
-73.509
-73.681
-73.527
-73.381
-73.253
-73.653
-73.768
-73.733
-73.678
-73.836
-73.782
-73.638
-73.773
-73.636
-73.745
-73.609
-73.702
-73.454
-73.512
-73.892
-74.051
-74.114
-74.235
-74.208
-74.026
-74.01
-74.09
-74.199
-74.171
-74.156
-74.264
-74.52
-74.467
-74.371
-74.377
-74.334
-74.248
-74.138
-74.555
-74.479
-74.67
-74.812
-74.753
-74.818
-74.642
-74.61
-74.845
-74.72
-74.603
-74.508
-74.77
-74.7
-74.901
-74.799
-74.819
-74.895
-74.827
-74.902
-75.087
-75.052
-75.199
-75.182
-75.162
-75.104
-75.383
-75.53
-75.624
-75.959
-76.031
-76.092
-76.169
-76.176
-76.37
-76.467
-76.349
-76.401
-76.553
-76.316
-76.374
-76.255
-76.291
-76.309
-76.711
-76.658
-76.711
-76.595
-76.643
-76.558
-76.176
-76.022
-76.096
-76.043
-75.735
-75.936
-76.065
-76.279
-76.49
-76.465
-76.453
-76.86
-76.835
-76.941
-76.971
-77.073
-77.11
-76.993
-76.851
-77.098
-77.259
-77.114
-77.149
-77.011
-77.017
-77.058
-77.216
-77.199
-77.126
-77.279
-77.315
-77.11
-77.301
-77.26
-77.115
-77.019
-76.919
-76.182
-75.254
-73.871
-72.188
-70.805
-69.39
-69.848
-70.702
-71.593
-72.449
-73.25
-73.915
-74.488
-75.134
-75.619
-75.606
-75.733
-76.127
-76.103
-75.912
-75.954
-75.877
-76.197
-75.886
-75.354
-74.816
-74.564
-74.994
-75.646
-76.161
-76.652
-76.9
-77.143
-77.194
-77.348
-77.409
-77.51
-77.87
-77.916
-77.845
-77.815
-77.876
-78.179
-78.336
-78.535
-78.231
-78.29
-78.459
-78.638
-78.591
-78.546
-78.687
-78.574
-78.545
-78.72
-78.796
-78.882
-79.008
-78.966
-78.931
-79.179
-79.315
-79.214
-79.368
-79.45
-79.3
-79.054
-79.179
-79.111
-79.264
-78.828
-78.585
-78.315
-78.23
-78.228
-78.196
-78.528
-78.345
-78.444
-78.167
-78.467
-78.629
-78.828
-78.617
-78.601
-78.461
-78.29
-78.501
-78.587
-78.519
-78.391
-78.458
-78.352
-78.431
-78.56
-78.301
-78.107
-78.369
-78.194
-78.099
-78.394
-78.604
-78.626
-78.648
-78.276
-77.577
-77.139
-76.767
-76.541
-76.095
-75.883
-75.871
-75.783
-75.821
-75.753
-75.807
-75.774
-75.879
-75.937
-76.138
-76.327
-76.668
-76.514
-76.706
-76.816
-76.997
-76.949
-77.292
-77.303
-77.299
-77.43
-77.679
-77.648
-77.518
-77.657
-77.806
-77.764
-77.935
-78.351
-78.613
-78.584
-78.59
-78.682
-79.026
-79.352
-79.242
-79.248
-79.309
-79.219
-79.073
-79.291
-79.441
-79.275
-79.398
-79.621
-79.405
-79.351
-79.325
-79.451
-79.554
-79.722
-79.749
-79.642
-79.425
-79.524
-79.614
-79.481
-79.555
-79.711
-79.832
-79.615
-79.765
-79.737
-79.765
-79.641
-79.892
-79.819
-79.807
-79.872
-79.728
-79.516
-79.5
-79.566
-79.472
-79.719
-79.828
-79.722
-79.56
-79.634
-79.553
-79.782
-80.099
-80.048
-80.045
-79.901
-79.887
-79.71
-79.889
-80.046
-80.147
-80.226
-80.432
-80.424
-80.182
-80.446
-80.441
-80.253
-80.206
-80.35
-80.212
-80.193
-80.234
-80.697
-80.468
-80.399
-80.523
-80.38
-79.833
-79.801
-79.753
-79.849
-79.863
-79.731
-80.002
-80.052
-79.86
-79.911
-80.286
-80.503
-80.363
-80.455
-80.475
-80.368
-80.363
-80.144
-80.259
-80.337
-80.44
-80.425
-80.398
-80.29
-80.326
-80.381
-80.35
-80.399
-80.335
-80.241
-80.325
-79.998
-79.981
-79.953
-80.003
-80.094
-80.094
-80.115
-80.355
-80.283
-80.292
-80.35
-80.264
-80.012
-80.024
-79.908
-79.86
-80.103
-80.342
-80.128
-79.746
-79.744
-80.072
-80.123
-80.192
-80.269
-79.927
-79.875
-79.907
-80.056
-80.228
-80.296
-80.076
-80.288
-80.422
-80.268
-80.236
-80.045
-80.016
-79.862
-79.719
-79.974
-79.847
-79.893
-80.086
-80.215
-80.337
-80.264
-80.112
-80.232
-80.15
-79.918
-80.342
-80.295
-80.274
-80.408
-80.356
-80.129
-80.151
-80.043
-79.659
-80.051
-79.954
-80.044
-80.132
-80.255
-80.134
-80.06
-79.745
-79.824
-79.794
-79.878
-79.71
-79.488
-79.597
-79.623
-79.503
-79.211
-79.229
-79.149
-79.243
-79.266
-79.482
-79.413
-79.292
-79.488
-79.607
-79.575
-79.497
-79.573
-79.41
-79.56
-79.833
-79.775
-79.679
-79.763
-79.753
-80.08
-80.143
-80.084
-79.974
-80.205
-80.29
-80.146
-80.119
-80.128
-79.947
-80.018
-79.876
-80.096
-80.107
-80.143
-80.236
-80.017
-79.82
-79.565
-79.508
-79.748
-79.849
-80.049
-79.803
-79.538
-79.561
-79.566
-79.489
-79.489
-79.35
-79.36
-79.519
-79.537
-79.93
-79.993
-79.985
-80.024
-79.918
-79.927
-79.778
-79.763
-79.989
-79.884
-80.049
-80.159
-80.317
-80.101
-80.117
-80.414
-80.173
-80.201
-80.445
-80.145
-80.396
-80.404
-80.447
-80.412
-80.457
-80.546
-80.351
-80.283
-80.058
-80.279
-80.179
-80.325
-80.518
-80.684
-80.745
-80.936
-80.917
-81.178
-81.073
-81.049
-80.965
-80.974
-81.361
-81.272
-81.197
-81.273
-81.151
-81.154
-81.066
-81.172
-81.193
-81.195
-81.144
-81.154
-81.24
-81.406
-81.153
-81.291
-81.099
-80.663
-80.958
-80.866
-80.984
-81.112
-81.23
-81.285
-81.197
-81.185
-81.433
-81.87
-81.619
-81.416
-81.276
-81.265
-81.302
-81.532
-81.742
-81.741
-81.519
-81.232
-81.526
-81.859
-81.928
-81.856
-81.88
-82.043
-82.103
-82.017
-82.261
-82.319
-82.363
-82.621
-82.684
-82.761
-82.855
-82.899
-82.919
-83.024
-82.952
-82.567
-82.566
-82.257
-81.974
-82.014
-81.65
-81.53
-81.4
-81.135
-81.249
-80.896
-81.005
-80.826
-80.753
-80.923
-81.155
-81.084
-80.955
-80.913
-80.921
-80.708
-80.863
-80.932
-81.028
-80.758
-80.313
-80.143
-80.134
-80.228
-79.95
-79.632
-79.694
-79.564
-79.7
-79.982
-80.098
-79.838
-79.984
-79.845
-79.867
-79.919
-79.972
-79.785
-79.687
-79.745
-79.58
-79.347
-79.416
-79.592
-79.585
-79.389
-79.777
-79.892
-80.052
-79.833
-79.918
-79.866
-79.929
-80.266
-80.437
-80.463
-80.448
-80.452
-80.307
-80.531
-80.861
-80.829
-80.949
-81.052
-80.928
-81.169
-80.985
-80.762
-80.729
-80.611
-80.651
-80.591
-80.315
-80.154
-80.115
-80.186
-80.08
-80.334
-80.188
-80.494
-80.529
-80.748
-80.886
-80.984
-81.14
-81.207
-81.121
-80.999
-80.877
-80.752
-80.762
-80.782
-80.709
-80.849
-80.454
-80.358
-80.38
-80.559
-80.468
-80.684
-80.722
-80.3
-80.532
-80.422
-80.339
-80.457
-80.268
-80.527
-80.652
-80.843
-80.935
-80.897
-81.033
