-80.326
-80.233
-80.368
-80.337
-80.193
-80.064
-80.074
-79.926
-80.132
-80.237
-80.343
-80.244
-80.347
-80.007
-80.078
-80.152
-80.229
-80.344
-80.37
-80.409
-80.338
-80.186
-79.923
-79.851
-79.462
-79.001
-79.04
-79.078
-78.824
-78.773
-78.77
-78.692
-78.619
-78.615
-78.58
-78.868
-78.54
-78.787
-78.807
-78.783
-79
-79.141
-79.364
-79.316
-79.079
-78.601
-78.54
-78.484
-78.534
-78.283
-78.264
-78.279
-78.177
-78.317
-78.285
-78.116
-78.01
-78.292
-78.13
-78.148
-78.329
-78.283
-78.604
-78.619
-78.609
-78.559
-78.606
-78.585
-78.664
-78.704
-78.739
-78.673
-78.664
-78.698
-78.667
-78.737
-78.771
-78.677
-78.476
-78.283
-77.984
-78.009
-77.837
-77.538
-77.386
-77.444
-77.296
-77.196
-77.243
-77.394
-77.458
-77.148
-77.297
-77.383
-77.418
-77.866
-78.424
-78.928
-79.213
-79.248
-79.609
-79.673
-79.757
-79.647
-79.808
-79.889
-80.009
-79.905
-79.69
-79.617
-79.566
-79.385
-79.153
-79.01
-79.05
-78.999
-78.948
-79.092
-78.918
-79.124
-79.2
-79.244
-79.139
-79.17
-78.979
-79.313
-79.141
-79.209
-79.482
-79.6
-79.453
-79.528
-79.368
-79.569
-79.344
-79.54
-79.698
-79.717
-79.7
-79.662
-79.564
-79.509
-79.801
-79.875
-80.012
-79.731
-79.738
-79.771
-79.749
-80.04
-79.832
-79.906
-79.709
-79.728
-79.945
-80.02
-80.078
-79.84
-80.048
-79.809
-79.716
-79.542
-79.396
-79.502
-79.113
-78.932
-78.925
-78.675
-78.685
-78.574
-78.628
-78.733
-78.913
-79.095
-79.068
-78.822
-79.201
-79.07
-78.994
-79.125
-79.216
-79.323
-79.106
-79.386
-79.348
-79.355
-79.336
-79.544
-79.607
-79.708
-79.524
-79.846
-79.843
-80.026
-79.794
-79.722
-79.75
-79.804
-79.686
-79.505
-79.383
-79.607
-79.64
-79.854
-79.795
-79.764
-79.865
-79.941
-79.796
-79.969
-80.245
-79.813
-79.731
-79.846
-79.792
-79.724
-79.707
-79.841
-79.893
-79.984
-80.009
-79.911
-80.271
-80.114
-80.112
-80.175
-79.905
-79.948
-79.802
-79.929
-79.882
-79.628
-79.828
-79.811
-80.041
-79.965
-80.251
-80.236
-80.084
-79.846
-79.731
-79.577
-79.171
-78.893
-78.695
-78.817
-78.894
-78.799
-78.946
-78.977
-78.871
-79.046
-78.971
-79.072
-79.193
-79.248
-79.312
-78.996
-79.067
-79.416
-79.368
-79.262
-79.039
-79.014
-79.417
-79.455
-79.368
-79.652
-79.361
-78.864
-78.364
-77.854
-77.729
-77.443
-76.998
-76.741
-76.681
-76.765
-76.636
-76.619
-76.411
-76.238
-76.444
-76.592
-76.49
-76.592
-76.634
-76.435
-76.281
-76.037
-75.599
-75.027
-74.511
-74.047
-73.494
-73.63
-73.321
-73.054
-73.019
-72.969
-73.317
-73.151
-73.3
-73.264
-73.34
-73.2
-73.484
-73.634
-73.718
-74.042
-74.606
-75.675
-76.663
-77.056
-77.645
-77.96
-78.089
-78.193
-78.241
-78.3
-78.31
-78.331
-78.371
-78.634
-78.732
-78.758
-78.471
-78.574
-78.493
-78.658
-78.591
-78.473
-78.307
-78.308
-78.187
-78.062
-77.949
-78.006
-77.892
-77.939
-78.02
-78.094
-78.138
-78.156
-77.99
-77.933
-77.944
-77.842
-77.635
-77.446
-77.045
-76.89
-76.93
-76.869
-76.763
-76.757
-76.396
-76.258
-76.345
-76.805
-77.018
-77.357
-77.461
-77.657
-77.61
-77.661
-77.738
-77.856
-77.751
-77.69
-77.667
-77.673
-77.509
-77.437
-77.525
-77.834
-77.859
-77.587
-77.273
-77.083
-76.85
-77.082
-76.994
-76.811
-76.88
-76.69
-76.659
-76.518
-76.529
-76.584
-76.531
-76.308
-76.395
-76.041
-76.072
-76.206
-76.221
-76.196
-76.171
-76.242
-76.075
-76.454
-76.699
-77.142
-77.295
-77.303
-77.48
-77.735
-77.833
-77.918
-78.12
-78.131
-78.423
-78.22
-78.128
-78.175
-78.486
-78.811
-78.812
-78.789
-78.812
-79.125
-79.064
-79.107
-79.19
-79.221
-79.055
-78.978
-79.302
-79.03
-78.883
-78.53
-78.308
-78.336
-78.208
-77.769
-77.533
-77.21
-77.171
-77.114
-77.048
-77.276
-77.338
-77.151
-77.308
-77.358
-77.633
-77.787
-77.833
-77.694
-77.995
-78.086
-78.016
-77.989
-78.091
-78.18
-78.087
-78.344
-78.468
-78.237
-78.128
-77.8
-77.743
-76.826
-75.919
-75.332
-74.693
-74.337
-73.944
-73.838
-73.339
-72.942
-72.643
-72.251
-72.308
-71.991
-72.081
-72.038
-71.933
-71.505
-71.252
-70.949
-71.09
-71.247
-71.419
-71.487
-71.952
-72.278
-72.499
-72.738
-72.872
-72.757
-72.801
-73.021
-73.1
-73.031
-73.032
-72.9
-72.736
-72.634
-72.872
-72.83
-72.787
-73.069
-73.276
-73.527
-73.625
-73.829
-74.031
-73.957
-73.963
-73.942
-73.892
-73.935
-73.516
-73.224
-73.069
-73.085
-73.149
-73.281
-73.19
-73.308
-73.558
-73.855
-74.282
-74.18
-74.287
-74.263
-74.363
-74.541
-74.714
-74.135
-73.972
-73.634
-73.356
-73.234
-73.263
-73.374
-73.564
-73.371
-73.684
-73.802
-74.082
-74.345
-74.287
-74.528
-74.546
-74.698
-74.706
-75.061
-74.973
-75.15
-75.164
-75.51
-75.742
-75.642
-75.798
-75.821
-76.105
-76.384
-76.427
-76.774
-76.793
-76.991
-76.943
-76.991
-77.072
-77.265
-77.351
-77.471
-77.716
-77.946
-77.629
-77.399
-77.29
-76.801
-76.524
-76.472
-76.486
-76.083
-76.146
-76.187
-76.124
-76.176
-75.961
-76.128
-76.063
-76.193
-76.445
-76.628
-76.854
-76.92
-76.863
-77.036
-77.386
-77.448
-77.025
-77.242
-77.465
-77.286
-77.198
-77.24
-77.256
-77.717
-77.691
-77.599
-77.581
-77.284
-77.584
-77.545
-77.753
-77.93
-77.887
-77.756
-78.052
-78.224
-78.162
-78.237
-78.453
-78.397
-78.469
-78.651
-78.772
-78.822
-79.003
-79.157
-79.348
-79.199
-79.091
-79.043
-79.292
-79.223
-79.378
-79.419
-79.58
-79.536
-79.738
-79.82
-79.976
-80.074
-80.058
-80.198
-80.203
-80.196
-80.084
-80.616
-80.045
-79.91
-80.046
-79.924
-79.953
-80.016
-80.026
-79.972
-80.216
-80.077
-80.101
-80.131
-80.309
-80.507
-80.576
-80.701
-80.645
-80.682
-80.696
-80.488
-80.586
-80.625
-80.441
-80.221
-80.325
-80.144
-79.92
-79.801
-80.042
-80.397
-80.483
-80.403
-80.244
-80.325
-80.365
-80.172
-80.406
-80.321
-80.301
-80.26
-80.336
-80.311
-80.271
-80.146
-80.167
-79.978
-80.172
-80.252
-80.492
-80.214
-80.197
-80.255
-80.211
-80.414
-80.251
-80.188
-80.35
-80.103
-80.007
-80.018
-79.943
-79.944
-80.105
-80.105
-80.08
-80.364
-80.221
-80.552
-80.267
-80.12
-80.063
-80.229
-80.288
-80.144
-80.088
-79.958
-79.966
-79.83
-79.866
-79.829
-79.707
-79.558
-79.985
-80.076
-79.891
-79.734
-79.748
-79.579
-79.435
-79.69
-79.803
-80.192
-80.4
-80.315
-80.754
-80.762
-80.747
-80.605
-80.544
-80.783
-80.782
-81.201
-81.388
-81.573
-81.758
-82.007
-81.991
-82.099
-82.076
-82.301
-82.247
-82.059
-82.424
-82.616
-82.818
-82.808
-82.933
-82.955
-82.91
-83.211
-83.294
-83.447
-83.55
-83.674
-83.553
-83.538
-83.438
-83.519
-83.542
-83.812
-83.917
-83.785
-83.869
-83.705
-83.488
-83.43
-83.234
-83.024
-82.983
-82.883
-83.268
-83.358
-82.987
-83.047
-83.176
-83.046
-83.03
-82.883
-82.672
-82.607
-82.485
-82.669
-82.926
-82.732
-82.681
-82.343
-82.519
-82.732
-82.688
-82.614
-82.604
-82.565
-82.487
-82.75
-82.847
-83.092
-82.955
-82.593
-82.594
-82.647
-82.264
-82.548
-82.636
-82.571
-82.529
-82.545
-82.383
-82.436
-82.695
-82.858
-82.483
-82.388
-82.611
-82.45
-82.414
-82.571
-82.325
-82.438
-82.445
-82.412
-82.258
-82.125
-82.095
-82.199
-82.018
-81.864
-81.913
-81.815
-82.072
-82.182
-82.068
-82.113
-82.098
-82.008
-81.783
-81.91
-81.932
-81.998
-81.964
-82.01
-81.815
-81.92
-81.752
-81.788
-81.905
-81.962
-81.993
-82.097
-81.999
-81.957
-81.865
-82.128
-82.374
-82.594
-82.605
-82.579
-82.569
-82.896
-82.835
-82.869
-82.969
-83.128
-82.88
-82.821
-82.894
-82.98
-82.927
-82.766
-82.641
-82.397
-82.34
-82.428
-82.362
-82.616
-82.824
-82.846
-82.87
-82.979
-82.644
-82.817
-82.603
-82.804
-82.744
-82.848
-82.684
-82.674
-82.784
-82.88
-82.813
-82.84
-82.756
-82.52
-82.758
-82.846
-82.771
-82.852
-82.888
-82.805
-82.929
-83.055
-83.203
-83.17
-83.271
-83.339
-83.17
-83.051
-82.697
-82.489
-82.454
-82.54
-82.664
-82.748
-82.576
-82.518
-82.444
-82.291
-82.417
-82.737
-82.868
-82.847
-82.72
-82.298
-81.816
-81.304
-81.175
-81.151
-80.73
-80.333
-80.207
-79.928
-79.802
-79.782
-79.6
-79.441
-79.197
-78.957
-78.781
-78.492
-78.722
-78.47
-78.145
-77.707
-77.111
-76.71
-76.129
-75.518
-75.198
-74.56
-74.286
-73.984
-73.551
-73.204
-72.676
-72.432
-72.238
-71.767
-71.407
-70.948
-70.57
-70.224
-70.134
-69.944
-69.943
-69.662
-69.516
-69.343
-69.344
-69.447
-69.482
-69.363
-69.581
-69.277
-69.429
-69.135
-68.979
-68.688
-68.504
-68.457
-68.247
-68.511
-68.435
-68.467
-68.331
-68.074
-68.233
