-62.588
-62.665
-62.813
-62.871
-63.172
-63.172
-63.327
-63.203
-63.37
-63.589
-63.723
-63.909
-64.078
-64.09
-64.071
-64.213
-64.512
-64.761
-64.731
-64.697
-64.762
-65.099
-65.324
-65.509
-65.419
-65.623
-66.044
-66.284
-66.328
-66.345
-66.294
-66.728
-66.725
-67.08
-67.177
-67.481
-67.439
-67.805
-68.02
-68.093
-67.957
-68.414
-68.497
-68.587
-68.517
-68.221
-68.231
-68.446
-68.479
-68.397
-68.483
-68.585
-68.512
-68.882
-69.243
-69.073
-69.322
-69.311
-69.756
-69.594
-69.566
-69.641
-70.015
-70.149
-70.165
-70.207
-70.396
-70.427
-70.727
-70.621
-70.648
-70.638
-70.687
-70.898
-70.821
-71.034
-71.029
-71.253
-71.223
-71.42
-71.285
-71.43
-71.64
-71.553
-71.558
-71.594
-71.777
-72.158
-72.575
-72.45
-72.492
-72.628
-72.718
-72.635
-72.743
-72.687
-72.931
-72.976
-72.903
-73.054
-72.938
-72.956
-72.812
-72.964
-73.185
-73.199
-73.255
-73.502
-73.611
-73.732
-73.685
-73.874
-74.186
-74.094
-74.299
-74.436
-74.612
-74.458
-74.439
-74.634
-74.702
-74.8
-75.017
-74.715
-74.81
-74.783
-74.821
-74.906
-75.193
-75.152
-75.127
-75.38
-75.52
-75.679
-75.72
-75.643
-75.825
-76.232
-76.497
-76.507
-76.503
-76.631
-76.65
-76.601
-76.685
-76.51
-76.663
-76.975
-76.974
-76.838
-76.914
-77.12
-77.085
-77.194
-77.372
-77.809
-77.866
-77.764
-77.991
-77.967
-78.149
-78.281
-78.262
-78.461
-78.379
-78.894
-79.124
-79.206
-79.372
-79.571
-79.618
-79.564
-79.594
-79.609
-79.69
-79.709
-79.56
-79.576
-79.775
-79.926
-80.127
-80.187
-80.506
-80.516
-80.328
-80.271
-80.07
-80.446
-80.749
-80.512
-80.722
-80.661
-80.702
-80.633
-80.883
-80.897
-80.947
-80.939
-81.042
-81.024
-81.041
-80.963
-81.258
-81.251
-81.245
-81.025
-80.758
-80.979
-81.007
-81.088
-80.886
-80.743
-80.992
-81.165
-81.322
-81.231
-81.202
-81.324
-81.54
-81.773
-81.649
-81.619
-81.639
-81.284
-81.312
-81.314
-81.274
-81.328
-81.203
-81.381
-81.461
-81.61
-81.749
-81.807
-81.765
-81.722
-81.877
-82.272
-82.194
-82.209
-82.311
-82.064
-82.313
-82.527
-82.624
-82.818
-82.959
-83.049
-83.165
-83.142
-83.187
-83.328
-83.345
-83.196
-83.08
-82.674
-82.117
-81.736
-81.213
-81.09
-80.812
-80.416
-80.015
-79.515
-79.214
-78.763
-78.484
-77.993
-78.157
-78.242
-78.156
-78.04
-78.057
-78.006
-77.767
-77.685
-77.699
-77.329
-77.154
-77.24
-77.169
-77.033
-76.959
-77.048
-77.012
-77.027
-76.782
-76.589
-76.117
-75.92
-75.657
-75.093
-74.556
-74.303
-73.999
-73.929
-73.44
-73.173
-72.949
-72.624
-72.214
-72.279
-72.372
-71.836
-71.351
-70.623
-70.016
-69.308
-68.565
-67.758
-67.308
-67.181
-66.726
-66.224
-65.8
-65.407
-65.341
-65.144
-64.773
-64.632
-64.302
-64.143
-63.928
-64.086
-63.721
-63.302
-62.73
-62.352
-62.115
-61.797
-61.407
-61.167
-60.558
-60
-59.744
-59.136
-58.931
-58.653
-58.396
-58.234
-58.129
-57.61
-57.595
-57.12
-57.015
-56.976
-56.699
-56.718
-56.341
-55.853
-55.568
-55.07
-54.743
-54.46
-53.689
-53.049
-52.603
-51.465
-49.737
-46.668
-45
-45
-45
-45
-45
-45
-45
-45
-45
-45
-45
-45
-45
-45
-51.68
-57.823
-62.79
-65.744
-67.816
-69.411
-70.567
-71.029
-71.268
-71.726
-71.805
-71.692
-71.565
-71.591
-71.342
-71.172
-70.705
-69.634
-68.727
-67.399
-66.075
-64.985
-63.272
-61.925
-60.923
-59.606
-58.1
-57.08
-56.06
-55.148
-53.889
-52.684
-50.611
-47.977
-45
-45
-45
-45
-45
-45
-45
-45
-45
-45
-45
-45
-45
-45
-48.359
-53.962
-58.225
-61.153
-63.125
-64.433
-65.094
-65.256
-65.168
-64.935
-65.005
-64.657
-64.36
-63.902
-63.494
-63.035
-62.392
-61.968
-60.863
-59.471
-58.242
-56.703
-55.517
-54.144
-52.969
-51.448
-49.551
-46.915
-45
-45
-45
-45
-45
-45
-45
-45
-45
-45
-45
-45
-45
-46.115
-52.311
-57.566
-60.875
-62.353
-63.409
-63.456
-63.058
-62.714
-62.055
-61.352
-60.354
-59.495
-58.466
-57.524
-56.378
-55.286
-54.448
-53.446
-52.109
-50.642
-48.93
-46.605
-45
-45
-45
-45
-45
-45
-45
-45
-45
-45
-45
-45
-45
-47.66
-53.527
-58.479
-61.83
-64.25
-65.864
-66.808
-67.211
-67.627
-67.684
-67.79
-67.95
-67.66
-67.654
-67.544
-67.638
-67.437
-67.3
-67.075
-66.788
-66.368
-66.274
-66.352
-66.337
-66.269
-66.289
-66.19
-65.775
-65.713
-65.714
-65.581
-65.753
-65.626
-65.635
-64.859
-63.771
-62.729
-61.647
-60.55
-59.381
-58.139
-56.653
-55.481
-54.311
-53.041
-51.327
-49.202
-45.562
-45
-45
-45
-45
-45
-45
-45
-45
-45
-45
-45
-45
-45
-46.466
-53.223
-58.542
-62.689
-65.231
-67.21
-68.51
-69.325
-69.982
-70.4
-70.135
-69.896
-69.79
-69.471
-69.221
-68.805
-68.415
-68.051
-67.754
-67.314
-66.936
-66.894
-66.634
-66.475
-66.36
-66.263
-66.044
-65.906
-65.763
-65.436
-65.119
-65.329
-65.171
-65.382
-64.971
-64.578
-64.512
-64.46
-64.038
-63.909
-63.839
-63.583
-63.765
-63.642
-63.766
-63.738
-63.873
-63.959
-63.742
-63.975
-64.128
-63.903
-63.899
-64
-63.881
-63.838
-64.09
-64.05
-64.283
-64.485
-64.595
-64.516
-64.72
-64.812
-65.021
-65.002
-65.217
-65.459
-65.82
-66.134
-66.439
-66.616
-66.821
-67.23
-67.53
-67.535
-67.781
-67.752
-68.162
-68.353
-68.832
-69.111
-69.061
-69.132
-68.809
-68.673
-68.663
-68.617
-68.605
-69.124
-69.204
-69.41
-69.649
-70.057
-69.936
-69.997
-70.037
-70.237
-70.244
-70.343
-70.898
-71.175
-71.42
-71.796
-72.136
-72.237
-72.437
-72.722
-73.082
-73.159
-72.823
-73.089
-73.562
-73.826
-73.829
-74.136
-74.304
-74.437
-74.674
-74.957
-75.059
-75.333
-75.798
-75.963
-76.376
-76.623
-76.668
-76.913
-77.06
-77.345
-77.442
-77.57
-77.572
-77.531
-77.518
-77.783
-78.036
-78.381
-78.537
-78.683
-78.914
-79.226
-79.506
-79.377
-79.603
-79.803
-80.047
-80.164
-80.4
-80.674
-81.227
-81.358
-81.656
-81.527
-81.697
-81.984
-82
-81.873
-81.856
-81.96
-81.938
-82.233
-82.429
-82.385
-82.3
-82.361
-82.412
-82.487
-82.557
-82.526
-82.611
-82.403
-82.477
-82.444
-82.486
-82.104
-81.486
-81.054
-80.496
-80.536
-80.335
-80.026
-79.955
-79.916
-79.779
-79.567
-79.425
-79.198
-79.107
-78.901
-78.606
-78.633
-78.664
-78.459
-78.368
-78.395
-78.176
-78.14
-78.136
-78.27
-77.933
-77.997
-77.616
-77.797
-77.909
-77.583
-77.507
-77.663
-77.41
-77.404
-77.279
-77.37
-77.214
-77.041
-77.164
-77.429
-77.461
-77.737
-77.981
-78.413
-78.424
-78.554
-78.567
-78.425
-78.571
-78.612
-78.764
-78.815
-79.014
-79.023
-79.246
-79.501
-79.433
-79.647
-80.087
-79.914
-79.848
-79.726
-79.732
-79.896
-80.158
-80.16
-80.418
-80.244
-80.298
-80.732
-80.96
-81.32
-81.168
-81.25
-81.376
-81.447
-81.386
-81.494
-81.37
-81.361
-81.287
-81.567
-81.488
-81.569
-81.554
-81.592
-81.648
-81.88
-82
-82.091
-82.182
-82.145
-82.249
-82.628
-82.992
-82.986
-82.909
-83.408
-83.495
-83.6
-83.533
-83.73
-83.718
-83.569
-83.727
-83.964
-84.296
-84.634
-84.432
-84.763
-85.026
-85.062
-85.24
-85.317
-85.304
-85.316
-85.293
-84.885
-85.038
-85.234
-85.345
-85.436
-85.623
-85.698
-85.877
-85.876
-85.815
-85.819
-85.568
-85.808
-85.964
-86.077
-86.351
-86.337
-86.687
-86.693
-86.796
-87.305
-87.144
-87.306
-87.376
-87.565
-87.351
-87.298
-87.52
-87.586
-87.396
-87.663
-87.74
-87.732
-87.634
-87.756
-87.777
-87.528
-87.513
-87.523
-87.176
-87.231
-87.461
-87.449
-87.353
-87.212
-87.484
-87.43
-87.451
-87.851
-87.983
-88.255
-88.417
-88.443
-88.508
-88.44
-88.646
-88.856
-88.938
-88.671
-88.701
-88.91
-89.08
-89.095
-88.819
-89.176
-89.314
-89.468
-89.501
-89.543
-89.516
-89.475
-89.714
-89.63
-89.759
-89.8
-89.657
-89.59
-90.017
-90.201
-90.362
-90.667
-90.744
-90.815
-91.037
-91.081
-91.202
-91.361
-91.021
-91.018
-90.697
-90.495
-89.848
-89.523
-89.242
-88.896
-88.437
-87.82
-87.5
-87.268
-86.716
-86.284
-85.823
-85.736
-85.285
-85.028
-84.43
-84.363
-84.345
-84.245
-84.212
-84.042
-83.927
-83.921
-83.901
-83.799
-83.765
-83.838
-83.911
-83.777
-83.514
-83.438
-83.688
-83.417
-83.326
-83.507
-83.361
-83.244
-83.201
-83.143
-82.791
-82.675
-82.625
-82.726
-82.447
-82.574
-82.917
-82.619
-82.647
-82.485
-82.342
-82.356
-82.286
-82.304
-82.337
-82.352
-82.637
-82.547
-82.731
