-79.782
-79.808
-79.846
-79.958
-79.871
-79.812
-79.912
-80.168
-79.963
-79.934
-80.093
-80.064
-79.898
-79.911
-79.933
-79.819
-79.651
-79.63
-79.524
-79.725
-79.624
-79.823
-79.879
-79.746
-79.714
-79.423
-79.411
-79.571
-79.772
-79.682
-79.488
-79.241
-79.11
-79.18
-78.855
-78.702
-78.945
-79.027
-78.988
-78.921
-78.929
-78.863
-78.664
-78.961
-79.063
-78.866
-79.14
-79.063
-79.027
-79.144
-79.09
-78.999
-78.914
-79.022
-79.082
-79.276
-79.555
-79.592
-79.364
-79.261
-79.137
-79.43
-79.241
-79.378
-79.295
-79.373
-79.375
-79.356
-79.195
-79.437
-79.308
-79.063
-79.297
-79.349
-79.201
-79.03
-79.128
-78.944
-79.007
-79.139
-79.02
-78.28
-77.678
-76.789
-75.92
-75.045
-74.254
-73.228
-72.416
-71.667
-70.996
-70.467
-70.022
-69.416
-68.968
-68.503
-68.128
-67.787
-67.929
-67.774
-67.452
-67.208
-66.663
-66.398
-66.16
-65.976
-65.78
-65.822
-65.719
-65.888
-65.86
-65.468
-65.226
-65.396
-65.428
-65.584
-65.583
-65.377
-65.023
-64.832
-64.692
-64.641
-64.522
-64.669
-64.753
-64.588
-64.726
-64.719
-65.084
-65.114
-65.037
-64.794
-64.747
-64.929
-64.934
-64.963
-64.899
-65.114
-65.217
-65.084
-65.226
-65.29
-65.399
-65.362
-65.176
-65.403
-65.307
-65.239
-65.415
-65.446
-65.446
-65.52
-65.375
-65.456
-65.363
-65.351
-65.667
-65.789
-65.587
-65.591
-65.572
-65.569
-65.624
-65.537
-65.752
-65.893
-65.989
-65.911
-66.01
-66.325
-66.469
-66.613
-66.379
-66.43
-66.29
-66.079
-66.076
-66.043
-65.965
-66.153
-66.064
-66.223
-66.572
-66.692
-66.687
-66.566
-66.353
-66.201
-66.024
-65.919
-65.891
-65.691
-65.773
-66.171
-66.237
-66.405
-66.705
-66.877
-67.135
-67.132
-66.956
-67.308
-67.627
-67.942
-68.064
-67.83
-67.498
-66.717
-66.22
-65.432
-64.525
-64.313
-63.567
-63.013
-62.069
-61.341
-61.061
-60.633
-60.21
-59.902
-59.534
-59.425
-59.024
-58.4
-58.242
-57.992
-57.676
-57.563
-57.507
-57.082
-56.413
-55.872
-55.161
-54.429
-53.677
-52.924
-51.888
-51.21
-50.349
-49.867
-48.942
-48.027
-46.993
-46.15
-45
-45
-45
-45
-45
-45
-45
-45
-45
-45
-45
-45
-45
-45
-45
-45
-45
-49.712
-60.109
-66.964
-71.487
-74.041
-75.683
-76.778
-77.168
-77.492
-77.311
-76.991
-76.718
-76.43
-76.265
-76.083
-76.127
-76.11
-75.768
-75.273
-74.867
-74.602
-74.179
-74.086
-74.07
-74.293
-74.232
-74.142
-74.187
-74.495
-74.438
-74.796
-74.79
-75.292
-75.253
-75.143
-75.236
-75.338
-75.635
-75.692
-76.079
-76.153
-76.182
-76.686
-76.911
-77.114
-77.265
-77.128
-77.327
-77.458
-77.699
-77.782
-78.118
-77.974
-78.019
-77.904
-77.982
-78.218
-78.216
-78.382
-78.192
-78.534
-78.322
-77.792
-77.289
-76.721
-76.362
-75.921
-75.312
-75.033
-75.046
-75.095
-75.045
-74.865
-74.883
-75.189
-75.187
-75.205
-75.137
-75.214
-75.224
-75.373
-75.486
-75.38
-75.421
-75.622
-75.741
-75.786
-76.15
-76.272
-76.352
-76.406
-76.724
-77.023
-76.998
-77.35
-77.24
-77.916
-77.972
-78.028
-77.992
-78.016
-77.995
-78.279
-78.299
-78.446
-78.497
-78.3
-78.436
-78.616
-78.513
-78.569
-78.603
-78.742
-78.754
-78.807
-78.841
-78.514
-77.856
-77.403
-77.064
-76.418
-75.973
-75.682
-75.22
-74.88
-74.304
-74.229
-73.953
-73.826
-73.469
-73.296
-73.264
-73.261
-73.285
-73.735
-73.804
-73.966
-74.115
-74.335
-74.262
-74.292
-74.295
-74.337
-74.367
-74.771
-74.626
-74.862
-75.333
-75.171
-75.285
-75.343
-75.336
-75.333
-75.605
-75.868
-75.614
-75.398
-75.598
-75.558
-75.073
-74.686
-74.106
-73.701
-73.144
-72.638
-72.267
-71.97
-71.873
-71.656
-71.386
-71.31
-71.257
-71.151
-70.935
-71.119
-71.129
-71.094
-71.354
-71.542
-71.522
-71.751
-72.027
-72.188
-72.388
-72.262
-72.201
-72.082
-72.351
-72.068
-71.607
-70.89
-69.935
-68.86
-67.822
-66.731
-65.699
-64.58
-63.799
-63.369
-62.788
-62.35
-62.118
-61.784
-61.573
-61.155
-60.858
-60.848
-60.987
-61.153
-61.105
-61.39
-61.597
-61.576
-61.79
-61.83
-61.627
-61.52
-61.207
-60.67
-60.239
-59.946
-59.909
-59.672
-59.364
-59.621
-59.566
-59.576
-59.47
-59.464
-59.081
-58.644
-58.5
-58.233
-58.111
-60.214
-63.372
-66.662
-69.478
-71.492
-73.296
-74.564
-75.388
-76.002
-76.452
-76.679
-76.896
-76.984
-77.223
-77.327
-77.835
-77.772
-77.75
-77.846
-78.164
-78.404
-78.448
-78.314
-78.53
-78.552
-78.602
-78.513
-78.752
-78.767
-78.772
-78.887
-78.975
-78.964
-78.825
-78.775
-78.607
-78.466
-78.555
-78.64
-78.695
-79.008
-79.298
-79.07
-79.215
-79.201
-78.647
-78.237
-77.569
-77.521
-77.329
-77.242
-76.877
-76.558
-76.637
-76.34
-76.2
-76.166
-76.173
-76.269
-76.236
-76.46
-76.404
-76.606
-76.933
-77.309
-77.196
-77.239
-77.213
-77.502
-77.544
-77.685
-77.709
-77.866
-77.851
-77.789
-77.925
-77.875
-78.057
-78.122
-78.306
-78.324
-78.419
-78.447
-78.711
-78.829
-78.804
-78.849
-78.748
-78.681
-78.728
-78.947
-79.045
-78.972
-78.818
-78.817
-78.774
-78.746
-78.505
-78.228
-77.796
-77.232
-76.859
-76.576
-76.291
-76.151
-75.805
-75.832
-75.838
-75.648
-75.577
-75.428
-75.371
-75.347
-75.297
-75.644
-75.756
-75.81
-75.942
-75.985
-76.033
-75.963
-76.254
-76.253
-76.602
-76.679
-76.871
-76.902
-77.034
-77.128
-76.971
-77.056
-76.964
-76.982
-77.096
-77.13
-77.233
-77.607
-77.472
-77.676
-77.818
-77.961
-78.319
-78.176
-77.887
-77.914
-78.162
-78.287
-78.417
-78.481
-78.647
-78.637
-78.406
-78.109
-78.122
-78.129
-78.175
-78.203
-78.249
-78.129
-77.97
-78.269
-78.371
-78.683
-78.702
-78.831
-78.578
-78.651
-78.557
-78.622
-78.858
-79.039
-79.377
-79.298
-79.419
-79.439
-79.314
-79.279
-79.58
-79.725
-79.56
-79.354
-79.343
-79.452
-79.308
-79.09
-79.18
-79.477
-79.308
-79.173
-79.349
-79.437
-79.458
-79.805
-79.796
-79.982
-79.657
-79.39
-79.693
-79.597
-79.68
-79.674
-79.776
-79.802
-79.845
-79.551
-79.502
-79.557
-79.626
-79.477
-79.419
-79.353
-79.243
-79.241
-79.051
-79.278
-79.306
-79.355
-79.208
-79.061
-79.082
-79.151
-79.034
-79.096
-78.985
-78.804
-78.616
-78.752
-78.954
-78.803
-78.871
-78.892
-78.912
-78.607
-78.578
-78.446
-78.28
-78.171
-78.262
-78.319
-78.442
-78.256
-77.969
-78.11
-78.201
-78.143
-78.239
-78.029
-78.018
-77.821
-78.182
-78.227
-78.209
-78.1
-78.16
-78.256
-78.246
-78.327
-78.636
-78.523
-78.696
-78.762
-78.823
-79.024
-78.802
-79.033
-79.075
-78.939
-78.914
-78.934
-78.905
-78.841
-79.016
-78.938
-78.939
-78.713
-78.568
-78.445
-78.457
-78.5
-78.358
-78.537
-78.51
-78.632
-78.674
-78.689
-78.725
-78.988
-78.89
-78.927
-78.729
-78.825
-78.816
-78.884
-78.742
-78.817
-78.935
-78.852
-78.867
-78.901
-78.99
-78.928
-78.801
-78.787
-78.917
-78.988
-78.957
-78.889
-78.824
-78.954
-79.044
-79.005
-79.028
-79.12
-78.937
-79.003
-78.76
-78.68
-78.724
-78.612
-78.686
-78.481
-78.12
-78.205
-78.025
-78.015
-78.221
-78.158
-78.143
-78.124
-78.228
-78.269
-78.433
-78.195
-78.357
-78.322
-78.594
-78.799
-78.743
-78.893
-78.657
-78.608
-78.612
-78.581
-78.41
-78.661
-78.693
-78.961
-78.951
-79.1
-79.278
-79.123
-78.899
-78.969
-78.904
-78.882
-79.114
-79.101
-79.35
-79.184
-79.206
-79.282
-79.102
-79.23
-79.253
-79.335
-79.521
-79.385
-79.404
-79.532
-79.407
-79.448
-79.168
-79.093
-78.983
-78.981
-78.806
-78.625
-78.628
-78.606
-78.633
-78.408
-78.315
-78.432
-78.174
-78.249
-78.292
-78.09
-78.414
-78.291
-78.409
-78.365
-78.782
-78.626
-78.949
-78.905
-78.941
-79.137
-79.103
-79.268
-79.101
-79.093
-79.452
-79.386
-79.463
-79.44
-79.276
-78.926
-79.002
-78.695
-78.548
-78.636
-78.755
-78.87
-78.848
-79.006
-78.954
-79.087
-78.84
-78.62
-78.861
-78.887
-78.838
-78.762
-78.615
-78.378
-78.308
-78.337
-78.372
-78.426
-78.317
-78.392
-78.127
-78.258
-78.452
-78.203
-78.261
-78.288
-78.389
-77.987
-78.022
-77.631
-77.57
-77.75
-77.682
-77.848
-77.911
-77.671
-77.874
-78.002
-78.161
-77.929
-78.09
-78.049
-78.171
-78.12
-78.278
-78.18
-78.501
-78.526
-78.423
-78.258
-78.062
-77.832
-77.678
-77.746
-77.743
-77.782
-77.608
-77.515
-77.472
-77.503
-77.584
-77.398
-77.191
-76.998
-77.215
-77.557
-77.337
-77.258
-77.071
-77.152
-77.206
-77.073
-77.151
-77.12
-77.036
-76.8
-76.749
-76.386
-76.219
-76.015
-76.102
-75.97
-75.998
-76.034
-75.815
-75.588
-75.847
-75.84
-75.813
-75.912
-75.697
-75.854
-76.172
-76.025
-76.061
