-73.556
-73.489
-73.545
-73.427
-73.433
-73.55
-73.749
-73.955
-74.067
-74.149
-74.284
-74.689
-74.776
-74.883
-74.855
-75.007
-75.257
-75.217
-75.093
-74.991
-74.468
-73.713
-72.933
-72.531
-71.945
-71.25
-70.816
-70.67
-70.131
-70.043
-70.36
-70.15
-70.008
-70.264
-70.343
-70.625
-70.81
-70.83
-71.097
-71.217
-71.585
-72.045
-72.075
-72.091
-72.344
-72.441
-72.685
-72.881
-73.249
-73.508
-73.666
-73.466
-73.38
-73.374
-72.715
-72.37
-71.759
-71.221
-70.863
-70.443
-70.179
-69.844
-69.661
-69.462
-69.456
-69.385
-69.452
-69.432
-69.529
-69.611
-69.52
-69.116
-69.18
-69.399
-69.444
-69.249
-69.151
-69.294
-69.67
-70.166
-70.412
-70.661
-70.816
-70.968
-71.23
-71.298
-71.361
-71.783
-71.935
-71.828
-72.116
-72.385
-72.557
-72.833
-72.717
-72.553
-71.803
-70.933
-70.042
-69.247
-68.635
-68.219
-67.646
-66.896
-66.432
-65.867
-65.578
-65.426
-65.313
-65.286
-65.123
-64.838
-65.027
-65.379
-65.686
-65.565
-65.942
-66.094
-66.549
-66.77
-67.091
-67.544
-67.843
-67.863
-67.992
-67.99
-67.927
-68.025
-68.101
-68.384
-68.11
-67.85
-67.784
-67.834
-67.896
-67.908
-68.064
-68.085
-68.195
-68.105
-68.265
-68.921
-68.891
-69.015
-69.169
-69.332
-69.492
-69.827
-69.997
-69.761
-70.245
-70.527
-70.397
-70.536
-70.777
-71.121
-71.202
-71.569
-71.721
-71.808
-71.952
-71.957
-71.77
-71.148
-70.188
-69.179
-68.246
-66.989
-66.158
-65.124
-64.076
-63.199
-62.67
-61.746
-61.186
-60.279
-59.911
-59.489
-59.048
-58.699
-58.546
-58.243
-58.139
-57.769
-57.298
-57.032
-56.877
-56.797
-56.944
-56.977
-56.912
-56.933
-57.066
-57
-57.052
-57.446
-57.494
-57.599
-57.409
-57.381
-57.33
-57.19
-57.063
-56.975
-56.956
-56.605
-56.438
-56.342
-56.131
-55.942
-55.853
-55.753
-55.857
-55.822
-55.982
-56.237
-56.291
-56.054
-56.393
-55.999
-55.646
-55.041
-54.317
-53.114
-51.818
-49.772
-46.408
-45
-45
-45
-45
-45
-45
-45
-45
-45
-45
-45
-45
-45
-45
-51.123
-57.063
-61.347
-64.31
-66.264
-67.185
-67.461
-67.545
-67.602
-67.085
-66.689
-66.088
-65.957
-65.304
-65.036
-64.662
-64.28
-64.171
-64.076
-65.785
-68.62
-71.495
-73.545
-75.064
-76.265
-77.098
-77.761
-77.897
-78.233
-78.367
-78.697
-78.808
-78.673
-78.558
-78.531
-78.52
-78.197
-78.032
-78.09
-78.191
-78.246
-78.353
-78.542
-78.544
-78.575
-78.327
-78.389
-78.026
-78.103
-78.324
-78.084
-77.951
-78.446
-78.639
-78.891
-78.869
-78.875
-78.726
-78.946
-78.999
-78.905
-78.86
-78.758
-78.87
-79.089
-78.905
-78.846
-78.687
-79.125
-79.14
-79.026
-79.287
-79.145
-79.044
-78.992
-78.941
-78.719
-78.632
-78.718
-78.395
-78.376
-78.245
-78.213
-78.303
-78.4
-78.372
-78.517
-78.548
-78.384
-78.77
-78.877
-78.994
-78.965
-78.911
-78.739
-78.805
-78.757
-79.059
-79.082
-78.985
-78.95
-78.928
-79.112
-79.194
-79.277
-79.133
-79.16
-79.134
-78.782
-78.668
-78.751
-78.507
-78.393
-78.465
-78.809
-78.907
-78.773
-79.201
-79.132
-79.154
-79.056
-79.219
-78.975
-79.086
-79.055
-78.927
-78.774
-78.805
-78.821
-79.098
-78.892
-79.056
-79.076
-79.063
-79.363
-79.509
-79.286
-79.155
-79.021
-78.988
-78.866
-78.936
-78.826
-78.949
-78.415
-77.9
-77.507
-77.042
-76.722
-76.425
-76.079
-75.669
-75.2
-75.167
-75.129
-74.915
-74.521
-73.957
-73.618
-73.201
-72.822
-72.8
-72.753
-72.833
-72.78
-72.878
-72.922
-73.098
-72.978
-72.558
-71.597
-70.45
-69.662
-69.267
-68.447
-68.045
-67.682
-67.77
-67.848
-67.794
-68.147
-68.292
-68.569
-68.667
-69.006
-69.441
-69.853
-70.103
-70.412
-70.518
-70.578
-70.568
-70.469
-70.407
-70.453
-70.811
-70.673
-70.766
-70.687
-71.005
-71.265
-71.434
-72.01
-72.736
-73.294
-74.096
-74.656
-74.782
-75.13
-75.134
-74.863
-74.803
-74.399
-74.228
-74.023
-74.185
-73.803
-73.636
-74.054
-74.195
-74.197
-74.104
-74.27
-74.317
-74.484
-74.649
-74.979
-75.426
-75.682
-75.658
-75.162
-74.324
-73.942
-73.62
-73.523
-73.205
-73.08
-72.758
-72.453
-72.232
-71.845
-71.28
-70.738
-70.294
-69.853
-70.014
-69.898
-69.807
-69.721
-69.959
-70.442
-70.58
-70.604
-70.813
-71.145
-70.977
-71.31
-71.535
-71.749
-71.756
-71.39
-71.126
-71.147
-70.77
-70.616
-70.831
-71.095
-71.171
-71.574
-72.124
-72.235
-72.218
-72.477
-72.615
-72.663
-72.721
-72.815
-72.898
-73.412
-73.366
-73.498
-73.661
-73.583
-73.63
-73.853
-74.133
-74.221
-74.46
-74.475
-74.446
-74.245
-73.937
-73.725
-73.756
-74.029
-74.475
-75.022
-75.494
-75.33
-75.128
-75.022
-75.085
-75.017
-75.007
-74.77
-74.427
-74.085
-74.336
-74.392
-74.565
-74.992
-75.054
-75.182
-75.348
-75.498
-75.755
-76.039
-76.229
-76.22
-76.415
-76.465
-76.583
-76.58
-76.932
-76.835
-77.027
-76.984
-77.137
-77.439
-78.03
-78.649
-78.867
-78.884
-78.958
-78.971
-79.15
-79.037
-79.299
-79.29
-79.358
-79.442
-79.54
-79.625
-79.604
-79.509
-79.632
-79.498
-79.515
-79.625
-79.392
-79.597
-79.693
-79.65
-79.577
-79.638
-79.495
-79.404
-79.605
-79.552
-79.883
-79.926
-79.803
-79.908
-79.5
-79.532
-79.548
-79.826
-79.835
-79.935
-80.167
-80.028
-80.084
-79.978
-79.775
-79.778
-79.717
-79.928
-79.568
-79.31
-79.552
-79.81
-79.66
-79.681
-79.519
-79.527
-79.675
-79.553
-79.584
-79.792
-79.614
-79.718
-79.738
-79.684
-79.777
-79.789
-80.056
-79.811
-79.836
-79.776
-79.785
-79.762
-79.826
-79.747
-79.729
-79.752
-79.823
-79.881
-79.99
-79.889
-79.95
-79.816
-79.605
-79.639
-79.692
-79.947
-80.218
-79.861
-79.879
-79.894
-80.097
-80.073
-80.144
-79.988
-79.674
-79.547
-79.683
-79.921
-79.97
-79.96
-79.91
-79.812
-79.735
-79.882
-80.007
-80.125
-80.129
-80.102
-80.207
-80.282
-80.173
-79.957
-79.929
-80.036
-79.956
-79.897
-79.877
-79.87
-79.752
-79.752
-79.839
-79.77
-79.792
-79.682
-79.606
-79.538
-79.518
-79.465
-79.325
-79.133
-78.394
-77.409
-76.55
-75.984
-75.516
-74.673
-74.003
-73.632
-73.263
-73.055
-73.041
-72.766
-72.956
-73.019
-73.133
-74.089
-74.91
-75.754
-76.364
-76.822
-77.406
-77.677
-77.796
-77.951
-78.005
-78.107
-78.179
-78.16
-78.359
-78.704
-78.841
-78.704
-78.554
-78.731
-78.68
-78.57
-78.882
-78.971
-79.017
-79.086
-79.025
-79.006
-79.16
-79.162
-79.082
-79.222
-79.163
-79.134
-79.206
-79.144
-78.983
-78.958
-78.457
-77.892
-77.449
-76.86
-76.338
-75.858
-75.645
-75.434
-75.191
-74.737
-74.703
-74.795
-74.8
-74.834
-74.955
-75.177
-75.268
-75.514
-75.532
-75.696
-75.839
-76.166
-76.238
-76.33
-76.657
-76.727
-76.86
-77.011
-77.438
-77.489
-77.497
-77.448
-77.506
-77.563
-77.689
-78.075
-78.051
-78.197
-78.381
-78.404
-78.299
-78.159
-78.383
-78.488
-78.546
-78.468
-78.574
-78.455
-78.52
-78.651
-78.749
-78.988
-78.922
-79.007
-79.305
-79.347
-79.555
-79.726
-79.343
-79.294
-79.232
-79.3
-79.345
-79.379
-79.564
-79.533
-79.358
-79.337
-79.278
-79.619
-79.518
-79.357
-79.259
-79.36
-79.548
-79.384
-79.253
-79.404
-79.471
-79.67
-79.379
-79.583
-79.731
-79.793
-79.694
-79.596
-79.783
-79.788
-79.64
-79.638
-79.737
-79.676
-79.835
-79.723
-79.844
-80.074
-80.057
-80.029
-80.198
-80.26
-80.242
-80.28
-80.061
-80.004
-79.987
-79.865
-79.613
-79.794
-79.83
-79.859
-80.166
-79.914
-80.202
-80.451
-80.413
-80.291
-80.23
-80.114
-80.13
-79.966
-80.165
-80.465
-80.818
-80.569
-80.723
-80.689
-80.588
-80.638
-80.705
-80.827
-81.077
-81.213
-81.107
-81.25
-81.223
-81.258
-80.992
-80.878
-80.793
-80.786
-80.966
-80.733
-80.741
-80.853
-80.537
-80.418
-80.544
-80.464
-80.566
-80.399
-80.335
-80.462
-80.517
-80.693
-80.58
-80.668
-80.6
-80.648
-80.867
-80.889
-81.05
-81.09
-80.878
-80.941
-81.118
-80.873
-80.773
-80.812
-80.611
-80.579
-80.815
-80.745
-80.748
-80.66
-80.713
-80.841
-80.924
-81.091
-81.367
-81.242
-81.343
-81.203
-81.009
-80.944
-81.054
-81.319
-81.269
-81.125
-81.107
-81.159
-80.983
-80.754
-80.784
-80.411
-80.392
-80.386
-80.352
-80.071
-80.056
-79.991
-79.541
-79.298
-78.773
-78.45
-78.26
-77.952
-77.829
-77.645
-77.306
-76.736
-76.523
-76.238
-76.066
-76.09
-75.815
-75.523
-75.171
-75.086
-74.964
-74.876
-74.924
-74.964
-74.984
-75.157
-75.107
-74.974
-74.899
-74.799
-74.963
-75.334
-75.635
-75.34
-75.56
-75.492
-75.724
-75.729
-76.004
-76.256
-76.482
-76.689
-76.587
-76.807
-77.453
-77.824
-78.675
-79.112
-79.401
-79.564
-79.769
