-85.177
-84.703
-84.758
-84.747
-84.77
-84.643
-84.871
-85.033
-85.002
-85.121
-85.306
-85.611
-85.663
-85.597
-85.534
-85.769
-85.709
-85.671
-85.797
-85.845
-85.901
-85.914
-85.928
-86.223
-86.145
-85.897
-85.857
-85.877
-85.758
-85.818
-86.125
-86.103
-86.057
-86.363
-86.3
-86.456
-86.456
-86.54
-86.409
-86.421
-86.501
-86.472
-86.832
-86.846
-86.941
-86.798
-86.448
-86.146
-85.758
-85.265
-84.789
-84.332
-83.978
-83.847
-83.279
-82.824
-82.479
-82.425
-82.34
-81.912
-81.38
-81.09
-80.92
-80.908
-80.754
-80.318
-80.299
-80.321
-80.272
-80.189
-80.245
-80.221
-80.113
-80.221
-80.133
-79.898
-79.97
-79.868
-80.218
-80.052
-79.734
-79.672
-79.467
-79.516
-79.201
-79.231
-79.296
-79.094
-78.915
-79.179
-79.254
-79.617
-79.737
-80.075
-80.123
-79.895
-80.13
-80.224
-80.385
-80.557
-80.619
-80.658
-80.693
-80.812
-80.889
-80.901
-80.606
-80.688
-80.8
-80.903
-80.7
-80.526
-80.456
-80.773
-80.868
-80.917
-81.137
-81.028
-80.975
-81.027
-81.163
-81.006
-80.825
-80.927
-81.138
-80.939
-80.824
-80.845
-80.96
-81.263
-81.125
-81.192
-81.139
-81.105
-81.034
-80.969
-80.972
-81.101
-81.378
-81.093
-81.285
-81.118
-81.216
-81.037
-81.09
-81.464
-81.624
-81.88
-82.072
-82.062
-82.033
-81.901
-82.018
-82.391
-82.752
-82.712
-82.778
-82.557
-82.597
-82.544
-82.816
-83.086
-83.129
-83.261
-83.295
-83.249
-83.308
-83.13
-83.086
-83.266
-83.556
-83.515
-83.403
-83.352
-83.624
-83.676
-83.54
-83.594
-83.614
-83.692
-83.811
-84.031
-84.11
-84.206
-84.376
-84.368
-84.672
-84.653
-84.712
-84.776
-84.565
-85.006
-85.11
-84.952
-84.819
-84.776
-84.666
-84.358
-84.373
-84.227
-84.071
-84.131
-84.11
-83.995
-84.114
-84.22
-84.054
-84.168
-84.201
-84.303
-84.199
-84.234
-84.198
-84.354
-84.245
-84.635
-84.667
-84.595
-84.398
-84.289
-84.333
-84.518
-84.431
-84.711
-84.829
-84.896
-84.868
-84.646
-84.492
-84.432
-84.59
-84.544
-84.371
-84.332
-84.35
-84.27
-84.215
-84.272
-84.456
-84.659
-84.669
-84.703
-84.964
-85.018
-84.924
-84.778
-84.72
-84.857
-85.104
-85.277
-85.418
-85.293
-85.305
-85.424
-85.563
-85.41
-85.402
-85.471
-85.136
-85.475
-85.649
-85.719
-85.58
-85.896
-86.127
-86.412
-86.089
-86.237
-86.477
-86.248
-85.955
-86.176
-86.202
-86.056
-86.227
-86.417
-86.229
-86.365
-86.527
-86.602
-86.554
-86.641
-86.684
-86.997
-87.538
-87.507
-87.506
-87.386
-87.45
-87.395
-87.637
-87.486
-86.848
-86.302
-85.873
-85.21
-85.085
-85.142
-84.852
-84.324
-84.03
-83.66
-82.956
-82.499
-81.935
-81.496
-80.519
-79.664
-78.852
-77.882
-76.8
-75.881
-74.78
-74.071
-73.387
-72.574
-72.24
-71.793
-71.351
-70.904
-70.486
-70.317
-69.81
-69.69
-69.349
-69.093
-69.251
-69.189
-68.749
-68.414
-68.322
-68.306
-67.972
-68.087
-68.068
-67.678
-67.508
-66.901
-66.971
-66.946
-66.986
-66.91
-66.904
-66.881
-67.095
-67.155
-67.534
-67.374
-66.899
-66.122
-65.812
-65.43
-65.269
-64.897
-64.571
-64.539
-64.326
-64.151
-63.723
-63.234
-62.936
-62.059
-60.992
-60.001
-59.31
-58.39
-57.704
-56.558
-55.575
-54.724
-53.555
-52.264
-50.55
-47.886
-45
-45
-45
-45
-45
-45
-45
-45
-45
-45
-45
-45
-45
-45
-48.904
-55.634
-61.037
-64.553
-67.1
-68.75
-70.176
-70.62
-71.072
-71.569
-71.529
-71.733
-71.677
-71.73
-71.949
-71.948
-71.679
-71.475
-71.616
-71.54
-71.702
-71.691
-71.974
-71.982
-71.823
-71.438
-71.23
-70.765
-70.677
-70.341
-69.963
-69.524
-69.094
-68.94
-68.58
-68.466
-68.376
-68.027
-67.733
-67.611
-67.209
-67.033
-67.177
-66.906
-66.867
-66.835
-66.63
-66.685
-66.813
-66.842
-66.705
-66.637
-66.555
-66.43
-66.235
-65.821
-65.638
-65.254
-65.223
-65.02
-64.264
-63.736
-62.862
-62.285
-61.728
-60.871
-60.042
-59.408
-58.63
-57.877
-56.932
-56.136
-55.148
-54.18
-52.881
-51.643
-49.213
-45.327
-45
-45
-45
-45
-45
-45
-45
-45
-45
-45
-45
-45
-45
-46.138
-53.098
-58.887
-63.21
-66.257
-67.913
-69.074
-69.489
-69.819
-69.898
-70.05
-70.036
-70.129
-70.04
-70.025
-69.796
-69.734
-69.977
-70.297
-70.256
-70.227
-70.278
-70.039
-69.533
-69.105
-68.734
-68.405
-68.01
-67.717
-67.541
-67.2
-66.943
-66.731
-66.233
-65.85
-65.541
-65.286
-65.098
-65.132
-64.983
-64.915
-64.538
-64.234
-63.992
-64.073
-64.094
-64.279
-64.344
-64.21
-64.218
-64.402
-64.376
-64.337
-64.259
-64.17
-64.152
-64.123
-64.373
-64.242
-64.393
-64.25
-64.145
-63.906
-63.912
-64.317
-64.211
-64.235
-64.234
-64.143
-63.926
-64.356
-64.537
-64.733
-65.012
-65.191
-65.317
-65.851
-65.773
-65.869
-65.866
-65.971
-66.4
-66.799
-67.08
-67.127
-67.157
-67.456
-67.559
-67.564
-67.442
-67.785
-67.904
-68.021
-68.323
-68.712
-69.021
-69.389
-69.42
-69.591
-69.98
-70.26
-70.466
-70.581
-70.402
-70.319
-70.23
-69.947
-69.551
-69.541
-69.296
-69.195
-68.944
-68.597
-67.85
-67.517
-67.108
-66.715
-66.56
-66.213
-65.633
-65.156
-64.77
-64.556
-64.267
-63.79
-63.536
-63.277
-63.226
-63.04
-63.049
-63.175
-63.215
-62.931
-62.756
-62.812
-62.609
-62.6
-62.746
-62.738
-62.656
-62.639
-62.667
-62.546
-62.489
-62.838
-62.929
-63.314
-63.708
-63.758
-63.922
-63.949
-63.75
-63.752
-63.597
-64.085
-64.11
-64.13
-64.522
-64.718
-64.559
-64.61
-64.729
-64.878
-65.026
-65.361
-65.632
-65.705
-65.793
-66.118
-66.141
-66.133
-65.957
-66.191
-66.376
-66.652
-67.155
-67.555
-67.659
-67.683
-67.887
-67.81
-67.978
-68.1
-68.124
-68.603
-68.721
-68.784
-68.913
-69.471
-69.136
-69.271
-69.199
-69.534
-69.783
-69.616
-69.693
-69.708
-69.932
-70.131
-70.235
-70.709
-70.88
-71.274
-71.84
-72.157
-72.011
-72.259
-72.196
-72.021
-72.267
-72.023
-71.716
-71.654
-71.633
-71.601
-71.112
-70.777
-70.381
-70.193
-69.864
-69.922
-69.694
-69.948
-69.934
-69.811
-69.687
-69.546
-69.336
-68.919
-68.854
-68.852
-68.921
-68.857
-68.863
-68.959
-69.068
-69.167
-69.035
-69.142
-69.096
-69.044
-68.893
-68.972
-68.88
-69.209
-69.221
-69.305
-69.496
-69.747
-69.909
-70.013
-70.103
-70.24
-70.33
-70.526
-70.857
-70.976
-71.074
-71.185
-71.351
-71.355
-71.329
-71.444
-71.587
-71.635
-71.969
-72.053
-71.998
-72.001
-71.795
-71.976
-71.877
-71.68
-71.705
-71.862
-72.063
-71.986
-72.061
-72.402
-72.675
-72.702
-72.518
-72.782
-73.014
-73.353
-73.352
-73.113
-73.184
-73.237
-73.497
-74.08
-74.424
-74.695
-74.711
-74.945
-74.914
-74.739
-74.756
-74.882
-75.092
-75.152
-75.337
-75.216
-75.319
-75.094
-75.176
-75.321
-75.263
-75.127
-75.285
-75.473
-75.413
-75.592
-75.778
-75.809
-75.927
-76.157
-76.213
-76.301
-76.606
-76.557
-76.766
-76.407
-76.411
-76.424
-76.147
-76.417
-76.491
-76.645
-76.579
-76.719
-76.983
-76.944
-77.13
-77.193
-77.285
-77.369
-77.415
-77.565
-77.764
-78.115
-78.322
-78.594
-78.9
-78.876
-78.994
-79.306
-79.393
-79.259
-79.532
-79.834
-79.76
-80.142
-80.099
-80.068
-79.888
-79.811
-80.025
-79.763
-79.692
-79.779
-79.624
-79.825
-80.205
-80.224
-80.255
-80.408
-80.506
-80.587
-80.667
-80.711
-80.545
-80.44
-80.637
-80.794
-80.822
-81.092
-81.482
-81.321
-81.238
-81.48
-81.343
-81.474
-81.595
-81.727
-81.963
-81.964
-82.086
-82.091
-81.934
-81.825
-81.852
-81.939
-82.213
-82.529
-82.53
-82.698
-82.822
-83.241
-83.489
-83.519
-83.461
-83.681
-83.404
-83.4
-83.662
-83.632
-83.851
-83.714
-83.812
-83.748
-83.476
-83.419
-83.689
-83.883
-84.051
-84.304
-84.405
-84.379
-84.291
-84.105
-83.965
-84.131
-84.415
-84.477
-84.625
-84.904
-84.689
-84.884
-84.944
-84.974
-85.289
-85.33
-85.466
-85.316
-85.428
-85.446
-85.801
-85.97
-86.134
-86.082
-85.98
-86.035
-85.973
-85.797
-85.686
-85.686
-85.61
-85.617
-85.565
-85.878
-86.172
-86.079
-86.225
-86.39
-86.396
-86.458
-86.433
-86.443
-86.371
-86.198
-86.209
-86.402
-86.477
-86.23
-86.256
-86.27
-86.468
-86.309
-86.256
-86.149
-86.365
-86.326
-86.347
-85.982
-85.652
-85.347
-85.093
-84.886
-84.583
-84.034
-83.884
-83.382
-83.1
-82.728
-82.283
-81.872
-81.508
-81.355
-81.009
-80.767
-80.848
-80.547
-80.245
-80.022
-80.092
-80.116
-79.958
-79.678
-79.378
-79.273
-79.33
-79.15
-79.012
-79.069
-78.984
-78.815
-79.118
-79.185
-78.921
-78.754
-78.726
-78.469
-78.502
-78.576
-78.687
-78.572
-78.47
-78.482
-78.43
-78.458
-78.41
