-77.754
-77.734
-77.685
-77.722
-77.685
-77.421
-77.375
-77.798
-77.638
-77.503
-77.475
-77.605
-77.65
-77.513
-77.696
-77.236
-77.222
-77.115
-76.908
-77.112
-76.92
-77.146
-77.379
-77.307
-77.417
-77.518
-77.649
-77.596
-77.104
-77.252
-77
-76.636
-76.571
-76.83
-76.67
-76.677
-76.595
-77.137
-77.207
-77.255
-77.121
-76.989
-77.172
-77.253
-77.021
-77.129
-77.289
-77.568
-77.479
-77.863
-77.851
-78.134
-78.262
-78.318
-78.243
-77.729
-77.764
-77.902
-77.943
-78.224
-78.534
-78.466
-78.739
-78.588
-78.465
-78.464
-78.846
-78.62
-78.636
-78.939
-78.69
-78.696
-79.082
-79.004
-78.883
-78.973
-79.145
-79.245
-79.171
-79.274
-79.091
-79.145
-79.446
-79.784
-79.611
-79.407
-79.392
-79.443
-79.584
-79.708
-79.487
-79.568
-79.753
-79.941
-80.063
-80.052
-80.145
-80.378
-80.192
-80.341
-80.524
-80.232
-80.174
-80.331
-80.119
-79.865
-79.716
-79.731
-80.034
-79.933
-79.936
-79.856
-79.939
-79.947
-79.863
-79.692
-79.598
-79.639
-79.772
-79.469
-79.532
-79.755
-79.784
-79.731
-79.533
-79.549
-79.529
-79.433
-79.541
-79.69
-79.809
-79.479
-79.272
-79.283
-79.36
-79.334
-79.38
-79.307
-79.1
-78.92
-78.827
-79.075
-78.946
-78.83
-78.831
-78.876
-78.997
-78.89
-78.805
-78.924
-78.883
-78.776
-78.589
-78.315
-78.049
-77.854
-77.524
-77.057
-76.851
-76.716
-76.347
-76.193
-75.891
-75.62
-75.187
-74.982
-74.741
-74.549
-74.257
-74.059
-73.938
-73.63
-73.405
-73.351
-73.373
-73.163
-73.32
-72.916
-72.828
-72.209
-72.098
-72.054
-71.871
-71.883
-71.943
-71.871
-71.532
-71.785
-72.787
-74.401
-75.471
-76.641
-77.691
-78.137
-78.769
-79.407
-79.499
-79.644
-79.752
-79.854
-79.763
-79.731
-79.909
-80.109
-80.195
-80.123
-80.124
-80.028
-79.674
-79.501
-79.237
-79.234
-78.931
-78.627
-78.652
-79.173
-78.944
-78.918
-78.805
-78.78
-78.662
-78.626
-78.387
-78.412
-77.917
-77.785
-77.781
-78.066
-78.109
-78.144
-78.16
-78.139
-78.178
-78.186
-78.256
-78.29
-78.162
-78.105
-78.276
-78.04
-77.905
-77.958
-78.066
-77.869
-77.996
-78.001
-78.272
-78.334
-78.293
-78.598
-78.524
-78.808
-78.966
-78.972
-79.041
-78.968
-79.188
-79.223
-79.338
-79.507
-79.572
-79.501
-79.538
-79.373
-79.214
-79.176
-79.266
-79.494
-79.411
-79.44
-79.534
-79.731
-79.679
-79.763
-79.636
-79.448
-79.482
-79.339
-79.239
-79.037
-78.967
-78.836
-78.688
-78.726
-78.496
-78.756
-78.989
-78.835
-78.77
-78.496
-78.143
-77.965
-78.054
-78.08
-78.168
-77.85
-77.846
-77.875
-78.037
-77.993
-78.166
-78.298
-78.254
-78.26
-78.263
-78.236
-78.177
-78.217
-78.319
-78.223
-78.117
-78.142
-78.474
-78.418
-78.798
-78.716
-78.818
-79.161
-79.276
-78.893
-79.056
-79.066
-78.919
-78.884
-78.885
-78.42
-78.433
-77.928
-77.883
-77.624
-77.813
-77.88
-78.045
-78.144
-77.99
-78.083
-78.169
-78.27
-78.288
-78.243
-78.137
-78.293
-78.335
-78.074
-78.194
-78.38
-78.34
-78.233
-78.346
-78.467
-78.393
-78.369
-78.676
-78.79
-78.91
-78.955
-78.906
-79.358
-79.485
-79.55
-79.335
-78.965
-79.156
-78.942
-79.017
-79.076
-79.232
-79.473
-79.386
-79.461
-79.53
-79.392
-79.183
-79.278
-79.225
-79.245
-79.382
-79.669
-79.622
-79.721
-79.822
-79.774
-79.627
-79.81
-79.941
-80.039
-80.148
-79.995
-79.75
-79.509
-79.647
-79.545
-79.844
-79.503
-79.687
-80.05
-80.064
-80.004
-79.882
-79.994
-80.114
-80.096
-79.932
-79.952
-79.678
-79.792
-79.688
-79.661
-79.988
-79.995
-80.115
-80.009
-79.978
-80.098
-80.107
-79.999
-79.993
-80.231
-80.23
-80.173
-80.179
-80.506
-80.578
-80.403
-80.254
-80.245
-80.241
-80.251
-80.423
-80.34
-80.159
-80.071
-79.696
-79.763
-79.643
-79.718
-79.393
-79.436
-79.285
-79.426
-79.397
-79.335
-79.346
-79.092
-78.929
-78.926
-78.959
-79.066
-79.295
-79.434
-79.572
-79.561
-79.57
-79.484
-79.302
-79.414
-79.492
-79.699
-79.786
-79.746
-79.866
-80.183
-80.221
-80.321
-80.375
-80.393
-80.349
-80.225
-80.35
-80.579
-80.508
-80.611
-80.504
-80.427
-80.567
-80.188
-80.243
-80.464
-80.378
-80.681
-80.64
-80.665
-80.639
-80.68
-80.494
-80.637
-80.633
-80.759
-80.735
-80.691
-80.891
-81.05
-81.38
-81.035
-80.866
-80.919
-80.852
-80.889
-81.013
-81.142
-81.236
-81.072
-81.051
-80.871
-81.132
-81.115
-81.026
-80.919
-80.903
-80.9
-80.63
-80.591
-80.592
-80.483
-80.283
-80.093
-79.904
-80.003
-80.018
-80.102
-80.357
-80.305
-80.571
-80.905
-80.803
-80.611
-80.339
-80.339
-80.644
-80.857
-81.067
-80.821
-80.762
-81.108
-80.959
-80.988
-80.727
-80.719
-80.882
-81.087
-80.983
-81.011
-80.595
-80.772
-81.043
-81.058
-81.115
-81.318
-81.089
-80.923
-80.916
-80.786
-80.516
-80.743
-80.357
-80.161
-80.39
-80.465
-80.414
-80.201
-80.116
-80.516
-80.518
-80.388
-80.34
-79.903
-79.982
-80.035
-80.2
-80.179
-80.317
-79.994
-79.809
-79.651
-79.617
-79.286
-79.3
-79.068
-79.19
-79.527
-79.38
-79.44
-79.18
-79.114
-79.42
-79.667
-79.559
-79.714
-79.55
-79.628
-79.368
-79.281
-79.676
-79.986
-79.93
-79.778
-79.698
-79.453
-79.482
-79.572
-79.631
-79.629
-79.712
-79.529
-79.557
-79.591
-79.724
-79.692
-79.831
-79.894
-80.058
-80.215
-80.33
-80.359
-80.255
-79.907
-79.682
-79.609
-79.874
-79.876
-79.772
-79.789
-79.85
-79.57
-79.286
-79.298
-78.971
-79.163
-79.209
-79.14
-78.904
-79.043
-78.882
-78.919
-78.649
-78.834
-78.91
-78.979
-79.055
-79.347
-78.984
-79.278
-79.475
-79.451
-79.674
-79.602
-79.643
-79.716
-79.682
-79.709
-79.617
-79.76
-79.699
-79.399
-79.57
-79.49
-79.381
-79.486
-79.588
-79.604
-79.711
-79.796
-79.599
-79.82
-79.797
-79.519
-79.274
-79.304
-79.016
-78.925
-78.829
-78.795
-78.68
-78.739
-79.052
-79.112
-78.944
-78.881
-78.84
-79.055
-78.84
-78.813
-78.978
-79.209
-79.529
-79.473
-79.307
-79.314
-79.379
-79.179
-79.269
-79.123
-79.193
-79.085
-79.127
-79.065
-79.107
-79.383
-79.18
-79.247
-79.399
-79.622
-79.537
-79.683
-79.282
-79.334
-79.537
-79.444
-79.249
-79.146
-79.214
-79.425
-79.711
-79.614
-79.523
-79.675
-79.598
-79.811
-80.142
-80.146
-80.071
-80.063
-80.487
-80.658
-80.836
-80.658
-80.6
-80.406
-80.596
-80.685
-80.554
-80.536
-80.447
-80.541
-80.328
-80.36
-80.213
-80.385
-80.22
-80.203
-80.098
-80.737
-80.755
-80.97
-80.679
-80.662
-80.525
-80.627
-80.554
-80.387
-80.27
-80.386
-80.134
-80.284
-80.542
-80.714
-80.458
-80.63
-80.693
-81.086
-81.096
-81.07
-81.024
-81.142
-81.058
-81.261
-81.339
-81.344
-81.479
-81.327
-81.382
-81.396
-81.185
-81.172
-81.08
-81.091
-81.043
-81.202
-81.068
-80.87
-80.923
-80.773
-80.861
-80.821
-80.716
-80.591
-80.645
-80.522
-80.534
-80.503
-80.367
-80.373
-80.48
-80.649
-80.543
-80.406
-80.471
-80.662
-80.59
-80.712
-80.675
-80.88
-80.88
-80.631
-80.469
-80.645
-80.506
-80.79
-80.934
-80.726
-80.401
-80.382
-80.38
-80.359
-80.246
-80.255
-80.66
-80.719
-80.804
-80.67
-80.633
-80.997
-80.79
-80.757
-80.794
-80.404
-80.436
-80.346
-80.474
-80.698
-80.968
-80.872
-80.761
-80.972
-81.272
-81.433
-81.378
-81.446
-81.709
-81.607
-81.773
-81.68
-81.707
-81.74
-82.097
-82.232
-82.5
-82.545
-82.529
-82.666
-82.75
-82.864
-82.749
-82.634
-82.546
-82.375
-82.348
-82.378
-82.668
-82.561
-82.899
-82.724
-82.626
-82.66
-82.597
-82.606
-82.675
-82.507
-82.485
-82.59
-82.538
-82.436
-82.084
-82.116
-81.914
-82.025
-82.206
-82.158
-82.204
-82.38
-82.763
-82.801
-83.085
-83.023
-82.897
-82.762
-82.595
-82.39
-82.313
-82.281
-82.502
-82.467
-82.688
-82.631
-82.871
-83.059
-82.903
-82.943
-83.323
-83.145
-83.089
-82.943
-83.061
-83.132
-83.067
-83.376
-83.344
-83.111
-83.146
-83.179
-83.262
-83.154
-83.214
-83.333
-83.705
-83.676
-83.779
-84.12
-84.172
-84.45
-84.571
-84.638
-84.563
-84.44
-84.318
-84.497
-84.522
-84.549
-84.621
-84.748
-84.604
-84.612
-84.381
-84.238
-84.375
-84.487
-84.224
-84.033
-84.126
-83.965
-84.092
-84.183
-84.44
-84.479
-84.347
-84.459
-84.537
-84.744
-84.546
-84.541
-84.352
-84.029
-84.1
-83.968
-83.89
-83.562
-83.704
-83.7
-83.626
-83.7
-83.547
-83.691
-83.646
-83.612
-83.587
-83.655
-83.837
-83.84
-83.779
-83.692
-83.747
-83.633
-83.539
-83.504
-83.559
-83.664
-83.691
-84.035
-84.174
-83.907
-83.959
-84.012
-84.19
-84.076
-84.167
-84.205
-84.128
-84.235
-84.423
-84.411
-84.404
-84.494
-84.711
-84.558
-84.512
-84.714
-84.621
-84.801
-84.725
-84.592
-84.344
