-88.679
-88.931
-89.346
-89.379
-89.491
-89.589
-89.684
-89.668
-89.639
-89.847
-89.984
-89.902
-90.095
-90.107
-90.107
-90.075
-90.127
-90.279
-90.229
-90.497
-90.545
-90.416
-90.442
-90.763
-90.495
-90.55
-90.591
-90.481
-90.596
-90.87
-90.772
-90.777
-90.397
-90.561
-90.278
-89.772
-89.915
-89.793
-89.769
-89.739
-89.947
-90.111
-90.148
-89.984
-90.149
-90.209
-90.4
-90.712
-90.736
-91.038
-91.268
-91.532
-91.632
-91.611
-91.441
-91.518
-91.343
-91.106
-91.1
-91.425
-91.679
-91.534
-91.895
-92.171
-92.258
-92.39
-92.322
-92.234
-92.191
-92.177
-92.044
-92.078
-92.263
-92.284
-92.593
-92.748
-92.859
-93.119
-93.158
-93.345
-93.457
-93.096
-93.199
-93.626
-93.793
-93.67
-93.651
-93.626
-93.687
-93.478
-93.553
-93.512
-93.633
-93.762
-93.845
-93.714
-93.692
-93.652
-93.646
-93.704
-93.627
-93.549
-93.516
-93.376
-93.428
-93.606
-93.678
-93.589
-93.583
-93.949
-93.797
-93.755
-93.691
-93.935
-93.824
-93.629
-93.561
-93.617
-93.718
-93.605
-93.335
-93.073
-93.087
-93.188
-93.292
-93.15
-93.229
-93.366
-93.32
-93.159
-93.029
-92.911
-92.613
-92.657
-92.632
-92.619
-92.605
-92.68
-92.292
-92.251
-92.267
-92.392
-92.456
-92.522
-92.768
-92.886
-93.304
-92.991
-93.047
-93.058
-92.912
-92.815
-92.727
-92.993
-93.098
-93.156
-93.24
-93.219
-93.05
-92.902
-92.756
-92.946
-92.982
-92.927
-92.864
-93.214
-92.962
-93.164
-93.103
-93.024
-92.855
-92.746
-92.447
-92.458
-92.498
-92.64
-92.757
-92.776
-92.626
-92.25
-92.071
-92.243
-92.492
-92.259
-92.132
-91.971
-91.969
-92.111
-92.236
-92.281
-92.14
-92.207
-92.342
-92.351
-92.268
-92.255
-92.451
-92.503
-92.749
-92.885
-92.849
-92.961
-93.155
-93.256
-93.507
-93.663
-93.597
-93.526
-93.445
-93.426
-93.387
-93.669
-93.6
-93.767
-94.042
-94.136
-94.228
-94.254
-94.291
-94.079
-94.057
-93.945
-93.97
-94.135
-94.3
-93.997
-93.665
-94.014
-93.913
-93.896
-93.879
-93.82
-93.963
-93.868
-93.759
-93.744
-93.772
-94.077
-94.115
-94.05
-93.913
-93.883
-94.006
-94.089
-94.423
-94.287
-94.004
-93.889
-93.764
-93.965
-93.899
-93.932
-93.97
-93.682
-93.533
-93.5
-93.556
-93.509
-93.324
-93.288
-93.111
-93.282
-93.274
-93.253
-93.318
-93.407
-93.439
-93.685
-93.768
-93.515
-93.763
-93.89
-93.679
-93.538
-93.229
-93.501
-93.526
-93.414
-93.358
-93.635
-93.854
-93.913
-94.073
-93.791
-93.615
-93.667
-93.678
-93.598
-93.552
-93.711
-93.58
-93.432
-93.58
-93.425
-93.191
-93.188
-93.297
-93.214
-93.296
-93.454
-93.562
-93.586
-93.582
-93.488
-93.586
-93.436
-93.225
-93.064
-92.92
-92.832
-92.842
-92.927
-92.824
-92.645
-92.531
-92.769
-92.625
-92.572
-92.604
-92.58
-92.681
-92.984
-93.002
-92.768
-92.674
-92.822
-92.849
-92.985
-92.917
-93.166
-92.77
-92.738
-92.822
-92.831
-92.701
-92.832
-93.004
-93.052
-93.02
-92.927
-93.053
-93.008
-93.291
-93.306
-93.546
-93.789
-93.622
-93.482
-93.513
-93.734
-93.641
-93.685
-93.531
-93.501
-93.381
-93.344
-93.299
-93.265
-92.969
-93.042
-93.124
-93.16
-93.048
-93.124
-93.021
-93.38
-93.547
-93.676
-93.427
-93.604
-93.392
-93.442
-93.239
-93.384
-93.227
-93.216
-93.02
-92.955
-93.122
-93.07
-92.959
-93.067
-93.188
-93.324
-93.222
-93.053
-93.106
-92.735
-92.478
-92.711
-92.719
-92.627
-92.467
-92.381
-92.559
-92.716
-92.56
-92.587
-92.496
-92.287
-92.548
-92.346
-92.109
-91.928
-91.648
-90.675
-89.48
-87.767
-85.832
-83.927
-82.064
-80.093
-78.277
-76.276
-74.655
-73.096
-71.293
-70.118
-68.421
-67.127
-65.974
-64.906
-63.787
-62.696
-61.528
-60.529
-59.361
-58.1
-56.868
-55.598
-54.602
-53.252
-51.779
-49.732
-45.832
-45
-45
-45
-45
-45
-45
-45
-45
-45
-45
-45
-45
-45
-45
-50.714
-56.556
-61.023
-64.092
-65.896
-67.281
-68.061
-68.282
-68.311
-68.393
-68.473
-68.493
-68.001
-67.757
-67.418
-67.094
-66.93
-66.531
-66.148
-66.001
-65.434
-64.867
-64.3
-63.927
-62.877
-62.624
-61.901
-61.547
-61.148
-60.704
-60.071
-59.388
-59.202
-59.102
-58.677
-58.325
-58.13
-57.472
-56.979
-56.789
-56.353
-55.868
-55.337
-54.818
-54.01
-53.17
-52.148
-51.104
-49.463
-46.551
-45
-45
-45
-45
-45
-45
-45
-45
-45
-45
-45
-45
-45
-45.573
-51.823
-57.577
-61.772
-64.716
-66.61
-67.822
-68.619
-69.182
-69.431
-69.671
-69.611
-69.509
-69.273
-69.149
-68.669
-68.44
-68.08
-68.163
-67.51
-67.203
-66.955
-66.615
-66.242
-66.086
-65.705
-65.438
-65.311
-64.981
-64.948
-64.801
-64.533
-64.501
-64.579
-64.309
-64.471
-64.329
-63.975
-63.896
-64.021
-64.049
-63.844
-63.869
-63.812
-63.798
-63.728
-63.903
-63.925
-64.146
-64.225
-64.439
-64.392
-64.444
-64.268
-64.073
-63.768
-63.723
-63.734
-63.525
-63.144
-62.954
-62.747
-62.408
-62.15
-61.76
-61.179
-60.646
-60.319
-60.234
-59.965
-59.739
-59.27
-59.131
-58.738
-58.469
-57.921
-57.518
-56.792
-56.275
-55.746
-55.406
-54.917
-54.251
-53.525
-52.615
-51.432
-49.788
-47.322
-45
-45
-45
-45
-45
-45
-45
-45
-45
-45
-45
-45
-45
-45
-50.646
-57.078
-61.783
-65.173
-67.468
-68.713
-69.832
-70.505
-71.026
-71.326
-71.892
-71.847
-71.942
-71.942
-71.954
-72.021
-72.078
-72.124
-72.23
-72.292
-72.549
-72.671
-72.689
-72.453
-72.657
-72.847
-72.633
-72.544
-72.368
-72.244
-72.337
-72.29
-72.406
-72.564
-72.721
-72.782
-73.121
-73.335
-73.576
-73.547
-73.687
-73.985
-74.359
-74.446
-74.931
-75.053
-75.285
-75.507
-75.604
-75.885
-75.814
-75.657
-75.593
-75.422
-75.73
-75.551
-75.571
-75.937
-76.01
-76.281
-76.177
-76.25
-76.226
-76.424
-76.307
-76.575
-76.312
-76.117
-76.224
-76.067
-76.152
-76.302
-76.49
-76.635
-76.697
-76.673
-76.894
-76.974
-77.368
-77.517
-77.519
-77.857
-78.059
-77.845
-78.053
-78.288
-78.494
-78.857
-78.908
-79.068
-79.231
-79.327
-79.507
-79.445
-79.356
-79.69
-79.941
-79.598
-79.53
-79.278
-79.484
-79.854
-80.22
-80.359
-80.422
-80.465
-80.511
-80.557
-80.743
-80.981
-80.853
-80.974
-81.47
-81.611
-81.797
-81.95
-82.019
-82.285
-82.598
-82.607
-82.635
-82.884
-82.867
-82.828
-82.971
-83.247
-83.1
-82.874
-82.853
-83.017
-82.962
-83.001
-82.925
-83.057
-83.098
-83.141
-83.188
-83.638
-83.776
-83.879
-84.145
-84.203
-84.275
-84.397
-84.311
-84.298
-84.548
-84.625
-84.455
-84.506
-84.327
-84.386
-84.492
-84.583
-84.511
-84.386
-84.382
-84.286
-84.329
-84.146
-84.296
-84.024
-84.03
-83.946
-83.836
-83.676
-83.543
-83.878
-83.926
-84.167
-83.913
-83.904
-84.04
-83.997
-84.152
-84.077
-84.167
-84.147
-84.228
-84.349
-84.1
-84.327
-84.484
-84.616
-84.714
-84.619
-84.578
-84.659
-84.421
-84.796
-84.727
-85.062
-85.296
-85.566
-85.572
-85.403
-85.272
-85.526
-85.815
-86.053
-86.18
-86.06
-86.056
-86.283
-86.269
-86.287
-86.21
-86.298
-86.253
-86.271
-86.52
-86.653
-86.498
-86.247
-86.282
-86.213
-85.984
-86.256
-86.206
-86.044
-86.038
-85.832
-86.181
-86.07
-85.831
-85.904
-85.954
-86.037
-86.101
-86.081
-85.899
-85.984
-86.262
-86.448
-86.453
-86.492
-86.551
-86.647
-86.817
-86.695
-86.773
-86.997
-86.917
-87.194
-87.11
-87.3
-87.09
-87.294
-87.51
-87.534
-87.406
-87.64
-87.67
-87.614
-87.947
-87.79
-87.661
-87.661
-87.696
-87.799
-88.016
-88.187
-88.146
-88.28
-88.188
-88.326
-88.35
-88.491
-88.324
-87.876
-87.897
-88.203
-88.403
-88.502
-88.573
-88.457
-88.156
-88.188
-88.092
-88.012
-87.948
-87.967
-88.295
-88.585
-88.74
-88.524
-88.541
-88.613
-88.614
-88.416
-88.506
-88.371
-88.296
-88.266
-88.374
-88.222
-88.251
-88.327
-88.553
-88.528
-88.272
-88.236
-88.475
-88.612
-88.371
-88.217
-88.059
-87.96
-88.138
-88.243
-88.313
-88.018
-88.293
-88.326
-88.231
-88.458
-88.059
-87.873
-87.938
-87.789
-87.92
-87.984
-87.911
-88.176
-88.181
-88.413
-88.47
-88.608
-88.326
-88.215
-88.222
-88.134
-88.014
-88.111
-88.162
-88.113
-88.206
-88.162
-88.222
-88.015
-87.99
-88.123
-88.593
-88.862
-89.085
-89.173
-89.363
-89.447
-89.704
-89.759
-90.002
-90.133
-90.204
-90.273
-90.403
-90.52
-90.361
-90.372
-90.402
-90.595
-90.669
-90.685
-90.749
-90.956
-91.039
-91.209
-91.329
-91.736
-91.842
-91.963
-92.292
-92.327
-92.255
-92.317
-92.073
-92.317
-92.063
-92.35
-92.435
-92.43
-92.685
-92.625
-93.082
-93.052
-92.945
-93.167
-92.974
