-77.901
-77.914
-78.154
-78.465
-78.379
-78.404
-78.55
-78.846
-78.924
-79.136
-78.944
-78.788
-78.623
-78.447
-78.528
-78.485
-78.551
-78.812
-78.657
-78.546
-78.539
-78.748
-78.912
-79.066
-79.19
-79.214
-79.055
-79.091
-79.097
-78.863
-79.117
-79.238
-78.981
-78.973
-78.632
-78.727
-78.734
-78.825
-78.583
-78.225
-78.098
-78.129
-78.147
-78.128
-78.201
-78.364
-78.477
-78.483
-78.413
-78.396
-78.628
-78.63
-78.694
-78.974
-78.947
-79.032
-79.456
-79.246
-79.081
-79.365
-79.376
-79.142
-78.985
-78.911
-78.869
-78.821
-78.821
-78.722
-78.462
-78.42
-78.233
-78.361
-78.169
-78.128
-78.232
-78.2
-78.378
-78.399
-78.718
-78.694
-79.004
-78.866
-79.187
-79.072
-79.121
-79.109
-79.052
-78.873
-78.755
-78.734
-78.901
-78.962
-79.022
-78.986
-79.22
-79.051
-78.986
-79.09
-79.047
-78.972
-78.784
-78.877
-78.893
-79.048
-79.153
-78.944
-78.888
-78.766
-78.816
-78.916
-79.014
-78.937
-79.103
-78.904
-78.881
-78.907
-78.754
-78.802
-78.827
-78.89
-78.746
-78.638
-78.446
-78.218
-78.017
-77.815
-78.005
-78.112
-78.226
-78.443
-78.616
-78.781
-78.875
-78.629
-78.701
-78.896
-78.877
-78.773
-78.824
-78.948
-78.898
-79.29
-79.201
-79.123
-79.247
-79.364
-79.357
-79.469
-79.362
-79.514
-79.445
-79.231
-79.028
-79.185
-79.327
-79.241
-79.161
-79.25
-79.54
-79.335
-79.5
-79.416
-79.556
-79.491
-79.483
-79.27
-79.302
-79.475
-79.647
-80.056
-79.923
-80.113
-80.201
-79.946
-79.857
-79.788
-79.645
-79.979
-80.101
-80.332
-80.354
-80.68
-80.634
-80.759
-81.07
-81.066
-81.117
-81.123
-81.033
-80.858
-80.983
-81.049
-80.709
-80.625
-80.692
-80.78
-80.425
-80.363
-80.577
-80.654
-80.537
-80.743
-80.722
-80.778
-80.85
-81.03
-80.907
-80.895
-80.749
-80.779
-80.796
-80.893
-80.89
-80.685
-80.413
-80.313
-80.361
-80.281
-80.105
-80.178
-80.462
-80.366
-80.264
-80.155
-79.977
-79.887
-79.816
-79.726
-79.807
-79.919
-79.858
-79.464
-79.353
-79.513
-79.394
-79.419
-79.425
-79.296
-79.166
-79.196
-79.454
-79.236
-79.312
-79.33
-79.194
-79.13
-79.08
-79.217
-79.462
-79.21
-79.085
-78.711
-78.794
-78.843
-78.887
-78.663
-78.641
-78.746
-78.918
-78.968
-78.997
-79.176
-79.212
-79.237
-79.319
-79.31
-79.387
-79.461
-79.593
-79.674
-79.599
-79.381
-79.441
-79.472
-79.351
-79.44
-79.593
-79.256
-79.118
-78.958
-79.081
-79.278
-79.234
-79.352
-79.294
-79.67
-79.449
-79.342
-79.109
-78.85
-78.663
-78.751
-78.813
-78.555
-78.596
-78.383
-78.643
-78.794
-78.204
-78.235
-78.157
-78.302
-78.528
-78.159
-78.367
-78.379
-78.399
-78.366
-78.324
-78.164
-77.947
-78.077
-78.145
-77.953
-77.785
-77.806
-77.736
-77.741
-77.588
-77.44
-77.564
-77.578
-77.405
-77.385
-77.181
-77.201
-77.148
-77.156
-77.365
-77.462
-77.3
-77.186
-77.171
-77.05
-76.956
-77.037
-76.897
-77.063
-77.015
-76.821
-76.722
-76.137
-76.086
-76.193
-75.993
-75.83
-75.757
-75.74
-75.935
-75.987
-76.065
-76.049
-76.055
-76.29
-76.228
-76.299
-76.482
-76.147
-76.292
-76.287
-76.217
-76.174
-76.35
-76.145
-76.22
-76.047
-75.929
-75.946
-75.809
-75.734
-75.778
-75.814
-75.822
-75.599
-75.397
-75.712
-75.583
-75.408
-75.394
-75.531
-75.285
-75.068
-74.594
-74.381
-73.525
-72.003
-70.506
-68.778
-66.986
-65.197
-63.398
-61.257
-58.674
-55.796
-52.439
-49.325
-45.81
-45
-45
-45
-45
-45
-45
-45
-45
-45
-45
-45
-45
-45
-45
-45
-45
-45
-45
-45
-45
-46.712
-48.315
-49.727
-50.226
-50.121
-49.445
-48.183
-46.696
-45
-45
-45
-45
-45
-45
-45
-45
-45
-45
-45
-45
-45
-45
-45
-45
-45
-45
-45
-45
-45
-45
-45
-45
-45
-45
-45
-45
-45
-45
-45
-45
-45
-45
-45
-45
-45
-45
-45
-45
-45
-45
-45
-45
-45
-45
-45
-45
-45
-45
-45
-45
-45
-45
-45
-45
-45
-45
-45
-45
-45
-45
-45
-45
-45
-45
-45
-45
-45
-45
-45
-45
-45
-45
-45
-45
-45
-45
-45
-45
-45
-45
-45
-45
-45
-45
-45
-45
-45
-45
-45
-45
-45
-45
-45
-45
-45
-45
-45
-45
-45
-45
-45
-45
-45
-45
-45
-45
-45
-45
-45
-45
-45
-45
-45
-45
-45
-45
-45
-45
-45
-45
-45
-45
-45
-45
-45
-45
-45
-45
-45
-45
-45
-45
-45
-45
-45
-45
-45
-45
-45
-45
-45
-45
-45
-45
-45
-45
-45
-45
-45
-45
-45
-45
-45
-45
-45
-45
-45
-45
-45
-45
-45
-45
-45
-45
-45
-45
-45
-45
-45
-45
-45
-45
-45
-45
-45
-45
-45
-45
-45
-45
-45
-45
-45
-45
-45
-45
-45
-45
-45
-45
-45
-45
-45
-45
-45
-45
-45
-45
-45
-45
-45
-45
-45
-45
-45
-45
-45
-45
-45
-45
-45
-45
-45
-45
-45
-45
-45
-45
-45
-45
-45
-45
-45
-45
-45
-45
-45
-45
-45
-45
-45
-45
-45
-45
-45
-45
-45
-45
-45.881
-47.589
-48.988
-50.246
-51.017
-52.149
-52.742
-53.598
-54.331
-54.779
-55.191
-55.7
-55.813
-56.2
-56.605
-56.76
-57.001
-57.34
-57.767
-57.453
-57.27
-57.312
-57.645
-57.808
-57.982
-57.968
-58.158
-58.089
-58.49
-58.669
-58.949
-59.007
-58.839
-59.044
-58.939
-59.004
-59.297
-59.44
-59.829
-60.04
-60.147
-60.193
-59.971
-60.14
-59.797
-59.897
-60.078
-59.87
-59.289
-58.21
-56.996
-55.589
-54.169
-52.893
-51.516
-50.084
-49.031
-47.603
-45.847
-45
-45
-45
-45
-45
-45
-45
-45
-45
-45
-45
-45
-45
-45
-45
-45
-45
-45
-45
-47.942
-51.723
-54.551
-56.462
-57.861
-59.077
-59.959
-60.578
-60.931
-61.241
-61.508
-61.737
-61.791
-61.583
-61.507
-61.514
-61.513
-61.366
-61.48
-61.752
-61.641
-61.452
-61.328
-61.235
-61.11
-61.324
-61.483
-61.482
-61.669
-61.509
-61.428
-61.386
-61.424
-61.419
-61.279
-61.196
-61.338
-61.543
-61.817
-61.805
-61.885
-61.795
-61.865
-61.756
-61.712
-61.891
-61.84
-61.7
-61.758
-62.124
-62.036
-62.089
-62.055
-62.036
-61.961
-62.13
-62.118
-62.628
-62.424
-62.654
-62.793
-63.018
-63.023
-63.112
-63.283
-63.286
-63.518
-63.411
-63.282
-63.276
-63.079
-63.067
-63.169
-63.18
-62.435
-61.462
-60.122
-58.683
-57.387
-56.04
-54.69
-53.524
-52.337
-50.523
-49.59
-48.446
-47.327
-45.86
-45
-45
-45
-45
-45
-45
-45
-45
-45
-45
-45
-45
-45
-45
-45
-45
-45
-45
-45
-48.851
-52.826
-55.621
-57.821
-59.115
-59.952
-60.486
-61.031
-61.36
-61.418
-61.508
-61.744
-61.758
-61.774
-61.896
-62.176
-62.028
-61.872
-61.963
-62.177
-61.946
-61.868
-61.836
-62.151
-62.09
-62.196
-62.004
-61.931
-61.595
-61.469
-61.469
-61.544
-61.15
-61.366
-61.558
-61.76
-61.797
-61.805
-62.099
-62.195
-62.398
-62.314
-62.492
-62.759
-62.783
-63.036
-63.101
-63.37
-63.197
-63.629
-63.922
-64.159
-64.415
-64.431
-64.459
-64.624
-64.921
-65.255
-64.88
-64.925
-64.986
-64.794
-64.822
-64.555
-64.775
-65.128
-65.241
-65.373
-65.63
-65.681
-65.993
-65.896
-65.966
-66.098
-66.357
-66.621
-66.794
-66.722
-66.761
-66.902
-67.142
-66.932
-66.843
-66.861
-66.948
-67.265
-67.561
-67.516
-67.56
-67.749
-67.769
-67.875
-67.828
-67.903
-67.939
-67.917
-68.085
-68.34
-68.672
-68.821
-68.869
-68.814
-68.86
-69.077
-69.337
-69.592
-69.853
-69.96
-69.987
-70.19
-70.215
-70.014
-70.131
-70.237
-70.538
-70.576
-70.892
-70.938
-70.943
-70.922
-71.003
-70.988
-71.253
-71.439
-71.524
-71.507
-71.5
-71.611
-71.705
-71.707
-71.684
-71.782
-72.024
-72.17
-72.325
-72.158
-72.085
-71.999
-71.893
-71.939
-71.782
-72.008
-71.79
-71.554
-71.41
-70.735
-69.445
-68.1
-66.113
-64.693
-63.047
