-66.871
-66.865
-66.831
-67.144
-67.174
-67.422
-67.44
-67.727
-68.063
-68.081
-68.196
-68.376
-68.663
-68.646
-68.627
-68.595
-68.679
-68.73
-68.723
-68.703
-69.26
-69.769
-70.308
-70.525
-70.67
-70.718
-70.708
-70.984
-71.025
-71.271
-71.293
-71.308
-71.401
-71.588
-71.798
-71.906
-71.591
-71.791
-72.03
-72.114
-72.128
-72.02
-72.228
-72.307
-72.569
-72.583
-72.795
-72.658
-72.636
-73.061
-73.306
-73.165
-73.291
-73.573
-73.531
-73.61
-73.961
-73.892
-73.807
-73.793
-74.063
-74.128
-74.322
-74.248
-74.319
-74.38
-74.129
-74.004
-74.225
-74.337
-74.327
-74.258
-73.886
-73.951
-74.056
-73.877
-73.872
-73.531
-73.699
-73.975
-74.216
-74.451
-74.663
-74.652
-74.31
-74.334
-74.477
-74.678
-74.859
-74.735
-74.967
-75.106
-75.188
-75.014
-75.145
-74.919
-74.681
-74.574
-74.569
-74.515
-74.703
-74.813
-74.855
-74.944
-74.91
-74.852
-74.936
-74.807
-74.797
-75.146
-74.989
-75.042
-75.268
-75.396
-75.315
-75.554
-75.759
-75.841
-75.892
-75.879
-76.045
-76.221
-76.277
-76.268
-76.213
-76.427
-76.332
-76.219
-76.158
-76.154
-76.291
-76.138
-75.997
-76.183
-76.086
-76.168
-76.244
-76.242
-76.173
-75.83
-75.812
-75.613
-75.62
-75.779
-76.045
-76.142
-76.044
-76.184
-76.222
-76.202
-76.275
-76.147
-76.339
-76.109
-76.224
-76.04
-76.239
-76.281
-76.262
-76.338
-76.612
-76.451
-76.446
-76.455
-76.618
-76.475
-76.159
-76.192
-76.119
-76.197
-76.426
-76.517
-76.622
-76.586
-76.545
-76.43
-76.302
-76.329
-76.041
-75.995
-75.955
-75.691
-75.53
-75.533
-75.641
-75.746
-75.937
-75.759
-76.009
-76.161
-76.309
-76.293
-76.322
-76.312
-76.427
-76.439
-76.317
-76.165
-76.162
-76.305
-76.515
-76.348
-76.441
-76.408
-76.677
-76.765
-76.607
-76.442
-76.483
-76.346
-76.32
-76.588
-76.899
-76.884
-76.873
-77.044
-76.965
-76.882
-76.83
-77.08
-77.004
-77.065
-77.381
-77.42
-77.403
-77.415
-77.348
-77.441
-77.529
-77.74
-77.744
-77.683
-77.535
-77.629
-77.542
-77.666
-77.733
-77.763
-77.878
-78.02
-77.949
-77.898
-78.029
-77.958
-77.911
-77.828
-77.943
-77.999
-77.672
-77.668
-77.77
-77.778
-77.754
-78.048
-77.851
-77.559
-77.822
-77.902
-77.939
-78.085
-78.154
-78.224
-78.43
-78.307
-78.173
-78.319
-78.365
-78.099
-78.054
-78.073
-78.027
-77.918
-78.097
-78.021
-78.17
-78.281
-78.461
-78.043
-77.954
-77.839
-77.95
-77.795
-77.962
-77.976
-77.746
-77.68
-77.987
-78.049
-78.279
-78.281
-78.627
-78.57
-78.627
-78.494
-78.493
-78.638
-78.593
-78.602
-78.715
-78.536
-78.476
-78.473
-78.613
-78.54
-78.415
-78.3
-78.499
-78.472
-78.383
-78.211
-78.268
-78.397
-78.233
-78.152
-78.106
-78.402
-78.399
-78.561
-78.591
-78.653
-78.69
-78.374
-78.313
-78.341
-78.639
-78.473
-78.593
-78.924
-79.154
-79.211
-79.177
-79.275
-79.231
-79.303
-79.02
-78.895
-78.952
-78.733
-78.482
-78.633
-78.765
-78.838
-78.726
-78.67
-78.909
-79.136
-79.272
-79.159
-79.171
-79.666
-79.733
-79.859
-79.675
-79.928
-79.932
-79.753
-79.74
-79.643
-79.719
-79.516
-79.452
-79.228
-79.254
-79.345
-79.288
-79.112
-79.146
-79.08
-79.311
-79.333
-79.116
-79.055
-79.112
-78.855
-78.89
-78.973
-78.878
-79.001
-78.836
-78.766
-78.702
-78.743
-78.619
-78.423
-78.426
-78.503
-78.636
-78.96
-78.876
-78.99
-79.299
-78.879
-78.919
-78.846
-79.014
-79.241
-79.395
-79.405
-79.612
-79.371
-78.993
-79.106
-79.448
-79.494
-79.724
-79.59
-79.428
-79.461
-79.305
-79.492
-79.406
-79.433
-79.315
-79.51
-79.431
-79.657
-79.47
-79.513
-79.661
-79.685
-79.982
-79.927
-79.775
-79.596
-79.43
-79.443
-79.356
-79.187
-79.171
-79.114
-78.982
-78.865
-78.75
-78.443
-78.359
-78.349
-78.416
-78.396
-78.145
-78.264
-78.186
-78.029
-78.104
-78.33
-78.472
-78.41
-78.532
-78.556
-78.389
-78.464
-78.44
-78.311
-78.173
-78.366
-78.394
-78.435
-78.733
-78.718
-78.769
-78.463
-78.55
-78.457
-78.776
-78.754
-78.576
-78.633
-78.715
-78.782
-78.872
-78.697
-78.337
-78.32
-78.006
-78.054
-78.219
-78.003
-78.212
-78.113
-78.001
-78.052
-78.001
-78.081
-78.108
-78.071
-78.07
-77.899
-77.821
-77.808
-77.928
-77.984
-77.698
-77.821
-78.051
-78.158
-77.961
-77.955
-78.017
-77.978
-77.944
-78.021
-77.841
-77.672
-78.097
-78.046
-77.8
-77.751
-77.691
-77.833
-78.002
-77.644
-77.849
-78.241
-78.322
-78.433
-78.557
-78.71
-78.573
-78.684
-78.665
-78.274
-78.296
-78.149
-78.18
-78.283
-78.56
-78.52
-78.615
-78.631
-78.523
-78.603
-78.802
-79.083
-79.052
-79.257
-79.571
-79.521
-79.722
-79.794
-79.752
-79.829
-79.933
-79.961
-80.138
-79.981
-79.93
-80.118
-80.125
-80.237
-80.095
-80.11
-80.432
-80.385
-80.433
-80.651
-80.311
-79.918
-79.845
-79.527
-79.682
-79.762
-79.865
-79.884
-79.915
-79.916
-80.165
-80.026
-80.04
-79.751
-80.036
-80.135
-80.31
-80.513
-80.255
-79.947
-79.719
-79.742
-79.581
-79.573
-79.817
-79.888
-79.734
-79.787
-79.585
-79.556
-79.679
-79.636
-79.559
-79.451
-79.436
-79.605
-79.434
-79.525
-79.607
-79.465
-79.578
-79.629
-79.748
-79.576
-79.563
-79.451
-79.457
-79.628
-79.609
-79.555
-79.541
-79.616
-79.471
-79.542
-79.673
-79.879
-79.945
-79.85
-79.696
-79.392
-79.487
-79.242
-79.296
-79.077
-79.016
-79.268
-79.304
-79.138
-79.143
-79.25
-78.995
-79.296
-79.318
-79.645
-79.739
-79.733
-79.968
-79.77
-79.517
-79.532
-79.656
-79.639
-79.203
-79.274
-79.371
-79.57
-79.565
-79.45
-79.333
-79.277
-79.207
-79.516
-79.405
-79.251
-79.07
-79.105
-79.318
-79.387
-79.364
-79.557
-79.265
-79.096
-79.284
-79.142
-79.004
-79.188
-79.182
-79.019
-79.117
-79.089
-78.983
-79.194
-79.256
-79.149
-79.378
-79.058
-78.972
-78.841
-78.847
-79.076
-79.024
-79.034
-78.546
-78.978
-78.693
-78.489
-78.485
-78.366
-78.347
-78.35
-78.316
-78.398
-78.406
-78.073
-78.233
-78.127
-78.204
-78
-77.849
-77.746
-77.803
-77.546
-77.099
-76.907
-76.614
-76.601
-76.55
-76.41
-76.344
-76.524
-76.645
-76.298
-75.94
-75.982
-76.136
-76.318
-76.295
-76.381
-76.266
-76.451
-76.487
-76.529
-76.45
-76.563
-76.689
-76.97
-77.22
-77.363
-77.118
-77.164
-76.798
-77.017
-76.891
-77.001
-77.076
-77.324
-77.223
-77.278
-77.206
-77.272
-77.109
-77.057
-77.145
-77.049
-77.026
-77.113
-77.076
-77.097
-77.17
-77.234
-77.187
-77.052
-76.933
-76.637
-76.614
-76.717
-77.003
-76.928
-76.881
-76.871
-76.557
-76.438
-76.294
-76.436
-76.388
-76.744
-76.613
-76.703
-77.062
-77.099
-76.975
-77.007
-76.684
-76.853
-76.749
-76.655
-76.322
-76.1
-76.201
-76.225
-76.271
-76.608
-76.451
-76.062
-76.122
-75.909
-75.98
-76.035
-76.052
-75.959
-75.832
-75.579
-75.269
-75.251
-75.164
-75.164
-75.054
-74.874
-74.559
-74.655
-74.916
-74.865
-74.977
-74.807
-75.025
-75.227
-75.277
-75.33
-75.459
-75.557
-75.738
-75.819
-76.024
-76.288
-76.387
-76.278
-76.127
-75.94
-75.908
-75.75
-75.961
-76.057
-76.051
-76.071
-76.272
-76.31
-76.792
-76.919
-77.091
-77.228
-76.988
-76.916
-77.105
-77.175
-77.095
-76.78
-76.896
-76.973
-77.026
-77.383
-77.44
-77.342
-77.263
-77.168
-77.008
-77.212
-77.266
-77.323
-77.23
-77.26
-76.945
-76.766
-76.816
-76.749
-76.678
-76.822
-76.768
-76.989
-77.01
-76.669
-76.807
-76.913
-76.828
-77.035
-77.148
-76.901
-76.859
-77.154
-77.163
-77.422
-77.436
-77.255
-77.276
-77.198
-77.288
-77.417
-77.42
-77.356
-77.36
-77.035
-76.945
-77.085
-77.171
-76.994
-76.955
-77.15
-77.1
-76.963
-76.994
-76.957
-76.726
-76.669
-76.753
-76.631
-76.569
-76.453
-76.337
-76.456
-76.274
-76.349
-76.177
-76.21
-76.349
-76.271
-76.342
-76.248
-76.294
-76.215
-76.24
-76.305
-76.528
-76.419
-76.155
-75.907
-75.648
-75.777
-75.69
-75.725
-75.796
-75.572
-75.82
-75.939
-75.791
-75.774
-75.824
-75.772
-75.763
-75.86
-76.023
-76.195
-76.307
-76.244
-76.384
-76.476
-76.544
-76.711
-76.449
-76.457
-76.455
-76.499
-76.731
-76.78
-76.575
-76.511
-76.338
-76.373
-76.222
-76.108
-76.179
-76.193
-76.149
-76.452
-76.171
-76.022
-76.258
-76.097
-76.174
-76.382
-76.271
-76.139
-76.271
-76.481
-76.578
-76.392
-76.62
-76.613
-76.657
-76.442
-76.44
-76.381
-76.202
-76.175
-75.833
-75.746
-75.685
-75.88
-75.851
-76.132
-76.1
-75.954
-75.946
-75.937
-76.005
-76.067
-75.938
-75.988
-75.827
-75.951
-76.093
-76.286
-76.499
-76.38
-76.491
-76.316
-76.422
-76.191
-76.515
-76.676
-76.586
-76.716
-76.837
-76.717
-76.737
-76.543
-76.572
-76.593
-76.493
