-74.524
-74.345
-74.465
-74.319
-74.333
-74.477
-74.462
-74.679
-74.725
-74.748
-74.982
-75.305
-75.068
-75.081
-74.887
-74.745
-74.732
-74.777
-74.813
-74.885
-74.619
-75.134
-75.057
-75.344
-75.417
-75.28
-75.383
-75.711
-75.926
-76.071
-76.084
-76.069
-75.95
-75.883
-75.823
-76.02
-75.952
-76.047
-75.798
-75.805
-75.937
-76.035
-76.168
-76.235
-76.089
-75.985
-76.151
-76.454
-76.441
-76.37
-76.498
-76.508
-76.672
-76.75
-76.549
-76.629
-76.503
-76.441
-76.352
-76.424
-76.557
-76.534
-76.681
-77.007
-77.22
-77.802
-77.802
-77.856
-77.961
-78.18
-77.865
-77.669
-77.715
-77.756
-77.777
-77.935
-78.117
-78.271
-78.413
-78.179
-78.124
-78.244
-78.287
-77.927
-77.906
-77.87
-77.741
-77.777
-77.892
-77.936
-77.83
-78.068
-77.882
-78.046
-78.099
-78.245
-77.993
-77.837
-78.033
-78.059
-78.165
-78.01
-77.817
-78.034
-78.267
-78.32
-78.197
-78.038
-78.311
-78.112
-78.213
-78.19
-78.162
-78.18
-78.326
-78.476
-78.49
-78.639
-78.871
-79.023
-79.082
-79.101
-79.219
-79.452
-79.72
-79.809
-79.822
-79.809
-79.9
-79.986
-79.89
-79.688
-79.912
-79.904
-79.755
-79.527
-79.77
-79.867
-79.991
-80.192
-80.079
-80.227
-80.378
-80.505
-80.356
-80.453
-80.401
-80.534
-80.822
-81.023
-80.864
-80.801
-80.709
-80.803
-80.763
-80.529
-80.46
-80.675
-80.667
-80.597
-80.486
-80.363
-80.14
-80.402
-80.515
-80.341
-80.185
-80.301
-80.292
-80.316
-80.593
-80.696
-80.872
-80.805
-80.546
-80.783
-80.725
-80.873
-80.622
-80.571
-80.604
-80.698
-80.472
-80.468
-80.467
-80.333
-80.083
-80.19
-80.427
-80.315
-80.529
-80.337
-80.793
-81.117
-81.192
-81.338
-81.181
-81.476
-81.504
-81.448
-81.616
-81.481
-81.761
-81.89
-81.735
-81.884
-82.077
-82.161
-82.035
-81.792
-81.523
-81.445
-81.34
-81.434
-81.301
-81.593
-81.674
-81.906
-81.994
-81.783
-81.738
-81.962
-81.942
-81.958
-81.88
-81.875
-81.731
-81.749
-81.452
-81.474
-81.414
-81.465
-81.434
-81.415
-81.427
-81.506
-81.618
-81.562
-81.569
-81.243
-81.352
-81.42
-81.419
-81.411
-81.687
-81.476
-81.243
-81.3
-81.3
-81.278
-81.044
-80.966
-81.061
-80.753
-80.806
-81.168
-81.285
-81.139
-80.988
-81.104
-81.182
-81.134
-81.138
-81.128
-81.022
-80.713
-80.921
-81.014
-80.892
-80.895
-80.897
-80.939
-80.743
-80.905
-80.943
-81.163
-81.151
-81.074
-81.022
-80.93
-81.013
-80.959
-80.983
-81.129
-80.945
-80.861
-80.863
-80.997
-80.982
-81.211
-81.297
-81.197
-81.247
-81.362
-81.308
-81.238
-81.085
-81.168
-80.99
-80.971
-81.008
-80.977
-81.072
-80.861
-80.603
-80.235
-80.096
-80.078
-79.941
-79.73
-79.591
-79.499
-79.315
-79.216
-79.417
-79.528
-79.645
-79.46
-79.543
-79.541
-79.517
-79.6
-79.71
-79.802
-80.254
-80.406
-80.461
-80.673
-80.708
-80.805
-80.418
-80.383
-80.428
-80.39
-80.577
-80.691
-80.493
-80.824
-80.58
-80.453
-80.388
-80.317
-80.222
-80.063
-79.92
-80.074
-80.192
-80.092
-79.884
-80.018
-80.132
-80.192
-80.261
-80.58
-80.499
-80.46
-80.414
-80.721
-80.51
-80.517
-80.592
-80.406
-80.688
-80.49
-80.227
-80.315
-80.407
-80.642
-80.631
-80.602
-80.317
-80.138
-79.905
-79.687
-79.689
-79.539
-79.434
-79.496
-79.632
-79.778
-79.514
-79.642
-79.9
-80.072
-79.918
-80.107
-80.206
-80.322
-80.239
-80.349
-80.565
-80.428
-80.558
-80.678
-80.702
-80.548
-80.536
-80.567
-80.403
-80.516
-80.567
-80.483
-80.352
-80.532
-80.433
-80.185
-80.503
-80.535
-80.164
-79.618
-78.646
-77.822
-77.272
-76.411
-75.548
-74.562
-73.743
-72.569
-70.868
-68.731
-66.709
-64.67
-62.455
-60.4
-58.534
-56.675
-55.327
-53.874
-52.243
-50.501
-49.158
-47.427
-45.708
-45
-45
-45
-45
-45
-45
-45
-45
-45
-45
-45
-45
-45
-45
-45
-45
-45
-45
-45
-46.535
-50.057
-52.423
-54.656
-56.021
-57.014
-57.547
-57.805
-57.915
-57.829
-57.505
-57.257
-56.993
-56.867
-56.556
-56.501
-56.227
-56.073
-55.909
-55.548
-55.071
-54.612
-54.197
-53.431
-52.847
-52.259
-51.531
-51.185
-50.805
-50.411
-49.73
-49.423
-48.774
-48.167
-47.593
-47.171
-46.442
-45.502
-45
-45
-45
-45
-45
-45
-45
-45
-45
-45
-45
-45
-45
-45
-45
-45
-45
-45
-45
-45
-48.009
-49.979
-51.362
-52.194
-52.622
-52.348
-51.714
-51.106
-50.44
-49.985
-49.349
-48.709
-48.077
-47.594
-46.579
-45.812
-45
-45
-45
-45
-45
-45
-45
-45
-45
-45
-45
-45
-45
-45
-45
-45
-45
-45
-45
-45
-45.316
-48.904
-51.669
-53.411
-54.822
-55.663
-56.461
-56.968
-57.077
-57.082
-57.267
-57.032
-56.976
-56.627
-56.053
-55.846
-55.421
-55.127
-54.891
-54.562
-54.509
-54.282
-54.158
-53.954
-54.207
-54.099
-53.736
-53.534
-53.511
-53.363
-53.466
-53.24
-53.142
-53.608
-53.519
-53.58
-53.895
-53.902
-54.091
-54.025
-54.015
-54.119
-53.884
-53.985
-53.75
-53.967
-53.978
-54.005
-54.026
-54.16
-54.205
-54.474
-54.447
-54.666
-54.702
-54.942
-55.189
-55.182
-55.746
-55.799
-55.868
-56.204
-56.489
-56.499
-56.771
-56.918
-57.021
-57.289
-57.511
-57.078
-56.751
-56.027
-55.586
-55.243
-54.834
-54.211
-53.832
-53.851
-53.533
-53.372
-53.127
-52.79
-52.249
-51.96
-51.874
-51.482
-50.924
-50.819
-50.664
-50.521
-50.196
-50.245
-50.364
-50.316
-49.863
-49.667
-48.953
-48.421
-47.983
-47.78
-47.457
-46.787
-46.012
-45
-45
-45
-45
-45
-45
-45
-45
-45
-45
-45
-45
-45
-45
-45
-45
-45
-45
-45
-46.127
-50.774
-54.532
-57.239
-59.277
-60.717
-61.83
-63.099
-64.021
-64.356
-64.755
-64.924
-65.285
-65.308
-65.544
-65.599
-65.563
-65.659
-65.434
-65.249
-65.119
-65.278
-65.428
-65.232
-65.127
-65.318
-65.737
-65.797
-66.012
-66.119
-65.861
-66.352
-66.225
-66.307
-66.656
-66.881
-67.31
-67.731
-67.629
-67.557
-67.791
-67.86
-67.842
-68.125
-68.149
-68.27
-68.321
-68.303
-68.802
-68.712
-68.598
-68.765
-68.874
-69.139
-69.314
-69.579
-69.905
-70.025
-70.291
-70.38
-70.529
-70.584
-70.541
-70.863
-70.939
-71.238
-71.259
-71.031
-71.034
-71.098
-71.269
-71.503
-71.78
-71.907
-72.029
-72.11
-72.178
-72.216
-72.179
-72.287
-72.168
-72.352
-72.398
-72.481
-72.454
-72.681
-72.703
-72.746
-72.719
-72.678
-72.815
-73.102
-73.078
-72.993
-72.942
-72.877
-72.862
-73.051
-73.397
-73.419
-73.778
-74.028
-74.407
-74.704
-74.514
-74.634
-74.727
-74.662
-74.646
-74.582
-74.751
-74.777
-74.888
-74.998
-75.264
-75.263
-75.154
-74.988
-74.839
-75.349
-75.285
-75.253
-74.934
-75.073
-75.234
-75.188
-75.19
-75.338
-75.275
-74.97
-75.27
-75.253
-75.56
-75.675
-75.451
-75.664
-76.02
-75.973
-76.024
-76.107
-76.181
-76.308
-76.33
-76.254
-76.198
-76.259
-76.478
-76.466
-76.532
-76.736
-76.6
-76.848
-76.868
-77.082
-76.999
-76.782
-76.396
-76.333
-76.387
-76.324
-76.531
-76.526
-76.513
-76.474
-76.83
-76.724
-76.607
-76.405
-76.423
-76.495
-76.448
-76.636
-76.67
-76.858
-76.702
-76.631
-76.626
-76.634
-76.56
-76.511
-76.521
-76.452
-76.524
-76.535
-77.015
-76.888
-76.595
-76.39
-76.155
-76.551
-76.522
-76.727
-76.87
-76.801
-76.598
-76.514
-76.888
-77.111
-76.921
-77.13
-77.291
-77.312
-77.372
-77.45
-77.326
-77.555
-77.49
-77.546
-77.656
-77.781
-77.869
-77.959
-77.968
-77.952
-77.984
-78.007
-78.142
-78.175
-78.212
-78.017
-77.893
-77.809
-77.615
-77.739
-77.523
-77.499
-77.47
-77.505
-77.672
-77.38
-77.362
-77.425
-77.345
-77.443
-77.408
-77.518
-77.206
-77.501
-77.265
-77.313
-77.03
-77.086
-77.49
-77.607
-77.636
-77.789
-78.085
-77.924
-77.96
-78
-78.357
-78.41
-78.459
-78.292
-78.334
-78.114
-77.887
-77.986
-78.102
-77.896
-77.817
-77.779
-78.092
-78.346
-78.104
-78.139
-78.01
-78.126
-78.139
-78.168
-78.157
-78.452
-78.708
-78.477
-78.193
-78.148
-78.185
-77.866
-77.936
-78.036
-77.892
-77.858
-77.631
-77.84
-78.045
-77.992
-78.019
-77.75
-77.84
-77.993
-77.804
-77.79
-77.792
-78.456
-78.669
-78.701
-78.319
-78.342
-78.719
-79.086
-79.081
-79.132
-79.331
-79.33
-79.154
-78.763
-78.594
-78.85
-78.952
-79.021
-79.163
-79.157
-79.246
-79.231
-79.071
-79.259
-79.41
-79.746
-79.933
-79.906
-80.19
-80.382
-80.143
-80.191
-80.225
-80.179
-79.881
-80.008
-79.72
-79.753
-79.939
-79.529
-79.376
