-76.211
-76.674
-76.88
-77.039
-77.259
-77.034
-77.255
-77.225
-77.314
-77.109
-77.211
-77.523
-77.646
-77.846
-77.978
-77.933
-78.176
-78.244
-78.661
-78.815
-78.776
-78.699
-78.73
-78.915
-79.032
-78.901
-79.041
-79.023
-78.688
-78.753
-78.871
-78.743
-78.726
-78.914
-78.958
-79.116
-79.083
-78.825
-78.641
-78.809
-78.862
-78.815
-78.659
-78.687
-78.678
-78.573
-78.709
-78.816
-78.745
-79.087
-78.85
-79.159
-79.336
-79.414
-79.366
-79.177
-79.398
-79.326
-79.121
-79.146
-78.913
-78.776
-78.771
-78.795
-78.638
-78.735
-78.885
-79.136
-79.328
-79.477
-79.314
-79.36
-79.228
-78.921
-79.102
-79.139
-78.88
-78.851
-78.944
-79.12
-79.414
-79.208
-79.099
-79.302
-79.705
-79.495
-79.518
-79.721
-79.783
-79.969
-79.923
-80.118
-79.87
-79.6
-79.47
-79.168
-79.269
-79.261
-79.26
-79.194
-79.268
-79.233
-78.94
-78.919
-78.942
-78.976
-78.973
-79.205
-79.162
-79.219
-79.047
-78.955
-78.965
-79.283
-79.526
-79.215
-78.889
-78.627
-78.713
-78.65
-78.769
-78.825
-78.701
-78.652
-78.368
-78.43
-78.361
-78.421
-78.994
-78.982
-79.051
-79.097
-78.877
-78.98
-78.913
-78.887
-78.84
-78.825
-78.959
-78.968
-79.078
-78.959
-79.081
-79.094
-79.035
-79.211
-79.152
-79.031
-79.3
-79.471
-79.766
-79.49
-79.369
-79.541
-79.452
-79.631
-79.705
-79.499
-79.723
-79.379
-79.451
-79.611
-79.524
-79.729
-79.546
-79.478
-79.672
-79.881
-79.667
-79.835
-79.882
-79.81
-79.821
-79.791
-79.922
-79.907
-79.882
-79.942
-80.185
-80.262
-80.445
-80.36
-80.452
-80.4
-80.494
-80.202
-80.362
-80.452
-80.594
-80.581
-80.78
-81.071
-81.058
-81.254
-81.283
-81.097
-81.083
-80.824
-80.607
-80.525
-80.631
-80.636
-80.312
-80.284
-80.108
-80.051
-79.94
-80.138
-79.994
-80.007
-80.294
-80.312
-80.414
-80.147
-80.111
-80.132
-80.277
-80.163
-80.113
-79.977
-80.027
-80.124
-80.105
-80.04
-80.147
-80.142
-80.153
-80.067
-79.88
-79.997
-79.918
-80.128
-80.245
-80.047
-80.066
-79.743
-80.181
-80.281
-80.428
-80.505
-80.436
-80.62
-80.549
-80.397
-80.48
-80.488
-80.258
-80.434
-80.739
-80.622
-80.464
-80.747
-80.93
-81
-80.67
-80.581
-80.701
-80.944
-80.743
-80.935
-80.969
-81.017
-81.09
-80.881
-80.783
-80.675
-80.542
-80.437
-80.149
-79.971
-80.122
-80.252
-80.109
-80.231
-80.346
-80.3
-80.254
-80.091
-80.027
-80.057
-79.895
-79.916
-80.036
-79.741
-79.897
-79.924
-79.739
-79.477
-79.476
-79.46
-79.547
-79.667
-79.756
-79.549
-79.526
-79.615
-80.041
-79.885
-80.134
-80.242
-80.35
-80.506
-80.656
-80.468
-80.487
-80.733
-80.765
-80.713
-80.596
-80.839
-80.919
-81.014
-80.968
-80.985
-80.792
-80.502
-80.171
-80.286
-80.359
-80.555
-80.336
-80.386
-80.316
-80.206
-80.191
-79.954
-80.302
-80.761
-80.828
-80.682
-80.82
-80.805
-80.626
-80.523
-80.891
-80.989
-81.042
-80.945
-80.825
-80.836
-80.62
-80.578
-80.586
-80.675
-80.562
-80.786
-80.76
-80.668
-80.692
-80.819
-80.724
-80.567
-80.098
-79.782
-79.778
-79.705
-79.446
-79.164
-79.096
-79.048
-79.078
-79.058
-78.861
-78.733
-78.611
-78.358
-78.411
-78.292
-78.415
-78.751
-78.956
-78.926
-78.939
-79.23
-79.448
-79.408
-79.428
-79.65
-79.372
-79.268
-79.11
-78.947
-79.055
-79.164
-79.389
-79.551
-79.513
-79.428
-79.375
-79.211
-79.374
-79.354
-79.261
-79.194
-79.23
-79.196
-79.204
-79.116
-79.072
-79.214
-79.314
-79.165
-79.161
-79.118
-78.961
-79.005
-79.21
-79.388
-79.342
-79.1
-79.098
-79.015
-78.979
-79.156
-79.386
-79.532
-79.282
-78.747
-78.747
-78.775
-78.798
-79.203
-79.246
-79.489
-79.535
-79.368
-79.52
-80.043
-79.957
-79.998
-80.174
-79.966
-79.912
-79.696
-79.542
-78.881
-78.04
-77.32
-76.502
-75.539
-74.98
-74.334
-73.432
-72.833
-71.962
-71.263
-70.631
-70.068
-69.428
-68.946
-68.843
-68.272
-67.892
-67.365
-66.931
-66.568
-66.084
-65.991
-65.788
-65.398
-65.097
-64.912
-64.86
-64.785
-65.002
-64.796
-64.796
-64.813
-64.693
-64.53
-64.408
-64.279
-64.435
-64.575
-64.229
-64.223
-64.03
-64.267
-64.099
-64.277
-64.045
-63.79
-63.201
-62.474
-61.902
-61.302
-60.7
-59.921
-59.767
-59.126
-58.501
-57.973
-57.693
-57.085
-56.809
-56.512
-56.401
-56.301
-56.375
-56.423
-56.09
-55.891
-55.533
-55.656
-55.694
-55.704
-55.563
-55.508
-55.206
-55.182
-54.991
-55.276
-55.453
-55.291
-55.254
-55.027
-54.972
-54.985
-54.602
-54.652
-54.247
-53.543
-52.739
-52.216
-51.457
-50.883
-50.665
-50.277
-49.754
-49.067
-48.563
-48.074
-47.16
-46.166
-45
-45
-45
-45
-45
-45
-45
-45
-45
-45
-45
-45
-45
-45
-45
-45
-45
-45
-45
-46.448
-51.052
-54.713
-57.092
-59.186
-60.662
-61.487
-62.232
-62.901
-63.161
-63.707
-63.735
-64.155
-64.154
-64.036
-64.327
-64.246
-64.148
-64.176
-64.304
-64.167
-63.916
-63.969
-64.144
-64.258
-64.343
-64.005
-64.11
-64.068
-63.626
-63.23
-62.743
-62.235
-61.979
-61.43
-60.776
-60.314
-59.914
-59.549
-58.962
-58.386
-57.805
-57.426
-57.352
-56.836
-56.282
-56.232
-56.284
-56.227
-56.064
-55.648
-55.369
-55.305
-55.069
-55.077
-54.949
-54.571
-54.299
-54.324
-54.164
-53.969
-54.28
-54.494
-54.405
-54.173
-54.153
-53.97
-53.784
-53.844
-53.686
-53.531
-53.132
-52.868
-52.724
-52.668
-52.723
-52.576
-52.502
-52.641
-52.863
-52.854
-53.064
-53.317
-53.123
-53.1
-52.969
-52.934
-52.979
-52.946
-52.975
-52.867
-52.986
-53.062
-53.162
-53.352
-53.514
-53.732
-53.834
-53.894
-54.185
-54.237
-54.207
-54.229
-54.373
-54.725
-54.659
-54.596
-54.608
-54.627
-54.654
-54.455
-54.648
-54.603
-54.774
-54.847
-54.995
-55.398
-55.823
-56.004
-55.752
-55.774
-55.838
-55.831
-55.813
-55.962
-56.253
-56.44
-56.242
-56.257
-56.453
-56.77
-56.773
-56.855
-56.97
-57.211
-57.327
-57.562
-57.61
-57.701
-57.341
-57.444
-57.542
-57.908
-57.972
-57.959
-58.011
-58.039
-58.333
-58.469
-58.563
-58.517
-58.699
-58.887
-59.099
-59.101
-59.351
-59.388
-59.575
-59.893
-60.136
-60.065
-60.252
-60.366
-60.165
-60.324
-60.176
-60.45
-60.508
-60.611
-60.596
-60.584
-60.478
-60.494
-60.227
-59.993
-59.916
-59.684
-59.634
-59.611
-59.814
-59.948
-59.814
-60.142
-60.222
-60.181
-60.306
-60.254
-60.47
-60.231
-60.1
-60.232
-60.383
-60.502
-60.525
-60.691
-60.937
-61.202
-61.19
-60.899
-61.136
-61.354
-61.714
-61.808
-61.995
-62.289
-62.302
-62.316
-62.445
-62.427
-62.593
-62.62
-62.716
-62.725
-62.974
-62.88
-63.08
-63.539
-63.356
-63.338
-63.685
-63.628
-63.609
-63.945
-63.928
-63.749
-63.789
-63.882
-63.896
-64.189
-64.274
-64.517
-64.287
-64.523
-64.727
-64.875
-64.852
-65.204
-65.295
-65.506
-65.819
-65.981
-66.081
-66.203
-66.242
-66.473
-66.63
-66.595
-66.768
-66.584
-66.473
-66.982
-67.048
-67.165
-67.241
-67.642
-67.533
-67.624
-67.963
-67.811
-67.959
-68.112
-68.321
-68.447
-68.623
-68.913
-69.045
-68.953
-69.196
-69.455
-69.516
-69.704
-69.514
-69.661
-69.596
-69.743
-69.693
-69.929
-69.813
-69.889
-70.297
-70.009
-69.905
-70.06
-70.115
-70.381
-70.207
-70.144
-70.055
-70.193
-70.137
-70.243
-70.506
-70.585
-70.747
-70.557
-70.637
-70.792
-70.845
-71.075
-70.943
-71.075
-71.226
-70.972
-70.934
-71.177
-71.366
-71.222
-71.169
-71.171
-71.043
-71.197
-71.372
-71.575
-71.365
-71.765
-71.804
-71.571
-71.882
-71.8
-71.963
-72.295
-72.424
-72.633
-72.655
-72.446
-72.615
-72.75
-72.964
-72.926
-73.131
-73.32
-73.18
-72.818
-72.916
-72.781
-72.749
-72.602
-72.654
-72.559
-72.629
-72.676
-72.512
-72.873
-72.731
-72.498
-72.733
-73.017
-72.877
-72.903
-72.73
-72.636
-72.787
-72.951
-72.89
-72.679
-72.812
-72.933
-72.908
-72.758
-72.688
-72.775
-72.695
-72.736
-72.562
-72.723
-72.638
-72.886
-72.579
-72.566
-72.761
-73.056
-73.398
-73.412
-73.471
-73.409
-73.418
-73.53
-73.692
-73.569
-73.529
-73.575
-73.805
-73.913
-73.966
-73.804
-73.703
-73.79
-73.865
-73.835
-73.639
-73.646
-73.518
-73.63
-73.759
-73.336
-73.515
-73.432
-73.333
-73.544
-73.517
-73.522
-73.666
-73.522
-73.586
-73.548
-73.606
-73.73
-73.802
-73.526
-73.329
-73.518
-73.447
-73.57
-73.441
-73.321
-73.365
-73.454
-73.756
-73.632
-73.359
-73.428
-73.609
-73.616
-73.729
-73.571
-73.631
-73.61
-73.581
-73.682
-73.733
-74.081
-74.239
-74.416
-74.243
-74.074
-73.938
-74.231
-74.115
-74.101
-74.019
-73.996
-73.857
-73.75
-73.896
-74.321
-74.243
-74.13
-74.226
