-80.499
-80.479
-80.332
-80.551
-80.558
-80.854
-80.92
-80.762
-81.097
-81.305
-81.609
-81.617
-81.844
-81.948
-82.079
-82.239
-82.543
-82.37
-82.535
-82.547
-82.458
-82.465
-82.395
-82.592
-82.718
-82.827
-82.873
-83.151
-83.341
-83.194
-83.037
-83.408
-83.339
-83
-83.02
-83.038
-83.154
-83.054
-83.198
-83.321
-83.592
-83.699
-83.762
-83.923
-84.086
-83.789
-83.985
-83.715
-83.65
-83.719
-83.979
-84.187
-84.393
-84.601
-84.767
-85.063
-85.258
-85.127
-85.314
-85.441
-85.45
-85.357
-85.66
-85.853
-85.825
-85.812
-85.766
-85.824
-85.881
-86.03
-86.289
-86.426
-86.617
-86.67
-86.849
-86.849
-86.716
-86.907
-86.953
-86.949
-86.89
-87.112
-87.088
-87.251
-87.336
-87.493
-87.509
-87.652
-87.741
-87.62
-87.711
-87.831
-88.05
-87.949
-87.853
-87.786
-88.164
-88.227
-88.108
-87.885
-87.956
-87.829
-88.001
-87.884
-87.818
-87.615
-87.844
-87.97
-88.165
-87.955
-88.284
-88.452
-88.25
-88.195
-88.232
-88.426
-88.278
-88.042
-88.253
-87.946
-87.766
-87.922
-87.832
-87.884
-87.938
-88.223
-88.25
-88.358
-88.533
-88.591
-88.459
-88.635
-89.107
-89.056
-89.141
-89.228
-89.361
-89.475
-89.642
-89.662
-89.545
-89.362
-89.304
-89.515
-89.567
-89.373
-89.371
-89.448
-89.36
-89.409
-89.474
-89.758
-89.948
-90.141
-89.952
-89.709
-89.483
-89.186
-89.196
-89.394
-89.376
-89.477
-89.398
-89.404
-89.462
-89.516
-89.651
-89.722
-89.993
-89.94
-89.959
-89.896
-89.808
-89.538
-89.382
-89.533
-89.77
-89.706
-89.518
-89.834
-89.981
-89.901
-89.882
-90.111
-90.303
-90.43
-90.353
-90.472
-90.613
-90.675
-90.814
-90.716
-90.717
-90.34
-90.676
-90.734
-90.749
-90.499
-90.589
-90.938
-90.602
-90.64
-90.574
-90.345
-90.305
-90.403
-90.57
-90.457
-90.68
-91.091
-91.098
-90.968
-90.694
-90.48
-90.554
-90.281
-90.204
-90.067
-90.185
-89.856
-90.221
-90.585
-90.63
-90.61
-90.492
-90.759
-90.966
-90.95
-91.118
-91.238
-91.194
-91.366
-91.543
-91.635
-91.922
-91.896
-91.986
-91.703
-91.478
-91.599
-91.538
-91.281
-91.359
-91.605
-91.79
-91.838
-91.629
-91.294
-91.296
-91.416
-91.688
-91.831
-92.034
-92.09
-92.23
-92.556
-92.482
-92.58
-92.373
-92.193
-92.274
-92.201
-92.531
-92.327
-92.572
-92.665
-92.635
-92.862
-92.861
-92.852
-92.74
-92.802
-92.662
-92.662
-92.729
-92.604
-92.62
-92.769
-92.831
-92.862
-92.619
-92.42
-92.431
-92.369
-92.481
-92.136
-91.983
-91.87
-92.069
-91.838
-92.164
-92.32
-92.338
-92.382
-92.478
-92.523
-92.337
-92.412
-92.316
-91.947
-92
-91.767
-92.039
-92.076
-91.928
-91.899
-91.66
-91.653
-91.838
-91.87
-92.021
-92.198
-92.36
-92.737
-92.685
-92.605
-92.573
-92.76
-92.712
-92.608
-92.601
-92.429
-92.258
-92.196
-92.447
-92.005
-91.698
-91.662
-91.776
-91.799
-91.743
-91.906
-92.113
-91.943
-92.084
-92.145
-92.469
-92.234
-91.988
-91.865
-91.643
-91.678
-91.924
-91.862
-91.427
-91.478
-91.409
-91.553
-91.628
-91.572
-91.797
-91.757
-92.165
-92.089
-91.98
-91.756
-91.94
-91.917
-91.792
-91.924
-91.707
-91.954
-91.944
-91.643
-91.908
-91.956
-92.216
-92.202
-92.39
-92.339
-92.479
-92.558
-92.678
-92.811
-92.747
-92.796
-92.864
-93.251
-93.221
-92.938
-92.696
-92.628
-92.456
-92.54
-92.437
-92.43
-92.327
-92.202
-92.048
-91.797
-91.702
-91.608
-91.756
-91.914
-91.918
-91.84
-91.999
-92.108
-92.485
-92.377
-92.334
-92.301
-92.669
-92.662
-92.484
-92.358
-92.182
-91.856
-91.525
-91.26
-90.503
-89.804
-88.835
-87.16
-85.164
-83.209
-81.101
-78.996
-76.81
-74.787
-72.663
-70.323
-69.709
-69.603
-69.7
-70.104
-70.568
-70.763
-71.008
-71.286
-71.492
-71.755
-71.757
-71.831
-72.114
-72.201
-72.428
-72.518
-72.896
-72.978
-73.237
-73.514
-73.637
-73.866
-73.75
-73.933
-73.877
-73.896
-73.852
-74.149
-74.494
-74.736
-74.804
-74.922
-74.947
-75.125
-75.489
-75.528
-75.277
-75.349
-75.517
-75.24
-74.967
-74.941
-74.872
-74.919
-74.994
-75.218
-75.049
-75.043
-75.034
-74.945
-74.899
-74.848
-74.867
-74.488
-74.52
-74.338
-74.285
-74.447
-74.794
-75.15
-75.491
-75.675
-76.21
-76.494
-76.34
-76.276
-76.407
-76.622
-76.626
-76.29
-76.517
-76.384
-76.767
-76.864
-76.753
-76.884
-77.025
-77.13
-76.977
-77.218
-77.448
-77.614
-77.59
-77.602
-77.528
-77.572
-77.387
-77.299
-76.788
-76.55
-76.081
-76.221
-76.087
-75.719
-75.492
-75.506
-75.22
-75.108
-75.082
-74.966
-75.179
-75.379
-75.399
-75.511
-75.355
-75.71
-75.813
-75.927
-75.748
-75.597
-75.36
-75.492
-75.147
-74.848
-74.954
-75.019
-74.74
-74.814
-75.021
-74.993
-75.081
-74.904
-75.282
-75.465
-75.685
-75.727
-75.921
-76.152
-76.496
-76.444
-76.438
-76.492
-76.676
-76.821
-77.143
-77.13
-76.941
-76.808
-76.938
-77.507
-77.514
-77.591
-77.716
-77.585
-77.539
-77.319
-77.213
-77.316
-77.023
-76.874
-76.917
-76.8
-76.844
-76.746
-76.824
-76.963
-76.772
-76.887
-76.945
-77.297
-77.347
-77.34
-77.253
-77.416
-77.291
-77.181
-76.976
-77.211
-77.357
-77.105
-77.47
-77.698
-78.067
-78.162
-78.292
-78.341
-78.208
-78.011
-78.059
-78.105
-77.938
-77.633
-77.563
-77.347
-77.275
-77.147
-77.248
-77.453
-77.422
-77.389
-77.24
-77.254
-77.213
-77.576
-77.343
-77.401
-77.75
-77.522
-77.486
-77.48
-77.415
-77.422
-77.374
-77.525
-77.713
-77.853
-78.038
-78.231
-78.496
-78.205
-77.979
-77.869
-77.58
-77.862
-77.748
-77.965
-78.187
-78.291
-78.626
-78.91
-79.423
-79.517
-79.78
-79.616
-79.511
-79.615
-79.8
-79.769
-79.701
-79.601
-79.625
-79.719
-79.831
-80.129
-80.005
-79.995
-80.087
-80.261
-80.383
-80.418
-80.444
-80.181
-80.271
-80.128
-80.01
-80.081
-79.871
-79.893
-80.346
-80.162
-80.076
-80.115
-80.16
-80.196
-80.215
-80.087
-80.321
-80.359
-80.197
-80.572
-80.393
-80.538
-80.712
-80.833
-80.961
-81.064
-80.893
-80.725
-80.662
-80.929
-80.548
-80.628
-80.916
-81.117
-81.018
-81.164
-81.182
-81.403
-81.205
-80.891
-80.706
-80.667
-80.892
-80.894
-80.916
-81.002
-81.129
-81.37
-81.272
-81.044
-80.809
-80.756
-80.672
-80.649
-80.404
-80.356
-80.298
-80.395
-80.554
-80.525
-80.369
-80.624
-80.694
-80.798
-80.956
-81.017
-81.022
-80.917
-80.975
-81.056
-81.137
-81.454
-81.377
-81.185
-81.251
-80.985
-81.162
-81.247
-81.198
-81.482
-81.45
-81.451
-81.529
-81.394
-81.452
-81.502
-81.119
-81.29
-81.148
-81.159
-81.07
-80.8
-80.485
-80.563
-80.822
-80.94
-80.906
-80.992
-81.062
-81.201
-80.979
-80.841
-80.844
-80.936
-80.93
-81.008
-80.873
-80.77
-80.78
-80.738
-80.581
-80.409
-80.239
-80.243
-80.218
-80.379
-80.511
-80.593
-80.542
-80.614
-80.612
-80.552
-80.307
-80.331
-80.352
-80.355
-80.585
-80.659
-80.525
-80.618
-80.481
-80.506
-80.679
-80.883
-80.884
-81.052
-80.985
-80.889
-80.701
-80.597
-80.728
-80.339
-80.306
-80.115
-80.263
-80.503
-80.656
-80.889
-80.899
-80.98
-80.907
-81.123
-81.438
-81.47
-81.64
-81.935
-82.012
-81.987
-81.946
-81.705
-82.097
-82.199
-81.917
-81.77
-81.861
-82.123
-82.373
-82.176
-81.95
-81.989
-82.258
-82.408
-82.445
-82.185
-82.413
-82.542
-82.55
-82.812
-82.853
-82.741
-82.631
-82.746
-82.78
-82.986
-83.028
-82.838
-82.963
-82.766
-82.815
-82.984
-83
-83.276
-83.369
-83.415
-83.173
-83.09
-83.17
-83.216
-83.179
-83.44
-83.427
-83.633
-83.57
-83.373
-83.505
-83.32
-83.415
-83.238
-83.249
-83.177
-83.27
-83.577
-83.502
-83.485
-83.772
-83.909
-84.07
-84.243
-84.539
-84.533
-84.525
-84.279
-84.308
-84.275
-84.233
-84.018
-83.691
-83.855
-83.893
-83.565
-83.713
-83.725
-84.204
-84.108
-84.189
-84.41
-84.414
-84.29
-84.45
-84.288
-83.942
-83.977
-83.963
-83.728
-83.498
-83.239
-83.077
-83.262
-83.44
-83.48
-83.283
-83.441
-83.418
-83.295
-83.316
-83.534
-83.534
-83.504
-83.36
-83.579
-83.252
-83.176
-83.233
-83.348
-83.414
-83.279
-83.273
-83.414
-83.272
-83.199
-83.387
-83.469
-83.739
-83.9
-83.803
-83.723
-83.621
-83.593
-83.601
-83.699
-83.673
-83.632
-83.762
-83.804
-83.734
-83.618
-83.439
-83.519
-83.669
-83.766
-83.668
-83.645
-83.827
-83.656
-83.621
-83.642
-83.562
-83.679
-83.698
-83.839
-83.646
-83.628
-83.514
-84.023
-83.868
-83.809
-83.865
-84.095
-84.275
-84.154
-83.99
-84.035
-83.887
-83.87
-84.014
-83.853
-83.736
-83.825
-83.718
-83.692
-83.792
-83.809
-83.89
-83.752
-83.621
-83.587
-83.47
-83.666
-83.725
-83.652
-83.462
-83.498
-83.858
-83.843
-83.63
-83.51
-83.54
-83.6
-83.463
