-85.513
-85.729
-85.639
-85.572
-85.522
-85.438
-85.375
-85.485
-85.334
-85.373
-85.35
-85.331
-85.142
-85.134
-85.006
-85.251
-85.151
-85.037
-85.216
-85.356
-85.274
-85.309
-85.149
-85.126
-85.2
-85.14
-85.378
-85.458
-85.675
-85.672
-85.572
-85.659
-85.658
-85.69
-85.561
-85.62
-85.707
-85.758
-85.943
-86.033
-86.117
-86.043
-85.872
-86.096
-86.37
-86.318
-86.701
-86.918
-86.827
-86.759
-86.692
-87.184
-87.541
-87.562
-87.471
-87.266
-87.151
-86.954
-87.134
-87.044
-87.318
-87.386
-87.711
-87.706
-87.571
-87.642
-87.54
-87.91
-87.92
-87.808
-87.618
-87.423
-87.416
-87.513
-87.285
-86.876
-86.674
-86.776
-86.373
-86.47
-86.579
-86.68
-86.8
-86.917
-87.059
-87.016
-87.196
-87.341
-87.768
-87.894
-87.74
-87.806
-87.723
-87.666
-87.695
-87.806
-88.086
-88.251
-88.484
-88.324
-88.213
-88.251
-88.18
-88.152
-88.046
-88.068
-88.022
-88.149
-87.957
-88.206
-88.255
-88.022
-87.953
-88.016
-87.817
-87.743
-87.522
-87.324
-87.43
-87.432
-87.577
-87.583
-87.934
-87.771
-88.029
-88.05
-88.118
-88.122
-88.244
-88.104
-88.048
-87.939
-87.733
-87.81
-88.088
-88.06
-88.02
-88.008
-88.048
-88.21
-88.143
-88.408
-88.379
-88.45
-88.281
-88.223
-88.158
-87.934
-88.232
-88.065
-88.284
-88.399
-88.187
-88.301
-88.34
-88.344
-88.373
-88.484
-88.647
-89.038
-88.967
-89.104
-89.05
-88.821
-89.172
-89.461
-89.643
-89.467
-89.923
-90.16
-90.34
-90.53
-90.808
-91.044
-91.034
-91.074
-91.042
-90.794
-90.319
-90.202
-90.221
-90.286
-90.05
-90.16
-89.977
-90.034
-89.971
-89.84
-90.165
-90.175
-90.012
-89.998
-90.174
-90.203
-90.285
-90.441
-90.435
-90.406
-90.623
-90.718
-90.63
-90.493
-90.591
-90.788
-90.791
-90.725
-90.737
-90.911
-91.182
-91.133
-91.019
-91.02
-91.288
-91.261
-91.42
-91.432
-91.672
-91.757
-91.71
-91.804
-91.897
-92.137
-92.293
-92.315
-91.88
-91.484
-91.542
-91.513
-91.51
-91.556
-91.229
-91.164
-91.246
-90.897
-91.023
-90.936
-91.152
-91.422
-91.082
-90.969
-91.155
-90.982
-91.184
-90.893
-90.976
-91.005
-90.934
-91.054
-91.144
-91.152
-91.208
-91.583
-91.435
-91.607
-91.711
-91.826
-91.894
-91.944
-91.754
-91.579
-92.098
-92.303
-92.139
-92.239
-91.883
-91.689
-91.774
-91.999
-92.206
-92.255
-91.916
-91.895
-91.93
-91.935
-91.912
-91.954
-91.823
-91.711
-91.745
-91.791
-91.655
-91.782
-91.971
-92.332
-92.74
-92.656
-92.508
-92.196
-92.275
-91.893
-91.829
-91.789
-91.573
-91.578
-91.415
-91.343
-91.424
-91.452
-91.329
-91.521
-91.686
-91.64
-91.615
-91.691
-91.603
-91.785
-91.729
-91.752
-91.942
-92.037
-92.055
-92.237
-92.567
-92.481
-92.416
-92.435
-92.399
-92.631
-92.332
-92.331
-92.385
-92.389
-92.642
-92.606
-92.749
-92.837
-92.729
-92.782
-92.791
-92.769
-92.829
-92.822
-92.478
-92.426
-92.411
-92.554
-92.739
-92.689
-92.548
-92.642
-92.704
-92.762
-92.754
-92.809
-92.902
-92.923
-92.931
-92.768
-92.141
-91.81
-91.804
-91.334
-90.763
-90.414
-89.908
-89.467
-89.011
-88.646
-88.295
-88.215
-88.281
-88.124
-87.703
-87.708
-87.532
-87.132
-86.754
-86.571
-86.664
-86.519
-86.105
-86.142
-86.043
-85.758
-85.976
-86.022
-85.98
-85.853
-85.786
-85.686
-85.607
-85.56
-85.357
-85.354
-85.432
-85.267
-85.089
-84.652
-84.745
-84.336
-84.291
-84.498
-84.503
-84.778
-84.679
-84.516
-84.254
-84.081
-84.002
-83.99
-84.073
-83.866
-83.768
-83.372
-82.952
-82.359
-81.946
-81.058
-80.164
-79.238
-78.685
-77.973
-77.395
-77.049
-76.349
-75.465
-74.665
-73.6
-72.604
-71.806
-71.208
-70.461
-69.825
-69.088
-68.552
-67.68
-67.065
-66.422
-65.734
-65.052
-64.326
-63.443
-62.72
-61.648
-61.014
-60.513
-59.97
-59.274
-58.796
-57.945
-56.984
-55.818
-54.824
-53.724
-52.188
-50.192
-46.946
-45
-45
-45
-45
-45
-45
-45
-45
-45
-45
-45
-45
-45
-45
-49.916
-56.07
-60.948
-64.149
-66.228
-67.704
-68.782
-69.207
-69.068
-68.669
-68.213
-67.363
-66.684
-65.565
-64.808
-64.262
-63.557
-63.026
-62.254
-61.677
-61.074
-60.652
-60.181
-59.672
-59.251
-59.146
-58.523
-58.239
-57.965
-57.674
-57.522
-57.475
-57.146
-56.898
-56.46
-56.002
-55.479
-54.5
-53.586
-52.443
-51.377
-49.821
-47.071
-45
-45
-45
-45
-45
-45
-45
-45
-45
-45
-45
-45
-45
-45.039
-51.948
-57.81
-61.986
-64.786
-66.588
-67.929
-68.76
-69.301
-69.31
-69.285
-69.515
-69.247
-69.54
-69.197
-69.072
-68.393
-68.196
-68.076
-68.033
-67.931
-67.683
-67.539
-67.092
-66.782
-66.754
-66.606
-66.349
-66.194
-65.866
-65.998
-66.027
-66.056
-65.868
-65.742
-65.123
-64.836
-64.502
-64.226
-63.858
-63.631
-63.506
-63.354
-63.198
-62.773
-62.62
-62.419
-62.17
-62.007
-61.688
-61.341
-60.9
-60.622
-60.504
-60.12
-59.81
-59.441
-59.422
-59.176
-58.911
-58.629
-58.755
-58.775
-58.693
-58.516
-58.604
-58.812
-58.685
-58.443
-58.405
-58.358
-58.11
-57.948
-57.945
-57.831
-57.875
-57.524
-57.733
-57.794
-57.816
-57.58
-57.716
-57.426
-57.505
-57.57
-57.533
-57.832
-57.571
-57.477
-57.477
-57.516
-57.671
-57.896
-57.996
-58.029
-58.313
-58.388
-58.73
-59.102
-59.047
-59.09
-59.033
-58.85
-58.929
-59.262
-59.571
-59.845
-59.96
-60.018
-60.028
-60.101
-60.078
-59.922
-60.249
-60.411
-60.389
-60.683
-60.756
-60.883
-61.109
-61.326
-61.528
-61.57
-61.709
-61.374
-61.515
-61.744
-61.765
-61.48
-61.461
-61.721
-61.659
-61.333
-61.3
-61.127
-60.905
-60.873
-60.602
-60.643
-60.793
-60.456
-60.44
-60.579
-60.723
-60.675
-61.003
-60.928
-61.126
-60.924
-60.591
-60.535
-60.516
-60.722
-60.866
-61.131
-61.161
-60.905
-60.673
-60.647
-60.645
-61.05
-61.212
-61.318
-61.229
-61.082
-61.445
-61.416
-61.295
-61.59
-61.457
-61.528
-61.752
-61.891
-61.873
-61.995
-62.178
-62.449
-62.442
-62.309
-62.399
-62.731
-62.993
-63.077
-63.244
-63.359
-63.402
-63.493
-63.66
-64.035
-64.356
-64.199
-64.045
-64.243
-64.428
-64.542
-64.737
-64.766
-64.728
-64.916
-65.248
-65.715
-65.792
-65.856
-66.158
-66.351
-66.666
-66.644
-66.938
-66.79
-66.919
-67.075
-67.299
-67.614
-67.866
-68.179
-68.134
-68.58
-68.955
-68.852
-69.019
-69.177
-69.318
-69.235
-69.155
-69.286
-69.426
-69.527
-69.566
-69.745
-70.141
-70.149
-70.149
-70.347
-70.549
-70.802
-70.718
-70.779
-71.021
-70.997
-71.383
-71.738
-72.04
-71.963
-72.216
-71.993
-72.195
-72.606
-72.632
-72.908
-73.013
-73.258
-73.584
-73.794
-73.878
-73.985
-74.233
-74.586
-74.868
-75.144
-75.394
-75.528
-75.366
-75.272
-75.233
-75.175
-74.972
-75.195
-75.337
-75.41
-75.465
-75.479
-75.763
-75.771
-76.259
-76.234
-76.288
-76.62
-76.751
-76.775
-77.118
-77.194
-77.414
-77.834
-77.65
-77.46
-77.712
-77.889
-77.856
-78.012
-78.147
-78.025
-78.049
-78.274
-78.258
-78.411
-78.64
-78.732
-78.751
-79.048
-79.247
-79.542
-79.408
-79.367
-79.622
-79.903
-79.95
-80.066
-80.263
-80.709
-80.841
-80.663
-80.773
-80.734
-80.721
-80.688
-80.779
-80.872
-80.988
-80.815
-81.008
-81.067
-80.677
-80.708
-80.742
-80.663
-81.014
-80.997
-81.067
-81.075
-81.19
-81.322
-81.486
-81.54
-81.399
-81.448
-81.525
-81.659
-81.449
-81.606
-81.395
-81.472
-81.562
-81.568
-81.656
-81.408
-81.365
-81.501
-81.47
-81.675
-81.677
-81.702
-81.776
-81.938
-82.207
-82.28
-82.27
-82.475
-82.394
-82.368
-82.318
-82.398
-82.517
-82.494
-82.524
-82.66
-82.843
-82.861
-82.661
-82.511
-82.627
-82.542
-82.522
-82.274
-82.246
-82.088
-81.908
-81.935
-81.724
-81.919
-82.21
-82.457
-82.566
-82.848
-82.948
-82.745
-82.877
-82.832
-83.024
-82.989
-83.179
-82.788
-82.736
-83.024
-83.077
-83.181
-83.149
-83.049
-83.304
-83.325
-83.328
-83.308
-83.324
-83.112
-83.051
-82.966
-83.488
-83.37
-83.649
-83.486
-83.782
-84.123
-84.486
-84.264
-84.36
-84.434
-84.626
-84.66
-84.726
-84.769
-84.918
-85.287
-85.245
-85.697
-85.414
-85.573
-85.143
-85.063
-84.638
-84.519
-84.698
-84.873
-84.718
-85.086
-85.228
-85.044
-84.899
-85.127
-85.095
-84.876
-84.747
-84.696
-84.465
-84.364
-84.297
-84.448
-84.503
-84.525
-84.745
-84.835
-84.729
-84.688
-84.76
-84.815
-85.054
-84.821
-84.923
-84.92
-84.873
-84.84
-84.534
-84.422
-84.548
-84.615
-84.728
-84.773
-84.489
-84.567
-84.812
-84.642
-84.72
-85.188
-85.374
-85.644
-85.988
-86.219
-86.267
-86.501
-86.583
-86.731
-86.736
-86.563
-86.746
-86.643
-86.837
