-81.572
-81.746
-81.924
-81.864
-81.678
-81.591
-81.755
-81.809
-81.978
-82.279
-82.483
-82.168
-82.165
-81.989
-82.048
-82.049
-82.314
-82.253
-82.298
-82.355
-81.94
-82.056
-82.166
-82.177
-82.474
-82.668
-82.741
-82.508
-82.635
-82.792
-82.836
-82.655
-82.633
-82.617
-82.394
-82.444
-82.708
-82.804
-82.512
-82.469
-82.529
-82.639
-82.604
-82.626
-82.851
-82.821
-82.765
-82.779
-82.946
-83.131
-82.91
-82.886
-82.921
-82.886
-82.894
-82.924
-82.928
-82.843
-82.845
-82.829
-83.026
-83.194
-83.232
-83.41
-83.18
-83.109
-83.099
-82.927
-82.77
-83.162
-83.138
-83.454
-83.533
-83.717
-83.971
-84.072
-84.134
-84.272
-84.594
-84.266
-84.157
-84.101
-84.165
-84.025
-84.04
-83.979
-83.946
-84.097
-83.977
-83.902
-84.11
-84.303
-84.332
-84.223
-84.247
-84.267
-84.42
-84.482
-84.206
-84.253
-84.234
-84.487
-84.407
-84.569
-84.497
-84.452
-84.388
-84.167
-84.122
-83.972
-83.851
-83.609
-83.498
-83.538
-83.557
-83.735
-83.723
-83.823
-83.744
-83.841
-83.605
-83.592
-83.594
-83.352
-83.433
-83.74
-83.721
-83.932
-83.841
-83.691
-83.542
-83.701
-84.01
-84.323
-84.292
-84.102
-83.911
-84.066
-84.259
-84.442
-84.698
-84.539
-84.146
-84.184
-84.164
-84.134
-84.001
-83.988
-83.863
-83.888
-83.779
-83.987
-84.058
-83.984
-84.093
-84.17
-84.225
-84.444
-84.331
-84.382
-84.413
-84.321
-84.379
-84.369
-84.477
-84.613
-84.559
-84.409
-84.325
-84.552
-84.629
-84.391
-84.358
-84.13
-84.331
-84.272
-84.433
-84.571
-84.748
-84.534
-84.573
-84.415
-84.489
-84.487
-84.599
-84.553
-84.444
-84.225
-84.251
-84.356
-84.294
-84.667
-84.826
-84.724
-84.741
-84.624
-84.741
-84.661
-84.666
-84.803
-84.997
-85.11
-85.052
-85.075
-85.461
-85.317
-85.389
-85.597
-85.903
-85.901
-85.955
-85.98
-85.967
-85.856
-86.053
-86.287
-86.402
-86.349
-86.15
-86.021
-85.971
-85.651
-85.889
-85.878
-85.704
-85.952
-85.973
-86.421
-86.232
-86.033
-86.087
-86.235
-86.279
-86.204
-86.036
-86
-86.259
-86.395
-86.32
-86.368
-86.56
-86.824
-86.638
-86.572
-86.584
-86.478
-86.278
-86.324
-86.475
-86.582
-86.733
-86.949
-87.025
-86.717
-86.746
-86.758
-86.842
-87.134
-87.08
-87.471
-87.412
-87.393
-87.39
-87.607
-87.565
-87.464
-87.646
-87.453
-87.216
-87.415
-87.4
-87.316
-87.338
-87.47
-87.088
-87.375
-87.411
-87.248
-87.208
-87.274
-87.512
-87.238
-87.256
-87.596
-87.768
-87.837
-87.878
-87.889
-87.913
-87.95
-87.909
-87.792
-87.539
-87.474
-87.41
-87.184
-87.445
-87.443
-87.37
-87.446
-87.307
-87.116
-86.96
-87.071
-86.998
-87.061
-87.267
-87.16
-87.074
-86.773
-86.96
-87.067
-87.411
-87.282
-87.435
-87.845
-87.685
-87.614
-87.71
-87.511
-87.718
-87.528
-87.669
-88.038
-88.057
-87.759
-87.737
-87.641
-87.803
-87.711
-87.574
-87.861
-87.716
-87.56
-87.51
-87.764
-87.932
-87.905
-88.012
-87.926
-87.981
-87.818
-87.824
-87.642
-87.655
-87.507
-87.475
-87.604
-87.705
-87.683
-87.423
-87.633
-87.608
-87.618
-87.657
-87.772
-87.596
-87.956
-87.837
-87.942
-87.599
-87.44
-87.232
-87.2
-87.323
-87.183
-86.857
-86.734
-86.945
-86.946
-87.016
-87
-86.89
-86.981
-86.93
-87.026
-87.082
-87.054
-87.081
-87.065
-86.906
-86.753
-86.629
-86.531
-86.424
-86.075
-86.193
-86.295
-86.359
-86.267
-86.182
-86.083
-86.214
-86.092
-85.789
-85.896
-85.804
-85.637
-85.505
-85.44
-85.604
-85.136
-84.895
-84.867
-84.773
-84.788
-84.775
-84.828
-84.815
-84.379
-84.117
-83.501
-82.895
-82.594
-82.409
-81.946
-81.624
-81.324
-80.382
-79.016
-77.512
-75.601
-74.079
-72.094
-70.406
-68.751
-66.959
-65.365
-63.717
-62.13
-60.735
-59.373
-58.169
-56.883
-55.554
-54.335
-52.948
-51.275
-48.877
-45
-45
-45
-45
-45
-45
-45
-45
-45
-45
-45
-45
-45
-45
-45.743
-52.383
-58.07
-62.251
-65.047
-66.866
-67.769
-68.229
-68.348
-68.44
-68.175
-68.02
-67.937
-67.56
-67.076
-66.856
-66.451
-66.437
-66.221
-65.856
-65.343
-64.676
-63.841
-63.324
-62.473
-61.885
-61.112
-60.752
-60.149
-59.633
-59.328
-59.03
-58.849
-58.483
-58.403
-58.219
-57.867
-57.583
-57.329
-57.245
-56.855
-56.347
-55.8
-55.733
-55.294
-54.788
-54.201
-53.48
-52.598
-51.875
-50.557
-48.518
-45
-45
-45
-45
-45
-45
-45
-45
-45
-45
-45
-45
-45
-45
-47.976
-54.508
-59.812
-63.668
-66.5
-68.077
-69.034
-69.703
-70.393
-70.723
-70.813
-70.961
-70.923
-70.761
-70.687
-70.21
-69.894
-69.683
-69.153
-68.986
-68.673
-68.385
-67.919
-67.447
-67.198
-67.192
-66.795
-66.527
-66.476
-66.061
-65.663
-65.417
-65.011
-64.58
-64.345
-63.995
-63.79
-63.49
-63.528
-63.208
-62.897
-62.706
-62.442
-62.646
-62.506
-62.248
-61.901
-61.446
-60.991
-60.819
-60.811
-60.628
-60.273
-59.94
-59.878
-59.645
-59.329
-59.05
-58.861
-58.874
-58.709
-58.687
-58.83
-58.522
-58.196
-58.38
-58.573
-58.436
-58.37
-58.008
-57.677
-57.414
-57.049
-56.716
-56.091
-55.583
-55.077
-54.366
-53.928
-53.138
-52.267
-51.419
-49.824
-46.906
-45
-45
-45
-45
-45
-45
-45
-45
-45
-45
-45
-45
-45
-45
-51.34
-57.708
-62.411
-65.779
-67.736
-69.453
-70.563
-71.23
-71.661
-71.952
-71.835
-71.793
-71.728
-72.031
-71.755
-72.027
-71.828
-71.913
-71.926
-71.925
-71.965
-71.832
-71.722
-71.596
-71.667
-72.027
-72.118
-72.326
-72.403
-72.076
-72.171
-72.128
-72.224
-72.196
-72.424
-72.498
-72.369
-72.531
-72.708
-72.877
-72.727
-72.713
-72.485
-72.617
-72.718
-72.758
-73.133
-73.125
-73.098
-72.948
-72.897
-73.078
-73.447
-73.64
-73.746
-73.568
-73.956
-74.056
-74.424
-74.875
-74.981
-75.132
-74.905
-75.12
-75.194
-75.486
-75.589
-75.588
-75.572
-75.737
-75.987
-76.093
-76.294
-76.229
-76.527
-76.694
-76.848
-76.939
-77.127
-77.266
-77.696
-77.953
-77.866
-77.939
-78.102
-78.256
-78.269
-78.312
-78.403
-78.418
-78.508
-78.774
-78.966
-79.059
-78.996
-79.184
-79.143
-79.145
-79.066
-79.249
-79.553
-79.566
-79.516
-79.484
-79.898
-79.604
-79.546
-79.31
-79.355
-79.794
-79.969
-79.88
-80.198
-80.139
-80.251
-80.255
-80.662
-80.427
-80.197
-80.067
-80.175
-80.549
-80.63
-80.959
-81.002
-80.99
-80.894
-80.995
-81.291
-81.422
-81.81
-81.968
-81.965
-81.786
-81.843
-81.697
-81.351
-81.463
-81.449
-81.69
-81.707
-82.218
-82.5
-82.608
-82.307
-82.366
-82.29
-82.583
-82.56
-82.51
-82.433
-82.494
-82.972
-82.883
-82.815
-82.913
-83.077
-83.026
-83.151
-83.358
-83.337
-83.172
-83.187
-83.368
-83.64
-83.761
-83.95
-84.372
-84.426
-84.512
-84.288
-84.325
-84.372
-84.404
-84.442
-84.409
-84.43
-84.498
-84.423
-84.692
-84.881
-84.934
-85.164
-85.211
-85.121
-85.078
-85.07
-85.194
-85.36
-85.317
-85.448
-85.529
-85.772
-85.75
-85.619
-85.547
-85.303
-85.637
-85.721
-85.767
-85.956
-85.936
-85.918
-86.173
-86.082
-86.294
-86.154
-86.2
-86.365
-86.252
-86.202
-86.136
-86.247
-86.299
-86.326
-86.448
-86.401
-86.534
-86.454
-86.6
-86.578
-86.737
-86.723
-87.026
-86.962
-87.094
-87.162
-87.306
-87.522
-87.679
-87.681
-87.684
-87.686
-87.738
-87.625
-87.428
-87.414
-87.468
-87.58
-87.575
-87.659
-87.515
-87.313
-87.377
-87.522
-87.91
-88.097
-88.199
-88.155
-88.003
-88.601
-88.985
-89.341
-89.179
-89.432
-89.273
-89.254
-89.489
-89.393
-89.458
-89.342
-89.4
-89.525
-89.219
-89.306
-89.497
-89.396
-89.315
-89.242
-89.453
-89.506
-89.603
-89.421
-89.308
-89.45
-89.389
-89.483
-89.413
-89.12
-88.985
-89.083
-89.052
-89.152
-89.365
-89.428
-89.448
-89.656
-89.587
-89.413
-89.456
-89.717
-89.804
-89.778
-90.072
-90.167
-90.044
-89.917
-90.205
-90.41
-90.488
-90.35
-90.338
-90.353
-90.067
-90.074
-89.679
-89.623
-89.832
-89.652
-89.657
-89.454
-89.448
-89.241
-89.283
-89.132
-89.313
-89.128
-89.364
-89.469
-89.573
-89.541
-89.644
-89.386
-89.286
-89.411
-89.346
-89.226
-89.318
-89.503
-89.407
-89.656
-89.919
-89.992
-90.041
-90.325
-90.49
-90.473
-90.57
-90.317
-90.594
-90.66
-90.627
-90.44
-90.344
-90.541
-91.017
-91.14
-91.039
-91.137
-91.317
-91.186
-91.289
-91.351
-91.349
-91.503
-91.363
-91.562
-91.858
-91.782
-91.954
-91.71
-91.629
-91.774
-91.751
-91.619
-91.595
-91.519
-91.406
-91.541
-91.264
-91.603
-91.646
-91.713
-91.813
-91.732
-91.559
-91.837
-91.814
-92.134
-92.242
-91.957
-92.265
-92.337
-92.177
