-79.915
-79.856
-80.036
-79.985
-79.982
-79.643
-79.797
-79.672
-79.465
-79.611
-79.715
-79.632
-79.79
-79.653
-79.772
-79.822
-79.724
-79.457
-79.692
-79.782
-79.75
-79.968
-80.079
-79.902
-79.825
-79.7
-79.532
-79.432
-79.463
-79.553
-79.485
-79.901
-79.846
-79.761
-79.815
-79.798
-79.878
-79.976
-79.919
-79.835
-80.005
-80.263
-80.348
-80.107
-80.066
-80.098
-79.896
-79.896
-79.913
-79.644
-79.596
-79.326
-79.27
-78.961
-78.722
-78.312
-78.124
-77.946
-77.611
-77.535
-77.17
-76.713
-76.668
-76.321
-76.184
-75.816
-75.428
-75.288
-74.951
-74.615
-74.56
-74.663
-74.608
-74.432
-74.171
-74.485
-74.524
-74.504
-74.442
-74.515
-74.156
-74.281
-74.435
-74.115
-74.166
-74.235
-74.172
-74.215
-74.407
-74.54
-74.856
-74.721
-74.612
-74.433
-74.369
-74.726
-74.676
-74.704
-74.64
-74.792
-74.681
-74.809
-74.896
-74.524
-74.18
-74.03
-73.649
-73.34
-73.189
-72.789
-72.442
-72.397
-72.319
-72.004
-72.08
-71.754
-71.423
-70.974
-70.938
-70.464
-69.761
-69.454
-69.333
-68.764
-68.296
-67.934
-67.562
-67.439
-67.389
-66.895
-67.08
-66.875
-66.523
-66.33
-66.449
-66.437
-66.284
-66.158
-66.054
-65.834
-65.867
-66.048
-65.818
-65.637
-65.089
-64.485
-64.283
-63.892
-63.374
-63.065
-62.652
-62.118
-61.558
-61.055
-60.505
-59.846
-59.48
-59.04
-58.846
-58.514
-58.49
-58.363
-58.306
-58.069
-57.694
-57.159
-56.583
-56.306
-55.763
-55.163
-54.835
-54.456
-53.422
-52.613
-51.387
-49.528
-46.022
-45
-45
-45
-45
-45
-45
-45
-45
-45
-45
-45
-45
-45
-45.037
-52.276
-58.102
-62.958
-66.147
-68.304
-70.155
-71.364
-71.989
-72.401
-72.562
-72.513
-72.828
-72.84
-72.88
-72.867
-73.033
-73.228
-73.289
-73.432
-72.888
-72.318
-72.154
-71.772
-71.437
-71.14
-71.035
-70.642
-70.23
-70.005
-69.941
-69.701
-69.489
-69.326
-68.985
-68.733
-68.263
-67.943
-67.345
-66.888
-66.607
-66.335
-66.341
-66.091
-65.664
-65.418
-65.09
-64.972
-64.988
-64.566
-64.46
-64.299
-64.094
-64.067
-63.98
-63.799
-63.657
-63.575
-63.372
-63.916
-63.845
-63.559
-63.533
-63.177
-62.948
-62.928
-62.917
-62.887
-62.738
-62.629
-62.492
-62.122
-61.652
-61.37
-61.136
-60.715
-59.973
-59.396
-58.522
-58.009
-57.268
-56.196
-54.959
-53.902
-52.644
-51.389
-49.278
-45.13
-45
-45
-45
-45
-45
-45
-45
-45
-45
-45
-45
-45
-45
-45.39
-51.857
-57.926
-61.523
-63.845
-64.917
-65.358
-65.389
-65.08
-64.494
-63.835
-63.259
-62.529
-61.656
-60.684
-59.653
-58.879
-58.27
-57.368
-56.792
-55.919
-55.439
-55.013
-54.738
-54.448
-53.486
-52.402
-51.297
-49.768
-47.246
-45
-45
-45
-45
-45
-45
-45
-45
-45
-45
-45
-45
-45
-45
-50.638
-55.337
-59.059
-61.341
-62.645
-63.121
-63.2
-63.11
-62.481
-61.824
-61.092
-60.37
-59.504
-58.506
-57.581
-56.824
-55.843
-54.883
-53.696
-52.864
-52.032
-50.555
-48.991
-47.031
-45
-45
-45
-45
-45
-45
-45
-45
-45
-45
-45
-45
-45
-46.696
-52.913
-59.145
-65.736
-70.293
-73.578
-75.673
-76.682
-77.447
-77.935
-77.721
-77.39
-77.495
-77.121
-76.904
-76.671
-76.436
-76.03
-75.674
-75.968
-75.814
-75.692
-75.575
-75.61
-75.451
-75.027
-75.037
-74.836
-74.613
-74.693
-74.881
-75.103
-75.295
-75.311
-75.288
-75.345
-75.611
-75.997
-76.248
-76.282
-76.485
-76.634
-76.383
-76.048
-75.168
-74.365
-73.745
-73.353
-72.917
-72.183
-71.677
-71.241
-71.026
-70.745
-70.534
-70.483
-70.7
-70.73
-71.016
-70.82
-70.744
-70.676
-70.704
-70.721
-70.961
-71.113
-71.205
-71.142
-71.394
-71.929
-72.973
-73.473
-74.367
-74.473
-74.809
-75.083
-74.936
-74.517
-74.091
-73.747
-73.378
-73.183
-72.925
-72.739
-72.678
-72.865
-72.926
-72.974
-73.109
-73.241
-73.522
-73.483
-73.705
-73.581
-73.31
-72.912
-72.635
-72.417
-72.136
-72.036
-71.864
-71.8
-71.802
-71.71
-71.812
-71.587
-71.185
-70.649
-70.103
-69.903
-69.791
-69.535
-69.532
-69.736
-69.633
-69.77
-70.062
-70.1
-70.086
-70.393
-70.658
-70.993
-71.651
-72.479
-72.951
-73.473
-73.846
-74.077
-74.411
-74.712
-74.97
-75.159
-75.219
-75.269
-75.355
-75.229
-75.284
-75.206
-74.818
-74.485
-74.579
-74.65
-74.736
-74.7
-75.004
-75.127
-75.294
-75.325
-75.62
-75.967
-76.076
-76.009
-76.281
-76.436
-76.41
-76.481
-76.181
-75.726
-75.266
-74.443
-74.032
-73.38
-73.119
-72.776
-72.938
-73.034
-73.305
-73.683
-73.872
-74.134
-74.014
-73.955
-73.858
-73.427
-73.315
-73.216
-73.243
-73.449
-73.683
-73.695
-73.546
-73.519
-73.686
-73.893
-73.868
-74.082
-74.241
-73.941
-74.204
-74.462
-74.603
-74.608
-74.716
-74.813
-75.164
-75.336
-75.435
-75.414
-75.568
-75.68
-75.86
-76.247
-76.385
-76.532
-76.344
-76.366
-76.708
-76.827
-77.112
-77.17
-76.995
-76.959
-77.185
-77.022
-77.095
-76.583
-76.058
-75.38
-74.812
-74.186
-74.176
-74.112
-74.044
-74.289
-74.607
-74.599
-74.202
-74.054
-74.121
-73.871
-74.029
-74.159
-74.203
-74.344
-74.585
-74.704
-74.879
-75.175
-75.386
-75.508
-75.386
-75.627
-75.879
-76.252
-76.346
-76.755
-76.686
-76.935
-76.952
-76.941
-76.963
-76.966
-77.139
-77.363
