-80.081
-80.368
-80.221
-80.223
-80.113
-80.246
-80.293
-80.343
-80.591
-80.615
-80.437
-80.372
-80.009
-80.021
-79.926
-79.782
-79.863
-79.833
-79.98
-80.171
-80.157
-80.06
-80.186
-80.196
-80.084
-80.359
-80.449
-80.207
-79.942
-79.944
-80.165
-80.158
-80.045
-80.232
-80.481
-80.483
-80.428
-80.458
-80.306
-80.548
-80.451
-80.502
-80.449
-80.157
-79.987
-80.011
-80.095
-79.995
-79.573
-79.605
-79.779
-80.071
-80.335
-80.677
-80.801
-80.717
-80.833
-80.768
-80.647
-80.647
-80.683
-80.726
-80.953
-80.93
-80.765
-80.764
-80.901
-81.155
-81.167
-80.916
-80.944
-81.067
-80.993
-81.151
-81.048
-81.137
-81.115
-81.243
-80.926
-80.821
-80.835
-80.473
-80.468
-80.507
-80.774
-80.785
-80.74
-80.877
-80.972
-80.883
-80.761
-80.676
-80.792
-80.79
-80.837
-80.677
-80.756
-80.536
-80.526
-80.577
-80.661
-80.763
-80.695
-80.531
-80.625
-80.781
-80.835
-80.94
-80.896
-80.633
-80.316
-79.958
-79.896
-79.801
-79.219
-79.068
-78.891
-78.617
-78.168
-77.925
-77.588
-77.057
-76.737
-76.597
-76.437
-76.213
-75.853
-76.006
-75.96
-76.124
-76.274
-76.268
-76.05
-75.857
-75.776
-75.809
-75.774
-75.735
-76.121
-76.853
-77.518
-77.955
-78.317
-78.706
-79.141
-79.23
-79.557
-79.571
-79.635
-79.742
-79.402
-79.432
-79.787
-80.087
-80.097
-79.958
-80.009
-79.966
-79.966
-80.051
-79.909
-79.918
-79.773
-79.74
-79.912
-79.984
-79.901
-79.937
-79.94
-80.214
-80.259
-80.253
-80.312
-80.297
-80.185
-80.038
-79.97
-79.908
-79.905
-80.07
-80.067
-79.921
-80.05
-79.85
-79.947
-80.031
-79.759
-79.807
-79.838
-80.13
-80.182
-79.96
-80.216
-80.105
-79.991
-80.437
-80.439
-80.592
-80.535
-80.251
-80.196
-80.162
-80.054
-80.286
-80.295
-80.324
-80.144
-80.06
-79.954
-80.012
-79.887
-79.933
-80.024
-79.962
-79.75
-79.675
-79.658
-79.825
-79.861
-79.891
-80.125
-80.222
-80.28
-80.223
-80.26
-80.479
-80.534
-80.504
-80.636
-80.4
-80.453
-80.259
-80.25
-80.087
-79.879
-79.604
-79.185
-78.737
-78.565
-78.336
-78.194
-77.976
-77.877
-77.89
-77.978
-77.893
-77.884
-78.058
-78.211
-78.473
-78.53
-78.639
-78.648
-78.58
-78.471
-78.7
-78.976
-79.096
-78.877
-78.728
-78.8
-78.75
-78.807
-78.706
-78.816
-79.044
-79.01
-78.993
-79.153
-78.893
-79.033
-79.154
-79.446
-79.354
-79.403
-79.073
-78.831
-78.872
-78.913
-79.211
-79.343
-79.514
-79.416
-79.608
-79.529
-79.269
-79.549
-79.552
-79.312
-79.285
-79.232
-78.968
-78.858
-78.57
-78.738
-78.772
-78.839
-78.903
-78.854
-78.707
-78.782
-78.671
-78.878
-78.663
-78.515
-78.114
-78.039
-77.611
-77.508
-77.302
-77.636
-77.838
-77.78
-78.175
-78.262
-78.22
-78.406
-78.425
-78.65
-78.834
-79.047
-78.936
-78.689
-78.27
-78.127
-78.301
-78.39
-78.33
-78.117
-78.207
-78.423
-78.298
-78.036
-78.043
-78.017
-77.853
-77.852
-77.636
-77.483
-77.343
-77.209
-77.198
-76.904
-76.797
-77.07
-77.246
-77.604
-77.414
-77.457
-77.784
-78.038
-78.185
-78.121
-78.004
-77.825
-77.973
-77.643
-77.548
-77.515
-77.776
-78.009
-77.933
-77.757
-78.087
-78.041
-78.017
-77.971
-77.868
-77.514
-77.499
-77.749
-77.842
-78.023
-78.013
-78.021
-78.099
-78.331
-78.53
-78.784
-79.075
-79.188
-79.201
-79.205
-79.292
-79.614
-79.652
-79.19
-78.834
-78.764
-78.59
-78.561
-78.601
-78.633
-78.512
-78.435
-78.599
-78.644
-78.396
-78.497
-78.591
-78.427
-78.566
-78.775
-78.794
-78.802
-78.597
-77.721
-76.915
-76.055
-75.207
-74.651
-74.274
-73.745
-73.349
-73.147
-73.198
-73.263
-73.194
-72.783
-72.7
-72.608
-72.575
-72.571
-72.36
-72.339
-72.252
-72.286
-72.294
-72.413
-72.668
-72.758
-72.944
-73.179
-73.367
-73.779
-73.903
-74.264
-74.172
-74.216
-74.475
-74.493
-74.901
-74.526
-74.606
-74.482
-74.724
-74.971
-75.538
-75.826
-76.021
-76.301
-76.769
-76.695
-76.743
-76.537
-76.708
-77.02
-77.059
-77.141
-77.264
-77.495
-77.446
-77.668
-77.546
-77.248
-77.164
-77.367
-77.42
-77.291
-77.52
-77.505
-77.252
-76.633
-76.01
-75.526
-74.772
-74.326
-74.023
-73.879
-73.569
-73.454
-73.339
-73.408
-73.883
-74.019
-74.081
-74.29
-74.066
-74.077
-74.301
-74.412
-74.424
-74.734
-74.577
-74.793
-74.882
-74.989
-75.212
-75.102
-75.224
-75.242
-75.191
-74.992
-75.14
-75.095
-75.122
-75.295
-75.685
-76.217
-76.288
-76.527
-76.838
-76.887
-77.002
-76.906
-77.24
-77.107
-77.291
-77.498
-77.679
-77.765
-77.883
-78.041
-77.726
-77.619
-77.52
-77.401
-77.474
-77.52
-77.418
-77.405
-77.405
-77.581
-77.56
-77.683
-77.703
-77.627
-77.208
-77.075
-76.948
-77.043
-77.128
-77.372
-77.491
-77.358
-77.235
-77.27
-77.394
-77.56
-77.594
-77.689
-77.635
-77.345
-77.647
-77.673
-77.601
-77.25
-77.679
-77.933
-77.955
-78.18
-78.396
-78.516
-78.458
-78.52
-78.588
-78.432
-78.499
-78.801
-78.881
-78.638
-78.455
-78.308
-78.298
-78.12
-78.005
-77.886
-78.101
-77.959
-77.987
-77.982
-77.765
-77.933
-77.932
-77.741
-77.869
-78.13
-78.207
-78.38
-78.448
-78.488
-78.2
-78.365
-78.155
-78.106
-78.081
-78.087
-78.039
-77.925
-78.317
-78.524
-78.673
-78.648
-78.719
-78.847
-78.837
-79.031
-79.035
-78.862
-78.798
-78.993
-78.744
-78.974
-78.975
-78.987
-78.981
-79.002
-78.929
-79.024
-78.926
-78.82
-79.029
-79.346
-79.448
-79.881
-79.969
