-68.417
-68.497
-68.553
-68.675
-68.844
-69.142
-69.473
-69.341
-69.265
-69.573
-69.603
-69.605
-69.536
-69.714
-69.779
-69.797
-69.99
-70.029
-69.902
-69.938
-69.996
-69.987
-70.039
-70.077
-70.646
-70.929
-71.113
-71.213
-71.235
-71.336
-71.479
-71.746
-71.623
-71.427
-71.623
-71.863
-71.892
-71.79
-71.928
-72.218
-72.095
-72.236
-72.287
-72.3
-72.343
-72.77
-72.939
-72.664
-72.424
-72.568
-72.618
-72.572
-72.374
-72.183
-72.29
-72.283
-72.557
-72.688
-72.787
-73.134
-73.115
-73.246
-73.231
-73.388
-73.72
-73.49
-73.731
-73.99
-74.058
-74.344
-74.343
-74.008
-73.826
-73.933
-73.9
-73.702
-73.809
-73.686
-73.879
-73.937
-73.857
-73.973
-74.176
-74.213
-74.132
-74.001
-73.93
-74.2
-73.752
-73.568
-72.975
-72.893
-72.515
-72.263
-71.804
-71.726
-71.479
-71.105
-70.657
-70.457
-69.894
-69.454
-68.301
-67.482
-66.726
-65.9
-65.26
-64.66
-63.949
-63.368
-62.93
-62.544
-62.249
-61.68
-61.417
-61.115
-60.829
-60.204
-59.955
-59.683
-59.26
-58.638
-58.235
-58.02
-57.612
-57.296
-56.865
-56.62
-56.484
-55.985
-55.417
-55.208
-54.993
-54.462
-53.663
-52.933
-51.804
-50.189
-47.262
-45
-45
-45
-45
-45
-45
-45
-45
-45
-45
-45
-45
-45
-45
-50.483
-56.602
-61.552
-65.026
-67.46
-69.108
-70.128
-70.799
-71.181
-71.329
-71.898
-71.928
-72.242
-72.233
-72.368
-72.363
-72.375
-72.205
-72.239
-72.416
-72.352
-72.379
-72.294
-72.368
-72.774
-72.996
-73.107
-73.192
-73.072
-73.273
-73.113
-73.069
-73.161
-73.149
-73.391
-73.445
-73.378
-73.549
-73.645
-73.762
-74.213
-74.449
-74.888
-75.074
-75.246
-75.153
-75.146
-75.275
-75.332
-75.159
-75.067
-75.562
-75.369
-75.571
-75.437
-75.419
-75.628
-75.43
-75.126
-74.933
-74.471
-73.974
-73.519
-73.129
-72.629
-72.458
-72.481
-72.522
-72.576
-72.493
-72.167
-71.8
-71.455
-70.714
-70.427
-69.666
-68.875
-68.37
-67.694
-67.112
-66.52
-65.939
-65.525
-65.057
-64.261
-63.64
-62.735
-61.803
-61.267
-60.601
-59.884
-59.368
-58.845
-58.271
-57.548
-56.955
-56.277
-55.539
-54.532
-53.175
-51.783
-50.037
-47.133
-45
-45
-45
-45
-45
-45
-45
-45
-45
-45
-45
-45
-45
-45
-49.987
-56.455
-61.179
-64.554
-66.741
-68.242
-69.233
-69.836
-70.232
-70.606
-70.499
-70.167
-69.618
-69.14
-68.65
-68.237
-67.485
-66.721
-65.737
-65.185
-64.603
-64.112
-63.34
-62.65
-62.05
-61.778
-61.508
-61.11
-60.47
-59.833
-59.47
-59.215
-58.937
-58.381
-57.939
-57.263
-56.976
-56.562
-56.2
-55.716
-55.124
-54.479
-53.694
-53.203
-52.221
-51.184
-49.398
-46.45
-45
-45
-45
-45
-45
-45
-45
-45
-45
-45
-45
-45
-45
-45.727
-52.317
-57.996
-62.185
-64.756
-66.352
-67.377
-67.889
-68.09
-68.076
-67.74
-67.467
-67.355
-67.188
-66.946
-66.494
-66.098
-65.647
-65.148
-64.595
-64.065
-63.696
-63.18
-62.573
-61.874
-61.201
-60.375
-59.978
-59.515
-59.054
-58.566
-58.341
-57.679
-57.457
-56.973
-56.728
-56.216
-55.957
-55.834
-55.33
-54.474
-53.852
-53.052
-51.839
-50.384
-48.102
-45
-45
-45
-45
-45
-45
-45
-45
-45
-45
-45
-45
-45
-45
-49.477
-55.763
-60.783
-63.907
-66.115
-67.605
-68.483
-69.013
-69.592
-70.009
-69.809
-69.771
-69.436
-69.444
-69.261
-69.12
-69.411
-69.461
-69.257
-69.308
-69.354
-69.084
-69.165
-68.964
-69.281
-69.161
-69.146
-69.113
-69.187
-69.333
-69.415
-69.601
-69.482
-69.76
-69.964
-70.208
-70.397
-70.568
-70.477
-70.018
-69.505
-69.049
-68.352
-67.734
-67.144
-66.277
-65.754
-65.113
-64.722
-64.208
-63.523
-63.279
-62.64
-62.169
-61.345
-60.597
-59.781
-59.322
-58.722
-58.102
-57.655
-56.903
-56.476
-55.918
-55.486
-54.812
-53.846
-53.14
-51.575
-49.764
-46.53
-45
-45
-45
-45
-45
-45
-45
-45
-45
-45
-45
-45
-45
-45
-51.169
-57.07
-61.43
-64.469
-66.406
-67.748
-68.536
-69.086
-69.351
-69.404
-69.108
-68.615
-68.483
-68.227
-67.452
-66.994
-66.26
-65.592
-65.092
-64.626
-63.804
-63.45
-62.692
-62.156
-61.561
-61.107
-60.233
-59.804
-59.592
-59.396
-59.243
-59.025
-58.739
-58.452
-58.286
-58.027
-57.953
-57.499
-56.954
-56.593
-56.206
-55.672
-54.721
-53.639
-52.349
-51.323
-49.562
-46.665
-45
-45
-45
-45
-45
-45
-45
-45
-45
-45
-45
-45
-45
-45.753
-52.37
-57.758
-61.953
-65.027
-66.782
-67.949
-68.545
-68.93
-69.111
-68.892
-68.954
-68.848
-68.435
-67.804
-67.2
-66.636
-66.155
-65.876
-65.817
-65.499
-65.126
-64.449
-63.934
-63.823
-63.789
-63.599
-63.363
-63.046
-62.782
-62.59
-62.218
-61.854
-61.503
-61.121
-60.733
-60.376
-59.981
-59.795
-59.366
-59
-58.852
-58.439
-58.487
-58.055
-57.579
-57.171
-56.428
-55.899
-55.149
-54.219
-53.518
-52.96
-51.898
-50.49
-48.501
-45
-45
-45
-45
-45
-45
-45
-45
-45
-45
-45
-45
-45
-45
-48.806
-55.069
-60.013
-63.618
-66.146
-67.898
-69.042
-69.549
-69.934
-70.657
-71.059
-71.107
-71.122
-71.425
-71.616
-71.572
-71.477
-71.283
-71.258
