-75.552
-75.614
-75.459
-75.497
-75.783
-75.941
-75.682
-75.825
-75.872
-75.924
-76.074
-76.056
-75.831
-75.917
-75.575
-75.574
-75.406
-75.255
-75.356
-75.269
-75.189
-75.016
-74.986
-74.903
-74.943
-75.032
-74.97
-74.896
-74.997
-75.116
-74.982
-74.834
-75.089
-74.908
-74.692
-74.79
-74.972
-74.97
-74.897
-74.908
-74.857
-74.919
-75.104
-75.275
-75.094
-74.939
-74.874
-74.639
-74.353
-74.33
-74.698
-75.061
-75.324
-75.186
-75.571
-75.594
-75.563
-75.302
-75.25
-75.702
-75.812
-75.899
-76.058
-76.412
-76.494
-76.321
-76.343
-76.083
-75.961
-76.202
-76.292
-76.174
-76.034
-75.81
-75.588
-75.619
-75.822
-76.027
-76.096
-76.056
-76.032
-75.747
-75.551
-75.682
-75.536
-75.632
-75.511
-75.711
-75.47
-75.425
-75.234
-75.344
-75.419
-75.537
-75.764
-75.94
-75.826
-75.705
-75.664
-75.886
-75.854
-75.637
-75.768
-76.162
-75.953
-75.943
-75.956
-75.967
-76.142
-76.112
-75.948
-75.963
-76.059
-76.041
-75.987
-76.011
-75.966
-75.802
-75.614
-75.777
-75.844
-75.897
-75.707
-75.621
-75.686
-76.035
-76.079
-76.089
-76.167
-76.176
-75.828
-75.682
-75.507
-75.339
-75.422
-75.367
-75.02
-75.241
-75.225
-75.112
-75.239
-75.399
-75.444
-75.163
-75.217
-75.242
-74.831
-74.761
-74.636
-74.227
-74.239
-74.257
-74.343
-74.194
-74.441
-74.679
-74.629
-74.803
-74.896
-74.968
-75.123
-74.761
-74.514
-74.305
-74.441
-74.373
-74.359
-74.122
-74.059
-73.806
-73.946
-73.744
-73.993
-74.296
-74.207
-74.296
-73.79
-72.96
-72.323
-71.514
-70.673
-70.177
-69.635
-68.775
-67.938
-67.084
-66.259
-66.061
-65.689
-65.171
-64.562
-64.274
-63.709
-63.22
-62.725
-62.646
-62.369
-61.826
-61.538
-61.283
-60.968
-61.086
-60.937
-60.977
-60.988
-60.854
-60.81
-60.597
-60.334
-60.139
-59.832
-59.969
-59.842
-59.573
-59.226
-59.133
-59.198
-59.251
-59.462
-59.775
-59.686
-59.61
-59.7
-59.576
-59.782
-59.679
-59.876
-59.869
-59.746
-60.098
-60.012
-59.704
-59.878
-59.804
-60.146
-60.144
-60.31
-60.645
-60.6
-60.796
-61.04
-60.955
-61.02
-61.015
-60.85
-61.071
-61.226
-61.338
-61.354
-61.486
-61.482
-61.697
-61.592
-61.73
-61.912
-61.68
-61.142
-60.42
-59.713
-58.957
-58.685
-58.107
-57.813
-57.415
-56.743
-56.42
-56.104
-55.801
-55.537
-55.217
-54.966
-54.729
-54.607
-54.464
-54.319
-53.979
-53.984
-53.722
-53.624
-53.233
-53.079
-52.805
-52.685
-52.404
-52.334
-52.218
-51.993
-51.966
-51.732
-51.61
-51.456
-51.526
-51.257
-51.426
-51.392
-51.229
-51.258
-51.296
-51.045
-51.086
-50.591
-50.17
-49.693
-48.878
-47.748
-46.47
-45.025
-45
-45
-45
-45
-45
-45
-45
-45
-45
-45
-45
-45
-45
-45
-45
-45
-45
-45
-45.433
-49.606
-53.101
-55.901
-57.893
-59.203
-60.214
-60.673
-61.382
-61.761
-61.923
-61.983
-62.129
-62.345
-62.5
-62.459
-62.622
-62.439
-62.76
-62.999
-62.952
-62.987
-63.168
-63.239
-63.453
-63.113
-63.061
-63.036
-62.978
-62.997
-63.035
-63.372
-63.378
-63.493
-63.425
-63.376
-63.556
-63.648
-63.575
-63.701
-63.831
-64.291
-64.086
-64.342
-64.493
-64.715
-64.745
-64.913
-64.58
-64.899
-64.774
-64.88
-64.841
-64.901
-64.624
-64.869
-64.837
-65.115
-65.253
-65.111
-65.233
-65.273
-65.24
-65.029
-65.134
-65.051
-65.082
-64.977
-65.075
-65.237
-65.371
-65.467
-65.259
-65.277
-65.588
-65.693
-65.697
-65.572
-65.424
-65.486
-65.509
-65.608
-65.878
-66.087
-66.081
-65.997
-66.249
-66.088
-66.159
-66.196
-66.423
-66.651
-66.603
-66.688
-66.543
-66.47
-66.113
-66.187
-65.945
-65.756
-65.775
-65.464
-65.635
-65.879
-65.638
-65.685
-65.551
-65.605
-65.63
-65.537
-65.467
-65.692
-65.877
-65.927
-66.327
-66.443
-66.512
-66.81
-66.896
-66.819
-66.855
-66.493
-66.833
-66.564
-66.106
-65.657
-65.058
-64.177
-63.196
-62.431
-61.771
-61.305
-60.861
-60.268
-59.926
-59.366
-58.969
-58.342
-58.088
-57.584
-57.548
-57.124
-56.476
-56.31
-55.998
-55.938
-55.879
-55.633
-55.552
-55.5
-55.292
-54.823
-54.905
-54.692
-54.875
-54.649
-54.479
-54.095
-54.165
-54.077
-53.752
-54.043
-54.116
-53.909
-53.821
-53.836
-53.87
-53.871
-53.933
-54.182
-54.412
-54.821
-54.661
-54.457
-54.178
-54.021
-54.105
-54.023
-54.019
-53.851
-53.995
-54.312
-53.987
-53.699
-53.753
-53.859
-53.998
-53.999
-54.018
-53.985
-54.444
-54.362
-54.537
-54.562
-54.484
-54.376
-54.465
-54.348
-54.04
-53.698
-53.432
-52.852
-52.072
-51.862
-51.695
-50.936
-50.446
-50.131
-49.997
-49.681
-49.14
-48.834
-48.366
-47.622
-46.3
-45
-45
-45
-45
-45
-45
-45
-45
-45
-45
-45
-45
-45
-45
-45
-45
-45
-45
-45
-46.548
-50.854
-53.968
-56.418
-58.099
-59.251
-59.871
-60.16
-60.461
-60.549
-60.64
-60.599
-60.472
-60.412
-60.431
-60.528
-60.386
-60.259
-59.949
-59.76
-59.857
-59.879
-60.032
-59.876
-59.758
-59.774
-59.834
-59.933
-59.593
-59.566
-59.32
-59.062
-59.121
-59.199
-59.393
-59.176
-59.032
-59.091
-59.172
-59.29
-59.574
-59.14
-59.187
-59.396
-59.389
-59.568
-59.642
-59.656
-59.496
-59.521
-59.691
-59.703
-59.453
-59.603
-59.736
-59.641
-59.697
-59.974
-60.029
-59.972
-60.066
-59.596
-59.551
-59.64
-59.551
-59.795
-59.801
