-74.647
-74.427
-74.313
-73.952
-73.922
-73.81
-73.748
-73.508
-73.35
-73.153
-72.66
-72.566
-72.753
-72.769
-72.492
-72.28
-72.406
-72.45
-72.255
-72.364
-72.231
-72.247
-72.248
-72.288
-72.015
-71.952
-72.156
-72.212
-72.182
-72.211
-72.387
-72.384
-72.307
-72.259
-72.223
-72.232
-72.121
-72.426
-72.118
-71.669
-71.878
-71.894
-72.108
-72.443
-72.752
-72.82
-72.739
-73.049
-73.061
-73.086
-73.291
-73.355
-73.416
-73.665
-73.676
-73.824
-73.888
-73.994
-74
-73.904
-74.046
-74.057
-73.971
-74.236
-74.265
-74.479
-74.569
-74.586
-75.035
-75.22
-75.375
-75.522
-75.816
-75.942
-75.819
-75.623
-75.499
-75.768
-75.706
-75.829
-75.885
-76.036
-75.914
-75.74
-75.743
-75.459
-75.653
-75.705
-75.77
-75.922
-75.863
-76.163
-76.302
-76.383
-76.58
-76.556
-76.52
-76.461
-76.358
-76.333
-76.584
-76.522
-76.474
-76.547
-76.372
-76.398
-76.498
-76.53
-76.254
-76.19
-76.064
-76.054
-75.826
-75.745
-75.649
-75.329
-75.242
-74.979
-74.824
-74.678
-74.31
-73.92
-73.719
-73.509
-73.485
-73.351
-73.162
-72.986
-72.984
-72.762
-72.522
-72.807
-72.703
-72.339
-72.285
-72.44
-72.32
-72.309
-72.223
-72.315
-72.056
-71.672
-71.657
-71.637
-71.641
-71.806
-71.539
-71.706
-71.653
-71.754
-71.903
-71.712
-71.728
-71.94
-71.861
-71.909
-72.191
-72.16
-72.286
-72.418
-72.417
-72.714
-72.814
-72.54
-72.693
-72.528
-72.382
-72.514
-72.475
-72.388
-72.501
-72.504
-72.574
-72.539
-72.809
-72.534
-72.388
-72.814
-73.03
-73.034
-72.697
-72.558
-72.121
-71.698
-71.371
-71.029
-70.85
-70.513
-70.172
-70.043
-69.782
-69.565
-69.355
-69.147
-69.116
-69.041
-68.823
-68.732
-68.714
-68.593
-68.859
-68.875
-68.835
-68.904
-68.927
-68.646
-68.362
-68.298
-68.337
-68.319
-68.161
-68.256
-68.069
-67.982
-68.238
-68.267
-68.204
-68.22
-68.543
-68.548
-68.468
-68.33
-68.489
-68.322
-68.55
-68.951
-68.834
-68.97
-68.723
-68.856
-68.639
-68.905
-68.645
-68.928
-68.919
-69.073
-69.323
-69.393
-69.542
-69.722
-69.721
-69.861
-69.956
-70.107
-70.005
-70.032
-69.981
-70.053
-70.363
-70.537
-70.267
-69.978
-69.707
-69.517
-68.964
-68.561
-68.241
-67.983
-67.624
-67.162
-66.547
-65.971
-65.28
-65.138
-64.519
-63.848
-63.261
-62.453
-61.682
-60.956
-60.557
-60.082
-59.605
-59.332
-58.808
-58.426
-57.94
-57.281
-56.597
-56.052
-55.307
-54.722
-54.169
-53.248
-52.311
-50.51
-47.657
-45
-45
-45
-45
-45
-45
-45
-45
-45
-45
-45
-45
-45
-45
-49.848
-56.374
-61.419
-65.128
-67.137
-68.908
-70.003
-70.401
-71.016
-70.799
-70.69
-70.342
-70.326
-70.159
-69.77
-69.609
-69.481
-68.971
-68.534
-68.439
-68.226
-67.903
-67.821
-67.589
-66.88
-66.432
-65.872
-65
-64.291
-63.561
-62.976
-62.376
-61.374
-60.3
-59.311
-58.333
-57.59
-56.752
-55.756
-54.528
-53.414
-52.175
-50.809
-49.063
-45.547
-45
-45
-45
-45
-45
-45
-45
-45
-45
-45
-45
-45
-45
-47.552
-54.354
-59.758
-63.674
-66.303
-67.723
-68.869
-69.539
-69.486
-69.14
-68.803
-68.872
-68.578
-68.161
-67.731
-67.164
-66.609
-66.484
-66.177
-65.664
-65.404
-65.077
-64.772
-64.614
-64.392
-64.179
-64.014
-63.885
-63.409
-63.296
-63.006
-62.664
-62.25
-61.587
-61.338
-60.882
-60.543
-60.699
-60.48
-60.204
-60.06
-60.067
-60.238
-59.978
-60.035
-59.829
-59.827
-59.584
-59.229
-58.933
-58.647
-57.994
-57.522
-57.178
-56.897
-56.428
-56.174
-55.402
-54.805
-54.085
-52.757
-51.562
-49.869
-46.76
-45
-45
-45
-45
-45
-45
-45
-45
-45
-45
-45
-45
-45
-45.039
-52.155
-58.183
-62.474
-65.82
-67.793
-68.908
-69.674
-70.254
-70.305
-70.373
-70.303
-69.842
-69.823
-69.739
-69.791
-69.529
-69.583
-69.413
-69.111
-68.829
-68.421
-68.235
-67.812
-67.324
-66.928
-66.699
-66.572
-66.242
-65.885
-65.508
-65.033
-65.079
-65.034
-65.054
-65.025
-65.109
-65.126
-64.827
-64.829
-64.828
-64.741
-64.738
-64.95
-64.83
-64.83
-64.843
-65.253
-65.633
-65.837
-65.88
-66.27
-66.261
-66.489
-66.601
-66.42
-66.586
-66.459
-66.32
-66.275
-66.5
-66.393
-66.376
-66.04
-65.971
-65.574
-65.76
-65.873
-65.953
-66.079
-65.959
-65.633
-65.247
-65.018
-64.712
-64.647
-64.276
-64.134
-63.467
-63.462
-63.429
-63.424
-63.428
-63.074
-62.916
-62.873
-62.747
-62.768
-62.561
-62.623
-62.921
-62.885
-62.959
-63.072
-62.961
-63.157
-63.201
-63.176
-63.333
-63.284
-63.073
-63.065
-62.967
-62.639
-62.511
-62.611
-62.363
-62.072
-61.953
-61.707
-61.301
-60.702
-60.37
-60.122
-59.761
-59.117
-58.881
-58.792
-58.675
-58.534
-58.242
-57.92
-57.862
-57.535
-57.392
-57.455
-57.249
-57.01
-56.622
-56.562
-56.372
-56.479
-56.436
-56.225
-56.06
-55.682
-55.478
-55.203
-54.869
-54.816
-54.638
-54.362
-53.958
-53.893
-53.592
-52.897
-52.127
-50.922
-49.055
-45
-45
-45
-45
-45
-45
-45
-45
-45
-45
-45
-45
-45
-45
-47.04
-54.66
-60.636
-65.103
-68.196
-70.389
-71.9
-72.961
-73.769
-74.516
-75.012
-75.281
-75.29
-75.574
-75.507
-75.538
-75.724
-75.702
-75.849
-75.995
-76.268
-76.308
-76.421
-76.453
-76.462
-76.592
-77.07
