-79.74
-79.629
-79.65
-79.772
-79.996
-79.811
-79.91
-79.762
-79.929
-79.793
-79.819
-80.018
-79.82
-79.939
-79.836
-79.848
-80.217
-80.062
-80
-80.037
-79.911
-79.987
-79.926
-80.073
-80.27
-80.31
-80.473
-80.373
-80.514
-80.151
-80.105
-79.835
-79.928
-79.934
-80.111
-80.31
-80.29
-80.164
-80.51
-80.014
-80.065
-80.275
-79.977
-80.063
-79.92
-79.545
-79.701
-79.736
-79.841
-79.589
-79.549
-79.679
-79.664
-79.609
-79.671
-79.659
-79.708
-79.726
-79.76
-80.081
-80.285
-80.219
-80.246
-80.438
-80.395
-80.219
-80.453
-80.449
-80.195
-80.109
-80.101
-80.187
-80.328
-80.165
-79.688
-78.423
-77.04
-75.555
-74.161
-72.921
-71.776
-70.664
-69.653
-68.733
-68.199
-67.252
-66.514
-65.863
-65.194
-64.653
-63.724
-63.072
-62.96
-62.314
-61.774
-61.223
-60.722
-60.405
-60.167
-59.773
-59.792
-59.592
-59.738
-59.926
-59.901
-59.849
-59.605
-59.544
-59.647
-59.627
-59.514
-59.71
-59.767
-59.838
-60.244
-60.518
-60.656
-60.829
-60.962
-61.432
-61.691
-61.713
-62.509
-64.983
-68.297
-71.469
-73.81
-75.339
-76.409
-77.471
-78.354
-78.672
-78.856
-79.225
-79.367
-79.16
-79.155
-79.368
-79.19
-79.406
-78.959
-78.463
-78.329
-78.041
-78.215
-78.084
-77.731
-77.707
-77.682
-77.481
-77.588
-77.703
-77.854
-77.868
-77.992
-78.234
-78.146
-78.034
-77.659
-77.729
-77.854
-77.996
-78.214
-78.097
-77.97
-78.092
-78.034
-78.009
-78.065
-78.349
-78.659
-78.797
-78.993
-78.909
-78.979
-79.015
-79.001
-78.904
-79.05
-78.945
-79.078
-78.983
-79.156
-79.283
-79.258
-79.334
-79.334
-79.538
-79.374
-79.461
-79.357
-79.28
-79.374
-79.246
-79.353
-79.315
-79.225
-79.158
-78.64
-78.068
-77.982
-77.522
-76.916
-76.704
-76.732
-76.648
-76.415
-76.295
-76.356
-76.258
-76.14
-76.271
-76.264
-76.481
-76.678
-76.746
-76.843
-76.756
-77.09
-77.135
-76.945
-77.398
-77.467
-77.636
-77.657
-77.655
-77.518
-77.757
-77.682
-77.514
-77.462
-77.426
-77.558
-77.571
-77.25
-77.637
-77.751
-77.532
-77.696
-78.055
-78.18
-78.121
-78.27
-78.251
-78.367
-78.348
-78.514
-78.557
-78.34
-78.438
-78.443
-78.543
-78.528
-78.39
-78.505
-78.877
-79.162
-79.026
-79.091
-79.171
-78.98
-79.03
-78.613
-78.487
-78.152
-78.122
-77.935
-77.689
-77.468
-76.98
-76.552
-76.139
-75.992
-75.76
-75.299
-75.076
-75.142
-74.89
-74.837
-74.942
-75.13
-75.16
-75.33
-75.234
-75.423
-75.44
-75.511
-75.682
-75.77
-75.718
-75.777
-75.834
-75.96
-76.027
-75.943
-76.076
-76.133
-76.212
-76.354
-75.984
-75.978
-76.095
-76.203
-75.978
-75.684
-75.626
-75.463
-75.239
-75.178
-75.179
-74.915
-74.646
-74.835
-74.942
-75.335
-75.9
-76.084
-76.494
-76.577
-77.129
-77.378
-77.282
-77.479
-77.507
-77.789
-77.855
-77.956
-77.99
-78.031
-77.885
-77.67
-77.936
-77.925
-77.819
-77.909
-77.785
-77.879
-77.899
-78.103
-78.036
-78.159
-77.825
-77.809
-77.999
-77.928
-77.914
-78.087
-77.939
-77.874
-77.953
-78.072
-78.362
-78.335
-78.681
-78.45
-78.465
-78.282
-78.352
-78.297
-78.153
-77.943
-78.12
-78.161
-78.296
-78.142
-78.162
-78.219
-78.095
-78.011
-78.15
-78.303
-78.027
-78.399
-78.604
-78.73
-78.728
-78.747
-78.843
-78.978
-78.933
-78.987
-78.718
-79.124
-79.255
-79.137
-79.243
-78.93
-78.7
-78.749
-78.758
-78.804
-78.361
-77.796
-77.23
-76.729
-76.413
-76.011
-76.103
-76.017
-75.857
-75.842
-75.519
-75.151
-74.695
-74.37
-73.797
-73.494
-73.277
-73.429
-73.456
-73.197
-73.316
-73.481
-73.912
-74.393
-74.753
-74.954
-74.816
-74.954
-75.178
-75.198
-75.282
-75.311
-75.277
-75.406
-75.466
-75.575
-75.398
-75.505
-75.568
-75.307
-75.106
-74.753
-74.39
-74.018
-73.418
-73.19
-73.281
-73.234
-73.045
-72.982
-73.021
-72.811
-72.703
-72.427
-72.442
-72.613
-73.09
-73.275
-73.558
-74.108
-74.29
-74.506
-74.692
-74.812
-74.925
-74.852
-75.116
-75.464
-75.31
-75.302
-75.467
-75.474
-75.536
-75.546
-75.655
-75.618
-75.73
-75.7
-75.637
-75.725
-75.845
-75.925
-75.683
-75.515
-75.732
-75.801
-75.847
-75.718
-75.853
-75.921
-76.237
-76.435
-76.434
-76.433
-76.591
-76.642
-76.761
-76.955
-77.384
-77.541
-77.535
-77.49
-77.579
-77.367
-77.224
-77.448
-77.173
-76.805
-75.621
-74.668
-73.503
-72.878
-72.224
-71.474
-71.323
-71.397
-71.9
-72.284
-72.55
-72.707
-72.834
-73.036
-73.105
-73.031
-72.954
-73.249
-73.742
-74.49
-74.963
-75.543
-75.598
-75.843
-76.015
-76.303
-76.247
-76.459
-76.421
-76.731
-76.661
-76.787
-76.894
-77.055
-77.271
-77.155
-77.221
-77.283
-77.209
-77.339
-77.202
-77.1
-76.806
-76.525
-76.711
-76.55
-76.803
-76.99
-77.008
-76.908
-77.211
-77.219
-77.153
-77.03
-77.033
-77.077
-77.123
-77.129
-76.974
-77.069
-77.126
-77.051
-77.226
-77.209
-77.152
-77.356
-77.304
-77.397
-77.763
-77.987
-77.814
-77.879
-78.009
-78.023
-78.132
-78.263
-78.219
-78.165
-78.099
-78.133
-78.302
-78.214
-77.835
-77.365
-76.529
-76.257
-76.076
-75.976
-75.753
-75.306
-75.049
-74.835
-74.758
-74.562
-74.46
-74.42
-74.041
-74.221
-74.146
-74.125
-73.821
-73.339
-73.266
-73.381
-73.411
-73.28
-73.594
-73.684
-73.911
-74.032
-74.118
-74.389
-74.199
-74.422
-74.847
-75.126
-75.547
-75.694
-76.101
-76.502
-76.984
-77.267
-77.384
-77.738
-78.072
-78.233
-78.197
