-75.854
-75.785
-75.838
-75.842
-75.648
-75.304
-75.711
-75.762
-75.775
-75.786
-75.797
-75.957
-76.012
-75.965
-76.222
-76.498
-76.333
-76.124
-76.375
-76.425
-76.575
-76.386
-76.541
-76.526
-76.628
-76.538
-76.402
-76.537
-76.688
-76.48
-76.687
-76.709
-76.578
-76.733
-76.72
-76.724
-76.923
-77.208
-77.482
-77.739
-77.864
-77.689
-77.426
-77.479
-77.441
-77.533
-77.591
-77.387
-77.392
-77.351
-77.193
-77.255
-77.248
-77.207
-77.143
-76.73
-76.616
-76.351
-76.194
-75.628
-75.411
-75.033
-74.836
-74.905
-74.972
-74.74
-74.205
-73.639
-73.789
-73.426
-73.159
-73.035
-73.127
-73.172
-73.398
-73.546
-73.339
-73.247
-72.932
-72.973
-72.749
-72.705
-72.822
-72.662
-72.781
-72.648
-72.544
-72.343
-72.352
-72.487
-72.634
-72.105
-71.95
-71.874
-71.946
-71.895
-72.04
-72.05
-71.995
-71.849
-71.786
-71.534
-71.163
-70.613
-70.336
-70.169
-70.139
-69.893
-69.772
-69.404
-69.364
-69.243
-69.024
-68.731
-68.466
-68.393
-68.191
-68.076
-67.877
-67.909
-67.528
-67.127
-66.875
-66.428
-66.307
-65.752
-65.214
-64.741
-64.205
-63.949
-63.713
-63.427
-63.012
-62.826
-62.352
-62.13
-61.763
-61.258
-61.122
-61.213
-60.84
-60.889
-60.557
-60.255
-59.735
-59.715
-59.43
-59.218
-58.519
-58.082
-57.563
-57.168
-56.761
-56.377
-56.008
-55.77
-55.173
-54.661
-53.992
-53.468
-52.691
-51.47
-49.676
-46.23
-45
-45
-45
-45
-45
-45
-45
-45
-45
-45
-45
-45
-45
-45
-52.111
-58.314
-62.981
-66.233
-67.94
-69.387
-70.211
-70.734
-70.786
-70.913
-70.933
-71.02
-71.021
-70.845
-70.832
-70.777
-70.645
-70.356
-70.156
-70.236
-70.392
-70.006
-69.457
-69.48
-69.191
-69.043
-68.664
-68.135
-67.436
-67.252
-66.921
-66.501
-66.318
-65.802
-65.333
-64.823
-64.668
-64.647
-64.575
-64.241
-64.142
-63.94
-63.88
-64.038
-63.787
-63.25
-63.008
-63.311
-63.101
-63.26
-63.408
-64.885
-67.517
-70.231
-72.855
-74.356
-75.773
-76.727
-77.187
-77.517
-77.831
-78.135
-78.261
-78.468
-78.674
-78.89
-78.773
-78.697
-78.845
-79.037
-79.007
-79.328
-79.373
-79.451
-79.63
-79.592
-79.643
-79.652
-79.673
-79.366
-79.211
-79.167
-78.958
-78.892
-78.853
-78.823
-78.598
-78.463
-78.401
-78.374
-78.377
-78.331
-78.419
-78.485
-78.632
-78.381
-78.166
-78.393
-78.31
-78.46
-78.389
-77.934
-77.731
-77.814
-77.467
-77.478
-77.449
-77.525
-77.606
-77.542
-77.47
-77.48
-77.37
-77.537
-77.626
-77.506
-77.277
-77.091
-76.919
-77.013
-77.139
-77.217
-77.38
-77.372
-77.576
-77.635
-77.484
-77.121
-77.113
-76.911
-77.2
-77.229
-77.016
-77.109
-77.273
-77.461
-77.589
-77.681
-77.827
-77.981
-77.768
-77.812
-77.544
-77.303
-77.19
-76.969
-76.906
-76.738
-76.761
-76.668
-76.634
-76.549
-76.544
-76.674
-76.599
-76.895
-76.664
-76.946
-77.392
-77.913
-78.58
-78.711
-78.954
-79.163
-79.273
-79.527
-79.314
-79.47
-79.602
-79.339
-79.45
-79.253
-79.322
-79.299
-79.055
-79.354
-79.254
-79.086
-79.215
-79.446
-79.252
-79.348
-79.482
-79.364
-79.266
-79.309
-78.943
-78.743
-78.734
-78.873
-78.544
-78.262
-78.282
-78.089
-78.019
-78.066
-77.912
-77.974
-78.182
-78.458
-78.626
-78.486
-78.352
-78.539
-78.736
-78.663
-78.581
-78.831
-78.785
-78.725
-78.706
-78.776
-78.541
-78.368
-78.459
-78.717
-78.562
-78.435
-77.992
-78.08
-78.264
-78.639
-78.804
-78.999
-78.67
-78.663
-78.912
-78.835
-78.737
-78.771
-78.629
-78.54
-78.571
-78.587
-78.438
-78.362
-78.872
-79.037
-78.968
-78.986
-79.14
-78.996
-78.986
-78.946
-78.788
-78.763
-78.901
-78.958
-79.089
-79.08
-79.038
-79.171
-79.091
-79.159
-78.91
-78.915
-78.826
-79.072
-79.076
-79.005
-79.099
-78.981
-78.778
-78.972
-78.956
-79.068
-79.01
-79.13
-79.125
-79.395
-79.318
-79.194
-78.942
-78.769
-78.851
-78.973
-78.903
-78.824
-78.93
-79.036
-78.95
-78.923
-78.659
-78.943
-78.835
-78.833
-78.895
-78.895
-78.866
-78.455
-78.454
-78.428
-78.259
-78.134
-78.148
-78.5
-78.586
-78.647
-78.534
-78.686
-78.43
-78.463
-78.628
-78.331
-78.327
-78.198
-78.029
-78.178
-78.169
-78.373
-78.251
-78.232
-78.251
-78.368
-78.409
-78.595
-78.431
-78.552
-78.393
-78.646
-78.706
-78.69
-78.96
-78.773
-78.542
-78.609
-78.405
-78.312
-78.229
-77.855
-77.717
-77.555
-77.651
-77.814
-77.519
-77.453
-77.468
-77.418
-77.587
-77.864
-78.219
-78.408
-78.876
-78.938
-78.839
-78.82
-78.802
-78.88
-78.856
-78.327
-78.148
-78.22
-78.457
-78.369
-78.397
-78.437
-78.414
-78.476
-78.326
-78.182
-78.111
-78.084
-78.103
-78.381
-78.434
-78.389
-78.459
-78.2
-78.424
-78.629
-78.676
-78.761
-78.488
-78.635
-78.517
-78.316
-78.32
-78.234
-78.382
-78.193
-78.364
-78.639
-78.469
-78.487
-78.378
-78.323
-78.539
-78.486
-78.584
-78.653
-78.773
-78.877
-78.938
-78.983
-79.065
-78.917
-79.111
-78.96
-79.015
-78.729
-78.758
-78.485
-78.647
-78.428
-78.474
-78.468
-78.675
-78.797
-78.932
-78.905
-78.95
-78.918
-79.131
-79.189
-79.146
-79.21
-79.201
-79.299
-79.255
-78.855
-79.049
-78.449
-78.463
-78.644
-78.632
-78.481
-78.584
-78.61
-78.87
-78.834
-78.895
-78.984
-79.012
-79.043
-79.108
-79.228
-79.272
-79.548
-79.518
-79.405
-79.411
-79.544
-79.615
-79.454
-79.315
-79.282
-79.291
-79.174
