-73.982
-74.249
-74.126
-74.084
-73.976
-73.895
-73.794
-73.659
-73.43
-73.343
-73.322
-73.137
-73.243
-73.242
-73.38
-73.602
-73.645
-73.617
-73.44
-73.658
-73.476
-73.327
-73.457
-73.509
-73.486
-73.418
-73.339
-73.342
-73.392
-73.231
-73.217
-73.388
-73.338
-73.358
-73.496
-73.198
-72.789
-72.838
-72.653
-72.759
-72.548
-72.789
-72.701
-72.804
-72.895
-72.741
-73.038
-73.158
-73.268
-73.323
-73.242
-72.992
-72.866
-73.24
-73.361
-73.497
-73.572
-73.668
-73.665
-73.843
-73.693
-73.931
-74.316
-74.153
-74.139
-73.856
-73.624
-73.617
-73.542
-73.516
-73.291
-73.491
-73.757
-74.088
-74.19
-74.189
-73.914
-73.592
-73.64
-73.586
-73.872
-73.936
-73.906
-73.437
-73.376
-73.455
-73.354
-73.335
-73.238
-73.209
-73.151
-73.359
-73.294
-73.064
-73.447
-73.631
-74.164
-74.209
-73.996
-74.32
-74.464
-74.506
-74.414
-74.498
-74.596
-74.453
-74.395
-74.546
-74.515
-74.476
-74.481
-74.358
-74.524
-74.789
-74.823
-74.931
-75.274
-75.327
-75.396
-75.43
-75.719
-75.939
-75.639
-75.457
-75.136
-74.931
-74.627
-74.387
-74.464
-74.499
-74.648
-74.603
-74.579
-74.594
-74.522
-74.189
-74.247
-74.348
-74.541
-74.693
-74.705
-74.62
-74.547
-74.811
-74.896
-74.627
-74.557
-74.763
-74.809
-74.617
-74.663
-74.572
-74.71
-75.093
-75.295
-75.126
-75.221
-75.008
-75.09
-75.285
-75.201
-75.355
-75.201
-75.1
-75.237
-75.289
-74.967
-74.928
-75.113
-75.078
-74.973
-75.01
-74.95
-75.174
-75.155
-75.444
-75.101
-75.172
-75.465
-75.28
-75.457
-75.57
-75.211
-74.934
-74.928
-75.091
-75.241
-75.308
-75.026
-75.167
-75.143
-75.033
-75.103
-75.071
-75.179
-75.214
-75.434
-75.447
-75.296
-75.446
-75.424
-75.219
-75.16
-75.313
-75.038
-75.312
-75.213
-75.335
-75.589
-75.609
-75.705
-75.205
-75.362
-75.33
-75.344
-75.241
-75.178
-75.093
-75.486
-75.609
-75.448
-75.331
-75.35
-75.263
-75.411
-75.296
-75.381
-75.329
-75.614
-75.325
-75.142
-75.106
-75.154
-75.226
-74.863
-74.949
-74.957
-74.998
-75.189
-75.031
-75.16
-75.168
-75.037
-75.099
-75.308
-74.967
-75.22
-75.375
-75.454
-75.673
-75.84
-75.684
-75.507
-75.41
-75.538
-75.349
-75.355
-75.358
-75.152
-75.183
-75.431
-75.313
-75.2
-74.845
-74.773
-74.809
-74.69
-74.704
-74.737
-74.622
-74.46
-74.372
-74.31
-74.332
-74.3
-74.277
-74.26
-74.341
-74.318
-74.187
-73.984
-74.142
-74.094
-74.03
-73.94
-73.934
-74.168
-74.215
-74.191
-74.34
-74.477
-74.568
-74.696
-74.953
-75.189
-75.069
-75.038
-74.893
-74.734
-74.749
-74.704
-74.575
-74.57
-74.531
-74.351
-74.607
-74.323
-74.468
-74.732
-74.718
-74.48
-74.25
-74.295
-74.379
-74.59
-74.472
-74.666
-74.697
-74.635
-74.654
-74.511
-74.485
-74.476
-74.25
-74.397
-74.344
-74.135
-73.992
-73.984
-74.109
-74.061
-74.106
-74.173
-74.171
-74.174
-74.107
-74.113
-74.075
-74.462
-74.42
-74.185
-74.234
-74.549
-74.541
-74.332
-74.414
-74.514
-74.311
-74.572
-74.648
-74.636
-74.613
-74.513
-74.551
-74.431
-74.65
-74.772
-74.838
-74.807
-75.107
-74.993
-75.168
-75.235
-75.606
-75.691
-75.608
-75.552
-75.422
-75.826
-75.976
-75.907
-75.544
-75.557
-75.585
-75.611
-75.497
-75.083
-74.9
-75.286
-75.373
-75.176
-75.148
-75.258
-75.568
-75.253
-75.233
-75.242
-75.398
-75.058
-74.972
-75.018
-74.795
-74.667
-74.569
-74.443
-74.677
-74.897
-74.776
-74.961
-75.036
-74.966
-74.781
-74.767
-74.765
-74.851
-74.962
-74.718
-74.46
-73.959
-74.106
-74.05
-74.034
-74.178
-74.337
-74.547
-74.662
-74.483
-74.351
-74.291
-74.285
-74.384
-74.393
-74.406
-74.507
-74.422
-74.192
-74.49
-74.651
-74.658
-74.578
-74.675
-74.561
-74.729
-74.535
-74.094
-73.945
-74.202
-74.353
-74.228
-73.829
-73.5
-73.373
-73.412
-73.319
-72.945
-72.512
-72.711
-72.835
-73.136
-73.035
-72.915
-73.18
-73.548
-73.544
-73.663
-73.66
-73.58
-73.546
-73.509
-73.714
-73.443
-73.638
-73.368
-73.239
-73.085
-72.946
-72.873
-72.931
-73.032
-73.163
-73.046
-73.225
-73.288
-73.552
-73.538
-73.771
-73.609
-73.598
-73.649
-73.98
-74.002
-74.268
-74.11
-74.165
-74.265
-74.392
-74.587
-74.544
-74.596
-74.525
-74.682
-74.616
-74.506
-74.295
-74.344
-74.328
-74.375
-74.377
-74.424
-74.216
-74.248
-73.953
-73.826
-73.884
-74.053
-73.913
-73.95
-74.046
-73.911
-73.971
-74
-74.096
-73.973
-74.188
-74.136
-74.293
-74.184
-74.112
-74.362
-74.194
-73.999
-74.027
-74.314
-74.11
-74.171
-74.488
-74.507
-74.365
-74.451
-74.687
-74.545
-74.55
-74.845
-75.158
-74.989
-74.911
-74.624
-74.611
-74.479
-74.489
-74.366
-74.158
-74.242
-74.497
-74.742
-74.717
-74.811
-74.644
-74.678
-74.782
-74.707
-74.678
-74.589
-74.504
-74.526
-74.475
-74.559
-74.447
-74.413
-74.504
-74.554
-74.495
-74.655
-74.771
-75.171
-75.384
-75.144
-75.352
-75.462
-75.369
-75.299
-75.452
-75.588
-75.924
-75.858
-75.991
-76.009
-75.873
-75.572
-75.167
-75.429
-75.603
-75.545
-75.429
-75.549
-75.456
-75.432
-75.767
-75.651
-75.775
-75.536
-75.547
-75.397
-75.439
-75.521
-75.449
-75.536
-75.49
-75.686
-75.552
-75.491
-75.654
-75.587
-75.672
-75.592
-75.503
-75.765
-75.717
-75.575
-75.52
-75.497
-75.457
-75.16
-75.163
-75.185
-75.289
-75.325
-75.327
-75.626
-75.569
-75.737
-76.034
-75.955
-75.999
-76.074
-76.061
-76.203
-76.197
-75.765
-75.709
-75.808
-75.933
-75.822
-75.685
-75.797
-75.887
-75.808
-75.612
-75.692
-75.76
-75.582
-75.429
-75.228
-75.061
-75.053
-75.283
-75.234
-75.145
-75.114
-75.165
-75.41
-75.258
-75.463
-75.476
-75.388
-75.488
-75.55
-75.609
-75.527
-75.741
-75.695
-75.912
-75.925
-75.65
-75.602
-75.527
-75.594
-75.725
-75.81
-75.937
-76.131
-76.09
-76.291
-77.273
-77.828
-78.505
-79.051
-79.247
-79.268
-79.536
-79.423
-79.589
-79.712
-79.98
-80.109
-80.009
-79.74
-79.759
-79.622
-79.763
-79.788
-79.793
-79.834
-79.834
-79.921
-80.162
-80.222
-80.129
-79.939
-79.952
-80.132
-79.977
-80.182
-80.005
-79.898
-79.999
-80.042
-79.977
-80.055
-80.153
-79.938
-79.901
-79.988
-79.63
-79.671
-79.776
-80.036
-80.009
-79.834
-79.982
-80.078
-80.159
-80.024
-79.99
-80.188
-80.392
-80.198
-80.242
-80.399
-80.263
-80.255
-80.46
-80.325
-80.441
-80.56
-80.693
-80.553
-80.779
-80.759
-80.659
-80.563
-80.431
-80.348
-80.556
-80.495
-80.499
-80.358
-80.445
-80.296
-80.24
-80.393
-80.289
-80.242
-80.424
-80.523
-80.417
-80.366
-80.317
-80.62
-80.582
-80.291
-80.132
-80.247
-80.09
-80.249
-80.335
-80.25
-80.167
-80.063
-80.152
-80.172
-79.868
-79.85
-79.695
-79.786
-79.493
-79.506
-79.527
-79.38
-79.418
-79.533
-79.531
-79.553
-79.424
-79.48
-79.429
-79.358
-79.311
-79.195
-79.374
-79.383
-79.596
-79.609
-79.444
-79.453
-79.331
-79.094
-78.909
-79.201
-79.566
-79.682
-79.68
-79.661
-79.772
-79.901
-79.711
-79.693
-80.054
-80.006
-79.771
-80.04
-80.145
-80.26
-80.261
-80.358
-80.594
-80.823
-80.624
-80.468
-80.468
-80.578
-80.373
-80.181
-80.273
-80.356
-80.491
-80.75
-80.583
-80.398
-80.524
-80.543
-80.662
-80.661
-80.559
-80.534
-80.575
-80.292
-80.292
-80.209
-80.196
-80.285
-80.229
-80.28
-80.049
-80.069
-80.02
-79.705
-79.852
-79.699
-79.652
-79.691
-79.643
-79.813
-79.602
-79.652
-79.679
-79.8
-79.869
-79.763
-79.848
-80.097
-80.089
-79.991
-79.774
-79.631
-79.512
-79.636
-79.455
-79.44
-79.594
-79.665
-79.933
-79.985
-79.977
-80.079
-79.932
-79.797
-79.456
-79.489
-79.214
-79.524
-79.339
-79.336
-79.458
-79.333
-79.352
-79.2
-79.488
-79.539
-79.707
-79.702
-79.961
-80.14
-80.097
-80.433
-80.26
-80.182
-80.166
-80.088
-80.023
-80.003
-79.928
-79.786
-79.793
-79.78
-79.99
-79.663
-79.728
-79.657
-79.431
-79.391
-79.357
-79.598
-79.573
-79.641
-79.821
-79.692
-79.484
-79.555
-79.424
-79.6
-79.327
-79.345
-79.212
-79.103
-78.975
-78.854
-78.869
-78.891
-79.066
-79.308
-79.278
-79.241
-79.267
-79.496
-79.61
-79.416
-79.498
-79.702
-79.872
-79.925
-79.673
-79.751
-79.85
-79.725
-79.551
-79.768
-79.603
-79.226
-79.472
-79.602
-79.493
-79.613
-79.545
-79.313
-79.171
-79.223
-79.289
-79.102
-78.937
-78.85
-78.444
-78.45
-78.382
-78.265
-78.364
-78.342
-78.273
-78.503
-78.213
-78.451
-78.488
-78.807
-79.079
-78.876
-79.008
-78.745
-78.477
-78.438
-78.417
-78.185
-78.158
-78.047
-77.985
-78.065
-78.092
-78.332
-78.488
-78.584
-78.513
-78.687
-78.731
-78.999
-79.008
-78.873
-79.075
-79.389
-79.372
-79.331
-79.385
-79.136
