-78.44
-78.261
-78.1
-78.444
-78.39
-78.499
-78.347
-78.604
-78.753
-78.473
-78.728
-78.555
-78.419
-78.4
-77.967
-77.998
-78.223
-78.352
-78.394
-78.454
-78.317
-78.326
-78.159
-78.236
-78.32
-78.131
-78.192
-78.246
-78.381
-78.466
-79.04
-78.915
-79.108
-79.262
-79.467
-79.478
-79.334
-79.309
-78.99
-79.114
-78.598
-78.657
-78.495
-78.356
-78.472
-78.688
-78.524
-78.49
-78.637
-78.596
-78.676
-78.494
-78.396
-78.659
-78.677
-78.471
-78.348
-78.398
-78.262
-78.276
-78.331
-78.352
-78.322
-78.149
-78.239
-78.14
-78.195
-78.071
-78.197
-78.275
-78.19
-78.131
-77.986
-77.974
-77.981
-78.306
-78.287
-78.318
-78.25
-78.013
-77.701
-77.622
-77.485
-77.629
-77.445
-77.032
-76.888
-76.738
-76.532
-76.607
-76.539
-76.454
-76.397
-76.368
-76.201
-76.128
-76.003
-76.172
-76.292
-76.283
-76.002
-75.886
-75.945
-75.834
-75.898
-75.953
-75.885
-75.861
-75.664
-75.481
-75.402
-75.376
-75.492
-75.516
-75.774
-75.742
-75.577
-75.398
-75.447
-75.475
-75.207
-75.289
-75.222
-75.415
-75.674
-75.448
-75.497
-75.413
-75.398
-75.304
-75.252
-75.108
-74.859
-74.41
-74.422
-74.286
-74.365
-74.121
-73.987
-74.166
-74.098
-73.948
-74.035
-73.93
-73.673
-73.367
-73.358
-73.262
-73.266
-73.371
-73.518
-73.254
-73.348
-73.466
-73.336
-73.486
-73.525
-73.521
-73.729
-73.985
-73.908
-73.976
-73.856
-73.606
-73.677
-73.47
-72.996
-72.86
-72.711
-72.592
-72.791
-72.705
-72.864
-72.505
-72.504
-72.428
-72.487
-72.291
-72.251
-72.206
-72.007
-72.049
-72.117
-72.081
-72.251
-72.428
-72.255
-72.584
-72.624
-72.676
-72.675
-73.047
-73.163
-73.339
-73.508
-73.761
-73.9
-73.902
-74.072
-73.834
-73.869
-73.8
-73.834
-74.197
-74.228
-74.35
-74.274
-74.127
-74.283
-74.463
-74.735
-74.734
-74.827
-74.638
-74.51
-74.9
-74.786
-74.647
-74.928
-74.883
-74.687
-74.938
-75.097
-75.225
-75.387
-75.498
-75.395
-75.497
-75.599
-75.793
-75.605
-75.63
-75.253
-75.177
-75.186
-75.162
-75.111
-75.26
-75.016
-75.035
-74.903
-75.231
-75.52
-75.544
-75.779
-75.807
-76.142
-76.027
-76.548
-76.664
-76.816
-77.141
-77.283
-77.441
-77.299
-77.216
-77.06
-77.149
-77.302
-77.143
-77.071
-77.17
-77.323
-77.293
-77.339
-77.275
-76.994
-77.049
-77.405
-77.544
-77.719
-77.613
-77.737
-77.585
-77.563
-77.419
-77.487
-77.647
-77.404
-77.16
-77.52
-77.338
-77.611
-77.556
-77.418
-77.44
-77.329
-77.385
-77.363
-77.282
-77.363
-77.339
-77.264
-77.32
-77.106
-77.407
-77.223
-77.397
-77.42
-77.352
-77.393
-77.349
-77.547
-77.562
-77.668
-77.592
-77.371
-77.344
-77.182
-77.159
-77.234
-77.175
-77.116
-77.23
-77.19
-77.042
-77.013
-76.798
-76.787
-76.643
-76.458
-76.201
-76.201
-76.19
-76.309
-76.423
-76.591
-76.625
-76.459
-76.051
-76.032
-75.951
-76.11
-76.216
-76.286
-76.641
-76.512
-76.616
-76.506
-76.593
-76.603
-76.627
-76.869
-76.891
-76.711
-76.666
-76.696
-76.586
-76.578
-76.66
-76.699
-76.783
-76.867
-77.116
-77.166
-77.004
-77.167
-77.23
-77.449
-77.27
-77.386
-77.029
-77.199
-77.106
-77.049
-76.765
-76.851
-76.824
-76.858
-77.102
-77.295
-77.031
-77.093
-76.76
-76.359
-76.315
-76.125
-75.935
-75.811
-75.757
-75.742
-75.696
-75.768
-75.677
-75.548
-75.914
-75.749
-75.563
-75.993
-76.003
-75.752
-75.638
-75.618
-75.686
-75.652
-75.76
-75.63
-75.562
-75.812
-75.956
-75.952
-76.357
-76.276
-76.154
-76.022
-76.205
-76.004
-75.891
-75.787
-75.537
-75.62
-75.448
-75.456
-75.427
-75.586
-75.627
-75.588
-75.642
-75.67
-75.667
-75.85
-75.852
-75.62
-75.464
-75.826
-75.77
-75.575
-75.422
-75.172
-75.158
-75.122
-75.05
-75.352
-75.219
-75.46
-75.442
-75.488
-75.478
-75.525
-75.505
-75.396
-75.549
-75.462
-75.563
-75.387
-75.284
-75.292
-75.057
-74.956
-74.911
-75.014
-75.119
-75.167
-75.164
-75.135
-74.722
-74.732
-74.873
-74.855
-74.776
-74.604
-74.564
-74.943
-74.627
-74.694
-74.813
-74.667
-74.542
-74.782
-74.729
-74.901
-75.031
-75.052
-75.429
-75.695
-75.684
-75.914
-75.866
-75.969
-75.753
-75.359
-75.146
-75.157
-75.313
-75.503
-75.243
-75.12
-75.085
-75.055
-75.03
-75.129
-75.361
-75.406
-75.407
-75.148
-75.271
-75.141
-75.045
-74.896
-75.147
-75.127
-74.772
-74.702
-74.665
-74.585
-74.513
-74.14
-74.007
-74.166
-73.968
-74.217
-74.105
-74.283
-74.308
-74.309
-74.46
-74.615
-74.577
-74.51
-74.256
-74.382
-74.009
-73.892
-73.836
-73.835
-73.904
-73.682
-73.672
-73.654
-73.885
-73.608
-73.957
-73.731
-73.594
-73.731
-73.605
-73.729
-73.738
-73.647
-73.34
-73.111
-73.31
-73.375
-73.434
-73.289
-73.304
-73.159
-73.281
-73.39
-73.576
-73.721
-73.801
-73.752
-73.545
-73.47
-73.628
-73.96
-73.796
-74.105
-73.975
-74.149
-74.39
-74.489
-74.524
-74.463
-74.571
-74.535
-74.713
-74.726
-74.749
-74.908
-74.935
-74.999
-75.12
-74.967
-74.933
-74.689
-74.873
-74.805
-74.663
-74.966
-75.025
-75.286
-75.337
-75.164
-75.126
-75.284
-75.174
-75.27
-75.118
-75.165
-75.409
-75.386
-75.424
-75.753
-75.943
-76.213
-76.265
-75.887
-76.162
-75.894
-75.692
-75.701
-75.504
-75.05
-74.647
-74.572
-74.225
-74.099
-73.622
-73.249
-72.808
-72.631
-72.314
-72.193
-71.722
-71.677
-71.59
-71.379
-71.172
-71.208
-71.183
-71.154
-70.839
-70.943
-70.636
-70.444
-70.274
-69.997
-69.251
-69.149
-68.854
-68.588
-67.994
-67.564
-67.493
-67.176
-66.922
-66.779
-66.622
-66.394
-66.139
-66.16
-65.959
-65.663
-65.843
-65.856
-65.494
-64.866
-64.62
-64.619
-64.539
-64.475
-64.08
-63.993
-63.705
-63.496
-63.447
-63.34
-62.935
-62.83
-63.004
-63.075
-62.838
-62.703
-62.716
-62.723
-62.825
-62.865
-62.96
-62.741
-62.839
-62.823
-62.618
-62.645
-62.623
-62.536
-62.386
-62.408
-62.118
-62.283
-62.396
-61.97
-62.216
-62.09
-61.813
-61.874
-62.008
-62.058
-61.75
-61.905
-62.075
-62.138
-62.273
-62.237
-62.219
-62.035
-62.108
-62.152
-62.261
-62.469
-62.388
-62.526
-62.449
-62.856
-62.731
-62.759
-62.934
-62.684
-62.674
-62.687
-62.676
-62.63
-62.599
-62.583
-62.525
-62.627
-62.7
-62.674
-62.611
-62.347
-62.421
-62.19
-62.002
-61.894
-62.054
-61.973
-62.164
-62.108
-62.391
-62.412
-62.377
-62.085
-62.079
-62.174
-62.285
-62.357
-62.196
-62.142
-62.225
-62.376
-62.335
-62.251
-62.296
-62.464
-62.595
-62.395
-62.296
-62.267
-62.246
-61.955
-61.812
-61.619
-61.11
-61.083
-60.86
-60.449
-60.418
-60.045
-60.048
-59.924
-59.71
-59.521
-59.426
-59.243
-58.841
-58.9
-58.788
-58.854
-58.635
-58.566
-58.126
-57.921
-57.628
-57.5
-57.411
-57.281
-57.108
-57.112
-56.818
-58.646
-62.952
-67.376
-71.286
-73.908
-75.701
-77.03
-78.119
-78.844
-78.921
-79.216
-79.153
-79.5
-79.543
-79.618
-79.769
-79.651
-79.672
-79.681
-79.796
-79.74
-79.957
-80.263
-80.095
-79.813
-79.889
-79.714
-79.65
-79.941
-80.283
-80.07
-80.125
-80.011
-80.13
-79.681
-79.501
-79.616
-79.995
-79.846
-79.701
-80.073
-80.166
-80.065
-80.031
-79.978
-79.881
-79.832
-79.923
-79.959
-80.122
-80.071
-80.159
-80.115
-79.833
-79.723
-80.042
-79.812
-79.745
-79.799
-79.834
-79.793
-80.056
-80.329
-80.29
-80.181
-80.035
-80.198
-80.255
-80.157
-80.382
-80.459
-80.442
-80.352
-80.325
-80.123
-80.289
-80.355
-80.143
-80.259
-80.28
-80.167
-80.268
-80.362
-80.162
-80.286
-80.035
-80.157
-80.19
-80.201
-79.975
-79.761
-79.913
-79.751
-79.835
-79.989
-80.102
-80.122
-79.926
-79.748
-79.7
-79.54
-79.436
-79.357
-79.213
-79.181
-79.13
-79.255
-79.176
-79.566
-79.752
-79.78
-79.735
-79.543
-79.523
-79.746
-79.726
-79.9
-79.939
-79.974
-79.884
-80.237
-80.291
-79.947
-79.867
-80.022
-80.132
-80.249
-80.014
-80.195
-80.111
-80.196
-79.969
-80.232
-80.074
-80.218
-80.14
-80.09
-80.214
-80.267
-80.46
-80.332
-80.564
-80.573
-80.709
-80.653
-80.706
-80.568
-80.284
-80.494
-80.235
-80.287
-80.407
-80.506
-80.446
-80.573
-80.45
-80.276
-79.856
-80.209
-80.191
-80.044
-80.112
-80.282
-79.92
-79.999
-80.016
-79.962
-80.026
-80.176
-79.965
-80.185
-80.085
-79.83
-79.846
-79.768
-79.608
-79.496
-79.455
-79.359
-79.395
-79.598
-79.394
-79.574
-79.537
-79.365
-79.245
-79.624
-79.577
-79.73
-79.805
-80.353
-80.185
-79.891
-79.554
-79.384
-79.321
-79.415
-79.622
-79.618
-79.233
-79.252
-79.404
-79.731
-79.756
-79.989
-80.018
-80.032
-79.946
-79.735
-79.446
-79.451
-79.657
-79.844
-79.753
-79.808
-79.807
-79.782
-79.722
-79.645
-79.708
-79.76
