-74.464
-74.346
-74.447
-74.427
-74.551
-74.526
-74.252
-74.135
-74.078
-74.184
-74.142
-74.203
-74.277
-74.104
-74.063
-74.043
-74.324
-74.258
-74.494
-74.55
-74.738
-74.49
-74.801
-74.892
-74.856
-74.776
-74.851
-75.017
-74.886
-74.987
-75.045
-75.126
-75.197
-74.986
-75.255
-75.17
-75.365
-75.261
-75.218
-75.216
-75.108
-75.364
-75.05
-75.334
-75.376
-75.298
-75.043
-74.882
-74.981
-74.942
-74.83
-74.758
-74.832
-74.994
-75.068
-74.93
-75.042
-74.855
-75.118
-74.999
-74.878
-75.105
-75.231
-75.685
-75.987
-76.056
-76.021
-75.815
-75.912
-75.967
-76.072
-76.287
-76.24
-75.991
-76.089
-75.925
-75.806
-75.959
-75.997
-75.968
-76.073
-76.065
-75.803
-75.737
-75.782
-75.789
-76.06
-76.137
-76.005
-75.858
-75.818
-76.193
-76.264
-76.37
-76.435
-76.338
-76.199
-76.096
-75.938
-76.035
-76.168
-76.113
-76.008
-75.866
-75.769
-75.703
-76.012
-75.932
-76.328
-76.263
-76.004
-75.956
-76.242
-76.198
-76.257
-76.199
-76.439
-76.549
-76.583
-76.544
-76.475
-76.558
-76.635
-76.435
-76.309
-76.087
-76.15
-76.048
-75.741
-75.642
-75.732
-75.89
-75.998
-75.954
-76.054
-75.972
-75.816
-75.893
-76.171
-76.316
-76.367
-76.344
-76.649
-76.767
-76.747
-76.687
-76.665
-76.637
-76.511
-76.27
-75.822
-76.127
-76.023
-76.289
-76.107
-76.183
-76.177
-76.049
-76.188
-76.3
-76.565
-76.574
-76.488
-76.553
-76.533
-76.418
-76.032
-75.988
-75.974
-75.839
-75.978
-75.965
-75.923
-76.209
-76.305
-76.319
-76.095
-76.085
-76.106
-76.186
-76.163
-76.173
-76.095
-76.362
-76.431
-76.462
-76.415
-75.976
-75.763
-75.73
-75.542
-75.239
-74.814
-74.444
-73.943
-73.51
-73.043
-72.789
-72.671
-72.582
-72.316
-72.279
-72.109
-71.938
-71.6
-71.2
-70.774
-70.389
-70.55
-70.367
-69.941
-69.951
-70.054
-69.972
-69.99
-69.738
-69.605
-69.575
-69.491
-68.976
-68.777
-68.961
-68.731
-68.525
-68.484
-68.402
-68.724
-68.793
-68.651
-68.792
-68.881
-68.815
-68.541
-68.475
-68.445
-68.284
-68.193
-68.379
-68.529
-68.488
-68.361
-68.336
-68.458
-68.388
-68.544
-68.321
-68.313
-68.471
-68.586
-68.299
-68.555
-68.514
-68.31
-68.074
-67.787
-67.599
-67.268
-67.381
-67.118
-66.534
-66.299
-65.871
-65.563
-65.52
-65.263
-64.957
-64.722
-64.429
-64.173
-64.076
-63.866
-63.868
-63.809
-63.612
-63.494
-63.188
-63.129
-62.837
-62.78
-62.458
-62.175
-61.917
-61.811
-61.901
-61.99
-61.914
-61.771
-61.806
-61.928
-61.815
-61.757
-61.436
-61.28
-61.188
-61.2
-61.12
-61.125
-60.805
-60.654
-60.847
-60.948
-60.631
-60.73
-60.563
-60.666
-60.937
-60.856
-61.102
-60.963
-60.952
-60.884
-60.714
-60.727
-60.6
-60.523
-60.736
-60.672
-60.526
-60.578
-60.679
-60.771
-60.791
-60.735
-60.679
-60.699
-60.605
-60.822
-60.903
-60.993
-61.045
-60.991
-60.747
-60.952
-60.878
-60.48
-60.465
-60.241
-60.195
-60.04
-59.88
-59.555
-59.403
-58.838
-58.689
-58.665
-58.526
-58.311
-58.09
-57.879
-57.495
-57.372
-57.188
-56.896
-56.696
-56.139
-55.72
-55.569
-55.128
-54.46
-53.626
-52.494
-51.267
-49.64
-46.156
-45
-45
-45
-45
-45
-45
-45
-45
-45
-45
-46.242
-59.563
-69.356
-74.723
-77.27
-78.61
-79.341
-80.012
-80.253
-80.379
-79.996
-79.985
-79.802
-79.769
-79.692
-79.887
-79.674
-79.607
-79.501
-79.507
-79.386
-79.444
-79.576
-79.639
-79.686
-79.878
-80.122
-80.364
-80.015
-79.937
-79.742
-79.758
-80.02
-80.182
-80.009
-79.841
-79.984
-80.099
-80.078
-80.379
-80.344
-80.297
-79.962
-79.925
-79.98
-80.065
-80.007
-79.956
-80.092
-79.953
-79.928
-80.15
-80.054
-80.023
-79.691
-79.715
-79.089
-79.162
-78.959
-78.723
-78.7
-78.629
-78.8
-78.869
-78.668
-78.616
-78.577
-78.775
-78.86
-78.799
-78.933
-78.841
-78.981
-79.112
-79.241
-79.418
-79.574
-79.507
-79.344
-79.52
-79.704
-79.649
-79.607
-79.589
-79.64
-79.552
-79.511
-79.351
-79.51
-79.496
-79.311
-79.414
-79.687
-79.621
-79.585
-79.344
-79.855
-79.87
-79.926
-80.1
-79.967
-79.908
-79.805
-79.511
-79.308
-79.494
-79.302
-79.32
-78.804
-78.511
-78.409
-78.374
-78.386
-78.271
-78.31
-78.191
-78.252
-78.245
-78.321
-78.18
-78.153
-78.29
-78.489
-78.546
-78.696
-78.914
-78.71
-78.914
-78.915
-78.733
-78.84
-78.814
-78.644
-78.606
-78.622
-78.905
-79.132
-78.868
-78.961
-79.148
-79.392
-79.299
-79.594
-79.707
-79.814
-79.765
-79.563
-79.275
-79.756
-80.071
-80.325
-80.17
-79.983
-80.028
-80.357
-80.35
-80.343
-80.739
-80.763
-80.684
-80.616
-80.374
-80.081
-80.231
-80.136
-80.15
-80.232
-80.211
-79.984
-79.889
-80.307
-80.379
-80.184
-80.083
-80.166
-80.177
-80.088
-79.992
-79.916
-79.738
-79.919
-80.106
-80.098
-80.315
-80.085
-80.064
-80.29
-80.31
-80.267
-80.041
-80.199
-80.019
-79.957
-79.868
-80.098
-80.261
-80.195
-80.332
-80.456
-80.442
-80.178
-80.219
-80.316
-80.234
-80.266
-80.382
-80.89
-80.971
-80.971
-80.7
-80.757
-80.991
-81.019
-81
-80.963
-81.272
-81.319
-81.421
-81.677
-81.561
-81.523
-81.385
-81.236
-81.375
-81.559
-81.604
-81.522
-81.444
-81.336
-81.261
-81.234
-81.184
-81.1
-81.063
-81.055
-80.886
-80.804
-80.844
-80.757
-80.679
-80.57
-80.674
-80.867
-80.589
-80.787
-81.073
-81.012
-81.22
-80.901
-80.847
-80.92
-80.716
-80.471
-80.654
-80.533
-80.433
-80.649
-80.554
-80.41
-80.517
-80.533
-80.218
-80.021
-79.98
-79.867
-80.008
-80.158
-80.12
-80.063
-80.373
-80.306
-80.09
-80.005
-80.034
-80.004
-80.044
-80.116
-80.123
-80.213
-80.25
-80.252
-80.381
-80.464
-80.628
-80.523
-80.615
-80.586
-80.544
-80.64
-80.637
-80.694
-80.96
-80.975
-81.249
-81.163
-81.049
-81.245
-81.114
-80.964
-80.676
-80.551
-80.764
-80.623
-80.718
-80.606
-80.806
-80.791
-80.713
-80.485
-80.525
-80.796
-80.795
-80.867
-80.96
-80.755
-80.874
-80.936
-81.109
-81.103
-81.238
-81.473
-81.356
-81.338
-80.994
-81.092
-81.394
-81.285
-81.094
-80.924
-80.736
-81.132
-80.955
-80.943
-81.296
-81.244
-81.199
-81.41
-81.028
-80.977
-80.938
-81.218
-81.225
-81.256
-80.857
-80.832
-80.739
-80.892
-80.809
-81.171
-81.154
-81.136
-80.865
-80.91
-80.903
-80.622
-80.479
-80.155
-80.247
-80.45
-80.284
-80.252
-80.088
-80.219
-80.08
-79.976
-80.262
-80.108
-80.048
-80.19
-80.3
-80.246
-80.104
-79.978
-79.885
-80.097
-80.176
-80.108
-80.504
-80.411
-80.409
-80.514
-80.637
-80.671
-80.603
-80.51
-80.535
-80.506
-80.459
-80.466
-80.513
-80.431
-80.626
-80.916
-80.772
-80.898
-80.961
-81.027
-81.027
-81.163
-80.856
-80.75
-80.762
-80.735
-80.372
-80.42
-80.186
-80.328
-80.4
-80.765
-80.894
-81.124
-81.158
-81.072
-81.273
-81.305
-81.228
-81.249
-80.872
-81.011
-80.705
-80.398
-80.339
-80.086
-79.739
-79.42
-79.256
-78.875
-78.896
-78.718
-78.398
-78.297
-78.14
-77.849
-77.513
-76.95
-76.941
-76.963
-76.586
-76.407
-76.156
-75.996
-75.719
-75.628
-75.566
-75.449
-75.585
-75.582
-75.751
-75.299
-75.027
-74.935
-75.212
-75.22
-74.984
-74.863
-74.726
-74.873
-74.895
-75.027
-75.085
-74.759
-74.802
-74.517
-74.764
-74.953
-75.351
-75.554
-75.505
-75.526
-75.626
-75.784
-75.882
-75.742
-75.565
-75.704
-75.49
-75.273
-75.495
-75.62
-75.901
-75.686
-75.766
-75.749
-75.71
-75.865
-76.053
-76.062
-75.878
-75.547
-75.617
-75.473
-75.573
-75.395
-75.35
-75.546
-75.909
-75.59
-75.572
-75.563
-75.633
-75.617
-75.637
-75.507
-75.557
-75.74
-75.527
-75.491
-75.496
-75.379
-75.601
-75.799
-75.515
-75.47
-75.613
-75.936
-75.879
-75.758
-75.767
-75.738
-75.645
-75.723
-75.805
-75.761
-75.612
-75.477
-74.975
-74.948
-74.788
-75.08
-74.738
-75.183
-75.273
-75.569
-75.487
-75.588
-75.752
-75.984
-75.615
-75.711
-75.843
-76.258
-76.118
-76.285
-76.599
-76.78
-76.854
-76.943
-76.952
-77.072
-77.36
-77.594
-77.61
-77.589
-77.509
-77.312
-77.378
-77.126
-77.604
-77.083
-77.406
-77.232
-77.243
-77.138
-77.019
-77.035
-77.137
-77.507
-77.507
-77.751
-77.65
-77.63
-77.675
-77.892
-77.934
-78.164
-78.318
-78.081
-77.879
-77.963
-77.913
-77.815
-77.816
-77.723
-77.715
-78.005
-78.095
-78.166
-78.136
-78.215
-78.59
-78.656
-78.544
-78.524
-78.661
-78.759
-78.702
-78.944
-79.023
-78.625
-78.778
-78.636
-78.515
-78.637
-78.363
-78.222
-78.335
-78.624
-78.614
-78.582
-78.456
-78.093
-78.124
-78.294
-78.334
-78.682
-78.373
-78.232
-78.312
-78.473
-78.284
-78.48
-78.439
-78.605
-78.582
-78.605
-78.595
-78.781
