-79.839
-79.902
-79.743
-79.663
-79.492
-79.132
-79.262
-79.188
-79.044
-78.923
-78.653
-78.721
-78.555
-78.484
-78.509
-78.407
-78.486
-78.42
-78.196
-78.282
-78.634
-78.732
-78.814
-79.009
-79.068
-78.904
-78.38
-78.413
-78.228
-78.433
-78.412
-78.342
-78.262
-78.125
-78.309
-78.422
-78.401
-78.484
-78.678
-78.445
-78.51
-78.466
-78.721
-78.67
-78.623
-78.832
-78.932
-78.997
-78.839
-78.79
-78.83
-78.709
-78.913
-78.784
-78.993
-78.952
-78.989
-78.914
-78.821
-78.92
-78.6
-78.648
-78.855
-79.086
-79.033
-78.976
-78.924
-78.805
-79.142
-79.274
-79.207
-79.058
-79.08
-78.949
-78.76
-78.65
-78.639
-79.009
-79.204
-78.971
-79.026
-79.08
-79.124
-79.056
-79.254
-79.264
-79.083
-79.186
-79.336
-79.329
-79.283
-79.085
-79.013
-79.184
-79.422
-79.452
-79.242
-79.312
-79.362
-79.377
-79.024
-78.783
-78.601
-78.527
-78.315
-77.934
-77.53
-77.306
-77.142
-76.591
-76.552
-76.338
-76.046
-75.853
-75.697
-75.559
-75.094
-74.82
-74.477
-74.45
-74.107
-74.063
-73.818
-73.99
-73.877
-73.741
-73.545
-73.425
-73.479
-73.524
-73.185
-73.038
-73.782
-74.803
-75.834
-76.93
-77.804
-78.411
-78.991
-79.056
-79.532
-79.749
-80.228
-79.974
-79.985
-79.919
-79.873
-79.873
-79.816
-79.813
-79.812
-79.868
-79.984
-80.044
-79.869
-79.78
-79.837
-79.907
-79.862
-79.934
-79.847
-79.854
-80.116
-80.05
-80.112
-80.373
-80.055
-80.259
-80.238
-80.134
-80.258
-80.411
-80.216
-80.359
-80.324
-80.047
-79.943
-80.005
-79.836
-79.743
-79.745
-79.809
-79.647
-79.579
-79.425
-79.524
-79.464
-79.805
-79.663
-79.607
-79.964
-79.913
-80.01
-80.129
-80.211
-80.285
-80.159
-80.04
-80.041
-79.898
-79.886
-79.891
-80.043
-79.942
-79.824
-79.766
-79.857
-79.854
-79.888
-79.928
-80.145
-80.042
-79.911
-79.886
-80.044
-80.151
-79.672
-79.588
-79.515
-79.559
-79.71
-79.605
-79.653
-79.702
-79.737
-79.906
-79.972
-79.963
-79.879
-79.598
-79.707
-79.672
-79.645
-79.678
-79.98
-79.909
-79.705
-79.575
-79.671
-79.677
-79.791
-80.115
-80.185
-80.326
-80.192
-80.199
-80.257
-80.321
-80.273
-80.284
-80.187
-80.048
-80.032
-79.898
-80.005
-80.123
-80.114
-79.869
-79.981
-80.113
-80.196
-80.221
-80.203
-80.073
-80.014
-80.3
-80.427
-80.493
-80.412
-80.313
-80.021
-79.987
-79.558
-79.61
-79.737
-79.776
-79.819
-79.967
-80.06
-80.177
-80.043
-80.054
-80.026
-79.984
-80.022
-79.817
-79.66
-79.786
-79.903
-79.632
-79.756
-79.968
-80.088
-80.042
-80.086
-80.142
-80.249
-80.057
-80.319
-80.5
-80.393
-80.04
-79.994
-80.039
-80.033
-79.916
-80.091
-80.442
-80.204
-80.155
-80.228
-80.279
-80.307
-80.119
-80.119
-79.825
-79.823
-80.141
-80.236
-80.112
-79.876
-79.878
-80.062
-80.005
-79.85
-80.096
-80.193
-80.169
-79.821
-79.86
-80.039
-79.967
-80.006
-80.174
-80.083
-80.124
-80.244
-80.169
-79.915
-79.883
-79.903
-79.807
-79.876
-79.842
-79.987
-80.004
-80.089
-80.288
-80.07
-79.703
-79.814
-79.938
-79.71
-79.715
-79.609
-79.823
-79.883
-79.977
-80.026
-80.342
-80.386
-80.267
-80.039
-80.137
-79.982
-79.971
-79.929
-79.619
-79.841
-79.592
-79.483
-79.726
-79.887
-79.599
-79.734
-79.611
-79.825
-80.043
-80.18
-80.395
-80.428
-80.165
-80.236
-80.275
-80.175
-80.008
-79.844
-79.827
-79.669
-79.535
-79.393
-79.212
-79.336
-79.423
-79.468
-79.746
-79.874
-79.817
-79.946
-80.406
-80.157
-80.118
-79.939
-80.136
-80.202
-80.375
-80.357
-80.42
-80.435
-80.485
-80.747
-80.946
-80.782
-80.854
-80.922
-80.653
-80.659
-80.655
-80.477
-80.859
-81.057
-81.133
-81.112
-81.366
-81.154
-81.355
-81.254
-80.889
-80.91
-80.817
-80.701
-80.668
-80.389
-80.148
-79.987
-79.931
-79.696
-79.509
-79.395
-79.344
-79.08
-78.97
-78.891
-78.855
-78.808
-78.957
-78.757
-78.764
-78.576
-78.584
-78.472
-78.499
-78.41
-78.224
-78.228
-78.069
-78.142
-78.228
-78.295
-78.531
-78.404
-78.448
-78.423
-78.263
-78.209
-78.044
-78.237
-78.334
-78.203
-78.187
-78.021
-78.166
-78.121
-78.188
-77.977
-78.05
-78.005
-77.844
-78.155
-78.077
-78.026
-78.142
-77.984
-78.078
-78.301
-78.449
-78.372
-78.539
-78.542
-78.492
-78.936
-78.832
-78.785
-79.07
-79.08
-79.075
-78.623
-78.738
-78.777
-78.754
-78.48
-78.309
-78.467
-78.4
-78.361
-78.656
-78.544
-78.818
-78.892
-78.916
-78.941
-79.036
-79.044
-78.967
-78.959
-78.956
-78.85
-78.893
-78.958
-78.895
-78.898
-78.775
-78.803
-78.917
-79.082
-79.225
-79.558
-79.299
-79.095
-79.22
-79.176
-79.348
-78.996
-78.854
-78.961
-78.87
-79.197
-79.132
-78.833
-78.822
-78.93
-79.055
-79.058
-79.206
-79.369
-79.469
-79.529
-79.473
-79.39
-79.184
-79.097
-79.154
-79.378
-79.518
-79.446
-79.36
-79.6
-79.592
-79.726
-79.546
-79.537
-79.536
-79.715
-79.695
-79.789
-79.835
-80.002
-80.056
-80.122
-80.212
-80.038
-80.146
-80.319
-80.356
-80.339
-80.154
-80.125
-80.087
-80.175
-80.229
-79.644
-79.739
-79.878
-79.646
-79.424
-79.45
-79.523
-79.533
-79.718
-79.555
-79.629
-79.898
-79.736
-79.717
-79.714
-79.541
-79.467
-79.493
-79.618
-79.86
-79.664
-79.9
-79.997
-80.006
-79.619
-79.497
-79.22
-79.36
-79.355
-79.539
-79.55
-79.67
-79.518
-79.56
-79.492
-79.458
-79.452
-79.35
-79.41
-79.377
-79.118
-79.07
-79.359
-79.248
-79.371
-79.393
-79.791
-79.685
-79.386
-79.373
-79.311
-79.666
-79.472
-79.267
-79.097
-79.091
-79.246
-79.258
-79.374
-79.561
-79.605
-79.695
-79.353
-79.21
-79.422
-79.506
-79.571
-79.557
-79.628
-79.602
-79.707
-79.721
-79.637
-79.871
-79.934
-79.931
-79.816
-79.572
-79.686
-79.702
-79.834
-79.526
-79.689
-79.713
-79.799
-79.512
-79.459
-79.348
-79.447
-79.593
-79.619
-79.515
-79.482
-79.592
-79.557
-79.707
-79.662
-79.554
-79.547
-79.682
-79.656
-80.097
-80.227
-80.077
-79.922
-79.907
-79.883
-79.867
-79.943
-79.747
-79.818
-79.603
-79.618
-79.688
-79.493
-79.141
-79.328
-79.101
-79.078
-79.235
-79.501
-79.124
-78.996
-78.973
-78.888
-79.456
-79.527
-79.78
-79.942
-79.581
-79.528
-79.645
-79.692
-79.461
-79.719
-79.644
-79.861
-79.823
-79.701
-79.977
-80.168
-80.301
-80.249
-80.357
-80.402
-80.187
-80.119
-80.061
-80.227
-80.176
-80.021
-80.246
-80.068
-80.063
-79.902
-79.93
-79.845
-79.759
-79.843
-79.8
-79.606
-79.832
-79.692
-79.789
-79.936
-79.916
-79.7
-79.455
-79.36
-79.387
-79.423
-79.052
-78.743
-78.881
-78.904
-78.504
-78.182
-78.11
-78.132
-78.156
-78.128
-77.921
-77.954
-77.841
-77.778
-77.853
-77.99
-77.958
-78.296
-78.335
-78.014
-78.075
-78.049
-78.165
-78.17
-78.206
-78.001
-78.047
-78.167
-77.933
-78.013
-78.008
-77.982
-77.806
-77.841
-77.871
-77.533
-77.734
-77.651
-77.54
-77.334
-77.065
-76.827
-76.322
-76.273
-76.232
-76.015
-75.786
-75.667
-75.578
-75.469
-75.355
-75.313
-75.176
-74.981
-74.865
-74.886
-74.762
-74.452
-74.23
-74.019
-73.57
-73.493
-73.245
-72.822
-72.845
-72.692
-72.824
-72.791
-72.577
-72.405
-72.117
-72.101
-72.346
-72.438
-72.434
-72.523
-72.651
-72.474
-72.356
-72.299
-72.163
-71.791
-71.714
-71.848
-71.787
-71.991
-72.009
-72.253
-72.407
-72.213
-72.217
-71.971
-71.652
-71.816
-71.797
-71.477
-71.129
-71.422
-71.489
-71.758
-71.566
-71.776
-72.003
-72.077
-71.728
-71.681
-71.433
-71.74
-71.619
-71.518
-71.69
-71.814
-71.877
-71.682
-71.423
-71.364
-71.347
-71.539
-71.593
-72.155
-72.324
-72.574
-72.386
-72.267
-72.279
-72.33
-72.486
-72.585
-72.696
-72.689
-72.781
-72.896
-73.119
-73.304
-73.308
-73.788
-73.782
-73.706
-73.529
-73.311
-73.17
-73.038
-72.668
-72.962
-73.067
-72.83
-73.05
-73.183
-73.14
-73.376
-73.333
-73.432
-73.591
-73.825
-73.767
-73.798
-73.718
-73.635
-73.601
-73.602
-73.512
-73.725
-73.769
-73.894
-74.024
-74.274
-74.141
-73.892
-73.594
-73.724
-73.959
-73.743
-73.486
-73.731
-74.003
-74.24
-74.143
-74.273
-74.336
-74.341
-74.291
-74.38
-74.482
-74.426
-73.992
-73.906
-74.081
-73.778
-73.664
-73.797
-73.98
-74.07
-74.256
-74.541
-74.689
-74.662
-74.55
-74.649
-74.555
-74.159
-74.23
-74.329
-74.366
-74.482
-74.502
-74.316
-74.139
-74.295
-74.372
-74.41
-74.566
-74.737
-74.708
-74.765
-74.718
-74.621
-74.707
-74.544
-74.361
-74.4
-74.558
-74.498
-74.533
-74.618
-74.496
-74.468
-74.65
-74.719
-74.529
-74.167
-74.317
-74.234
-74.333
-74.396
-74.49
-74.392
-74.354
-74.409
-74.289
-74.586
-74.663
-74.902
-75.002
-74.968
-74.657
-74.615
-74.736
-74.929
-74.637
-74.57
