-79.128
-79.081
-78.916
-79.178
-79.309
-79.713
-80.152
-80.303
-80.143
-80.174
-79.894
-80.074
-80.298
-80.239
-80.426
-80.418
-80.542
-80.467
-80.621
-80.709
-80.394
-80.102
-79.957
-80.209
-80.184
-80.16
-79.998
-80.281
-80.303
-80.082
-79.781
-79.663
-79.472
-79.606
-79.458
-79.515
-79.835
-80.063
-80.3
-80.447
-80.329
-80.543
-80.554
-80.623
-80.392
-80.372
-80.315
-80.657
-80.743
-80.5
-80.536
-80.697
-80.765
-80.549
-80.593
-80.638
-80.655
-80.699
-80.809
-80.642
-81.007
-80.902
-80.774
-80.977
-80.916
-80.956
-81.128
-81.028
-81.091
-81.242
-81.139
-81.174
-81.195
-81.366
-81.456
-81.681
-81.761
-81.765
-81.761
-81.879
-81.737
-81.333
-81.171
-81.193
-81.436
-81.33
-81.082
-81.203
-81.225
-81.201
-81.112
-81.096
-81.13
-81.078
-81.208
-81.3
-81.133
-80.951
-80.976
-81.256
-81.166
-81.038
-80.765
-80.92
-80.708
-80.407
-80.256
-79.979
-80.092
-79.921
-80.249
-80.084
-80.275
-80.241
-80.185
-80.351
-80.314
-80.156
-80.243
-80.135
-80.069
-80.009
-79.975
-79.963
-79.784
-79.642
-79.666
-79.885
-80.07
-80.058
-80.177
-79.945
-79.855
-79.765
-79.784
-79.871
-79.861
-80.083
-79.793
-80.064
-79.956
-79.967
-79.842
-79.943
-80.112
-80.313
-80.15
-80.365
-80.081
-80.067
-79.831
-79.968
-79.986
-80.146
-80.091
-80.226
-79.968
-80.073
-80.184
-80.139
-79.832
-79.477
-79.485
-79.668
-79.856
-79.806
-80.064
-80.078
-80.038
-80.053
-79.867
-80.078
-80.099
-80.041
-80.098
-79.899
-79.838
-79.921
-79.988
-80.128
-79.976
-80.075
-80.119
-80.163
-79.956
-79.651
-79.566
-79.498
-79.802
-79.873
-80.031
-80.088
-80.058
-79.853
-79.749
-79.736
-79.82
-79.657
-79.507
-79.519
-79.623
-79.954
-79.918
-79.891
-79.95
-80.245
-80.341
-80.553
-80.435
-80.228
-80.027
-80.084
-80.107
-80.094
-80.175
-80.072
-79.94
-79.775
-80.064
-79.962
-80.178
-80.171
-80.333
-80.311
-80.349
-80.096
-79.829
-79.919
-80.044
-80.051
-79.957
-80.173
-80.151
-79.958
-80.218
-80.364
-80.479
-80.398
-80.295
-80.262
-79.699
-79.856
-79.716
-79.472
-79.4
-79.639
-79.668
-79.657
-79.465
-79.035
-79.243
-79.526
-79.453
-79.539
-79.691
-79.795
-79.712
-79.626
-79.742
-79.739
-79.798
-79.759
-79.93
-79.811
-79.893
-80.114
-80.451
-80.276
-80.374
-80.327
-79.963
-79.956
-80.06
-80.145
-79.998
-80.024
-80.259
-80.133
-80.182
-80.07
-79.91
-79.706
-79.49
-79.671
-79.704
-79.667
-79.66
-79.791
-79.706
-79.373
-79.261
-79.339
-79.228
-79.059
-78.924
-79.079
-78.809
-78.895
-79.131
-78.796
-78.833
-78.922
-78.925
-79.069
-78.889
-78.921
-79.055
-79.126
-79.276
-79.316
-79.477
-79.443
-79.668
-79.8
-79.757
-79.939
-80.04
-80.131
-80.252
-79.983
-79.934
-79.812
-80.026
-80.16
-80.178
-80.253
-80.291
-80.064
-79.793
-79.907
-79.959
-79.645
-79.478
-79.428
-79.671
-79.743
-79.881
-80.051
-80.153
-79.785
-79.803
-79.986
-79.819
-79.833
-79.778
-79.62
-79.601
-79.303
-79.396
-79.15
-79.284
-79.134
-79.181
-79.49
-79.764
-79.628
-79.832
-80.057
-79.994
-80.234
-80.256
-80.193
-80.159
-80.081
-80.192
-80.278
-80.141
-80.203
-80.201
-80.278
-80.368
-80.539
-80.471
-80.513
-80.456
-80.33
-80.369
-80.467
-80.315
-80.62
-80.772
-80.822
-81.146
-81.239
-81.331
-81.448
-81.503
-81.348
-81.266
-81.015
-81.197
-81.021
-81.033
-81.15
-81.191
-80.943
-81.241
-80.847
-80.788
-80.876
-80.81
-81.102
-81.164
-81.189
-81.073
-81.147
-81.195
-81.418
-81.522
-81.46
-81.738
-81.785
-81.872
-81.944
-82.095
-81.842
-82.151
-81.971
-82.045
-82.188
-82.2
-82.085
-82.109
-82.106
-81.922
-81.836
-81.799
-81.816
-81.754
-82.006
-82.024
-82.034
-82.057
-82.175
-82.488
-82.366
-82.425
-82.127
-82.254
-82.214
-82.335
-82.349
-82.285
-82.068
-81.97
-81.654
-81.709
-81.952
-82.143
-82.108
-81.985
-82.104
-82.015
-81.575
-81.688
-81.39
-81.066
-80.62
-80.456
-80.08
-79.759
-79.33
-79.148
-78.619
-78.386
-78.042
-77.875
-77.791
-77.669
-77.201
-76.938
-76.782
-76.747
-76.57
-76.67
-76.658
-76.412
-76.162
-75.995
-75.679
-75.843
-75.858
-75.712
-75.871
-75.878
-75.796
-75.684
-75.615
-75.47
-75.147
-75.016
-75.257
-75.474
-75.534
-75.424
-75.6
-75.892
-75.79
-75.545
-75.592
-75.304
-75.472
-75.288
-75.397
-75.235
-75.105
-74.971
-75.227
-75.268
-75.618
-75.602
-75.251
-75.339
-75.453
-75.453
-75.7
-75.859
-75.893
-76.159
-76.241
-76.114
-76.389
-76.557
-76.326
-75.996
-76.025
-76.073
-76.21
-76.348
-76.562
-76.319
-76.402
-76.573
-76.587
-76.81
-76.923
-76.537
-76.576
-76.817
-76.961
-77.078
-77.062
-77.15
-77.025
-76.991
-76.928
-77.136
-76.886
-76.679
-76.898
-76.501
-76.456
-76.192
-76.521
-76.497
-76.658
-76.524
-76.292
-76.147
-76.137
-76.265
-76.667
-76.687
-76.677
-76.468
-76.458
-76.443
-76.556
-76.425
-76.669
-76.639
-76.693
-76.815
-76.947
-77.028
-77.206
-77.28
-77.417
-77.499
-77.756
-77.859
-78.021
-77.923
-77.917
-78.105
-78.358
-78.408
-78.317
-78.453
-78.769
-78.715
-78.859
-78.888
-79.112
-79.188
-79.123
-79.224
-79.412
-79.407
-79.449
-79.403
-79.277
-79.076
-79.103
-79.054
-78.816
-78.893
-78.678
-78.641
-78.666
-78.553
-78.288
-78.086
-78.068
-78.404
-78.817
-78.907
-78.658
-78.714
-78.547
-78.41
-78.387
-78.359
-78.398
-78.373
-78.403
-78.49
-78.402
-78.11
-78.176
-78.397
-78.134
-78.505
-78.496
-78.504
-78.662
-78.51
-78.593
-78.762
-78.919
-79.25
-79.544
-79.716
-79.775
-79.96
-80.053
-80.1
-80.092
-80.063
-79.977
-79.893
-80.011
-79.925
-79.622
-79.757
-79.553
-79.358
-79.352
-79.23
-79.381
-79.615
-79.506
-79.6
-79.353
-79.387
-79.39
-79.435
-79.251
-79.158
-79.113
-78.85
-79.075
-78.888
-78.554
-78.388
-78.55
-78.796
-78.737
-78.758
-78.79
-78.874
-79.088
-79.041
-79.391
-79.126
-79.374
-79.575
-79.604
-79.44
-79.565
-79.464
-79.444
-79.502
-79.668
-79.143
-79.193
-79.114
-79.225
-79.338
-79.437
-79.47
-79.427
-79.223
-79.173
-79.195
-78.742
-78.475
-78.607
-78.509
-78.632
-78.741
-78.47
-78.607
-78.421
-78.492
-78.165
-78.096
-78.123
-78.16
-78.314
-78.533
-78.513
-78.57
-78.504
-78.193
-78.451
-78.482
-78.225
-78.314
-78.47
-78.256
-78.059
-78.242
-78.373
-78.295
-78.405
-78.539
-78.538
-78.595
-78.33
-78.175
-78.17
-78.157
-78.384
-78.307
-78.071
-78.155
-78.018
-77.66
-77.774
-77.893
-77.792
-77.781
-77.826
-77.868
-77.897
-77.712
-77.987
-77.829
-77.966
-78.136
-78.145
-77.75
-78.043
-78.119
-78.13
-78.106
-78.159
-78.245
-78.309
-78.446
-78.306
-78.481
-78.796
-78.855
-78.931
-78.876
-79.151
-78.814
-78.868
-78.474
-78.329
-78.237
-78.258
-78.155
-78.1
-78.545
-78.492
-78.399
-78.286
-78.32
-78.402
-78.259
-78.143
-78.081
-78.022
-78.098
-78.132
-78.372
-78.307
-78.193
-78.167
-78.283
-78.337
-78.243
-78.151
-78.273
-78.274
-78.343
-78.447
-78.412
-78.456
-78.478
-78.423
-78.492
-78.679
-78.784
-78.85
-78.742
-78.926
-78.978
-79.227
-79.375
-79.325
-79.278
-79.061
-79.082
-78.964
-78.802
-78.952
-78.936
-78.952
-78.786
-78.574
-78.466
-78.505
-78.647
-78.746
-78.709
-78.695
-78.459
-78.26
-78.104
-78.016
-77.97
-77.876
-78.449
-78.378
-78.308
-78.502
-78.407
-78.675
-78.823
-78.703
-78.76
-78.744
-78.747
-78.578
-78.481
-78.841
-78.849
-78.712
-78.998
-79.232
-79.241
-79.098
-79.096
-79.043
-79.133
-79.059
-79.065
-78.78
-78.927
-78.908
-79.312
-79.377
-79.495
-79.395
-79.463
-79.377
-79.513
-79.412
-79.458
-79.731
-79.92
-80.095
-80.048
-79.984
-79.915
-79.812
-79.713
-80.041
-79.717
-79.81
-80.041
-80.256
-80.358
-80.285
-80.058
-80.049
-80.129
-79.948
-80.082
-80.18
-80.103
-79.876
-80.045
-80.014
-80.403
-80.39
-79.981
-80.097
-80.099
-80.121
-80.04
-80.158
-80.263
-80.382
-80.441
-80.147
-80.254
-80.095
-80.27
-80.135
-79.898
-79.944
-79.627
-79.845
-79.912
-79.801
-80.125
-79.912
-79.837
-79.901
-79.72
-79.705
-79.772
-79.82
-79.83
-79.847
-79.783
-79.802
-79.878
-79.74
-79.896
-79.75
-79.898
-79.755
-79.676
-79.816
-79.939
-80.048
-80.238
-80.274
-80.184
-80.28
-80.156
-79.868
-80.19
-80.205
-80.11
-80.201
-80.304
-80.337
-80.384
-80.433
-80.533
-80.537
-80.514
-80.333
-80.229
-80.362
-80.513
-80.604
-80.898
-80.7
-80.381
-80.475
-80.472
-80.533
-80.611
-80.713
-80.839
-80.946
-81.086
-81.026
-80.934
-80.624
-80.514
-80.213
-80.04
-80.115
-80.436
-80.579
-80.702
-80.767
-80.618
-80.478
-80.573
-80.741
-80.501
