-70.174
-70.313
-70.242
-70.22
-70.33
-70.216
-70.147
-69.734
-69.6
-69.296
-69.266
-69.025
-68.683
-68.491
-68.153
-67.741
-67.65
-67.476
-67.199
-67.214
-67.193
-66.825
-66.927
-66.722
-66.799
-66.604
-66.429
-66.34
-66.306
-66.059
-66.283
-66.139
-66.072
-65.631
-65.012
-64.523
-64.503
-64.18
-63.949
-63.383
-63.092
-62.994
-62.916
-62.756
-62.519
-62.229
-62.333
-62.354
-62.249
-62.028
-61.856
-61.598
-61.281
-60.972
-60.849
-60.824
-60.912
-60.891
-60.729
-60.657
-61.035
-60.884
-61.096
-60.923
-60.621
-60.514
-60.565
-60.736
-61.329
-64.274
-67.586
-70.989
-73.431
-75.504
-77.141
-78.239
-78.782
-79.17
-79.419
-79.444
-79.621
-79.89
-79.785
-79.775
-79.74
-79.785
-79.6
-79.768
-79.952
-79.818
-79.654
-79.731
-79.674
-79.798
-79.76
-79.973
-79.961
-79.802
-79.826
-79.863
-79.652
-79.807
-80.077
-80.033
-79.831
-79.954
-79.662
-80.071
-79.901
-79.88
-80.094
-80.07
-79.922
-79.994
-80.017
-80.02
-80.154
-80.259
-80.027
-79.873
-79.728
-79.501
-79.03
-78.604
-77.982
-77.698
-77.272
-76.923
-76.722
-76.472
-76.199
-76.025
-76.056
-75.934
-76.062
-76.29
-76.256
-76.726
-77.311
-77.442
-77.794
-78
-77.89
-78.112
-78.225
-78.056
-78.344
-78.573
-78.499
-78.572
-78.404
-78.33
-78.355
-78.499
-78.599
-78.935
-78.994
-78.647
-79.087
-78.796
-78.855
-78.768
-79.031
-79.204
-79.377
-79.46
-79.287
-79.388
-79.529
-79.52
-79.416
-79.096
-79.112
-79.068
-79.301
-79.383
-79.747
-79.87
-79.449
-79.456
-79.802
-79.885
-80.055
-79.923
-79.613
-79.649
-79.612
-79.374
-79.645
-79.477
-79.556
-79.306
-79.162
-79.383
-79.28
-79.162
-79.119
-79.094
-79.316
-79.431
-79.34
-79.411
-79.504
-79.767
-79.934
-79.662
-79.773
-79.81
-79.82
-79.988
-79.895
-79.845
-79.784
-79.444
-79.676
-79.506
-79.513
-79.644
-79.758
-79.704
-79.77
-79.899
-79.868
-79.644
-79.73
-79.891
-79.833
-79.862
-79.89
-79.895
-79.866
-80.014
-79.948
-79.765
-79.789
-79.99
-79.993
-79.892
-79.928
-79.873
-79.799
-79.928
-79.909
-79.702
-79.767
-79.705
-79.77
-79.73
-79.709
-79.694
-79.726
-80.048
-79.852
-79.986
-80.204
-80.149
-80.185
-80.079
-79.896
-79.628
-79.603
-79.395
-79.22
-79.182
-79.089
-78.997
-79.368
-79.084
-78.909
-79.029
-79.081
-79.403
-79.34
-79.66
-79.505
-79.362
-79.428
-79.107
-78.791
-78.666
-78.748
-78.709
-78.877
-78.864
-79.001
-78.866
-79.07
-79.296
-79.312
-79.187
-78.986
-79.31
-79.262
-79.218
-79.411
-79.256
-79.369
-79.42
-79.627
-79.722
-79.95
-79.776
-79.701
-79.775
-79.72
-79.667
-79.808
-79.575
-79.73
-79.571
-79.628
-79.552
-79.785
-79.846
-79.852
-79.822
-79.912
-79.826
-79.986
-80.044
-79.998
-79.889
-80.092
-79.987
-79.962
-79.754
-79.653
-79.693
-79.359
-79.096
-79.257
-79.28
-79.213
-79.483
-79.387
-79.454
-79.698
-79.428
-79.411
-79.387
-79.224
-79.102
-79.254
-79.078
-79.308
-79.327
-79.174
-78.889
-78.671
-78.79
-78.794
-78.566
-78.546
-78.491
-78.607
-78.425
-78.664
-78.851
-78.784
-79.058
-79.229
-79.172
-79.2
-79.22
-79.001
-78.995
-79.094
-79.253
-79.328
-79.605
-79.656
-79.593
-79.884
-79.698
-79.418
-79.51
-79.356
-79.453
-79.437
-79.911
-79.856
-79.684
-79.803
-79.668
-79.691
-79.843
-79.596
-79.458
-79.404
-79.479
-79.45
-79.596
-79.642
-79.667
-79.516
-79.333
-78.899
-78.349
-77.417
-76.764
-76.202
-75.763
-75.613
-75.285
-75.138
-75.128
-75.299
-75.168
-75.153
-75.296
-75.814
-76.118
-76.057
-76.415
-76.666
-76.942
-77.063
-77.336
-77.472
-77.439
-77.593
-77.79
-78.011
-78.121
-78.098
-78.114
-78.056
-78.222
-78.245
-78.21
-78.315
-78.298
-78.334
-78.228
-78.053
-77.988
-77.907
-77.729
-77.851
-77.831
-78.032
-77.757
-77.861
-77.938
-77.464
-76.984
-76.736
-76.091
-75.912
-75.742
-75.79
-75.723
-75.714
-75.863
-76.046
-76.07
-76.032
-76.049
-76.502
-76.534
-76.533
-76.695
-76.966
-77.1
-77.07
-77.218
-77.312
-77.465
-77.733
-77.643
-77.685
-77.474
-77.365
-77.487
-77.243
-77.372
-77.38
-77.404
-77.428
-77.513
-77.562
-77.639
-77.795
-77.93
-77.922
-77.973
-78.053
-78.414
-78.695
-78.718
-78.915
-78.924
-78.853
-78.915
-78.916
-79.207
-79.058
-78.922
-79.071
-79.075
-79.17
-79.056
-78.898
-79.016
-78.878
-78.699
-77.863
-77.35
-76.769
-76.213
-75.692
-75.468
-75.252
-75.039
-74.83
-74.812
-75.002
-74.881
-74.987
-75.403
-75.476
-75.589
-75.802
-75.966
-76.128
-76.608
-76.993
-77.381
-77.526
-77.366
-77.408
-77.531
-77.503
-77.527
-77.661
-77.798
-77.788
-77.616
-77.678
-77.637
-77.772
-77.719
-77.792
-77.823
-77.864
-78.17
-78.03
-77.91
-77.926
-78.007
-78.292
-78.165
-78.173
-78.581
-78.64
-78.691
-78.523
-78.76
-78.66
-78.807
-78.476
-78.313
-78.482
-78.325
-78.579
-78.623
-78.695
-78.849
-78.907
-79.198
-79.242
-79.334
-79.312
-79.428
-79.355
-79.452
-79.329
-79.306
-79.532
-79.623
-79.43
-79.48
-79.482
-79.089
-78.882
-79.012
-79.075
-78.985
-78.84
-79.101
-78.781
-78.814
-79
-79.049
-79.202
-79.31
-79.479
-79.75
-79.768
-79.493
-79.42
-79.318
-79.316
-79.282
-79.343
-79.26
-79.477
-79.344
-79.133
-79.04
-79.31
-79.225
-79.389
-79.396
-79.379
-79.595
-79.511
-79.313
-79.341
-79.437
-79.625
-79.332
-79.408
-79.542
-79.817
-79.748
-79.674
-79.917
-79.899
-79.527
-79.581
-79.654
-79.958
-79.822
-79.71
-79.812
-79.869
-79.81
-79.818
-79.909
-80.099
-80.205
-80.009
-79.992
-80.186
-80.137
-80.21
-80.137
-80.068
-79.884
-79.482
-79.35
-79.297
-79.561
-79.71
-79.891
-79.621
-79.647
-79.662
-79.757
-79.674
-79.899
-79.993
-79.855
-79.87
-79.788
-79.937
-79.786
-79.898
-79.678
-79.927
-79.963
-80.29
-80.26
-80.189
-80.235
-80.211
-80.468
-80.355
-80.387
-80.357
-80.34
-80.428
-80.393
-80.419
-80.405
-80.302
-80.095
-80.262
-80.265
-80.059
-80.176
-80.102
-79.94
-79.784
-79.919
-79.856
-79.89
-79.769
-79.893
-79.755
-79.63
-79.89
-79.739
-79.977
-79.829
-79.589
-79.568
-79.57
-79.414
-79.632
-79.711
-79.91
-79.932
-79.734
-79.76
-79.808
-80.004
-79.842
-79.663
-79.786
-79.936
-79.717
-79.824
-79.867
-79.783
-79.929
-80.08
-79.814
-79.752
-79.592
-79.515
-79.585
-79.638
-79.664
-79.489
-79.481
-79.381
-79.473
-79.311
-79.191
-79.222
-79.243
-79.322
-79.459
-79.339
-79.341
-79.351
-79.17
-78.951
-78.87
-78.953
-78.709
-78.847
-79.064
-79.207
-79.318
-78.785
-78.861
-79.072
-79.41
-79.274
-79.428
-79.361
-79.449
-79.5
-79.584
-79.527
-79.638
-79.495
-79.483
-79.522
-79.569
-79.241
-79.671
-79.644
-79.638
-79.583
-79.635
-79.726
-79.542
-79.515
-79.786
-79.817
-79.59
-79.5
-79.345
-79.433
-79.555
-79.556
-79.69
-79.494
-79.469
-79.612
-79.632
-79.711
-79.731
-79.946
-79.872
-79.538
-79.619
-79.729
-79.776
-79.967
-80.088
-79.999
-79.797
-80.178
-80.225
-80.341
-80.396
-80.511
-80.548
-80.571
-80.414
-80.346
-80.254
-80.516
-80.702
-80.226
-80.139
-80.029
-80.13
-79.919
-79.641
-79.732
-79.713
-79.98
-80.056
-79.977
-80.147
-80.266
-80.29
-80.009
-79.913
-79.923
-80.096
-80.324
-80.824
-80.804
-80.758
-80.61
-80.627
-80.503
-80.623
-80.722
-80.686
-80.658
-80.737
-80.698
-80.924
-81.224
-81.011
-81.162
-81.256
-81.331
-81.066
-81.282
-81.252
-81.241
-81.249
-81.255
-81.161
-81.278
-81.337
-81.562
-81.484
-81.604
-81.693
-81.526
-81.373
-81.22
-81.067
-80.895
-80.956
-80.696
-80.686
-80.426
-80.5
-80.488
-80.541
-80.443
-80.395
-80.341
-80.453
-80.449
-80.495
-80.36
-80.222
-80.191
-80.049
-80.122
-80.013
-80.011
-80.147
-79.895
-80.107
-79.77
-80.276
-79.804
-79.704
-79.683
-79.568
-79.452
-79.676
-79.763
-79.266
-79.454
-79.704
-80.132
-80.079
-80.134
-80.278
-80.278
-80.179
-80.213
-80.285
-80.098
-80.105
-80.054
-80.203
-80.442
-80.304
-80.067
-79.881
-79.798
-79.643
-79.531
-79.416
-79.119
-79.073
-79.322
-79.27
-79.378
-79.322
-79.37
-79.483
-79.55
-79.515
-79.754
-79.791
-79.875
-80.1
-79.921
-80.026
-79.958
-80.253
-79.771
-79.864
-79.772
-79.992
-79.977
-79.968
-79.85
-79.874
-79.958
-79.876
-79.962
-80.239
-80.174
-80.107
-80.068
-80.04
-79.861
-80.069
-80.141
-79.807
-80.058
-80.205
-80.201
-80.236
-80.314
-80.11
-80.025
-80.229
-80.058
-79.979
-79.945
-80.037
-80.085
-79.992
-80.11
-79.945
-79.9
-80.178
-80.18
-79.975
-79.852
-79.616
-79.517
-79.559
-79.87
-80.08
-80.088
-80.01
-79.842
-79.661
-79.597
-79.729
-79.858
-79.789
