-76.261
-76.083
-76.055
-75.859
-76.14
-75.986
-75.812
-75.626
-75.589
-75.579
-75.647
-75.52
-75.489
-75.501
-75.327
-75.427
-75.39
-75.004
-74.615
-74.536
-74.331
-74.058
-73.767
-73.432
-72.823
-72.471
-72.537
-72.121
-71.996
-71.709
-71.161
-70.657
-70.489
-70.495
-70.135
-69.888
-69.686
-69.468
-69.409
-69.259
-69.421
-69.321
-69.464
-69.635
-69.612
-69.655
-69.417
-69.347
-69.502
-69.64
-69.298
-69.082
-68.833
-68.579
-68.557
-68.274
-67.727
-67.447
-66.936
-66.258
-65.874
-65.306
-64.72
-64.419
-63.696
-63.23
-63.054
-62.486
-61.934
-61.272
-60.663
-60.151
-59.513
-58.886
-58.1
-57.53
-57.015
-56.633
-56.077
-55.081
-54.275
-53.282
-51.954
-50.097
-47.192
-45
-45
-45
-45
-45
-45
-45
-45
-45
-45
-45
-45
-45
-45
-49.859
-56.173
-61.088
-64.424
-66.687
-68.59
-69.37
-69.929
-70.447
-70.298
-70.466
-70.588
-70.673
-70.349
-70.349
-69.949
-69.534
-69.298
-69.191
-68.725
-68.711
-68.317
-68.315
-68.314
-68.149
-67.935
-67.707
-67.214
-67.012
-66.459
-66.37
-66.147
-66.02
-65.48
-65.259
-64.926
-64.335
-64.217
-63.612
-63.079
-62.506
-62.342
-62.125
-61.903
-61.847
-61.697
-61.453
-61.387
-61.326
-61.229
-61.11
-60.718
-60.858
-60.783
-60.749
-60.607
-60.071
-59.801
-59.646
-59.119
-58.334
-58.028
-57.972
-57.766
-57.474
-57.166
-56.75
-56.202
-55.457
-55.036
-54.342
-53.218
-51.823
-49.83
-46.454
-45
-45
-45
-45
-45
-45
-45
-45
-45
-45
-45
-46.971
-58.673
-67.769
-72.872
-75.735
-77.52
-78.182
-78.491
-78.55
-78.343
-78.452
-78.612
-78.454
-78.315
-78.382
-78.259
-78.201
-78.045
-78.062
-78.229
-78.241
-78.413
-78.727
-78.578
-78.172
-77.721
-77.343
-77.3
-77.116
-76.923
-76.851
-76.931
-76.888
-77.23
-77.034
-77.197
-77.197
-76.986
-77.046
-77.096
-77.608
-77.68
-77.665
-77.698
-77.579
-77.768
-77.848
-77.917
-77.933
-78.081
-77.933
-77.99
-77.995
-77.854
-77.582
-77.748
-77.807
-77.972
-78.011
-78.178
-78.053
-78.107
-78.215
-78.403
-78.309
-78.362
-78.46
-78.458
-78.301
-78.022
-77.572
-77.344
-77.042
-76.794
-76.466
-75.991
-75.739
-75.611
-75.721
-75.914
-76.054
-76.052
-76.105
-76.179
-76.323
-76.246
-75.887
-75.687
-75.316
-75.252
-75.117
-75.134
-75.234
-75.119
-75.058
-75.071
-75.166
-75.551
-75.645
-75.334
-75.446
-75.532
-75.588
-75.607
-75.343
-75.441
-75.653
-75.581
-75.894
-76.585
-76.872
-77.295
-77.769
-78.109
-78.193
-78.59
-78.499
-78.726
-78.833
-78.845
-78.758
-78.718
-78.543
-78.507
-78.368
-78.502
-78.475
-78.507
-78.719
-78.546
-78.654
-78.81
-78.908
-79.086
-78.795
-78.72
-78.336
-78.141
-77.983
-78.053
-78.248
-78.207
-78.367
-78.097
-77.874
-78.134
-78.413
-78.352
-78.332
-78.38
-78.617
-78.643
-78.781
-78.668
-78.835
-78.86
-79.031
-78.948
-79.087
-79.065
-78.879
-79.124
-79.1
-79.082
-79.208
-78.869
-78.663
-78.258
-77.583
-77.087
-76.891
-76.637
-76.511
-76.6
-76.719
-76.708
-76.42
-76.824
-76.791
-77.059
-77.265
-77.521
-78.092
-77.888
-77.766
-77.927
-78.375
-78.285
-78.173
-78.199
-78.17
-78.154
-77.963
-78.134
-78.069
-78.205
-78.361
-78.675
-78.517
-78.566
-78.56
-78.74
-78.583
-78.572
-78.348
-77.983
-77.835
-77.343
-77.102
-76.739
-76.668
-76.696
-76.748
-76.623
-76.396
-76.233
-75.63
-74.991
-74.468
-73.612
-73.235
-72.83
-72.627
-72.399
-72.228
-72.463
-72.727
-73.16
-74.009
-74.429
-74.789
-74.46
-74.465
-74.286
-74.173
-74.402
-74.251
-74.048
-73.805
-73.148
-72.621
-72.252
-71.837
-71.418
-71.463
-71.505
-71.256
-71.038
-71.065
-70.887
-71.101
-71.2
-71.201
-71.441
-71.392
-71.826
-72.02
-72.165
-72.017
-72.064
-72.319
-72.52
-72.935
-73.284
-73.583
-73.559
-73.453
-73.135
-72.887
-72.576
-72.109
-71.711
-71.563
-71.485
-71.101
-70.886
-70.526
-70.37
-70.17
-70.313
-70.538
-70.719
-70.973
-71.112
-71.21
-71.488
-71.692
-71.835
-72.003
-72.161
-72.472
-72.537
-72.893
-73.318
-73.312
-73.466
-73.531
-73.501
-73.524
-73.287
-73.448
-73.632
-73.709
-73.919
-74.251
-74.845
-74.31
-73.968
-73.695
-73.263
-72.803
-72.514
-72.138
-72.213
-72.214
-72.195
-72
-71.981
-72.121
-71.927
-72.107
-72.18
-72.268
-72.382
-72.761
-72.902
-73.326
-73.504
-73.648
-73.973
-73.998
-73.963
-73.888
-73.895
-73.756
-73.727
-73.732
-73.67
-74.103
-74.664
-74.875
-75.417
-75.327
-75.4
-75.548
-75.5
-75.675
-75.858
-75.944
-76.062
-75.968
-75.843
-75.93
-76.175
-76.165
-76.273
-76.276
-76.518
-76.555
-76.36
-76.659
-76.579
-76.631
-76.706
-76.784
-76.74
-77.152
-77.304
-77.619
-77.652
-77.816
-77.588
-77.485
-77.103
-77.023
-76.779
-76.491
-76.081
-75.724
-75.783
-75.642
-75.641
-75.357
-75.246
-75.175
-75.311
-75.493
-75.726
-75.89
-76.157
-76.377
-76.423
-76.607
-76.765
-76.923
-76.889
-77.004
-77.003
-77.1
-77.319
-77.616
-77.8
-77.936
-78.236
-78.342
-78.526
-78.446
-78.404
-78.315
-78.382
-78.571
-78.619
-78.515
-78.573
-78.626
-78.622
-78.623
-78.369
-78.58
-78.603
-78.439
-78.368
-78.455
-78.876
-78.835
-78.855
-78.941
-78.897
-78.881
-79.088
-78.947
-78.863
-79.111
-79.514
-79.582
-79.623
-79.572
-79.702
-79.817
-79.935
-79.982
-79.74
-79.943
-79.811
-79.766
-79.755
-80.216
-80.169
-80.109
-80.328
-80.356
-80.338
-80.122
-80.011
-79.733
-79.878
-79.862
-79.863
-79.888
-79.922
-79.928
-80.121
-80.092
-80.059
-80.299
-79.915
-79.468
-79.197
-79.214
-79.222
-78.734
-78.733
-78.379
-78.561
-78.408
-78.222
-78.499
-78.629
-78.573
-78.366
-78.406
-78.533
-78.907
-78.819
-78.593
-78.753
-78.686
-78.669
-78.612
-78.632
-78.938
-79.175
-79.23
-79.251
-79.378
-79.236
-79.177
-79.273
-79.448
-79.816
-79.568
-79.591
-79.464
-79.307
-79.325
-79.6
-79.599
-79.675
-79.651
-79.57
-79.624
-79.694
-79.829
-79.534
-79.563
-79.57
-79.743
-79.182
-79.234
-79.39
-79.52
-79.55
-79.393
-79.463
-79.005
-79.099
-79.104
-79.04
-78.932
-78.966
-79.248
-79.692
-79.858
-80.011
-80.085
-80.333
-80.264
-80.338
-80.157
-80.233
-80.231
-80.182
-80.234
-79.908
-80.035
-79.803
-79.675
-79.875
-79.905
-80.09
-80.159
-80.262
-80.163
-80.075
-79.855
-79.698
-79.797
-79.772
-79.667
-79.682
-79.882
-80.194
-80.282
-80.217
-80.352
-80.532
-80.495
-80.61
-80.798
-80.599
-80.586
-80.922
-80.897
-80.586
-80.704
-80.869
-80.72
-80.726
-80.808
-80.871
-81.066
-81.278
-80.825
-80.729
-80.708
-80.846
-80.775
-80.667
-80.765
-80.751
-80.713
-80.293
-80.238
-80.378
-80.311
-80.425
-80.322
-80.17
-80.206
-80.146
-80.258
-80.238
-80.287
-80.438
-80.654
-80.762
-80.823
-80.616
-80.927
-80.832
-80.76
-80.945
-80.987
-80.916
-80.775
-80.667
-80.723
-80.742
-80.93
-80.747
-80.81
-80.884
-80.652
-80.499
-80.65
-80.557
-80.7
-80.734
-80.685
-80.596
-80.706
-80.792
-80.868
-80.934
-81.044
-80.992
-80.983
-80.875
-81.021
-81.105
-81.468
-81.858
-81.665
-81.462
-81.326
-81.169
-81.199
-81.364
-81.36
-81.365
-80.934
-81.007
-81.069
-81.059
-81.069
-80.921
-80.988
-80.935
-80.823
-80.592
-80.599
-80.66
-80.579
-80.302
-80.259
-80.176
-80.319
-80.394
-80.391
-80.336
-80.262
-80.013
-80.056
-80.232
-80.285
-80.287
-80.043
-79.967
-79.986
-80.114
-79.914
-79.97
-79.97
-80.31
-80.584
-80.669
-81.122
-81.435
-81.217
-81.196
-81.292
-81.44
-81.524
-81.766
-82.077
-81.978
-82.081
-82.14
-82.346
-82.702
-82.277
-82.353
-82.647
-82.744
-82.987
-82.899
-82.595
-82.603
-82.368
-82.428
-82.479
-82.451
-82.437
-82.601
-82.573
-82.577
-82.488
-82.338
-82.235
-82.261
-82.433
-82.452
-82.457
-82.374
-82.398
-82.141
-82.297
-82.396
-82.448
-82.141
-82.251
-82.113
-82.081
-82.18
-82.089
-82.123
-81.978
-81.991
-82.064
-82.165
-82.282
-82.033
-82.036
-82.117
-82.465
-82.425
-82.607
-82.468
-82.11
-82.008
-82.08
-81.95
-81.804
-81.871
-81.657
-81.446
-81.549
-81.614
-81.402
-81.433
-81.591
-81.594
-81.804
-81.73
-81.688
-81.953
-81.981
-81.768
-81.626
-82.106
-82.209
-81.985
-82.083
-82.129
-82.137
-82.208
-82.817
-82.878
-82.862
-82.907
-83.097
-83.066
-82.861
-82.892
-82.726
-82.773
-82.552
-82.609
-82.775
-82.582
-82.558
-82.62
-82.466
-82.607
-82.541
-82.501
-82.507
-82.204
-82.304
-82.239
-82.088
-82.312
-82.196
-82.09
-82.041
-82.056
-82.442
-82.177
-82.196
-82.203
-82.469
-82.423
-82.271
-82.081
-82.258
-82.285
