-88.16
-87.659
-87.337
-86.309
-85.682
-85.01
-84.051
-83.047
-82.591
-81.873
-81.393
-80.799
-80.362
-79.756
-79.288
-79.012
-78.666
-78.306
-78.226
-77.871
-77.644
-77.217
-76.963
-76.69
-76.439
-76.022
-75.844
-75.679
-75.851
-75.68
-75.532
-75.141
-74.883
-74.641
-74.615
-74.465
-74.334
-74.308
-74.143
-74.043
-74.103
-73.92
-73.953
-73.953
-74.219
-74.247
-74.56
-74.595
-74.65
-74.556
-74.247
-74.262
-74.112
-74.01
-73.924
-73.83
-73.491
-73.136
-73.239
-72.947
-73.125
-73.128
-73.338
-73.457
-73.273
-73.223
-73.375
-72.931
-72.69
-72.458
-72.513
-71.926
-71.563
-70.943
-70.188
-69.618
-69.115
-68.63
-68.102
-67.796
-67.303
-66.719
-66.282
-65.986
-65.606
-65.198
-64.904
-64.204
-63.673
-62.997
-62.353
-62.186
-61.625
-61.263
-61.08
-60.513
-60.212
-59.914
-59.334
-58.902
-58.567
-58.081
-57.635
-57.612
-57.384
-57.011
-56.781
-56.48
-56.189
-56
-55.579
-55.158
-54.966
-54.598
-54.045
-53.497
-52.784
-52.046
-50.719
-48.156
-45
-45
-45
-45
-45
-45
-45
-45
-45
-45
-45
-45
-45
-45
-48.98
-55.985
-61.384
-65.062
-67.331
-68.9
-69.54
-70.044
-69.942
-69.353
-69.133
-68.472
-67.815
-67.387
-66.712
-66.139
-65.564
-64.932
-64.609
-63.777
-63.155
-62.851
-62.2
-61.804
-61.124
-60.464
-59.821
-59.026
-58.488
-57.809
-56.711
-55.883
-54.976
-54.248
-53.41
-52.496
-51.049
-49.603
-47.07
-45
-45
-45
-45
-45
-45
-45
-45
-45
-45
-45
-45
-45
-45.093
-51.66
-57.658
-61.974
-65.137
-67.448
-68.82
-69.972
-70.486
-70.78
-71.004
-71.202
-71.462
-71.684
-71.89
-71.9
-72.123
-71.604
-71.533
-71.203
-71.305
-70.839
-70.622
-70.202
-70.135
-70.017
-69.617
-69.431
-69.132
-68.897
-68.728
-68.745
-68.387
-68.445
-67.821
-67.001
-66.626
-65.794
-65.083
-64.092
-63.567
-62.961
-62.623
-62.098
-61.784
-61.24
-60.732
-60.404
-59.977
-59.516
-59.137
-58.731
-58.149
-57.515
-56.941
-56.197
-55.209
-54.967
-54.503
-53.866
-52.852
-51.861
-50.547
-48.593
-45
-45
-45
-45
-45
-45
-45
-45
-45
-45
-45
-45
-45
-45
-47.546
-54.467
-59.697
-63.546
-66.376
-68.61
-70.066
-70.629
-70.931
-71.29
-71.213
-71.042
-70.655
-70.402
-70.366
-69.921
-69.708
-69.386
-69.391
-69.286
-69.332
-68.949
-68.452
-68.376
-68.491
-68.541
-68.59
-68.907
-68.632
-68.568
-68.62
-68.423
-68.386
-68.141
-68.373
-68.332
-68.186
-68.238
-68.235
-68.127
-68.097
-67.738
-67.593
-67.106
-66.628
-66.183
-65.993
-65.871
-65.803
-65.872
-66.241
-66.055
-66.141
-65.942
-65.852
-66.119
-66.101
-66.084
-66.277
-66.494
-66.633
-66.977
-66.683
-66.859
-66.955
-67.109
-67.033
-67.375
-67.48
-67.272
-67.414
-67.259
-67.101
-66.867
-66.746
-66.736
-66.622
-66.397
-66.215
-65.796
-65.901
-65.965
-65.704
-65.552
-65.401
-65.407
-65.311
-65.167
-64.917
-64.522
-64.26
-63.854
-63.393
-62.931
-62.498
-62.159
-61.862
-61.846
-61.53
-61.274
-61.403
-61.384
-61.061
-61.106
-61.18
-61.227
-61.156
-60.841
-60.957
-61.159
-60.748
-60.631
-60.307
-59.952
-59.775
-59.33
-59.017
-59.011
-59.068
-59.016
-58.923
-58.973
-59.035
-58.897
-58.8
-58.744
-58.518
-58.406
-58.066
-57.783
-57.461
-57.126
-57.067
-56.835
-56.502
-56.21
-55.87
-55.448
-54.883
-54.413
-54.095
-53.47
-53.008
-52.156
-50.515
-48.215
-45
-45
-45
-45
-45
-45
-45
-45
-45
-45
-45
-45
-45
-45
-48.373
-54.899
-60.529
-64.483
-66.825
-68.696
-69.858
-70.265
-70.532
-70.676
-70.42
-70.204
-70.017
-69.504
-69.057
-68.675
-68.336
-67.805
-67.49
-66.882
-66.715
-66.353
-65.941
-65.644
-64.831
-64.449
-63.85
-63.234
-62.455
-62.319
-62.003
-61.549
-61.293
-60.96
-60.419
-60.374
-60.169
-59.772
-59.2
-59.273
-58.822
-58.576
-57.793
-57.509
-56.737
-56.086
-55.351
-54.601
-54.102
-53.693
-52.964
-52.158
-50.932
-49.093
-45.668
-45
-45
-45
-45
-45
-45
-45
-45
-45
-45
-45
-45
-45
-46.747
-53.567
-59.297
-63.281
-65.844
-67.632
-68.826
-69.814
-70.312
-70.976
-71.32
-71.336
-71.327
-71.076
-70.861
-71.008
-70.761
-70.478
-70.422
-70.271
-70.068
-70.183
-69.923
-69.376
-69.342
-69.027
-68.564
-68.22
-67.458
-67.079
-66.551
-66.096
-65.576
-65.294
-65.088
-64.663
-64.146
-63.822
-63.524
-63.205
-62.861
-63.01
-62.574
-62.395
-62.228
-62.211
-62.204
-62.322
-62.008
-61.804
-61.487
-61.43
-60.959
-61.06
-60.61
-60.94
-60.818
-60.932
-60.666
-60.655
-60.42
-60.316
-60.524
-60.495
-60.266
-60.096
-60.257
-60.454
-60.455
-60.572
-60.669
-60.837
-60.761
-60.828
-60.98
-61.281
-61.535
-61.72
-61.946
-62.013
-61.925
-62.226
-62.345
-62.431
-62.647
-62.477
-62.722
-63.022
-63.403
-63.539
-63.625
-63.762
-63.822
-63.972
-64.287
-64.838
-65.175
-65.053
-65.097
-65.109
-64.659
-64.753
-64.635
-64.88
-64.628
-64.442
-64.146
-64.174
-64.055
-64.253
-64.468
-64.378
-64.302
-64.281
-64.09
-64.288
-64.489
-64.531
-64.749
-65.18
-65.274
-65.194
-65.425
-65.418
-65.207
-65.463
-65.908
-66.015
-66.22
-66.486
-66.847
-67.123
-67.313
-67.633
-67.984
-68.465
-68.705
-68.683
-68.62
-68.562
-68.562
-68.783
-69.095
-69.439
-69.709
-70.095
-70.421
-70.734
-70.851
-71.079
-70.996
-71.102
-71.367
-71.69
-72.079
-72.21
-72.568
-73.406
-73.572
-73.569
-73.635
-73.647
-73.613
-73.808
-73.83
-73.643
-73.792
-74.094
-74.182
-74.568
-74.854
-74.968
-75.366
-75.185
-75.536
-76.061
-75.884
-76.208
-76.39
-76.545
-76.392
-76.505
-76.49
-76.633
-76.814
-76.8
-76.777
-76.958
-76.923
-77.247
-77.749
-77.692
-77.831
-77.938
-78.307
-78.434
-78.454
-78.918
-78.941
-79.041
-79.064
-79.311
-79.439
-79.412
-79.517
-79.425
-79.423
-79.656
-79.504
-79.452
-79.535
-79.664
-79.849
-79.754
-79.953
-79.886
-79.923
-80.121
-80.276
-80.334
-80.574
-80.851
-81.194
-81.019
-81.388
-81.321
-81.339
-81.44
-81.618
-81.567
-81.757
-81.912
-82.094
-82.189
-82.376
-82.477
-82.379
-82.718
-82.868
-82.882
-83.173
-82.902
-82.883
-83.053
-83.063
-83.151
-83.057
-83.224
-83.404
-83.71
-83.713
-83.467
-83.541
-83.517
-83.494
-83.605
-83.716
-83.828
-83.808
-83.445
-83.674
-83.3
-83.382
-83.57
-83.825
-83.936
-84
-83.924
-83.819
-83.701
-83.805
-83.704
-83.761
-83.835
-83.87
-84.061
-84.209
-84.46
-84.948
-85.038
-84.93
-84.947
-85.158
-85.134
-85.293
-84.978
-84.803
-84.952
-85.226
-85.422
-85.461
-85.464
-85.607
-85.544
-85.516
-85.284
-85.685
-85.894
-86.077
-86.159
-86.217
-86.335
-86.177
-86.412
-86.722
-86.757
-86.799
-87.101
-86.988
-87.003
-87.055
-87.189
-87.177
-86.985
-86.973
-86.944
-86.971
-86.742
-86.741
-86.594
-86.735
-86.614
-86.799
-86.764
-86.974
-86.864
-87.043
-87.109
-87.486
-87.656
-87.537
-87.926
-87.993
-87.973
-88.3
-88.52
-88.739
-88.626
-88.532
-88.647
-88.454
-88.578
-88.51
-88.528
-88.598
-88.512
-88.555
-88.626
-88.784
-88.627
-88.717
-88.806
-89.157
-88.975
-88.949
-88.876
-88.987
-89.153
-89.372
-89.278
-89.3
-89.537
-89.608
-89.783
-89.99
-90.047
-89.868
-90.039
-90.18
-90.271
-90.313
-90.419
-90.307
-90.237
-90.188
-90.31
-90.168
-90.216
-90.394
-90.534
-90.634
-90.359
-90.14
-90.482
-90.464
-90.482
-90.36
-90.21
-89.983
-90.1
-90.079
-89.96
-90.034
-89.88
-90.093
-90.149
-90.47
-90.72
-90.86
-90.751
-90.751
-90.44
-90.578
-90.57
-90.288
-90.237
-90.013
-89.902
-90.001
-89.854
-90.001
-90.028
-90.238
-90.363
-90.41
-90.551
-90.744
-91.097
-91.177
-91.046
-91.164
-91.019
-91.023
-91.14
-91.167
-91.109
-91.186
-91.177
-91.306
-91.415
-91.47
-91.484
-91.189
-91.06
-90.96
-91.155
-91.243
-91.307
-91.299
-91.482
-91.316
-91.072
-90.971
-90.89
-90.797
-90.867
-90.481
-90.411
-90.425
-90.651
-90.96
-90.96
-91.183
-91.175
-91.364
-91.563
-91.879
-91.708
-91.43
-91.493
-91.231
-91.25
-91.405
-91.415
-91.305
-91.306
-91.254
-91.154
-91.326
-91.257
-91.448
-91.302
-91.299
-91.191
-91.19
-91.147
-91.455
-91.334
-91.213
-91.337
-91.36
-91.432
-91.197
-91.23
-91.093
-91.257
-91.216
-91.207
-90.938
-91.17
-91.204
-90.915
-91.132
-91.279
-91.042
-90.976
-91.044
-90.875
-91.16
-91.14
-91.186
-91.219
-91.085
-90.848
-91.105
-90.944
-91.299
-91.108
-91.212
