-71.78
-71.614
-71.481
-71.186
-71.034
-70.625
-70.317
-69.821
-69.663
-69.466
-69.369
-69.176
-69.081
-68.964
-68.497
-68.252
-67.938
-67.607
-67.448
-67.24
-66.842
-66.458
-66.103
-65.812
-65.535
-65.282
-65.08
-65.021
-64.785
-64.461
-64.461
-64.334
-64.293
-64.052
-63.805
-63.832
-63.686
-63.83
-63.742
-63.604
-63.424
-63.344
-63.381
-63.468
-63.191
-64.141
-66.579
-69.538
-72.12
-74.293
-75.673
-76.619
-77.156
-77.76
-78.1
-78.315
-78.566
-78.732
-78.787
-79.284
-79.156
-79.196
-78.995
-78.886
-78.965
-79.148
-78.956
-78.854
-78.798
-78.99
-78.936
-78.925
-79.11
-78.899
-78.683
-78.974
-78.911
-78.994
-79.028
-78.921
-78.828
-78.974
-79.068
-79.073
-78.969
-78.902
-78.89
-79.012
-78.83
-78.913
-78.955
-78.948
-78.985
-78.653
-78.6
-78.786
-78.905
-78.757
-78.892
-78.934
-78.848
-78.998
-78.925
-78.897
-78.996
-79.059
-79.096
-78.84
-78.428
-78.368
-78.278
-78.121
-78.099
-78.05
-78.063
-77.879
-77.592
-77.543
-77.719
-77.616
-77.666
-77.555
-77.592
-77.477
-77.657
-77.488
-77.694
-77.861
-78.113
-78.221
-78.409
-78.315
-78.374
-78.137
-78.221
-78.185
-78.283
-78.194
-78.562
-78.684
-78.563
-78.751
-78.54
-78.381
-78.794
-78.839
-78.853
-78.916
-79.058
-78.984
-78.951
-78.947
-79.15
-79.064
-79.11
-78.89
-78.969
-79.039
-78.999
-79.004
-78.814
-78.683
-78.645
-78.658
-78.748
-78.812
-78.832
-78.951
-79.044
-79.018
-78.791
-79.031
-79.032
-78.794
-78.935
-79.096
-78.984
-79.042
-79.165
-79.201
-79.286
-79.108
-78.998
-78.984
-78.951
-78.89
-79.057
-79.037
-78.793
-78.863
-78.776
-78.533
-78.561
-78.811
-78.805
-78.858
-78.968
-78.926
-79.046
-79.025
-79.093
-79.163
-79.062
-79.092
-78.904
-78.974
-78.787
-78.714
-78.746
-78.761
-78.714
-78.976
-79.084
-79.071
-79.103
-79.143
-79.106
-79.1
-79.088
-79.026
-79.112
-78.915
-79.482
-79.46
-79.23
-79.234
-79.293
-79.701
-79.487
-79.475
-79.501
-79.77
-79.796
-79.71
-79.8
-79.641
-79.724
-79.735
-79.598
-79.767
-79.768
-79.847
-79.64
-79.75
-79.845
-79.837
-79.631
-79.324
-79.374
-79.308
-79.159
-78.951
-78.688
-78.756
-78.725
-78.84
-78.835
-79.157
-79.113
-79.111
-79.248
-79.02
-79.028
-79.033
-79.051
-78.973
-78.812
-78.852
-79.013
-78.781
-78.792
-78.658
-78.816
-78.801
-78.545
-78.566
-78.705
-78.794
-78.847
-78.866
-78.56
-78.382
-78.42
-78.614
-78.828
-78.836
-78.912
-78.98
-78.99
-78.842
-79.244
-79.02
-78.947
-79.044
-79.142
-79.149
-79.358
-79.262
-79.244
-79.515
-79.548
-79.571
-79.65
-79.267
-79.113
-79.039
-79.088
-79.091
-79.078
-78.936
-79.004
-79.168
-78.907
-79.109
-79.22
-79.276
-79.39
-79.291
-79.075
-78.999
-79.075
-78.545
-78.231
-78.107
-78.14
-78.084
-77.915
-77.92
-77.823
-78.026
-77.692
-77.823
-77.916
-77.985
-78.216
-78.211
-78.311
-78.214
-78.331
-78.318
-78.413
-78.64
-78.636
-78.684
-78.753
-78.707
-78.409
-78.535
-78.861
-78.608
-78.745
-78.938
-78.938
-79.033
-79.065
-79.31
-79.512
-79.336
-79.125
-79.229
-79.186
-79.378
-79.47
-79.514
-79.587
-79.654
-79.591
-79.521
-79.462
-79.712
-79.63
-79.698
-79.604
-79.706
-79.778
-79.413
-79.465
-79.525
-79.677
-79.724
-79.808
-79.573
-79.478
-79.42
-79.659
-79.431
-79.226
-79.177
-78.944
-79.194
-79.234
-79.28
-79.25
-79.065
-79.185
-79.16
-79.185
-79.131
-79.111
-79.064
-79.28
-79.019
-79.101
-78.871
-78.968
-78.648
-78.509
-78.172
-77.981
-77.805
-77.533
-77.455
-77.661
-77.653
-77.567
-77.52
-77.523
-77.525
-77.545
-77.645
-77.738
-77.789
-77.988
-77.719
-77.375
-76.823
-75.939
-74.877
-73.911
-73.206
-72.609
-72.245
-72.013
-71.868
-71.485
-71.176
-71.245
-71.239
-71.794
-72.649
-73.528
-73.969
-74.515
-74.996
-75.237
-75.201
-75.141
-75.141
-75.602
-75.518
-75.563
-75.768
-75.802
-75.762
-75.905
-76.274
-76.434
-76.895
-76.969
-76.833
-76.794
-76.784
-76.651
-76.322
-76.209
-76.002
-75.967
-76.046
-75.849
-75.524
-75.173
-74.3
-73.711
-73.376
-73.126
-72.887
-72.445
-72.479
-72.241
-72.364
-72.413
-72.804
-72.739
-73.168
-73.372
-73.667
-73.82
-74.317
-74.35
-74.367
-74.396
-74.844
-75.552
-75.969
-76.565
-76.815
-77.227
-77.554
-77.628
-77.758
-77.731
-77.857
-78.194
-78.199
-78.413
-78.356
-78.294
-78.366
-78.592
-78.561
-78.649
-78.861
-78.781
-78.72
-78.563
-78.624
-78.691
-78.552
-78.404
-78.248
-78.435
-78.457
-78.424
-78.279
-78.181
-78.194
-78.186
-78.265
-78.013
-77.841
-77.909
-77.76
-77.548
-77.527
-77.423
-77.332
-77.349
-77.466
-77.711
-77.888
-78.299
-78.45
-78.4
-78.584
-78.545
-78.314
-78.568
-78.517
-78.557
-78.434
-78.445
-78.254
-78.204
-78.098
-78.186
-78.312
-78.37
-78.348
-78.02
-78.238
-78.432
-78.404
-78.213
-78.319
-78.321
-78.489
-78.492
-78.589
-78.805
-79.084
-79.125
-79.238
-79.198
-79.198
-79.252
-79.185
-79.098
-79.242
-79.186
-79.263
-79.45
-79.685
-79.515
-79.542
-79.502
-79.384
-79.315
-79.766
-79.315
-79.365
-79.523
-79.377
-79.068
-79.032
-79.041
-78.891
-78.868
-78.729
-79.007
-78.94
-78.761
-78.659
-78.81
-79.049
-79.135
-79.109
-79.145
-79.224
-79.244
-79.366
-79.156
-79.27
-79.215
-79.446
-79.446
-79.691
-79.401
-79.396
-79.571
-79.487
-79.465
-79.332
-79.576
-79.653
-79.621
-79.725
-79.912
-79.91
-80.033
-79.846
-79.835
-79.842
-79.953
-79.806
-79.904
-79.713
-79.572
-79.788
-79.973
-79.919
-79.982
-80.093
-80.302
-80.159
-80.1
-80.103
-80.093
-80.021
-80.147
-80.193
-80.136
-80.194
-80.027
-80.12
-79.935
-79.969
-79.945
-79.859
-80.102
-79.894
-80.172
-80.331
-80.02
-80.223
-80.083
-79.98
-80.034
-79.931
-79.943
-80.028
-79.965
-80.096
-80.155
-80.152
-80.136
-80.102
-79.912
-79.964
-80.18
-80.105
-80.182
-80.071
-80.07
-80.038
-80.105
-80.229
-80.137
-79.941
-80.233
-79.91
-80.095
-80.093
-80.073
-80.226
-79.88
-79.701
-79.997
-80.035
-79.941
-80.022
-79.834
-79.958
-80.148
-79.977
-80.06
-80.005
-79.97
-79.805
-80.057
-79.929
-79.632
-79.476
-79.559
-79.569
-79.936
-80.019
-80.163
-80.416
-80.478
-80.181
-80.133
-80.009
-79.878
-79.704
-79.537
-79.863
-79.914
-79.928
-80.218
-80.337
-80.295
-80.336
-80.512
-80.618
-80.516
-80.51
-80.384
-80.218
-80.195
-80.113
-79.968
-79.973
-80.117
-79.996
-80.133
-80.194
-80.201
-80.477
-80.573
-80.48
-80.052
-79.918
-80.064
-79.97
-79.933
-79.982
-80.021
-80.099
-80.269
-80.057
-80.165
-80.182
-80.563
-80.677
-80.793
-80.857
-80.672
-80.4
-80.387
-80.161
-80.011
-80.141
-80.304
-80.361
-80.381
-80.195
-80.17
-80.312
-80.56
-80.511
-80.403
-80.448
-80.418
-80.604
-80.509
-80.64
-80.624
-80.71
-80.798
-80.669
-80.831
-80.708
-80.706
-80.744
-80.593
-80.433
-80.506
-80.177
-80.242
-80.341
-80.225
-80.315
-80.383
-80.254
-80.167
-80.271
-80.336
-80.097
-80.389
-80.324
-80.061
-80.163
-80.017
-79.825
-79.798
-79.928
-79.976
-79.797
-79.734
-79.651
-79.798
-79.917
-80.242
-80.39
-80.477
-80.42
-80.262
-80.154
-80.098
-80.616
-80.697
-80.559
-80.516
-80.49
-80.858
-80.682
-80.644
-80.711
-80.77
-81.207
-81.164
-81.149
-81.042
-81.059
-80.966
-80.938
-81.039
-80.754
-80.368
-80.375
-80.568
-80.554
-80.333
-80.611
-80.472
-80.169
-80.169
-80.183
-80.032
-79.915
-80.181
-80.249
-80.249
-80.106
-80.396
-80.675
-80.694
-80.93
-80.885
-80.831
-80.894
-80.917
-80.855
-80.665
-80.432
-80.577
-80.774
-80.827
-80.556
-80.5
-80.55
-80.578
-80.687
-80.527
-80.735
-80.614
-80.576
-80.572
-80.634
-80.694
-80.535
-80.764
-81.046
-81.336
-81.501
-81.581
-81.281
-81.321
-81.247
-81.164
-81.017
-81.049
-81.064
-81.187
-81.131
-81.139
-81.127
-80.956
-80.729
-80.837
-80.789
-80.87
-80.839
-80.654
-80.76
-80.929
-81.079
-81.19
-81.202
-81.446
-81.637
-81.766
-81.821
-81.889
-82.096
-81.87
-81.828
-81.94
-82.133
-82.21
-82.149
-82.035
-82.248
-82.444
-82.576
-82.489
-82.348
-82.374
-81.969
-81.786
-82.156
-81.914
-81.924
-81.829
-81.785
-81.398
-81.133
-81.072
-81.088
-80.889
-80.799
-81.006
-81.164
-81.087
-80.839
-80.916
-80.922
-80.787
-80.718
-80.679
-80.274
-80.399
-80.395
-80.186
-80.415
-80.189
-80.161
-80.341
-80.329
-80.295
-80.335
-80.579
-80.262
-80.287
-80.368
-80.134
-80.263
-80.481
-80.51
-80.539
-80.55
-80.579
-80.398
-80.413
-80.606
-80.572
-80.79
-80.436
-80.439
-80.685
-80.663
-80.524
-80.458
-80.355
-80.052
-80.587
-80.869
-80.697
-80.905
-80.963
-80.937
