-78.279
-78.304
-78.401
-78.593
-78.655
-78.734
-78.775
-79.131
-79.42
-79.466
-79.484
-79.344
-79.336
-79.468
-79.553
-79.439
-79.656
-79.664
-79.701
-79.753
-79.715
-79.916
-79.695
-79.724
-79.651
-79.515
-79.528
-79.333
-79.532
-79.461
-79.397
-79.466
-79.578
-79.52
-79.725
-79.597
-79.819
-79.583
-79.522
-79.547
-79.519
-79.603
-79.581
-79.524
-79.671
-79.579
-79.687
-79.667
-79.717
-79.757
-79.79
-79.881
-79.918
-79.777
-79.862
-79.812
-79.773
-79.879
-79.796
-79.856
-79.759
-79.75
-79.823
-79.716
-79.704
-79.86
-79.822
-79.577
-79.314
-79.153
-79.058
-78.838
-78.779
-78.979
-78.886
-78.606
-78.965
-79.059
-79.034
-79.118
-79.098
-79.029
-78.794
-78.801
-78.853
-79.112
-79.281
-79.25
-79.313
-79.155
-79.309
-79.316
-79.476
-79.613
-79.715
-79.598
-79.575
-79.856
-79.516
-79.645
-79.502
-79.425
-79.224
-79.101
-79.016
-78.994
-79.03
-78.919
-78.859
-78.888
-78.869
-78.846
-78.936
-78.701
-78.536
-78.782
-78.659
-78.877
-78.911
-78.728
-78.878
-79.004
-78.953
-78.906
-79.021
-78.968
-79.006
-78.932
-79.014
-79.013
-79.213
-79.269
-79.313
-79.376
-79.382
-79.3
-79.396
-79.372
-79.489
-79.472
-79.587
-79.595
-79.492
-79.194
-79.266
-79.213
-78.946
-78.85
-78.699
-78.455
-78.388
-78.401
-78.371
-78.291
-78.431
-78.535
-78.548
-78.352
-78.139
-78.301
-78.537
-78.4
-78.166
-78.201
-78.579
-78.892
-78.943
-79.208
-79.281
-79.22
-79.372
-79.55
-79.471
-79.507
-79.588
-79.504
-79.575
-79.492
-79.632
-79.59
-79.559
-79.677
-79.688
-79.433
-79.476
-79.433
-79.331
-79.356
-79.289
-79.457
-79.481
-79.263
-79.307
-79.336
-79.482
-79.27
-79.638
-79.537
-79.563
-79.583
-79.575
-79.777
-79.602
-79.512
-79.523
-79.507
-79.411
-79.349
-79.164
-79.263
-79.159
-79.142
-78.857
-78.93
-79.119
-79.058
-79.343
-79.315
-79.254
-79.434
-79.475
-79.37
-79.238
-79.195
-79.105
-79.052
-79.168
-79.096
-79.004
-79.079
-79.046
-79.081
-79.006
-79.15
-79.168
-79.295
-79.172
-78.895
-79.029
-78.917
-78.992
-79.146
-79.111
-78.845
-79.109
-79.12
-79.12
-79.134
-79.246
-79.196
-79.071
-78.908
-78.92
-78.802
-78.865
-78.624
-78.638
-78.631
-78.612
-78.256
-78.6
-78.617
-78.693
-78.74
-78.757
-78.78
-78.972
-78.876
-78.772
-78.721
-78.58
-78.45
-78.335
-78.284
-78.607
-78.697
-78.777
-78.582
-78.453
-78.695
-78.292
-78.673
-78.56
-78.739
-78.846
-79.006
-79.04
-78.849
-78.859
-78.768
-78.95
-79.161
-79.17
-79.351
-79.492
-79.497
-79.399
-79.206
-78.821
-78.962
-79.233
-79.075
-79.179
-79.31
-79.298
-79.36
-79.324
-79.097
-79.089
-79.1
-78.769
-78.968
-79.111
-79.109
-79.045
-79.258
-79.249
-79.305
-79.234
-79.206
-79.561
-79.608
-79.605
-79.758
-79.764
-79.69
-79.699
-79.375
-79.302
-79.436
-79.447
-79.52
-79.428
-79.543
-79.446
-79.25
-79.496
-79.398
-79.415
-79.467
-79.683
-79.495
-79.422
-79.405
-79.201
-78.843
-79.035
-79.014
-78.618
-78.517
-78.476
-78.418
-78.499
-78.387
-78.385
-78.379
-78.388
-78.502
-78.474
-78.485
-78.569
-78.647
-78.575
-78.333
-78.422
-78.251
-78.328
-78.466
-78.257
-78.267
-78.34
-78.22
-78.439
-78.483
-78.617
-78.502
-78.291
-78.498
-78.478
-78.578
-78.61
-78.579
-78.796
-78.644
-78.648
-78.519
-78.531
-78.291
-78.189
-78.147
-78.41
-78.247
-78.232
-78.01
-78.056
-77.795
-77.645
-77.502
-77.612
-77.511
-77.268
-76.134
-74.873
-73.813
-72.917
-72.028
-71.59
-70.879
-70.74
-70.608
-70.443
-70.554
-70.467
-70.608
-70.728
-70.573
-70.065
-69.994
-69.39
-69.271
-69.167
-69.191
-69.204
-69.132
-68.712
-68.904
-68.748
-67.966
-67.536
-67.163
-66.79
-66.779
-67.482
-68.03
-68.593
-69.025
-69.329
-69.678
-70.086
-70.12
-69.824
-69.622
-69.3
-69.145
-69.245
-69.321
-69.312
-69.233
-69.341
-69.23
-68.901
-68.629
-68.027
-67.868
-68.038
-67.749
-67.832
-68.019
-68.007
-68.006
-67.995
-67.887
-67.7
-66.941
-66.447
-66.434
-66.798
-66.959
-67.45
-67.727
-68.286
-68.533
-68.811
-69.433
-69.713
-70.049
-70.447
-70.875
-70.914
-71.126
-71.169
-71.354
-71.618
-71.739
-71.878
-71.973
-72.009
-71.493
-71.104
-70.742
-70.613
-71.14
-71.888
-72.291
-72.367
-72.262
-72.284
-72.295
-72.734
-72.594
-72.755
-72.954
-73.256
-73.471
-73.78
-73.738
-73.782
-74.668
-75.36
-76.073
-76.68
-76.989
-77.362
-77.541
-77.737
-77.855
-77.735
-78.004
-78.02
-77.982
-78.163
-78.224
-78.209
-78.313
-78.38
-78.554
-78.517
-78.578
-78.466
-78.32
-78.448
-78.563
-78.236
-78.502
-78.483
-78.485
-78.587
-78.638
-78.78
-78.75
-78.804
-78.539
-78.53
-78.348
-77.961
-78.102
-78.177
-78.041
-78.209
-78.247
-78.5
-78.454
-78.443
-78.464
-78.59
-78.724
-78.842
-78.826
-78.891
-78.88
-78.883
-79.152
-79.035
-78.892
-79.233
-79.218
-79.308
-79.302
-79.225
-79.147
-79.191
-79.402
-79.484
-79.437
-79.384
-79.448
-79.446
-79.576
-79.744
-79.493
-79.396
-79.526
-79.666
-79.627
-79.656
-79.554
-79.431
-79.643
-79.558
-79.573
-79.691
-80.031
-80.129
-80.033
-79.762
-79.888
-79.995
-80.007
-80.07
-79.923
-79.685
-79.539
-79.793
-79.944
-79.906
-79.922
-79.852
-79.818
-79.929
-79.814
-79.752
-79.828
-79.991
-79.955
-79.797
-79.805
-79.781
-79.85
-80.035
-79.744
-79.772
-79.668
-79.741
-79.809
-79.804
-79.606
-79.624
-79.723
-79.857
-79.743
-79.76
-79.833
-79.976
-80.076
-80.06
-79.927
-79.86
-80.04
-80.037
-79.885
-79.911
-80.053
-79.796
-79.889
-79.796
-80.165
-80.442
-80.263
-80.414
-80.197
-80.29
-80.311
-80.017
-80.142
-79.862
-79.89
-79.972
-79.817
-80.106
-79.901
-80.052
-79.888
-79.836
-80.063
-80.016
-79.825
-79.765
-79.875
-80.023
-80.102
-79.855
-79.818
-79.874
-79.95
-79.923
-79.912
-79.941
-79.85
-79.813
-79.981
-80.067
-80.199
-80.206
-80.209
-80.042
-80.068
-80.096
-79.94
-80.018
-79.82
-79.749
-79.714
-79.938
-80.148
-79.962
-79.846
-80.151
-80.187
-80.195
-80.074
-80.101
-80.238
-80.152
-80.154
-80.052
-80.219
-80.081
-80.085
-80.082
-79.979
-79.868
-80.03
-79.825
-80.15
-79.936
-79.883
-79.999
-79.678
-79.747
-79.81
-79.869
-80.07
-80.211
-79.766
-79.804
-79.761
-79.754
-80.091
-80.083
-79.984
-79.673
-79.828
-79.787
-79.879
-79.841
-80.079
-80.369
-80.183
-80.072
-80.005
-80.051
-80.118
-79.985
-80.099
-80.213
-79.91
-80.01
-80.02
-79.964
-80.12
-80.19
-80.29
-80.109
-79.985
-79.911
-79.848
-79.919
-79.883
-79.913
-80.008
-79.803
-79.873
-80.079
-80.369
-80.755
-80.846
-80.771
-80.358
-80.444
-80.349
-80.23
-79.906
-79.93
-79.852
-79.961
-80.01
-80.148
-80.098
-79.916
-80.114
-80.05
-80.186
-80.157
-80.036
-80.008
-80.258
-80.35
-80.397
-80.227
-80.088
-79.739
-79.479
-79.575
-79.63
-79.485
-79.608
-79.88
-79.67
-79.73
-80.15
-79.958
-80.225
-80.147
-80.123
-79.928
-80.076
-80.225
-79.974
-79.862
-79.901
-79.802
-79.736
-79.857
-79.922
-80.091
-80.144
-80.361
-80.139
-80.044
-80.213
-80.559
-80.439
-80.823
-80.709
-80.423
-80.572
-80.677
-80.648
-80.643
-80.697
-80.546
-80.548
-80.387
-80.156
-79.989
-79.866
-79.904
-79.91
-80.026
-80.213
-79.96
-80.028
-80.101
-80.064
-80.048
-79.869
-79.847
-79.929
-80.013
-79.934
-80.007
-80.087
-80.1
-80.17
-80.132
-80.007
-80.099
-80.038
-80.037
-80.21
-80.322
-80.101
-80.238
-80.321
-80.604
-80.308
-80.245
-80.043
-80.28
-80.208
-80.135
-80.4
-80.23
-80.367
-80.176
-80.225
-80.511
-80.543
-80.437
-80.665
-80.53
-80.474
-80.52
-80.487
-80.716
-80.934
-80.805
-80.663
-81.054
-80.903
-80.892
-80.773
-80.318
-80.272
-80.079
-80.023
-79.839
-80.265
-80.086
-79.913
-79.833
-79.703
-79.718
-79.45
-79.198
-79.253
-78.505
-77.277
-76.065
-74.779
-73.611
-72.233
-70.921
-69.671
-69.04
-67.946
-67.251
-66.372
-65.918
-65.457
-65.035
-64.465
-64.081
-63.722
-63.421
-63.154
-62.984
-62.62
-62.487
-62.36
-62.052
-62.209
-62.354
-62.184
-62.014
-62.031
-61.978
-62.208
-62.315
-62.269
-62.552
-62.445
-62.422
-62.55
-62.982
-62.991
-63.066
-63.097
-63.468
-63.833
-64.13
-64.001
-64.065
-64.107
-64.138
-64.328
-64.269
-64.577
-64.893
-65.119
-65.227
-65.27
-65.587
-65.754
-66.109
-66.298
-66.26
-66.479
-66.49
-66.731
-67.011
-67.091
-67.539
-67.351
-67.846
-67.877
-67.845
-68.002
-68.095
-68.249
-68.149
-68.228
-68.305
-68.362
-68.062
-67.238
-66.378
-65.255
-64.403
-63.435
-62.385
-61.552
-60.655
-59.782
-58.895
-58.497
-57.769
-57.003
-56.224
-55.69
-55.111
