-80.955
-80.633
-80.785
-80.676
-80.581
-80.414
-80.151
-80.184
-80.494
-80.373
-80.265
-80.645
-80.538
-80.525
-80.363
-80.605
-80.539
-80.511
-80.426
-80.263
-80.346
-80.356
-80.276
-80.417
-80.44
-80.639
-80.781
-80.912
-80.802
-80.951
-81.091
-80.968
-80.799
-80.751
-80.683
-80.756
-80.666
-80.713
-80.737
-80.581
-80.678
-80.73
-80.657
-80.571
-80.208
-79.729
-79.628
-79.104
-79.025
-78.791
-78.586
-78.409
-78.373
-78.507
-78.43
-78.166
-78.138
-77.91
-77.624
-77.684
-77.384
-77.543
-77.572
-77.507
-77.4
-77.323
-77.423
-77.456
-77.425
-77.686
-77.66
-77.543
-77.509
-77.296
-77.225
-77.13
-77.12
-77.05
-76.932
-76.861
-76.9
-76.512
-76.634
-76.372
-75.747
-75.78
-75.847
-75.649
-75.233
-74.814
-74.438
-74.223
-73.891
-73.752
-73.552
-73.098
-73.077
-72.981
-72.841
-72.721
-72.808
-73.033
-72.9
-73.033
-73.109
-73.015
-73.049
-72.927
-72.607
-72.912
-72.758
-72.479
-72.444
-72.742
-72.709
-72.92
-72.813
-72.829
-72.861
-72.488
-72.315
-72.243
-71.885
-71.761
-71.416
-70.946
-70.682
-70.566
-70.59
-70.083
-69.519
-69.55
-69.201
-69.159
-68.968
-68.928
-68.871
-68.918
-68.586
-68.587
-68.466
-68.547
-68.573
-68.263
-67.909
-67.545
-67.268
-66.938
-66.905
-66.856
-66.986
-66.881
-67.12
-67.139
-67.163
-67.306
-67.117
-67.126
-67.151
-66.957
-66.5
-65.97
-65.496
-65.34
-65.188
-65.172
-65.069
-65.257
-64.986
-64.894
-64.889
-64.939
-65.358
-65.279
-65.183
-65.145
-65.187
-65.33
-64.908
-64.561
-64.322
-64.433
-64.452
-64.277
-64.164
-64.166
-64.17
-64.238
-64.239
-63.906
-63.785
-63.868
-64.013
-63.791
-63.918
-63.877
-64.021
-64.051
-64.094
-64.115
-64.113
-63.767
-63.473
-63.208
-62.585
-62.374
-62.114
-61.501
-61.169
-61.093
-60.611
-60.697
-60.579
-60.684
-60.572
-60.449
-60.438
-60.509
-60.356
-60.022
-59.871
-59.424
-59.047
-58.703
-58.786
-58.629
-58.381
-58.158
-57.998
-57.927
-57.911
-57.752
-57.561
-57.442
-57.262
-57.391
-57.251
-57.227
-57.415
-57.376
-57.311
-57.125
-57.28
-57.265
-57.242
-57.326
-57.464
-57.609
-57.794
-57.699
-57.748
-57.604
-57.533
-57.586
-57.482
-57.496
-57.257
-56.95
-56.567
-56.093
-55.549
-54.84
-54.147
-53.653
-52.745
-51.696
-50.092
-47.304
-45
-45
-45
-45
-45
-45
-45
-45
-45
-45
-45
-45
-45
-45
-51.173
-57.34
-61.918
-65.452
-67.664
-69.258
-70.18
-70.86
-71.196
-71.457
-71.732
-71.404
-71.267
-70.975
-70.577
-70.132
-69.566
-69.188
-68.896
-68.65
-68.488
-68.225
-68.12
-67.823
-67.764
-67.746
-67.605
-67.33
-67.152
-67.098
-67.048
-66.931
-66.999
-66.961
-67.036
-67.233
-67.285
-67.394
-67.717
-67.636
-67.313
-67.286
-67.263
-67.015
-66.4
-65.978
-65.648
-65.531
-64.881
-64.447
-63.891
-63.385
-63.058
-62.652
-62.632
-62.649
-62.569
-62.412
-62.48
-62.365
-62.168
-61.916
-61.493
-60.917
-60.485
-60.312
-59.804
-59.527
-59.467
-59.152
-59.084
-58.733
-58.514
-58.482
-58.361
-58.078
-58.087
-57.945
-57.814
-57.823
-57.792
-57.864
-57.807
-58.055
-58.095
-57.926
-57.395
-57.369
-57.447
-57.255
-56.848
-56.767
-56.665
-56.341
-56.021
-55.622
-55.108
-54.579
-53.931
-53.109
-52.547
-51.768
-50.235
-47.554
-45
-45
-45
-45
-45
-45
-45
-45
-45
-45
-45
-45
-45
-45
-50.787
-57.229
-62.212
-65.33
-67.347
-68.544
-68.992
-69.52
-69.509
-69.274
-69.031
-68.792
-68.666
-68.462
-67.949
-66.896
-65.439
-64.168
-62.74
-61.06
-59.566
-58.2
-56.551
-55.258
-53.801
-52.49
-50.604
-48.506
-45
-45
-45
-45
-45
-45
-45
-45
-45
-45
-45
-54.77
-64.923
-70.82
-73.716
-75.172
-75.947
-76.265
-76.057
-76.153
-76.238
-76.124
-75.832
-75.633
-75.612
-75.708
-75.819
-76.054
-75.979
-76.157
-76.165
-76.222
-75.997
-75.794
-75.674
-75.827
-75.736
-76.008
-76.013
-76.253
-76.317
-76.426
-76.588
-76.773
-76.911
-77.212
-77.208
-77.153
-77.072
-76.897
-76.949
-76.585
-76.941
-76.872
-77.059
-77.136
-77.169
-77.077
-76.802
-76.141
-75.533
-74.889
-74.083
-73.591
-73.186
-72.783
-72.426
-72.146
-72.225
-71.972
-72.19
-72.147
-72.457
-72.373
-72.444
-72.405
-72.589
-72.699
-72.438
-72.428
-72.626
-72.645
-72.59
-72.505
-72.607
-72.753
-73.07
-73.407
-73.612
-73.948
-73.989
-74.216
-74.188
-74.326
-74.341
-74.409
-74.946
-75.097
-75.175
-75.355
-75.406
-75.543
-75.814
-76.089
-76.281
-76.39
-76.427
-76.808
-76.992
-77.427
-77.362
-77.22
-77.25
-77.314
-77.143
-77.015
-76.966
-76.731
-76.654
-76.864
-76.702
-76.568
-76.4
-76.429
-76.592
-76.721
-76.867
-77.021
-77.146
-77.159
-77.196
-76.995
-77.268
-77.505
-77.584
-77.635
-77.647
-77.647
-77.829
-77.949
-78.096
-78.288
-78.469
-78.547
-78.65
-78.536
-78.47
-78.838
-78.633
-78.985
-79.064
-78.868
-79.04
-79.137
-79.27
-79.177
-79.386
-79.506
-79.363
-79.607
-79.793
-79.819
-80.004
-79.964
-80.147
-79.989
-80.06
-79.976
-79.966
-80.045
-79.887
-79.898
-79.781
-79.885
-80.124
-80.382
-80.467
-80.595
-80.51
-80.672
-80.46
-80.495
-80.501
-80.721
-80.678
-80.899
-81.034
-80.949
-81.011
-81.053
-80.91
-81.238
-81.395
-81.688
-81.627
-81.748
-81.78
-82.013
-81.958
-82.058
-82.313
-82.083
-81.767
-82.098
-82.216
-82.122
-82.259
-82.036
-81.883
-81.462
-81.417
-81.665
-81.736
-81.675
-81.648
-81.352
-81.652
-81.45
-81.464
-81.531
-81.878
-81.896
-81.77
-81.516
-81.792
-81.589
-81.76
-81.457
-81.402
-81.454
-81.546
-81.726
-81.509
-81.505
-81.371
-81.357
-81.691
-81.686
-81.999
-82.237
-82.273
-81.923
-81.872
-81.835
-81.622
-81.913
-81.952
-82.041
-82.007
-82.245
-82.332
-82.477
-82.573
-82.842
-82.937
-82.822
-82.429
-82.448
-82.521
-82.456
-82.716
-82.894
-83.258
-83.206
-83.446
-83.493
-83.619
-83.488
-83.619
-83.607
-83.602
-83.678
-83.619
-83.72
-83.644
-83.559
-83.528
-83.375
-83.259
-83.694
-83.685
-83.893
-83.716
-83.831
-83.697
-83.726
-83.814
-83.809
-83.957
-84.019
-84.17
-84.128
-83.97
-84.108
-84.024
-83.76
-83.571
-83.527
-83.399
-83.442
-83.264
-83.469
-83.316
-83.318
-83.411
-83.649
-83.627
-83.508
-83.664
-83.749
-83.511
-83.392
-83.433
-83.69
-83.587
-83.299
-83.174
-83.147
-83.246
-83.14
-83.102
-83.239
-83.098
-82.905
-82.943
-83.064
-83.046
-82.861
-82.984
-83.006
-82.884
-82.995
-82.804
-82.742
-82.824
-82.808
-82.886
-83.21
-83.174
-83.482
-83.544
-83.387
-83.337
-83.348
-83.618
-83.32
-83.528
-83.338
-83.278
-82.928
-83.07
-83.172
-83.173
-83.299
-83.239
-83.256
-83.628
-83.731
-84.107
-83.876
-83.836
-83.832
-83.91
-83.846
-83.761
-83.36
-83.691
-83.621
-83.427
-83.399
-83.52
-83.441
-83.422
-83.713
-83.968
-84.044
-84.32
-83.978
-84.279
-84.091
-84.105
-83.883
-83.978
-83.778
-83.685
-83.781
-84.083
-84.028
-84.287
-83.984
-84.082
-84.054
-84.18
-84.114
-84.133
-84.335
-84.452
-84.493
-84.455
-84.423
-84.69
-84.61
-84.559
-84.539
-84.396
-84.577
-84.751
-84.771
-84.717
-84.655
-84.66
-84.961
-85.176
-85.415
-85.384
-85.346
-85.181
-85.207
-85.221
-85.495
-85.266
-85.586
-85.69
-85.645
-85.492
-85.646
-85.943
-85.809
-85.769
-85.783
-86.111
-86.262
-86.366
-86.796
-86.681
-86.871
-87.109
-87.194
-87.493
-87.503
-87.564
-87.396
-87.777
-87.963
-88.315
-88.509
-88.462
-88.472
-88.49
-88.356
-88.376
-88.374
-88.146
-88.128
-88.116
-88.166
-88.035
-88.164
-88.318
-88.256
-88.034
-88.248
-88.37
-88.456
-88.412
-88.191
-88.065
-87.8
-87.964
-87.59
-87.485
-87.631
-87.656
-87.836
-87.981
-88.011
-87.805
-87.594
-87.358
-87.438
-87.531
-87.37
-87.136
-86.948
-86.77
-86.495
-86.794
-87.098
-87.254
-87.256
-87.143
-87.042
-86.961
-86.775
-86.765
-86.919
-87.097
-87.317
-87.104
-87.439
-87.314
-87.136
-87.192
-87.457
-87.401
-87.844
-87.85
-87.856
-87.752
-88.063
-87.684
-87.762
-88.003
-88.127
-88.429
-88.731
-88.806
-88.606
-88.353
-88.565
-88.687
-88.592
-88.605
-88.352
-88.574
-88.875
-89.216
-89.164
-89.129
-89.199
-89.145
-89.197
-89.117
-89.109
-89.082
-89.146
-89.122
-89.067
-89.143
-89.25
-89.27
-89.256
-89.262
-89.519
-89.524
-89.83
-89.739
-89.855
-89.633
-89.716
-89.666
-89.658
-89.712
-89.362
-89.288
-89.584
-89.559
-89.456
-89.744
-89.608
-89.587
-89.619
-89.698
-89.473
-89.504
-89.485
-89.289
-88.813
-88.852
-88.599
-88.931
-88.933
-88.859
