-78.544
-78.926
-79.115
-79.01
-78.899
-78.935
-78.477
-78.695
-78.722
-78.778
-78.842
-78.957
-78.928
-78.752
-78.747
-78.845
-78.873
-78.624
-78.836
-78.753
-78.747
-78.972
-79.126
-79.108
-78.99
-79.083
-79.242
-79.301
-79.104
-79.257
-79.505
-79.193
-79.209
-79.58
-79.509
-79.35
-79.633
-79.506
-79.356
-79.333
-79.396
-79.58
-79.539
-79.636
-79.475
-79.66
-79.642
-80.047
-80.122
-80.117
-80.026
-79.98
-79.958
-80.202
-80.057
-80.009
-79.91
-79.898
-79.984
-79.747
-79.681
-79.718
-79.835
-79.682
-79.817
-79.894
-79.965
-79.928
-80.219
-80.439
-80.294
-80.351
-80.309
-80.131
-79.812
-79.68
-79.804
-79.914
-79.932
-80.043
-79.812
-79.494
-79.053
-79.019
-78.567
-78.057
-77.464
-76.909
-76.687
-76.177
-75.725
-75.593
-75.149
-74.562
-74.004
-73.573
-72.92
-72.474
-71.973
-71.268
-70.861
-70.502
-70.104
-69.442
-69.206
-68.792
-68.395
-67.98
-67.699
-67.632
-67.324
-66.827
-66.461
-66.35
-66.014
-65.98
-65.822
-65.54
-65.214
-65.185
-65.023
-65.021
-64.796
-64.548
-64.545
-64.273
-64.058
-64.162
-64.085
-64.327
-64.127
-64.275
-63.878
-63.868
-63.63
-63.117
-62.781
-62.44
-62.456
-62.063
-61.698
-61.429
-60.924
-60.616
-60.108
-59.775
-59.636
-59.213
-58.966
-58.866
-58.603
-59.034
-62.503
-66.239
-69.497
-72.211
-73.934
-75.203
-75.971
-76.468
-76.755
-77.156
-77.53
-77.973
-78.204
-78.283
-78.486
-78.478
-78.593
-78.779
-78.779
-78.96
-78.88
-78.752
-78.462
-78.591
-78.83
-78.806
-78.323
-78.428
-78.594
-78.683
-78.544
-78.755
-78.842
-78.845
-78.802
-78.997
-78.861
-78.876
-78.468
-78.233
-78.113
-78.08
-78.027
-77.987
-77.949
-77.902
-77.771
-77.576
-77.666
-77.381
-77.414
-77.513
-77.307
-77.151
-77.015
-76.961
-76.883
-77.115
-77.318
-77.24
-77.364
-77.458
-77.294
-76.827
-76.588
-76.524
-76.628
-76.672
-76.679
-76.87
-76.979
-77.189
-77.039
-77.133
-77.141
-77.117
-77.278
-77.459
-77.593
-77.902
-77.782
-77.471
-77.224
-76.996
-76.831
-76.537
-76.453
-76.55
-76.687
-76.704
-76.771
-76.801
-76.768
-76.821
-76.788
-76.549
-76.48
-76.303
-76.247
-76.527
-76.507
-76.578
-76.434
-76.465
-76.503
-76.189
-76.172
-76.084
-76.238
-75.966
-76.186
-76.1
-76.105
-76.095
-75.958
-75.986
-75.989
-75.96
-75.902
-75.619
-75.586
-75.64
-75.652
-75.648
-75.987
-75.884
-75.64
-75.477
-75.113
-74.68
-74.53
-74.624
-74.691
-74.471
-74.496
-74.458
-74.451
-74.456
-74.641
-74.709
-75.132
-74.996
-74.844
-74.665
-74.66
-74.742
-74.637
-74.681
-74.47
-74.437
-74.262
-74.117
-74.091
-74.191
-74.365
-74.608
-74.239
-73.907
-73.818
-73.272
-72.748
-71.952
-71.592
-71.386
-71.4
-71.179
-70.899
-71.101
-71.164
-71.187
-71.236
-71.282
-71.351
-71.207
-71.494
-71.365
-71.303
-71.533
-71.566
-71.653
-71.894
-71.955
-72.073
-72.171
-72.311
-72.649
-72.6
-72.706
-72.851
-73.066
-73.523
-73.766
-74.162
-74.396
-74.457
-74.301
-74.465
-74.359
-74.337
-74.478
-74.495
-74.619
-74.848
-74.856
-74.712
-74.516
-74.357
-74.196
-74.199
-74.223
-73.933
-73.803
-73.664
-73.89
-73.777
-73.542
-73.458
-73.474
-73.167
-73.27
-72.904
-72.728
-72.543
-72.485
-72.163
-71.974
-71.383
-70.55
-69.47
-68.464
-67.857
-67.213
-66.44
-65.704
-64.983
-64.527
-64.054
-63.591
-62.944
-62.502
-62.229
-62.093
-62.002
-61.871
-61.647
-61.817
-61.748
-61.621
-61.132
-60.347
-59.47
-58.723
-58.107
-57.743
-56.873
-56.408
-55.506
-55.171
-57.277
-61.097
-64.402
-67.204
-69.445
-70.799
-71.916
-73.035
-73.808
-74.403
-74.61
-74.84
-75.135
-74.955
-75.117
-75.223
-75.367
-75.368
-75.405
-75.607
-75.07
-74.681
-74.24
-74.109
-74.208
-74.049
-73.826
-73.624
-73.625
-73.484
-73.594
-73.776
-74.048
-74.155
-74.45
-74.276
-74.346
-74.566
-74.748
-75.025
-75.338
-75.201
-74.652
-74.404
-74.035
-73.79
-73.679
-73.87
-73.842
-73.829
-73.805
-73.789
-73.771
-73.755
-74.097
-74.287
-74.492
-74.39
-74.655
-74.654
-74.614
-74.583
-74.954
-74.731
-74.76
-74.622
-74.572
-74.711
-74.813
-74.614
-74.688
-74.83
-74.573
-74.642
-74.702
-74.939
-75.24
-75.901
-76.21
-76.41
-76.814
-76.935
-76.575
-76.251
-76.008
-75.745
-75.648
-75.687
-75.694
-75.942
-76.071
-75.875
-75.908
-75.928
-76.088
-76.22
-76.29
-76.494
-76.361
-76.496
-76.697
-76.662
-76.867
-76.504
-76.44
-76.488
-76.382
-76.29
-76.438
-75.934
-75.276
-74.912
-74.587
-74.354
-74.283
-74.089
-73.986
-73.816
-73.692
-73.452
-73.648
-73.732
-73.784
-73.742
-73.905
-74.172
-74.063
-73.874
-73.647
-73.654
-73.478
-73.598
-73.665
-73.762
-73.838
-74.216
-74.074
-74.253
-74.212
-74.135
-74.075
-74.138
-74.478
-74.637
-74.693
-74.796
-75.133
-75.131
-75.543
-76.051
-76.41
-76.7
-76.854
-77.195
-77.302
-77.398
-77.529
-77.428
-77.279
-77.147
-77.125
-77.12
-76.941
-76.943
-77.319
-77.177
-77.191
-77.296
-77.514
-77.492
-77.782
-77.83
-77.753
-77.639
-77.705
-77.333
-76.732
-75.94
-75.219
-74.571
-74.144
-73.704
-73.782
-73.572
-73.471
-73.329
-73.275
-73.174
-72.868
-72.664
-72.529
-72.484
-72.256
-71.963
-71.966
-72.101
-72.401
-72.327
-72.7
-72.947
-73.34
-73.344
-73.583
-73.755
-73.923
-74.372
-74.213
-74.526
-74.839
-74.796
-75.148
-75.525
-75.776
-76.177
-76.58
-76.969
-76.771
-76.799
-76.724
-76.539
-76.691
-76.5
-76.524
-76.576
-76.648
-76.518
-76.529
-76.409
-76.352
-76.426
-76.678
-76.541
-76.62
-76.778
-77.019
-77.269
-77.146
-77.61
-77.669
-77.781
-77.949
-77.837
-77.893
-77.7
-77.477
-77.129
-76.957
-76.944
-76.481
-76.329
-76.457
-76.509
-76.461
-76.672
-76.792
-76.958
-77.426
-77.575
-77.709
-78.022
-78.047
-77.759
-77.504
-77.279
-77.026
-77.255
-77.029
-76.839
-76.812
-76.886
-77.082
-77.295
-77.325
-77.145
-77.007
-76.836
-76.732
-76.466
-76.631
-76.544
-76.652
-76.789
-77.037
-77.447
-77.499
-77.339
-77.521
-77.467
-77.401
-77.854
-77.829
-77.777
-77.777
-77.711
-77.745
-77.747
-77.748
-77.703
-77.913
-77.94
-78.037
-77.938
-78.18
-78.351
-78.444
-78.444
-78.561
-78.466
-78.534
-78.644
-78.713
-78.729
-78.931
-78.936
-79.003
-78.871
-78.943
-79.015
-79.089
-79.057
-79.181
-79.074
-79.297
-78.99
-79.067
-78.919
-79.081
-79.334
-79.41
-78.972
-78.786
-78.671
-78.701
-78.744
-78.858
-78.812
-78.847
-78.758
-78.732
-79.107
-79.163
-79.227
-79.228
-79.287
-79.414
-79.391
-79.353
-79.48
-79.581
-79.59
-79.901
-79.803
-79.734
-79.669
-79.731
-79.502
-79.546
-79.591
-79.584
-79.629
-79.652
-79.464
-79.482
-79.633
-79.472
-79.613
-79.494
-79.788
-79.936
-79.998
-79.995
-80.165
-79.962
-79.813
-79.905
-79.753
-79.741
-79.757
-79.661
-79.956
-79.877
-79.885
-79.752
-79.781
-79.607
-79.946
-80.131
-80.019
-79.767
-79.702
-79.903
-79.778
-79.856
-79.891
-79.93
-80.1
-80.461
-80.459
-80.251
-80.32
-80.219
-80.024
-79.953
-79.968
-80.001
-79.833
-79.999
-80.001
-79.875
-80.047
-80.091
-79.971
-79.801
-79.706
-79.594
-79.843
-79.862
-79.993
-79.895
-79.696
-79.373
-78.975
-78.839
-78.723
-78.267
-78.085
-77.784
-77.654
-77.755
-77.645
-77.588
-77.644
-77.327
-77.286
-77.369
-77.303
-77.667
-77.619
-77.529
-77.587
-77.483
-77.607
-77.6
-77.849
-78.12
-78.35
-78.217
-78.111
-78.211
-78.44
-78.48
-78.692
-78.735
-78.644
-78.411
-78.204
-78.334
-78.517
-78.622
-78.431
-78.534
-78.699
-78.742
-78.882
-78.854
-78.823
-79.033
-78.964
-78.978
-79.049
-79.082
-79.005
-78.938
-79.073
-79.177
-79.13
-79.221
-79.128
-78.567
-78.253
-78.264
-78.197
-78.107
-77.69
-77.38
-77.366
-77.135
-76.939
-76.698
-76.74
-76.698
-76.755
-77.009
-77.001
-76.929
-77.061
-77.103
-77.154
-77.313
-77.484
-77.375
-77.307
-77.246
-77.258
-77.501
-77.825
-77.751
-77.725
-77.78
-77.993
-78.265
-78.066
-78.112
-78.088
-78.168
-78.123
-78.032
-78.395
-78.448
-78.429
-78.454
-78.495
-78.582
-78.493
-78.466
-78.45
-78.5
-78.754
-78.72
-78.831
-78.797
-78.713
-78.829
-78.673
-78.895
-78.998
-78.85
-78.659
-78.396
-78.314
-78.571
-78.684
-78.628
-78.412
-78.268
-78.176
-78.231
-78.386
-78.417
-78.456
-78.398
-78.433
-78.528
-78.376
-77.956
-77.564
-77.267
-77.034
-76.42
-76.172
-76.093
-75.847
-75.683
-75.619
-75.405
-75.372
-75.1
-74.895
-74.263
-73.414
-73.291
-73.117
-72.602
-72.396
-72.377
-72.273
-72.328
-72.113
-71.952
-71.903
-71.555
-71.546
-71.408
-71.262
-71.327
-71.354
-71.173
-71.359
-71.126
-71.267
-71.246
