-65.47
-65.305
-65.057
-65.011
-64.635
-64.951
-64.709
-64.411
-64.436
-64.291
-64.16
-64.074
-64.077
-64.132
-64.147
-64.22
-64.274
-64.147
-63.951
-64.066
-64.229
-64.011
-64.032
-63.79
-63.595
-63.503
-63.422
-63.296
-63.33
-62.941
-62.736
-62.753
-62.368
-62.057
-61.971
-61.529
-61.272
-60.858
-60.53
-60.177
-59.565
-59.205
-58.913
-58.913
-58.388
-58.056
-57.953
-57.704
-57.081
-56.736
-56.382
-55.515
-55.207
-54.737
-54.119
-53.352
-52.391
-51.08
-48.824
-45
-45
-45
-45
-45
-45
-45
-45
-45
-45
-45
-45
-45
-45
-47.297
-54.151
-59.979
-64.183
-66.871
-68.971
-70.412
-71.493
-72.187
-72.586
-72.927
-73.469
-73.493
-73.233
-73.203
-73.112
-73.241
-73.268
-73.451
-73.414
-73.479
-73.645
-73.872
-73.716
-73.688
-73.497
-73.57
-73.324
-73.458
-73.18
-73.008
-72.933
-72.863
-72.719
-72.739
-72.707
-72.6
-72.736
-72.808
-73.983
-75.368
-76.437
-77.412
-78.2
-78.634
-78.817
-79.04
-79.021
-79.196
-79.376
-79.464
-79.524
-79.416
-79.357
-79.319
-79.267
-79.13
-79.463
-79.288
-79.249
-79.255
-79.444
-79.428
-79.377
-79.413
-79.717
-79.76
-79.841
-79.55
-79.49
-79.367
-79.184
-79.459
-79.38
-79.48
-79.537
-79.566
-79.575
-79.874
-80.027
-80.045
-79.954
-79.789
-79.396
-79.123
-78.974
-78.82
-78.753
-78.675
-78.376
-78.376
-78.362
-78.603
-78.488
-78.614
-78.529
-78.526
-78.63
-78.931
-78.998
-78.891
-78.796
-79.168
-79.395
-79.436
-79.187
-78.845
-78.787
-78.806
-78.278
-78.009
-77.421
-77.305
-76.882
-76.355
-75.993
-76.285
-76.751
-76.946
-76.959
-77.072
-77.632
-77.621
-77.677
-77.704
-77.979
-78.019
-78.146
-78.154
-77.924
-77.811
-77.827
-77.699
-77.42
-77.448
-77.261
-77.588
-77.612
-77.53
-77.727
-78.008
-77.943
-77.68
-77.538
-77.183
-77.258
-77.217
-77.061
-77.1
-77.188
-77.217
-77.154
-77.296
-77.454
-77.537
-77.678
-77.891
-78.034
-78.455
-78.259
-78.266
-77.696
-77.909
-77.753
-77.884
-77.713
-77.842
-77.716
-77.518
-77.429
-77.786
-77.597
-77.209
-77.063
-76.979
-77.015
-76.542
-76.643
-76.425
-76.436
-76.141
-76.084
-75.979
-76.01
-75.933
-76.176
-76.123
-76.36
-76.617
-76.823
-76.654
-76.357
-76.343
-76.458
-76.341
-76.355
-76.228
-76.159
-76.389
-76.598
-76.845
-77.019
-77.133
-77.379
-77.538
-77.427
-77.543
-77.854
-77.975
-77.877
-78.003
-77.964
-78.041
-77.917
-78.427
-78.613
-78.816
-78.834
-78.894
-79.156
-79.401
-79.383
-79.34
-79.269
-79.247
-79.367
-79.155
-79.05
-78.766
-78.593
-78.446
-78.354
-78.091
-78.241
-78.022
-77.862
-77.798
-77.611
-77.137
-76.901
-76.7
-76.638
-76.234
-76.309
-76.053
-76.16
-76.189
-76.351
-76.025
-76.028
-75.726
-75.6
-75.578
-75.628
-75.821
-76.105
-76.131
-76.306
-76.136
-76.268
-76.441
-76.537
-76.947
-77.248
-77.563
-77.74
-78.129
-78.3
-78.301
-78.497
-78.63
-78.743
-78.881
-79.008
-79.22
-79.349
-79.182
-79.136
-78.917
-78.883
-78.735
-78.613
-78.428
-78.281
-78.264
-78.038
-78.044
-78.048
-78.276
-78.101
-77.742
-77.565
-77.327
-77.119
-76.933
-76.847
-77.103
-77.487
-77.695
-77.973
-78.209
-78.145
-78.304
-78.246
-78.178
-77.96
-78.028
-78.209
-78.058
-78.12
-78.178
-78.487
-78.604
-78.731
-78.451
-78.43
-78.329
-78.404
-78.38
-78.46
-78.364
-78.38
-77.67
-77.207
-76.734
-76.336
-76.223
-76.009
-75.968
-75.833
-75.719
-75.626
-75.557
-75.276
-75.437
-75.526
-75.42
-75.174
-75.248
-75.393
-75.58
-75.646
-75.968
-76.022
-76.22
-76.429
-76.457
-76.689
-76.95
-77.13
-77.279
-77.198
-77.313
-77.374
-77.389
-77.422
-77.581
-77.737
-77.77
-77.967
-77.873
-77.629
-77.718
-77.206
-77.035
-77.121
-77.304
-77.333
-77.253
-77.188
-76.981
-76.401
-75.884
-75.36
-75.029
-74.669
-74.291
-74.059
-73.952
-74.385
-74.401
-74.554
-75.242
-75.45
-75.446
-75.6
-75.709
-75.944
-75.996
-75.983
-76.051
-76.129
-76.38
-76.61
-76.746
-76.9
-76.891
-76.991
-76.962
-77.157
-77.268
-77.287
-77.295
-77.386
-77.629
-77.672
-77.6
-77.639
-77.404
-77.445
-77.499
-77.483
-77.892
-77.84
-78.009
-78.09
-78.154
-78.068
-77.973
-77.74
-77.558
-77.182
-76.872
-76.776
-76.57
-76.767
-76.719
-76.602
-76.629
-76.741
-76.705
-76.771
-77.048
-76.922
-76.971
-76.975
-77.302
-76.911
-77.345
-77.301
-77.076
-77.067
-77.146
-77.073
-77.266
-77.288
-77.16
-77.444
-77.542
-77.507
-77.625
-77.505
-77.454
-77.572
-77.114
-76.558
-75.99
-75.919
-75.428
-75.06
-74.978
-74.559
-74.195
-74.042
-74.028
-74.231
-74.393
-74.266
-74.343
-74.644
-74.858
-74.831
-75.146
-75.304
-75.517
-75.674
-75.687
-75.724
-75.737
-75.792
-75.85
-76.009
-76.104
-76.198
-76.361
-76.35
-76.316
-76.365
-76.326
-76.696
-76.859
-77.035
-77.369
-77.262
-77.107
-77.345
-77.287
-77.236
-77.496
-77.508
-77.551
-77.605
-77.593
-77.707
-77.569
-77.422
-77.405
-76.892
-76.225
-76.052
-75.55
-74.898
-74.35
-74.042
-73.521
-73.524
-73.281
-72.959
-72.77
-73.001
-73.113
-73.466
-74.01
-74.363
-74.393
-74.632
-74.99
-75.096
-75.173
-75.317
-75.612
-75.791
-76.157
-76.41
-76.365
-76.392
-76.57
-76.646
-76.597
-76.429
-76.489
-76.878
-76.844
-76.925
-76.935
-77.264
-77.12
-77.234
-77.054
-77.297
-77.316
-77.503
-77.843
-77.746
-77.578
-77.519
-77.516
-77.153
-76.746
-76.313
-76.076
-75.868
-75.382
-75.199
-75.081
-74.854
-74.985
-74.983
-74.882
-74.765
-74.801
-75.023
-74.956
-74.942
-75.413
-75.521
-75.577
-75.646
-75.534
-75.495
-75.71
-75.958
-76.013
-76.082
-76.465
-76.838
-76.931
-76.985
-77
-76.784
-76.561
-76.619
-76.493
-76.443
-76.341
-76.159
-76.158
-75.986
-76.119
-75.847
-75.991
-76.052
-76.296
-76.441
-76.439
-76.576
-76.715
-76.87
-77.028
-77.195
-77.038
-77.144
-77.126
-77.442
-77.528
-77.399
-77.428
-77.523
-77.607
-77.868
-78.292
-78.455
-78.652
-78.336
-78.525
-78.605
-78.636
-78.43
-78.294
-78.108
-78.261
-78.26
-78.081
-77.914
-77.734
-77.509
-77.38
-77.212
-77.119
-76.784
-76.688
-76.492
-76.55
-76.352
-76.503
-76.465
-76.571
-76.622
-76.639
-76.49
-76.174
-76.248
-76.019
-75.591
-75.584
-75.666
-75.766
-75.778
-75.551
-75.629
-75.511
-75.728
-75.891
-76.056
-76.383
-76.537
-76.654
-76.879
-76.834
-76.943
-77.038
-77.076
-77.158
-77.385
-77.595
-77.739
-77.843
-77.808
-77.909
-77.954
-78.232
-78.315
-78.553
-78.447
-78.412
-78.812
-78.971
-78.581
-78.696
-78.676
-78.679
-78.711
-79.132
-78.857
-78.805
-79.018
-79.137
-79.271
-79.299
-78.999
-78.74
-78.863
-78.885
-79
-79.297
-79.087
-79.154
-79.178
-78.752
-78.857
-79.055
-79.098
-79.115
-79.199
-79.239
-79.281
-79.236
-79.451
-79.401
-79.392
-79.331
-79.353
-79.39
-79.492
-79.437
-79.285
-79.241
-79.462
-79.461
-79.22
-79.409
-79.636
-79.914
-79.673
-79.749
-79.726
-79.936
-80.029
-80.276
-80.132
-80.154
-79.924
-79.517
-79.068
-79.127
-79.257
-79.104
-78.805
-78.815
-78.739
-78.786
-78.869
-78.975
-79.38
-79.35
-79.425
-79.431
-79.752
-79.736
-79.54
-79.746
-79.616
-79.458
-79.656
-79.791
-79.686
-80.08
-80.255
-80.167
-79.885
-79.793
-79.776
-80.058
-80.216
-79.946
-80.074
-80.061
-80.192
-80.14
-80.322
-80.35
-80.265
-80.467
-80.295
-80.077
-80.053
-80.139
-80.366
-80.413
-80.099
-80.006
-79.807
-79.767
-79.797
-79.903
-79.683
-79.883
-80.19
-80.207
-80.062
-79.761
-79.776
-79.781
-79.797
-79.938
-79.865
-79.605
-79.654
-79.904
-80.294
-80.219
-80.199
-80.2
-80.205
-80.455
-80.493
-80.735
-80.694
-80.509
-80.78
-80.836
-81.03
-80.916
-80.612
-80.617
-80.6
-80.558
-80.606
-80.615
-80.468
-80.536
-80.457
-80.18
-80.215
-80.41
-80.442
-80.261
-79.854
-79.818
-79.708
-79.766
-79.896
-80.125
-80.247
-80.47
-80.258
-80.061
-80.034
-79.921
-79.894
-80.016
-79.984
-80.054
-80.359
-80.33
-80.502
-80.76
-80.791
-80.64
-80.759
-80.696
-80.769
-80.871
-81.143
-81.059
-81.018
-81.108
-81.042
-81.183
-81.177
-81.391
-81.173
-81.034
-80.909
-81.352
-81.232
-81.126
-81.028
-81.122
-81.037
-81.034
-80.826
-80.691
-80.927
-81.08
-80.936
-80.895
-80.537
-80.266
-80.215
-80.425
-80.571
-80.491
-80.482
-80.626
-80.882
-80.717
-80.826
-81.084
-81.55
-81.649
-81.816
-81.891
-81.855
-82.025
-81.946
-81.966
-82.008
-81.816
-81.775
-81.746
-81.713
-81.515
-81.351
-81.242
-81.066
-81.083
-81.052
-81.004
-80.967
-81.293
-81.196
-81.317
-81.357
-81.47
-81.229
-81.458
-81.241
