-80.138
-80.34
-80.409
-80.228
-80.377
-80.283
-80.155
-80.176
-80.162
-80.018
-79.85
-79.998
-80.265
-80.394
-80.246
-80.012
-79.944
-80.001
-79.937
-79.862
-79.727
-79.775
-79.638
-79.83
-79.764
-79.982
-80.184
-80.085
-80.07
-80.171
-80.153
-80.245
-80.477
-80.298
-80.371
-80.104
-80.059
-79.981
-79.782
-79.638
-79.746
-79.995
-79.878
-80.024
-80.288
-80.179
-80.038
-79.851
-79.8
-80.18
-80.169
-79.867
-79.849
-80.065
-80.087
-80.165
-79.987
-79.869
-80.121
-79.765
-79.722
-79.787
-79.809
-79.737
-79.879
-79.996
-79.936
-79.884
-79.767
-79.515
-79.969
-80.276
-80.081
-80.077
-80.354
-80.284
-80.301
-80.322
-80.07
-79.815
-79.885
-79.93
-79.772
-79.649
-79.595
-79.784
-79.638
-79.942
-80.095
-80.095
-79.826
-79.756
-79.759
-79.858
-79.914
-79.884
-79.998
-79.961
-79.828
-79.608
-79.818
-79.944
-79.855
-79.733
-79.88
-79.739
-79.611
-79.644
-79.631
-79.631
-79.592
-79.742
-80.026
-79.97
-79.97
-79.982
-79.832
-79.943
-80.177
-79.996
-79.945
-80.072
-80.397
-80.198
-80.283
-80.192
-80.213
-80.081
-79.994
-79.892
-79.883
-79.87
-79.913
-80.05
-79.915
-80.114
-80.283
-80.082
-80.298
-80.171
-80.028
-79.912
-79.899
-80.053
-79.91
-79.472
-79.568
-79.956
-79.748
-79.828
-79.742
-79.69
-79.877
-80.043
-79.781
-80.012
-79.949
-79.968
-80.045
-80.121
-80.264
-80.167
-80.285
-80.281
-80.214
-80.293
-80.287
-80.134
-79.867
-79.999
-80.068
-80.279
-80.482
-80.288
-80.044
-80.3
-80.316
-80.483
-80.351
-80.239
-80.041
-80.217
-80.138
-80.258
-80.271
-80.2
-80.077
-79.764
-79.627
-79.736
-79.811
-79.745
-79.702
-79.918
-79.939
-79.992
-80.036
-80.088
-80.205
-80.206
-79.983
-80.119
-80.146
-79.799
-79.773
-80.047
-79.64
-79.789
-79.722
-79.665
-79.77
-79.639
-79.859
-80.063
-79.818
-79.676
-79.926
-79.83
-79.723
-79.721
-79.639
-79.838
-79.769
-79.955
-80.025
-79.869
-79.956
-79.739
-79.811
-79.766
-79.804
-79.71
-79.564
-79.601
-79.459
-79.751
-79.809
-79.798
-79.773
-79.748
-79.9
-79.896
-80.274
-80.039
-79.989
-80.013
-79.826
-79.846
-80.043
-79.974
-80.044
-79.988
-80.091
-80.351
-80.417
-80.501
-80.812
-80.953
-81.132
-81.395
-81.656
-81.923
-81.614
-81.586
-81.212
-80.862
-80.865
-80.769
-80.668
-80.545
-80.619
-80.344
-80.447
-80.414
-80.445
-80.227
-80.232
-80.299
-80.467
-80.401
-80.514
-80.433
-80.462
-80.499
-80.539
-80.35
-80.476
-80.314
-80.457
-80.676
-80.549
-80.624
-80.634
-80.594
-80.664
-80.658
-80.866
-80.825
-80.669
-80.623
-80.554
-80.493
-80.456
-80.595
-80.425
-80.298
-80.423
-80.585
-80.524
-80.586
-80.608
-80.491
-80.755
-80.393
-80.081
-80.094
-79.81
-79.9
-79.916
-80.146
-80.269
-80.067
-80.319
-80.18
-80.049
-79.958
-80.071
-80.033
-79.899
-79.729
-79.615
-79.657
-79.635
-79.757
-79.597
-79.704
-79.687
-79.665
-79.686
-79.694
-79.555
-79.494
-79.515
-79.764
-79.966
-79.838
-79.934
-79.973
-80.099
-79.808
-79.986
-80.328
-80.416
-80.245
-80.186
-80.134
-80.112
-80.106
-79.986
-80.006
-80.109
-80.125
-80.027
-79.663
-79.904
-79.873
-79.978
-79.717
-79.532
-79.643
-79.759
-79.967
-79.983
-79.938
-79.785
-79.8
-79.741
-79.755
-79.698
-79.483
-79.636
-79.924
-80.171
-80.234
-80.088
-79.97
-79.817
-79.903
-79.663
-79.608
-79.78
-79.734
-79.874
-79.918
-80.125
-79.789
-79.682
-80.006
-79.763
-79.629
-79.804
-79.703
-79.76
-79.705
-79.835
-79.643
-79.918
-80.214
-80.257
-80.4
-80.478
-80.604
-80.86
-80.672
-80.897
-80.997
-81.043
-81.097
-81.34
-81.237
-81.337
-81.38
-81.317
-81.362
-81.241
-81.187
-81.082
-81.13
-81.108
-80.77
-81.035
-80.691
-80.605
-80.74
-80.448
-80.581
-80.647
-80.505
-80.435
-80.587
-80.461
-80.515
-80.328
-80.399
-80.474
-80.296
-80.449
-80.736
-81.025
-80.847
-80.976
-80.85
-81.076
-80.923
-80.853
-80.826
-80.9
-81.094
-80.829
-80.634
-80.567
-80.635
-80.841
-80.608
-80.828
-80.805
-80.846
-80.864
-80.802
-80.885
-81.004
-80.872
-80.984
-80.826
-80.874
-80.868
-80.912
-80.914
-80.644
-80.788
-80.407
-80.308
-80.44
-80.301
-80.182
-80.147
-80.293
-79.951
-80.08
-80.166
-80.1
-80.349
-80.189
-80.278
-80.41
-80.616
-80.633
-80.612
-80.713
-80.628
-80.752
-80.825
-80.922
-80.884
-81.017
-80.68
-80.977
-81.171
-81.113
-81.094
-81.074
-81.151
-81.085
-81.037
-81.19
-80.979
-80.724
-80.587
-80.747
-80.731
-80.696
-80.598
-80.485
-80.478
-80.378
-80.083
-80.296
-80.272
-80.069
-79.874
-79.88
-79.533
-79.505
-79.431
-79.304
-79.315
-79.435
-79.419
-79.371
-78.998
-78.517
-78.132
-77.937
-77.846
-78.227
-78.237
-78.313
-78.16
-78.112
-78.306
-78.423
-78.058
-78.032
-77.886
-77.551
-77.459
-77.396
-77.617
-77.727
-77.8
-77.746
-77.804
-77.735
-77.994
-77.862
-77.672
-77.299
-77.336
-77.145
-77.132
-76.972
-77.104
-77.398
-77.339
-77.494
-77.483
-77.915
-78.056
-77.898
-77.821
-77.719
-77.513
-77.586
-77.59
-77.84
-77.754
-77.538
-77.359
-77.345
-77.425
-77.639
-77.545
-77.772
-77.76
-77.672
-77.642
-77.6
-77.591
-77.729
-78.107
-78.303
-78.487
-78.772
-78.855
-78.789
-78.722
-78.839
-78.786
-78.157
-78.345
-77.982
-77.745
-77.723
-77.396
-77.182
-77.08
-76.715
-76.283
-76.036
-76.006
-75.652
-75.558
-75.254
-74.933
-74.716
-74.39
-74.127
-73.728
-73.774
-73.55
-73.318
-73.066
-72.86
-72.86
-72.977
-72.864
-72.714
-72.711
-72.404
-72.247
-72.359
-72.483
-72.452
-72.424
-72.525
-72.346
-72.487
-72.42
-72.411
-72.532
-72.345
-72.391
-72.096
-71.998
-71.817
-71.98
-71.915
-71.697
-71.702
-71.641
-71.19
-71.085
-70.996
-71.163
-71.441
-71.312
-71.11
-71.19
-71.373
-71.322
-71.135
-71.241
-71.116
-71.207
-71.196
-70.945
-70.951
-71.113
-70.986
-71.012
-70.702
-70.494
-70.505
-70.829
-70.994
-71.056
-71.099
-70.888
-70.855
-71.095
-71.115
-71.386
-71.384
-71.406
-71.521
-71.39
-71.152
-71.069
-71.093
-71.223
-71.106
-71.202
-71.345
-71.231
-71.113
-71.103
-71.185
-71.194
-71.324
-71.044
-71.004
-70.844
-70.648
-70.681
-70.726
-70.93
-70.831
-70.892
-70.992
-71.109
-71.096
-71.238
-71.308
-71.126
-71.152
-71.069
-71.287
-71.24
-71.198
-71.032
-71.179
-71.159
-71.011
-71.015
-71.011
-71.222
-71.296
-71.594
-71.717
-71.377
-71.469
-71.397
-71.342
-71.166
-71.283
-71.126
-71.226
-71.067
-70.927
-71.121
-70.774
-70.781
-70.984
-71.035
-71.264
-71.392
-71.335
-71.083
-71.349
-71.275
-71.463
-71.442
-71.371
-71.201
-71.253
-71.321
-71.105
-70.956
-71.298
-71.131
-71.217
-71.318
-71.348
-71.649
-71.444
-71.42
-71.288
-71.284
-71.3
-71.24
-71.436
-71.35
-71.321
-71.766
-71.695
-71.874
-71.974
-72.067
-72.117
-72.112
-71.73
-71.875
-71.865
-71.769
-71.933
-71.85
-71.833
-71.984
-72.013
-72.188
-72.089
-72.704
-72.477
-72.493
-72.706
-72.776
-72.812
-72.795
-72.846
-73.056
-73.107
-73.171
-73.521
-73.5
-73.371
-73.283
-73.415
-73.286
-73.669
-73.462
-73.471
-73.177
-73.294
-73.173
-73.091
-73.127
-73.077
-73.216
-73.171
-73.229
-73.118
-73.22
-73.251
-73.253
-73.255
-73.11
-72.935
-72.71
-72.679
-72.732
-72.837
-72.725
-72.917
-72.74
-72.887
-72.707
-72.572
-72.518
-72.644
-72.479
-72.407
-72.056
-71.943
-72.051
-71.907
-71.698
-71.675
-71.568
-71.523
-71.451
-71.624
-71.38
-71.595
-71.93
-72.029
-72.103
-72.316
-72.416
-72.117
-72.169
-72.295
-72.131
-72.143
-72.307
-72.489
-72.443
-72.737
-72.765
-72.629
-72.616
-72.586
-72.158
-72.005
-71.976
-71.997
-72.079
-72.189
-72.389
-72.508
-72.601
-72.475
-72.098
-71.837
-71.946
-72.014
-71.73
-71.8
-71.808
-72.151
-71.955
-72.116
-72.088
-72.221
-72.216
-71.905
-71.809
-72.017
-71.947
-71.958
-71.907
-72.116
-72.044
-72.095
-72.149
-71.898
-71.553
-71.507
-71.24
-71.161
-71.042
-70.818
-70.756
-70.582
-70.541
-70.712
-70.809
-70.638
-70.738
-70.647
-70.834
-71.214
-71.27
-71.23
-71.378
-71.216
-71.153
-71.308
-71.265
-71.359
-71.583
-71.424
-71.583
-71.461
-71.519
-71.734
-71.498
-71.422
-71.669
-71.659
-71.557
-71.524
-71.717
-71.796
-71.436
-71.348
-71.248
-71.066
-70.958
-70.899
-70.978
-71.113
-71.374
-71.791
-71.699
-71.672
-71.6
-71.481
-71.353
-71.282
-71.319
-71.6
-71.757
-71.942
-72.062
-71.85
-71.917
-72.157
-72.162
-71.885
-71.994
-71.973
-71.821
-71.619
-71.449
-71.476
-71.409
-70.987
-71.041
-70.908
-70.846
-70.857
-70.944
-70.919
-70.91
-70.698
-70.47
-70.582
-70.912
-70.703
-70.809
-70.686
