-79.02
-78.857
-78.911
-78.983
-79.215
-79.093
-79.204
-79.24
-79.324
-79.334
-79.64
-79.783
-79.637
-79.565
-79.593
-79.592
-79.738
-79.617
-79.877
-79.901
-79.958
-79.797
-79.442
-79.436
-79.203
-79.273
-79.399
-79.378
-79.334
-79.587
-79.493
-79.369
-79.299
-79.248
-79.272
-79.37
-79.62
-79.751
-79.64
-79.714
-79.825
-79.908
-79.841
-80.199
-80.157
-80.363
-80.176
-80.009
-80.32
-80.318
-80.145
-80.143
-79.825
-79.807
-79.608
-79.417
-79.707
-79.637
-79.595
-79.983
-79.988
-79.868
-79.932
-79.904
-80.07
-80.253
-80.356
-80.458
-80.538
-80.63
-80.615
-80.627
-80.668
-80.846
-80.647
-80.976
-80.958
-80.862
-81.005
-80.771
-80.69
-80.529
-80.118
-80.002
-79.968
-79.851
-79.819
-79.573
-79.375
-79.356
-79.13
-79.138
-79.042
-79.192
-79.229
-79.136
-79.108
-78.942
-78.876
-78.896
-78.811
-78.62
-78.831
-78.581
-78.557
-78.245
-77.971
-77.771
-77.766
-77.871
-77.678
-77.702
-77.827
-77.854
-77.775
-78.123
-78.096
-77.894
-78.184
-77.94
-78.032
-77.822
-77.728
-77.934
-77.929
-77.809
-77.636
-77.703
-77.555
-78.018
-77.842
-77.591
-77.668
-77.72
-77.825
-77.761
-77.642
-77.581
-77.453
-77.325
-77.144
-76.929
-77.13
-77.277
-77.164
-77.337
-77.109
-76.914
-77.219
-77.128
-77.23
-77.537
-77.524
-77.514
-77.459
-77.603
-77.925
-78.11
-78.669
-78.586
-78.64
-78.645
-78.611
-78.499
-78.235
-78.409
-78.277
-78.216
-77.978
-78.124
-78.171
-78.33
-78.428
-78.551
-78.326
-78.478
-78.43
-78.431
-78.355
-78.422
-78.559
-78.794
-78.831
-78.739
-78.948
-79.146
-79.05
-79.062
-79.179
-79.529
-79.494
-79.803
-79.838
-80.183
-80.4
-80.308
-80.284
-80.396
-80.371
-80.546
-80.71
-80.353
-80.237
-79.81
-79.612
-79.748
-79.654
-79.7
-79.519
-79.416
-79.42
-79.408
-79.254
-79.24
-79.094
-79.527
-79.512
-79.543
-79.476
-79.509
-79.38
-79.403
-79.197
-79.582
-79.533
-79.575
-79.775
-79.771
-79.887
-79.789
-79.572
-79.544
-79.482
-79.522
-79.725
-79.845
-79.537
-79.569
-79.645
-79.765
-79.789
-79.782
-79.922
-79.867
-79.838
-79.624
-79.74
-79.948
-79.923
-80.001
-80.061
-79.836
-79.872
-79.754
-79.418
-79.361
-79.307
-79.562
-79.44
-79.533
-79.608
-79.608
-79.514
-79.22
-78.98
-79.252
-79.408
-79.101
-79.298
-79.326
-79.3
-79.26
-78.93
-79.067
-79.064
-78.823
-78.71
-78.715
-78.946
-79.284
-79.624
-79.582
-79.583
-79.768
-79.542
-79.698
-79.602
-79.63
-79.722
-79.282
-79.167
-79.129
-78.903
-78.609
-78.74
-78.877
-78.68
-78.624
-78.602
-78.653
-78.727
-78.672
-78.77
-78.65
-79.029
-79.03
-79
-78.903
-78.923
-78.986
-78.708
-78.572
-78.542
-78.344
-78.29
-78.42
-78.423
-78.3
-78.647
-78.48
-78.635
-78.523
-78.353
-78.151
-77.914
-78.211
-77.926
-78.278
-78.26
-78.33
-78.366
-77.914
-77.996
-78.148
-78.215
-78.342
-78.051
-78.004
-78.226
-78.197
-78.309
-78.322
-78.488
-78.388
-78.657
-78.698
-78.726
-78.835
-79.31
-79.158
-79.05
-78.845
-78.677
-78.609
-78.481
-78.514
-78.643
-78.621
-78.747
-78.904
-78.717
-78.551
-78.397
-78.628
-78.678
-78.507
-78.451
-78.223
-78.043
-78.28
-78.191
-78.094
-78.066
-78.121
-78.185
-77.924
-77.865
-77.831
-77.78
-77.782
-78.024
-78.086
-78.173
-78.282
-78.209
-77.914
-78.011
-78.162
-78.169
-78.033
-77.967
-77.916
-77.824
-77.652
-77.704
-77.871
-77.931
-77.682
-77.691
-77.688
-77.712
-77.73
-77.315
-77.343
-77.206
-77.246
-77.127
-77.223
-77.133
-77.143
-77.244
-77.336
-77.313
-77.278
-77.127
-76.949
-77.073
-77.241
-77.013
-76.737
-76.716
-76.621
-76.448
-76.474
-76.346
-76.441
-76.463
-76.88
-77.165
-77.248
-77.166
-77.422
-77.467
-77.484
-77.469
-77.593
-77.569
-77.655
-78.028
-78.529
-78.968
-79.603
-79.77
-79.82
-79.82
-80
-80.041
-80.012
-79.903
-79.915
-80.127
-79.973
-79.823
-79.851
-79.818
-80.049
-80.031
-79.947
-80.035
-79.833
-79.875
-79.916
-80.095
-80.001
-80.049
-80.153
-80.167
-80.08
-79.962
-80.01
-80.183
-80.27
-80.274
-80.188
-80.172
-80.246
-80.114
-80.018
-80.098
-79.977
-79.914
-80.037
-80.137
-80.104
-79.951
-79.831
-79.816
-79.651
-79.682
-79.88
-79.814
-79.712
-79.529
-79.482
-79.818
-80.045
-79.765
-79.678
-79.412
-79.517
-79.676
-79.646
-79.476
-79.519
-79.759
-79.982
-80.005
-80.034
-80.002
-79.952
-79.855
-79.947
-79.899
-80.011
-80.02
-80.08
-80.174
-80.183
-80.244
-80.107
-80.045
-80.095
-80.025
-79.708
-79.724
-79.707
-79.756
-80.011
-79.961
-80.014
-79.891
-79.822
-79.932
-79.894
-80.264
-80.109
-80.042
-79.711
-79.737
-79.704
-79.928
-80.116
-80.244
-80.072
-79.91
-80.137
-80.169
-79.964
-79.912
-80.198
-80.165
-80.344
-80.256
-80.237
-80.26
-80.322
-80.024
-80.146
-80.067
-80.236
-80.295
-80.28
-80.278
-80.359
-80.354
-80.41
-80.497
-80.447
-80.42
-80.131
-80.32
-80.209
-80.316
-80.276
-80.168
-80.21
-80.213
-79.964
-79.876
-79.503
-79.576
-79.452
-79.296
-79.172
-79.013
-78.976
-78.892
-78.709
-78.8
-78.871
-78.95
-79.161
-79.155
-79.175
-79.066
-78.96
-79.37
-79.187
-78.986
-78.88
-79.136
-79.219
-79.567
-79.727
-79.59
-79.502
-79.609
-79.584
-79.473
-79.535
-79.653
-79.588
-79.51
-79.898
-79.956
-80.075
-79.834
-79.842
-79.69
-79.762
-79.825
-79.818
-80.041
-79.915
-79.726
-79.637
-79.415
-79.405
-79.469
-79.222
-79.285
-79.387
-79.217
-79.309
-79.332
-79.159
-79.211
-79.137
-79.351
-79.542
-79.688
-79.873
-79.786
-79.744
-79.417
-79.239
-79.231
-79.057
-79.117
-79.38
-79.379
-79.05
-79.004
-79.359
-79.331
-79.209
-79.107
-79.033
-79.324
-79.2
-79.164
-79.278
-79.29
-79.401
-79.083
-79.186
-79.148
-79.243
-79.152
-79.213
-79.322
-79.149
-79.04
-79.256
-79.168
-79.233
-79.267
-79.451
-79.349
-79.166
-79.557
-80.092
-80.12
-79.808
-79.773
-79.85
-79.965
-80.062
-80.242
-80.121
-80.215
-80.444
-80.405
-80.281
-80.1
-80.257
-80.36
-80.288
-80.029
-80.116
-80.3
-80.349
-80.27
-80.435
-80.28
-80.282
-80.241
-80.322
-80.339
-80.504
-80.541
-80.395
-80.515
-80.201
-80.112
-80.099
-79.984
-79.854
-79.711
-79.989
-79.846
-79.859
-80.106
-80.028
-79.984
-80.008
-80.157
-79.883
-79.792
-80.086
-80.043
-80.201
-80.233
-80.049
-80.165
-80.05
-79.898
-79.75
-79.605
-79.601
-79.543
-79.865
-79.932
-80.181
-80.257
-80.271
-80.234
-80.505
-80.497
-80.658
-80.553
-80.709
-80.818
-80.805
-80.647
-80.791
-80.894
-80.669
-80.504
-80.262
-80.246
-80.464
-80.59
-80.522
-80.32
-80.479
-80.283
-80.296
-80.292
-80.431
-80.266
-80.246
-80.268
-80.365
-80.408
-80.178
-80.113
-79.874
-79.806
-79.88
-79.751
-79.992
-79.936
-79.805
-79.825
-79.593
-79.624
-79.378
-79.41
-79.534
-79.504
-79.314
-79.252
-79.217
-79.485
-79.781
-79.716
-79.58
-79.618
-79.469
-79.396
-79.369
-79.226
-79.367
-79.76
-79.843
-79.61
-79.428
-79.77
-79.678
-79.935
-79.691
-79.511
-79.521
-79.376
-79.147
-79.275
-78.861
-78.834
-78.947
-79.228
-78.948
-78.981
-79.069
-79.288
-79.467
-79.261
-79.134
-79.141
-79.101
-79.005
-78.994
-78.929
-79.181
-79.278
-79.301
-79.231
-78.92
-78.666
-78.716
-78.81
-78.765
-78.684
-78.669
-78.538
-78.62
-78.466
-78.497
-78.736
-78.507
-78.502
-78.524
-78.309
-78.332
-78.026
-77.973
-77.836
-77.871
-78.004
-77.875
-77.587
-77.641
-77.593
-77.361
-77.367
-77.32
-77.453
-77.451
-77.564
-77.672
-77.532
-77.39
-77.463
-77.549
-77.797
-77.828
-77.905
-78.193
-78.352
-78.023
-77.644
-77.77
-78.032
-77.955
-78.048
-77.901
-77.693
-77.603
-77.445
-77.708
-77.956
-78.132
-78.019
-78.075
-77.914
-78.13
-77.841
-77.867
-77.922
-77.906
-78.086
-78.022
-78.216
-78.291
-78.517
-78.291
-78.153
-78.419
-78.472
-78.766
-78.828
-78.7
-78.628
-78.671
-79.01
-78.959
-78.885
-78.836
-79.078
-79.208
-79.229
-79.295
-78.959
-78.94
-79.158
-78.834
-78.824
-78.981
-79.073
-79.177
-79.106
-78.721
-78.395
-78.008
-77.864
-77.703
-77.192
-77.014
-76.534
-76.173
-75.826
-75.695
-75.475
-75.258
-75.026
-74.667
-74.584
-74.522
-74.079
-73.846
-73.758
-73.414
-73.242
-72.959
-72.341
-72.21
-72.25
-71.987
-71.687
-71.765
-71.735
-71.471
-71.45
-71.338
-71.457
-71.093
-70.923
-70.775
-70.407
-70.218
-70.429
-70.419
-70.101
-69.971
-69.918
-69.913
-70.09
-69.987
-69.607
-69.52
-69.693
-69.502
-69.469
-69.659
-69.603
-69.694
-69.945
-69.924
-70.119
-70.028
-70.112
-70.33
-70.308
-70.329
-70.25
-70.121
-69.886
-69.925
-69.964
-69.709
-70.164
