-81.639
-81.558
-81.826
-81.586
-81.705
-81.561
-81.332
-81.159
-81.193
-81.399
-81.352
-81.176
-81.248
-81.031
-80.978
-80.916
-81.155
-81.297
-81.396
-81.532
-81.432
-81.718
-81.802
-81.615
-81.81
-81.759
-81.887
-81.774
-81.725
-81.427
-81.327
-81.229
-81.304
-81.245
-81.07
-80.877
-81.034
-81.197
-81.241
-81.581
-81.463
-81.199
-81.122
-81.092
-81.098
-80.936
-80.727
-80.76
-80.889
-80.746
-80.86
-80.834
-80.614
-80.645
-80.511
-80.647
-80.845
-81.074
-80.901
-80.979
-80.911
-80.994
-80.997
-81.075
-80.967
-81.212
-81.216
-81.145
-80.972
-81.187
-81.057
-81.041
-81.068
-81.052
-81.153
-81.114
-80.99
-80.841
-80.734
-80.58
-80.491
-80.387
-80.443
-80.432
-80.534
-80.518
-80.599
-80.727
-80.614
-80.871
-81.206
-81.277
-81.537
-81.42
-81.534
-81.614
-81.544
-81.664
-81.602
-81.608
-81.529
-81.518
-81.376
-80.95
-80.595
-80.41
-80.522
-80.399
-80.198
-80.276
-80.095
-79.954
-80.02
-79.735
-79.854
-79.877
-79.757
-80.057
-80.119
-80.065
-79.842
-79.76
-79.611
-79.4
-79.695
-79.398
-79.563
-79.671
-79.668
-79.258
-79.229
-78.953
-78.895
-79.129
-79.114
-79.118
-78.837
-79.143
-79.171
-78.861
-78.603
-78.408
-78.542
-78.314
-78.149
-78.373
-78.36
-78.349
-78.334
-78.166
-78.251
-78.078
-77.896
-77.555
-77.432
-77.329
-77.627
-77.332
-77.45
-77.339
-77.538
-77.588
-77.298
-77.287
-77.433
-77.565
-77.371
-77.323
-77.006
-77.264
-77.447
-77.139
-77.219
-77.244
-77.216
-77.082
-77.051
-77.143
-76.978
-76.778
-76.699
-76.514
-76.432
-76.371
-76.635
-76.947
-77.173
-77.126
-76.923
-76.834
-76.584
-76.571
-76.446
-76.336
-76.234
-76.36
-76.463
-76.417
-76.472
-76.504
-76.68
-76.846
-76.787
-76.728
-76.839
-76.802
-76.659
-76.803
-76.921
-76.872
-76.784
-76.976
-76.719
-76.758
-76.857
-76.789
-76.714
-76.757
-76.657
-76.531
-76.482
-76.741
-76.909
-76.818
-77.361
-77.26
-77.228
-77.143
-77.082
-77.134
-77.158
-77.005
-77.016
-76.864
-77.058
-77.174
-76.887
-76.674
-76.597
-76.455
-76.214
-76.431
-76.518
-76.216
-76.393
-76.27
-76.103
-75.879
-75.916
-76.037
-75.866
-75.907
-75.974
-75.735
-75.674
-75.586
-75.643
-75.871
-75.829
-75.862
-75.868
-75.795
-76.059
-75.877
-75.924
-75.809
-75.826
-75.725
-75.477
-75.525
-75.46
-75.802
-75.903
-75.585
-75.435
-75.266
-75.081
-75.171
-75.082
-75.106
-75.047
-75.317
-75.403
-75.57
-75.323
-75.557
-75.626
-75.222
-75.236
-75.01
-75.161
-75.215
-75.217
-75.549
-75.716
-75.621
-75.657
-75.612
-75.411
-75.232
-75.396
-75.245
-75.442
-75.212
-75.199
-75.091
-75.106
-74.977
-74.922
-74.677
-74.36
-74.404
-74.536
-74.444
-74.404
-74.421
-75.028
-75.08
-75.248
-75.302
-75.129
-75.36
-75.464
-75.356
-75.331
-75.356
-75.321
-75.169
-75.296
-75.378
-75.383
-75.241
-75.335
-75.261
-75.373
-75.228
-75.241
-75.012
-74.931
-75.034
-75.042
-74.951
-74.822
-74.575
-74.413
-74.273
-74.259
-74.303
-74.267
-74.299
-74.09
-74.185
-74.275
-74.339
-74.583
-74.838
-74.543
-74.247
-74.305
-74.334
-74.347
-74.526
-74.786
-74.709
-74.622
-74.756
-74.888
-74.817
-74.785
-75.227
-75.228
-75.05
-75.322
-75.304
-75.304
-75.015
-75.237
-75.512
-75.633
-75.559
-75.585
-75.707
-75.816
-75.911
-76.086
-76.075
-75.933
-75.843
-75.987
-76.069
-76.209
-76.299
-76.486
-76.487
-76.544
-76.443
-76.254
-76.218
-76.392
-76.302
-76.301
-76.37
-76.492
-76.403
-76.822
-76.756
-76.565
-76.325
-76.287
-76.636
-76.753
-76.579
-76.521
-76.285
-76.305
-76.263
-76.14
-76.419
-76.152
-76.01
-75.714
-75.577
-75.442
-75.563
-75.065
-75.286
-75.364
-75.277
-75.262
-75.05
-75.048
-75.282
-75.223
-75.577
-75.524
-75.411
-75.474
-75.221
-75.424
-75.032
-74.887
-75.08
-75.185
-75.116
-75.234
-75.13
-75.077
-75.02
-74.928
-74.772
-74.504
-74.285
-74.316
-74.308
-74.359
-74.134
-73.919
-74.08
-74.29
-74.427
-74.568
-74.732
-74.757
-74.758
-74.934
-74.667
-74.426
-74.552
-74.509
-74.094
-74.13
-74.057
-74.075
-74.08
-73.966
-73.66
-73.945
-73.857
-73.682
-73.62
-73.451
-73.51
-73.721
-73.722
-74.321
-75.086
-76.623
-77.822
-78.468
-78.89
-79.487
-79.775
-79.836
-79.879
-79.938
-80.039
-80.003
-80.059
-79.941
-80.058
-80.184
-80.156
-80.217
-80.176
-80.126
-79.715
-79.841
-79.847
-79.733
-79.898
-79.852
-79.899
-79.896
-79.923
-80.092
-80.083
-79.974
-80.08
-79.979
-79.952
-79.971
-79.683
-79.521
-79.455
-79.256
-79.129
-79.308
-79.226
-79.196
-78.97
-78.805
-78.954
-78.966
-78.968
-79.163
-79.096
-79.339
-79.286
-79.226
-79.215
-79.164
-79.287
-79.476
-79.262
-79.337
-79.448
-79.371
-79.415
-79.239
-79.392
-79.631
-79.709
-79.809
-79.688
-79.708
-79.894
-79.917
-79.736
-79.693
-79.473
-79.781
-79.735
-79.581
-79.738
-79.541
-79.661
-79.868
-79.829
-80.008
-80.011
-79.888
-79.615
-79.84
-79.729
-79.933
-79.96
-79.99
-79.995
-79.691
-79.739
-79.671
-79.691
-79.28
-79.384
-79.329
-79.672
-79.711
-79.796
-79.531
-79.608
-79.755
-79.354
-79.561
-79.394
-79.133
-79.34
-79.158
-79.249
-79.198
-79.115
-79.283
-79.234
-79.464
-79.578
-79.712
-79.935
-79.539
-79.748
-79.6
-79.457
-79.641
-79.541
-79.633
-79.411
-79.643
-79.63
-79.429
-79.46
-79.553
-79.786
-79.906
-79.903
-79.735
-79.822
-79.796
-79.761
-79.674
-79.484
-79.95
-80.057
-80.3
-79.961
-80.048
-79.998
-79.953
-80.161
-80.02
-80.015
-80.036
-80.156
-80.093
-80.163
-79.96
-80.221
-79.958
-79.923
-79.605
-79.711
-80.077
-80.048
-79.994
-80.031
-80.054
-80.122
-80.011
-80.061
-79.895
-80.247
-79.901
-80.034
-80.041
-80.032
-80.188
-80.223
-79.978
-79.896
-79.818
-79.836
-80.143
-80.085
-79.998
-79.886
-79.932
-80.048
-79.968
-80.173
-79.95
-80.01
-80.255
-80.293
-80.228
-80.354
-80.211
-80.042
-79.933
-80.164
-80.275
-80.41
-80.421
-80.281
-79.989
-80.055
-80.061
-80.08
-80.026
-79.847
-79.869
-79.809
-79.98
-80.211
-80.175
-80.317
-80.293
-80.326
-80.321
-80.352
-80.325
-80.326
-80.563
-80.637
-80.43
-80.552
-80.495
-80.355
-80.262
-80.243
-80.047
-80.001
-79.851
-80.08
-80.494
-80.361
-80.038
-79.862
-79.79
-80.037
-79.959
-79.83
-79.818
-79.411
-79.623
-79.672
-79.679
-79.767
-79.661
-79.779
-79.715
-79.563
-79.551
-79.609
-79.654
-79.745
-79.944
-80.27
-80.051
-79.933
-79.984
-79.841
-79.834
-80.058
-79.839
-79.862
-79.631
-79.867
-79.983
-80.123
-80.237
-80.035
-80.023
-80.216
-80.088
-79.803
-79.862
-79.933
-80.074
-79.945
-79.901
-79.92
-80.001
-79.832
-80.11
-80.289
-80.48
-80.263
-80.249
-80.244
-80.644
-80.644
-80.557
-80.756
-80.764
-80.927
-80.902
-80.739
-80.551
-80.555
-80.487
-80.076
-80.377
-80.604
-80.702
-80.448
-80.524
-80.452
-80.006
-80.049
-80.038
-80.35
-80.206
-80.08
-79.943
-79.724
-79.774
-79.9
-79.913
-79.921
-79.654
-79.828
-79.831
-79.978
-79.9
-79.396
-79.397
-79.337
-79.441
-79.446
-79.752
-79.793
-79.75
-79.89
-79.705
-79.893
-79.917
-79.747
-79.83
-79.938
-80.115
-80.088
-79.942
-79.799
-79.79
-79.653
-79.939
-79.703
-79.803
-79.717
-79.648
-79.627
-79.559
-79.343
-79.115
-79.237
-79.476
-79.623
-79.531
-79.476
-79.611
-79.513
-79.737
-79.929
-79.986
-79.741
-79.854
-80.052
-79.929
-80.007
-79.862
-80.004
-79.774
-79.737
-79.815
-79.666
-79.674
-79.656
-79.821
-79.762
-79.671
-79.769
-79.828
-79.79
-79.533
-79.224
-79.27
-79.259
-79.197
-79.11
-78.98
-78.836
-78.955
-79.006
-79.304
-79.15
-79.357
-79.356
-79.558
-79.622
-79.341
-79.271
-79.238
-79.194
-79.17
-79.263
-79.405
-79.36
-79.53
-79.272
-79.543
-79.604
-79.383
-79.9
-79.812
-79.677
-79.755
-79.994
-80.023
-80.049
-79.883
-79.896
-79.735
-79.663
-79.894
-80.033
-80.012
-79.965
-80.085
-80.437
-80.341
-80.249
-80.444
-80.295
-80.309
-80.275
-80.243
-80.29
-80.136
-80.275
-80.543
-80.504
-80.342
-80.352
-80.682
-80.802
-80.656
-80.541
-80.195
-80.198
-80.036
-79.673
-79.971
-79.684
-79.643
-79.675
-79.445
-79.651
-79.432
-79.574
-79.793
-79.745
-79.7
-79.687
-79.473
-79.606
-79.359
-79.205
-79.169
-79.302
-79.307
-79.239
-79.224
-79.145
-79.36
-79.307
-78.972
-78.625
-78.781
-78.514
-78.35
-78.323
-78.308
-78.415
-78.541
-78.631
-78.905
-78.641
-79.03
-79.162
-79.477
-79.419
-79.468
-79.427
-79.435
-79.466
-79.514
-79.687
-79.641
-79.448
-79.651
-79.921
-79.835
-79.684
-79.77
-80.1
-79.89
-79.942
-80.082
-80.13
-80.095
-79.737
-79.598
-79.337
-79.084
