-80.724
-80.456
-80.433
-80.279
-80.357
-80.34
-80.539
-80.261
-80.222
-80.333
-80.23
-80.254
-80.16
-80.364
-80.301
-80.395
-80.407
-80.313
-80.11
-80.209
-80.352
-80.218
-80.129
-80.041
-80.035
-80.15
-80.124
-80.219
-80.28
-80.255
-80.027
-80.089
-80.013
-79.66
-80.073
-80.222
-80.238
-80.637
-80.882
-81.118
-81.053
-81.31
-81.138
-80.859
-80.886
-80.919
-80.924
-80.918
-80.81
-80.745
-80.735
-81.058
-81.149
-81.141
-81.431
-81.659
-81.578
-81.332
-81.333
-81.15
-80.939
-81.135
-81.095
-81.233
-81.178
-81.035
-80.938
-80.896
-80.836
-80.788
-80.75
-80.846
-80.747
-80.814
-80.799
-80.778
-80.68
-80.177
-80
-79.742
-79.967
-79.918
-79.92
-79.973
-80.048
-80.025
-80.11
-80.246
-79.992
-80.329
-80.057
-79.83
-79.592
-79.603
-79.259
-79.223
-79.205
-79.221
-79.336
-79.598
-79.703
-79.595
-79.771
-79.708
-79.802
-79.715
-79.577
-79.392
-79.228
-78.941
-78.997
-79.085
-79.159
-78.934
-79.106
-78.948
-78.763
-78.978
-79.187
-79.42
-79.6
-79.679
-79.725
-79.619
-79.693
-79.642
-79.321
-79.262
-79.112
-79.029
-79.083
-78.886
-78.527
-78.674
-78.559
-78.772
-78.627
-78.268
-77.974
-77.709
-77.415
-77.305
-77.259
-77.322
-77.218
-76.885
-77.092
-77.245
-77.094
-76.755
-76.422
-76.486
-76.274
-76.373
-76.48
-76.482
-76.822
-76.748
-76.823
-76.701
-76.663
-76.858
-76.37
-76.743
-76.599
-76.552
-76.807
-76.814
-76.897
-76.976
-76.904
-76.783
-76.638
-76.596
-76.582
-76.943
-77.341
-77.533
-77.516
-77.662
-77.881
-77.749
-78.008
-78.153
-78.343
-78.268
-78.053
-78.164
-78.139
-78.15
-78.175
-78.212
-78.11
-78.119
-78.248
-78.25
-78.278
-78.522
-78.428
-78.358
-78.433
-78.6
-78.58
-78.308
-78.414
-78.329
-78.274
-78.614
-78.506
-78.64
-78.603
-78.655
-78.692
-78.81
-78.844
-78.801
-79.122
-78.95
-78.961
-78.946
-78.706
-78.79
-78.94
-78.913
-78.875
-78.602
-78.594
-78.414
-78.476
-78.588
-78.596
-78.708
-78.803
-79.087
-78.755
-78.718
-78.463
-78.36
-78.109
-78.053
-77.951
-77.882
-77.763
-77.827
-77.577
-77.744
-77.493
-77.432
-77.749
-77.464
-77.674
-77.963
-78.251
-78.258
-78.311
-78.126
-78.219
-77.904
-77.906
-77.916
-77.729
-77.837
-77.841
-77.811
-77.8
-77.763
-77.616
-77.894
-77.618
-77.659
-77.775
-77.668
-77.674
-77.701
-77.606
-77.585
-77.774
-77.841
-77.714
-77.834
-77.808
-77.716
-77.682
-77.889
-77.839
-77.915
-78.024
-78.15
-78.164
-77.93
-77.762
-77.757
-77.93
-78.227
-78.331
-78.161
-78.216
-78.142
-78.03
-78.502
-78.659
-78.815
-79.08
-79.116
-79.178
-79.23
-79.377
-79.627
-79.41
-79.331
-79.174
-79.342
-79.559
-79.56
-79.699
-79.925
-80.079
-80.125
-80.275
-80.155
-80.465
-80.134
-80.043
-80.229
-80.304
-80.193
-80.087
-80.06
-80.181
-80.089
-79.576
-79.692
-79.79
-79.717
-79.743
-79.717
-79.445
-79.512
-79.346
-79.399
-79.202
-79.391
-79.516
-79.726
-79.469
-79.569
-79.293
-79.322
-79.371
-79.449
-79.308
-79.685
-79.708
-79.525
-79.672
-79.953
-80.142
-79.868
-79.995
-80.089
-80.107
-80.096
-79.917
-79.892
-79.715
-79.917
-79.707
-79.732
-79.659
-79.682
-79.748
-79.779
-79.903
-80.143
-80.271
-79.925
-80.016
-80.128
-80.064
-80.093
-80.131
-79.961
-79.747
-79.794
-79.91
-79.675
-79.808
-79.803
-80.047
-80.116
-80.308
-80.289
-80.175
-80.199
-80.235
-79.962
-79.97
-79.809
-79.873
-80.019
-80.149
-80.117
-79.992
-79.976
-79.837
-79.838
-79.828
-79.799
-79.6
-79.901
-79.758
-79.907
-79.748
-79.528
-79.557
-79.626
-79.881
-79.899
-80.167
-80.112
-80.172
-80.256
-80.328
-80.24
-80.402
-80.352
-80.323
-80.247
-80.327
-80.033
-79.821
-80.014
-80.113
-80.001
-80.019
-80.064
-80.288
-80.392
-80.413
-80.086
-80.131
-80.064
-80.129
-80.106
-79.837
-79.892
-79.918
-79.902
-79.929
-79.89
-80.316
-80.557
-80.586
-80.445
-80.213
-80.136
-80.317
-80.257
-80.168
-80.313
-80.365
-80.257
-80.149
-79.921
-79.855
-79.826
-79.938
-79.874
-80.288
-80.181
-80.057
-79.951
-80.226
-80.016
-79.928
-79.756
-79.515
-79.483
-79.407
-79.343
-79.688
-79.645
-79.717
-79.831
-80.129
-80.153
-80.067
-80.053
-80.032
-79.884
-80.032
-80.031
-80.106
-79.889
-79.736
-79.867
-79.811
-79.641
-79.62
-79.676
-79.57
-79.422
-79.273
-79.434
-79.701
-79.796
-79.673
-79.679
-79.644
-79.637
-79.783
-79.931
-80.022
-80.146
-80.063
-80.169
-80.018
-80.128
-80.016
-80.044
-79.992
-79.932
-79.736
-79.586
-79.568
-79.552
-79.443
-79.374
-79.191
-79.411
-79.508
-79.88
-79.887
-79.808
-79.803
-79.803
-79.857
-79.965
-79.92
-79.723
-79.789
-79.918
-80.06
-80.037
-79.836
-79.975
-80.194
-80.445
-80.349
-80.299
-80.329
-80.063
-80.217
-80.078
-79.785
-79.711
-80.058
-79.796
-79.967
-80.189
-79.96
-80.086
-79.818
-79.807
-80.053
-80.181
-80.23
-80.03
-80.219
-80.538
-80.458
-80.554
-80.656
-80.694
-80.635
-80.766
-80.785
-80.53
-80.594
-80.513
-80.476
-80.54
-80.546
-80.434
-80.263
-80.134
-80.417
-80.33
-80.244
-80.229
-80.103
-79.786
-79.526
-79.542
-79.571
-79.427
-79.587
-79.444
-79.533
-79.471
-79.652
-79.366
-79.153
-79.081
-79.119
-78.942
-78.843
-78.726
-78.492
-78.377
-78.38
-78.471
-78.434
-78.507
-78.571
-78.689
-78.86
-79.003
-78.845
-78.646
-78.837
-78.919
-78.743
-78.448
-78.653
-78.864
-78.985
-78.423
-78.134
-78.351
-78.099
-77.993
-77.923
-78.084
-77.969
-77.849
-77.731
-77.653
-77.468
-77.782
-77.831
-77.841
-77.997
-78.064
-78.055
-77.928
-78.211
-78.243
-78.605
-79.085
-79.297
-79.418
-79.58
-79.609
-79.637
-79.789
-79.695
-79.637
-79.63
-79.558
-79.842
-79.891
-80.023
-80.087
-79.927
-79.859
-79.584
-79.802
-79.792
-79.932
-79.976
-79.821
-79.847
-80.062
-79.802
-79.696
-79.581
-79.649
-79.598
-79.605
-79.76
-80.179
-79.962
-80.115
-80.16
-79.981
-80.124
-80.239
-80.167
-79.978
-80.042
-79.965
-80.076
-80.241
-80.427
-80.364
-80.154
-79.979
-80.051
-80.073
-79.947
-79.97
-79.844
-79.947
-80.079
-79.946
-79.899
-80.041
-79.963
-80.263
-80.127
-79.931
-80.045
-79.852
-79.859
-80.027
-79.933
-79.862
-80.005
-80.027
-80.116
-80.211
-80.005
-79.731
-79.922
-80.172
-80.053
-79.936
-80.117
-80.257
-80.249
-80.218
-80.29
-80.248
-80.206
-80.046
-80.187
-80.108
-79.897
-80.11
-80.005
-79.836
-79.9
-79.979
-79.887
-79.776
-79.863
-79.79
-79.696
-79.822
-79.889
-79.978
-80.128
-80.286
-80.409
-80.121
-79.928
-79.952
-79.828
-79.891
-79.95
-79.837
-79.926
-79.978
-79.758
-79.735
-79.59
-79.833
-79.883
-79.621
-79.704
-79.546
-79.371
-79.484
-79.649
-79.453
-79.488
-79.515
-79.528
-79.913
-79.815
-79.903
-79.846
-79.926
-80.044
-80.157
-80.008
-79.86
-79.815
-79.794
-79.765
-79.437
-79.622
-79.697
-79.828
-79.911
-79.912
-79.751
-79.821
-79.798
-79.887
-79.859
-79.935
-79.855
-79.721
-79.772
-79.831
-79.766
-79.656
-79.765
-79.896
-79.711
-79.782
-80.014
-79.864
-79.656
-79.841
-79.745
-79.914
-79.98
-80.085
-80.291
-80.145
-79.866
-79.99
-79.865
-79.92
-79.831
-79.759
-79.819
-79.688
-79.713
-79.635
-79.567
-79.692
-79.727
-79.831
-79.861
-79.694
-79.735
-79.651
-79.756
-80.02
-79.954
-80.077
-80.099
-79.898
-80.196
-80.158
-80.167
-80.176
-80.149
-80.084
-80.016
-79.866
-79.608
-79.424
-79.587
-79.262
-79.353
-79.688
-79.651
-79.734
-79.968
-79.863
-79.803
-79.876
-79.826
-79.644
-79.668
-79.573
-79.818
-80.011
-80.196
-80.494
-80.452
-80.248
-80.319
-80.536
-80.411
-80.239
-80.506
-80.301
-80.157
-80.152
-80.041
-79.931
-80.088
-80.226
-80.196
-80.173
-79.945
-79.99
-80.092
-80.051
-80.061
-80.099
-80.196
-80.061
-80.234
-80.04
-80.116
-79.976
-80.173
-80.073
-79.778
-79.731
-79.946
-79.919
-79.755
-79.815
-79.828
-79.774
-79.75
-79.704
-80.016
-80.203
-80.023
-79.99
-79.951
-80
-80.117
-80.232
-80.355
-80.378
-80.429
-80.565
-80.716
-81.002
-80.954
-80.89
-80.782
-80.945
-80.977
-80.714
-80.613
-80.685
-80.775
-80.693
-80.808
-80.534
-80.589
-80.671
-80.61
-80.817
-80.69
-80.526
-80.654
-80.539
-80.527
-80.464
-80.275
-80.161
-80.328
-80.32
-80.211
-80.308
-80.274
-80.372
-80.36
-80.366
-80.321
-80.365
-80.439
-80.589
-80.807
-80.698
-80.645
-80.266
-80.467
-80.538
-80.569
-80.589
-80.564
-81.076
-81.175
-81.139
-81.013
-81.018
-81.041
-81.189
-81.116
-81.195
-81.32
-81.309
-81.291
-81.559
-81.607
-81.413
-81.502
-81.568
-81.594
-81.641
-81.456
-81.495
-81.136
-81.252
-81.36
-81.186
-80.924
-80.843
