-80.267
-80.014
-79.956
-80.213
-80.152
-80.231
-80.242
-80.246
-80.257
-80.407
-80.234
-80.319
-80.241
-80.307
-80.383
-80.417
-80.656
-80.384
-80.45
-80.392
-80.247
-80.371
-80.495
-80.233
-79.882
-79.906
-79.93
-79.694
-79.685
-79.557
-79.534
-79.407
-79.187
-79.616
-79.586
-79.861
-79.862
-79.899
-79.975
-79.659
-79.583
-79.488
-79.72
-79.494
-79.508
-79.613
-79.798
-79.921
-79.883
-79.464
-79.441
-79.263
-79.478
-79.466
-79.467
-79.572
-79.615
-79.66
-80.069
-79.918
-80.098
-80.112
-80.05
-80.013
-79.942
-79.969
-80.008
-80.22
-80.243
-80.138
-79.95
-80.08
-79.938
-79.681
-79.614
-79.628
-79.838
-79.975
-79.778
-79.732
-79.465
-79.503
-80.113
-80.396
-79.981
-80.352
-80.443
-80.144
-80.062
-79.9
-79.983
-79.905
-79.861
-80.18
-80.313
-80.165
-80.29
-79.988
-79.662
-79.547
-79.579
-79.651
-79.581
-79.584
-79.553
-79.642
-79.713
-79.688
-79.884
-80.203
-80.197
-79.981
-79.785
-79.989
-79.959
-80.006
-80.277
-80.433
-80.295
-80.356
-80.447
-80.044
-79.881
-80.057
-79.785
-79.84
-79.898
-79.794
-79.821
-79.963
-80.032
-80.039
-80.339
-80.344
-80.094
-80.062
-80.21
-80.053
-80.08
-80.182
-80.25
-79.911
-79.816
-79.764
-79.737
-79.478
-79.504
-79.058
-79.156
-78.912
-78.962
-79.035
-79.113
-79.025
-78.927
-78.825
-78.581
-78.745
-78.817
-79.202
-79.13
-79.052
-79.379
-79.181
-78.93
-78.949
-78.747
-78.61
-78.486
-78.549
-78.773
-78.79
-78.705
-78.813
-79.015
-79.048
-78.992
-78.896
-78.93
-79.11
-79.081
-79.155
-79.43
-79.413
-79.425
-79.606
-79.578
-79.819
-79.918
-80.055
-80.302
-80.614
-80.749
-80.87
-80.925
-80.868
-81.014
-80.774
-80.944
-80.899
-80.861
-81.122
-81.319
-81.413
-81.222
-81.108
-80.981
-80.719
-80.788
-80.797
-80.424
-80.429
-80.616
-80.49
-80.729
-80.712
-80.738
-80.687
-80.653
-80.861
-80.918
-81.404
-81.627
-81.427
-81.382
-81.444
-81.675
-81.83
-81.422
-81.423
-81.442
-81.366
-81.494
-81.395
-81.26
-81.406
-81.455
-81.58
-81.552
-81.418
-81.526
-81.779
-81.869
-81.537
-81.39
-81.38
-81.288
-81.225
-81.136
-81.277
-81.513
-81.26
-81.549
-81.303
-81.467
-81.478
-81.425
-81.679
-81.866
-81.769
-82.175
-82.004
-81.977
-81.865
-81.907
-82.041
-82.212
-82.176
-82.227
-82.128
-82.234
-82.185
-82.178
-82.236
-82.301
-81.759
-81.493
-81.473
-81.424
-81.418
-81.847
-81.985
-82.008
-82.139
-81.97
-81.456
-81.444
-81.364
-81.352
-81.419
-81.433
-81.575
-81.871
-82.227
-82.106
-81.871
-81.651
-81.721
-81.935
-81.957
-82.075
-82.008
-81.813
-81.956
-82.051
-81.968
-81.929
-81.86
-82.181
-82.038
-82.07
-82.014
-81.662
-81.487
-81.5
-81.381
-81.425
-81.36
-80.866
-81.018
-80.675
-80.589
-80.493
-80.201
-80.227
-80.414
-80.582
-80.703
-80.475
-80.807
-80.837
-80.445
-80.556
-80.602
-80.765
-81.01
-80.716
-80.657
-80.954
-80.773
-80.676
-80.722
-80.68
-80.374
-80.774
-80.867
-81.104
-81.22
-81.259
-81.199
-81.451
-81.437
-81.516
-81.618
-81.705
-81.741
-81.736
-81.88
-81.862
-81.756
-82.134
-82.193
-82.144
-82.164
-82.132
-81.916
-81.872
-82.006
-81.851
-82.135
-82.228
-81.98
-81.766
-81.638
-81.624
-81.462
-81.848
-81.83
-81.84
-81.739
-81.528
-81.541
-81.324
-81.423
-81.202
-81.336
-81.348
-81.397
-81.222
-81.3
-81.136
-81.29
-81.201
-81.314
-81.465
-81.418
-81.473
-81.35
-81.313
-81.506
-81.516
-81.695
-81.679
-81.652
-81.798
-82.149
-82.315
-82.283
-82.132
-82.242
-82.054
-82.138
-82.265
-82.25
-82.107
-82.424
-82.207
-81.871
-81.547
-81.18
-80.744
-80.568
-80.306
-80.447
-80.323
-80.246
-80.066
-80.005
-79.968
-79.873
-79.97
-79.925
-79.563
-79.597
-79.35
-79.679
-79.334
-79.305
-79.219
-78.933
-78.651
-78.608
-78.505
-78.519
-78.58
-78.693
-78.725
-78.546
-78.484
-78.248
-78.511
-78.319
-78.22
-78.44
-78.804
-78.986
-79.09
-79.056
-78.841
-79.012
-78.846
-78.975
-78.823
-79.267
-79.551
-79.395
-79.39
-79.314
-79.648
-79.587
-79.687
-79.691
-79.555
-79.668
-79.81
-79.709
-79.744
-79.537
-79.366
-79.627
-79.534
-79.5
-79.523
-79.498
-79.596
-79.636
-79.567
-79.626
-79.783
-79.898
-79.986
-79.898
-79.928
-79.652
-79.843
-79.717
-79.883
-79.784
-79.753
-79.909
-79.975
-80.014
-80.145
-79.992
-80.017
-79.959
-79.845
-80.048
-79.908
-79.851
-79.84
-79.831
-79.712
-80.002
-80.015
-79.978
-79.985
-80.052
-79.987
-79.823
-79.857
-79.723
-79.847
-79.89
-80.068
-79.929
-80.149
-80.122
-79.902
-79.713
-79.516
-79.417
-79.199
-79.283
-79.21
-79.192
-79.499
-79.463
-79.345
-79.138
-79.206
-79.31
-79.306
-79.407
-79.469
-79.483
-79.336
-79.341
-79.481
-79.559
-79.706
-79.881
-80.022
-79.79
-79.711
-79.743
-79.73
-79.804
-79.791
-79.822
-79.81
-79.7
-79.87
-80.068
-80.032
-79.89
-80.003
-79.928
-80.026
-79.965
-79.901
-79.658
-79.827
-79.787
-79.599
-79.609
-79.853
-79.651
-79.896
-79.959
-80.034
-79.835
-79.624
-80.009
-80.098
-79.989
-80.091
-80.056
-79.659
-79.804
-79.691
-79.625
-79.397
-79.44
-79.535
-79.638
-79.496
-79.446
-79.546
-79.484
-79.241
-79.171
-79
-79.076
-79.322
-79.454
-79.336
-79.316
-79.293
-79.39
-79.522
-79.581
-79.539
-79.638
-79.619
-79.659
-79.754
-79.589
-79.484
-79.323
-79.41
-79.512
-79.63
-79.655
-79.89
-80.039
-79.747
-79.798
-79.672
-79.982
-80.039
-80.101
-80.081
-80.037
-79.702
-79.891
-80.122
-80.268
-80.164
-80.13
-80.134
-80.045
-80.01
-80.135
-80.11
-80.232
-79.987
-79.965
-79.945
-79.861
-79.86
-79.885
-79.925
-80.18
-79.874
-79.659
-79.707
-79.759
-79.686
-79.604
-79.658
-79.638
-79.836
-79.855
-79.911
-79.703
-79.739
-80.161
-79.819
-79.797
-79.962
-79.778
-79.883
-79.885
-79.582
-79.752
-79.808
-79.777
-79.987
-80.041
-79.855
-80.111
-80.08
-80.432
-80.26
-80.08
-80.01
-79.95
-79.983
-80.133
-80.44
-80.199
-80.157
-80.084
-80.186
-80.009
-80.028
-80.261
-80.297
-80.164
-80.111
-80.178
-80.244
-80.301
-79.841
-80.043
-80.128
-79.856
-79.832
-79.96
-79.994
-79.992
-79.802
-79.981
-79.855
-79.78
-79.876
-79.967
-80.028
-79.946
-80.078
-79.995
-79.864
-79.956
-79.781
-79.964
-80.091
-79.845
-80.055
-80.059
-80.184
-80.11
-80.217
-80.327
-80.153
-80.275
-80.199
-80.075
-79.859
-79.736
-79.57
-79.891
-79.756
-79.775
-79.823
-80.041
-79.832
-79.976
-79.926
-79.99
-79.98
-79.806
-79.957
-80.022
-79.832
-79.853
-80.014
-79.981
-79.899
-79.852
-79.735
-79.688
-79.771
-79.776
-79.801
-79.917
-79.994
-79.945
-80.135
-80.136
-80.069
-80.201
-80.316
-80.288
-80.344
-80.314
-80.148
-80.032
-79.879
-79.986
-79.771
-79.893
-80.017
-80.032
-80.077
-80.156
-80.243
-79.975
-79.882
-79.839
-79.8
-79.711
-79.905
-79.826
-79.881
-79.797
-80.017
-80.292
-80.073
-79.9
-79.576
-79.764
-79.83
-79.805
-79.935
-79.906
-79.771
-79.864
-79.955
-79.964
-79.695
-79.876
-80.017
-79.953
-80.153
-80.16
-80.093
-80.051
-80.077
-79.994
-79.981
-80.14
-80.125
-80.247
-80.118
-80.243
-80.172
-80.25
-80.109
-80.223
-79.889
-79.838
-79.681
-79.823
-79.838
-79.899
-80.077
-79.997
-80.079
-79.931
-79.804
-79.721
-79.739
-79.882
-80.285
-80.221
-80.295
-80.077
-80.2
-80.088
-79.987
-80.366
-80.099
-79.985
-80.198
-79.919
-80.184
-80.176
-79.945
-80.129
-80.211
-79.952
-79.874
-79.804
-80.13
-80.322
-80.281
-79.985
-80.195
-80.254
-80.144
-79.956
-79.897
-79.993
-80.125
-80.064
-80.097
-80.267
-80.2
-80.221
-80.241
-80.167
-80.27
-80.298
-80.351
-80.118
-79.89
-79.806
-79.854
-79.655
-79.554
-79.674
-79.91
-79.989
-79.894
-79.992
-80.027
-80.03
-79.905
-79.963
-79.984
-80.332
-80.297
-80.347
-80.471
-80.437
-80.326
-80.211
-80.007
-80.085
-80.099
-80.14
-80.296
-80.202
-80.048
-80.117
-79.967
-80.078
-80.488
-80.462
-80.412
-80.191
-80.165
-80.018
-80.209
-80.018
-79.827
-79.753
-80.005
-79.87
-79.772
-79.623
-79.594
-79.853
-80.093
-80.297
-80.197
-80.444
-80.364
-80.488
-80.334
-80.338
-80.515
-80.744
-80.921
-80.813
-80.822
-80.793
-80.745
-80.585
-80.613
-80.425
-80.258
-80.174
-80.143
-79.88
-79.93
-79.774
-79.703
-79.685
-79.512
-79.784
-79.47
-79.543
-79.496
-79.632
-79.796
-79.621
-79.902
-79.997
-79.703
-80.087
-80.157
-80.027
-79.954
-80.222
-80.365
-80.597
-80.375
-80.218
-80.029
-80.145
-80.648
-80.639
-80.513
-80.705
-80.624
-80.588
-80.542
-80.357
-80.656
-80.53
-80.697
-80.333
-80.581
-80.663
-80.579
-80.611
-80.598
-80.408
-80.264
