-80.099
-80.366
-80.506
-80.366
-80.084
-80.081
-79.747
-79.785
-79.986
-80.045
-80.054
-79.956
-79.805
-80.003
-80.104
-80.161
-80.311
-79.985
-79.966
-80.036
-79.896
-79.698
-79.896
-79.984
-79.97
-79.776
-80.402
-80.292
-80.214
-80.158
-79.901
-80.066
-80.066
-80.03
-79.951
-80.062
-79.986
-80.085
-79.766
-79.82
-80.144
-79.977
-80.121
-80.083
-80.043
-80.036
-80.174
-80.352
-80.56
-80.446
-80.372
-80.266
-79.95
-79.694
-79.945
-79.983
-80.014
-80.108
-80.34
-80.517
-80.453
-80.244
-80.061
-80.018
-80.066
-80.016
-79.963
-79.974
-80.123
-80.111
-80.005
-79.878
-80.247
-80.254
-80.549
-80.376
-80.385
-80.324
-80.175
-80.119
-80.366
-80.188
-80.235
-80.216
-80.012
-80.395
-80.2
-80.254
-80.149
-80.076
-80.161
-80.029
-80.055
-80.06
-79.88
-79.832
-79.593
-79.698
-79.848
-79.884
-79.924
-79.885
-79.823
-79.652
-79.422
-79.542
-79.661
-79.746
-79.864
-79.749
-79.539
-79.615
-79.993
-79.986
-80.321
-80.276
-80.417
-80.506
-80.404
-80.405
-80.501
-80.468
-80.835
-80.846
-80.92
-80.794
-80.622
-80.756
-80.55
-80.599
-80.321
-80.493
-80.422
-80.151
-80.381
-80.132
-80.164
-80.242
-80.247
-80.309
-80.294
-80.217
-80.102
-79.994
-79.98
-80.285
-80.45
-80.23
-80.463
-80.568
-80.34
-80.396
-80.317
-80.295
-80.054
-79.961
-79.726
-79.42
-79.333
-79.466
-79.526
-79.416
-79.33
-79.208
-79.397
-79.314
-79.096
-79.071
-79.318
-79.062
-79.177
-79.188
-79.228
-79.099
-79.254
-79.227
-79.374
-79.457
-79.326
-79.218
-79.441
-79.458
-79.369
-79.208
-79.195
-79.203
-79.107
-79.245
-79.184
-78.992
-79.116
-79.223
-79.138
-79.115
-79.146
-79.448
-79.378
-78.977
-79.032
-78.967
-78.688
-78.781
-78.974
-78.883
-78.755
-78.846
-78.65
-78.784
-78.563
-78.929
-78.954
-79.277
-79.562
-79.611
-79.412
-79.269
-79.316
-79.094
-79.217
-79.505
-79.554
-79.519
-79.858
-80.205
-80.361
-80.38
-80.197
-80.001
-80.257
-80.62
-80.402
-80.738
-80.693
-80.825
-80.986
-80.931
-81.188
-81.022
-81.135
-81.071
-81.069
-81.072
-80.97
-81.051
-81.044
-81.066
-80.845
-80.665
-80.769
-80.854
-80.673
-80.704
-80.832
-80.889
-80.985
-80.939
-80.729
-80.76
-80.544
-80.644
-80.63
-80.673
-80.736
-80.846
-80.836
-80.895
-80.881
-80.765
-80.716
-80.892
-80.955
-81.109
-81.028
-81.035
-81.117
-81.091
-80.98
-80.965
-80.81
-80.433
-80.48
-80.515
-80.667
-80.466
-80.273
-80.181
-80.345
-80.31
-80.257
-80.071
-80.339
-80.527
-80.523
-80.618
-80.469
-80.397
-80.547
-80.563
-80.329
-80.224
-80.604
-80.739
-80.587
-80.654
-80.657
-80.685
-80.57
-80.518
-80.596
-80.331
-80.581
-80.455
-80.122
-79.951
-80.133
-80.198
-80.058
-80.217
-80.167
-80.124
-80.001
-80.055
-80.207
-79.927
-79.887
-79.797
-80.007
-79.96
-79.773
-79.628
-79.516
-79.805
-79.553
-79.709
-79.945
-80.068
-80.294
-80.13
-80.052
-79.878
-79.902
-79.875
-80.088
-79.798
-79.784
-79.78
-79.912
-80.105
-80.021
-79.999
-79.907
-79.894
-79.951
-79.854
-79.569
-79.418
-79.364
-79.315
-79.376
-79.631
-79.995
-80.149
-80.293
-80.059
-80.064
-80.122
-80.171
-80.304
-80.453
-80.282
-80.383
-80.68
-80.727
-80.859
-80.8
-80.772
-80.773
-80.868
-80.87
-80.872
-81.155
-81.338
-81.567
-81.362
-81.31
-81.436
-81.679
-81.893
-81.775
-81.801
-81.726
-81.49
-81.679
-81.593
-81.493
-81.69
-81.942
-81.886
-81.974
-81.767
-81.472
-81.417
-81.607
-81.557
-81.486
-81.28
-81.276
-81.156
-81.13
-80.782
-80.681
-80.454
-80.563
-80.457
-80.278
-80.354
-80.223
-80.334
-80.389
-80.352
-80.743
-80.75
-81.13
-81.15
-80.857
-80.568
-80.327
-80.173
-80.04
-79.821
-79.631
-79.7
-79.867
-79.738
-80.004
-80.206
-80.074
-79.961
-79.841
-79.9
-79.897
-80.04
-80.188
-80.37
-80.171
-80.01
-80.032
-80.045
-80.086
-79.988
-79.842
-79.735
-79.702
-79.965
-79.717
-79.758
-79.622
-79.696
-79.723
-79.98
-79.809
-79.606
-79.671
-79.726
-79.723
-79.691
-79.701
-79.922
-80.036
-80.104
-80.233
-79.963
-80.003
-79.858
-79.835
-80.061
-80.148
-80.318
-80.396
-80.49
-80.277
-80.032
-79.932
-79.95
-79.922
-80.132
-79.942
-79.808
-79.994
-80.036
-80.049
-79.796
-79.744
-79.697
-79.679
-79.707
-79.866
-79.925
-79.987
-80.139
-79.978
-79.687
-79.7
-79.933
-79.97
-79.851
-79.691
-79.782
-79.839
-79.995
-80.271
-80.223
-79.945
-79.981
-80.036
-80.186
-80.316
-80.35
-80.425
-80.348
-80.097
-79.954
-79.878
-80.269
-80.177
-79.887
-79.655
-79.693
-80.241
-80.109
-80.08
-80.231
-80.281
-80.134
-79.949
-79.621
-79.566
-79.675
-79.604
-79.402
-79.426
-79.25
-79.577
-79.754
-79.792
-79.885
-79.973
-79.818
-79.624
-79.485
-79.451
-79.411
-79.473
-79.557
-79.715
-79.527
-79.701
-79.826
-79.758
-79.872
-79.999
-79.924
-80.219
-80.305
-80.124
-79.911
-80.102
-79.731
-79.821
-79.96
-79.985
-79.971
-79.791
-79.754
-79.731
-79.641
-79.722
-79.567
-79.671
-79.73
-79.774
-79.527
-79.563
-79.8
-79.925
-79.744
-79.902
-79.953
-79.898
-79.888
-79.642
-79.729
-79.959
-79.783
-79.926
-79.819
-79.671
-79.491
-79.409
-79.293
-79.391
-79.663
-79.449
-79.515
-79.66
-79.501
-79.506
-79.479
-79.547
-79.445
-79.271
-79.291
-79.561
-79.565
-79.808
-79.473
-79.429
-79.35
-79.396
-79.047
-79.243
-79.344
-78.992
-78.995
-79.209
-79.356
-79.25
-79.343
-79.51
-79.515
-79.414
-79.47
-79.846
-79.699
-79.559
-79.35
-79.451
-79.21
-79.214
-79.001
-79.154
-79.091
-79.222
-79.217
-79.171
-79.669
-79.675
-79.939
-80.232
-80.201
-80.006
-79.86
-79.559
-79.895
-79.977
-79.938
-80.044
-79.922
-79.909
-80.051
-79.847
-80.077
-79.976
-79.817
-79.8
-79.655
-80.099
-80.038
-80.089
-80.049
-79.855
-79.806
-79.824
-79.998
-80.047
-79.652
-79.358
-79.301
-79.381
-79.327
-79.373
-78.985
-79.096
-79.064
-78.792
-78.901
-79.231
-79.325
-79.237
-78.941
-79.118
-79.323
-79.522
-79.296
-79.119
-78.738
-78.767
-79.06
-79.333
-79.255
-79.372
-79.263
-79.467
-79.565
-79.666
-79.617
-79.761
-79.483
-79.629
-79.458
-79.216
-79.096
-78.837
-78.79
-78.727
-78.797
-78.577
-78.505
-78.537
-78.399
-78.49
-78.501
-78.46
-78.622
-78.663
-78.802
-78.713
-78.908
-79.122
-79.153
-78.948
-79.29
-79.401
-79.287
-79.189
-79.086
-79.24
-79.106
-79.028
-78.976
-78.919
-78.935
-78.753
-78.906
-78.816
-78.748
-78.795
-78.888
-78.972
-78.9
-78.916
-78.83
-78.542
-78.421
-78.711
-78.615
-78.552
-78.687
-78.471
-78.433
-78.335
-78.404
-78.576
-78.896
-78.755
-78.775
-79.118
-79.504
-79.545
-79.772
-79.965
-80.009
-79.876
-80.02
-79.772
-79.82
-79.706
-79.834
-80.005
-79.922
-79.929
-79.988
-80.097
-79.955
-79.842
-80.052
-80.124
-80.253
-80.343
-80.314
-80.407
-80.433
-80.39
-80.201
-80.312
-80.141
-79.952
-80.174
-79.934
-79.98
-79.879
-80.005
-80.155
-80.155
-80.458
-80.363
-80.08
-79.774
-79.82
-79.721
-79.793
-80.004
-79.972
-80.077
-79.949
-79.82
-79.747
-79.928
-79.638
-79.694
-79.776
-79.714
-79.685
-79.833
-79.857
-79.786
-79.824
-79.605
-79.737
-79.787
-79.76
-79.815
-79.605
-79.602
-79.825
-80.045
-80.054
-80.12
-79.963
-79.989
-79.936
-79.846
-79.86
-79.961
-80.028
-79.874
-80.006
-80.072
-80.101
-80.217
-80.204
-80.067
-79.953
-79.99
-80.1
-80
-80.029
-79.942
-79.887
-79.962
-80.104
-79.853
-80.015
-79.974
-80.154
-80.229
-80.111
-80.232
-79.963
-80.021
-80.039
-80.024
-79.97
-79.841
-79.83
-79.729
-79.989
-80.048
-79.956
-80.077
-80.028
-79.919
-79.894
-79.956
-80.087
-79.981
-79.862
-79.857
-80.154
-80.299
-80.476
-80.517
-80.469
-80.624
-80.639
-80.436
-80.686
-80.418
-80.539
-80.455
-80.171
-80.623
-80.734
-80.345
-80.366
-80.641
-80.764
-80.496
-80.785
-80.908
-80.731
-80.808
-80.631
-80.628
-80.442
-80.51
-80.544
-80.265
-80.169
-80.242
-80.205
-80.049
-79.807
-79.74
-79.637
-79.785
-79.659
-79.608
-79.957
-79.931
-80.014
-79.878
-79.531
-79.523
-79.708
-79.812
-80.037
-79.896
-79.949
-79.977
-79.764
-79.711
-79.845
-79.778
-79.909
-80.315
-80.262
-80.46
-80.511
-80.256
-80.397
-80.466
-80.593
-80.416
-80.244
-80.177
-80.105
-79.916
-80.172
-80.104
-79.98
-79.86
-79.879
-79.866
-79.604
-79.748
-79.619
-79.763
-80.033
-79.811
-79.637
-79.561
-79.447
-79.629
-79.664
-79.435
-79.304
-79.151
-79.051
-79.196
-79.161
-79.263
-78.878
-78.831
-79.1
-79.23
-79.311
-79.516
-79.776
-79.784
-79.837
-79.992
-79.881
-80.071
-80.195
-80.062
-80.117
-79.969
-79.813
-79.937
-79.969
