-80.093
-80.157
-80.172
-79.981
-79.975
-80.024
-80.206
-80.205
-79.967
-79.943
-80.03
-79.889
-79.924
-79.979
-80.025
-79.97
-79.975
-79.894
-79.908
-80.09
-80.408
-80.367
-80.532
-80.191
-79.755
-79.83
-79.841
-79.857
-79.84
-79.833
-79.86
-79.739
-79.492
-79.266
-79.102
-78.908
-78.814
-78.826
-78.913
-79.235
-79.285
-79.175
-79.338
-79.304
-79.488
-79.378
-79.612
-79.541
-79.751
-79.573
-79.335
-79.141
-79.226
-79.256
-79.226
-79.401
-79.794
-79.476
-79.579
-79.634
-79.502
-79.463
-79.697
-79.635
-79.625
-79.557
-79.667
-79.789
-79.758
-79.716
-79.999
-79.919
-79.969
-80.105
-79.935
-80.124
-80.038
-79.542
-79.454
-79.577
-79.175
-79.08
-78.616
-78.762
-78.85
-78.941
-78.822
-78.801
-78.798
-78.601
-78.67
-78.803
-79.121
-79.245
-79.473
-79.389
-79.226
-79.469
-79.596
-79.629
-79.511
-79.387
-79.452
-79.482
-79.598
-79.695
-79.588
-79.502
-79.617
-79.305
-79.641
-79.626
-79.343
-79.554
-79.545
-79.656
-79.517
-79.503
-79.716
-79.753
-79.649
-79.775
-79.758
-79.901
-79.753
-79.99
-79.937
-79.67
-79.826
-79.748
-79.39
-79.17
-78.859
-78.541
-78.616
-78.485
-78.295
-78.219
-77.841
-77.977
-77.618
-77.646
-77.639
-77.653
-77.535
-77.838
-78.064
-78.07
-78.162
-78.275
-78.415
-78.694
-78.547
-78.667
-78.752
-78.685
-78.71
-78.557
-78.743
-78.833
-79.083
-79.226
-79.066
-78.958
-78.767
-78.808
-78.903
-79.134
-79.514
-79.41
-79.585
-79.283
-79.438
-79.662
-79.34
-79.249
-79.339
-79.368
-79.289
-79.197
-79.429
-79.366
-79.379
-79.252
-79.179
-79.613
-79.679
-79.474
-79.764
-79.788
-79.464
-79.649
-79.565
-79.295
-79.236
-78.904
-78.523
-78.477
-78.375
-78.296
-78.116
-77.788
-77.579
-77.873
-77.855
-77.572
-77.37
-77.252
-77.183
-77.261
-77.506
-77.458
-77.38
-77.513
-77.526
-77.658
-77.623
-77.638
-77.777
-77.77
-77.757
-78.123
-78.184
-78.325
-78.361
-78.294
-78.181
-77.961
-77.874
-78.018
-77.739
-77.604
-77.058
-76.714
-76.728
-76.4
-76.238
-75.737
-75.745
-75.768
-75.523
-75.385
-75.407
-75.676
-75.525
-75.458
-75.393
-75.268
-75.38
-75.661
-75.811
-76.014
-75.89
-76.097
-76.095
-76.369
-76.112
-76.177
-76.356
-76.599
-76.72
-76.227
-75.846
-75.142
-74.698
-73.811
-72.927
-72.357
-71.653
-70.967
-70.101
-69.137
-68.468
-67.781
-67.013
-66.435
-65.8
-65.464
-64.811
-64.558
-64.32
-63.915
-63.638
-63.596
-63.784
-63.887
-64.349
-64.338
-64.163
-64.307
-64.258
-64.249
-64.607
-64.878
-65.326
-65.476
-65.753
-65.833
-65.779
-65.525
-65.203
-65.2
-65.067
-65.01
-65.023
-65.231
-65.03
-64.822
-64.355
-64.267
-64.386
-64.185
-64.016
-63.903
-63.808
-63.435
-63.254
-63.158
-63.071
-62.831
-63.626
-66.259
-69.294
-71.965
-74.245
-75.801
-76.88
-77.775
-78.074
-77.955
-78.369
-78.425
-78.397
-78.378
-78.173
-78.213
-78.264
-78.565
-78.478
-78.34
-78.436
-78.56
-78.46
-78.71
-78.772
-78.804
-78.543
-78.772
-78.916
-78.744
-78.826
-78.836
-78.848
-78.881
-78.948
-79.097
-78.857
-78.579
-78.531
-78.32
-78.228
-78.288
-78.221
-78.432
-78.701
-78.782
-78.847
-79.23
-78.9
-79.001
-79.014
-78.874
-78.709
-78.886
-78.863
-78.972
-79.154
-79.03
-79.109
-79.07
-79.192
-79.302
-79.25
-79.116
-79.267
-79.4
-79.139
-78.991
-78.969
-79.293
-79.322
-79.098
-79.196
-79.204
-79.45
-79.402
-79.439
-79.453
-79.55
-79.34
-79.347
-79.446
-79.487
-79.431
-79.213
-79.332
-79.33
-79.523
-79.459
-79.604
-79.489
-79.705
-79.532
-79.617
-79.447
-79.562
-79.006
-78.672
-78.444
-78.361
-78.157
-77.705
-77.689
-77.736
-77.638
-77.699
-77.864
-77.872
-77.95
-78.051
-78.164
-78.334
-78.556
-78.586
-78.561
-78.423
-78.557
-78.593
-78.564
-78.56
-78.781
-78.735
-78.905
-78.981
-78.866
-79.081
-79.058
-78.961
-79.176
-78.889
-78.915
-78.93
-78.962
-79.067
-78.96
-78.928
-79.074
-79.055
-78.943
-79.137
-79.24
-79.331
-79.101
-78.97
-79.073
-78.97
-78.709
-78.559
-78.473
-78.466
-78.294
-78.185
-78.152
-78.263
-78.304
-78.353
-78.416
-78.165
-78.342
-78.315
-78.413
-78.4
-78.435
-78.364
-78.531
-78.467
-78.577
-78.75
-78.806
-78.659
-78.799
-78.898
-78.865
-78.935
-78.797
-78.669
-78.743
-78.835
-78.888
-78.99
-79.142
-79.01
-79.092
-79.13
-79.178
-79.202
-79.455
-79.274
-79.385
-79.464
-79.522
-79.468
-79.656
-79.446
-79.708
-79.529
-79.653
-79.559
-79.365
-79.501
-79.475
-79.448
-79.519
-79.349
-79.535
-79.374
-79.333
-79.512
-79.441
-79.528
-79.767
-79.772
-79.608
-79.718
-79.778
-79.723
-79.68
-79.771
-79.699
-79.788
-79.704
-79.693
-79.789
-79.809
-79.512
-79.619
-79.653
-79.617
-79.594
-79.524
-79.647
-79.732
-79.515
-79.634
-79.624
-79.672
-79.67
-79.732
-79.736
-79.749
-79.745
-79.854
-79.794
-79.648
-79.947
-79.683
-79.6
-79.653
-79.675
-79.384
-79.468
-79.458
-79.35
-79.412
-79.467
-79.532
-79.531
-79.23
-79.419
-79.329
-79.37
-79.392
-79.346
-79.504
-79.266
-79.385
-79.445
-79.409
-79.321
-79.309
-79.189
-79.386
-79.583
-79.326
-79.677
-79.542
-79.725
-79.617
-79.798
-79.562
-79.434
-79.365
-79.355
-79.461
-79.42
-79.436
-79.553
-79.35
-79.289
-79.394
-79.311
-79.446
-79.541
-79.434
-79.645
-79.8
-79.556
-79.567
-79.82
-79.702
-79.678
-79.721
-79.894
-79.716
-79.798
-80.068
-79.989
-79.89
-79.932
-79.899
-79.728
-79.842
-79.802
-80.064
-79.819
-79.73
-79.881
-79.945
-79.745
-79.686
-79.937
-79.927
-79.841
-79.995
-80.01
-80.004
-79.825
-79.971
-79.845
-80.055
-79.947
-79.943
-79.933
-80.049
-79.995
-79.921
-79.942
-80.023
-80.152
-80.069
-80.113
-80.003
-79.852
-79.968
-80.061
-80.032
-79.968
-79.947
-79.934
-79.885
-80.324
-80.307
-80.289
-80.139
-79.974
-80.027
-79.915
-80.103
-80.064
-79.724
-79.809
-79.986
-79.97
-80.013
-79.989
-80.064
-80.092
-79.972
-80.082
-80.002
-79.856
-79.906
-79.984
-80.015
-79.905
-79.919
-79.914
-80.046
-80.124
-80.203
-80.09
-79.95
-80.008
-80.043
-80.275
-79.956
-80.119
-80.284
-79.999
-79.823
-79.95
-79.906
-79.953
-79.913
-79.976
-80.001
-79.952
-80.094
-80.111
-79.95
-79.907
-80.021
-79.88
-79.889
-79.894
-79.977
-79.917
-80.005
-79.977
-80.018
-80.094
-80.043
-80.073
-80.218
-80.05
-79.942
-79.962
-80.057
-80.029
-79.954
-80.087
-79.994
-80.043
-79.946
-80.007
-80.158
-79.949
-80.116
-80.023
-79.94
-79.947
-80.119
-80.106
-80.07
-80.116
-79.903
-79.991
-79.977
-80.015
-80.045
-80.158
-80.424
-80.039
-80.202
-80.12
-79.93
-79.691
-80.065
-79.812
-79.918
-80.118
-79.823
-79.981
-79.774
-79.919
-79.839
-80.083
-79.938
-79.862
-79.925
-79.73
-79.827
-79.723
-79.772
-79.918
-79.854
-80.038
-80.04
-80.035
-79.916
-79.887
-79.993
-80.044
-80.101
-80.125
-80.132
-80.056
-80.152
-80.3
-80.105
-79.813
-79.903
-80.062
-80.079
-80.2
-80.131
-79.845
-79.953
-79.956
-79.906
-80.114
-79.809
-79.934
-79.757
-79.824
-79.957
-79.963
-80.04
-79.946
-79.792
-79.813
-79.873
-79.809
-79.906
-79.816
-79.609
-79.631
-79.806
-80.207
-80.074
-80.013
-80.152
-80.205
-80.329
-80
-80.198
-80.183
-79.879
-79.734
-79.84
-79.803
-79.989
-79.939
-79.951
-79.847
-79.732
-79.956
-79.928
-79.97
-79.943
-79.683
-79.63
-79.924
-79.964
-79.76
-80
-80.219
-80.233
-80.211
-80.313
-80.34
-80.248
-80.115
-80.264
-80.054
-79.896
-79.87
-79.666
-79.833
-79.879
-79.812
-79.784
-79.788
-79.884
-79.996
-79.851
-79.729
-79.834
-79.951
-80.052
-80.048
-80.044
-80.04
-79.982
-79.942
-80.196
-80.392
-80.504
-80.21
-80.155
-80.189
-80.018
-80.038
-80.096
-80.109
-80.411
-80.271
-80.272
-80.197
-79.912
-80.077
-79.882
-79.925
-80.037
-79.868
-79.747
-79.781
-79.679
-79.779
-79.839
-79.939
-79.916
-79.966
-80.026
-80.104
-80.03
-80.1
-80.163
-80.107
-80.04
-80.323
-80.587
-80.449
-80.468
-80.528
-80.449
-80.149
-80.024
-80.256
-80.284
-80.217
-80.09
-80.008
-80.087
-80.07
-79.753
-79.976
-79.791
-79.823
-79.823
-79.847
-80.001
-80.491
-80.487
-80.749
-80.522
-80.382
-80.471
-80.586
-80.601
-80.728
-80.607
-80.491
-80.27
-80.098
-80.146
-80.402
-80.396
-80.378
-80.31
-80.331
-80.195
-79.912
-79.726
-79.776
-79.986
-80.143
-80.119
-80.163
-79.926
-80.116
-79.916
-80.017
-79.873
-80.024
-80.091
-80.212
-80.056
-79.895
-79.747
-79.677
-79.744
-79.745
-79.9
-80.092
-79.941
-80.17
-80.052
-80.292
-80.336
-80.269
-80.013
-80.23
-80.224
-80.326
-80.286
-80.277
-80.161
-80.024
-79.85
-79.959
