-80.352
-80.358
-80.1
-80.17
-80.196
-80.335
-80.597
-80.447
-80.309
-80.347
-80.186
-79.855
-79.895
-79.68
-79.634
-79.675
-79.761
-79.857
-80.204
-80.025
-79.882
-80.11
-79.86
-79.867
-79.972
-79.937
-80.203
-80.072
-80.219
-80.195
-80.018
-79.939
-80.287
-80.146
-80.214
-80.003
-79.902
-80.056
-80.054
-79.931
-79.99
-80.015
-80.089
-80.14
-80.462
-80.551
-80.456
-80.67
-80.702
-80.805
-80.951
-80.906
-81
-81.127
-80.814
-80.839
-80.909
-80.937
-81.289
-81.786
-81.978
-82.132
-81.932
-82.035
-82.127
-81.652
-81.469
-81.46
-81.412
-81.593
-81.447
-81.727
-81.861
-81.918
-81.66
-81.588
-81.537
-81.176
-81.291
-81.141
-80.935
-81.021
-81.222
-81.35
-81.182
-80.96
-80.88
-81.049
-81.16
-80.853
-80.881
-80.924
-80.817
-80.912
-80.85
-81.198
-81.187
-81.228
-81.077
-81.199
-80.914
-80.779
-80.792
-80.714
-80.411
-80.453
-80.609
-80.456
-80.708
-80.539
-80.429
-80.196
-80.381
-80.285
-80.349
-80.255
-80.135
-80.2
-80.227
-80.436
-80.248
-80.159
-80.242
-79.974
-80.18
-80.286
-80.172
-80.252
-80.174
-80.472
-80.345
-80.602
-80.322
-80.152
-80.212
-80.089
-79.984
-79.901
-80.022
-80.312
-80.41
-80.561
-80.54
-80.419
-80.264
-80.312
-80.134
-79.979
-79.953
-79.932
-80.079
-79.92
-79.828
-79.815
-79.794
-79.731
-79.973
-79.946
-80.116
-80.15
-80.168
-80.133
-80.169
-79.937
-80.057
-79.908
-79.84
-79.765
-80.082
-80.285
-80.388
-80.394
-80.097
-80.142
-80.11
-79.924
-79.99
-79.894
-80.262
-80.266
-80.169
-79.951
-80.059
-80.193
-80.057
-79.927
-80.028
-79.956
-80.22
-80.086
-79.936
-79.993
-79.84
-79.797
-79.747
-79.784
-79.71
-79.574
-79.543
-79.67
-79.619
-79.823
-79.75
-79.74
-80.052
-80.098
-80.032
-79.809
-79.519
-79.081
-79.123
-78.977
-79.007
-79.045
-78.826
-78.614
-78.456
-78.602
-78.717
-78.877
-78.993
-78.814
-79.165
-79.258
-79.181
-79.057
-79.107
-79.403
-79.425
-79.317
-79.444
-79.496
-79.482
-79.563
-79.503
-79.074
-78.782
-78.609
-78.382
-78.294
-78.385
-78.313
-78.536
-78.65
-78.73
-78.908
-78.84
-78.769
-78.696
-78.347
-78.326
-78.062
-78.197
-78.198
-78.071
-77.955
-78.055
-78.068
-78.061
-78.437
-78.484
-78.603
-78.728
-78.96
-78.57
-78.941
-78.925
-78.272
-78.333
-78.167
-78.417
-78.623
-78.661
-78.777
-78.838
-79.107
-79.187
-79.104
-78.96
-79.212
-79.11
-79.306
-79.492
-79.518
-79.659
-79.518
-79.512
-79.986
-79.759
-79.66
-79.312
-79.504
-79.889
-79.707
-79.887
-80.228
-80.088
-79.987
-79.562
-78.989
-78.723
-78.708
-78.545
-78.371
-78.319
-78.016
-78.234
-78.184
-78.202
-78.126
-77.801
-78.12
-77.911
-77.856
-77.72
-77.859
-78.032
-78.227
-78.217
-78.361
-78.301
-78.808
-79.072
-79.335
-79.388
-79.467
-79.452
-79.474
-79.436
-79.567
-79.511
-79.416
-79.212
-78.926
-78.833
-79.052
-79.19
-79.145
-79.295
-79.44
-79.26
-79.452
-79.484
-79.41
-79.478
-79.589
-79.479
-79.561
-79.577
-79.36
-79.604
-79.226
-79.455
-79.53
-79.381
-79.24
-79.368
-79.229
-79.1
-79.446
-79.44
-79.048
-79.037
-79.003
-79.168
-78.972
-79.26
-78.933
-79.011
-78.876
-78.984
-78.961
-78.87
-79.227
-79.015
-78.994
-79.039
-78.96
-79.122
-79.17
-79.014
-78.894
-78.996
-79.089
-79.107
-79.305
-79.359
-79.404
-79.383
-79.5
-79.445
-79.501
-79.24
-79.373
-79.446
-79.327
-79.543
-79.551
-79.724
-79.903
-80.061
-79.861
-79.788
-79.977
-79.869
-79.824
-79.621
-79.567
-79.459
-79.572
-79.367
-79.322
-79.423
-79.438
-79.346
-79.27
-78.926
-78.851
-79.014
-78.624
-78.674
-78.863
-78.815
-78.607
-78.755
-78.732
-78.615
-78.607
-78.786
-78.885
-79.122
-79.348
-79.356
-79.101
-79.127
-79.004
-78.926
-78.948
-78.879
-78.972
-78.975
-79.272
-78.903
-78.731
-78.545
-78.682
-78.912
-78.599
-78.568
-78.373
-78.698
-78.559
-78.724
-78.977
-78.985
-79.012
-78.71
-78.768
-78.8
-78.689
-78.483
-78.579
-78.479
-78.387
-78.359
-78.518
-78.627
-78.463
-78.614
-78.602
-78.539
-78.603
-78.459
-78.534
-78.427
-78.355
-78.28
-78.15
-77.993
-78.035
-78.141
-77.908
-77.905
-78.046
-78.31
-78.433
-78.529
-78.331
-78.505
-78.26
-78.545
-78.819
-78.792
-78.837
-78.834
-78.919
-79.06
-78.763
-78.773
-78.739
-78.503
-78.579
-78.657
-78.732
-78.642
-78.761
-78.71
-78.691
-78.943
-78.872
-78.803
-78.915
-78.945
-78.754
-78.79
-78.983
-79.129
-79.279
-79.521
-79.571
-79.333
-79.375
-79.215
-79.175
-78.831
-78.785
-78.645
-78.422
-78.391
-78.368
-78.4
-78.35
-78.192
-78.197
-77.905
-77.666
-77.412
-77.804
-77.69
-77.919
-78.183
-78.232
-78.266
-78.26
-78.24
-78.214
-78.488
-78.511
-78.366
-78.439
-78.362
-78.191
-78.087
-78.141
-77.985
-77.736
-77.455
-76.806
-76.013
-75.361
-75.008
-74.653
-74.447
-74.612
-74.505
-74.233
-74.612
-74.474
-74.551
-74.758
-74.996
-75.154
-74.952
-75.359
-75.392
-75.565
-75.748
-75.962
-76.159
-76.214
-76.382
-76.552
-76.625
-76.624
-76.924
-77.156
-77.089
-77.274
-77.216
-77.397
-77.603
-77.448
-77.47
-77.399
-77.397
-77.654
-77.838
-77.862
-77.862
-77.629
-77.675
-77.863
-78.106
-77.972
-78.083
-78.153
-78.106
-78.17
-78.349
-78.203
-78.314
-78.476
-78.431
-78.691
-78.603
-78.493
-78.347
-78.367
-78.587
-78.56
-78.273
-78.259
-78.498
-78.596
-78.681
-78.91
-79.129
-79.111
-79.262
-79.223
-79.007
-78.889
-78.842
-78.839
-78.585
-78.592
-78.531
-78.339
-78.387
-77.831
-77.575
-77.47
-77.417
-77.593
-77.638
-77.748
-77.696
-77.707
-78.032
-78.404
-78.46
-78.764
-78.604
-78.67
-78.668
-78.795
-78.423
-78.538
-78.362
-78.337
-78.252
-78.245
-78.434
-78.563
-78.595
-78.935
-78.835
-78.818
-78.898
-79.162
-79.344
-79.448
-79.254
-79.168
-79.509
-79.429
-79.448
-79.511
-79.546
-79.618
-79.811
-79.489
-79.611
-79.411
-79.209
-79.341
-79.385
-79.558
-79.51
-79.657
-79.968
-79.972
-80.052
-79.946
-79.844
-79.982
-79.902
-79.545
-79.647
-79.669
-79.461
-79.418
-79.626
-79.793
-80.176
-79.937
-79.848
-79.932
-79.632
-79.669
-79.68
-79.667
-79.694
-79.885
-79.798
-79.84
-79.832
-79.817
-79.688
-79.82
-80.097
-80.179
-80.367
-80.25
-80.071
-80.153
-79.817
-79.727
-79.709
-79.68
-79.63
-79.599
-79.785
-79.798
-79.724
-79.586
-79.758
-79.883
-79.93
-79.91
-79.998
-79.898
-79.788
-80.097
-79.997
-80.158
-80.174
-80.264
-80.136
-80.098
-79.978
-79.953
-79.833
-79.968
-79.922
-80.163
-80.238
-80.24
-80.339
-80.231
-80.213
-80.269
-80.068
-80.049
-80.171
-80.274
-80.166
-79.879
-79.998
-79.965
-79.625
-79.45
-79.573
-79.863
-79.926
-80.062
-79.999
-79.899
-79.994
-79.871
-79.893
-80.114
-80.113
-80.284
-80.3
-80.234
-80.219
-80.326
-80.205
-80.079
-79.907
-79.808
-79.897
-79.909
-79.724
-79.666
-79.858
-79.83
-79.962
-80.078
-79.996
-79.91
-80.064
-79.85
-79.953
-80.145
-79.884
-79.99
-79.956
-79.998
-80.082
-79.811
-80.081
-80.221
-80.163
-80.224
-80.141
-79.852
-79.85
-79.794
-79.897
-79.771
-79.733
-79.477
-79.611
-79.506
-79.592
-79.348
-79.586
-79.681
-79.769
-79.779
-79.908
-79.946
-80.001
-79.88
-80.028
-79.975
-79.956
-79.789
-79.835
-79.738
-80.008
-80.132
-79.929
-79.811
-79.877
-79.864
-79.647
-79.749
-79.738
-79.8
-79.806
-79.944
-80.16
-80.286
-80.493
-80.263
-80.22
-80.511
-80.286
-79.868
-79.807
-79.903
-79.865
-79.847
-79.996
-80.101
-80.007
-80.038
-80.349
-80.326
-80.079
-80.228
-79.944
-79.49
-79.57
-79.573
-79.491
-79.786
-79.649
-79.749
-79.563
-79.719
-79.702
-79.74
-79.861
-79.742
-79.731
-79.715
-80.013
-79.934
-79.728
-79.769
-79.96
-79.956
-80.248
-80.447
-80.23
-80.349
-80.276
-80.258
-80.156
-80.217
-80.307
-80.202
-80.162
-80.222
-80.326
-79.902
-79.529
-79.871
-80.031
-80.016
-79.945
-79.802
-79.873
-79.826
-80.007
-79.95
-80.074
-80.072
-80.499
-80.483
-80.472
-80.393
-80.336
-79.92
-80.002
-79.594
-79.837
-79.994
-79.978
-79.945
-80.226
-80.155
-80.424
-80.536
-80.371
-80.72
-80.672
-80.767
-80.583
-80.643
-80.632
-80.727
-80.619
-80.644
-80.398
-80.299
-80.448
-80.379
-80.357
-80.217
-80.157
-80.046
-80.192
-79.982
-79.826
-79.886
-80.175
-80.276
-80.425
-80.307
-80.29
-80.225
-80.129
-80.142
-80.066
-79.963
-80.069
-79.897
-79.934
-79.927
-79.642
-79.63
-79.795
-79.991
-80.068
-80.133
-80.09
-79.962
-79.827
-79.895
-79.803
-79.505
-79.624
-79.75
-79.827
-79.826
-79.794
-80.018
-80.164
-80.066
-79.845
-79.945
-80.1
-80.15
-80.24
-80.062
-80.192
