-88.076
-87.9
-87.824
-87.665
-87.696
-88.04
-87.75
-88.07
-87.897
-87.86
-87.894
-87.941
-87.883
-87.983
-87.864
-87.683
-87.432
-87.544
-87.521
-87.942
-88.022
-87.988
-88.002
-88.073
-87.925
-88.1
-87.997
-87.879
-88.194
-88.558
-88.63
-88.929
-89
-88.852
-88.872
-88.833
-88.661
-88.668
-88.606
-88.516
-88.299
-88.44
-88.277
-88.371
-88.234
-87.876
-87.719
-87.864
-88.161
-88.388
-88.361
-88.497
-88.217
-88.077
-88.04
-88.016
-88.045
-87.963
-88.047
-88.356
-88.373
-88.604
-88.975
-89.091
-89.281
-89.29
-89.505
-89.367
-89.505
-89.621
-89.623
-89.684
-89.795
-89.527
-89.654
-89.74
-90.187
-90.39
-90.51
-90.554
-90.245
-90.451
-90.594
-90.701
-90.466
-90.463
-90.176
-90.177
-90.16
-90.3
-90.373
-90.814
-90.926
-90.922
-91.034
-91.03
-91.271
-91.245
-91.137
-90.948
-91.148
-91.195
-91.351
-91.81
-91.868
-91.847
-92.049
-92.276
-92.366
-92.371
-92.37
-92.135
-92.389
-92.195
-92.325
-92.604
-92.574
-92.387
-92.383
-92.496
-92.461
-92.387
-92.658
-92.505
-92.196
-92.322
-92.339
-92.542
-92.468
-92.293
-92.32
-92.242
-92.287
-92.355
-92.454
-92.431
-92.325
-92.292
-92.061
-92.168
-92.07
-92.379
-92.489
-92.412
-92.412
-92.356
-92.462
-92.813
-92.856
-93.025
-93.227
-93.383
-93.427
-93.283
-93.315
-93.099
-93.219
-93.418
-93.295
-93.338
-93.304
-92.862
-92.773
-92.644
-92.301
-91.601
-90.791
-90.184
-89.607
-89.361
-88.802
-88.345
-87.957
-87.57
-87.133
-86.813
-86.569
-86.305
-86.31
-85.754
-85.464
-85.561
-85.228
-85.081
-84.931
-84.787
-84.891
-84.755
-84.503
-84.679
-84.627
-84.417
-84.416
-84.262
-84.35
-84.061
-84.005
-84.111
-83.996
-83.923
-84.274
-84.204
-83.99
-83.905
-84.191
-84.228
-84.35
-84.199
-84.047
-83.728
-83.903
-83.871
-83.991
-84.39
-84.376
-84.434
-85.009
-85.225
-85.511
-85.549
-85.664
-85.679
-85.543
-85.457
-85.336
-85.578
-85.457
-85.455
-85.449
-85.591
-85.619
-85.663
-85.769
-85.317
-85.645
-85.367
-85.213
-85.539
-85.423
-85.466
-85.322
-85.439
-85.715
-86.24
-86.221
-86.242
-86.303
-86.481
-86.457
-86.944
-86.865
-86.562
-86.616
-86.517
-86.68
-86.722
-86.669
-86.691
-86.969
-87.05
-87.159
-87.084
-86.962
-86.856
-86.81
-86.776
-86.696
-86.722
-86.886
-87.021
-87.286
-87.286
-87.484
-87.499
-87.527
-87.545
-87.43
-87.289
-87.2
-87.153
-86.899
-86.793
-86.734
-86.707
-86.895
-86.865
-86.916
-86.861
-86.851
-86.898
-86.895
-87.029
-87.2
-86.984
-86.68
-86.779
-87.025
-86.865
-86.91
-87.227
-87.11
-87.341
-87.253
-87.242
-87.626
-87.62
-87.952
-87.911
-88.168
-88.414
-88.454
-88.814
-88.497
-88.63
-88.874
-89.192
-88.933
-88.608
-88.409
-87.827
-87.24
-86.7
-86.277
-85.59
-85.092
-84.837
-84.509
-84.12
-84.057
-83.86
-83.62
-83.262
-83.131
-82.932
-82.574
-82.597
-82.287
-82.025
-82.15
-82.214
-81.984
-81.824
-81.811
-81.936
-82.038
-82.096
-82.3
-82.017
-81.856
-81.611
-81.464
-81.253
-81.067
-81.013
-80.714
-80.604
-80.421
-80.283
-80.334
-80.502
-80.532
-80.497
-80.56
-80.379
-80.642
-80.494
-80.539
-80.856
-80.842
-80.874
-80.875
-80.995
-80.89
-80.955
-80.88
-81.027
-81.247
-81.279
-81.069
-81.152
-81.281
-81.465
-81.468
-81.609
-81.872
-81.915
-81.811
-81.829
-81.758
-81.867
-81.938
-81.853
-82.314
-82.567
-82.733
-82.889
-82.985
-82.899
-83.028
-83.305
-83.564
-83.001
-82.984
-82.66
-82.246
-81.888
-81.566
-80.15
-78.287
-76.872
-75.235
-73.397
-71.704
-69.877
-68.341
-66.641
-65.139
-63.295
-62.077
-60.813
-59.513
-58.236
-56.84
-55.701
-54.426
-53.007
-51.348
-48.974
-45
-45
-45
-45
-45
-45
-45
-45
-45
-45
-45
-45
-45
-45
-46.268
-52.997
-58.315
-62.479
-65.268
-66.889
-68.072
-68.718
-68.965
-68.978
-69.003
-68.643
-68.129
-67.082
-65.805
-64.335
-62.698
-60.87
-59.649
-58.12
-56.341
-54.579
-53.001
-51.18
-49.428
-46.593
-45
-45
-45
-45
-45
-45
-45
-45
-45
-45
-45
-45
-45
-46.796
-53.101
-58.515
-62.268
-64.612
-66.339
-67.163
-67.82
-68.245
-68.583
-68.694
-68.697
-68.66
-68.414
-68.469
-68.211
-68.086
-67.86
-67.652
-67.429
-67.105
-66.875
-66.642
-66.279
-66.038
-65.589
-64.91
-64.677
-64.097
-63.548
-63.18
-62.734
-62.086
-61.438
-61.154
-60.564
-60.119
-59.803
-59.567
-59.143
-58.668
-58.55
-58.082
-57.5
-57.025
-56.542
-56.039
-55.645
-54.83
-53.664
-52.5
-51.238
-49.276
-45.919
-45
-45
-45
-45
-45
-45
-45
-45
-45
-45
-45
-45
-45
-46.632
-53.548
-59.083
-63.277
-65.826
-67.618
-69.285
-69.877
-70.509
-70.747
-70.975
-70.806
-70.988
-71.125
-70.763
-70.692
-70.591
-70.473
-70.433
-70.425
-70.057
-70.08
-69.921
-69.99
-70.27
-70.111
-70.242
-70.312
-70.288
-69.939
-70.003
-70.264
-70.311
-70.317
-70.087
-69.835
-69.838
-70.177
-70.463
-70.453
-70.2
-70.256
-69.854
-69.382
-68.928
-68.133
-67.483
-67.035
-66.657
-66.285
-66.01
-65.672
-65.457
-64.987
-64.715
-64.683
-64.402
-64.475
-64.168
-63.962
-63.843
-63.842
-63.832
-63.72
-63.621
-63.781
-63.613
-63.532
-63.624
-63.696
-63.764
-63.732
-63.905
-64.012
-64.321
-64.22
-64.398
-64.64
-64.791
-64.657
-64.944
-64.87
-65.279
-65.652
-65.716
-65.963
-65.63
-65.877
-66.291
-66.482
-66.502
-66.324
-66.516
-66.066
-65.974
-65.727
-65.431
-65.247
-64.973
-64.632
-64.693
-64.719
-64.56
-64.536
-64.423
-64.334
-63.928
-64.027
-64.222
-64.153
-64.135
-64.211
-64.42
-64.397
-64.226
-64.147
-64.318
-64.458
-64.391
-64.382
-64.407
-64.655
-64.716
-64.794
-64.961
-64.826
-65.144
-64.932
-64.915
-65.052
-65.398
-65.264
-65.187
-65.298
-65.709
-65.706
-65.783
-66.074
-65.892
-66.051
-66.425
-66.53
-67.082
-67.314
-67.427
-67.831
-67.98
-68.097
-68.384
-68.593
-68.66
-69.012
-69.302
-69.619
-69.858
-69.947
-70.077
-70.234
-70.333
-70.247
-70.401
-70.529
-70.963
-71.209
-71.348
-71.625
-71.882
-72.206
-72.428
-72.294
-72.275
-72.241
-72.476
-72.69
-72.625
-72.74
-72.831
-73.142
-73.206
-72.95
-73.035
-73.421
-73.523
-73.965
-73.933
-74.241
-74.43
-74.649
-74.92
-75.067
-75.183
-75.218
-75.339
-75.517
-75.539
-75.578
-75.752
-75.997
-75.81
-75.995
-76.168
-76.392
-76.435
-76.582
-76.898
-77.113
-77.332
-77.589
-77.708
-77.947
-78.085
-78.598
-78.567
-78.824
-79.081
-79.302
-79.333
-79.434
-79.523
-79.765
-80.118
-80.373
-80.429
-80.692
-80.947
-81.238
-81.537
-81.403
-81.646
-81.927
-81.726
-81.74
-81.969
-82.398
-82.447
-82.287
-82.211
-82.275
-82.163
-82.294
-82.403
-82.747
-83.097
-83.196
-83.218
-83.406
-83.726
-83.597
-83.737
-83.735
-83.918
-83.873
-83.756
-83.796
-83.966
-84.372
-84.319
-84.83
-85.028
-84.939
-85.253
-85.422
-85.3
-85.231
-85.028
-85.035
-85.096
-84.999
-84.934
-84.895
-84.929
-85.018
-85.06
-85.123
-84.717
-85.063
-84.866
-84.901
-84.718
-84.805
-84.613
-84.773
-84.725
-84.552
-84.698
-84.492
-84.448
-84.637
-84.929
-85.01
-84.854
-85.005
-85.052
-84.856
-84.983
-85.004
-85.226
-85.234
-85.065
-85.291
-85.527
-85.645
-85.545
-85.596
-85.69
-85.666
-85.653
-85.544
-85.675
-85.751
-85.8
-85.996
-86.314
-86.37
-86.472
-86.371
-86.532
-86.688
-87.028
-87.27
-87.462
-87.321
-87.519
-87.483
-87.254
-87.547
-87.711
-87.727
-87.849
-88.284
-88.454
-88.907
-88.666
-88.545
-88.39
-88.636
-88.543
-88.401
-88.59
-88.651
-88.431
-88.392
-88.395
-88.432
-88.276
-88.411
-88.256
-88.382
-88.489
-88.377
-88.257
-88.331
-88.187
-88.344
-88.326
-88.257
-88.238
-88.36
-88.376
-88.528
-88.402
-88.594
-88.69
-88.582
-88.564
-88.628
-88.589
-88.572
-88.6
-88.397
-88.524
-88.373
-88.1
-88.247
-88.222
-88.212
-88.061
-88.002
-87.829
-88
-87.982
-87.752
-87.868
-87.713
-87.667
-87.94
-88.1
-88.272
-88.2
-88.156
-88.295
-88.524
-88.713
-88.644
-88.662
-88.778
-88.807
-88.889
-88.749
-88.886
-88.787
-88.823
-88.968
-88.949
-89.163
-89.402
-89.413
-89.331
-89.449
-89.312
-89.168
-89.329
-89.347
-89.462
-89.423
-89.539
-89.558
-89.606
-89.48
-89.813
-90.01
-90.063
-89.871
-89.754
-89.87
-90.019
-89.975
-89.981
-89.887
-90.089
-90.079
-90.249
-90.318
-90.218
-90.057
-90.411
-90.699
-90.666
-91.062
-91.384
-91.471
-91.497
-91.113
-91.033
-90.86
-90.797
-90.917
-90.821
-90.991
-91.317
-91.184
-91.234
-91.303
