-77.902
-77.768
-77.673
-77.787
-77.977
-77.946
-78.192
-78.403
-78.177
-78.557
-78.303
-78.163
-78.279
-78.207
-78.301
-78.287
-78.246
-78.28
-78.109
-78.275
-78.237
-78.023
-77.871
-77.882
-77.789
-77.758
-77.697
-77.952
-78.113
-78.056
-77.952
-77.701
-77.253
-76.795
-76.258
-75.681
-75.311
-74.801
-74.468
-73.913
-73.477
-73.372
-73.071
-72.759
-72.422
-72.417
-71.972
-71.692
-71.484
-71.411
-71.342
-71.376
-71.328
-71.256
-70.855
-71.024
-70.989
-70.706
-70.782
-70.667
-70.688
-70.68
-70.624
-70.457
-70.297
-70.204
-70.144
-70.056
-69.81
-69.725
-70.057
-69.877
-69.922
-69.98
-69.784
-69.811
-69.879
-69.687
-69.847
-69.901
-69.794
-69.592
-69.299
-69.02
-68.385
-67.977
-67.798
-67.462
-67.478
-67.315
-66.997
-66.795
-66.395
-66.052
-66.099
-66.12
-65.877
-65.709
-65.599
-65.621
-65.48
-65.421
-65.352
-64.806
-64.398
-64.347
-64.314
-64.026
-63.878
-63.939
-63.633
-63.385
-63.32
-63.121
-62.974
-62.805
-63.045
-63.072
-63.044
-62.89
-62.788
-62.732
-62.571
-62.999
-62.851
-62.486
-62.367
-62.383
-62.344
-62.235
-62.321
-62.524
-62.881
-62.974
-62.95
-62.966
-63.151
-62.862
-62.567
-62.679
-62.679
-62.847
-63.219
-63.264
-63.26
-63.224
-63.18
-63.209
-63.219
-63.462
-63.305
-63.183
-62.879
-62.499
-62.172
-61.721
-61.342
-61.205
-60.848
-60.893
-60.733
-60.636
-60.444
-60.207
-60.181
-60.087
-59.916
-60.03
-59.831
-59.626
-59.679
-59.789
-59.488
-59.348
-59.256
-59.071
-59.188
-58.973
-58.895
-58.734
-58.565
-58.354
-58.287
-58.313
-58.357
-58.237
-58.079
-57.994
-57.948
-57.744
-57.847
-57.589
-56.977
-56.673
-56.062
-56.042
-55.388
-54.897
-54.103
-53.303
-52.655
-51.324
-49.372
-45.745
-45
-45
-45
-45
-45
-45
-45
-45
-45
-45
-45
-45
-45
-45
-51.477
-57.633
-62.279
-65.422
-67.475
-68.882
-69.766
-70.329
-70.698
-70.996
-71.034
-71.082
-70.981
-70.946
-71.026
-70.847
-70.578
-70.296
-70.122
-69.624
-69.424
-69.008
-68.603
-67.846
-67.453
-67.165
-66.744
-66.351
-66.288
-65.748
-65.28
-65.032
-64.538
-64.167
-63.755
-63.215
-62.621
-62.225
-62.134
-61.851
-61.715
-61.25
-61.229
-61.044
-60.578
-60.261
-60.244
-59.861
-59.513
-59.144
-59.338
-60.516
-63.924
-67.523
-70.985
-73.313
-75.528
-76.834
-77.635
-78.137
-78.715
-78.919
-79.441
-79.376
-79.651
-79.84
-79.698
-79.732
-79.769
-79.728
-79.626
-79.409
-79.531
-79.319
-79.219
-78.976
-78.748
-78.828
-79.044
-78.875
-78.768
-78.784
-78.851
-78.801
-78.946
-79
-78.984
-79.037
-79.003
-78.976
-79.019
-79.063
-79.192
-79.075
-79.295
-79.141
-79.424
-79.547
-79.647
-79.739
-79.502
-79.427
-79.336
-79.306
-79.292
-79.558
-79.53
-79.487
-79.54
-79.414
-79.249
-79.395
-79.63
-79.935
-80.158
-79.964
-80.092
-79.958
-79.93
-79.846
-79.825
-80.153
-79.735
-79.692
-80.035
-79.986
-79.785
-79.871
-79.899
-79.858
-79.768
-79.786
-79.812
-79.662
-80.185
-80.276
-80.181
-80.146
-79.942
-80.233
-80.258
-80.422
-80.46
-80.332
-80.321
-80.526
-80.317
-79.91
-79.819
-79.875
-79.705
-79.773
-79.891
-80.16
-80.274
-80.244
-80.117
-79.858
-79.768
-79.771
-79.901
-79.893
-79.815
-79.922
-80.184
-80.359
-80.049
-80.312
-80.18
-80.166
-80.17
-80.323
-80.495
-80.41
-80.189
-80.056
-79.962
-79.73
-79.756
-79.766
-79.832
-79.632
-79.823
-79.836
-79.98
-79.864
-79.717
-79.708
-79.891
-80.081
-80.011
-79.878
-79.875
-79.994
-79.652
-79.789
-79.954
-79.941
-80.094
-80.067
-80.148
-80.353
-80.181
-79.515
-78.56
-77.356
-76.472
-75.669
-74.78
-74.11
-73.302
-72.414
-71.657
-71.322
-70.92
-70.581
-70.753
-70.889
-70.763
-70.654
-70.537
-70.522
-70.326
-70.517
-70.35
-70.652
-70.549
-70.861
-70.888
-70.977
-71.338
-71.409
-71.496
-71.794
-71.971
-72.299
-72.618
-72.7
-72.996
-73.089
-73.297
-73.498
-73.821
-73.957
-73.995
-74.008
-74.21
-74.31
-74.241
-73.971
-74.266
-74.236
-74.042
-73.857
-73.882
-74.071
-74.158
-74.095
-73.774
-73.833
-74.062
-74.127
-74.274
-74.454
-74.65
-74.684
-74.783
-74.284
-73.718
-72.764
-71.567
-70.285
-69.128
-68.223
-67.527
-66.803
-66.386
-65.511
-65.36
-64.861
-64.798
-64.661
-64.804
-64.629
-64.592
-64.711
-64.589
-64.569
-64.812
-64.629
-64.68
-64.74
-64.885
-64.945
-65.289
-65.523
-65.441
-65.756
-65.742
-65.856
-65.905
-66.221
-66.568
-66.783
-66.989
-66.865
-66.805
-66.888
-66.73
-66.928
-66.682
-66.583
-66.765
-66.834
-66.777
-67.226
-67.33
-67.517
-67.685
-67.701
-68.013
-68.21
-68.406
-68.623
-68.885
-68.852
-69.13
-69.773
-70.096
-70.16
-70.049
-70.144
-70.167
-70.07
-69.901
-69.632
-69.418
-69.14
-69.098
-69.008
-68.482
-68.208
-68.098
-68.153
-68.206
-68.286
-68.321
-68.477
-68.586
-68.733
-68.936
-68.803
-68.865
-68.828
-68.868
-69.302
-69.576
-69.794
-70.198
-70.425
-70.399
-70.682
-70.936
-71.142
-71.212
-71.387
-71.554
-71.407
-71.663
-71.428
-71.334
-71.287
-71.186
-71.052
-70.926
-70.558
-70.159
-70.128
-70.054
-70.284
-70.212
-70.401
-70.521
-70.867
-70.891
-71.006
-71.093
-71.277
-71.402
-71.547
-71.658
-71.743
-71.792
-71.904
-71.915
-71.811
-71.921
-71.952
-72.182
-72.341
-72.433
-72.48
-72.424
-72.525
-72.646
-72.977
-72.84
-72.978
-72.717
-72.273
-72.422
-72.14
-72.039
-72.008
-71.94
-71.914
-71.645
-71.418
-71.183
-71.003
-70.918
-71.107
-70.837
-70.579
-70.288
-70.388
-70.465
-70.71
-71.062
-70.954
-70.775
-70.988
-71.028
-70.998
-71.312
-71.543
-71.481
-71.561
-71.586
-71.688
-71.589
-71.415
-71.285
-71.1
-70.792
-70.954
-70.519
-70.337
-70.31
-69.916
-69.932
-69.849
-69.608
-69.897
-69.818
-69.686
-69.603
-69.56
-69.652
-69.814
-69.869
-69.932
-69.682
-69.419
-69.54
-69.456
-69.527
-69.291
-69.463
-69.75
-69.887
-69.834
-70.034
-69.956
-70.291
-70.245
-70.151
-70.263
-70.362
-70.529
-70.671
-70.812
-70.845
-71.23
-71.311
-71.507
-72.006
-71.941
-72.34
-72.643
-72.498
-72.736
-72.443
-72.379
-72.559
-72.816
-72.704
-73.082
-73.316
-73.769
-73.778
-74.089
-73.858
-74.123
-73.98
-73.955
-74.088
-74.065
-74.406
-74.663
-74.654
-74.742
-74.812
-74.735
-75.092
-75.195
-75.172
-75.289
-75.455
-75.389
-75.366
-75.424
-75.396
-75.373
-75.451
-75.424
-75.417
-75.273
-75.565
-75.701
-75.862
-76.237
-76.224
-76.661
-77.011
-77.094
-77.021
-76.866
-76.659
-76.604
-76.561
-76.517
-76.651
-76.558
-76.565
-76.639
-76.602
-76.577
-76.356
-76.634
-76.824
-76.877
-77.019
-77.182
-77.35
-77.546
-77.429
-77.454
-77.271
-77.384
-77.352
-77.449
-77.405
-77.569
-77.528
-77.582
-77.887
-77.756
-77.872
-78.239
-78.292
-78.183
-78.308
-78.222
-78.207
-78.26
-77.826
-78.018
-78.445
-78.432
-78.556
-78.863
-78.91
-78.933
-79.069
-78.998
-78.917
-78.924
-79.057
-78.787
-78.873
-78.873
-79.124
-78.935
-79.109
-79.129
-79.334
-79.474
-79.244
-79.31
-79.43
-79.451
-79.251
-79.28
-79.382
-79.651
-79.632
-79.964
-80.365
-80.198
-80.371
-80.556
-80.924
-81.051
-81.227
-81.407
-81.657
-81.743
-81.671
-81.522
-81.568
-81.83
-81.881
-81.998
-82.294
-82.444
-82.573
-82.758
-82.976
-82.907
-82.946
-82.734
-82.905
-82.958
-83.227
-83.458
-83.101
-83.127
-82.963
-82.942
-82.808
-83.113
-82.937
-83.039
-83.075
-83.233
-83.25
-83.327
-83.556
-83.348
-83.533
-83.625
-83.506
-83.621
-83.539
-83.718
-83.667
-83.244
-83.472
-83.485
-83.552
-83.59
-83.602
-83.568
-83.697
-83.829
-84.03
-84.276
-84.419
-84.278
-84.411
-84.656
-84.675
-84.811
-85.023
-85.077
-85.182
-85.095
-84.854
-85.002
-85.107
-84.862
-84.797
-84.689
-84.679
-84.926
-85.029
-85.52
-85.287
-85.403
-85.531
-85.653
-85.672
-85.343
-84.989
-85.014
-85.011
-85.063
-85.476
-85.66
-85.62
-85.785
-85.967
-85.761
-85.656
-85.643
-85.689
-85.965
-85.846
-86.012
-85.892
-85.796
-86.062
-86.016
-86.128
-85.965
-85.779
-85.904
-86.002
-86.056
-86.065
-85.986
-86.041
-86.206
-86.167
-86.238
-86.252
-86.233
-86.436
-86.37
-86.379
-86.275
-86.597
-86.421
-86.653
-86.749
-86.946
-86.932
-86.849
-86.595
-86.429
-86.448
-86.218
-86.13
-86.422
-86.427
-86.403
-86.428
-86.563
-86.42
-86.7
-86.785
-86.875
-87.014
-87.269
-87.14
-87.302
-87.463
-87.536
-87.399
-87.539
-87.59
-87.596
-87.436
-87.716
-87.75
-87.58
-87.578
-87.613
-87.452
-87.412
-87.567
-87.938
-88.101
-88.062
-87.979
-87.967
-88.016
-87.878
-87.924
-87.742
-87.778
-87.756
