-80.338
-80.417
-80.558
-80.538
-80.703
-80.689
-80.504
-80.554
-80.71
-80.476
-80.484
-80.345
-80.411
-80.508
-80.379
-80.311
-80.234
-80.356
-80.463
-80.547
-80.514
-80.742
-80.838
-80.744
-80.615
-80.535
-80.365
-80.748
-80.622
-80.592
-80.854
-80.978
-81.018
-80.661
-80.704
-80.561
-80.703
-80.713
-80.434
-80.47
-80.417
-80.444
-80.229
-80.288
-80.475
-80.435
-80.351
-80.482
-80.843
-80.846
-80.664
-80.73
-80.763
-81.027
-81.181
-81.125
-81.268
-81.47
-81.45
-81.324
-81.453
-81.383
-81.307
-81.474
-81.739
-81.55
-81.408
-81.497
-81.552
-81.781
-81.521
-81.217
-81.032
-80.893
-80.63
-80.799
-80.73
-80.901
-80.768
-81.198
-80.945
-81.036
-81.025
-81.341
-81.359
-81.411
-81.277
-81.158
-81.342
-81.353
-81.307
-81.21
-81.568
-81.811
-81.834
-81.636
-81.822
-81.946
-81.77
-81.593
-81.56
-81.553
-81.752
-81.441
-81.547
-81.244
-81.385
-81.332
-81.53
-81.337
-80.755
-80.331
-79.968
-79.616
-79.338
-79.212
-79.023
-78.663
-78.653
-78.433
-78.353
-78.31
-78.275
-78.377
-78.153
-77.596
-77.374
-77.19
-77.033
-76.959
-76.683
-76.493
-76.178
-76.181
-76.161
-75.972
-76.117
-76.255
-76.069
-76.006
-76.133
-76.123
-76.018
-76.072
-76.197
-76.169
-75.941
-75.996
-76.192
-76.174
-76.159
-76.178
-76.216
-76.13
-76.343
-76.282
-76.486
-76.759
-77.004
-76.973
-76.932
-76.912
-76.925
-77.067
-76.946
-76.952
-76.916
-76.717
-76.723
-76.935
-76.966
-77.32
-77.606
-77.742
-77.907
-77.996
-78.216
-78.088
-78.54
-78.575
-78.835
-79.039
-79.031
-79.118
-79.411
-79.297
-79.405
-79.305
-79.169
-79.051
-78.227
-77.323
-76.571
-75.762
-74.801
-73.919
-73.05
-72.641
-71.926
-71.547
-71.095
-70.772
-70.416
-70.418
-70.262
-70.119
-69.988
-69.755
-69.823
-69.583
-69.735
-69.839
-69.684
-69.833
-69.52
-69.272
-69.404
-69.51
-69.464
-69.717
-69.752
-69.483
-69.682
-69.734
-69.797
-69.852
-69.758
-69.496
-69.205
-68.808
-68.797
-68.823
-68.824
-68.617
-68.248
-68.167
-68.208
-68.114
-68.046
-67.778
-67.382
-67.378
-67.317
-67.026
-66.62
-66.276
-66.4
-66.526
-66.54
-66.859
-67.178
-67.269
-67.283
-67.36
-67.349
-67.328
-67.063
-66.687
-66.791
-66.788
-66.584
-66.262
-66.166
-66.109
-65.948
-65.764
-65.658
-65.595
-65.555
-65.334
-65.091
-65.293
-65.155
-65.41
-65.771
-65.935
-65.834
-65.878
-65.984
-65.675
-65.73
-65.801
-65.679
-65.84
-65.828
-66.084
-66.359
-66.443
-66.784
-66.837
-66.885
-66.951
-66.761
-66.557
-66.337
-66.127
-65.726
-65.557
-65.497
-65.044
-64.326
-63.944
-63.765
-63.403
-63.197
-63
-62.885
-62.651
-62.556
-62.585
-62.512
-62.321
-62.228
-62.333
-62.396
-62.247
-62.27
-62.297
-62.372
-62.214
-62.305
-62.449
-62.457
-62.751
-62.917
-62.929
-63.328
-63.433
-63.962
-64.166
-64.66
-64.762
-65.263
-65.293
-65.091
-64.968
-65.006
-64.469
-64.349
-64.296
-64.196
-64.057
-64.073
-64.408
-64.53
-64.353
-64.626
-64.596
-64.787
-64.628
-64.912
-66.755
-69.674
-72.147
-74.398
-75.624
-76.621
-77.379
-78.038
-78.068
-78.204
-78.645
-78.679
-78.691
-79.053
-79.169
-79.405
-78.965
-79.105
-79.1
-78.927
-78.887
-79.023
-78.908
-79.346
-79.399
-79.36
-79.417
-79.471
-79.545
-79.552
-79.441
-79.302
-79.159
-79.26
-79.46
-79.336
-79.319
-78.714
-78.75
-78.833
-78.833
-79.218
-78.956
-78.965
-79.093
-78.768
-78.827
-78.902
-78.663
-79.004
-78.808
-78.722
-79.001
-79.027
-78.808
-78.714
-78.625
-78.681
-78.735
-78.525
-78.334
-78.243
-78.04
-77.726
-77.572
-77.331
-77.295
-77.099
-77.173
-76.903
-77.1
-77.341
-77.506
-77.63
-77.633
-77.555
-77.561
-77.468
-77.747
-77.703
-77.454
-77.567
-77.412
-77.349
-77.378
-77.573
-77.428
-77.29
-77.189
-76.939
-76.855
-76.648
-76.111
-75.96
-75.758
-75.367
-75.12
-74.827
-74.754
-74.735
-74.701
-74.481
-74.39
-74.261
-74.185
-74.312
-74.358
-74.164
-74.106
-73.8
-73.734
-73.641
-73.413
-73.109
-73.087
-73.119
-73.155
-73.186
-73.37
-73.373
-73.351
-73.481
-73.371
-73.32
-73.209
-73.146
-72.889
-72.95
-73.251
-73.407
-73.389
-73.552
-73.64
-73.824
-73.884
-73.919
-73.635
-73.729
-73.648
-73.528
-73.287
-73.552
-73.515
-73.515
-73.568
-73.566
-73.789
-73.54
-73.733
-73.923
-73.988
-73.833
-73.856
-73.682
-73.845
-73.945
-73.793
-73.775
-73.841
-73.711
-73.12
-72.855
-72.623
-72.519
-72.26
-72.356
-72.025
-72.029
-72.142
-72.444
-72.166
-72.01
-71.786
-71.527
-71.793
-71.581
-71.363
-71.623
-71.733
-71.864
-72.005
-71.839
-72.053
-72.072
-72.16
-72.347
-72.27
-72.33
-72.478
-72.653
-72.682
-73.106
-73.371
-73.565
-73.659
-73.754
-73.767
-73.937
-73.799
-73.586
-73.042
-73.141
-73.268
-73.021
-73.16
-73.265
-73.219
-73.504
-73.278
-73.353
-73.474
-73.642
-73.67
-73.664
-73.526
-73.351
-73.203
-73.201
-72.959
-72.654
-72.431
-72.534
-72.399
-72.579
-72.386
-72.413
-72.582
-72.876
-73.105
-73.07
-73.119
-73.136
-73.399
-73.532
-73.767
-73.763
-73.362
-73.69
-73.884
-74.304
-74.505
-74.659
-74.501
-74.479
-74.234
-74.206
-74.091
-74.323
-74.261
-74.624
-74.675
-74.783
-74.939
-75.052
-75.365
-75.427
-75.515
-75.583
-75.678
-75.726
-75.849
-75.793
-75.296
-74.993
-74.592
-74.036
-73.85
-73.408
-72.873
-72.563
-72.009
-71.516
-71.001
-70.73
-70.526
-70.249
-70.215
-70.248
-70.415
-70.051
-69.823
-69.961
-69.766
-69.897
-69.821
-69.786
-69.849
-69.946
-70.213
-70.122
-70.302
-70.606
-70.741
-70.726
-70.763
-70.689
-70.621
-70.732
-70.829
-70.87
-71.097
-71.347
-71.447
-71.318
-71.408
-71.269
-71.347
-71.117
-70.629
-70.399
-70.208
-70.147
-70.088
-70.065
-69.626
-69.576
-69.47
-69.014
-69.107
-69.267
-69.397
-69.421
-69.509
-69.834
-69.965
-70.22
-70.526
-70.64
-70.87
-70.803
-70.806
-70.972
-71.15
-71.117
-71.106
-71.07
-71.045
-71.083
-71.439
-71.173
-71.173
-70.968
-71.145
-71.006
-71.238
-71.153
-71.443
-71.748
-71.578
-71.824
-71.842
-71.559
-71.746
-71.954
-72.275
-72.73
-73.043
-73.033
-73.251
-73.224
-73.268
-73.343
-73.431
-73.602
-73.662
-73.488
-73.68
-73.891
-73.992
-74.062
-74.2
-74.372
-74.602
-75.101
-75.364
-75.253
-75.535
-75.269
-75.434
-75.574
-75.437
-75.624
-75.713
-75.719
-75.698
-75.715
-75.834
-75.639
-75.758
-75.767
-75.681
-75.978
-76.188
-76.067
-76.153
-76.199
-76.355
-76.868
-77.019
-76.994
-77.111
-77.119
-77.116
-77.067
-77.336
-77.485
-77.877
-78.128
-78.123
-78.301
-78.419
-78.403
-78.428
-78.313
-78.569
-78.323
-78.333
-78.07
-78.219
-78.239
-78.274
-78.423
-78.244
-77.944
-78.029
-78.145
-78.287
-78.177
-78.237
-78.47
-78.846
-79.025
-79.033
-79.174
-79.255
-78.889
-78.579
-78.437
-78.67
-78.521
-78.607
-78.501
-78.523
-78.411
-78.276
-78.712
-78.548
-78.421
-78.658
-78.687
-78.792
-78.938
-79.168
-79.474
-79.64
-79.487
-79.613
-79.172
-79.209
-79.364
-79.577
-79.522
-79.918
-79.8
-79.803
-79.905
-79.985
-80.258
-80.427
-80.26
-80.294
-80.291
-80.535
-80.859
-80.758
-80.784
-80.872
-80.979
-80.73
-80.772
-80.932
-80.977
-80.885
-81.026
-81.101
-81.16
-81.135
-81.087
-81.222
-81.013
-81.108
-81.48
-81.273
-81.205
-81.304
-81.237
-81.425
-81.544
-81.515
-81.225
-81.328
-81.453
-81.798
-81.671
-81.681
-81.409
-81.269
-81.108
-81.36
-81.157
-81.296
-81.343
-81.374
-81.587
-81.621
-81.741
-81.646
-81.857
-82.098
-82.151
-82.207
-82.332
-82.478
-82.745
-82.798
-82.693
-82.543
-82.596
-82.437
-82.671
-82.297
-82.322
-82.379
-82.421
-82.466
-82.487
-82.599
-82.657
-82.878
-82.686
-82.688
-82.684
-82.817
-82.75
-82.891
-82.903
-82.78
-83.036
-83.178
-83.518
-83.396
-83.447
-83.967
-84.127
-84.009
-84.125
-84.065
-84.214
-84.367
-84.317
-84.656
-84.1
-84.201
-84.442
-84.513
-84.517
-84.267
-84.362
-84.162
-83.987
-84.127
-84.121
-84.069
-84.091
-84.141
-84.249
-84.059
-84.21
-84.15
-84.167
-84.28
-84.334
-84.51
-84.589
-84.46
-84.286
-84.354
-84.676
-84.395
-84.106
-84.079
-84.093
-83.907
-83.899
-83.966
-83.78
-83.881
-83.925
-84.061
-84.112
-83.948
-83.967
-83.924
-83.661
-83.786
-83.835
-83.52
-83.316
-83.099
-82.951
-83.102
-82.995
-82.933
-83.028
-83.113
-83.104
-83.328
-83.14
-83.352
-83.046
-83.155
-83.555
-83.558
-83.469
-83.142
-82.993
-82.741
-82.787
-82.647
-82.49
-82.445
-82.34
-82.292
-82.247
-82.297
-82.468
-82.526
-82.537
-82.432
-82.404
-82.351
-82.039
-82.217
-82.316
-82.278
-81.969
-82.141
-82.121
-82.243
-82.319
