-80.136
-80.097
-80.119
-80.273
-80.287
-80.166
-80.251
-80.172
-80.322
-79.907
-79.956
-79.779
-79.813
-80.018
-79.84
-79.843
-79.849
-79.833
-79.775
-79.934
-79.776
-79.736
-79.878
-79.787
-79.862
-79.871
-79.639
-79.618
-79.842
-79.757
-79.358
-79.15
-78.753
-78.78
-78.49
-78.344
-78.273
-78.522
-78.436
-78.119
-78.184
-78.322
-78.212
-78.455
-78.549
-78.489
-78.382
-78.599
-78.614
-78.329
-78.171
-77.862
-77.669
-77.341
-77.218
-76.89
-76.926
-76.921
-76.887
-76.628
-76.617
-76.665
-76.524
-76.604
-76.873
-77.003
-76.761
-76.429
-76.495
-76.576
-76.732
-76.562
-76.769
-76.982
-76.891
-76.83
-76.989
-77.045
-77.136
-77.361
-76.917
-76.941
-76.818
-76.794
-76.722
-76.833
-76.601
-76.485
-76.307
-76.31
-76.382
-76.495
-76.668
-76.583
-76.516
-76.383
-76.398
-76.508
-76.736
-76.568
-76.405
-76.244
-76.334
-76.317
-76.417
-76.36
-76.492
-76.54
-76.853
-76.948
-76.848
-76.783
-76.994
-77.222
-77.538
-77.307
-77.166
-77.305
-77.067
-76.978
-77.239
-77.222
-77.401
-77.307
-77.525
-77.636
-77.726
-78.105
-78.035
-78.174
-78.404
-78.374
-78.351
-78.435
-78.748
-78.664
-78.731
-78.679
-78.611
-78.674
-78.781
-78.652
-78.577
-78.776
-78.833
-78.968
-78.816
-78.68
-78.547
-78.619
-78.14
-78.081
-77.624
-77.176
-76.767
-76.64
-76.275
-76.329
-76.347
-76.21
-76.106
-75.763
-75.364
-74.792
-74.61
-74.218
-74.202
-73.784
-73.226
-72.976
-72.655
-72.515
-72.247
-72.177
-72.155
-72.234
-71.945
-72.002
-71.899
-71.887
-71.983
-71.981
-71.722
-71.837
-71.897
-72.014
-72.243
-72.3
-72.129
-72.132
-72.083
-72.144
-72.198
-72.18
-72.134
-71.964
-72.098
-71.71
-71.502
-71.506
-71.336
-71.363
-71.358
-71.316
-71.416
-71.407
-71.191
-71.35
-71.504
-71.896
-71.961
-71.687
-72.131
-71.771
-71.942
-71.801
-71.904
-71.948
-72.053
-72.21
-72.142
-72.45
-72.56
-72.782
-73.15
-72.859
-72.788
-72.627
-72.59
-72.527
-72.732
-72.712
-72.829
-72.747
-72.593
-72.852
-73.163
-73.229
-73.4
-73.596
-73.737
-73.683
-73.819
-73.878
-73.908
-74.063
-74.283
-74.362
-73.971
-73.636
-73.554
-73.06
-72.955
-72.63
-72.022
-71.638
-71.317
-70.975
-70.316
-70.043
-69.69
-69.196
-68.794
-68.483
-68.137
-67.731
-67.146
-66.407
-65.842
-65.547
-65.131
-64.384
-63.985
-63.607
-63.358
-62.797
-62.666
-62.335
-62.144
-62.052
-61.866
-61.692
-61.223
-61.263
-61.138
-60.751
-60.291
-59.996
-59.764
-59.159
-58.639
-58.245
-57.504
-56.947
-56.732
-56.375
-55.972
-55.423
-54.811
-54.195
-53.33
-52.096
-50.909
-48.821
-45
-45
-45
-45
-45
-45
-45
-45
-45
-45
-45
-45
-45
-45
-47.98
-54.713
-60.026
-63.792
-66.141
-67.846
-68.955
-69.691
-70.358
-70.516
-70.517
-70.617
-70.632
-70.701
-70.686
-70.706
-70.697
-70.462
-70.465
-70.683
-71.148
-72.487
-74.079
-75.584
-76.568
-77.375
-77.747
-77.997
-78.389
-78.581
-78.569
-78.81
-78.856
-78.66
-78.841
-79.056
-79.028
-79.076
-79.181
-79.163
-79.326
-79.157
-79.161
-79.217
-79.212
-79.23
-79.18
-79.078
-79.001
-78.95
-79.121
-79.033
-79.025
-78.545
-78.75
-78.617
-78.649
-78.788
-78.879
-79.186
-79.167
-79.149
-78.988
-79.125
-79.04
-79.356
-79.471
-79.362
-79.387
-79.25
-79.267
-79.006
-79.029
-79.085
-78.958
-78.895
-78.933
-78.798
-78.962
-79.042
-79.014
-79.136
-78.778
-78.626
-78.531
-78.875
-78.91
-79
-79.057
-78.983
-79.074
-79.031
-79.143
-79.058
-78.993
-78.927
-78.948
-79.091
-79.15
-78.984
-78.926
-78.838
-78.812
-78.681
-78.638
-78.939
-78.993
-79.016
-78.947
-78.724
-78.767
-78.703
-78.982
-79.066
-79.309
-79.132
-79.243
-79.193
-79.24
-79.339
-79.431
-79.669
-79.729
-79.566
-79.667
-79.708
-79.682
-79.545
-79.528
-79.512
-79.353
-79.18
-79.185
-79.002
-78.97
-78.905
-79.057
-78.763
-79.011
-78.951
-78.663
-78.532
-78.382
-77.982
-77.941
-78.039
-78.046
-78.11
-77.927
-77.995
-78.062
-78.183
-78.34
-78.269
-78.361
-78.563
-78.577
-78.671
-78.769
-78.968
-79.264
-79.3
-79.158
-79.226
-79.355
-79.386
-79.299
-79.034
-78.963
-79.093
-79.208
-78.974
-78.961
-78.98
-78.909
-79.032
-79.313
-79.154
-78.941
-78.869
-78.946
-79.255
-79.311
-79.287
-78.981
-78.906
-78.872
-79.12
-78.964
-78.965
-79.12
-79.226
-79.221
-79.27
-79.324
-79.333
-79.41
-79.435
-79.267
-79.462
-79.606
-79.537
-79.629
-79.638
-79.685
-79.672
-79.733
-79.758
-79.7
-79.828
-79.726
-79.674
-79.67
-79.294
-78.932
-78.905
-78.868
-78.878
-79.076
-79.064
-78.761
-78.731
-79.01
-79.019
-78.915
-78.797
-78.785
-78.458
-78.532
-78.578
-78.606
-78.68
-78.815
-78.861
-78.97
-78.999
-78.91
-78.85
-79.131
-79.175
-79.172
-79.131
-79.147
-79.227
-79.416
-79.286
-79.418
-79.479
-79.59
-79.459
-79.262
-79.234
-79.152
-78.809
-79.011
-79.03
-78.845
-79.003
-79.068
-79.39
-79.385
-79.425
-79.497
-79.545
-79.518
-79.388
-79.717
-79.585
-79.563
-79.518
-79.474
-79.385
-79.587
-79.749
-79.806
-79.869
-79.918
-79.74
-79.574
-79.453
-79.253
-79.382
-79.393
-79.215
-79.078
-79.25
-79.081
-79.317
-79.377
-79.337
-79.467
-79.495
-79.587
-79.34
-79.374
-79.465
-79.515
-79.538
-79.496
-79.665
-79.47
-79.691
-79.522
-79.858
-79.732
-79.791
-79.895
-79.697
-79.557
-79.501
-79.471
-79.455
-79.524
-79.742
-79.354
-79.385
-79.359
-79.256
-79.282
-79.346
-78.915
-79.034
-79.137
-79.093
-79.264
-79.265
-79.338
-79.331
-79.321
-79.347
-79.521
-79.376
-79.219
-79.511
-79.736
-79.893
-79.852
-79.65
-79.605
-79.57
-79.818
-79.981
-79.92
-80.067
-79.894
-79.825
-79.761
-80.087
-80.031
-80.167
-80.071
-79.836
-79.942
-79.886
-79.938
-79.802
-79.872
-79.931
-79.962
-80.13
-80.065
-80.2
-80.19
-80.254
-80.186
-80.097
-80.05
-79.872
-79.822
-79.806
-79.577
-79.834
-79.867
-80.019
-80.16
-80.065
-80.01
-80.075
-80.11
-80.073
-80.066
-80.034
-79.938
-80.176
-80.033
-80.079
-80.095
-79.991
-79.857
-80.159
-79.829
-79.685
-79.576
-79.564
-79.604
-79.662
-80.23
-79.92
-79.915
-79.999
-80.137
-80.176
-80.047
-80.186
-80.039
-80.134
-80.083
-80.092
-80.077
-80.201
-80.222
-80.044
-80.026
-80.183
-80.132
-80.028
-80.107
-80.145
-80.183
-80.175
-80.191
-80.208
-80.05
-79.83
-79.891
-80.052
-80.014
-80.094
-80.186
-80.028
-80.148
-80.006
-79.922
-79.89
-79.995
-80.053
-79.88
-79.806
-79.98
-80.216
-80.074
-80.321
-80.32
-80.167
-80.146
-80.212
-80.106
-79.968
-80.063
-80.112
-79.745
-79.912
-80.228
-80.059
-79.999
-79.93
-80.069
-79.998
-79.801
-79.75
-79.757
-79.715
-79.901
-79.906
-79.917
-79.881
-80.11
-80.121
-80.147
-80.338
-80.458
-80.077
-79.992
-80.018
-80.246
-80.123
-80.034
-80.03
-80.204
-80.159
-80.134
-79.897
-80.056
-79.777
-79.704
-80.162
-80.081
-79.927
-79.666
-79.55
-79.259
-79.317
-79.191
-78.966
-78.965
-78.889
-79.028
-79.12
-78.892
-78.912
-78.948
-79.108
-79.064
-79.12
-78.897
-78.993
-79.197
-79.442
-79.457
-79.33
-79.22
-79.377
-79.337
-79.519
-79.48
-79.623
-79.693
-79.686
-79.331
-79.279
-79.409
-79.362
-79.426
-79.479
-79.377
-79.524
-79.536
-79.413
-79.524
-79.579
-79.571
-79.574
-79.474
-79.525
-79.651
-79.817
-79.667
-79.772
-79.848
-79.809
-79.879
-80.148
-80.023
-79.825
-79.796
-79.819
-79.955
-79.77
-79.917
-79.986
-79.686
-79.827
-80.064
-80.137
-80.511
-80.691
-80.594
-80.366
-80.469
-80.122
-79.908
-79.791
-79.715
-80.089
-80.219
-80.478
-80.389
-80.545
-80.565
-80.083
-80.288
-80.154
-80.284
-80.05
-80.016
-80.18
-80.417
-80.509
-80.418
-80.233
-80.187
-80.478
-80.375
-80.188
-80.115
-80.334
-80.308
-80.216
-80.153
-80.001
-80.053
-80.172
-79.875
-80.319
-80.134
-79.911
-79.99
-80.173
-80.501
-80.607
-80.634
-80.672
-80.47
-80.61
-80.454
-80.562
-80.617
-80.681
-80.688
-80.654
-80.598
-80.578
-80.639
-80.52
-80.537
-80.447
-79.957
-79.796
-79.222
-78.972
-78.979
-78.545
-77.942
-77.578
-77.154
-77.112
-77.079
-76.975
-77.136
-76.997
-76.911
-76.685
-76.923
-77.081
-77.277
-76.923
-76.882
-77.084
-77.203
-77.138
-77.221
-77.038
-77.183
-77.286
-77.327
-77.571
-77.623
-77.371
-77.581
-77.55
-77.742
-77.729
-77.839
-77.751
-77.878
-78.119
-78.194
-78.185
-78.401
-78.57
-78.463
-78.594
-78.785
-78.847
-79.101
-79.047
-79.218
-79.061
-79.173
-79.425
-79.419
-79.266
-79.277
-79.291
-79.621
-79.538
-79.597
-79.462
-79.269
-79.362
-79.552
-79.27
-79.066
