-80.73
-80.649
-80.742
-80.66
-80.674
-80.866
-80.796
-80.819
-80.611
-80.634
-80.436
-80.258
-80.31
-80.296
-80.35
-80.575
-80.443
-80.386
-80.408
-80.604
-80.645
-80.726
-80.808
-81.056
-81.317
-81.283
-81.079
-81.125
-81.159
-80.94
-80.577
-80.585
-80.486
-80.583
-80.49
-80.246
-80.519
-80.42
-80.456
-80.715
-80.909
-80.82
-81.009
-80.85
-80.897
-80.887
-80.888
-80.913
-80.985
-81.391
-81.368
-81.286
-81.435
-81.473
-81.354
-81.474
-81.431
-81.284
-81.195
-81.186
-81.293
-81.229
-81.086
-81.207
-81.274
-81.299
-81.502
-81.381
-81.313
-81.394
-81.446
-81.478
-81.447
-81.485
-81.622
-81.441
-81.679
-81.489
-81.546
-81.577
-81.397
-81.407
-81.142
-81.289
-81.203
-81.312
-81.55
-81.72
-81.412
-81.67
-81.755
-81.531
-81.609
-81.742
-81.58
-81.437
-81.399
-81.315
-81.586
-81.58
-81.491
-81.488
-81.521
-81.151
-81.224
-81.211
-80.951
-80.878
-81.068
-81.19
-81.278
-81.203
-81.332
-81.383
-81.387
-81.479
-81.468
-81.335
-81.505
-81.675
-81.532
-81.333
-81.229
-81.286
-81.638
-81.446
-81.584
-81.428
-81.706
-81.862
-81.978
-81.697
-81.715
-81.976
-81.963
-81.944
-81.697
-81.577
-81.77
-81.701
-81.746
-81.676
-81.487
-81.623
-81.54
-81.176
-81.349
-80.859
-80.882
-80.633
-80.8
-80.524
-80.526
-80.594
-80.494
-80.485
-80.124
-80.289
-80.292
-80.505
-80.508
-80.605
-80.665
-80.827
-80.651
-80.74
-80.781
-80.741
-80.775
-80.93
-80.977
-80.865
-80.809
-80.834
-80.913
-80.951
-80.882
-81.036
-81.326
-81.285
-81.096
-80.753
-80.871
-80.777
-80.7
-80.902
-81.277
-81.279
-81.091
-81.078
-80.965
-81.047
-81.002
-81.323
-81.356
-81.551
-81.543
-81.644
-81.598
-81.435
-81.53
-81.446
-81.431
-81.612
-81.761
-81.845
-81.773
-81.683
-81.598
-81.532
-81.631
-81.64
-81.527
-81.54
-81.567
-81.605
-81.593
-81.389
-80.96
-80.13
-79.074
-77.912
-76.56
-75.19
-73.713
-71.854
-70.499
-68.991
-67.749
-66.437
-65.39
-64.255
-63.127
-62.179
-61.486
-60.934
-60.384
-59.797
-59.464
-59.084
-58.81
-58.436
-57.834
-57.338
-56.944
-56.5
-55.985
-55.442
-55.252
-54.943
-54.565
-54.099
-53.775
-53.029
-52.337
-50.6
-48.674
-45
-45
-45
-45
-45
-45
-45
-45
-45
-45
-45
-45
-45
-48.515
-60.742
-69.32
-73.652
-75.972
-77.106
-77.476
-77.78
-78.037
-78.031
-78.058
-77.739
-77.601
-77.441
-77.451
-77.434
-77.514
-77.703
-78.059
-78.03
-78.044
-77.985
-78.005
-77.903
-77.719
-77.576
-77.692
-77.966
-77.75
-77.939
-77.904
-77.724
-77.694
-77.961
-78.297
-78.514
-78.81
-78.884
-79.385
-79.206
-79.237
-79.328
-79.544
-79.535
-79.752
-79.543
-79.276
-79.58
-79.877
-79.658
-79.638
-79.294
-79.116
-78.935
-78.923
-78.537
-78.601
-78.753
-78.74
-78.784
-79.071
-79.332
-79.212
-79.367
-79.222
-78.854
-78.567
-78.098
-77.912
-77.669
-77.473
-77.414
-77.438
-77.355
-77.354
-77.148
-77.225
-77.275
-77.516
-77.839
-77.743
-77.99
-78.168
-78.188
-78.574
-78.52
-78.517
-78.639
-78.676
-78.593
-78.707
-78.718
-78.551
-78.84
-78.98
-78.87
-78.818
-78.706
-78.614
-78.574
-78.684
-78.739
-78.635
-78.625
-78.586
-78.675
-78.992
-78.999
-78.827
-78.89
-78.953
-78.872
-78.793
-78.827
-79.044
-79.259
-79.179
-79.181
-78.842
-78.305
-77.954
-77.53
-77.268
-76.935
-76.687
-76.659
-76.501
-76.435
-76.685
-76.867
-76.785
-77.034
-77.107
-76.973
-76.92
-77.061
-77.236
-77.445
-77.323
-77.473
-77.302
-76.634
-75.878
-75.282
-74.525
-73.812
-73.14
-72.196
-71.653
-71.12
-70.493
-70.205
-70.073
-70.314
-70.375
-70.449
-70.579
-70.761
-71.265
-71.372
-71.52
-71.466
-71.527
-72.028
-72.385
-72.455
-72.825
-73.252
-73.395
-73.629
-73.884
-74.192
-74.581
-74.591
-74.758
-74.713
-74.678
-75.288
-75.416
-75.49
-75.493
-75.609
-75.629
-75.673
-75.621
-75.511
-75.372
-75.407
-75.603
-75.277
-74.929
-74.368
-73.792
-73.134
-72.641
-72.419
-72.108
-71.725
-71.341
-71.18
-71.098
-71.079
-70.917
-70.687
-70.619
-70.781
-70.807
-71.17
-71.403
-71.666
-71.546
-71.204
-70.822
-70.24
-69.51
-69.119
-68.72
-68.27
-67.88
-67.468
-67.368
-67.251
-67.177
-67.305
-67.331
-67.508
-67.622
-67.844
-68.215
-68.687
-69.124
-69.428
-69.909
-70.008
-70.264
-70.621
-70.823
-71.447
-71.689
-71.836
-72.05
-72.192
-72.36
-72.701
-72.993
-73.274
-73.447
-73.856
-73.767
-73.75
-73.736
-73.779
-73.834
-73.73
-74.209
-74.285
-74.368
-74.268
-74.18
-74.187
-73.931
-74.169
-74.528
-74.828
-75.079
-75.255
-75.364
-75.418
-75.809
-75.871
-75.905
-75.843
-75.783
-75.967
-75.971
-75.705
-75.666
-75.617
-75.34
-75.384
-75.152
-75.323
-75.149
-74.943
-74.634
-74.447
-74.095
-74.187
-73.893
-73.551
-73.28
-72.988
-72.677
-72.57
-72.667
-72.646
-72.628
-72.72
-72.888
-72.985
-72.93
-73.26
-73.144
-73.275
-73.654
-73.848
-73.957
-73.973
-74.24
-74.359
-74.326
-74.422
-74.702
-74.778
-75.035
-75.237
-75.263
-75.304
-75.428
-75.357
-75.678
-75.875
-75.931
-75.948
-76.396
-76.359
-76.287
-76.446
-76.635
-76.747
-76.823
-77.082
-76.849
-76.797
-76.662
-76.6
-76.202
-75.964
-75.847
-75.824
-75.355
-75.178
-75.381
-75.544
-75.471
-75.65
-75.684
-75.696
-75.971
-75.911
-75.964
-76.123
-76.314
-76.475
-76.634
-76.794
-76.919
-76.899
-76.842
-76.879
-76.616
-76.52
-76.245
-75.774
-75.5
-75.546
-75.495
-75.326
-74.772
-74.191
-73.761
-73.368
-73.05
-72.782
-72.567
-72.587
-72.494
-72.205
-72.03
-71.843
-71.623
-71.567
-71.547
-71.396
-71.392
-71.335
-71.164
-70.943
-70.984
-71.126
-71.527
-71.515
-71.609
-71.823
-72.174
-72.084
-72.333
-72.073
-71.997
-72.249
-72.213
-72.382
-72.626
-72.683
-72.661
-72.947
-73.059
-73.189
-73.473
-73.739
-73.862
-74.119
-74.236
-74.471
-74.369
-74.569
-74.839
-74.734
-74.842
-74.992
-75.02
-75.017
-75.372
-75.314
-75.584
-75.683
-75.485
-75.585
-75.29
-74.849
-74.734
-74.489
-73.981
-73.682
-73.485
-73.582
-73.715
-73.624
-73.308
-73.346
-73.081
-72.974
-72.847
-72.736
-72.605
-72.617
-72.431
-72.291
-72.111
-71.938
-72.064
-72.107
-72.023
-72.453
-72.766
-73.008
-73.593
-73.911
-73.97
-74.249
-74.446
-74.703
-74.851
-75.182
-75.197
-75.544
-75.284
-75.332
-75.335
-75.419
-75.33
-75.279
-75.196
-75.06
-75.118
-75.379
-75.58
-75.764
-75.765
-75.844
-75.659
-75.867
-75.771
-76.063
-76.197
-76.198
-76.381
-76.295
-76.517
-76.259
-76.554
-76.57
-76.737
-76.813
-76.732
-76.783
-76.944
-76.772
-77.007
-77.131
-77.414
-77.457
-77.707
-78.046
-77.908
-78.097
-78.451
-78.229
-78.197
-78.421
-78.635
-78.543
-78.686
-78.525
-78.459
-78.404
-78.607
-78.556
-78.493
-78.605
-78.66
-78.753
-78.746
-78.768
-78.785
-78.874
-78.815
-78.871
-78.846
-79.111
-79.064
-79.073
-79.142
-79.162
-79.412
-79.73
-79.737
-79.908
-80.215
-80.177
-80.316
-80.496
-80.28
-80.305
-80.358
-80.425
-80.381
-80.562
-80.789
-80.937
-81.059
-81.104
-81.184
-81.18
-81.338
-81.405
-81.319
-81.366
-81.513
-81.657
-81.62
-81.53
-81.654
-81.565
-81.264
-81.465
-81.409
-81.614
-81.781
-81.543
-81.582
-81.567
-81.474
-81.546
-81.985
-81.988
-81.87
-81.81
-81.818
-81.632
-81.831
-81.872
-82.096
-81.718
-81.553
-81.706
-81.737
-81.874
-82.219
-82.105
-82.08
-82.188
-82.345
-82.442
-82.595
-82.394
-82.242
-82.305
-82.559
-82.76
-82.93
-83.127
-82.997
-83.226
-83.312
-83.357
-83.249
-83.283
-83.141
-83.086
-83.281
-83.346
-83.324
-83.06
-82.828
-82.916
-83.144
-83.265
-83.151
-83.176
-83.274
-83.62
-84.061
-84.233
-84.381
-84.151
-84.062
-84.435
-84.538
-84.573
-84.344
-84.241
-84.201
-84.175
-84.257
-84.202
-84.085
-84.194
-83.975
-83.86
-83.748
-83.587
-83.308
-83.281
-83.595
-83.813
-83.912
-83.703
-83.828
-84.041
-83.975
-84.068
-84.053
-83.965
-83.837
-83.966
-84.037
-84.122
-84.092
-84.323
-84.524
-84.433
-84.207
-83.982
-84.11
-84.221
-84.155
-84.075
-84.38
-84.418
-84.244
-84.28
-84.593
-84.621
-84.773
-84.659
-84.522
-84.189
-84.259
-84.273
-84.434
-84.564
-84.669
-84.614
-84.375
-84.557
-84.884
-84.785
-84.718
-84.513
-84.446
-84.624
-84.968
-84.788
-84.62
-84.907
-84.773
-84.756
-84.704
-84.392
-84.326
-84.421
-84.772
-84.884
-85.062
-85.057
-85.092
-85.293
-85.215
-85.298
-85.737
-85.751
-85.635
-85.503
-85.213
-85.218
-85.278
-85.131
-85.112
-84.729
-84.32
-84.459
-84.574
-84.458
-84.303
-84.458
-84.224
-84.197
-84.077
-84.078
-84.256
