-84.58
-84.649
-84.829
-84.991
-84.732
-84.926
-85.169
-85.232
-85.316
-85.191
-85.246
-85.07
-85.198
-85.246
-85.378
-85.216
-85.433
-85.168
-85.155
-85.435
-85.289
-84.97
-85.051
-85.217
-85.468
-85.294
-85.555
-85.486
-85.274
-85.328
-85.362
-85.37
-85.266
-85.157
-84.867
-85.147
-84.773
-84.851
-84.837
-84.599
-84.527
-84.766
-84.965
-85.111
-85.005
-84.905
-84.74
-85.061
-85.167
-85.179
-85.134
-85.035
-85.174
-85.088
-85.13
-84.804
-84.874
-84.805
-85.048
-85.063
-84.839
-85.081
-85.179
-85.187
-84.975
-84.992
-84.96
-85.105
-84.786
-84.891
-85.084
-84.834
-85.018
-85.098
-85.119
-84.941
-84.915
-84.92
-84.974
-85.368
-85.476
-85.497
-85.374
-85.276
-85.28
-85.547
-85.711
-85.54
-85.405
-85.342
-85.33
-85.476
-85.367
-85.186
-85.31
-85.101
-85.25
-85.15
-85.342
-85.139
-85.272
-85.361
-85.496
-85.683
-85.863
-85.768
-85.864
-85.927
-86.07
-86.162
-86.297
-86.195
-86.425
-86.468
-86.286
-86.45
-86.394
-86.389
-86.31
-86.195
-86.02
-85.906
-85.704
-85.546
-85.404
-85.718
-85.866
-85.639
-85.805
-85.921
-85.98
-85.817
-85.853
-85.809
-85.833
-85.911
-86.051
-86.35
-86.526
-86.354
-86.66
-86.76
-86.702
-86.581
-86.692
-86.559
-86.464
-86.376
-86.315
-86.664
-86.549
-86.457
-86.545
-86.682
-86.687
-86.549
-86.699
-86.767
-86.836
-86.811
-86.794
-86.762
-87.21
-87.167
-87.342
-87.272
-87.142
-87.501
-87.404
-87.337
-87.409
-87.599
-87.822
-87.849
-88.1
-88.337
-88.576
-88.321
-88.278
-88.079
-87.834
-87.95
-87.925
-87.828
-88.046
-87.903
-87.833
-87.735
-87.669
-87.499
-87.567
-87.609
-87.607
-88.055
-88.029
-87.927
-87.939
-88.013
-87.897
-87.849
-87.583
-87.869
-87.868
-88.063
-88.107
-88.322
-88.329
-88.418
-88.402
-88.457
-88.685
-88.653
-88.691
-88.97
-88.994
-88.596
-88.297
-88.168
-87.848
-87.488
-87.2
-86.716
-86.216
-85.627
-85.362
-85.265
-84.839
-84.492
-84.47
-84.449
-84.316
-84.065
-83.784
-83.866
-83.442
-83.428
-83.184
-83.225
-83.494
-83.47
-83.394
-83.152
-83.293
-82.829
-83.1
-83.129
-82.955
-82.923
-82.965
-82.787
-82.608
-82.833
-82.704
-82.556
-82.332
-82.415
-82.283
-82.455
-82.554
-82.488
-82.688
-82.604
-82.567
-82.369
-82.352
-82.6
-82.798
-82.871
-82.889
-83.087
-83.358
-83.459
-83.33
-83.387
-83.558
-83.632
-83.895
-83.711
-83.539
-83.467
-83.786
-84.009
-84.041
-84.207
-84.284
-84.194
-84.231
-84.293
-84.137
-84.071
-84.183
-84.019
-84.27
-84.231
-84.288
-84.286
-84.075
-83.945
-84.084
-84.16
-84.303
-84.257
-84.618
-84.649
-84.633
-84.61
-84.558
-84.707
-84.78
-85.063
-85.137
-85.091
-85.067
-85.078
-85.181
-85.246
-85.156
-85.055
-85.155
-85.035
-84.796
-84.764
-84.91
-84.57
-84.752
-84.817
-84.519
-84.41
-84.367
-84.451
-84.655
-84.76
-84.732
-84.776
-84.8
-84.825
-84.721
-84.696
-84.836
-84.935
-85.407
-85.501
-85.592
-85.704
-85.612
-85.425
-85.186
-85.004
-85.044
-85.107
-85.321
-85.753
-85.89
-86.001
-86.058
-85.975
-85.441
-85.173
-84.923
-84.692
-84.614
-84.079
-83.448
-83.216
-82.896
-82.738
-82.594
-82.514
-82.401
-81.99
-81.89
-81.971
-81.787
-81.745
-81.358
-81.116
-80.938
-80.692
-80.609
-80.786
-80.637
-80.304
-79.903
-79.284
-79.012
-78.749
-78.604
-78.567
-78.564
-78.174
-77.795
-76.93
-75.526
-74.206
-72.787
-71.181
-69.524
-67.952
-66.278
-65.015
-63.328
-62.081
-60.72
-59.696
-58.484
-57.381
-56.342
-55.106
-54.034
-52.795
-51.309
-49.063
-45
-45
-45
-45
-45
-45
-45
-45
-45
-45
-45
-45
-45
-45
-45.86
-52.369
-57.911
-61.805
-64.442
-66
-67.037
-67.387
-67.565
-67.548
-67.275
-66.866
-66.568
-66.134
-65.285
-64.218
-62.975
-61.55
-60.251
-58.664
-57.37
-55.889
-54.453
-53.088
-51.624
-49.791
-47.072
-45
-45
-45
-45
-45
-45
-45
-45
-45
-45
-45
-45
-45
-45.738
-52.094
-57.222
-61.181
-63.758
-65.442
-66.75
-67.711
-68.456
-68.688
-68.857
-68.93
-68.956
-68.937
-68.774
-68.735
-69
-68.691
-68.497
-68.088
-67.476
-67.211
-66.921
-66.571
-66.464
-66.274
-65.679
-65.273
-64.877
-64.485
-64.166
-63.54
-63.237
-62.738
-62.298
-61.794
-61.549
-60.937
-60.323
-60.188
-59.907
-59.654
-59.648
-59.44
-59.095
-58.869
-58.724
-58.423
-57.914
-57.182
-56.905
-56.232
-55.531
-54.984
-54.169
-53.318
-52.3
-50.822
-48.67
-45
-45
-45
-45
-45
-45
-45
-45
-45
-45
-45
-45
-45
-45
-47.639
-54.256
-59.309
-63.278
-65.837
-67.067
-68.118
-68.805
-69.081
-69.399
-69.726
-69.891
-70.258
-70.255
-70.456
-70.35
-70.287
-70.083
-70.414
-70.482
-70.401
-70.063
-69.738
-69.214
-69.163
-68.627
-68.509
-68.372
-67.906
-67.591
-67.238
-67.121
-66.908
-66.881
-66.703
-66.532
-66.736
-66.507
-66.629
-66.825
-66.6
-66.65
-66.4
-66.281
-66.307
-66.337
-66.23
-66.245
-66.398
-66.367
-66.76
-66.963
-67.137
-67.456
-67.558
-67.39
-67.544
-67.541
-67.755
-68.022
-68.196
-67.981
-68.174
-67.814
-68.013
-67.757
-67.926
-67.719
-67.439
-66.981
-67.001
-66.73
-66.695
-66.617
-66.511
-66.347
-66.353
-66.448
-66.028
-65.892
-65.9
-65.566
-65.781
-65.799
-66.032
-66.188
-66.01
-66.278
-66.534
-66.534
-66.332
-66.395
-66.7
-66.767
-67.031
-67.041
-66.996
-66.871
-67.007
-67.334
-67.739
-67.895
-68.078
-68.129
-68.098
-68.121
-68.215
-68.261
-68.582
-68.826
-69.108
-69.152
-69.206
-69.26
-69.272
-69.456
-69.439
-69.507
-69.565
-69.571
-69.357
-69.522
-69.478
-69.3
-69.312
-69.512
-69.648
-69.963
-69.96
-70.095
-70.414
-70.667
-70.602
-70.882
-71.023
-71.137
-71.383
-71.49
-71.352
-71.677
-71.463
-71.829
-72.068
-72.386
-72.775
-73.006
-73.194
-73.407
-73.502
-73.756
-73.793
-74.075
-74.298
-74.282
-74.466
-74.233
-74.591
-74.725
-74.982
-75.113
-75.55
-75.87
-76.082
-76.324
-76.692
-76.863
-77.2
-76.938
-77.433
-77.389
-77.553
-77.734
-78.038
-78.241
-78.382
-78.765
-79.04
-79.254
-79.436
-79.463
-79.486
-79.667
-79.55
-79.728
-80.207
-80.367
-80.572
-80.616
-80.825
-81.056
-80.967
-81.364
-81.565
-81.997
-82.34
-82.796
-82.853
-82.971
-83.235
-83.242
-83.35
-83.192
-83.266
-83.59
-83.605
-83.713
-83.785
-83.849
-84.092
-83.99
-83.965
-83.825
-83.749
-83.872
-83.836
-84.127
-84.052
-84.226
-84.349
-84.723
-84.627
-84.597
-84.615
-84.7
-84.893
-84.836
-85.095
-85.048
-84.646
-84.664
-84.478
-85.205
-85.32
-85.283
-85.242
-85.515
-85.55
-85.732
-85.744
-85.692
-85.838
-86.234
-86.194
-86.31
-86.449
-86.545
-86.627
-86.808
-86.9
-87.181
-87.392
-87.518
-87.697
-88.038
-88.154
-88.05
-88.279
-88.225
-88.46
-88.354
-88.297
-88.205
-88.246
-88.183
-88.595
-88.379
-88.653
-88.407
-88.321
-88.484
-88.635
-88.435
-88.709
-88.511
-88.45
-88.601
-88.76
-88.915
-88.824
-88.922
-88.902
-89.11
-89.367
-89.358
-89.514
-89.82
-89.937
-89.661
-89.498
-89.669
-89.868
-89.823
-89.845
-89.695
-89.605
-89.572
-89.671
-89.764
-89.665
-89.733
-89.654
-89.594
-89.74
-89.8
-89.75
-89.899
-89.759
-89.704
-89.584
-89.481
-89.134
-89.106
-89.053
-88.824
-88.73
-88.639
-88.712
-88.674
-88.725
-88.867
-89.116
-89.333
-89.309
-89.183
-89.263
-89.213
-88.976
-89.008
-89.044
-88.959
-88.728
-88.959
-89.06
-89.009
-89.041
-88.88
-88.929
-89.177
-89.38
-89.762
-89.595
-89.649
-89.676
-89.851
-89.854
-90.01
-90.186
-90.121
-90.216
-90.069
-90.031
-89.709
-89.535
-89.673
-89.851
-89.996
-90.038
-89.966
-90.086
-89.866
-89.966
-90.026
-90.185
-89.964
-90.227
-90.257
-90.304
-90.024
-90.04
-90.01
-90.064
-89.819
-89.837
-89.783
-89.564
-89.702
-89.424
-89.403
-89.644
-89.661
-89.857
-90.109
-89.972
-90.316
-90.475
-90.295
-89.938
-90.095
-90.154
-90.115
-90.223
-90.269
-90.253
-90.575
-90.278
-90.263
-90.636
-90.995
-90.907
-90.934
-91.412
-91.366
-91.411
-91.329
-91.403
-91.555
-91.606
-91.84
-91.646
-91.455
-91.138
-91.091
-91.107
-91.315
-91.5
-91.678
-91.643
-91.525
-91.338
-91.584
-91.375
-91.364
-91.559
-91.64
-91.818
-91.807
-91.861
-91.946
-91.737
-91.77
-91.469
-91.298
-91.115
-91.481
-91.445
-91.302
-91.18
-91.092
-91.077
-91.206
-91.336
-91.344
-90.892
-90.927
-90.852
-91.096
-91.088
-91.03
-90.896
-90.917
-91.184
-91.076
-91.045
-90.848
-91.048
-91.023
-91.047
-90.981
-90.994
-91.021
-90.937
-90.841
