-81.845
-81.691
-81.5
-81.613
-81.527
-81.621
-81.318
-81.362
-81.6
-81.563
-81.739
-81.859
-81.481
-81.481
-81.523
-81.16
-81.125
-81.005
-81.008
-81.087
-81.176
-80.997
-81.052
-80.979
-81.067
-81.079
-81.128
-81.245
-81.117
-80.971
-80.894
-80.94
-81.024
-81.002
-81.118
-81.072
-80.89
-80.948
-80.885
-80.787
-80.792
-80.916
-80.869
-80.832
-80.902
-81.19
-81.309
-81.119
-81.12
-81.029
-81.002
-80.853
-80.976
-81.162
-81.402
-81.55
-81.786
-81.774
-81.715
-81.755
-81.768
-81.457
-81.594
-81.446
-81.634
-81.322
-81.477
-81.413
-81.311
-81.215
-81.27
-81.223
-81.242
-81.371
-81.329
-81.473
-81.523
-81.421
-81.302
-81.328
-81.182
-81.352
-81.614
-81.855
-81.975
-82.182
-82.129
-82.231
-81.922
-82.034
-81.947
-82.084
-82.277
-82.19
-82.108
-81.713
-81.976
-81.995
-82.071
-81.984
-82.113
-82.148
-82.178
-81.992
-82.042
-82.143
-81.98
-82.131
-81.946
-81.877
-81.855
-81.857
-81.615
-81.128
-81.421
-81.646
-81.807
-81.587
-81.517
-81.469
-81.331
-81.479
-81.333
-81.456
-81.296
-81.38
-81.275
-81.244
-81.361
-81.695
-81.672
-81.739
-82.068
-81.838
-81.886
-81.939
-82.083
-81.946
-81.404
-81.645
-81.719
-81.638
-81.963
-81.846
-81.712
-81.927
-82.171
-81.946
-82.107
-82.3
-82.388
-82.467
-82.476
-82.52
-82.571
-82.323
-82.301
-82.317
-82.308
-82.242
-82.2
-82.274
-82.237
-82.146
-82.02
-81.87
-81.894
-81.797
-81.958
-81.924
-81.923
-82.003
-82.315
-82.132
-82.106
-81.888
-81.582
-81.584
-81.497
-81.226
-81.36
-81.18
-81.101
-81.034
-80.83
-81.277
-81.366
-81.432
-81.423
-81.305
-81.305
-81.432
-81.571
-81.315
-81.53
-81.576
-81.347
-81.272
-80.978
-80.767
-80.892
-80.8
-80.87
-80.809
-80.668
-80.881
-80.819
-80.68
-80.5
-80.506
-80.179
-80.287
-80.198
-80.015
-80.206
-80.307
-79.974
-79.901
-79.596
-79.566
-79.222
-78.858
-78.623
-78.37
-78.034
-77.759
-77.688
-77.482
-77.222
-76.833
-76.609
-76.117
-75.626
-75.384
-75.393
-75.4
-75.329
-75.143
-75.087
-75.28
-74.968
-74.966
-74.942
-74.703
-74.57
-74.447
-74.73
-74.749
-74.577
-74.227
-73.95
-74.164
-74.233
-74.241
-74.185
-74.309
-74.262
-74.294
-74.373
-74.47
-74.572
-74.543
-74.535
-74.42
-74.742
-74.727
-74.612
-74.68
-74.561
-74.675
-74.497
-74.237
-74.362
-74.28
-74.395
-74.194
-74.236
-74.214
-74.185
-74.134
-73.772
-73.714
-73.762
-73.92
-73.962
-73.807
-73.886
-73.982
-73.974
-73.832
-73.946
-73.814
-73.652
-73.666
-73.468
-73.609
-73.399
-73.378
-73.682
-73.762
-73.562
-73.578
-73.517
-73.674
-73.58
-73.375
-73.389
-73.424
-73.295
-73.374
-73.332
-73.548
-73.926
-74.03
-74.072
-74.098
-73.816
-73.72
-73.745
-73.828
-73.495
-73.421
-73.667
-73.808
-73.895
-73.73
-73.942
-73.931
-73.88
-73.952
-73.852
-73.827
-74.262
-74.295
-74.284
-74.195
-74.421
-74.766
-74.609
-74.424
-74.469
-74.309
-74.349
-74.378
-74.332
-73.997
-74.094
-74.181
-74.296
-73.96
-73.892
-73.885
-73.796
-73.6
-73.952
-74.237
-74.488
-74.601
-74.552
-74.396
-74.213
-74.282
-74.089
-74.193
-74.241
-74.138
-74.32
-74.113
-74.245
-74.127
-74.092
-73.928
-73.773
-73.398
-73.601
-73.602
-73.526
-73.597
-73.546
-73.385
-73.537
-73.783
-74.074
-73.928
-73.795
-73.653
-73.897
-73.769
-73.694
-73.556
-73.579
-73.787
-73.827
-73.791
-74.203
-74.031
-73.951
-73.984
-73.956
-73.886
-73.874
-73.871
-73.697
-73.768
-73.757
-73.757
-73.998
-73.806
-73.867
-74.224
-74.129
-74.545
-74.418
-74.367
-74.099
-73.973
-73.679
-73.913
-73.977
-74.089
-74.165
-74.265
-74.27
-74.052
-73.899
-73.739
-73.623
-73.593
-73.716
-73.871
-73.887
-74.239
-74.212
-74.297
-74.441
-74.572
-74.859
-74.743
-74.477
-74.544
-74.853
-75.266
-75.074
-75.122
-75.386
-75.631
-75.508
-75.487
-75.655
-75.616
-75.535
-75.702
-75.721
-75.819
-75.884
-75.899
-75.692
-75.745
-75.626
-75.615
-75.776
-75.989
-76.187
-75.947
-75.991
-76.17
-76.069
-76.349
-76.328
-76.425
-76.264
-76.592
-76.737
-76.933
-76.876
-76.855
-77.206
-76.971
-77.112
-77.319
-77.315
-77.45
-77.19
-77.087
-77.035
-76.894
-76.884
-77.011
-76.872
-76.817
-76.707
-76.92
-76.867
-76.923
-76.759
-76.987
-76.964
-77.163
-77.072
-76.978
-76.773
-76.764
-76.915
-76.921
-76.945
-77.013
-76.911
-76.864
-76.958
-77.272
-77.486
-77.661
-77.671
-77.802
-77.745
-77.758
-77.737
-78.005
-77.896
-78.02
-78.055
-78.292
-78.208
-78.179
-78.11
-77.807
-77.849
-77.811
-77.656
-77.727
-77.651
-77.795
-77.812
-77.856
-78.099
-77.989
-78.016
-77.663
-77.306
-77.072
-76.498
-76.329
-75.921
-75.509
-75.41
-75.219
-75.042
-74.751
-74.419
-74.191
-74.043
-73.854
-74.025
-74.049
-73.812
-73.702
-73.6
-73.295
-73.028
-72.826
-72.86
-72.632
-72.528
-72.291
-72.033
-72.106
-72.14
-72.271
-72.094
-72.154
-71.97
-71.619
-71.226
-71.486
-71.548
-71.597
-71.776
-71.9
-72.08
-71.874
-71.908
-71.561
-71.599
-71.581
-71.851
-72.01
-71.945
-72.02
-72.122
-71.856
-71.61
-71.679
-71.529
-71.412
-71.355
-71.259
-71.257
-71.18
-71.296
-71.444
-71.465
-71.576
-71.782
-71.968
-72.122
-71.875
-72.089
-72.072
-72.23
-72.134
-72.226
-72.162
-72.163
-72.468
-72.341
-72.222
-72.102
-72.118
-72.299
-72.296
-72.349
-72.406
-72.581
-72.456
-72.537
-72.597
-72.42
-72.406
-72.601
-72.924
-73.022
-73.052
-73.216
-73.07
-73.497
-73.599
-73.5
-73.532
-73.92
-73.85
-73.917
-73.89
-73.848
-73.899
-73.919
-74.35
-74.386
-74.308
-74.248
-74.462
-74.706
-74.782
-75.091
-75.171
-75.465
-75.481
-75.484
-75.642
-75.732
-75.755
-75.996
-75.989
-76.299
-76.594
-76.923
-76.962
-76.931
-77.005
-77.08
-77.346
-77.273
-77.349
-77.573
-77.64
-77.489
-77.292
-77.284
-77.302
-77.631
-77.756
-77.914
-77.909
-78.034
-77.962
-77.594
-77.639
-77.639
-77.444
-77.544
-77.626
-77.801
-78.002
-78.032
-78.095
-77.989
-77.938
-78.271
-78.248
-78.239
-78.184
-77.966
-78.503
-78.308
-78.427
-78.413
-78.348
-78.287
-78.367
-78.447
-78.443
-78.608
-78.386
-78.369
-78.159
-78.01
-77.872
-77.847
-77.833
-77.969
-78.067
-77.863
-78.178
-78.11
-78.275
-78.192
-78.051
-77.667
-77.839
-77.718
-77.789
-77.839
-77.891
-78.066
-78.105
-78.187
-78.303
-78.17
-78.293
-78.482
-78.138
-78.122
-78.03
-77.807
-77.643
-77.449
-77.553
-77.444
-77.194
-77.176
-77.379
-77.45
-77.499
-77.614
-77.583
-77.499
-77.551
-77.553
-77.447
-77.34
-77.218
-77.497
-77.673
-77.768
-77.772
-77.644
-78.047
-78.032
-77.895
-78.009
-78.107
-77.994
-77.923
-77.783
-77.811
-77.743
-77.811
-77.819
-77.821
-77.505
-77.522
-77.619
-77.708
-77.708
-77.603
-77.423
-77.479
-77.594
-77.438
-77.373
-77.312
-77.309
-77.183
-77.303
-77.216
-77.317
-77.433
-77.579
-77.583
-77.401
-77.214
-77.403
-77.618
-77.627
-77.784
-77.504
-77.252
-77.26
-77.193
-77.231
-77.623
-77.598
-77.442
-77.343
-77.386
-77.447
-77.631
-77.819
-78.014
-77.983
-78.01
-77.863
-77.814
-77.632
-77.737
-78.023
-77.969
-78.051
-78.28
-78.5
-78.699
-78.847
-78.778
-78.628
-78.498
-78.461
-78.632
-78.58
-78.465
-78.684
-78.894
-78.91
-78.809
-78.81
-78.77
-78.776
-78.628
-78.976
-79.061
-79.059
-79.195
-79.125
-78.962
-79.041
-79.026
-79.192
-79.311
-79.568
-79.866
-79.69
-79.517
-79.688
-79.945
-79.891
-79.639
-79.609
-79.685
-79.973
-79.96
-80.002
-79.84
-80.24
-80.068
-79.897
-79.966
-79.608
-79.465
-79.342
-79.514
-79.639
-79.424
-79.435
-79.401
-79.473
-79.481
-79.679
-79.414
-79.171
-79.277
-79.149
-78.9
-79.015
-79.088
-79.27
-79.188
-79.302
-79.167
-79.176
-79.265
-78.959
-79.097
-79.197
-79.383
-79.595
-79.795
-79.545
-79.566
-79.742
-79.953
-79.722
-79.805
-79.952
-80.021
-79.987
-79.858
-79.947
-79.875
-80.024
-79.707
-79.679
-79.821
-79.696
-79.57
-79.886
-79.841
-80.03
-80.104
-80.141
-80.25
-80.046
-80.016
-79.885
-79.907
-79.955
-79.668
-79.886
-79.844
-79.827
-79.688
-79.787
-79.82
-79.989
-80.2
-80.058
-80.031
-79.963
-80.215
-80.516
-80.395
-80.328
-80.507
-80.522
-80.409
-80.271
-80.01
-80.019
-79.999
-80.067
-80.24
-80.168
-80.284
-80.655
-80.743
-80.684
-80.704
-80.798
-80.806
-80.878
-80.863
-80.805
-80.693
-80.649
-80.703
-80.786
-80.627
-80.701
-80.618
-80.651
-80.403
-80.561
-80.3
-80.272
-80.447
-80.425
-80.021
-80.011
-79.703
-79.801
-79.695
-79.513
-79.926
-79.625
-79.707
-79.871
-79.962
-79.824
-79.903
-79.763
-80.087
-80.106
-80.336
-80.246
