-84.062
-84.015
-83.95
-83.843
-83.848
-83.746
-83.533
-83.469
-83.239
-83.206
-83.385
-83.303
-83.207
-83.258
-83.305
-83.229
-83.351
-83.459
-83.17
-83.282
-83.345
-83.315
-82.967
-83.112
-83.069
-83.187
-83.11
-83.061
-82.756
-82.616
-82.273
-82.046
-82.221
-82.222
-81.976
-82.078
-82.154
-81.849
-81.833
-82.072
-82.18
-82.385
-82.387
-82.685
-82.714
-82.903
-82.687
-82.591
-82.177
-82.127
-81.898
-81.866
-82.12
-82.234
-82.169
-81.971
-82.086
-81.907
-81.791
-81.718
-81.766
-82.064
-82.17
-82.218
-82.504
-82.359
-82.313
-82.26
-82.223
-82.124
-81.888
-81.646
-81.749
-82.132
-81.849
-81.854
-81.99
-82.18
-82.149
-82.097
-82.184
-81.831
-81.865
-81.83
-81.934
-81.804
-81.929
-81.899
-81.836
-81.763
-81.615
-81.446
-81.427
-81.131
-81.168
-81.293
-80.872
-80.644
-80.456
-80.486
-80.728
-80.547
-80.341
-80.352
-80.222
-80.035
-80.078
-80.034
-80.115
-80.173
-80.045
-80.502
-80.561
-80.582
-80.84
-80.604
-80.589
-80.812
-80.641
-80.6
-80.729
-80.755
-80.527
-80.331
-80.282
-80.343
-80.499
-80.504
-80.535
-80.646
-80.39
-80.242
-80.433
-80.392
-80.345
-80.381
-80.36
-80.262
-80.333
-80.318
-80.47
-80.462
-80.549
-80.792
-80.728
-80.371
-80.695
-80.686
-80.939
-80.963
-81.316
-81.355
-81.224
-81.149
-81.193
-81.108
-81.351
-81.455
-81.486
-81.375
-81.219
-81.295
-81.502
-81.321
-81.357
-81.13
-81.315
-81.166
-81.159
-81.029
-80.931
-80.771
-80.758
-80.761
-80.508
-80.667
-80.68
-80.874
-80.992
-81.004
-80.948
-80.917
-80.945
-81.03
-81.081
-80.896
-81.007
-80.841
-80.98
-81.256
-81.309
-81.412
-81.308
-81.323
-81.155
-81.17
-81.185
-81.231
-81.275
-80.986
-81.219
-81.104
-81.531
-81.578
-81.485
-81.523
-81.556
-81.494
-81.595
-81.757
-81.929
-81.879
-82.213
-82.142
-82.088
-82.019
-81.916
-81.806
-81.842
-81.643
-81.341
-81.24
-81.118
-81.518
-81.172
-81.381
-81.341
-81.284
-81.238
-81.288
-81.269
-81.259
-81.241
-81.356
-81.384
-81.518
-81.378
-81.275
-81.508
-81.238
-81.42
-81.544
-81.543
-81.706
-81.798
-82.018
-82.092
-82.154
-81.902
-82.035
-82.079
-82.165
-82.34
-82.585
-82.488
-82.368
-82.85
-82.836
-83.11
-83.032
-83.21
-82.915
-82.729
-82.969
-82.724
-82.696
-82.443
-82.474
-82.655
-82.581
-82.702
-82.597
-82.69
-82.636
-82.679
-82.616
-82.672
-82.625
-82.662
-82.647
-82.522
-82.237
-82.167
-81.821
-81.988
-82.107
-82.068
-82.035
-81.756
-81.762
-81.55
-81.665
-81.76
-81.614
-81.647
-81.559
-81.293
-81.396
-81.249
-81.305
-81.052
-81.262
-81.194
-81.251
-81.051
-80.925
-80.691
-80.7
-80.637
-80.805
-80.776
-80.89
-80.977
-80.988
-81.25
-81.001
-81.074
-81.133
-81.28
-81.265
-81.41
-81.42
-81.321
-81.462
-81.375
-81.266
-81.392
-81.432
-81.495
-81.564
-81.817
-81.696
-81.68
-81.606
-82.019
-81.709
-81.377
-81.369
-81.536
-81.645
-81.384
-81.383
-81.664
-81.566
-81.438
-81.644
-81.668
-81.821
-81.977
-81.86
-81.835
-81.944
-82.22
-82.139
-82.307
-82.599
-82.722
-82.772
-82.85
-82.795
-82.86
-82.545
-82.37
-82.678
-82.78
-82.576
-82.539
-82.644
-82.758
-82.65
-82.546
-82.451
-82.444
-82.355
-82.369
-82.517
-82.494
-82.232
-82.116
-81.88
-81.814
-81.646
-81.474
-81.502
-81.737
-81.803
-81.694
-81.937
-81.826
-81.669
-81.505
-81.568
-81.388
-81.584
-81.601
-81.679
-81.481
-81.498
-81.676
-81.643
-81.428
-80.946
-80.839
-80.597
-80.612
-80.711
-80.826
-80.806
-80.777
-80.569
-80.392
-80.434
-80.353
-80.488
-80.805
-81.036
-80.825
-80.807
-80.629
-80.429
-80.316
-80.248
-80.059
-79.889
-79.923
-80.125
-80.165
-80.086
-80.265
-80.458
-80.271
-80.329
-80.387
-80.387
-80.198
-80.727
-80.818
-80.832
-81.01
-80.899
-80.85
-81.079
-81.053
-80.978
-80.958
-81.027
-81.191
-81.171
-80.917
-81.105
-81.437
-81.338
-81.593
-81.408
-81.342
-81.253
-80.946
-80.93
-81.061
-80.984
-80.864
-80.671
-80.693
-80.681
-80.581
-80.52
-80.495
-80.239
-80.358
-80.5
-80.398
-80.395
-80.314
-80.333
-80.344
-80.283
-80.189
-79.863
-79.768
-79.777
-79.636
-79.674
-79.578
-79.799
-79.836
-80.155
-80.234
-80.377
-80.346
-80.217
-80.577
-80.454
-80.584
-80.553
-80.561
-80.48
-80.211
-80.461
-80.432
-80.424
-80.259
-80.49
-80.424
-80.302
-80.148
-80.234
-80.31
-80.187
-80.123
-79.871
-79.733
-79.934
-80.138
-80.319
-80.207
-80.15
-80.113
-80.433
-80.51
-80.512
-80.599
-80.895
-80.947
-81.027
-80.917
-80.767
-80.641
-80.754
-80.674
-80.886
-81.02
-80.638
-80.757
-80.614
-80.543
-80.607
-80.815
-80.763
-80.515
-80.636
-80.706
-80.787
-80.808
-80.691
-80.69
-81.035
-81.212
-81.1
-81.023
-80.922
-81.167
-80.843
-80.802
-80.739
-80.652
-80.482
-80.485
-80.443
-80.618
-80.478
-80.668
-80.345
-80.274
-80.401
-80.285
-80.05
-80.149
-79.73
-79.605
-79.441
-79.763
-79.408
-79.309
-79
-78.725
-78.927
-78.865
-78.932
-78.923
-78.788
-78.922
-79.1
-79.076
-79.001
-78.902
-78.684
-78.65
-78.895
-78.791
-78.91
-78.957
-78.904
-78.81
-78.711
-78.676
-78.549
-78.675
-78.338
-78.28
-78.048
-78.031
-77.916
-78.205
-78.297
-78.285
-78.159
-78.142
-78.013
-78.134
-78.365
-77.911
-77.855
-77.811
-77.54
-77.458
-77.353
-77.468
-77.427
-77.504
-77.311
-77.296
-77.373
-77.626
-77.879
-77.658
-77.249
-77.257
-77.237
-77.256
-77.433
-77.308
-77.444
-77.233
-77.121
-77.276
-77.344
-77.481
-77.359
-77.176
-77.306
-77.221
-77.551
-77.421
-77.446
-77.688
-77.777
-78.067
-78.323
-78.475
-78.573
-78.496
-78.256
-78.337
-78.359
-78.66
-78.928
-78.92
-78.633
-78.665
-78.787
-78.747
-78.609
-78.681
-78.555
-78.615
-78.518
-78.612
-78.494
-78.692
-78.645
-78.794
-78.964
-79.131
-79.051
-79.373
-79.518
-79.442
-79.067
-79.068
-78.993
-79.02
-78.848
-78.789
-78.89
-78.539
-78.476
-78.205
-78.017
-78.252
-78.51
-78.313
-78.067
-78.005
-77.884
-77.773
-77.726
-77.678
-77.798
-78.085
-78.079
-78.276
-78.06
-78.146
-78.366
-78.548
-78.711
-78.872
-78.77
-78.689
-79.078
-79.104
-79.317
-79.571
-79.503
-79.163
-79.421
-79.689
-79.712
-79.546
-79.515
-79.341
-79.199
-79.035
-79.151
-79.178
-79.197
-79.256
-79.23
-79.265
-78.907
-78.819
-78.734
-78.756
-78.951
-78.913
-78.777
-78.653
-78.826
-78.81
-78.956
-79.161
-79.341
-79.489
-79.651
-79.606
-79.254
-79.538
-79.483
-79.562
-79.805
-80.131
-79.894
-79.762
-79.794
-79.687
-79.719
-79.7
-79.736
-79.957
-80.018
-80.017
-80.156
-79.975
-80.031
-80.027
-79.782
-79.717
-79.699
-79.644
-79.339
-78.879
-78.956
-79.018
-79.188
-79.034
-79.095
-78.984
-78.634
-78.439
-78.325
-78.469
-78.389
-78.522
-78.63
-78.475
-78.414
-78.428
-78.556
-78.463
-78.527
-78.603
-78.695
-78.794
-78.796
-78.862
-78.93
-78.849
-79.044
-79.18
-79.003
-79.045
-79.287
-79.073
-78.971
-79.099
-79.198
-79.329
-78.993
-79.078
-79.008
-78.768
-78.69
-78.623
-78.508
-78.888
-78.777
-78.582
-78.553
-78.553
-78.421
-78.244
-78.004
-78.004
-77.993
-78.344
-78.446
-78.393
-78.158
-78.191
-77.938
-77.884
-77.935
-77.596
-77.684
-77.673
-77.663
-77.753
-77.576
-77.341
-77.642
-77.633
-77.798
-77.837
-77.994
-77.961
-77.737
-77.704
-77.722
-77.238
-77.457
-77.398
-77.714
-77.616
-77.489
-77.049
-76.751
-76.741
-76.674
-76.948
-76.761
-76.657
-76.705
-76.716
-76.756
-76.705
-76.491
-76.398
-76.521
-76.443
-76.434
-76.431
-76.621
-76.536
-76.366
-76.465
-76.412
-76.28
-76.118
-76.306
-76.494
-76.669
-76.551
-76.909
-76.7
-76.81
-76.93
-76.985
-77.182
-76.874
-76.986
-77.017
-76.943
-76.92
-76.827
-76.974
-76.995
-77.093
-77.163
-77.073
-77.095
-76.76
-76.797
-76.883
-77.063
-76.98
-77.068
-77.1
-77.148
-77.089
-77.152
-77.181
-77.36
-77.279
-77.269
-77.182
-77.074
-77.055
-76.687
-76.506
-76.454
-76.367
-76.318
-76.288
-76.125
-76.115
-76.002
-76.008
-76.066
-76.02
-75.964
-75.985
-75.887
-75.739
-75.718
-75.346
-75.386
-75.164
-75.217
-75.104
-75.056
-75.196
-75.112
-75.118
-75.174
-75.125
-75.331
-75.187
-75.158
-75.387
-75.392
-75.696
-75.748
-75.607
-75.588
-75.458
-75.299
-75.167
-74.943
-75.279
-75.061
-75.202
-75.159
-75.238
-74.917
-75.003
-75.156
-75.135
-75.101
-75.095
-75.227
-75.38
-75.159
-75.176
-75.159
-75.191
-75.481
-75.736
-75.813
-76.106
-76.05
-76.258
-76.201
-76.065
-76.108
-76.058
-76.107
-75.915
-76.12
-76.108
-75.775
-75.673
-75.563
-75.673
-75.511
-75.63
-75.57
-75.827
-75.808
-75.686
-75.569
-75.65
