-74.608
-74.781
-74.643
-74.626
-74.73
-74.511
-73.994
-73.963
-74.125
-74.547
-74.476
-74.7
-74.926
-75.102
-74.704
-74.763
-74.544
-74.567
-74.676
-74.57
-74.455
-74.679
-74.655
-74.855
-75.126
-75.141
-75.239
-75.154
-75.069
-75.051
-74.826
-74.856
-74.71
-74.606
-75.018
-74.915
-74.923
-75.294
-75.003
-75.06
-75.128
-75.364
-75.455
-75.601
-76.059
-76.005
-76.034
-76.133
-76.173
-76.163
-76.322
-76.404
-76.059
-75.839
-75.67
-75.693
-75.926
-75.917
-76.044
-76.008
-75.791
-75.929
-76.045
-76.169
-76.171
-76.096
-76.036
-76.221
-76.319
-76.28
-76.269
-76.272
-76.386
-76.52
-76.41
-76.333
-76.228
-76.439
-76.631
-76.666
-76.738
-76.427
-76.631
-76.416
-76.22
-76.282
-76.288
-76.52
-76.393
-76.709
-76.568
-76.469
-76.449
-76.674
-76.969
-76.938
-76.988
-77.105
-77.075
-77.151
-77.307
-77.275
-76.966
-77.054
-76.839
-76.569
-76.626
-76.685
-76.353
-76.092
-76.234
-76.182
-76.232
-76.035
-75.968
-75.77
-75.474
-75.295
-75.461
-75.268
-75.303
-75.286
-75.25
-75.119
-75.112
-75.152
-75.215
-75.201
-75.35
-75.384
-75.444
-75.156
-75.049
-74.717
-74.653
-74.654
-74.549
-74.608
-74.875
-74.845
-74.593
-74.449
-74.459
-74.441
-74.403
-74.199
-74.308
-74.235
-74.25
-73.967
-74.046
-74.038
-73.963
-73.71
-73.933
-74.232
-74.361
-74.323
-74.308
-74.535
-74.813
-74.881
-74.849
-74.676
-74.992
-75.129
-75.357
-75.449
-75.464
-75.396
-75.4
-75.221
-75.188
-74.969
-74.78
-74.719
-74.715
-74.795
-74.923
-74.746
-74.654
-74.59
-74.526
-74.402
-74.62
-74.747
-74.704
-74.598
-74.867
-74.706
-74.746
-74.722
-74.832
-74.943
-75.186
-75.209
-75.146
-75.24
-75.161
-75.203
-75.254
-75.101
-75.209
-75.295
-75.59
-75.722
-75.554
-75.454
-75.13
-74.898
-75.055
-75.155
-75.15
-75.293
-75.166
-75.072
-75.187
-75.388
-75.341
-75.202
-75.192
-74.944
-75.004
-75.016
-75.027
-75.033
-75.091
-75.184
-75.041
-75.007
-75.623
-75.561
-75.435
-75.482
-75.547
-75.758
-75.789
-75.809
-75.899
-76.11
-76.158
-76.087
-76.046
-76.149
-75.941
-75.639
-75.813
-75.79
-76.045
-75.893
-76.024
-76.125
-76.063
-75.873
-75.475
-75.148
-74.756
-74.384
-74.082
-74.036
-73.675
-73.445
-73.185
-72.953
-73.051
-72.656
-72.293
-72.277
-72.076
-72.163
-72.038
-71.885
-71.68
-71.319
-71.327
-71.212
-71.38
-71.178
-70.97
-70.853
-70.616
-70.586
-70.52
-70.677
-70.502
-70.541
-70.38
-70.149
-70
-70.04
-69.882
-70.083
-69.801
-69.474
-69.253
-69.08
-69.088
-69.051
-69.27
-69.22
-69.421
-69.632
-69.655
-69.65
-69.617
-69.572
-69.536
-69.594
-69.872
-69.663
-69.741
-69.604
-69.645
-69.855
-69.851
-69.988
-69.93
-69.914
-69.692
-69.84
-70.137
-70.013
-69.954
-70.172
-70.209
-70.34
-70.379
-70.37
-70.625
-70.536
-70.362
-70.025
-70.209
-70.238
-70.328
-70.463
-70.225
-70.15
-70.086
-70.074
-69.854
-69.979
-69.882
-70.008
-70.409
-70.467
-70.443
-70.556
-70.673
-70.988
-71.062
-71.01
-71.107
-71.086
-70.881
-70.852
-70.713
-70.78
-70.97
-70.867
-70.938
-70.987
-70.994
-71.012
-70.945
-70.861
-70.465
-70.62
-70.551
-70.5
-70.486
-70.479
-70.563
-70.718
-70.552
-70.285
-70.511
-70.58
-70.145
-70.056
-69.747
-69.906
-69.859
-69.863
-69.606
-69.233
-69.11
-69.096
-69.226
-69.307
-69.421
-69.368
-69.473
-69.608
-69.335
-69.278
-69.239
-69.293
-69.157
-69.38
-69.294
-69.497
-69.6
-69.702
-69.719
-69.953
-70.063
-69.91
-69.955
-69.974
-70.286
-70.257
-70.188
-70.038
-70.003
-69.824
-70.098
-69.867
-69.772
-69.648
-69.678
-69.648
-69.656
-69.92
-70.036
-70.258
-70.146
-70.32
-70.167
-70.265
-70.312
-70.199
-70.138
-70.205
-70.411
-70.363
-70.424
-70.498
-70.414
-70.361
-70.218
-69.876
-70.128
-70.062
-69.85
-69.962
-69.724
-69.605
-69.772
-69.447
-69.426
-69.254
-69.021
-69.104
-69.023
-69.09
-69.2
-69.193
-69.484
-69.595
-69.861
-69.905
-69.957
-70.088
-70.154
-69.969
-69.895
-70.124
-70.251
-70.274
-70.55
-70.392
-70.507
-70.418
-70.765
-70.783
-70.961
-71.193
-71.313
-71.364
-71.406
-71.448
-71.213
-71.417
-71.438
-71.518
-71.675
-71.536
-71.755
-71.796
-71.624
-71.539
-71.678
-71.783
-71.834
-71.802
-71.757
-71.985
-71.765
-71.775
-71.827
-72.18
-72.111
-72.016
-72.341
-72.52
-72.531
-72.727
-72.82
-72.794
-72.684
-72.619
-72.706
-72.784
-72.777
-72.933
-72.995
-72.969
-72.896
-72.981
-72.906
-72.974
-72.919
-72.947
-73.254
-73.402
-73.583
-73.209
-73.345
-73.558
-73.781
-73.387
-73.217
-73.078
-73.249
-73.12
-73.132
-73.253
-73.136
-73.306
-73.193
-73.231
-73.127
-73.082
-73.121
-73.222
-73.394
-73.396
-73.342
-73.286
-73.418
-73.371
-73.607
-73.718
-73.559
-73.744
-73.713
-73.651
-73.507
-73.386
-73.047
-73.014
-72.944
-73.288
-73.509
-73.824
-73.887
-73.927
-73.948
-73.889
-73.592
-73.731
-73.651
-73.762
-73.607
-73.635
-73.517
-73.611
-73.488
-73.523
-73.703
-73.726
-73.667
-73.62
-73.471
-73.688
-73.763
-74.028
-74.201
-74.441
-74.374
-74.482
-74.558
-74.587
-74.641
-74.69
-74.441
-74.465
-74.505
-74.725
-74.667
-74.754
-74.733
-75.025
-74.946
-74.883
-75.092
-74.921
-75.003
-75.157
-75.406
-75.49
-75.556
-75.523
-75.526
-75.727
-75.787
-75.63
-75.466
-75.563
-75.496
-75.411
-75.479
-75.165
-75.081
-75.13
-75.264
-75.158
-74.895
-74.815
-74.85
-74.868
-74.892
-74.945
-74.882
-75.08
-74.988
-74.945
-75.009
-74.956
-74.748
-74.633
-74.668
-74.668
-74.694
-74.448
-74.63
-74.882
-74.684
-74.95
-74.902
-75.236
-75.417
-75.482
-75.197
-75.25
-75.114
-75.039
-74.952
-74.897
-74.515
-74.623
-74.788
-74.674
-74.64
-74.369
-74.189
-74.641
-74.646
-75.087
-75.028
-74.983
-74.827
-74.869
-74.885
-74.92
-74.962
-74.98
-74.978
-74.936
-75.166
-75.134
-75.226
-75.12
-75.249
-75.294
-74.903
-74.899
-74.703
-74.745
-74.702
-74.641
-74.654
-74.543
-74.52
-74.64
-74.715
-74.646
-74.649
-74.554
-74.633
-74.961
-75.027
-74.952
-75.057
-75.263
-75.42
-75.588
-75.697
-75.993
-75.552
-75.692
-75.567
-75.719
-75.696
-75.765
-75.753
-75.78
-75.598
-75.782
-75.644
-75.642
-75.765
-75.878
-75.902
-76.093
-75.878
-75.843
-75.755
-75.735
-75.607
-75.655
-75.667
-75.821
-75.837
-75.827
-75.96
-76.081
-76.12
-75.775
-75.896
-75.854
-76.104
-75.941
-75.981
-75.943
-75.904
-75.763
-75.422
-75.743
-75.687
-75.541
-75.243
-75.182
-75.032
-74.973
-74.637
-74.589
-74.503
-74.344
-74.305
-74.227
-74.295
-74.369
-74.405
-74.292
-74.022
-73.804
-73.686
-73.798
-73.873
-73.867
-73.666
-73.796
-73.994
-73.872
-74.104
-74.138
-74.068
-74.025
-74.075
-74.106
-74.207
-74.043
-73.95
-74.019
-74.022
-73.836
-73.846
-74.071
-73.83
-73.849
-73.701
-73.678
-73.641
-73.937
-73.94
-74.067
-74.043
-73.957
-74.222
-74.169
-74.309
-74.34
-74.151
-74.035
-73.991
-73.9
-73.584
-73.474
-73.438
-73.241
-73.246
-73.037
-72.896
-72.701
-72.653
-72.669
-72.795
-72.706
-72.636
-72.699
-72.557
-72.496
-72.657
-72.822
-73.105
-73.059
-73.044
-72.555
-72.533
-72.686
-72.729
-72.807
-72.77
-72.957
-72.915
-72.784
-72.853
-72.805
-72.896
-72.834
-73.096
-72.912
-73.053
-73.402
-73.442
-73.461
-73.512
-73.679
-73.826
-73.943
-74.071
-73.941
-73.609
-73.74
-73.67
-73.74
-73.95
-73.872
-74.133
-74.097
-74.114
-73.882
-73.883
-74.045
-74.268
-74.155
-74.199
-74.113
-74.144
-74.126
-74.034
-74.197
-74.338
-74.389
-74.557
-74.589
-74.374
-74.45
-74.58
-74.439
-74.567
-74.463
-74.644
-74.493
-74.736
-74.716
-74.579
-74.835
-74.846
-75.014
-75.1
-75.212
-75.456
-75.521
-75.583
-75.481
-75.542
-75.45
-75.368
-75.192
-75.357
-74.988
-75.037
-74.805
-74.692
-74.767
-75.001
-75.13
-75.238
-75.065
-75.034
-75.094
-75.182
-75.48
-75.46
-75.608
-75.839
-76.089
-76.033
-75.903
-75.811
-75.799
-75.84
-75.55
-75.779
-75.841
-76.124
-76.047
-75.986
-75.898
-76.046
-75.823
-75.957
-75.666
-75.638
-75.566
-75.398
-75.363
-75.211
-75.142
-74.898
-74.834
-74.881
-74.95
-75.411
-75.187
-74.935
-75.041
-74.747
-74.805
-74.717
-75.052
-75.41
-75.502
-75.616
-75.631
-75.637
-75.489
-75.336
-75.225
-75.119
-75.307
-75.201
-75.052
-75.124
-75.199
-75.052
-75.198
-75.43
-75.574
-75.598
-75.445
-75.275
-75.119
-75.218
-75.113
-75.325
-75.381
-75.297
-75.547
-75.586
-75.311
-75.379
-75.27
-75.139
-74.969
-75.072
-75.416
-75.279
-75.358
-75.028
-74.818
-74.778
-74.702
-74.915
-75.028
-74.978
-74.773
-74.63
