-80.873
-80.871
-80.885
-80.494
-81.006
-81.37
-81.325
-81.355
-81.246
-81.319
-81.142
-80.979
-81.115
-80.801
-80.735
-80.888
-81.131
-81.342
-81.38
-81.525
-81.369
-81.56
-81.394
-81.2
-81.266
-81.291
-80.951
-81.308
-81.028
-80.978
-81.233
-81.133
-81.237
-81.418
-81.903
-81.887
-81.916
-81.812
-81.676
-81.539
-81.608
-81.409
-81.277
-81.295
-81.36
-81.357
-81.396
-81.496
-81.038
-80.93
-80.979
-81.076
-81.381
-81.574
-81.454
-81.289
-81.124
-81.188
-81.471
-81.343
-81.326
-81.399
-81.201
-81.23
-80.916
-80.842
-80.765
-80.982
-80.927
-80.935
-80.906
-80.926
-80.682
-80.805
-80.553
-80.357
-80.525
-80.244
-80.319
-80.4
-80.746
-80.688
-80.789
-81.132
-80.886
-81
-81.327
-81.278
-81.303
-81.344
-81.189
-81.354
-81.252
-81.517
-81.488
-81.5
-81.291
-81.278
-81.169
-80.967
-80.648
-80.696
-80.851
-80.719
-80.717
-80.386
-80.295
-80.497
-80.513
-80.342
-80.186
-80.097
-80.002
-80.102
-79.969
-80.145
-80.343
-80.402
-80.299
-80.544
-80.595
-80.745
-80.718
-80.729
-80.825
-80.949
-80.97
-81.01
-81.209
-80.961
-81.047
-80.838
-80.767
-80.729
-80.648
-80.905
-81.076
-80.979
-80.666
-80.645
-80.741
-80.638
-80.643
-80.787
-80.633
-80.667
-80.508
-80.689
-80.827
-80.735
-80.638
-80.838
-80.805
-80.726
-80.205
-79.585
-79.155
-78.764
-78.348
-77.944
-77.484
-77.175
-76.769
-76.063
-75.466
-75.329
-75.299
-74.993
-74.773
-74.35
-74.209
-74.237
-74.192
-73.986
-73.94
-73.876
-73.679
-73.72
-73.754
-73.769
-73.958
-73.986
-73.896
-73.789
-73.918
-73.856
-74.026
-74.143
-74.116
-74.216
-74.239
-74.061
-74.114
-74.004
-73.968
-73.923
-73.694
-73.514
-73.575
-73.353
-73.421
-73.353
-73.441
-73.32
-73.294
-73.042
-73.096
-73.063
-72.97
-73.127
-73.354
-73.266
-73.188
-73.05
-72.742
-72.75
-72.822
-72.898
-73.036
-72.816
-72.896
-73.083
-73.125
-73.068
-73.156
-73.041
-73.27
-73.432
-73.612
-73.832
-73.856
-73.98
-74.235
-74.336
-74.524
-74.89
-74.612
-74.663
-74.905
-74.639
-74.677
-74.357
-74.189
-74.293
-74.472
-74.324
-74.286
-74.274
-74.21
-74.124
-74.588
-74.507
-74.717
-74.685
-74.447
-74.321
-74.157
-74.207
-73.978
-74.113
-74.372
-74.716
-74.622
-74.625
-74.876
-74.616
-74.663
-74.534
-74.567
-74.873
-74.804
-74.76
-75
-75.265
-75.387
-75.272
-75.102
-75.344
-75.225
-75.245
-75.48
-75.25
-75.678
-75.655
-75.571
-75.312
-75.158
-75.225
-75.002
-75.015
-75.154
-75.18
-75.186
-74.989
-74.843
-74.69
-74.532
-74.361
-74.344
-74.026
-74.186
-74.071
-74.053
-73.975
-73.899
-73.917
-73.927
-73.893
-73.602
-73.438
-73.304
-73.266
-73.555
-73.802
-73.858
-73.893
-74.256
-74.431
-74.385
-74.602
-74.566
-74.832
-74.752
-74.666
-74.947
-75.455
-75.489
-75.629
-75.813
-75.681
-75.611
-75.984
-76.146
-76.123
-76.186
-76.497
-76.335
-76.491
-76.378
-76.423
-76.586
-76.603
-76.877
-77.132
-77.135
-76.961
-76.593
-76.858
-76.595
-76.426
-76.847
-76.963
-76.915
-77.073
-77.121
-77.328
-77.3
-77.382
-77.16
-76.928
-76.993
-77.047
-76.967
-76.885
-76.608
-76.531
-76.745
-77.062
-77.006
-77.039
-76.772
-76.926
-76.685
-76.399
-76.445
-76.205
-76.486
-76.693
-76.833
-76.846
-76.84
-76.742
-76.601
-77.058
-76.744
-77.145
-77.307
-77.382
-77.717
-77.836
-77.857
-77.715
-77.804
-77.921
-77.732
-77.852
-77.806
-78.174
-78.076
-78.123
-77.985
-78.069
-77.946
-78.18
-78.349
-78.56
-78.412
-78.551
-78.412
-77.807
-77.788
-77.656
-77.652
-77.451
-77.382
-77.495
-77.383
-77.523
-77.422
-77.353
-77.142
-77.312
-77.516
-77.565
-77.54
-77.555
-77.538
-77.773
-77.724
-78.185
-78.198
-78.143
-78.207
-77.944
-77.862
-78.013
-78.114
-77.885
-78.115
-77.964
-77.735
-77.592
-77.616
-77.404
-77.278
-77.15
-77.132
-77.047
-77.053
-77.35
-77.526
-77.622
-77.374
-77.202
-77.274
-77.301
-77.511
-77.416
-77.26
-77.032
-77.034
-77.276
-77.214
-77.257
-77.418
-77.451
-77.814
-77.889
-77.865
-77.817
-77.819
-77.728
-77.808
-77.762
-77.553
-77.651
-77.505
-77.359
-77.605
-77.853
-77.721
-77.809
-77.701
-77.731
-77.546
-77.242
-77.202
-77.207
-77.147
-77.245
-77.309
-77.31
-77.556
-77.441
-77.605
-77.593
-77.525
-77.427
-77.265
-77.1
-77.096
-77.196
-77.244
-77.092
-77.063
-77.002
-77.039
-77.038
-76.945
-76.718
-76.643
-76.717
-76.819
-76.781
-76.713
-76.844
-76.785
-76.766
-76.874
-76.9
-76.984
-76.894
-77.049
-77.2
-77.163
-77.421
-77.514
-77.658
-77.871
-77.83
-77.821
-77.645
-77.777
-77.779
-77.817
-77.855
-78.096
-77.971
-77.868
-77.912
-77.739
-77.798
-77.548
-77.935
-77.957
-78.291
-78.386
-78.418
-78.519
-78.501
-78.493
-78.521
-78.637
-78.53
-78.355
-78.421
-78.303
-78.114
-78.22
-78.233
-78.172
-78.247
-78.523
-78.699
-78.522
-78.64
-78.716
-78.586
-78.612
-78.451
-78.5
-78.472
-78.559
-78.623
-78.583
-78.391
-78.243
-78.202
-78.179
-77.924
-77.852
-77.852
-77.986
-77.952
-77.671
-77.742
-77.578
-77.91
-77.953
-77.89
-77.98
-77.642
-77.794
-78.028
-78.405
-78.322
-78.201
-78.099
-77.85
-77.713
-77.716
-77.523
-77.25
-77.242
-77.188
-77.143
-77.235
-77.181
-77.277
-77.381
-77.572
-77.629
-77.376
-77.255
-76.903
-76.968
-76.636
-76.548
-76.461
-76.805
-76.996
-76.798
-76.952
-76.924
-76.99
-77.076
-77.147
-77.197
-77.202
-77.249
-77.563
-77.205
-77.367
-77.666
-78.177
-78.244
-78.271
-78.233
-78.594
-78.604
-78.889
-79.159
-79.256
-79.296
-79.428
-79.602
-79.485
-79.43
-79.462
-79.373
-79.214
-79.258
-79.293
-79.694
-79.656
-79.809
-79.434
-79.344
-79.674
-79.72
-79.509
-79.35
-79.4
-79.382
-79.454
-79.445
-79.522
-79.515
-79.477
-79.366
-79.667
-79.892
-79.981
-80.152
-80.132
-80.176
-80.208
-80.099
-80.271
-80.322
-80.286
-80.273
-80.093
-80.036
-79.923
-79.847
-79.711
-79.439
-79.363
-79.085
-79.187
-79.073
-79.281
-79.135
-79.315
-79.18
-79.03
-79.103
-78.81
-78.863
-79.116
-78.92
-79.354
-79.427
-79.492
-79.373
-79.609
-79.468
-79.194
-79.599
-79.69
-79.866
-79.899
-79.865
-79.826
-79.979
-79.707
-79.737
-79.646
-79.618
-79.737
-79.442
-79.421
-79.561
-79.573
-79.636
-79.618
-79.645
-79.381
-79.399
-79.319
-79.681
-79.637
-79.396
-79.337
-79.554
-79.573
-79.674
-79.531
-79.521
-79.455
-79.43
-79.719
-79.695
-79.581
-79.574
-79.592
-79.582
-79.295
-79.499
-79.417
-79.761
-79.744
-79.618
-79.392
-79.204
-79.09
-79.15
-79.203
-78.928
-78.983
-78.65
-78.642
-78.649
-78.712
-78.573
-78.653
-78.406
-78.639
-78.646
-78.845
-79.074
-78.942
-78.959
-79.085
-79.058
-78.982
-78.679
-78.581
-78.577
-78.88
-78.957
-79.061
-79.122
-78.897
-78.682
-78.749
-78.907
-78.764
-78.78
-78.704
-78.692
-78.476
-78.198
-78.297
-78.283
-78.224
-78.167
-77.794
-77.821
-77.604
-77.38
-77.486
-77.862
-77.932
-77.932
-78.04
-78.124
-78.181
-78.104
-78.21
-78.101
-78.141
-77.95
-78.095
-77.916
-78.111
-78.173
-78.177
-78.208
-77.881
-77.714
-77.754
-77.849
-77.885
-77.878
-77.981
-77.994
-78.357
-78.364
-78.459
-78.287
-78.127
-78.39
-78.819
-78.894
-79.017
-79.105
-78.907
-79.235
-79.091
-78.935
-79.09
-79.107
-79.188
-79.404
-79.781
-79.84
-79.738
-79.596
-79.49
-79.459
-79.321
-79.173
-79.042
-79.03
-79.143
-79.018
-78.9
-78.816
-79.214
-79.252
-79.318
-78.941
-78.691
-78.628
-78.974
-79.398
-79.378
-79.29
-79.282
-79.029
-79.028
-79.044
-79.061
-79.097
-79.2
-79.149
-78.995
-79.04
-78.808
-78.877
-79.036
-79.231
-79.156
-79.49
-79.684
-79.906
-79.927
-79.771
-79.671
-79.552
-79.554
-79.43
-79.555
-79.527
-79.214
-79.139
-78.874
-79.285
-79.161
-78.925
-79.061
-78.924
-79.003
-79.018
-79.061
-79.015
-78.861
-78.848
-78.841
-78.762
-78.808
-79.204
-79.039
-78.92
-78.973
-78.91
-78.87
-79.001
-79.127
-79.06
-79.015
-78.846
-78.841
-78.785
-78.779
-78.516
-78.469
-78.741
-78.929
-79.019
-79.112
-79.123
-78.915
-79.193
-79.039
-78.894
-78.986
-78.998
-78.983
-78.933
-78.883
-78.9
-78.829
-78.637
-78.625
-78.494
-78.481
-78.728
-78.537
-78.361
-78.332
-78.246
-78.47
-78.332
-78.197
-78.178
-77.988
-77.984
-78.35
-78.432
-78.407
-78.328
-78.423
-78.506
-78.641
-78.71
-78.538
-78.407
-78.009
-78.011
-77.633
-77.591
-77.799
-77.962
-77.687
-77.755
-77.667
-77.822
-77.852
-77.461
-77.155
-77
-77.088
-77.257
-77.134
-77.434
-77.386
-77.245
-76.918
-76.896
-76.596
-76.849
-76.859
-76.934
-77.089
-77.278
-77.305
-77.437
-77.265
