-86.15
-86.19
-86.002
-85.989
-86.406
-86.456
-86.257
-86.178
-86.082
-86.27
-86.562
-86.863
-86.7
-86.845
-86.766
-86.759
-86.565
-86.869
-86.827
-86.945
-87.218
-87.013
-87.091
-86.844
-86.85
-86.794
-86.714
-86.465
-86.436
-86.56
-86.533
-86.334
-86.376
-86.53
-86.627
-86.797
-86.453
-86.282
-85.945
-85.937
-86.048
-86.11
-86.388
-86.279
-86.412
-86.347
-85.846
-85.978
-86.013
-85.95
-86.055
-86.236
-86
-86.023
-85.888
-85.86
-85.833
-85.997
-86.136
-85.983
-85.783
-85.657
-85.655
-85.607
-85.24
-85.239
-85.411
-85.336
-85.779
-85.875
-85.894
-85.581
-85.627
-85.385
-85.493
-85.512
-85.545
-85.422
-85.531
-85.585
-85.56
-85.448
-85.462
-85.687
-85.679
-85.661
-85.845
-85.918
-85.878
-85.629
-85.737
-85.863
-86.079
-85.787
-86.128
-86.027
-86.125
-85.979
-85.782
-85.811
-85.81
-86.034
-85.994
-86.137
-86.156
-86.024
-85.773
-85.798
-85.816
-86.062
-86.053
-86.227
-86.118
-86.087
-86.034
-85.81
-85.645
-85.627
-85.904
-86.07
-85.855
-85.705
-85.581
-85.677
-85.568
-85.605
-85.296
-85.497
-85.569
-85.707
-85.889
-85.779
-85.569
-85.499
-85.631
-85.797
-85.805
-85.798
-85.73
-85.842
-85.928
-85.802
-86.004
-85.904
-86.027
-86.026
-85.838
-85.905
-86.073
-86.043
-85.905
-85.813
-85.938
-86.015
-85.984
-85.955
-86.001
-86.399
-86.602
-86.352
-86.35
-86.52
-86.436
-86.603
-86.597
-86.36
-86.327
-86.41
-86.545
-86.488
-86.237
-86.203
-86.1
-86.233
-86.235
-86.227
-86.046
-86.091
-85.924
-85.807
-85.956
-85.561
-85.387
-85.351
-85.396
-85.415
-84.993
-84.799
-84.822
-84.778
-84.546
-84.572
-84.457
-84.282
-84.381
-84.439
-84.124
-84.007
-83.84
-83.966
-83.737
-83.822
-83.838
-83.811
-83.787
-83.692
-83.955
-83.746
-83.48
-83.308
-83.403
-83.487
-83.478
-83.58
-83.681
-83.534
-83.733
-83.722
-83.616
-83.413
-82.99
-82.623
-82.855
-82.87
-82.842
-82.75
-82.661
-82.62
-82.724
-82.86
-82.79
-82.846
-82.66
-82.703
-82.589
-82.543
-82.59
-82.542
-82.587
-82.985
-83.11
-83.123
-83.115
-83.098
-82.968
-83.075
-83.141
-83.086
-82.852
-82.814
-83.232
-83.322
-83.437
-83.424
-83.477
-83.385
-83.408
-83.7
-83.732
-84.231
-84.494
-84.616
-84.402
-84.477
-84.357
-84.631
-84.68
-84.731
-84.59
-84.545
-84.328
-84.346
-83.893
-83.516
-83.547
-83.478
-83.574
-83.568
-83.427
-83.423
-83.273
-83.27
-83.307
-83.577
-83.545
-83.557
-83.58
-83.763
-83.788
-83.769
-83.662
-83.464
-83.461
-83.355
-83.267
-83.196
-83.31
-83.38
-83.512
-83.698
-83.884
-83.942
-83.966
-83.879
-83.896
-83.816
-83.905
-83.681
-83.456
-83.264
-83.274
-83.392
-83.799
-83.787
-83.874
-83.826
-83.989
-83.842
-83.548
-83.501
-83.228
-83.343
-83.271
-83.381
-83.663
-83.747
-83.672
-83.651
-83.834
-84.094
-84.182
-83.886
-83.786
-83.853
-83.717
-83.803
-84.025
-84.009
-84.179
-83.969
-83.957
-83.783
-83.787
-84.041
-83.925
-84.214
-84.13
-83.917
-83.799
-83.824
-84.06
-84.132
-84.418
-84.56
-84.499
-84.418
-84.412
-84.538
-84.582
-84.847
-84.829
-84.918
-84.873
-84.989
-84.897
-84.926
-84.93
-84.71
-84.56
-84.6
-84.593
-84.96
-85.168
-85.155
-84.884
-84.988
-85.214
-85.051
-84.892
-84.826
-85.152
-85.04
-85.214
-85.198
-85.215
-85.067
-85.274
-85.355
-85.279
-85.163
-85.445
-85.708
-85.855
-85.677
-85.536
-85.509
-85.395
-85.518
-85.435
-85.32
-85.565
-85.85
-85.983
-85.993
-85.917
-85.89
-85.9
-86.065
-86.149
-86.468
-86.634
-86.77
-86.822
-86.665
-86.54
-86.872
-86.849
-86.834
-86.645
-86.575
-86.316
-86.385
-86.275
-86.533
-86.497
-86.801
-86.901
-86.996
-87.115
-86.726
-86.485
-86.494
-86.422
-86.396
-86.115
-85.67
-85.37
-85.059
-84.46
-84.099
-83.556
-83.201
-82.631
-82.322
-82.041
-81.516
-81.26
-80.864
-80.204
-80.01
-79.364
-79.143
-79.014
-78.666
-78.186
-78.176
-77.997
-77.973
-78.17
-77.862
-77.792
-77.726
-77.665
-77.609
-77.557
-77.469
-77.142
-76.854
-76.715
-76.86
-77.016
-76.895
-76.708
-76.717
-76.483
-76.117
-75.94
-75.955
-75.711
-75.62
-75.374
-75.344
-75.293
-74.994
-75.219
-75.351
-75.11
-74.912
-74.955
-74.815
-75.064
-74.834
-75.068
-74.882
-74.706
-74.616
-74.456
-74.381
-74.271
-74.065
-74.186
-74.22
-74.272
-74.098
-74.149
-74.216
-74.193
-74.171
-74.104
-74.205
-74.056
-73.944
-74.213
-73.952
-73.954
-73.953
-73.915
-73.979
-73.849
-73.95
-73.774
-73.258
-73.581
-73.702
-73.754
-73.576
-73.618
-73.657
-73.711
-73.621
-73.499
-73.516
-73.728
-73.897
-73.835
-73.778
-74.17
-73.928
-73.936
-73.73
-74.014
-73.946
-74.029
-73.909
-73.524
-73.283
-73.041
-73.123
-73.165
-72.977
-73.131
-73.381
-73.544
-73.633
-73.421
-73.257
-73.384
-73.342
-73.013
-73.003
-72.898
-72.823
-73.054
-73.011
-72.849
-72.933
-73.008
-72.841
-72.809
-72.637
-72.758
-72.65
-72.38
-72.672
-72.703
-72.622
-72.584
-72.482
-71.955
-71.693
-71.29
-70.73
-70.267
-70.353
-69.983
-69.937
-69.747
-69.55
-69.215
-69.268
-68.878
-69.077
-68.899
-68.679
-68.303
-68.041
-67.549
-67.241
-67.049
-66.238
-65.991
-65.531
-64.981
-64.582
-64.32
-63.997
-63.968
-63.711
-63.367
-63.218
-63.166
-63.366
-63.04
-62.855
-62.631
-62.238
-62.062
-62.124
-62.162
-62.072
-62.066
-62.026
-61.725
-61.845
-61.674
-61.36
-61.5
-61.228
-61.215
-61.3
-61.407
-61.232
-60.913
-60.885
-60.717
-60.202
-60.161
-60.184
-59.821
-59.782
-59.736
-59.626
-59.35
-59.363
-59.409
-59.463
-59.245
-59.024
-58.886
-58.731
-58.609
-58.177
-58.023
-57.95
-57.728
-57.724
-57.743
-57.447
-57.249
-57.247
-57.334
-57.166
-56.95
-56.705
-56.729
-56.509
-56.363
-56.093
-55.883
-56.145
-55.675
-55.385
-55.437
-55.21
-55.114
-54.598
-54.252
-53.613
-52.839
-52.075
-50.427
-47.896
-45
-45
-45
-45
-45
-45
-45
-45
-45
-45
-45
-45
-45
-45
-49.312
-56.316
-61.576
-65.271
-67.771
-69.427
-70.347
-71.094
-71.526
-71.879
-72.185
-72.298
-72.062
-72.093
-72.079
-71.999
-72.291
-72.522
-72.499
-72.587
-72.772
-72.98
-73.007
-72.971
-73.207
-73.265
-73.281
-73.091
-72.945
-72.952
-73.166
-73.004
-73.053
-73.012
-73.087
-73.1
-73.372
-73.319
-73.069
-73.267
-73.519
-73.421
-73.534
-73.42
-73.203
-73.204
-73.304
-73.49
-73.747
-73.718
-73.621
-73.385
-73.403
-73.842
-74.184
-73.961
-74.261
-74.411
-74.327
-74.442
-74.603
-74.823
-75.235
-75.494
-75.456
-75.443
-75.493
-75.533
-75.779
-76.027
-75.814
-75.628
-75.528
-75.623
-75.463
-75.569
-75.812
-75.765
-75.69
-75.56
-75.583
-75.669
-75.651
-75.983
-76.059
-76.032
-76.231
-76.483
-76.468
-76.49
-76.797
-76.649
-76.449
-76.752
-76.893
-76.961
-76.911
-76.984
-76.986
-77.176
-77.373
-77.187
-77.227
-77.229
-77.288
-77.276
-77.317
-77.622
-77.612
-77.609
-77.599
-77.615
-77.664
-77.848
-77.875
-78.074
-78.125
-78.239
-78.151
-77.992
-77.856
-77.922
-78.004
-77.924
-77.912
-77.859
-77.89
-78.156
-77.992
-77.978
-78.266
-78.471
-78.313
-78.479
-78.409
-78.492
-78.237
-78.354
-78.336
-78.29
-78.271
-78.197
-78.388
-78.609
-78.92
-79.162
-79.598
-79.945
-79.977
-79.934
-79.967
-79.819
-79.746
-79.76
-79.689
-79.608
-79.571
-79.292
-79.301
-79.18
-79.147
-79.27
-79.455
-79.277
-79.117
-79.337
-79.051
-79.069
-79.151
-79.302
-79.613
-79.298
-79.03
-79.146
-79.273
-79.69
-80.088
-80.147
-80.129
-80.172
-80.463
-80.481
-80.465
-80.232
-80.605
-80.388
-80.595
-80.454
-80.556
-80.741
-80.578
-80.54
-80.106
-79.938
-79.96
-80.021
-79.894
-79.963
-79.966
-79.986
-79.96
-79.85
-79.905
-80.224
-80.207
-80.121
-80.136
-80.027
-80.121
-79.945
-80.012
-79.927
-79.968
-80.302
-80.189
-79.939
-79.727
-79.738
-80.012
-80.143
-80.218
-80.138
-80.108
-80.326
-79.776
-79.909
-80.284
-80.723
-80.929
-80.934
-80.8
-81.004
-80.845
-81.281
-81.257
-81.332
-81.281
-81.097
-81.692
-81.529
-81.48
-81.298
-81.339
-81.541
-81.825
-81.686
-81.622
-81.507
-81.579
-81.702
-81.669
-81.901
-81.817
-82.087
-82.374
-82.202
-81.977
-81.779
-81.299
-81.303
-81.371
-81.362
-81.484
-81.649
-81.583
-81.575
-81.858
-81.943
-81.9
-81.576
-81.27
-81.414
-81.601
-81.695
-81.785
-81.759
-81.857
-81.856
-81.914
-81.977
-81.954
-81.885
-82.071
-82.035
-82.001
-81.996
-82.049
-81.804
-81.561
-81.839
-82.019
-81.756
-81.691
-81.686
-81.744
-81.889
-81.831
-81.85
-82.031
-82.219
-82.345
-82.318
-82.486
-82.648
-82.327
