-71.533
-71.355
-71.323
-71.588
-71.822
-71.557
-71.462
-71.368
-71.108
-71.34
-71.497
-71.338
-71.415
-71.036
-71.08
-70.932
-71.066
-71.422
-71.41
-71.483
-71.552
-71.511
-71.342
-71.495
-71.088
-70.991
-70.768
-70.884
-70.743
-70.99
-71.031
-71.007
-70.937
-71.067
-70.824
-70.713
-70.739
-70.697
-70.779
-70.975
-70.879
-70.582
-70.401
-70.098
-69.991
-69.866
-69.949
-70.116
-69.853
-69.894
-69.886
-69.91
-69.663
-69.571
-69.362
-69.472
-69.22
-69.237
-69.172
-69.169
-69.364
-69.324
-69.192
-69.305
-69.098
-69.127
-69.344
-69.388
-68.988
-68.822
-68.423
-68.747
-68.572
-68.491
-68.632
-68.748
-68.871
-68.724
-68.721
-68.589
-68.617
-68.478
-68.912
-68.878
-69.02
-69.35
-69.175
-69.215
-68.996
-68.906
-69.364
-69.282
-69.463
-69.366
-69.3
-69.351
-69.411
-69.268
-69.262
-69.364
-69.52
-69.546
-69.689
-69.826
-69.895
-69.933
-69.972
-70.04
-69.951
-69.966
-70
-69.697
-69.505
-69.612
-69.733
-69.713
-69.681
-69.543
-69.314
-69.221
-69.222
-69.254
-69.001
-68.938
-69.031
-69.15
-68.984
-68.341
-67.754
-67.187
-66.773
-66.458
-66.078
-65.601
-65.073
-64.447
-63.888
-63.416
-63.225
-62.782
-62.581
-62.183
-61.664
-61.415
-61.109
-60.854
-60.799
-60.351
-60.423
-60.154
-59.851
-59.625
-59.555
-59.494
-59.775
-59.856
-59.782
-59.883
-59.617
-59.943
-59.793
-59.457
-59.201
-58.995
-58.935
-58.889
-59.491
-59.598
-59.711
-59.902
-59.908
-59.862
-59.699
-59.989
-60.233
-60.032
-60.141
-60.299
-60.369
-60.323
-60.455
-60.493
-60.359
-60.317
-60.416
-60.241
-60.454
-60.536
-60.512
-60.539
-60.252
-60.209
-59.977
-60.218
-60.324
-60.323
-60.343
-60.596
-60.817
-60.763
-60.545
-60.45
-60.442
-60.54
-60.394
-60.543
-60.44
-60.317
-60.606
-60.796
-60.624
-60.82
-60.857
-60.901
-61.061
-61.151
-60.872
-60.647
-60.736
-61.14
-61.134
-61.159
-61.265
-61.175
-61.065
-61.046
-60.589
-59.967
-59.662
-59.286
-58.461
-57.724
-56.804
-56.47
-55.993
-55.589
-55.098
-54.646
-54.263
-53.733
-53.486
-53.047
-52.492
-52.427
-52.076
-51.892
-51.547
-51.239
-50.94
-50.591
-50.143
-49.792
-49.594
-49.231
-49.077
-48.639
-48.112
-47.453
-46.579
-45.434
-45
-45
-45
-45
-45
-45
-45
-45
-45
-45
-45
-45
-45
-45
-45
-45
-45
-45
-45
-49.015
-52.962
-56.252
-58.442
-60.317
-61.448
-62.301
-62.815
-62.846
-63.181
-63.542
-63.833
-63.945
-64.101
-64.223
-64.213
-64.35
-64.484
-64.955
-65.254
-65.398
-65.536
-65.611
-65.801
-65.843
-65.924
-65.862
-65.759
-66.02
-65.884
-65.913
-65.932
-65.928
-65.808
-65.79
-65.891
-65.993
-66.17
-66.018
-66.04
-66.446
-66.413
-66.467
-66.641
-66.596
-66.875
-66.822
-66.603
-66.835
-66.657
-66.662
-66.814
-66.794
-66.599
-66.565
-66.803
-67.004
-66.977
-67.415
-67.36
-67.353
-67.303
-67.612
-67.491
-67.445
-67.281
-67.286
-67.007
-67.212
-67.334
-67.645
-68.062
-67.998
-68.013
-68.3
-68.456
-68.715
-68.64
-68.797
-68.904
-69.005
-69.12
-69.208
-69.252
-68.989
-68.975
-69.115
-69.014
-69.003
-68.773
-68.498
-67.599
-66.836
-66.39
-65.738
-65.052
-64.103
-63.136
-62.385
-61.777
-60.928
-60.571
-59.985
-59.847
-59.11
-58.823
-58.339
-57.992
-57.44
-57.06
-56.986
-56.565
-56.482
-56.384
-56.202
-55.952
-56.004
-56.021
-55.761
-55.819
-55.677
-55.428
-55.298
-55.077
-54.79
-54.791
-55.071
-55.077
-54.988
-54.835
-54.657
-54.484
-54.528
-54.521
-54.466
-54.754
-54.942
-54.783
-54.799
-54.869
-54.994
-55.054
-54.972
-55.019
-54.965
-54.684
-54.656
-54.53
-54.773
-54.851
-54.533
-54.427
-54.396
-54.534
-54.69
-54.825
-54.692
-54.88
-54.738
-54.833
-55.039
-54.848
-54.76
-54.441
-54.163
-53.751
-53.506
-52.823
-52.404
-52.199
-51.542
-51.404
-51.206
-51.002
-50.479
-50.23
-49.86
-49.445
-49.403
-48.954
-48.73
-48.52
-48.029
-47.376
-46.811
-45.889
-45
-45
-45
-45
-45
-45
-45
-45
-45
-45
-45
-45
-45
-45
-45
-45
-45
-45
-45
-46.877
-50.763
-53.882
-55.992
-57.65
-58.597
-59.307
-59.383
-59.228
-58.969
-58.575
-58.141
-57.569
-57.016
-56.821
-56.535
-56.301
-56.062
-55.742
-55.241
-54.704
-54.357
-53.757
-53.556
-53.371
-52.808
-52.445
-52.303
-52.028
-51.621
-51.286
-50.964
-50.781
-50.462
-50.443
-50.332
-49.957
-49.697
-49.648
-49.307
-49.174
-48.806
-48.708
-48.526
-48.186
-47.754
-47.109
-46.623
-46.03
-45.118
-45
-45
-45
-45
-45
-45
-45
-45
-45
-45
-45
-45
-45
-45
-45
-45
-45
-45
-45
-48.447
-52.919
-57.68
-63.185
-68.139
-71.699
-74.243
-76.283
-77.798
-78.3
-78.748
-79.321
-79.588
-79.689
-79.738
-79.6
-79.784
-79.853
-80.112
-79.812
-80.02
-80.175
-80.058
-79.955
-80.179
-79.867
-79.518
-79.345
-79.05
-78.505
-78.166
-78.064
-78.029
-77.938
-77.838
-77.694
-77.913
-77.732
-78.044
-78.066
-77.869
-77.953
-78.1
-78.106
-78.343
-78.399
-78.346
-78.266
-78.508
-78.456
-78.357
-78.08
-78.334
-78.364
-78.399
-78.522
-78.512
-78.703
-79.075
-78.973
-78.556
-78.077
-77.985
-77.491
-77.081
-76.934
-76.682
-76.585
-76.518
-76.191
-76.218
-76.334
-76.173
-76.112
-76.203
-76.373
-76.369
-76.6
-76.847
-76.717
-76.826
-76.847
-76.865
-76.902
-77.004
-77.208
-76.994
-77.189
-77.201
-77.463
-77.593
-77.596
-77.615
-77.457
-77.602
-77.475
-78.025
-78.023
-78.239
-78.195
-78.292
-78.301
-78.225
-78.458
-78.634
-78.816
-78.595
-78.759
-78.899
-78.755
-79.021
-79.037
-79.265
-79.284
-79.145
-79.187
-79.029
-79.059
-78.765
-78.867
-78.853
-78.973
-79.119
-78.66
-78.254
-77.822
-77.138
-76.74
-76.67
-76.532
-76.789
-76.851
-77.299
-77.656
-77.872
-77.828
-77.923
-78.02
-78.055
-78.212
-78.009
-78.183
-78.18
-78.389
-78.504
-78.616
-78.492
-78.536
-78.744
-78.731
-78.585
-78.644
-78.907
-78.752
-78.7
-78.879
-78.868
-78.905
-78.917
-79.08
-79.112
-79
-79.108
-79.096
-78.942
-78.967
-79.019
-79.196
-79.239
-79.327
-79.023
-79.046
-79.429
-79.55
-79.342
-79.368
-79.165
-79.412
-79.107
-79.088
-78.993
-79.231
-79.168
-79.374
-79.398
-79.398
-79.4
-79.398
-79.471
-79.657
-79.517
-79.656
-79.718
-79.816
-79.702
-79.735
-79.629
-79.716
-80.098
-79.829
-79.711
-79.808
-79.965
-79.914
-79.984
-79.939
-79.782
-79.7
-79.928
-80.031
-80.11
-80.22
-80.209
-80.141
-80.112
-80.329
-80.166
-80.42
-80.385
-80.327
-80.364
-80.431
-80.622
-80.45
-80.307
-80.204
-80.099
-79.901
-79.745
-80.008
-79.899
-79.909
-79.726
-79.564
-79.711
-79.732
-79.75
-79.727
-79.675
-79.539
-79.76
-80.134
-80.003
-80.038
-79.886
-79.653
-79.75
-79.648
-79.717
-79.691
-79.797
-79.918
-79.666
-79.585
-79.487
-79.589
-79.705
-79.714
-79.747
-79.623
-79.645
-79.542
-79.449
-79.238
-79.333
-79.303
-79.187
-78.988
-79.434
-79.664
-79.701
-79.821
-79.692
-80.123
-79.994
-80.046
-79.971
-80.183
-80.234
-80.366
-80.136
-80.243
-79.973
-79.989
-80.348
-80.319
-80.681
-80.692
-80.644
-80.642
-80.765
-80.992
-81.043
-80.852
-80.931
-81.228
-80.943
-80.752
-80.939
-81.178
-81.423
-81.504
-81.161
-81.096
-80.819
-80.9
-80.839
-80.764
-80.792
-80.494
-80.452
-80.611
-80.536
-80.692
-80.646
-80.604
-80.436
-80.478
-80.505
-80.523
-80.492
-80.295
-80.149
-80.157
-80.232
-80.246
-80.321
-80.24
-80.241
-80.123
-80.162
-79.994
-80.076
-80.014
-79.992
-80.018
-80.019
-80.074
-79.934
-79.851
-79.879
-79.908
-80.033
-80.041
-79.843
-79.82
-79.908
-79.854
-80.016
-80.274
-80.275
-80.354
-80.254
-80.012
-80.208
-80.133
-80.221
-80.205
-80.125
-79.932
-79.769
-79.675
-79.712
-79.712
-79.666
-79.45
-79.399
-79.414
-79.427
-79.598
-79.507
-79.346
-79.161
-79.039
-78.846
-79.211
-79.033
-78.942
-78.901
-78.841
-78.832
-78.916
-78.919
-79.006
-78.933
-78.962
-79.04
-79.285
-79.568
-79.453
-79.24
-79.179
-79.058
-79.092
-79.205
-79.038
-79.152
-79.218
-79.346
-79.52
-79.599
-79.466
-79.494
-79.696
-79.866
-79.708
-79.792
-79.738
-79.491
-79.6
-79.62
-79.536
-79.662
-79.442
-79.414
-79.626
-79.475
-79.488
-79.23
-79.232
-79.554
-79.5
-78.944
-78.893
-79.121
-79.297
-79.52
-79.514
-79.423
-79.651
-79.502
-79.654
-79.513
-79.218
-79.437
-79.239
-79.393
-79.184
-79.122
-78.825
-78.997
-78.888
-79.072
-79.218
-79.143
-79.019
-79.22
-79.01
