-76.889
-76.994
-76.928
-76.702
-76.464
-76.36
-76.247
-76.178
-76.247
-76.43
-76.624
-76.217
-76.398
-76.364
-76.478
-76.389
-76.171
-76.361
-76.569
-76.523
-76.566
-76.464
-76.383
-76.342
-76.56
-76.928
-76.726
-76.712
-77.032
-77.195
-77.361
-77.333
-77.266
-77.099
-77.199
-77.599
-77.645
-77.518
-77.448
-77.312
-77.387
-77.452
-77.477
-77.432
-77.7
-77.908
-77.942
-77.914
-77.733
-77.83
-78.087
-78.211
-78.434
-78.574
-78.856
-78.84
-78.893
-78.69
-78.84
-78.8
-78.886
-78.775
-78.621
-78.574
-78.516
-78.414
-78.811
-78.865
-78.739
-78.911
-79.047
-79.004
-79.363
-79.255
-79.073
-79.364
-79.513
-79.443
-79.451
-79.61
-79.662
-79.783
-79.631
-79.638
-79.743
-79.88
-79.74
-79.968
-79.822
-79.955
-79.846
-79.488
-79.604
-79.624
-79.622
-79.471
-79.371
-79.289
-79.681
-79.855
-80.125
-80.079
-80.136
-80.175
-80.167
-80.275
-80.403
-80.229
-79.945
-80.096
-80.205
-80.198
-80.184
-80.362
-80.577
-80.226
-80.358
-80.49
-80.264
-80.105
-80.182
-80.258
-80.172
-80.092
-80.212
-80.145
-80.277
-80.587
-80.68
-80.341
-80.162
-80.183
-80.579
-80.909
-80.823
-80.483
-80.332
-80.45
-80.597
-80.644
-80.779
-80.957
-80.739
-80.971
-80.847
-81.093
-81.019
-80.854
-80.887
-81.141
-81.294
-81.214
-81.325
-81.114
-81.041
-80.924
-80.668
-80.671
-80.946
-81.242
-81.271
-81.407
-81.393
-80.917
-81.004
-81.017
-80.919
-80.954
-81.041
-81.226
-81.437
-81.466
-81.556
-81.628
-81.402
-81.352
-81.481
-81.358
-81.303
-81.205
-81.19
-81.28
-81.177
-80.966
-80.994
-80.93
-81.047
-81.097
-81.074
-80.937
-80.881
-80.863
-80.873
-80.821
-80.636
-80.853
-81.026
-80.989
-81.294
-81.009
-81.165
-80.993
-81.19
-81.101
-81.03
-80.835
-80.948
-80.891
-80.961
-80.951
-81
-80.808
-80.896
-80.705
-80.697
-80.555
-80.66
-80.905
-80.952
-81.119
-81.085
-81.019
-81
-80.921
-80.932
-80.792
-81.197
-81.041
-81.098
-81.044
-80.904
-81.001
-80.927
-80.695
-80.686
-80.697
-80.46
-80.207
-79.949
-79.746
-79.452
-79.432
-79.403
-79.417
-79.459
-79.452
-79.551
-79.799
-80.118
-79.966
-80.242
-80.542
-80.257
-80.272
-80.041
-79.879
-79.674
-79.566
-79.586
-79.576
-79.748
-79.625
-79.165
-79.393
-79.648
-79.68
-79.942
-79.792
-79.757
-79.942
-79.864
-79.932
-80.257
-80.385
-80.404
-80.229
-80.285
-80.309
-80.341
-80.449
-80.492
-80.365
-80.38
-80.416
-80.532
-80.689
-80.491
-80.253
-80.271
-80.096
-80.159
-79.957
-80.016
-80.043
-80.148
-80.227
-80.409
-80.541
-80.609
-80.409
-80.262
-80.186
-80.004
-79.882
-79.843
-79.769
-79.595
-79.652
-80.005
-80
-80.138
-80.206
-80.256
-80.487
-80.506
-80.766
-81.014
-81.034
-80.952
-80.924
-80.891
-81.051
-80.908
-80.748
-80.783
-80.842
-80.723
-80.738
-80.526
-80.484
-80.445
-80.488
-80.792
-80.889
-80.767
-80.617
-80.23
-80.045
-80.01
-80.204
-80.165
-79.8
-80.048
-80.031
-80.102
-80.099
-80.24
-80.417
-80.431
-80.317
-80.776
-80.818
-80.535
-80.751
-80.474
-80.554
-80.617
-80.546
-80.606
-80.392
-80.736
-80.836
-81.086
-81.056
-80.928
-80.694
-80.77
-80.694
-80.976
-80.689
-80.626
-80.475
-80.542
-80.446
-80.478
-80.292
-80.148
-80.257
-80.74
-80.825
-80.706
-80.84
-80.652
-80.571
-80.541
-80.181
-79.723
-79.781
-79.62
-79.777
-79.78
-79.795
-79.749
-79.957
-79.878
-79.966
-80.035
-80.045
-80.063
-80.093
-80.505
-80.559
-80.511
-80.529
-80.279
-80.498
-80.495
-80.73
-80.573
-80.311
-80.501
-80.558
-80.558
-80.595
-80.776
-80.68
-80.579
-80.716
-81.053
-80.99
-80.907
-80.849
-80.955
-80.564
-80.535
-80.559
-80.541
-80.642
-81.198
-81.321
-81.078
-81.242
-80.879
-81.053
-81.157
-81.264
-81.484
-81.062
-81.16
-81.268
-81.261
-81.228
-81.386
-81.378
-81.285
-81.483
-81.806
-81.677
-81.904
-81.789
-81.573
-81.349
-80.859
-80.513
-80.103
-80.046
-79.739
-79.344
-78.824
-78.437
-78.097
-77.669
-78.004
-77.821
-77.643
-77.546
-77.738
-77.451
-77.085
-76.958
-76.831
-76.667
-76.631
-76.655
-76.506
-76.734
-76.763
-76.613
-76.532
-76.412
-76.416
-76.307
-76.11
-76.058
-76.156
-75.879
-75.727
-75.794
-75.576
-75.268
-75.011
-75.121
-75
-74.949
-74.727
-74.808
-74.812
-74.774
-74.528
-74.575
-74.605
-74.521
-74.341
-74.512
-74.273
-74.044
-74.346
-74.682
-75.014
-75.086
-74.896
-75.007
-74.917
-74.804
-74.627
-74.726
-74.851
-74.903
-74.691
-74.727
-74.344
-74.244
-74.247
-74.205
-74.198
-74.064
-74.213
-74.09
-73.813
-73.736
-73.618
-73.77
-73.796
-73.812
-73.874
-73.783
-73.441
-73.671
-73.669
-73.509
-73.329
-73.446
-73.334
-73.267
-73.47
-73.928
-73.885
-73.814
-73.864
-74.086
-73.776
-73.565
-73.635
-73.474
-73.458
-73.49
-73.441
-73.355
-73.303
-73.321
-73.168
-72.925
-72.709
-72.738
-72.84
-73.086
-73.033
-73.04
-73.12
-72.766
-72.821
-72.734
-72.723
-72.755
-72.761
-72.813
-72.567
-72.53
-72.571
-72.465
-72.371
-72.305
-71.969
-71.662
-71.327
-70.909
-70.634
-70.086
-69.904
-69.589
-69.047
-68.638
-68.522
-68.264
-67.966
-67.756
-67.697
-67.411
-67.105
-66.979
-66.821
-66.548
-66.56
-66.47
-66.494
-66.72
-66.599
-66.461
-66.533
-66.236
-66.144
-65.949
-65.999
-65.902
-65.649
-65.765
-65.595
-65.486
-65.558
-65.157
-65.169
-65.242
-65.159
-65.17
-65.427
-65.601
-65.279
-65.136
-65.256
-65.203
-65.341
-64.644
-64.575
-64.629
-64.702
-64.655
-64.744
-64.927
-64.618
-64.178
-63.962
-63.949
-63.951
-64.045
-64.011
-63.815
-63.959
-64.134
-64.246
-64.08
-64.108
-64.444
-64.399
-64.474
-64.439
-64.467
-64.25
-64.206
-64.332
-64.312
-64.275
-64.559
-64.279
-64.366
-64.403
-64.406
-64.795
-65.064
-64.912
-65.083
-65.133
-65.133
-64.823
-64.792
-65.017
-64.802
-64.741
-64.667
-64.726
-64.991
-64.976
-65.066
-65.149
-65.04
-65.364
-65.172
-65.16
-65.143
-65.116
-65.254
-65.183
-65.12
-65.082
-65.073
-65.061
-65.139
-65.337
-65.077
-64.826
-64.798
-64.645
-64.385
-64.054
-63.829
-63.474
-62.782
-62.445
-62.261
-61.818
-61.714
-61.628
-61.275
-61.348
-61.473
-61.584
-61.546
-61.343
-61.134
-60.804
-61.017
-61.03
-61.035
-60.629
-60.516
-60.599
-60.425
-60.464
-60.656
-60.67
-60.428
-60.341
-60.309
-60.049
-60.144
-60.127
-59.952
-60.032
-59.947
-59.937
-59.736
-59.591
-59.609
-59.494
-59.688
-59.625
-59.772
-59.796
-59.711
-59.815
-59.898
-59.934
-59.895
-60.056
-59.754
-59.921
-59.824
-59.985
-59.962
-59.936
-60.091
-59.951
-59.722
-59.728
-59.925
-59.946
-60.131
-60.202
-60.033
-59.705
-59.681
-59.693
-59.676
-59.709
-59.518
-59.393
-59.499
-59.417
-59.612
-59.721
-59.836
-59.836
-59.805
-59.688
-59.716
-59.676
-59.483
-59.643
-59.431
-59.37
-59.459
-59.394
-59.454
-59.461
-59.291
-59.207
-58.773
-58.969
-58.78
-58.864
-58.749
-58.809
-58.775
-58.517
-58.68
-58.554
-58.283
-58.402
-58.287
-58.417
-58.512
-58.419
-58.579
-58.626
-58.68
-58.729
-58.79
-58.87
-58.555
-58.882
-58.555
-58.501
-58.264
-58.04
-57.979
-57.712
-57.462
-57.415
-57.188
-57.432
-57.211
-57.408
-57.036
-56.743
-56.651
-56.7
-56.743
-56.248
-56.262
-55.922
-55.849
-55.358
-55.292
-55
-54.725
-54.513
-53.777
-53.182
-52.204
-51.033
-49.264
-45.244
-45
-45
-45
-45
-45
-45
-45
-45
-45
-45
-45
-45
-45
-46.417
-53.586
-59.732
-64.215
-67.054
-69.219
-70.637
-71.945
-72.56
-73.156
-73.546
-73.821
-73.952
-74.109
-74.239
-74.292
-74.339
-74.555
-74.732
-75.025
-75.136
-75.109
-75.224
-75.328
-75.779
-75.687
-75.833
-75.906
-75.816
-75.762
-75.978
-75.78
-75.948
-76.128
-76.078
-75.987
-76.315
-76.461
-76.358
-76.287
-76.394
-76.301
-76.254
-76.06
-76.16
-76.35
-76.121
-76.252
-76.174
-76.283
-76.345
-76.349
-76.421
-76.544
-76.482
-76.662
-76.584
-76.799
-76.871
-76.73
-76.807
-76.716
-76.913
-76.983
-77.113
-77.224
-77.301
-77.395
-77.461
-77.506
-77.634
-77.807
-77.752
-77.885
-77.927
-77.761
-78.04
-77.96
-77.953
-78.134
-78.17
-78.149
-78.157
-78.265
-78.453
-78.601
-78.63
-78.648
-78.59
-78.769
-78.934
-78.719
-78.508
-78.403
-78.447
-78.647
-78.367
-78.478
-78.084
-78.363
-78.041
-78.273
-78.2
-78.148
-78.033
-78.235
-78.428
-78.301
-78.494
-78.484
-78.447
-78.358
-78.599
-78.525
-78.55
-78.708
-78.88
-78.985
-78.938
-78.978
-78.88
-78.765
-78.821
-78.824
-78.84
-78.908
-78.852
-79.001
-79.146
-79.15
-79.33
-79.424
-79.725
-79.771
-79.883
-80.06
-79.846
