-77.421
-77.626
-77.632
-77.716
-77.51
-77.417
-77.655
-77.656
-77.52
-77.458
-77.292
-77.098
-77.19
-77.155
-76.9
-76.892
-76.941
-76.854
-76.589
-76.54
-76.833
-76.762
-76.927
-76.777
-76.503
-76.643
-76.585
-76.453
-76.292
-76.251
-76.292
-76.39
-76.312
-76.517
-76.603
-76.67
-76.755
-76.588
-76.617
-76.558
-76.678
-76.778
-76.567
-76.644
-76.874
-76.892
-76.741
-76.573
-76.721
-76.844
-76.709
-76.478
-76.688
-76.836
-76.893
-77.183
-77.415
-77.316
-77.475
-77.667
-77.74
-78.124
-78.133
-78.086
-78.095
-77.935
-78.074
-77.766
-77.791
-77.821
-77.567
-77.581
-77.728
-77.745
-78.081
-78.015
-77.972
-78.069
-78.07
-78.161
-78.034
-78.035
-77.961
-78.08
-78.02
-78.18
-78.114
-78.104
-78.065
-77.861
-77.785
-77.675
-78.023
-78.335
-78.283
-78.08
-78.298
-78.295
-78.279
-78.506
-78.644
-78.697
-78.735
-78.88
-78.944
-78.855
-78.91
-78.982
-78.965
-78.995
-78.976
-78.918
-78.9
-78.629
-78.512
-78.522
-78.39
-78.281
-78.126
-78.217
-78.312
-78.589
-78.378
-78.393
-78.523
-78.596
-78.856
-78.836
-78.781
-78.98
-78.973
-78.951
-78.704
-78.763
-78.896
-78.831
-78.945
-79.126
-78.883
-78.878
-78.723
-79.023
-78.784
-78.781
-78.914
-78.885
-78.841
-79.115
-79.301
-79.264
-79.025
-78.849
-78.868
-78.724
-78.936
-78.903
-79.051
-79.126
-79.383
-79.506
-79.305
-79.563
-79.613
-79.603
-79.556
-79.957
-80.093
-79.57
-79.381
-79.431
-79.616
-79.851
-79.737
-79.718
-79.625
-79.692
-79.668
-79.69
-79.712
-79.572
-79.458
-79.347
-79.462
-79.419
-79.044
-79.269
-79.301
-79.26
-79.257
-79.439
-79.393
-79.379
-79.18
-78.985
-78.606
-79.069
-78.935
-78.687
-78.457
-78.102
-77.72
-77.578
-77.519
-77.475
-77.419
-77.251
-77.185
-77.091
-76.689
-76.538
-76.669
-76.852
-76.916
-77.042
-77.147
-76.917
-76.7
-76.678
-76.671
-76.826
-76.751
-76.959
-76.882
-76.427
-76.616
-76.241
-76.086
-76.041
-76.312
-76.284
-76.271
-76.274
-76.753
-76.743
-76.61
-76.345
-76.266
-76.348
-76.326
-76.373
-76.289
-76.223
-76.439
-76.567
-76.785
-76.825
-76.564
-76.588
-76.673
-76.677
-76.857
-76.605
-76.659
-76.822
-76.892
-76.975
-76.784
-76.717
-77.017
-77.153
-77.213
-76.857
-76.811
-77.011
-76.787
-77.083
-77.229
-76.974
-77.179
-77.127
-77.092
-77.152
-76.995
-76.873
-77.013
-77.302
-77.461
-77.537
-77.431
-77.39
-77.555
-77.416
-77.467
-77.787
-77.927
-78.009
-78.092
-78.224
-78.161
-78.152
-78.02
-78.199
-78.307
-78.209
-78.289
-78.333
-78.519
-78.418
-78.464
-78.398
-78.179
-78.179
-78.316
-78.199
-78.381
-78.274
-78.244
-78.117
-77.937
-77.826
-77.592
-77.456
-77.465
-77.712
-77.637
-77.431
-77.656
-77.754
-77.529
-77.479
-77.098
-77.025
-76.966
-77.07
-77.051
-77.119
-76.883
-76.665
-76.766
-76.856
-77.11
-77.065
-77.175
-77.271
-77.125
-77.136
-77.073
-76.988
-77.11
-76.853
-77.088
-77.187
-77.459
-77.48
-77.823
-78.052
-78.06
-78.134
-78.23
-78.261
-78.494
-78.463
-78.5
-78.518
-78.882
-78.652
-78.412
-78.282
-78.374
-78.382
-78.136
-78.213
-78.33
-78.184
-78.154
-78.16
-78.036
-78.201
-78.046
-77.865
-77.887
-77.958
-78.106
-78.078
-78.066
-78.211
-78.335
-78.231
-77.913
-77.906
-78.016
-77.997
-77.712
-77.624
-77.939
-77.992
-77.963
-77.779
-77.651
-77.638
-77.432
-77.782
-77.842
-77.441
-77.308
-77.396
-77.476
-77.504
-77.335
-77.272
-77.168
-76.819
-76.682
-76.585
-76.71
-76.616
-76.502
-76.558
-76.553
-76.888
-76.663
-76.69
-76.728
-76.959
-76.821
-76.682
-76.67
-76.483
-76.317
-76.475
-76.62
-76.64
-76.608
-76.532
-76.655
-76.681
-76.621
-76.583
-76.443
-76.732
-76.824
-76.58
-76.575
-76.468
-76.554
-76.431
-76.253
-76.292
-75.981
-76.07
-75.881
-76.138
-76.069
-76.172
-76.31
-76.236
-76.238
-76.509
-77.19
-77.954
-78.239
-78.818
-79.234
-79.289
-79.595
-79.591
-79.708
-79.61
-79.678
-79.575
-79.75
-80.111
-80.248
-80.17
-80.173
-80.161
-80.077
-80.113
-79.819
-80.156
-80.305
-80.342
-80.285
-79.992
-79.961
-79.93
-80.043
-79.986
-79.887
-80.149
-80.326
-80.319
-80.272
-80.264
-80.201
-80.035
-79.745
-79.889
-79.9
-80.148
-80.169
-80.18
-80.49
-80.542
-80.504
-80.44
-80.322
-79.991
-80.075
-80.295
-80.313
-80.033
-80.015
-80.085
-79.955
-80.176
-80.201
-80.155
-80.258
-80.179
-80.255
-80.254
-80.079
-80.076
-80.184
-80.153
-79.999
-80.06
-80.03
-79.79
-79.518
-79.734
-79.887
-79.854
-79.959
-79.842
-79.793
-79.78
-79.866
-79.937
-79.971
-79.96
-79.878
-79.958
-80.057
-80.407
-80.05
-80.107
-80.041
-79.919
-79.839
-79.701
-79.833
-79.831
-80.113
-80.147
-80.116
-79.967
-80.329
-80.066
-79.782
-79.718
-79.471
-79.497
-79.582
-79.596
-79.712
-79.688
-79.734
-79.968
-79.981
-79.939
-79.628
-79.776
-79.873
-79.99
-79.973
-80.021
-79.842
-80.072
-80.108
-80.097
-79.86
-80.049
-79.687
-79.88
-80.176
-79.97
-79.792
-79.801
-79.852
-79.874
-79.947
-79.945
-80.206
-80.285
-80.138
-80.008
-80.076
-79.82
-79.884
-79.497
-79.828
-79.937
-79.91
-79.861
-79.918
-79.962
-80.003
-80.07
-80.166
-80.21
-80.06
-80.107
-79.876
-79.59
-79.223
-78.851
-78.752
-78.748
-78.571
-78.514
-78.344
-78.126
-77.752
-77.551
-77.315
-77.326
-77.32
-77.33
-77.066
-76.817
-77.022
-76.984
-77.262
-77.299
-77.327
-77.538
-77.659
-77.981
-78.253
-78.449
-79.14
-79.206
-79.331
-79.52
-79.597
-79.419
-79.423
-79.65
-79.498
-79.75
-79.74
-79.731
-79.631
-79.496
-79.377
-79.546
-79.547
-79.615
-79.543
-79.63
-79.568
-80.041
-79.928
-79.662
-79.635
-79.807
-79.911
-80.051
-79.889
-79.97
-80.019
-80.346
-80.147
-80.17
-79.869
-79.666
-79.849
-79.775
-79.61
-79.645
-79.434
-79.567
-79.577
-80.038
-80.022
-79.696
-79.773
-79.911
-79.755
-79.752
-80.077
-80.342
-80.349
-80.413
-80.048
-80.169
-79.993
-80.072
-79.974
-79.762
-79.734
-79.937
-79.973
-80.288
-80.066
-80.203
-80.378
-80.122
-79.969
-79.863
-79.919
-80.059
-80.095
-79.816
-79.929
-80.03
-80.119
-80.144
-80.143
-79.96
-79.975
-79.875
-79.87
-79.991
-80.061
-80.196
-80.011
-79.985
-79.966
-79.956
-79.913
-80.09
-79.985
-80.057
-80.006
-80.051
-80.059
-79.649
-79.801
-79.973
-79.859
-80.133
-80.089
-80.002
-80.041
-80.165
-80.116
-80.017
-79.949
-79.858
-79.623
-79.834
-80.101
-80.242
-80.132
-80.061
-80.108
-80.324
-80.198
-80.156
-80.121
-79.921
-79.997
-79.959
-80.094
-80.202
-80.264
-80.311
-80.137
-80.191
-79.827
-79.728
-79.65
-79.927
-79.689
-79.786
-80.031
-79.826
-79.801
-79.947
-80.012
-79.547
-79.841
-80.039
-80.176
-80.268
-80.073
-79.881
-79.985
-80.304
-80.079
-79.989
-80.1
-80.212
-80.234
-80.168
-79.982
-80.169
-80.094
-80.144
-80.009
-80.081
-79.973
-80.128
-80.25
-80.048
-80.021
-79.831
-79.852
-79.607
-79.956
-80.108
-80.079
-80.028
-79.985
-79.894
-80.056
-80.13
-80.144
-80.008
-80.204
-79.946
-79.888
-79.701
-79.562
-79.476
-79.515
-79.504
-79.874
-79.753
-79.563
-79.516
-79.586
-79.705
-79.642
-79.844
-79.832
-79.729
-79.764
-79.805
-79.816
-80.029
-79.72
-79.82
-79.901
-79.806
-79.935
-79.742
-79.753
-79.688
-79.717
-79.717
-79.936
-80.209
-80.08
-80.079
-80.458
-80.176
-80.235
-80.169
-80.003
-79.977
-79.912
-79.865
-79.744
-79.713
-79.686
-79.925
-80.001
-79.944
-79.733
-79.688
-79.919
-79.943
-80.125
-80.281
-80.095
-80.094
-80.269
-80.121
-80.118
-79.975
-80.145
-80.097
-80.066
-80.169
-80.003
-79.988
-79.914
-80.014
-79.781
-79.903
-80.066
-79.968
-79.948
-79.769
-79.923
-79.756
-79.667
-79.693
-79.943
-79.361
-79.574
-79.757
-79.991
-80.09
-79.775
-79.741
-79.826
-79.574
-79.713
-80.017
-79.762
-79.825
-80.04
-79.89
-79.902
-79.771
-79.847
-80.039
-80.067
-79.947
-80.13
-80.006
-79.933
-79.861
-79.867
-80.009
-79.769
-79.869
-80.109
-80.044
-79.879
-80.095
-80.096
-79.801
-79.96
-79.877
-79.793
-79.689
-79.708
-79.771
-79.8
-79.914
-79.863
-80.04
-79.987
-79.74
-79.702
-79.977
-79.846
-79.925
-79.865
-79.925
-79.891
-79.739
-79.839
-79.791
-79.812
-79.633
-79.781
-79.802
-79.803
-79.904
-80.146
-80.211
-80.296
-80.283
-80.059
-80.054
-79.972
-79.865
-79.949
-80.096
-80.007
-79.848
-79.927
-79.778
-80.058
-79.913
-80.021
-79.908
-80.056
-80.127
-80.072
-80.031
-80.009
-80.126
-80.039
-80.125
-80.185
-80.215
-79.95
-80.161
-80.155
-80.015
-79.754
-79.837
-79.973
-80.136
-79.854
-79.848
-79.546
-79.517
-79.593
-79.913
-79.965
-79.978
-80.159
