-71.894
-71.911
-71.605
-71.584
-71.577
-71.741
-71.871
-72.108
-72.431
-72.333
-72.331
-72.252
-72.405
-72.373
-72.415
-72.324
-72.285
-72.311
-72.214
-72.277
-72.247
-72.185
-71.908
-71.89
-71.692
-71.671
-71.723
-71.712
-71.589
-71.68
-71.657
-71.656
-71.329
-71.307
-71.156
-71.315
-71.315
-71.143
-71.514
-71.298
-71.314
-71.49
-71.641
-71.835
-71.731
-71.514
-71.612
-71.545
-71.353
-71.155
-71.357
-71.08
-70.951
-71.048
-71.2
-71.189
-71.158
-71.095
-71.139
-71.066
-71.128
-71.394
-71.203
-71.372
-71.599
-71.662
-72.056
-72.098
-72.042
-71.822
-71.853
-71.797
-71.85
-71.784
-71.814
-71.555
-71.526
-71.797
-71.732
-71.901
-71.704
-71.656
-71.735
-71.838
-71.914
-71.964
-71.87
-71.901
-71.804
-71.694
-71.572
-71.679
-71.74
-71.536
-71.629
-71.564
-71.399
-71.147
-71.03
-71.069
-70.887
-70.851
-70.885
-70.89
-71.151
-70.984
-71.054
-70.931
-71
-71.203
-71.455
-71.446
-71.483
-71.416
-71.307
-71.083
-71.262
-71.221
-71.032
-70.697
-70.983
-71.205
-71.243
-70.838
-70.866
-70.987
-70.952
-70.754
-70.827
-70.668
-70.658
-70.716
-70.812
-70.797
-70.727
-70.868
-70.663
-70.631
-70.715
-70.831
-70.996
-70.879
-70.792
-70.768
-70.845
-71.063
-70.868
-71.148
-71.214
-71.452
-71.482
-71.494
-71.529
-71.657
-71.755
-71.756
-71.761
-71.812
-71.912
-71.9
-71.614
-71.754
-71.942
-71.941
-71.653
-71.739
-71.58
-71.489
-71.526
-71.426
-71.309
-71.24
-71.031
-70.99
-71.023
-71.174
-71.429
-71.52
-71.467
-71.632
-71.747
-71.793
-71.688
-71.445
-71.124
-71.134
-70.877
-70.822
-70.639
-70.312
-70.248
-70.261
-70.447
-70.457
-70.431
-70.471
-70.29
-70.12
-70.285
-70.106
-69.897
-69.942
-69.797
-70.059
-69.965
-69.947
-69.912
-69.766
-69.59
-69.778
-69.896
-69.851
-69.943
-69.756
-69.825
-69.611
-69.719
-69.86
-69.938
-69.699
-69.567
-69.489
-69.754
-69.851
-70.2
-70.266
-70.073
-69.966
-69.714
-69.627
-69.621
-69.694
-69.804
-70.073
-70.345
-70.496
-70.646
-70.668
-70.715
-70.53
-70.362
-70.247
-70.097
-69.98
-69.851
-69.672
-69.697
-69.504
-69.514
-69.307
-69.425
-69.541
-69.405
-69.45
-69.447
-69.636
-69.558
-70.017
-69.858
-69.728
-69.775
-70.004
-69.967
-70.122
-70.104
-70.002
-69.979
-69.814
-69.893
-69.766
-69.736
-69.633
-69.729
-69.794
-69.963
-70.318
-70.149
-70.177
-70.002
-69.787
-69.56
-69.516
-69.392
-69.654
-69.629
-69.79
-70.145
-70.017
-70.002
-69.966
-69.924
-69.811
-69.876
-69.911
-69.639
-69.801
-69.53
-69.709
-69.812
-69.979
-70.039
-70.161
-70.06
-70.119
-70.14
-70.002
-69.993
-69.688
-69.853
-69.728
-69.566
-69.511
-69.409
-69.316
-69.322
-69.251
-69.152
-69.08
-69.19
-69.413
-69.438
-69.172
-69.387
-69.279
-69.23
-69.247
-69.102
-69.267
-69.133
-69.138
-69.082
-69.121
-69.238
-69.45
-69.396
-69.184
-69.182
-68.956
-69.214
-69.321
-69.147
-69.433
-69.663
-69.731
-69.823
-69.879
-70.12
-69.936
-69.81
-69.592
-69.991
-70.004
-70.203
-70.153
-70.226
-70.243
-70.363
-70.425
-70.345
-70.191
-70.344
-70.457
-70.39
-70.257
-70.113
-70.14
-69.926
-69.993
-69.916
-70.173
-70.327
-70.396
-70.218
-70.351
-70.37
-70.521
-70.852
-70.816
-70.902
-71.038
-70.895
-70.87
-70.933
-70.747
-70.512
-70.51
-70.602
-70.576
-70.368
-70.591
-70.626
-70.458
-70.218
-70.336
-70.494
-70.279
-70.435
-70.552
-70.602
-70.505
-70.469
-70.446
-70.353
-70.282
-70.362
-70.119
-70.13
-69.985
-70.089
-70.14
-70.08
-70.133
-70.32
-70.225
-70.451
-70.39
-70.583
-70.487
-70.089
-70.228
-70.331
-70.537
-70.468
-70.678
-70.858
-70.733
-70.838
-70.665
-70.49
-70.544
-70.669
-70.787
-70.635
-70.675
-70.678
-70.641
-70.927
-70.843
-70.702
-70.929
-70.925
-71.012
-70.992
-70.778
-70.727
-70.758
-70.728
-70.8
-70.721
-70.968
-70.818
-70.881
-71.071
-71.362
-71.29
-71.2
-71.192
-71.189
-70.93
-71.133
-71.043
-71.072
-71.218
-71.187
-71.322
-71.432
-71.666
-71.396
-71.955
-71.911
-71.884
-72.124
-72.177
-72.028
-71.936
-72.02
-72.021
-71.754
-71.985
-71.559
-71.468
-71.276
-71.401
-71.216
-71.142
-71.114
-70.832
-70.681
-70.657
-70.899
-70.744
-70.69
-70.804
-70.974
-71.085
-71.13
-71.07
-71.182
-71.546
-71.559
-71.766
-71.613
-71.412
-71.499
-71.526
-71.348
-71.397
-71.531
-71.525
-71.584
-71.397
-71.547
-71.482
-71.386
-71.798
-72.119
-72.397
-72.309
-72.316
-72.375
-72.631
-72.838
-72.776
-72.672
-72.756
-72.682
-72.677
-72.685
-72.59
-72.646
-72.712
-72.857
-72.506
-72.798
-72.761
-72.705
-72.264
-72.038
-71.848
-71.92
-71.866
-71.893
-72.041
-72.074
-71.68
-71.947
-71.619
-71.82
-71.906
-71.835
-71.49
-71.443
-71.389
-71.411
-71.351
-71.359
-71.417
-71.467
-71.669
-71.936
-71.964
-71.905
-72.319
-72.434
-72.571
-72.373
-72.523
-72.406
-72.479
-72.626
-72.736
-72.968
-72.821
-72.893
-72.963
-73.133
-73.166
-73.336
-73.722
-73.684
-73.658
-73.614
-73.203
-73.252
-73.415
-73.37
-73.615
-73.84
-73.584
-73.504
-73.312
-73.084
-73.032
-72.957
-73.2
-73.438
-73.275
-73.201
-73.224
-73.353
-73.635
-73.804
-74.159
-74.13
-73.895
-73.805
-73.913
-73.639
-73.37
-73.482
-73.476
-73.613
-73.861
-74.03
-74.312
-74.23
-73.782
-73.412
-72.946
-72.669
-72.359
-72.163
-71.908
-71.764
-71.376
-71.184
-70.938
-70.345
-69.843
-69.472
-68.846
-68.281
-68.124
-67.686
-67.241
-66.841
-66.619
-66.108
-65.458
-64.745
-64.133
-63.644
-62.837
-62.439
-62.061
-61.57
-61.084
-60.631
-60.182
-59.969
-59.791
-59.426
-59.206
-59.007
-58.968
-58.615
-58.377
-58.607
-58.38
-57.992
-57.627
-57.13
-56.617
-56.35
-55.827
-55.139
-54.68
-54.106
-53.753
-53.243
-52.236
-50.623
-48.156
-45
-45
-45
-45
-45
-45
-45
-45
-45
-45
-45
-45
-45
-45
-48.816
-56.018
-61.169
-65.051
-67.846
-69.71
-70.803
-71.73
-72.46
-72.968
-73.526
-73.852
-74.068
-74.176
-74.316
-74.489
-74.543
-74.804
-74.667
-74.707
-74.713
-74.763
-74.56
-74.366
-74.436
-74.547
-74.272
-74.122
-74.174
-74.344
-74.342
-74.352
-74.292
-74.305
-74.195
-73.859
-73.628
-73.45
-73.024
-73.043
-72.557
-72.42
-71.883
-71.767
-71.603
-71.57
-71.476
-71.392
-71.258
-71.307
-71.103
-71.075
-70.788
-70.829
-70.579
-70.76
-70.915
-70.767
-70.766
-70.302
-70.236
-70.077
-69.73
-69.872
-69.836
-70.002
-69.962
-70.001
-69.851
-69.873
-69.689
-69.771
-69.735
-69.646
-69.55
-69.467
-69.622
-69.68
-69.872
-69.768
-69.906
-69.859
-70
-70.072
-70.296
-70.596
-70.858
-70.816
-70.972
-71.106
-70.967
-70.876
-70.699
-70.83
-70.896
-71.44
-71.64
-71.668
-71.755
-72.212
-72.264
-72.148
-72.444
-72.444
-72.353
-72.589
-72.519
-72.672
-72.612
-72.827
-72.627
-72.915
-72.785
-73.142
-73.115
-73.111
-73.223
-73.297
-73.45
-73.401
-73.42
-73.293
-73.171
-73.208
-73.38
-73.521
-73.632
-73.561
-73.432
-73.387
-73.476
-73.435
-73.506
-73.638
-73.765
-73.479
-73.312
-73.453
-73.389
-73.261
-73.444
-73.71
-73.723
-73.498
-73.558
-73.584
-73.58
-73.968
-74.153
-74.147
-74.325
-74.365
-74.549
-74.773
-74.985
-74.767
-75.04
-74.72
-74.742
-75.062
-74.971
-75.016
-75.04
-75.075
-75.43
-75.427
-75.322
-75.343
-75.251
-75.432
-75.741
-75.846
-75.86
-75.591
-75.943
-75.803
-75.827
-75.659
-75.469
-75.281
-75.348
-75.262
-75.271
-75.369
-75.346
-75.469
-75.879
-75.965
-75.799
-75.726
-75.866
-75.866
-76.28
-76.389
-76.474
-76.468
-76.213
-76.301
-76.597
-76.84
-77.091
-77.106
-77.055
-76.901
-77.172
-77.251
-76.993
-76.87
-76.909
-76.944
-77.032
-76.788
-77.135
-77.068
-77.065
-77.17
-76.939
-76.972
-76.948
-76.729
-76.733
-76.975
-76.974
-76.942
-77.161
-76.989
-77.07
-77.04
-77.323
-77.341
-77.227
-77.361
-77.376
-77.161
-77.581
-77.585
-77.658
-77.62
-77.581
-77.816
-77.714
-77.795
-78.329
-78.355
-78.171
-78.246
-78.53
-78.735
-78.638
-78.963
-79.073
-79.349
-79.297
-79.09
-79.027
-79.162
-79.456
-79.486
-79.604
-79.886
-79.934
-79.91
-79.748
-79.787
-79.854
-79.881
-80.048
-80.09
-80.048
-80.133
-80.005
-79.737
-79.485
-79.528
-79.724
-79.704
-79.443
-79.67
-79.863
-79.816
-79.647
-79.689
-79.548
-79.502
-79.477
-79.229
-79.26
-79.406
-79.45
-79.45
-79.299
-79.315
-79.145
-79.016
-79.422
-79.491
-79.325
-79.388
-79.189
-79.083
-78.845
-78.658
-78.513
-78.807
-78.969
-78.938
-79.085
-78.861
-78.901
-79.035
-79.117
-79.099
-79.117
-79.207
