-77.93
-77.787
-77.939
-77.827
-78
-77.883
-77.828
-77.719
-77.775
-77.669
-77.105
-77.139
-77.174
-77.26
-77.182
-77.577
-77.764
-77.893
-77.992
-77.735
-77.727
-77.774
-77.736
-77.67
-77.883
-77.724
-78.022
-78.313
-78.34
-78.437
-78
-78.189
-78.245
-78.455
-78.433
-78.455
-78.618
-78.541
-78.509
-78.509
-78.484
-78.39
-78.349
-78.513
-78.326
-78.175
-78.266
-78.209
-78.278
-78.307
-78.499
-78.496
-78.547
-78.796
-78.724
-78.546
-78.657
-78.48
-78.524
-78.096
-78.197
-78.212
-78.097
-77.904
-77.922
-77.839
-78.041
-78.005
-78.016
-78.288
-78.163
-78.187
-78.261
-78.107
-78.064
-77.889
-77.975
-78.376
-78.346
-78.334
-78.422
-78.612
-78.703
-78.806
-78.95
-79.142
-78.965
-78.864
-79.018
-78.991
-79.138
-79.292
-79.172
-79.127
-79.401
-79.262
-79.283
-79.14
-79.362
-79.284
-79.268
-79.333
-79.161
-79.025
-78.86
-78.744
-78.558
-78.487
-78.403
-78.493
-78.31
-78.244
-78.321
-78.064
-77.964
-77.626
-77.727
-77.731
-77.812
-77.771
-77.694
-77.644
-77.791
-77.811
-77.613
-77.773
-77.9
-77.893
-78.061
-78.058
-78.148
-78.227
-78.345
-78.547
-78.447
-78.425
-78.133
-77.93
-78.086
-77.962
-77.839
-78.156
-78.131
-78.085
-77.76
-78.163
-78.397
-78.349
-78.387
-78.375
-78.318
-78.522
-78.809
-78.682
-78.574
-78.28
-78.084
-78.061
-77.922
-77.96
-78.147
-78.269
-78.337
-78.554
-78.492
-78.296
-78.192
-78.385
-78.441
-78.265
-78.231
-78.091
-78.487
-78.657
-78.744
-78.905
-79.095
-79.078
-79.167
-78.881
-78.751
-78.799
-78.923
-78.92
-78.978
-78.898
-78.961
-78.639
-78.664
-78.724
-78.658
-78.73
-78.959
-79.008
-78.945
-78.984
-78.931
-79.003
-79.087
-79.286
-79.042
-79.262
-79.224
-79.187
-79.058
-79.049
-79.117
-79.055
-79.282
-78.985
-78.895
-78.96
-78.765
-78.772
-78.697
-78.667
-79.111
-79.308
-79.447
-79.723
-79.966
-79.736
-79.929
-79.91
-79.662
-79.356
-79.583
-79.453
-79.715
-79.722
-79.651
-79.661
-79.704
-79.753
-79.452
-79.263
-78.977
-79.27
-79.02
-79.192
-78.995
-79.155
-79.204
-79.299
-79.317
-79.153
-79.333
-78.931
-78.576
-78.736
-78.602
-78.446
-78.62
-78.566
-78.428
-78.354
-78.23
-78.368
-78.448
-78.442
-78.382
-78.381
-78.393
-78.61
-78.661
-78.89
-78.926
-79.018
-79.106
-79.146
-79.309
-79.354
-79.178
-79.056
-79.023
-78.911
-79.109
-78.897
-78.943
-79.108
-79.154
-78.973
-78.995
-79.108
-79.086
-79.116
-79.035
-78.807
-78.868
-78.79
-78.898
-79.189
-78.957
-78.97
-78.866
-79.143
-79.227
-79.245
-79.191
-79.124
-79.32
-79.447
-79.223
-79.126
-79.059
-79.246
-79.08
-79.062
-78.959
-79.231
-79.168
-79.246
-79.03
-78.921
-78.902
-78.911
-78.947
-78.908
-78.609
-78.764
-78.229
-77.967
-78.014
-78.33
-78.342
-78.189
-78.296
-78.136
-77.9
-77.819
-77.891
-77.891
-77.794
-77.917
-77.874
-78.328
-78.597
-78.747
-78.518
-78.633
-78.579
-78.466
-78.265
-78.345
-78.279
-78.459
-78.517
-78.666
-78.605
-78.636
-78.854
-78.73
-78.698
-78.607
-78.849
-78.931
-79.028
-79.431
-79.771
-79.861
-79.828
-79.887
-80
-80.022
-80.037
-79.826
-79.692
-79.804
-79.828
-79.672
-79.884
-79.805
-79.877
-79.963
-79.703
-79.897
-79.759
-79.874
-80.013
-80.061
-79.88
-79.963
-79.745
-79.853
-79.733
-79.483
-79.348
-79.404
-79.411
-79.522
-79.195
-79.086
-79.093
-78.987
-78.946
-79.045
-79.151
-79.37
-79.543
-79.589
-79.946
-80.321
-80.382
-80.646
-80.821
-80.685
-80.764
-80.8
-80.443
-80.377
-80.454
-80.465
-80.288
-80.225
-80.257
-79.791
-79.737
-79.916
-80.187
-80.145
-80.203
-80.295
-80.519
-80.766
-80.888
-80.743
-80.769
-80.847
-80.424
-80.39
-80.427
-80.406
-80.26
-80.519
-80.601
-80.586
-80.67
-80.627
-80.386
-80.451
-80.255
-80.074
-80.05
-80.333
-80.338
-80.164
-79.759
-79.798
-80.079
-80.325
-80.776
-80.701
-80.671
-80.977
-81.186
-81.253
-81.437
-81.309
-81.338
-81.541
-81.579
-81.477
-81.206
-81.188
-80.995
-80.849
-81.15
-81.143
-80.997
-80.771
-80.733
-80.404
-79.865
-79.551
-79.143
-78.875
-78.074
-77.873
-77.701
-77.333
-77.247
-77.171
-76.802
-76.656
-76.299
-76.176
-75.843
-75.699
-75.758
-75.424
-74.972
-74.671
-74.767
-74.821
-74.776
-74.694
-74.625
-74.738
-75.731
-76.612
-77.374
-78.33
-78.784
-79.206
-79.655
-79.524
-79.596
-79.623
-79.754
-79.876
-79.934
-79.791
-79.658
-79.576
-79.82
-79.918
-79.846
-79.829
-79.896
-80.091
-80.006
-79.816
-79.801
-79.854
-79.724
-79.58
-79.763
-79.652
-79.828
-79.399
-79.201
-79.04
-79.107
-79.23
-79.006
-78.95
-79.006
-78.731
-78.736
-78.922
-78.704
-78.631
-78.781
-78.839
-79.01
-78.948
-79.048
-78.921
-79.049
-79.314
-79.488
-79.381
-79.619
-79.666
-79.497
-79.852
-79.591
-79.466
-79.423
-79.698
-79.754
-79.822
-79.774
-79.603
-79.95
-79.931
-79.832
-79.75
-79.923
-79.901
-79.684
-79.635
-79.75
-79.883
-79.839
-80.101
-80.054
-80.116
-80.113
-80.12
-80.113
-80.187
-80.064
-79.988
-79.979
-79.984
-80.006
-80.022
-79.977
-80.136
-80.183
-80.323
-80.11
-80.158
-80.151
-80.13
-80.248
-80.362
-80.259
-80.114
-80.145
-79.896
-79.751
-79.935
-79.829
-79.963
-79.847
-79.718
-79.608
-79.293
-79.006
-78.702
-78.645
-78.104
-77.712
-77.462
-77.118
-76.632
-76.247
-75.966
-75.615
-75.409
-75.363
-75.132
-74.923
-74.912
-74.968
-74.935
-74.853
-74.92
-75.031
-75.253
-75.381
-75.5
-75.587
-75.441
-75.294
-75.265
-75.452
-75.831
-76.294
-76.343
-76.272
-76.085
-75.929
-76.003
-75.841
-75.703
-75.364
-75.476
-75.157
-74.966
-74.663
-74.317
-74.037
-74.053
-73.708
-73.719
-73.707
-73.787
-73.695
-73.61
-73.57
-73.521
-73.774
-73.734
-73.866
-74.192
-74.459
-74.556
-74.729
-74.842
-74.717
-74.796
-74.826
-75.083
-75.158
-75.152
-75.167
-75.333
-75.117
-75.155
-75.37
-75.403
-75.364
-75.576
-75.777
-76.099
-75.888
-76.121
-75.763
-76.057
-76.161
-76.284
-76.075
-75.962
-75.895
-75.523
-75.571
-75.543
-75.25
-75.055
-75.02
-74.826
-74.871
-74.901
-75.182
-75.196
-75.37
-75.313
-75.585
-75.359
-75.199
-75.44
-75.729
-75.92
-76.201
-76.269
-76.179
-76.096
-76.093
-76.31
-76.457
-76.408
-76.38
-76.156
-76.506
-76.484
-76.613
-76.788
-76.767
-76.641
-76.558
-76.778
-77.29
-77.041
-77.027
-76.965
-77.17
-77.127
-77.007
-76.919
-77.029
-76.674
-76.662
-76.712
-76.675
-76.747
-76.579
-76.639
-76.653
-76.856
-76.681
-76.759
-76.782
-76.596
-76.523
-76.706
-76.916
-77.145
-77.08
-77.005
-77.171
-77.496
-77.609
-77.627
-77.739
-77.62
-77.195
-77.223
-77.03
-77.152
-76.927
-77.186
-77.108
-76.956
-76.886
-76.887
-77.048
-77.11
-77.103
-77.457
-77.276
-77.432
-77.522
-77.267
-77.154
-77.273
-77.376
-77.577
-77.781
-77.761
-77.983
-78.023
-77.816
-78.107
-78.03
-77.953
-78.005
-77.854
-77.787
-77.646
-77.421
-77.581
-77.646
-77.72
-77.718
-77.655
-77.785
-77.953
-78.02
-77.808
-77.943
-78.288
-78.438
-78.559
-78.514
-78.49
-78.581
-78.502
-78.408
-78.366
-78.506
-78.696
-78.567
-78.476
-78.686
-78.755
-78.889
-78.595
-78.59
-78.606
-78.397
-78.638
-78.4
-78.24
-78.129
-78.294
-78.25
-78.341
-78.36
-78.27
-78.333
-77.96
-77.895
-78.133
-78.015
-78.194
-78.242
-78.231
-78.159
-78.269
-78.458
-78.296
-78.294
-78.529
-78.595
-78.496
-78.576
-78.763
-78.678
-78.639
-78.639
-78.921
-79.015
-78.861
-78.791
-78.583
-78.733
-78.682
-78.549
-78.766
-78.524
-78.475
-78.62
-78.631
-78.682
-78.986
-78.759
-78.741
-78.755
-78.917
-78.917
-79.069
-78.843
-78.794
-78.861
-79.04
-79.058
-79.186
-79.016
-78.799
-78.67
-78.796
-78.387
-78.309
-78.294
-78.145
-78.24
-78.404
-78.682
-78.762
-78.69
-78.6
-78.394
-78.355
-78.161
-78.059
-78.296
-78.205
-78.482
-78.447
-78.526
-78.872
-78.849
-78.796
-78.864
-78.611
-78.731
-78.828
-79.007
-79.052
-79.372
-79.195
-79.324
-79.607
-79.746
-80.022
-80.027
-79.811
-79.993
-80.278
-80.228
-80.241
-80.609
-80.873
-81.01
-80.967
-81.227
-81.171
-81.211
-80.997
-81.039
-81.083
-81.222
-81.458
-81.439
-81.275
-81.397
-81.503
-81.298
-81.276
-81.221
-81.304
-81.07
-81.053
-81.165
-81.436
-81.308
-81.215
-81.346
-81.615
-81.685
-81.65
-81.931
-81.591
-81.461
-81.348
-81.403
-81.208
-81.131
-81.092
-81.002
-81.155
-81.096
-80.932
-80.922
-80.78
-80.648
-80.48
-80.472
-80.589
-80.679
-80.494
-80.489
-80.583
-80.46
-80.367
-80.617
-80.777
-80.685
-80.714
-80.76
-80.686
-80.615
-80.948
-80.787
-81.12
-81.273
-81.281
-81.374
