-81.283
-80.988
-81.42
-81.603
-81.513
-81.662
-81.288
-81.165
-80.882
-80.616
-80.882
-80.672
-80.714
-80.732
-80.862
-81.173
-81.23
-81.123
-81.128
-80.998
-81.188
-81.451
-81.204
-81.251
-81.345
-81.214
-80.983
-80.991
-80.856
-80.674
-80.442
-80.467
-80.216
-80.277
-80.309
-80.216
-80.11
-80.105
-80.162
-79.993
-79.903
-79.608
-79.46
-79.799
-79.888
-79.982
-79.946
-80.054
-80.148
-80.145
-80.025
-80.126
-80.19
-80.337
-80.56
-80.401
-80.65
-80.672
-80.492
-80.629
-80.513
-80.545
-80.527
-80.448
-80.261
-80.193
-80.348
-80.413
-80.31
-80.502
-80.66
-80.51
-80.514
-80.919
-81.132
-80.953
-81.088
-80.749
-80.893
-80.702
-80.589
-80.471
-80.807
-80.661
-81.002
-81.143
-81.375
-81.276
-81.433
-81.354
-81.416
-81.721
-81.697
-81.864
-81.808
-81.594
-81.69
-81.571
-81.544
-81.285
-81.466
-81.788
-81.987
-82.056
-81.955
-81.975
-81.945
-82.052
-82.179
-81.967
-82.18
-82.191
-82.101
-82.05
-81.974
-82.041
-81.981
-81.714
-81.812
-81.751
-81.708
-82.101
-82.225
-82.303
-82.218
-82.097
-82.16
-82.172
-82.354
-82.419
-82.398
-82.498
-82.087
-82.155
-81.981
-82.032
-82.04
-81.739
-81.622
-81.731
-81.552
-81.698
-81.606
-81.494
-81.492
-81.435
-81.545
-81.46
-81.471
-81.347
-81.339
-81.53
-81.345
-81.489
-81.5
-81.326
-81.475
-81.344
-81.012
-81.004
-81.039
-80.888
-81.006
-80.902
-81.034
-80.862
-80.87
-80.811
-80.784
-81.006
-81.35
-81.469
-81.203
-81.353
-81.122
-81.35
-81.491
-81.647
-81.386
-81.268
-81.407
-81.469
-81.378
-81.384
-81.044
-80.803
-80.837
-80.71
-80.857
-80.952
-80.748
-80.631
-80.534
-80.801
-81.168
-81.098
-81.207
-81.158
-81.039
-80.943
-80.986
-80.967
-80.535
-80.621
-80.331
-80.218
-80.284
-80.355
-80.511
-80.532
-80.24
-80.355
-80.271
-80.046
-79.827
-79.811
-79.463
-79.35
-79.194
-79.117
-79.061
-78.81
-78.807
-78.793
-78.856
-79.003
-78.909
-78.474
-78.783
-78.913
-78.756
-78.866
-78.962
-78.821
-78.77
-78.874
-79.216
-79.355
-79.527
-79.536
-79.705
-79.459
-79.427
-79.383
-79.112
-79.099
-79.13
-79.169
-79.113
-79.235
-79.075
-79.06
-78.907
-78.998
-79.133
-79.41
-79.165
-79.114
-79.135
-79.235
-79.388
-79.418
-79.167
-79.164
-79.577
-79.457
-79.589
-79.412
-79.304
-79.439
-79.498
-79.297
-79.265
-79.152
-79.094
-78.994
-79.102
-79.165
-79.114
-79.193
-79.178
-79.184
-78.991
-79.294
-79.545
-79.517
-79.488
-79.565
-79.354
-79.229
-79.263
-79.402
-79.522
-79.471
-79.566
-79.318
-79.411
-79.646
-79.498
-79.44
-79.339
-79.556
-79.595
-79.654
-79.726
-79.73
-79.801
-79.875
-79.915
-80.051
-80.465
-80.653
-80.569
-80.308
-80.433
-80.49
-80.344
-80.345
-80.302
-80.226
-80.259
-80.268
-80.308
-80.296
-80.237
-80.577
-80.617
-80.183
-80.279
-80.218
-80.226
-80.02
-79.954
-80.071
-79.925
-79.713
-79.797
-79.706
-79.544
-79.552
-79.238
-79.123
-79.035
-78.838
-78.89
-78.811
-78.58
-78.689
-78.757
-78.868
-78.929
-78.971
-78.541
-78.557
-78.464
-78.563
-78.39
-78.006
-77.746
-77.668
-77.459
-77.496
-77.792
-77.811
-77.752
-77.642
-77.428
-77.458
-77.365
-77.503
-77.434
-77.182
-77.134
-77.242
-77.042
-76.908
-76.981
-76.83
-76.944
-77.008
-76.982
-77.229
-76.958
-77.087
-76.708
-76.593
-76.452
-76.652
-76.855
-76.739
-76.611
-76.941
-77.107
-76.848
-76.655
-76.38
-76.552
-76.287
-76.516
-76.377
-76.636
-76.633
-76.703
-77.075
-76.897
-77.055
-77.107
-77.141
-77.314
-77.329
-77.265
-77.335
-77.484
-77.568
-77.273
-77.412
-77.493
-77.644
-77.606
-77.529
-77.657
-77.641
-77.744
-77.606
-77.806
-77.692
-77.765
-78.035
-78.149
-78.229
-78.267
-78.109
-77.944
-77.913
-77.842
-77.971
-78.149
-78.183
-77.959
-77.731
-77.622
-77.47
-77.582
-77.819
-77.845
-77.798
-77.913
-77.854
-77.793
-77.699
-77.731
-77.629
-77.713
-77.667
-77.821
-77.796
-78.001
-78.36
-78.3
-78.403
-78.225
-78.591
-78.551
-78.463
-78.431
-78.022
-78.055
-78.097
-78.032
-78.139
-78.199
-78.235
-78.379
-78.311
-78.317
-78.131
-78.221
-78.179
-78.031
-77.989
-77.664
-77.44
-77.293
-77.16
-77.001
-77.232
-77.095
-77.007
-77.05
-76.965
-77.143
-77.213
-77.285
-77.08
-77.083
-77.249
-77.3
-77.415
-77.322
-77.485
-77.553
-77.554
-77.794
-77.562
-77.623
-77.64
-77.415
-77.443
-77.518
-77.425
-77.296
-77.35
-77.077
-77.189
-77.276
-77.251
-77.536
-77.729
-77.505
-77.16
-76.829
-77.004
-77.033
-77.134
-77.242
-76.934
-77.042
-77.278
-77.283
-77.362
-77.112
-76.765
-76.708
-76.721
-76.732
-76.623
-76.481
-76.604
-76.466
-76.347
-75.968
-76.133
-76.222
-76.13
-76.269
-76.161
-76.234
-76.37
-76.395
-76.434
-76.415
-76.254
-76.116
-75.942
-75.832
-75.738
-75.752
-75.728
-75.91
-75.565
-75.712
-75.921
-75.923
-75.589
-75.608
-75.706
-75.495
-75.432
-75.663
-75.877
-76.006
-76.389
-76.237
-76.139
-76.322
-76.315
-76.229
-76.245
-76.303
-76.345
-76.187
-76.195
-76.031
-76.05
-76.083
-75.923
-76.023
-76.105
-76.255
-76.323
-76.352
-76.583
-76.424
-76.59
-76.498
-76.656
-76.437
-76.315
-76.371
-76.247
-76.049
-75.931
-75.579
-75.255
-75.272
-75.285
-75.343
-75.165
-74.982
-74.914
-74.89
-74.906
-75.073
-75.112
-75.115
-75.136
-74.938
-75.217
-75.156
-74.96
-74.965
-74.935
-75.156
-75.128
-75.295
-75.269
-75.172
-74.996
-75.085
-74.939
-75.189
-75.296
-75.142
-74.863
-74.917
-74.966
-74.78
-74.616
-74.686
-74.534
-74.511
-74.477
-74.544
-74.401
-74.525
-74.673
-74.806
-75.032
-74.885
-75.008
-74.765
-74.741
-74.868
-74.919
-74.67
-74.783
-74.723
-74.719
-74.596
-74.584
-74.661
-74.852
-74.874
-74.662
-74.458
-74.548
-74.661
-74.519
-74.184
-74.4
-74.5
-74.666
-74.752
-74.601
-74.563
-74.672
-74.608
-74.415
-74.348
-74.444
-74.395
-74.633
-74.69
-74.55
-74.378
-74.365
-74.355
-74.753
-74.845
-74.502
-74.534
-74.394
-74.401
-74.315
-74.078
-73.969
-74.266
-74.275
-74.138
-74.119
-74.155
-74.212
-74.567
-74.462
-74.313
-73.888
-73.913
-74.169
-74.39
-74.526
-74.362
-74.757
-74.572
-74.902
-74.489
-74.545
-74.547
-74.57
-74.59
-74.488
-74.525
-74.58
-74.598
-74.163
-74.288
-74.3
-74.059
-73.973
-74.048
-74.124
-73.714
-74.091
-74.215
-74.226
-74.171
-74.128
-73.758
-73.904
-73.998
-73.521
-73.712
-73.854
-73.904
-73.596
-73.527
-73.259
-73.093
-73.044
-73.164
-73.514
-73.687
-73.719
-73.943
-74.218
-74.126
-74.187
-74.076
-74.104
-74.113
-74.086
-74.424
-74.413
-74.536
-74.849
-74.83
-74.716
-74.74
-74.735
-74.767
-74.956
-74.928
-74.953
-74.946
-74.527
-74.43
-74.562
-74.638
-74.73
-74.796
-74.844
-74.933
-74.76
-74.58
-74.635
-74.984
-74.821
-74.635
-74.718
-74.586
-74.736
-74.81
-74.885
-74.847
-74.867
-74.619
-74.726
-74.649
-74.745
-74.506
-74.521
-74.312
-74.756
-74.854
-74.721
-74.716
-74.971
-74.664
-74.703
-74.86
-74.971
-75.158
-75.234
-75.158
-75.411
-75.342
-75.58
-75.691
-75.544
-75.708
-75.527
-75.496
-75.322
-75.269
-75.228
-74.791
-74.765
-74.378
-74.301
-74.06
-74.156
-74.363
-74.212
-73.995
-73.987
-74.194
-74.191
-74.39
-74.428
-74.396
-74.836
-74.865
-74.727
-74.765
-74.598
-74.428
-74.285
-74.221
-74.032
-74.365
-74.252
-74.515
-74.477
-74.022
-73.846
-74.078
-74.181
-74.048
-74.037
-74.038
-74.02
-74.034
-74.027
-74.272
-74.338
-74.452
-74.395
-74.344
-74.233
-74.121
-74.305
-74.517
-74.551
-74.743
-74.813
-74.457
-74.438
-74.571
-74.493
-74.326
-74.428
-74.429
-74.478
-74.263
-74.418
-74.191
-73.801
-73.794
-73.74
-73.623
-73.816
-73.941
-74.211
-74.346
-74.848
-74.796
-74.826
-74.967
-75.034
-74.782
-74.702
-74.738
-74.86
-75.033
-74.769
-75.068
-75.226
-75.561
-75.687
-75.948
-75.933
-76.287
-76.366
-76.115
-76.002
-75.849
-75.869
-75.787
-75.98
-75.805
-75.641
-75.387
-75.241
-75.193
-75.17
-75.304
-75.125
-74.908
-74.949
-75.125
-75.456
-75.425
-75.367
-75.552
-75.541
-75.768
-75.821
-75.672
-75.796
-75.722
-75.764
-75.465
-75.563
-75.775
-75.627
-75.35
-75.481
-75.695
-75.827
-76.038
-76.054
-75.734
-75.875
-76.398
-76.443
-76.633
-76.518
-76.197
-76.071
-76.041
-76.011
-75.967
-76.158
-76.001
-76.012
-76.159
-76.181
-75.976
-76.223
-76.33
-76.402
-76.266
-76.2
-76.409
-76.53
-76.505
-76.897
-76.737
-76.945
-77.003
-76.992
-77.14
-77.313
-77.285
-77.082
-77.018
-77.114
-77.013
-76.74
-77.113
-77.002
-76.982
-77.077
-77.138
-77.249
-77.266
-77.165
-77.247
-77.285
-77.096
-76.894
-76.847
