-79.128
-78.99
-78.973
-78.932
-78.797
-78.791
-78.971
-79.076
-78.902
-79.16
-79.081
-79.088
-79.116
-78.885
-78.831
-78.823
-79.014
-78.919
-78.902
-78.761
-78.766
-78.494
-78.455
-78.428
-78.637
-78.519
-78.554
-78.584
-78.518
-78.363
-78.261
-78.23
-78.35
-78.18
-78.554
-78.677
-78.524
-78.498
-78.097
-78.187
-78.029
-78.237
-78.124
-78.087
-78.177
-78.338
-78.279
-78.32
-78.32
-78.405
-78.252
-78.308
-78.391
-78.448
-78.407
-78.136
-77.785
-77.824
-77.849
-78.234
-78.362
-78.123
-77.867
-77.914
-77.912
-78.158
-78
-77.864
-77.948
-78.185
-78.279
-78.327
-78.442
-78.482
-78.604
-78.68
-78.607
-78.806
-78.554
-78.836
-78.799
-78.658
-78.857
-78.925
-78.966
-78.656
-78.848
-78.927
-78.638
-78.365
-78.351
-78.383
-78.283
-78.198
-78.159
-78.051
-78.084
-78.287
-78.373
-78.454
-78.595
-78.807
-78.504
-78.411
-78.381
-78.522
-78.256
-78.177
-78.302
-78.535
-78.748
-78.67
-78.471
-78.296
-78.256
-78.249
-78.408
-78.513
-78.669
-78.726
-78.721
-78.786
-78.677
-78.649
-78.494
-78.841
-78.636
-78.563
-78.474
-78.285
-77.934
-78.039
-77.955
-77.714
-77.776
-77.882
-77.74
-77.86
-78.089
-78.278
-78.641
-78.379
-78.372
-78.462
-78.486
-78.434
-78.447
-78.376
-78.115
-77.912
-77.774
-77.875
-77.695
-77.822
-77.796
-77.711
-77.678
-77.877
-78.021
-78.105
-78.132
-78.123
-78.101
-78.158
-78.27
-78.424
-78.348
-78.29
-78.05
-77.853
-77.714
-77.567
-77.526
-77.336
-77.547
-77.87
-77.858
-77.927
-77.727
-77.718
-77.629
-77.371
-77.399
-77.186
-77.306
-77.098
-77.422
-77.623
-77.761
-77.593
-77.508
-77.489
-77.662
-77.695
-77.819
-77.876
-77.817
-77.819
-77.904
-77.628
-77.444
-77.484
-77.151
-77.39
-76.923
-76.871
-77.036
-76.898
-76.904
-76.94
-77.041
-77.089
-76.76
-76.799
-76.917
-76.967
-77.223
-77.305
-77.185
-77.353
-77.57
-77.572
-77.532
-77.313
-77.041
-77.113
-77.195
-76.911
-76.875
-77.051
-76.997
-76.947
-76.907
-76.769
-76.717
-76.791
-76.87
-76.873
-77.155
-77.113
-77.148
-77.039
-76.831
-76.816
-76.963
-76.767
-76.836
-76.936
-77.2
-77.211
-77.105
-76.952
-76.916
-76.829
-76.918
-76.94
-76.759
-76.729
-76.397
-76.196
-75.965
-76.065
-76.314
-76.455
-76.441
-76.895
-76.892
-77.104
-76.994
-76.811
-76.874
-76.95
-77.292
-77.473
-77.497
-77.61
-77.584
-77.608
-77.602
-77.56
-77.517
-77.463
-77.383
-77.439
-77.54
-77.686
-77.679
-77.603
-77.38
-77.259
-77.675
-77.769
-77.842
-77.701
-77.639
-77.458
-77.424
-77.499
-77.114
-76.853
-76.983
-76.557
-76.527
-76.412
-76.37
-76.413
-76.607
-76.805
-77.365
-77.699
-78.18
-78.828
-79.08
-79.485
-79.863
-80.068
-80.18
-80.081
-80.064
-80.107
-79.937
-79.677
-79.823
-79.928
-80.086
-80.254
-80.234
-80.087
-80.094
-79.811
-79.915
-79.804
-79.753
-80.011
-80.156
-80.038
-80.185
-80.298
-80.136
-80.219
-80.418
-80.333
-80.209
-80.268
-80.029
-80.01
-79.987
-80.092
-80.176
-79.896
-80.009
-79.946
-80.022
-80.153
-80.356
-80.241
-80.154
-79.826
-79.783
-79.857
-79.524
-79.521
-79.473
-79.705
-79.517
-79.568
-79.575
-79.511
-79.506
-79.467
-79.482
-79.545
-79.656
-79.678
-79.701
-79.797
-79.849
-79.699
-79.968
-79.723
-79.793
-79.516
-79.468
-79.325
-79.472
-79.15
-79.024
-78.603
-78.368
-78.211
-77.799
-77.578
-77.282
-77.213
-77.071
-77.04
-76.828
-76.991
-76.937
-77.044
-76.749
-76.935
-77.027
-76.85
-76.982
-76.877
-77.067
-76.905
-76.861
-77.017
-77.139
-77.139
-77.142
-77.27
-77.779
-77.785
-77.802
-77.917
-77.807
-77.999
-77.883
-77.693
-77.703
-77.499
-77.575
-77.7
-77.81
-77.805
-77.64
-77.651
-77.225
-77.06
-76.759
-76.43
-76.082
-75.897
-76.076
-76.018
-75.765
-75.75
-75.719
-75.729
-75.776
-75.94
-76.092
-76.393
-76.384
-75.996
-76.091
-75.997
-76.039
-75.838
-76.193
-76.166
-76.101
-76.244
-76.32
-76.446
-76.721
-76.512
-76.643
-76.683
-76.489
-76.626
-76.811
-76.748
-76.591
-76.47
-75.777
-75.622
-75.028
-74.935
-74.84
-74.688
-74.602
-74.474
-74.206
-74.152
-74.107
-73.967
-73.877
-73.79
-73.805
-73.819
-74.19
-74.452
-74.805
-74.9
-74.981
-75.08
-75.027
-75.049
-75.169
-75.247
-75.383
-75.435
-75.599
-75.826
-75.862
-75.983
-76.014
-76.046
-76.307
-76.179
-76.593
-76.484
-76.618
-76.707
-76.778
-76.876
-76.719
-76.424
-76.104
-75.732
-75.443
-75.144
-74.668
-74.273
-74.131
-74.096
-73.736
-73.716
-73.332
-73.218
-73.222
-73.112
-73.211
-73.014
-73.003
-72.872
-72.616
-72.616
-72.801
-72.812
-72.78
-72.847
-72.989
-73.005
-73.031
-72.861
-72.891
-72.91
-73.075
-73.206
-73.248
-73.088
-72.566
-72.228
-71.805
-71.454
-71.18
-71.028
-70.639
-70.495
-70.379
-70.268
-69.924
-70.002
-69.873
-70.027
-69.866
-69.729
-69.301
-69.167
-69.111
-69.219
-69.257
-69.489
-69.624
-69.913
-69.912
-69.953
-70.348
-70.283
-70.378
-70.412
-70.318
-70.394
-70.421
-70.372
-70.65
-70.721
-70.697
-71.113
-71.112
-70.936
-70.922
-70.831
-70.736
-71.031
-71.213
-71.23
-71.474
-71.64
-71.861
-71.864
-72.017
-72.287
-72.38
-72.663
-72.768
-73.118
-73.163
-73.6
-73.66
-73.676
-73.849
-74.099
-74.376
-74.608
-74.596
-74.529
-74.168
-73.817
-73.05
-72.75
-72.297
-71.761
-71.335
-71.241
-71.12
-70.778
-70.44
-70.268
-70.033
-69.736
-69.674
-69.584
-69.057
-68.72
-68.704
-68.542
-68.086
-68.136
-68.042
-67.801
-67.871
-67.79
-67.803
-67.465
-67.279
-67.042
-67.148
-66.963
-67.077
-66.701
-66.894
-67.004
-67.091
-66.763
-66.997
-67.127
-67.223
-67.066
-67.375
-67.679
-67.88
-68.199
-68.27
-68.393
-68.588
-68.48
-68.524
-68.583
-68.612
-68.682
-69.051
-69.116
-69.535
-69.622
-69.682
-70.08
-70.174
-70.225
-70.225
-70.358
-70.558
-70.603
-70.652
-70.682
-70.848
-70.781
-71.111
-70.985
-71.074
-70.869
-70.552
-70.803
-70.85
-70.886
-70.875
-70.773
-70.436
-70.355
-70.314
-70.256
-70.273
-69.959
-70.206
-70.425
-70.504
-70.694
-70.558
-70.455
-70.654
-70.746
-70.621
-70.706
-70.587
-70.621
-70.662
-70.892
-70.997
-70.974
-71.075
-71.276
-71.671
-72.061
-72.185
-72.154
-72.066
-72.152
-72.192
-72.223
-72.12
-72.293
-72.197
-72.541
-72.631
-72.561
-72.767
-72.822
-73.183
-73.15
-73.143
-73.08
-73.113
-73.074
-73.26
-73.183
-73.067
-72.978
-73.081
-73.315
-73.618
-73.67
-73.9
-73.801
-73.884
-74.168
-74.061
-74.234
-74.174
-73.922
-74.02
-74.488
-74.527
-74.402
-74.629
-74.797
-74.715
-74.758
-74.537
-74.474
-74.51
-74.503
-74.424
-74.537
-74.504
-74.645
-74.685
-74.748
-75.04
-74.975
-74.937
-75.119
-75.155
-75.281
-75.122
-75.187
-75.197
-74.986
-75.122
-74.943
-75.039
-75.056
-74.83
-74.88
-74.535
-74.714
-74.801
-74.719
-74.777
-74.747
-74.775
-74.94
-74.97
-74.895
-75.084
-75.448
-75.517
-75.505
-75.458
-75.685
-75.656
-75.697
-75.384
-75.009
-74.808
-74.565
-74.445
-74.254
-74.385
-74.332
-74.306
-74.317
-74.388
-74.386
-73.944
-73.845
-74.302
-74.211
-74.078
-74.248
-74.258
-74.277
-74.408
-74.309
-74.18
-74.298
-74.439
-74.349
-74.157
-74.055
-74.001
-74.124
-74.306
-74.205
-74.071
-74.045
-74.293
-74.356
-74.103
-74.062
-73.946
-74.052
-74.162
-74.255
-74.806
-74.771
-74.841
-74.788
-74.642
-74.709
-74.963
-75.059
-74.789
-74.898
-74.972
-75.176
-75.059
-75.262
-75.238
-75.074
-75.32
-75.135
-74.959
-74.996
-75.102
-74.984
-75.036
-74.997
-74.857
-74.958
-74.747
-74.587
-74.721
-74.412
-74.835
-74.925
-74.946
-75.084
-74.79
-75.009
-75.058
-74.864
-74.746
-74.932
-75.036
-75.028
-75.381
-75.34
-75.172
-75.212
-75.046
-75.035
-74.845
-74.579
-74.67
-74.676
-74.559
-74.68
-75.107
-75.079
-75.192
-75.152
-75.127
-75.083
-75.354
-75.413
-75.232
-75.014
-74.951
-74.902
-74.542
-74.548
-74.863
-74.581
-74.616
-74.369
-74.409
-74.352
-74.68
-74.497
-74.353
-74.25
-74.406
-74.481
-74.459
-74.412
-74.648
-74.527
-74.566
-74.626
-74.771
-74.984
-74.942
-74.698
-74.843
-74.707
-74.594
-74.429
-74.719
-74.414
-74.067
-73.893
-73.823
-73.907
-73.958
-74.077
-74.098
-73.952
-73.746
-73.665
-73.655
-73.879
-73.971
-74.062
-74.254
-74.419
-74.374
-74.329
-74.179
-73.962
-74.033
-74.092
-74.003
-73.976
-74.007
-74.011
-73.934
-73.854
-73.645
-73.565
-73.47
-73.383
-73.399
-73.252
-73.565
-73.342
-73.345
-73.34
-73.041
-73.185
-72.961
-72.842
-72.733
-72.603
-72.782
-72.871
-72.696
-72.62
-72.629
-72.642
-72.547
-72.62
-72.613
-72.477
-72.409
-72.34
-72.586
