-81.603
-81.368
-81.421
-81.637
-81.817
-81.681
-81.672
-81.627
-81.515
-81.561
-81.704
-81.724
-81.33
-81.511
-81.59
-81.539
-81.482
-81.459
-81.347
-81.226
-81.002
-80.69
-80.707
-80.565
-80.214
-80.226
-80.043
-79.814
-79.549
-79.244
-79.001
-78.638
-78.738
-78.485
-78.112
-78.112
-78.269
-78.317
-78.305
-78.015
-77.825
-78.049
-78.114
-78.031
-77.74
-77.559
-77.57
-77.539
-77.225
-77.25
-77.426
-77.477
-77.507
-77.716
-77.769
-77.759
-78.061
-78.206
-78.093
-78.278
-78.136
-78.075
-77.936
-77.915
-77.832
-77.781
-77.647
-77.512
-77.743
-77.567
-77.679
-77.719
-77.915
-77.71
-77.623
-77.68
-77.502
-77.715
-77.542
-77.45
-77.326
-77.08
-77.233
-77.399
-77.502
-77.597
-77.535
-77.418
-77.51
-77.819
-77.926
-77.843
-77.687
-77.509
-77.483
-77.068
-77.162
-77.302
-77.349
-76.983
-76.919
-77.007
-76.93
-76.997
-76.904
-76.934
-76.922
-76.865
-77
-77.047
-77.245
-77.225
-77.422
-77.448
-77.693
-77.733
-78.003
-77.724
-77.417
-77.564
-77.681
-77.659
-77.52
-77.364
-77.526
-77.699
-77.716
-77.568
-77.197
-77.188
-77.259
-77.205
-77.448
-77.335
-77.183
-77.233
-77.443
-77.325
-77.187
-77.479
-77.64
-77.605
-77.508
-77.584
-77.556
-77.818
-77.836
-77.838
-77.958
-78.12
-77.963
-77.803
-77.77
-77.982
-77.995
-77.927
-77.987
-78.2
-77.997
-77.932
-77.737
-77.398
-76.976
-77.115
-76.909
-76.997
-77.179
-77.246
-77.185
-77.264
-76.969
-77.036
-76.96
-76.876
-77.081
-76.969
-77.079
-77.424
-77.175
-76.917
-76.701
-76.63
-76.371
-76.488
-76.425
-76.729
-76.784
-76.676
-76.691
-76.501
-76.353
-76.535
-76.348
-76.396
-76.503
-76.221
-76.689
-76.677
-76.788
-76.927
-76.993
-76.943
-77.007
-77.413
-77.62
-77.453
-77.587
-77.631
-77.617
-77.537
-77.401
-77.47
-77.433
-77.317
-77.616
-77.559
-77.498
-77.519
-77.583
-77.293
-77.339
-77.204
-77.308
-77.309
-77.385
-77.233
-77.344
-77.083
-76.803
-76.664
-76.79
-76.763
-76.468
-76.496
-76.57
-76.267
-76.425
-76.643
-76.784
-77.165
-77.217
-77.442
-77.424
-77.479
-77.916
-77.475
-77.384
-77.353
-77.768
-77.921
-77.924
-78.004
-77.94
-77.963
-77.856
-78.015
-78.05
-78.077
-78.125
-78.188
-77.671
-77.674
-77.779
-77.796
-77.534
-77.71
-77.52
-77.499
-77.465
-77.54
-77.792
-77.55
-77.752
-78.009
-78.048
-78.051
-78.164
-78.365
-78.523
-78.354
-78.36
-78.309
-78.364
-78.245
-77.983
-77.927
-78.106
-78.075
-78.175
-78.283
-78.257
-78.544
-78.695
-78.809
-78.672
-78.419
-78.709
-78.853
-78.584
-78.479
-78.139
-77.812
-77.904
-78.02
-77.842
-77.77
-77.724
-77.568
-77.554
-77.733
-77.698
-77.894
-77.552
-77.307
-77.605
-77.321
-77.21
-77.123
-77.244
-77.386
-77.256
-77.315
-77.281
-77.261
-77.211
-77.383
-77.207
-77.218
-77.331
-77.671
-77.68
-77.625
-77.625
-77.704
-77.438
-77.276
-77.387
-77.573
-77.62
-77.842
-78.149
-78.144
-78.147
-78.22
-78.147
-78.002
-77.689
-77.856
-77.671
-77.729
-77.907
-77.827
-77.979
-78.026
-78.226
-78.078
-77.844
-78.042
-77.846
-77.648
-78.021
-77.975
-78.115
-78.078
-78.305
-78.12
-78.062
-78.08
-78.144
-78.298
-78.116
-77.947
-78.018
-77.931
-77.799
-77.734
-78.027
-77.933
-77.79
-78.024
-78.082
-78.139
-78.274
-78.171
-78.191
-78.172
-78.139
-78.051
-78.062
-77.894
-77.943
-78.37
-78.44
-78.315
-78.43
-78.442
-78.255
-78.15
-78.112
-78.058
-78.302
-78.524
-78.506
-78.498
-78.527
-78.487
-78.452
-78.466
-78.624
-78.552
-78.809
-78.803
-79.035
-78.754
-78.732
-78.664
-78.688
-78.516
-78.566
-78.244
-78.333
-78.26
-78.277
-78.097
-77.931
-78.393
-78.316
-78.469
-78.501
-78.54
-78.536
-78.483
-78.412
-78.568
-78.515
-78.535
-78.636
-78.555
-78.449
-78.602
-78.325
-78.434
-78.465
-78.532
-78.414
-78.389
-78.553
-78.582
-78.619
-78.519
-78.601
-78.556
-78.414
-78.48
-78.519
-78.305
-78.585
-78.632
-78.604
-78.52
-78.365
-78.404
-78.3
-78.283
-78.141
-78.257
-78.216
-78.367
-78.587
-78.496
-78.217
-78.108
-78.092
-78.325
-78.262
-78.092
-77.921
-77.688
-77.892
-77.809
-77.675
-77.546
-77.683
-77.664
-77.658
-77.45
-77.552
-77.507
-77.667
-77.371
-77.282
-77.207
-76.992
-77.363
-77.32
-77.393
-77.574
-77.548
-77.7
-78.014
-77.956
-77.811
-77.913
-78.156
-78.011
-77.748
-78.002
-78.198
-78.323
-78.443
-78.35
-78.466
-78.679
-78.604
-78.31
-78.375
-78.483
-78.41
-78.304
-78.563
-78.505
-78.509
-78.262
-78.222
-78.499
-78.46
-78.576
-78.396
-78.378
-78.487
-78.15
-78.185
-78.398
-78.394
-78.199
-78.023
-78.297
-78.397
-78.229
-78.04
-78.086
-78.062
-78.317
-78.213
-78.148
-78.092
-77.991
-78.498
-78.512
-78.527
-78.385
-78.275
-78.205
-78.33
-78.273
-78.463
-78.306
-78.333
-78.211
-78.145
-77.712
-77.962
-78.14
-78.075
-78.093
-78.341
-78.342
-78.247
-78.186
-77.91
-77.763
-77.637
-77.661
-77.795
-77.635
-77.579
-77.445
-77.409
-77.434
-77.702
-77.522
-77.914
-77.883
-77.891
-77.95
-77.77
-77.739
-77.395
-77.271
-77.391
-77.586
-77.627
-77.773
-77.76
-77.917
-78.036
-78.082
-77.856
-77.807
-77.981
-77.744
-77.983
-77.883
-77.693
-77.563
-77.307
-77.404
-77.21
-77.066
-77.408
-77.468
-77.546
-77.368
-77.497
-77.58
-77.48
-77.227
-77.046
-77.185
-77.139
-77.381
-77.529
-77.146
-77.259
-77.155
-77.068
-76.865
-76.435
-76.485
-76.527
-76.633
-76.672
-76.773
-76.884
-76.925
-76.88
-76.969
-76.989
-77.127
-76.908
-76.806
-76.852
-76.879
-76.874
-76.951
-77.115
-77.073
-77.496
-77.593
-77.828
-77.801
-77.938
-77.78
-77.8
-77.847
-77.846
-77.856
-77.799
-77.856
-78.028
-77.902
-77.804
-77.681
-77.348
-77.034
-77.055
-77.239
-77.303
-77.226
-76.9
-77.157
-77.029
-76.871
-76.869
-76.666
-76.722
-76.661
-76.847
-76.808
-76.587
-76.498
-76.602
-76.667
-76.718
-76.693
-76.604
-76.809
-76.648
-76.469
-76.575
-76.532
-76.538
-76.636
-76.295
-76.268
-76.098
-76.146
-76.003
-76.255
-76.068
-76.291
-76.288
-76.397
-76.371
-76.23
-76.116
-76.163
-75.966
-76.067
-75.999
-76.05
-75.983
-75.551
-75.751
-75.989
-75.945
-75.86
-75.922
-76.099
-76.049
-76.065
-75.988
-76.085
-75.984
-75.9
-75.869
-75.546
-75.255
-74.978
-75.112
-74.865
-75.005
-74.977
-74.903
-74.901
-74.511
-74.23
-74.438
-74.541
-74.587
-74.376
-74.479
-74.483
-74.405
-74.492
-74.437
-74.458
-74.571
-74.535
-74.707
-74.448
-74.504
-74.622
-74.89
-74.699
-74.463
-74.735
-74.808
-74.915
-74.87
-75.024
-75.371
-75.46
-75.555
-75.333
-75.407
-75.354
-75.361
-75.378
-75.431
-75.654
-75.818
-75.991
-75.909
-75.887
-75.819
-75.819
-75.822
-75.73
-75.887
-76.02
-76.045
-75.966
-75.956
-76.313
-76.378
-76.432
-76.49
-76.303
-76.331
-76.556
-76.608
-76.575
-76.576
-76.517
-76.525
-76.729
-76.611
-76.545
-76.597
-76.388
-76.37
-76.293
-76.279
-76.305
-76.374
-76.423
-76.291
-76.266
-76.214
-76.271
-76.337
-76.477
-76.52
-76.474
-76.152
-76.011
-76.068
-76.062
-76.083
-76.252
-76.292
-76.109
-76.127
-76.302
-76.235
-76.388
-76.552
-76.502
-76.593
-76.266
-76.54
-76.626
-76.968
-76.869
-76.897
-76.797
-76.672
-76.472
-76.618
-76.542
-76.604
-76.486
-76.428
-76.444
-76.35
-76.082
-76.162
-76.047
-75.761
-75.665
-75.67
-75.795
-76.032
-76.135
-76.083
-76.05
-75.939
-75.855
-75.689
-75.366
-74.968
-74.742
-74.665
-74.737
-74.589
-74.316
-74.375
-74.204
-74.358
-74.547
-74.378
-74.133
-74.035
-74.059
-74.309
-74.285
-74.25
-74.188
-74.291
-74.362
-74.107
-74.172
-74.366
-74.049
-74.243
-74.116
-74.1
-73.93
-74.015
-73.817
-73.856
-73.928
-73.841
-73.832
-73.99
-74.101
-74.022
-73.953
-74.117
-74.203
-74.025
-73.998
-74.001
-74.116
-74.074
-73.745
-73.526
-73.185
-73.11
-72.953
-72.74
-72.637
-72.444
-72.259
-72.339
-72.404
-72.291
-72.589
-72.434
-72.303
-72.355
-72.426
-72.31
-72.514
-72.61
-72.74
-72.542
-72.276
-72.099
-72.118
-72.324
-72.592
-72.601
-72.481
-72.775
-72.696
-72.803
-72.869
-72.601
-72.595
-72.856
-72.765
-73.104
-73.194
-73.286
-73.229
-73.332
-73.319
-73.16
-73.066
-72.998
-72.88
-73.169
-73.255
-73.281
-73.389
-73.499
-73.437
-73.257
-73.444
-73.768
-74.076
-73.892
-73.864
-73.892
-73.734
-73.871
-73.829
-73.607
-73.583
-73.472
-73.157
-73.185
-73.02
-73.304
-73.181
-73.38
-73.497
-73.37
-73.567
-73.802
-73.626
-73.626
-73.465
-73.606
-73.705
-73.855
-73.715
-73.494
-73.467
-73.462
-73.664
-73.49
-73.592
-73.357
-73.698
-73.595
-73.865
-73.69
-73.567
