-84.416
-84.457
-84.59
-84.561
-84.878
-84.902
-85.086
-85.224
-85.607
-85.689
-85.59
-85.758
-85.577
-85.776
-85.76
-85.731
-85.493
-85.568
-85.73
-85.821
-86.103
-86.285
-86.072
-85.74
-85.91
-86.134
-86.313
-86.279
-86.345
-86.524
-86.8
-86.723
-86.491
-86.579
-86.544
-86.7
-86.585
-86.6
-86.626
-86.43
-86.458
-86.303
-86.138
-85.968
-86.13
-86.352
-86.304
-86.434
-86.522
-86.344
-86.355
-86.269
-86.259
-85.87
-85.53
-85.816
-85.891
-86.037
-86.059
-86.398
-86.427
-86.209
-86.528
-86.525
-86.214
-86.24
-86.402
-86.174
-86.036
-86.022
-86.12
-86.054
-86.11
-86.117
-86.034
-86.035
-85.967
-85.842
-85.926
-85.993
-85.989
-85.779
-85.658
-85.582
-85.526
-85.405
-85.446
-85.694
-85.391
-85.457
-85.618
-85.445
-85.567
-85.753
-86.195
-86.351
-86.543
-86.592
-86.451
-86.558
-86.324
-86.592
-86.664
-86.567
-86.833
-86.748
-86.591
-86.469
-86.679
-86.838
-86.647
-86.957
-86.919
-86.704
-86.767
-86.668
-86.601
-86.55
-86.514
-86.36
-86.133
-86.025
-85.994
-85.975
-85.926
-85.636
-85.545
-85.656
-85.666
-85.55
-85.472
-85.378
-85.026
-84.948
-84.84
-84.807
-84.878
-84.647
-84.71
-84.685
-84.445
-84.52
-84.521
-84.51
-84.483
-84.389
-84.472
-84.257
-84.275
-84.023
-84.065
-84.07
-84.205
-84.047
-84.231
-83.795
-83.658
-83.796
-83.587
-83.703
-83.675
-83.604
-83.668
-83.483
-83.474
-83.594
-83.72
-83.656
-84.063
-84.21
-83.948
-84.223
-84.268
-84.188
-84.231
-84.379
-84.446
-84.286
-84.183
-84.158
-84.005
-83.708
-83.869
-83.565
-83.684
-84.11
-84.156
-84.341
-84.681
-84.751
-84.589
-84.602
-84.749
-84.765
-84.71
-84.649
-84.595
-84.932
-84.974
-85.125
-85.134
-85.39
-85.227
-85.464
-85.248
-85.549
-85.865
-86.129
-86.048
-86.131
-86.23
-86.31
-86.289
-86.37
-86.479
-86.567
-86.744
-86.635
-87.01
-87.07
-87.214
-87.26
-87.125
-87.125
-87.18
-87.223
-87.032
-87.181
-86.969
-86.412
-86.414
-86.528
-86.44
-86.715
-86.757
-86.725
-86.506
-86.497
-86.57
-86.386
-86.557
-86.526
-86.355
-86.189
-86.143
-86.036
-86.363
-86.662
-86.555
-86.297
-86.119
-85.817
-86.042
-86.098
-86.058
-85.969
-85.579
-85.557
-85.475
-85.49
-85.634
-85.727
-85.83
-86.123
-86.371
-86.61
-86.891
-86.931
-87.122
-87.366
-87.449
-87.264
-87.121
-87.175
-87.011
-87.253
-87.297
-87.449
-87.637
-87.521
-87.394
-87.549
-87.496
-87.565
-87.522
-87.156
-87.172
-87.167
-87.439
-87.074
-87.198
-87.212
-87.134
-87.282
-87.166
-87.148
-87.208
-87.176
-87.472
-87.668
-87.538
-87.502
-87.476
-87.378
-87.097
-86.963
-87.007
-86.982
-87.03
-87.209
-86.808
-86.63
-86.827
-86.771
-86.728
-86.536
-86.765
-86.922
-86.717
-86.79
-86.614
-86.601
-86.56
-86.498
-86.169
-86.047
-85.89
-85.919
-85.722
-85.922
-85.94
-85.995
-86.029
-86.032
-86.15
-86.029
-86.14
-85.851
-85.97
-85.561
-85.859
-86.157
-86.279
-86.421
-86.629
-86.871
-87.021
-87.253
-87.375
-87.346
-87.391
-87.59
-87.61
-87.763
-88.027
-88.043
-88.392
-88.432
-88.203
-88.124
-88.031
-87.65
-87.449
-87.387
-87.529
-87.475
-87.538
-87.871
-87.901
-87.692
-87.836
-88.047
-88.154
-88.269
-88.128
-87.961
-88.148
-87.795
-87.847
-88.027
-87.76
-87.544
-87.312
-87.151
-87.037
-87.048
-87.054
-86.772
-86.545
-86.558
-86.805
-86.777
-86.964
-86.811
-86.959
-86.912
-87.04
-86.742
-86.398
-86.453
-86.552
-86.656
-86.785
-86.665
-86.4
-86.312
-86.16
-86.083
-85.885
-85.825
-85.915
-85.627
-85.426
-85.603
-85.584
-85.603
-85.387
-85.182
-85.168
-85.161
-85.186
-85.376
-85.273
-85.006
-85.438
-85.578
-85.258
-85.418
-85.314
-85.412
-85.554
-85.557
-85.51
-85.896
-85.658
-85.942
-85.643
-85.417
-85.442
-85.479
-85.484
-85.614
-85.524
-85.412
-85.665
-85.536
-85.316
-85.404
-85.339
-85.424
-85.499
-85.602
-85.293
-85.464
-85.41
-85.165
-85.334
-85.414
-85.452
-85.231
-85.415
-85.416
-85.381
-85.392
-85.441
-85.56
-85.779
-85.794
-85.795
-85.628
-85.918
-85.637
-85.653
-85.939
-86.027
-85.849
-86.12
-86.023
-86.019
-86.162
-86.128
-86.217
-86.195
-86.085
-86.158
-86.157
-86.262
-86.241
-86.567
-86.777
-86.345
-86.419
-86.555
-86.791
-86.977
-87.324
-87.192
-87.445
-87.353
-87.177
-87.142
-86.706
-86.716
-86.744
-86.916
-87.069
-86.791
-86.79
-87.128
-87.251
-87.115
-87.057
-87.189
-87.146
-87.442
-87.284
-87.178
-87.188
-87.296
-87.335
-87.289
-87.028
-87.17
-87.177
-86.835
-86.697
-86.805
-87.057
-86.761
-86.767
-86.846
-87.292
-87.357
-87.365
-87.23
-87.452
-87.523
-87.766
-87.986
-87.765
-87.584
-87.821
-87.847
-87.917
-87.731
-87.835
-87.765
-87.551
-87.495
-87.502
-87.404
-87.353
-87.347
-87.57
-87.558
-87.217
-87.256
-87.094
-86.984
-86.963
-87.104
-87.4
-87.218
-87.062
-87.236
-87.529
-87.4
-87.089
-87.291
-87.145
-87.103
-87.095
-86.901
-87.084
-87.019
-86.906
-86.919
-86.77
-86.478
-86.642
-86.505
-86.507
-86.813
-86.825
-86.882
-87.001
-86.441
-86.518
-86.571
-86.651
-86.887
-87.081
-87.134
-87.264
-87.519
-87.855
-88.153
-87.992
-87.883
-87.78
-87.551
-87.409
-87.057
-86.742
-86.81
-86.795
-86.663
-86.776
-86.896
-86.876
-86.999
-87.075
-87.227
-87.236
-87.255
-87.232
-87.238
-87.42
-87.328
-86.969
-86.825
-87.082
-86.998
-86.802
-86.706
-86.614
-86.338
-86.227
-86.266
-86.539
-86.548
-86.423
-86.428
-86.197
-86.07
-86.09
-86.292
-86.413
-86.561
-86.517
-86.443
-86.49
-86.724
-86.605
-86.605
-86.802
-86.786
-86.692
-86.62
-86.471
-86.507
-86.466
-86.485
-86.297
-86.116
-86.488
-86.395
-86.408
-86.425
-86.283
-86.154
-86.058
-86.144
-85.988
-86.1
-85.917
-86.096
-86.158
-86.082
-86.261
-86.414
-86.371
-86.102
-85.876
-85.923
-86.156
-86.179
-86.182
-86.098
-85.986
-85.859
-85.73
-85.903
-85.983
-85.988
-86.231
-86.17
-86.004
-86.289
-86.344
-86.329
-86.154
-86.06
-86.229
-86.19
-86.253
-86.309
-86.079
-85.91
-85.666
-85.61
-85.696
-85.46
-85.455
-85.194
-85.26
-85.011
-85.067
-85.238
-85.011
-85.36
-85.131
-85.098
-85.036
-84.957
-85.02
-84.997
-85.117
-85.467
-85.741
-85.394
-85.516
-85.502
-85.58
-85.701
-85.887
-85.913
-85.915
-86.105
-86.233
-86.067
-85.931
-86.291
-86.354
-86.452
-86.54
-86.144
-86.093
-86.281
-86.288
-86.379
-86.298
-86.224
-86.057
-85.924
-85.604
-85.678
-85.646
-85.713
-85.795
-85.92
-85.828
-86.043
-86.082
-86.036
-85.873
-86.048
-86.029
-85.83
-85.844
-85.558
-85.316
-85.341
-85.81
-85.84
-85.724
-85.728
-85.888
-85.946
-85.724
-85.884
-85.665
-85.753
-85.261
-85.243
-85.522
-85.679
-85.67
-85.861
-85.587
-85.577
-85.434
-85.222
-85.184
-85.516
-85.011
-84.987
-85.139
-84.98
-85.139
-85.067
-84.922
-84.899
-84.803
-84.674
-84.422
-84.435
-84.373
-84.361
-84.527
-84.427
-84.305
-84.241
-84.518
-84.355
-84.369
-84.323
-84.076
-84.103
-83.923
-84.11
-84.085
-83.965
-83.733
-83.642
-83.555
-83.564
-83.551
-83.445
-83.145
-82.917
-83.07
-82.855
-82.814
-82.801
-82.969
-82.972
-83.31
-83.248
-83.013
-83.004
-82.889
-83.182
-83.165
-83.318
-83.062
-82.946
-82.813
-82.795
-82.805
-82.569
-82.577
-82.684
-82.617
-82.701
-82.629
-82.754
-82.481
-82.316
-82.495
-82.414
-82.321
-82.164
-82.328
-82.484
-82.278
-82.044
-82.029
-82.104
-81.93
-81.856
-81.847
-81.787
-81.744
-81.9
-82.027
-82.058
-82.295
-82.191
-82.391
-82.412
-82.819
-82.454
-82.68
-82.658
-82.954
-82.996
-83.268
-83.471
-83.602
-83.603
-83.473
-83.509
-83.519
-83.348
-83.18
-83.325
-83.662
-83.545
-83.421
-83.306
-83.257
-83.571
-83.128
-83.155
-82.957
-83.14
-83.094
-83.012
-83.069
-83.034
-82.871
-82.825
-82.93
-82.894
-82.546
-82.423
-82.628
-82.48
-82.664
-82.814
-82.86
-82.826
-82.644
-82.697
-82.777
-82.836
-82.929
-82.815
-82.745
-82.715
-82.775
-82.87
-82.938
-82.937
-82.936
-82.815
-82.494
-82.605
-82.55
-82.373
-82.472
-82.945
-82.832
-82.672
-82.635
-82.451
-82.357
-82.406
-82.362
-82.501
-82.48
-82.444
-82.332
-82.193
-82.191
-82.301
-82.343
-82.393
-82.197
-82.275
-82.358
-82.06
-82.101
-82.186
-82.491
-82.533
-82.656
-82.534
-82.223
-82.412
-82.416
-82.441
-82.59
-82.681
-82.568
-82.647
-82.665
-82.746
-82.655
-82.818
-83.071
-83.059
-82.998
-83.011
-82.852
-82.994
-82.918
-83.061
-82.952
-83.056
-82.773
-82.719
-82.757
-82.923
-82.859
-82.962
-82.824
-82.661
-82.51
-82.394
-82.414
-82.432
-82.38
-82.247
-82.099
-82.228
-82.291
-82.212
-82.429
-82.486
