-61.249
-61.192
-61.068
-61.286
-61.361
-61.182
-61.151
-61.107
-60.876
-61.107
-60.81
-60.75
-60.647
-60.547
-60.425
-60.609
-60.478
-60.605
-60.444
-60.48
-60.387
-60.525
-60.457
-60.223
-59.812
-59.724
-59.618
-59.378
-59.23
-58.775
-58.649
-58.111
-57.807
-57.566
-57.369
-57.192
-57.123
-56.755
-56.284
-56.06
-55.671
-55.404
-54.978
-54.471
-54.142
-53.413
-52.546
-51.43
-49.65
-46.626
-45
-45
-45
-45
-45
-45
-45
-45
-45
-45
-45
-45
-45
-45
-51.438
-57.666
-62.619
-65.994
-68.502
-69.905
-71.051
-71.863
-72.475
-72.744
-72.934
-73.403
-73.747
-73.99
-73.854
-73.938
-74.366
-74.51
-74.718
-74.912
-75.058
-75.49
-75.467
-75.634
-75.696
-75.536
-75.671
-75.904
-75.985
-76.195
-76.614
-76.785
-76.744
-76.737
-76.549
-76.608
-76.379
-76.438
-76.785
-77.001
-77.195
-77.406
-77.53
-77.733
-77.737
-77.884
-78.226
-78.528
-78.448
-78.362
-78.345
-78.177
-78.248
-78.252
-78.512
-78.741
-79.083
-78.936
-79.093
-79.194
-79.189
-79.219
-78.968
-79.271
-79.322
-79.311
-79.339
-79.522
-79.507
-79.499
-79.38
-79.498
-79.619
-79.563
-79.482
-79.651
-79.807
-79.907
-80.163
-80.263
-80.013
-80.1
-80.159
-80.491
-80.676
-80.716
-80.626
-80.606
-80.705
-80.773
-81.051
-81.502
-81.656
-81.769
-81.78
-81.976
-81.946
-82.241
-82.02
-81.876
-81.988
-81.998
-82.225
-82.114
-82.177
-82.385
-82.654
-82.836
-82.693
-82.698
-82.702
-82.892
-82.625
-82.416
-82.449
-82.291
-82.166
-82.138
-82.093
-82.394
-82.312
-82.418
-82.506
-82.354
-82.574
-82.727
-82.832
-82.903
-82.801
-82.93
-82.911
-82.611
-82.888
-82.725
-83.024
-83.075
-83.326
-83.458
-83.176
-83.27
-83.636
-83.554
-83.41
-83.472
-83.458
-83.355
-83.336
-83.007
-82.804
-82.727
-82.901
-82.903
-83.14
-83.014
-82.867
-82.738
-82.875
-82.946
-82.889
-82.875
-82.857
-82.661
-82.521
-82.717
-82.792
-82.536
-82.559
-82.332
-82.408
-82.473
-82.765
-82.706
-82.83
-82.632
-82.618
-82.804
-82.714
-82.816
-83.152
-83.055
-83.225
-83.409
-83.384
-83.511
-83.451
-83.486
-83.795
-84.245
-84.209
-84.334
-84.336
-84.487
-84.359
-84.026
-83.997
-84.05
-84.013
-83.783
-83.939
-83.944
-83.926
-83.873
-84.18
-84.113
-84.091
-84.051
-83.779
-83.731
-84.073
-84.199
-84.049
-84.042
-84.087
-84.016
-83.932
-84.044
-84.135
-84.126
-84.05
-83.904
-83.838
-83.98
-83.809
-84.013
-84.088
-84.176
-83.935
-83.901
-83.759
-83.752
-83.728
-83.826
-83.809
-83.825
-83.869
-83.782
-83.724
-83.607
-83.409
-83.234
-83.259
-83.269
-83.089
-82.972
-83.221
-83.168
-83.347
-83.028
-82.972
-83.075
-82.867
-82.913
-83.061
-83.096
-83.179
-83.511
-83.371
-83.243
-83.403
-83.382
-83.393
-83.275
-83.512
-83.627
-83.684
-83.856
-83.877
-83.791
-83.571
-83.982
-83.928
-83.962
-84.169
-84.395
-84.519
-84.313
-84.081
-83.997
-83.883
-83.725
-83.936
-83.865
-83.779
-84.145
-84.193
-84.296
-84.606
-84.751
-84.515
-84.733
-84.86
-84.715
-84.756
-85.094
-84.905
-84.628
-84.593
-84.501
-84.581
-84.515
-84.7
-84.932
-84.593
-84.782
-84.74
-84.95
-85.009
-85.219
-85.361
-85.439
-85.393
-85.377
-85.701
-85.532
-85.672
-85.725
-85.857
-85.776
-85.97
-86
-86.031
-85.988
-86.048
-85.985
-86.298
-86.476
-86.359
-86.417
-86.243
-86.191
-85.865
-85.825
-85.683
-85.637
-85.569
-85.801
-85.888
-85.649
-85.687
-85.83
-85.633
-85.529
-85.486
-85.617
-85.506
-85.517
-85.557
-85.758
-85.896
-85.719
-85.805
-85.977
-86.183
-86.342
-86.235
-86.3
-86.493
-86.787
-86.854
-86.896
-87.02
-87.14
-87.285
-87.178
-87.263
-87.273
-87.014
-87.125
-86.88
-86.84
-86.736
-86.856
-86.503
-86.407
-86.174
-86.234
-86.346
-86.38
-86.318
-86.22
-86.248
-86.317
-86.386
-86.248
-86.558
-86.442
-86.299
-86.183
-86.28
-86.1
-86.048
-86.01
-86.044
-86.224
-86.25
-86.287
-86.323
-86.288
-86.184
-86.38
-86.444
-86.306
-86.453
-86.626
-86.631
-86.851
-87.029
-87.063
-87.091
-87.23
-87.448
-87.531
-87.537
-87.324
-87.254
-87.168
-86.983
-86.852
-87.168
-87.057
-86.774
-86.756
-86.573
-86.821
-87.404
-87.728
-87.622
-87.424
-87.214
-87.109
-86.988
-86.959
-86.89
-86.785
-86.826
-86.652
-86.933
-86.701
-86.844
-86.829
-86.683
-86.667
-86.828
-86.63
-86.576
-86.375
-86.495
-86.559
-86.722
-86.746
-86.723
-86.942
-86.653
-86.792
-86.855
-86.678
-86.824
-86.697
-86.837
-86.845
-86.564
-86.407
-86.389
-86.407
-86.267
-86.33
-86.495
-86.246
-86.501
-86.648
-86.786
-86.664
-86.677
-86.727
-86.488
-86.324
-86.446
-86.496
-86.642
-86.746
-86.602
-86.778
-86.804
-86.647
-86.961
-86.712
-86.626
-86.648
-86.68
-86.825
-86.688
-86.789
-86.744
-86.545
-86.401
-86.437
-86.291
-86.259
-86.279
-86.216
-85.855
-85.699
-85.689
-85.667
-85.734
-85.471
-85.797
-85.689
-85.65
-86.013
-86.028
-86.043
-86.237
-86.584
-86.824
-86.827
-86.445
-86.456
-86.267
-85.94
-85.822
-85.766
-86.089
-85.97
-86.038
-86.054
-86.266
-86.286
-86.433
-86.613
-86.637
-86.614
-86.692
-86.587
-86.777
-86.791
-87.147
-87.307
-87.257
-87.609
-87.99
-88.058
-88.172
-88.21
-87.943
-87.995
-88.192
-88.175
-88.268
-88.09
-88.324
-88.278
-88.095
-88.219
-88.147
-88.405
-88.697
-88.744
-88.654
-88.57
-88.503
-88.322
-88.523
-88.177
-87.916
-88.018
-88.038
-88.161
-88.226
-88.204
-88.43
-88.307
-88.332
-88.661
-88.509
-88.565
-88.63
-88.837
-88.56
-88.322
-88.373
-88.452
-88.228
-88.158
-87.842
-87.826
-87.862
-88.381
-88.616
-88.587
-88.731
-88.825
-88.834
-88.934
-89.025
-88.884
-88.996
-88.848
-88.883
-88.679
-88.469
-88.186
-88.092
-88.214
-88.111
-87.803
-87.818
-87.77
-87.485
-87.501
-87.537
-87.499
-87.7
-87.765
-87.977
-88.113
-88.061
-87.993
-87.718
-88.189
-88.327
-88.293
-88.094
-88.347
-88.358
-88.311
-88.095
-88.208
-88.127
-88.276
-88.198
-88.051
-88.205
-87.923
-88.051
-87.769
-87.613
-87.584
-87.67
-87.689
-87.44
-87.43
-87.313
-87.272
-87.396
-87.221
-87.231
-87.239
-87.349
-87.438
-87.762
-87.676
-87.874
-87.846
-87.693
-87.752
-87.82
-87.952
-87.967
-88.273
-88.542
-88.906
-88.927
-89.096
-89.354
-89.436
-89.884
-89.907
-89.905
-89.99
-89.94
-89.702
-89.894
-89.753
-89.581
-89.248
-89.164
-89.179
-89.11
-89.134
-89.187
-88.898
-88.875
-89.436
-89.477
-89.642
-89.813
-89.643
-89.522
-89.662
-89.704
-89.578
-89.294
-89.083
-89.025
-89.172
-89.297
-89.12
-89.338
-89.636
-89.655
-89.767
-89.671
-89.571
-89.381
-89.718
-89.641
-89.866
-89.869
-89.783
-89.823
-89.676
-89.52
-89.623
-89.975
-90.022
-90.119
-89.943
-89.701
-89.433
-89.035
-89.064
-89.292
-89.204
-89.05
-89.025
-89.105
-88.812
-88.768
-88.635
-88.637
-88.549
-88.708
-88.741
-89.015
-89.05
-89.433
-89.649
-89.585
-89.674
-89.347
-89.451
-88.916
-89.071
-88.98
-88.849
-88.551
-88.551
-88.57
-88.583
-88.477
-88.677
-88.85
-88.77
-88.797
-88.83
-88.659
-88.607
-88.322
-88.227
-88.42
-88.578
-88.631
-88.649
-88.674
-88.638
-88.883
-88.726
-88.702
-88.939
-88.653
-88.521
-88.514
-88.479
-88.103
-87.979
-87.904
-87.593
-87.459
-87.364
-87.209
-86.819
-86.864
-86.624
-86.438
-86.657
-86.692
-86.888
-86.893
-86.671
-86.631
-86.678
-86.81
-86.467
-86.231
-86.455
-86.415
-86.351
-86.427
-86.245
-86.266
-86.117
-85.826
-85.55
-85.353
-85.478
-85.871
-85.881
-85.68
-85.901
-85.979
-85.794
-86.065
-86.28
-86.399
-86.331
-86.182
-86.171
-86.402
-86.019
-85.911
-86.07
-86.038
-85.974
-86.248
-86.516
-86.397
-86.545
-86.528
-86.748
-86.879
-86.897
-86.682
-86.908
-86.689
-86.923
-86.881
-86.814
-86.761
-87.101
-87.092
-87.149
-87.115
-87.335
-87.677
-87.93
-87.816
-87.918
-87.741
-87.487
-87.724
-87.891
-87.529
-87.625
-87.697
-87.549
-87.607
-87.734
-87.57
-87.453
-87.206
-87.203
-87.249
-87.208
-87.466
-87.464
-87.494
-87.684
-87.432
-87.575
-87.696
-87.503
-87.381
-87.461
-87.317
-87.102
-87.212
-87.143
-87.015
-86.865
-86.893
-86.91
-86.885
-86.904
-87.158
-87.142
-87.132
-87.042
-86.915
-86.737
-86.871
-87.013
-86.774
-86.753
-86.577
-86.644
-86.793
-86.53
-86.592
-86.665
-86.692
-86.507
-86.682
-86.839
-86.738
-86.913
-87.03
-87.011
-86.981
-86.987
-87.226
-87.098
-86.884
-86.869
-86.823
-86.926
-86.865
-86.888
-86.836
-86.75
-86.583
-86.663
-86.822
-86.899
-87.074
-87.334
-87.345
-87.549
-87.334
-87.385
-87.303
-87.516
-87.535
-87.715
-87.864
-87.993
-87.767
