-80.113
-80.26
-80.103
-79.951
-79.935
-79.756
-79.7
-79.714
-79.68
-79.605
-79.713
-79.766
-79.962
-79.649
-79.375
-79.099
-78.575
-78.569
-78.421
-78.387
-78.476
-78.466
-78.212
-78.184
-78.156
-78.202
-78.51
-78.618
-78.517
-78.604
-78.792
-78.719
-79.005
-79.189
-79.022
-79.252
-79.287
-79.159
-79.335
-79.547
-79.506
-79.475
-79.442
-79.541
-79.642
-79.576
-79.593
-79.469
-79.672
-79.487
-79.594
-79.576
-79.651
-79.692
-79.73
-79.873
-79.918
-79.836
-79.965
-80.166
-80.372
-80.085
-79.892
-79.549
-79.881
-79.954
-80.014
-79.971
-79.765
-79.764
-79.681
-79.744
-79.703
-79.556
-79.977
-80.042
-79.98
-79.621
-79.592
-79.634
-79.371
-79.521
-79.601
-79.649
-79.715
-79.765
-79.843
-79.874
-79.977
-79.841
-79.873
-80.055
-79.981
-79.858
-79.963
-79.945
-79.664
-79.509
-79.351
-79.063
-79.086
-79.113
-79.088
-79.043
-79.035
-79.009
-78.906
-79.072
-79.285
-79.021
-78.966
-78.995
-79.136
-79.102
-79.088
-79.034
-79.322
-79.155
-79.368
-79.566
-79.613
-79.609
-79.321
-79.43
-79.495
-79.33
-79.056
-79.216
-79.137
-79.315
-79.115
-78.89
-78.93
-79.251
-79.607
-79.642
-79.546
-79.671
-79.632
-79.867
-79.894
-79.718
-79.447
-79.446
-79.441
-79.338
-79.614
-79.606
-79.387
-79.107
-79.079
-79.096
-79.048
-79.118
-79.011
-79.151
-79.27
-79.276
-79.294
-79.277
-79.168
-79.322
-79.389
-79.3
-79.307
-79.273
-79.275
-79.48
-79.47
-79.53
-79.709
-79.468
-79.628
-79.557
-79.462
-79.521
-79.615
-79.543
-79.222
-79.088
-79.098
-79.467
-79.489
-79.267
-79.162
-79.064
-79.224
-79.239
-79.418
-79.415
-79.403
-79.357
-79.252
-79.434
-79.531
-79.393
-79.415
-79.4
-79.372
-79.366
-79.308
-79.277
-79.319
-79.138
-79.056
-78.864
-78.782
-78.833
-79.214
-79.137
-79.047
-79.154
-79.412
-79.359
-79.374
-79.338
-79.252
-79.209
-79.328
-79.363
-79.594
-79.413
-79.419
-79.414
-79.331
-79.238
-79.279
-79.23
-79.058
-79.001
-78.828
-78.809
-78.609
-78.997
-78.873
-78.991
-78.993
-78.735
-78.639
-78.429
-78.507
-78.803
-78.746
-79.076
-78.882
-78.926
-78.907
-79.003
-79.29
-79.388
-79.4
-79.248
-79.198
-79.31
-79.2
-79.347
-79.485
-79.686
-79.536
-79.263
-79.31
-79.609
-79.708
-79.715
-79.911
-79.952
-79.875
-79.547
-79.267
-79.129
-78.839
-79.343
-79.605
-79.436
-79.487
-79.545
-79.526
-79.407
-79.795
-79.629
-79.619
-79.48
-79.265
-79.583
-79.37
-79.578
-79.615
-79.845
-79.489
-79.528
-79.55
-79.423
-79.544
-79.442
-79.689
-79.685
-79.791
-80.131
-80.09
-80.266
-80.207
-80.067
-79.91
-79.915
-79.95
-79.765
-79.836
-79.794
-79.476
-79.517
-79.462
-79.249
-79.308
-79.359
-79.157
-79.059
-79.044
-79.17
-79.325
-79.542
-79.61
-79.56
-79.52
-79.438
-79.536
-79.45
-79.492
-79.751
-79.724
-79.731
-79.619
-79.48
-79.479
-79.447
-79.638
-79.8
-79.998
-79.913
-79.906
-80.212
-80.042
-80.218
-79.964
-79.94
-79.871
-79.903
-79.873
-79.897
-80.132
-79.968
-80.034
-79.744
-79.775
-79.454
-79.607
-79.711
-79.639
-79.891
-79.779
-79.545
-79.684
-79.78
-79.823
-79.738
-79.742
-79.817
-79.645
-79.483
-79.389
-79.452
-79.314
-79.356
-79.034
-79.123
-79.129
-79.235
-79.235
-79.148
-79.427
-79.501
-79.441
-79.437
-79.611
-79.661
-79.607
-79.474
-79.592
-79.702
-79.727
-79.714
-79.924
-80.101
-80.054
-79.863
-79.959
-79.724
-80.284
-80.161
-80.494
-80.543
-80.283
-80.056
-79.889
-79.978
-79.793
-79.557
-79.394
-79.091
-79.007
-78.964
-78.852
-78.921
-78.8
-78.927
-79.089
-79.177
-79.248
-79.318
-79.238
-79.372
-79.292
-79.387
-79.391
-79.527
-79.701
-79.446
-79.118
-79.309
-79.29
-79.49
-79.438
-79.498
-79.243
-78.897
-78.928
-78.485
-78.546
-78.702
-78.427
-78.328
-78.427
-78.576
-78.546
-78.66
-78.592
-78.615
-78.759
-78.586
-78.583
-78.632
-78.637
-78.7
-78.823
-78.93
-78.925
-78.698
-78.813
-78.994
-78.81
-78.716
-78.717
-78.744
-78.665
-78.74
-78.58
-78.577
-78.644
-78.532
-78.984
-78.742
-78.757
-78.693
-78.662
-78.653
-78.622
-78.869
-78.953
-78.818
-78.652
-78.613
-78.746
-78.872
-79.029
-79.346
-79.171
-79.027
-79.041
-79.299
-78.936
-78.898
-78.748
-78.709
-78.478
-78.696
-78.655
-78.882
-79.129
-78.896
-79.039
-78.865
-78.613
-78.438
-78.372
-78.286
-77.981
-78.245
-78.365
-78.428
-78.469
-78.656
-78.692
-78.638
-78.889
-78.814
-78.661
-78.557
-78.788
-78.696
-78.618
-78.451
-78.728
-78.756
-78.68
-78.523
-78.733
-78.759
-78.887
-78.955
-78.99
-78.85
-78.988
-79.086
-79.108
-78.847
-78.893
-78.899
-78.93
-79.085
-79.188
-79.301
-79.347
-79.286
-79.502
-79.477
-79.425
-79.427
-79.591
-79.532
-79.399
-79.44
-79.265
-79.331
-79.401
-79.296
-79.095
-78.925
-79.123
-79.029
-78.892
-79.067
-79.166
-79.126
-79.285
-79.386
-79.278
-79.195
-79.083
-79.037
-78.944
-78.882
-79.05
-79.095
-78.817
-78.837
-78.808
-78.76
-78.915
-79.084
-79.02
-79.088
-79.326
-79.257
-79.204
-78.994
-78.904
-78.876
-78.8
-78.954
-78.856
-78.663
-78.184
-78.074
-78.17
-77.903
-77.83
-77.693
-78.044
-77.885
-77.763
-77.846
-78.006
-78.151
-78.576
-78.369
-78.381
-78.297
-78.171
-78.069
-78.358
-78.487
-78.986
-78.98
-78.996
-78.945
-79.094
-78.977
-78.748
-78.944
-79.03
-79.043
-79.298
-79.145
-79.261
-79.519
-79.413
-79.227
-79.238
-79.327
-79.391
-79.637
-79.644
-79.614
-79.694
-79.615
-79.544
-79.317
-79.344
-79.711
-80.013
-79.745
-79.721
-79.415
-79.62
-79.628
-79.835
-79.944
-79.762
-79.557
-79.78
-79.753
-79.934
-79.692
-79.684
-79.654
-79.591
-79.746
-79.911
-79.864
-79.728
-79.347
-79.131
-79.017
-79.078
-79.036
-79.183
-79.029
-79.11
-79.122
-79.261
-79.171
-79.223
-79.089
-79.105
-79.316
-79.384
-79.643
-79.335
-79.557
-79.458
-79.452
-79.674
-79.64
-79.669
-79.658
-79.69
-79.545
-79.458
-79.172
-79.281
-79.369
-79.196
-79.234
-79.015
-79.033
-79.116
-79.441
-79.504
-79.881
-79.905
-79.802
-79.826
-79.809
-79.813
-79.667
-79.881
-79.816
-79.792
-79.916
-79.714
-79.947
-80.038
-79.845
-79.619
-79.762
-79.677
-79.906
-79.875
-79.993
-79.81
-79.73
-79.91
-80.101
-79.84
-79.855
-79.637
-79.809
-79.756
-79.745
-80.239
-80.155
-80.216
-80.117
-80.1
-80.253
-79.943
-80.191
-79.916
-79.859
-80.096
-80.416
-80.381
-80.214
-80.151
-80.342
-80.265
-80.116
-80.022
-79.98
-79.99
-79.965
-79.989
-79.449
-79.538
-79.73
-79.615
-79.655
-79.647
-79.578
-79.903
-80.041
-79.8
-79.992
-79.711
-79.971
-80.038
-79.985
-80.205
-80.224
-80.409
-80.563
-80.701
-80.951
-81.064
-81.155
-81.249
-81.068
-81.077
-80.836
-80.694
-80.813
-80.822
-80.916
-80.983
-80.819
-80.788
-80.601
-80.684
-80.643
-80.449
-79.941
-79.6
-79.799
-79.949
-79.712
-79.709
-79.751
-79.637
-79.95
-80.147
-80.041
-79.672
-79.778
-79.989
-79.959
-79.975
-80.099
-80.128
-80.007
-79.825
-79.831
-80.313
-80.386
-80.369
-80.45
-80.464
-80.258
-79.994
-79.671
-79.804
-80.066
-79.82
-79.943
-80.235
-80.052
-80.035
-79.831
-80.01
-80.131
-79.844
-80.064
-80.098
-80.075
-79.888
-80.021
-80.039
-80.195
-80.31
-80.571
-80.635
-80.512
-80.608
-80.438
-80.409
-80.379
-80.459
-80.292
-80.473
-80.575
-80.853
-80.812
-80.807
-80.828
-80.845
-80.789
-80.584
-80.304
-80.478
-80.47
-80.826
-80.596
-80.628
-80.823
-80.742
-80.51
-80.303
-80.033
-79.727
-79.372
-79.449
-79.35
-79.161
-79.346
-79.278
-79.225
-79.163
-78.978
-78.851
-78.688
-78.461
-78.439
-78.695
-78.376
-78.59
-78.731
-78.708
-78.838
-78.833
-78.914
-78.901
-78.832
-79.123
-78.836
-78.89
-78.699
-78.628
-78.889
-78.915
-78.937
-79.048
-79.132
-79.224
-79.312
-79.439
-79.468
-79.567
-79.537
-79.451
-79.581
-79.723
-79.703
-79.794
-79.572
-79.294
-79.39
-79.463
-79.414
-79.553
-79.525
-79.537
-79.355
-79.438
-79.54
-79.412
-79.437
-79.439
-79.618
-79.536
-79.29
-79.156
-79.241
-79.359
-79.363
-79.177
-79.296
-79.118
-78.919
-79.255
-79.172
-79.168
-79.317
-79.263
-79.483
-79.579
-79.763
-79.568
-79.436
-79.549
-79.798
-79.954
-80.071
-80.058
-79.918
-79.984
-79.927
-80.15
-80.182
-80.207
-80.088
-80.043
-80.011
-79.698
-79.926
-79.889
-79.745
-79.963
-80.02
-80.118
-80.053
-79.851
-79.847
-79.968
-79.829
-79.917
-80.196
-80.05
-79.985
-79.965
-80.132
-80.122
-80.018
-80.144
-79.829
-79.645
-79.673
-79.651
-79.649
-79.628
-79.921
-79.984
-79.89
-79.804
-79.629
-79.501
-79.477
-79.787
-79.772
-79.829
-79.934
-79.952
-79.669
-79.754
