-86.472
-86.212
-86.257
-86.398
-86.307
-86.347
-86.124
-85.944
-86.158
-85.975
-85.951
-86.008
-86.085
-86.332
-86.207
-86.169
-86.214
-86.256
-86.267
-86.47
-86.426
-86.348
-86.407
-86.601
-86.571
-86.574
-86.482
-86.528
-86.469
-86.687
-86.549
-86.194
-86.116
-86.096
-86.273
-86.621
-86.555
-86.859
-87.126
-87.047
-87.011
-86.834
-86.841
-86.743
-86.713
-87.015
-87.16
-87.14
-87.31
-87.499
-87.353
-87.483
-87.46
-87.549
-87.749
-87.782
-87.839
-87.813
-88.07
-88.239
-88.549
-88.825
-88.703
-88.598
-88.595
-88.732
-88.733
-88.622
-88.596
-88.506
-88.32
-87.956
-87.432
-87.051
-86.42
-85.616
-84.708
-84.008
-82.926
-82.187
-81.187
-80.403
-79.845
-79.321
-78.432
-78.093
-77.134
-76.271
-75.541
-74.947
-74.385
-73.794
-72.995
-72.255
-71.426
-70.777
-70.114
-69.263
-68.508
-67.78
-66.772
-66.136
-65.029
-64.431
-63.979
-63.525
-63.279
-62.665
-62.401
-61.848
-61.578
-60.727
-59.833
-58.878
-57.957
-57.201
-56.462
-55.7
-55.022
-53.802
-52.9
-51.415
-49.184
-45.075
-45
-45
-45
-45
-45
-45
-45
-45
-45
-45
-45
-45
-45
-45.217
-52.113
-57.715
-62.073
-65.104
-66.994
-68.179
-68.807
-68.905
-69.053
-69.001
-68.778
-68.281
-68.218
-67.576
-67.364
-67.124
-66.689
-66.295
-65.95
-65.766
-65.403
-64.93
-64.584
-64.373
-63.857
-63.348
-62.963
-62.433
-61.993
-61.746
-61.344
-60.876
-60.426
-59.59
-58.789
-58.03
-57.148
-56.451
-55.329
-54.475
-53.514
-52.14
-50.564
-48.017
-45
-45
-45
-45
-45
-45
-45
-45
-45
-45
-45
-45
-45
-45
-49.322
-55.587
-60.505
-63.899
-66.411
-67.887
-68.662
-69.161
-69.667
-69.974
-70.022
-70.111
-70.262
-70.238
-69.99
-70.062
-69.698
-69.677
-69.557
-69.372
-68.856
-68.734
-68.701
-68.459
-68.261
-68.127
-68.493
-68.811
-68.871
-68.677
-68.518
-68.66
-68.573
-68.641
-68.874
-68.866
-68.925
-69.035
-68.531
-68.335
-68.667
-68.811
-68.793
-68.832
-68.755
-68.914
-68.837
-68.835
-68.893
-68.87
-69.058
-69.052
-69.064
-69.133
-69.258
-69.481
-69.731
-69.606
-69.602
-69.681
-69.562
-69.729
-69.601
-69.406
-69.474
-69.372
-68.981
-68.662
-68.407
-68.304
-68.214
-68.002
-68.004
-67.803
-67.924
-67.982
-67.988
-67.667
-67.626
-67.464
-67.287
-66.971
-66.926
-66.964
-66.785
-66.955
-66.907
-66.773
-66.763
-66.641
-66.81
-66.884
-66.857
-67.07
-67.219
-67.344
-67.616
-67.88
-67.863
-68.286
-68.202
-68.351
-68.698
-68.866
-68.688
-68.505
-68.674
-68.691
-68.705
-68.814
-69.093
-69.462
-69.651
-69.504
-69.908
-69.963
-70.326
-70.502
-70.429
-70.584
-70.574
-70.551
-70.524
-70.825
-71
-71.441
-71.77
-71.989
-72.039
-72.074
-72.24
-72.386
-72.28
-72.48
-72.497
-72.939
-73.219
-73.453
-73.617
-73.669
-73.915
-73.947
-74.398
-74.683
-74.706
-75.025
-75.195
-75.539
-75.882
-75.897
-75.817
-75.889
-75.864
-76.05
-76.154
-76.136
-76.312
-76.487
-76.637
-76.634
-76.527
-77.088
-77.082
-76.964
-77.13
-77.28
-77.284
-77.259
-77.418
-77.581
-77.528
-77.615
-77.808
-78.089
-78.078
-78.247
-78.482
-78.676
-78.684
-78.81
-79.124
-79.327
-79.335
-79.385
-79.191
-79.273
-79.198
-79.086
-79.315
-79.827
-79.547
-79.758
-79.813
-80.187
-80.335
-80.593
-80.72
-81.139
-81.25
-81.557
-81.695
-82.166
-82.046
-81.984
-81.733
-81.689
-81.869
-82.161
-82.035
-82.277
-82.515
-82.759
-83.106
-83.224
-83.124
-83.354
-83.197
-83.221
-83.256
-83.14
-83.416
-83.284
-83.508
-83.559
-83.694
-83.6
-83.694
-84.213
-84.479
-84.485
-84.309
-84.151
-84.144
-83.766
-83.338
-83.188
-82.711
-82.531
-82.246
-81.678
-81.136
-80.375
-79.63
-78.527
-77.449
-76.905
-76.089
-75.191
-74.16
-73.103
-71.994
-70.762
-69.398
-68.396
-67.246
-66.366
-65.183
-64.359
-63.345
-62.37
-61.316
-60.222
-59.031
-58.09
-57.176
-56.127
-55.152
-54.014
-52.566
-50.776
-47.915
-45
-45
-45
-45
-45
-45
-45
-45
-45
-45
-45
-45
-45
-45
-46.224
-51.243
-55.574
-58.823
-60.33
-61.357
-61.858
-61.598
-61.05
-60.57
-59.624
-58.669
-57.834
-56.733
-55.435
-54.671
-53.846
-52.931
-51.492
-50.243
-48.576
-46.329
-45
-45
-45
-45
-45
-45
-45
-45
-45
-45
-45
-45
-45
-47.701
-53.49
-57.892
-61.267
-63.483
-64.765
-65.379
-65.535
-65.549
-65.336
-64.867
-64.12
-63.231
-62.734
-61.987
-61.506
-60.859
-60.265
-59.748
-59.179
-58.506
-57.954
-57.253
-56.585
-55.784
-55.145
-54.206
-52.942
-51.579
-49.951
-47.482
-45
-45
-45
-45
-45
-45
-45
-45
-45
-45
-45
-45
-45
-45
-51.333
-57.123
-61.499
-64.591
-66.45
-67.764
-68.506
-68.946
-69.318
-69.381
-69.499
-69.507
-69.461
-69.172
-68.856
-68.597
-68.06
-67.479
-67.056
-66.969
-66.702
-66.619
-65.917
-65.126
-64.602
-63.967
-63.134
-62.294
-61.393
-60.735
-60.452
-60.159
-59.772
-59.538
-59.174
-58.833
-58.319
-58.286
-57.952
-57.906
-57.762
-57.81
-57.437
-57.011
-56.818
-56.326
-55.976
-55.425
-55.06
-54.428
-53.822
-53.164
-51.941
-50.728
-48.168
-45
-45
-45
-45
-45
-45
-45
-45
-45
-45
-45
-45
-45
-45
-48.677
-55.017
-60.177
-64.096
-66.267
-67.555
-68.432
-68.579
-68.451
-68.438
-67.882
-67.641
-67.24
-66.653
-66.398
-66.204
-65.68
-65.316
-64.94
-64.441
-64.033
-63.831
-63.599
-63.341
-63.216
-63.078
-63.257
-63.274
-63.15
-62.943
-63.047
-62.706
-62.484
-61.859
-61.819
-61.648
-61.309
-61.045
-60.951
-60.93
-60.912
-60.695
-60.626
-60.534
-60.325
-60.3
-60.33
-60.427
-60.346
-60.366
-60.317
-60.178
-60.21
-60.337
-60.446
-60.447
-60.444
-60.667
-60.811
-60.939
-61.254
-61.474
-61.587
-61.524
-61.747
-61.783
-62.055
-62.351
-62.178
-62.206
-62.364
-62.4
-62.666
-62.861
-63.024
-63.426
-63.533
-63.827
-64.386
-64.714
-65.05
-65.291
-65.869
-66.263
-66.28
-66.505
-66.637
-66.539
-66.672
-67.264
-67.494
-67.682
-67.982
-68.383
-68.581
-69.081
-69.485
-69.724
-70.143
-70.218
-70.568
-70.737
-71.082
-71.42
-71.199
-71.124
-71.525
-71.692
-72.033
-72.259
-72.353
-72.51
-72.666
-72.62
-72.735
-72.99
-72.98
-73.152
-73.51
-73.754
-74.071
-74.386
-74.867
-75.007
-75.218
-75.532
-75.518
-75.611
-75.839
-76.169
-76.458
-76.629
-76.649
-76.893
-77.079
-77.396
-77.409
-77.729
-78.064
-78.041
-78.157
-78.177
-78.344
-78.637
-79.209
-79.527
-79.671
-79.764
-80.302
-80.511
-80.821
-81.106
-81.196
-81.422
-81.511
-81.341
-81.47
-81.732
-81.844
-81.909
-82.428
-82.409
-82.342
-82.51
-82.574
-82.264
-82.629
-82.831
-82.963
-82.912
-83.049
-83.275
-83.605
-83.801
-83.951
-84.028
-84.135
-84.219
-84.365
-84.212
-84.362
-84.21
-84.238
-84.673
-85.014
-85.255
-85.328
-85.679
-85.808
-85.678
-85.678
-85.792
-85.632
-85.787
-85.572
-85.928
-85.859
-85.734
-85.759
-86.008
-86.749
-86.723
-86.658
-86.915
-87.164
-87.417
-87.468
-88.137
-88.784
-88.726
-89.029
-89.197
-89.315
-89.516
-89.652
-89.526
-89.663
-89.606
-89.584
-89.525
-89.731
-89.793
-89.825
-89.887
-90.179
-90.301
-90.033
-90.056
-90.309
-90.498
-90.345
-90.425
-90.745
-90.833
-90.683
-90.659
-90.662
-90.362
-90.296
-90.244
-90.45
-90.497
-90.261
-90.569
-90.581
-90.564
-90.696
-90.758
-90.741
-90.824
-90.958
-90.917
-90.923
-90.862
-90.816
-90.707
-90.633
-90.55
-90.459
-90.326
-90.189
-90.441
-90.453
-90.529
-90.75
-91.216
-91.132
-91.323
-91.379
-91.338
-91.407
-91.398
-91.58
-91.533
-91.44
-91.553
-91.521
-91.655
-91.795
-91.61
-91.554
-91.556
-91.427
-91.284
-91.665
-91.883
-92.119
-92.037
-91.961
-91.708
-91.873
-91.863
-92.074
-92.084
-92.085
-92.085
-91.989
-92.035
-92.417
-91.975
-91.551
-91.317
-90.933
-90.529
-90.048
-89.567
-88.902
-88.41
-88.151
-87.774
-87.633
-87.562
-87.375
-87.166
-86.971
-86.845
-86.664
-86.314
-86.221
-86.16
-85.829
-85.877
-85.749
-85.706
-85.525
-85.307
-85.222
-84.997
-84.817
-84.757
-84.797
-84.911
-84.718
-84.735
-84.387
-84.261
-84.091
-84.106
-83.947
-83.853
-83.802
-83.865
-83.79
-83.944
-84.127
-84.134
-84.452
-84.39
-84.406
-84.701
-84.669
-84.766
-84.667
-84.855
-84.854
-84.984
-84.726
-85.003
-85.12
-85.442
-85.455
-85.422
-85.411
-85.57
-85.852
-85.93
-85.651
-86.015
-86.228
-86.233
-85.895
