-46.493
-53.421
-59.198
-63.609
-66.432
-68.6
-70.086
-70.446
-71.116
-71.34
-71.263
-71.059
-70.815
-70.745
-70.434
-69.871
-69.524
-68.88
-68.213
-67.647
-66.906
-66.166
-65.746
-65.284
-64.785
-64.27
-64.178
-63.592
-63.028
-62.639
-62.167
-61.541
-60.878
-60.233
-59.96
-59.419
-58.908
-58.455
-57.849
-57.277
-56.642
-56.1
-55.726
-55.414
-55.065
-54.582
-54.001
-53.407
-52.831
-52.09
-50.679
-48.498
-45
-45
-45
-45
-45
-45
-45
-45
-45
-45
-45
-45
-45
-45
-48.312
-54.878
-59.972
-63.853
-66.387
-67.703
-69.006
-69.453
-69.543
-69.519
-69.423
-68.896
-68.476
-68.008
-67.459
-66.917
-66.346
-65.661
-65.35
-64.937
-64.392
-64.279
-63.569
-63.056
-62.518
-61.986
-61.55
-61.226
-61.16
-60.898
-60.803
-60.544
-60.822
-60.473
-60.345
-59.951
-60.153
-60.129
-59.817
-59.466
-58.665
-57.626
-56.584
-55.644
-54.505
-53.611
-52.448
-50.803
-48.758
-47.974
-49.13
-52.704
-58.264
-63.926
-67.918
-71.047
-72.96
-74.111
-75.039
-75.315
-75.848
-76.063
-76.371
-76.171
-76.326
-76.44
-76.504
-76.56
-76.353
-76.339
-76.524
-76.352
-76.547
-76.414
-76.719
-76.87
-77.08
-76.968
-77.055
-77.062
-77.012
-77.041
-77.053
-76.995
-77.038
-77.029
-77.202
-77.323
-76.937
-76.867
-76.197
-76.084
-76.053
-75.827
-75.68
-75.371
-75.421
-75.213
-75.26
-75.184
-75.056
-75.038
-74.953
-75.094
-75.486
-75.623
-75.801
-75.992
-75.865
-75.873
-75.831
-76.057
-76.333
-76.537
-76.285
-76.085
-76.163
-75.933
-75.764
-75.452
-75.454
-75.177
-75.27
-75.408
-75.313
-74.941
-74.643
-74.458
-74.503
-74.623
-74.597
-74.575
-74.615
-74.731
-75.199
-75.358
-75.344
-75.497
-75.479
-75.307
-75.497
-75.649
-75.984
-76.119
-76.141
-76.348
-76.533
-76.415
-76.674
-76.948
-76.797
-76.886
-77.274
-77.385
-77.554
-77.335
-77.499
-77.569
-77.595
-77.008
-77.304
-77.189
-77.002
-76.945
-77.046
-76.894
-76.744
-76.554
-76.623
-76.676
-76.999
-76.915
-77.243
-76.974
-77.022
-77.102
-77.294
-77.514
-77.402
-77.446
-77.716
-77.705
-77.842
-77.921
-78.071
-78.308
-78.287
-78.417
-78.648
-78.563
-78.547
-78.658
-78.81
-79.225
-79.134
-79.278
-78.992
-78.866
-78.706
-78.827
-78.942
-78.855
-79.121
-79.065
-79.014
-79.173
-79.236
-79.368
-79.095
-79.36
-79.55
-79.539
-79.743
-79.354
-79.69
-79.858
-79.827
-79.696
-79.668
-79.622
-79.791
-79.873
-79.72
-79.813
-79.868
-80.002
-79.95
-79.993
-80.266
-80.242
-80.533
-80.393
-80.284
-80.417
-80.561
-80.613
-80.771
-80.617
-80.184
-80.271
-79.952
-80.33
-80.395
-80.564
-80.482
-80.415
-80.308
-80.364
-80.269
-80.454
-80.571
-80.613
-80.492
-80.68
-80.685
-80.575
-80.313
-80.281
-80.136
-80.271
-80.328
-80.501
-80.382
-80.384
-80.402
-80.377
-80.35
-80.515
-80.621
-80.538
-80.346
-80.164
-80.336
-80.296
-80.246
-80.2
-80.317
-80.342
-80.333
-80.339
-80.493
-80.429
-80.483
-80.323
-80.097
-80.011
-80.114
-80.262
-80.165
-80.47
-80.624
-80.617
-80.294
-80.297
-80.279
-80.328
-80.196
-80.022
-80.18
-80.126
-80.208
-80.126
-80.056
-80.024
-80.252
-80.051
-80.053
-80.268
-80.027
-80.094
-80.131
-80.148
-80.042
-80.305
-80.351
-80.211
-80.413
-80.283
-80.552
-80.494
-80.573
-80.293
-80.656
-80.482
-80.421
-80.655
-80.663
-80.726
-80.802
-80.929
-80.939
-80.799
-80.935
-80.94
-81.237
-81.087
-81.124
-81.002
-80.871
-80.82
-80.786
-80.934
-80.774
-80.878
-80.921
-80.82
-80.593
-80.769
-80.875
-80.714
-80.761
-80.692
-80.367
-80.133
-80.264
-80.189
-79.812
-79.52
-79.177
-78.878
-78.144
-77.556
-77.015
-76.431
-76.08
-75.529
-75.099
-74.384
-74.029
-73.539
-72.959
-72.62
-72.401
-71.843
-72.267
-73.429
-74.606
-75.453
-75.693
-75.616
-75.586
-75.106
-74.945
-74.784
-74.83
-74.792
-74.843
-75.178
-75.301
-75.371
-75.497
-75.683
-75.644
-75.805
-75.987
-75.938
-75.853
-75.927
-76.101
-75.997
-76.052
-75.947
-76.011
-75.914
-75.721
-75.71
-75.852
-75.721
-75.707
-75.573
-75.526
-75.551
-75.613
-75.588
-75.273
-75.106
-75.289
-75.27
-75.199
-75.338
-75.359
-75.343
-75.414
-75.831
-75.857
-75.92
-76.103
-76.183
-76.608
-76.48
-76.479
-76.481
-76.885
-76.778
-76.988
-76.979
-77.243
-77.343
-77.527
-77.688
-77.768
-77.883
-78.15
-78.028
-78.107
-78.142
-78.24
-77.976
-77.998
-77.795
-77.894
-77.936
-77.828
-77.676
-77.329
-77.61
-77.635
-77.656
-77.73
-77.881
-78.118
-78.304
-78.455
-78.51
-78.537
-78.546
-78.507
-78.314
-78.47
-78.702
-78.914
-78.871
-79.025
-79.092
-79.349
-79.537
-79.591
-79.637
-79.574
-79.532
-79.382
-79.44
-79.097
-79.315
-79.233
-79.12
-79.359
-79.585
-79.395
-79.636
-79.517
-79.236
-79.15
-78.938
-78.917
-78.642
-78.375
-78.042
-77.845
-77.799
-77.693
-77.493
-77.46
-77.676
-77.957
-78.039
-78.052
-78.253
-78.26
-78.268
-78.316
-78.637
-78.845
-79.02
-79.242
-79.112
-79.099
-79.007
-78.929
-78.594
-78.411
-78.057
-78.093
-77.865
-77.646
-77.71
-77.638
-77.214
-77.142
-77.353
-77.091
-77.001
-76.927
-77.029
-76.867
-77.006
-77.146
-77.031
-77.131
-77.225
-77.146
-77.168
-77.427
-77.421
-77.526
-77.525
-77.834
-77.922
-78.022
-78.188
-78.313
-78.457
-78.82
-78.738
-78.831
-78.772
-78.918
-79.053
-78.945
-78.957
-79.002
-78.861
-78.723
-78.744
-78.737
-78.524
-78.582
-78.589
-78.674
-78.914
-79.058
-78.849
-78.714
-78.844
-79.239
-79.181
-79.023
-78.774
-78.799
-78.993
-79.238
-79.226
-79.36
-79.392
-79.442
-79.399
-79.426
-79.738
-79.665
-79.668
-79.724
-79.585
-79.581
-79.761
-79.702
-79.62
-79.326
-79.656
-79.633
-79.309
-79.45
-79.428
-79.555
-79.826
-79.339
-79.187
-79.348
-79.276
-79.356
-79.468
-79.743
-79.733
-80.038
-80.073
-80.247
-80.189
-80.319
-80.36
-80.33
-80.167
-80.036
-79.967
-79.854
-80.052
-80.059
-80.074
-80.497
-80.601
-80.791
-80.687
-80.776
-80.907
-81.079
-81.181
-81.599
-81.328
-81.327
-81.531
-81.57
-81.543
-81.684
-81.572
-81.507
-81.469
-81.505
-81.509
-81.496
-81.28
-81.269
-81.246
-81.138
-81.255
-81.28
-81.208
-80.967
-80.999
-81.158
-81.235
-81.271
-81.301
-81.311
-81.493
-81.523
-81.67
-81.664
-81.881
-81.669
-81.587
-81.498
-81.474
-81.036
-81.054
-80.783
-80.71
-80.739
-80.777
-80.548
-80.658
-80.798
-80.847
-81.031
-80.91
-80.952
-80.982
-80.95
-80.727
-80.508
-80.564
-80.432
-80.621
-80.844
-80.657
-80.537
-80.42
-80.162
-80.283
-80.323
-80.397
-80.132
-79.94
-80.014
-79.95
-79.984
-80.108
-80.028
-80.138
-80.102
-80.282
-80.329
-80.407
-80.845
-80.707
-80.466
-80.622
-80.565
-80.313
-80.22
-80.055
-79.921
-80.116
-80.22
-80.298
-80.533
-80.636
-80.78
-80.748
-80.865
-80.759
-80.824
-80.582
-80.286
-80.113
-80.105
-80.171
-80.061
-80.198
-80.032
-80.299
-80.223
-80.143
-80.265
-80.2
-80.373
-80.375
-80.11
-79.969
-79.822
-79.702
-79.86
-80.074
-80.128
-80.28
-80.186
-80.101
-79.819
-79.742
-79.827
-80.093
-80.085
-80.024
-80.342
-80.388
-80.27
-80.154
-80.225
-79.966
-80.102
-79.981
-79.943
-79.934
-79.854
-80.076
-79.88
-79.935
-80.37
-80.287
-80.308
-80.412
-80.466
-80.345
-80.365
-80.181
-80.177
-80.453
-80.761
-80.91
-81.178
-81.029
-81.113
-81.095
-81.168
-81.084
-81.303
-81.57
-81.717
-81.783
-81.872
-81.761
-81.593
-81.616
-81.832
-81.831
-81.818
-81.866
-81.821
-81.78
-81.931
-81.958
-81.972
-81.897
-81.871
-81.907
-82.24
-82.478
-82.582
-82.439
-82.357
-82.13
-82.352
-82.274
-82.262
-82.11
-82.43
-82.387
-82.635
-82.932
-83.343
-82.951
-82.999
-82.818
-82.764
-82.655
-82.736
-82.907
-82.579
-82.701
-82.564
-82.291
-82.664
-82.789
-82.485
-82.389
-82.58
-82.325
-82.403
-82.663
-82.531
-82.702
-82.629
-82.622
-82.613
-82.52
-82.585
-82.712
-82.482
-82.389
-82.209
-82.371
-82.592
-82.789
-82.645
-82.349
-82.574
-82.57
-82.457
-82.179
-81.923
-81.837
-81.697
-81.519
-81.629
-81.051
-81.118
-81.525
-81.505
-81.489
-81.24
-81.327
-81.31
-81.324
-81.466
-81.482
-81.619
-81.495
-81.517
-81.633
-81.603
-81.581
-81.433
-81.538
-81.167
-80.949
-80.613
-80.518
-80.099
-79.564
-79.35
-79.199
-78.854
-78.631
-78.255
-77.975
-77.896
-78.004
-78.011
-77.701
-77.537
-77.204
-77.038
-76.9
-76.908
-76.513
-76.285
-76.217
-76.013
-76.084
-76.282
-76.231
-76.088
-76.155
-76.01
-76.096
-75.769
-75.742
-75.522
-75.477
-75.345
-75.361
-75.369
-75.413
-75.262
-75.269
-75.284
-75.47
-75.532
