-72.758
-72.364
-72.104
-71.702
-71.583
-71.404
-71.426
-71.375
-71.365
-71.233
-71.287
-71.351
-71.177
-70.97
-70.754
-70.612
-70.095
-70.004
-69.833
-69.642
-69.169
-69.139
-68.691
-68.432
-68.218
-68.005
-67.962
-67.646
-67.478
-67.439
-67.411
-67.166
-67.249
-66.921
-66.886
-66.747
-66.741
-66.56
-66.357
-66.149
-66.279
-66.433
-66.584
-66.609
-66.559
-66.303
-66.234
-65.924
-66.025
-65.969
-66.163
-66.456
-66.503
-66.474
-66.596
-66.977
-66.741
-67.071
-67.155
-67.378
-67.453
-67.391
-67.31
-67.141
-67.059
-67.124
-67.202
-67.344
-67.804
-68.121
-68.114
-68.273
-68.419
-68.594
-68.642
-68.505
-68.513
-68.795
-69.074
-69.427
-69.85
-69.81
-69.912
-70.015
-70.48
-70.645
-70.546
-70.499
-70.695
-71.18
-71.116
-70.993
-70.981
-71.026
-70.882
-71.01
-71.002
-71.169
-71.351
-72.642
-74.415
-75.784
-77.057
-77.92
-78.675
-78.844
-78.837
-78.908
-79.075
-79.321
-78.872
-78.354
-78.463
-78.46
-78.355
-78.31
-78.236
-78.072
-78.289
-78.359
-78.282
-78.09
-77.875
-78.008
-77.792
-77.908
-78.018
-77.72
-77.723
-77.713
-77.555
-77.877
-77.996
-78.265
-78.266
-78.392
-78.404
-78.606
-78.586
-78.623
-78.479
-78.458
-78.577
-78.609
-78.727
-78.952
-79.081
-78.812
-78.92
-78.536
-78.573
-78.565
-78.438
-78.452
-78.425
-78.201
-78.312
-78.268
-78.221
-78.038
-78.318
-78.406
-78.383
-78.277
-78.326
-78.431
-78.515
-78.554
-78.628
-78.658
-78.781
-79.168
-79.34
-79.446
-79.425
-79.499
-79.651
-79.17
-78.654
-78.224
-77.432
-76.566
-76.281
-76.217
-75.816
-75.303
-74.878
-74.738
-74.72
-74.44
-74.43
-74.536
-74.571
-74.612
-74.709
-74.931
-75.051
-75.467
-75.245
-75.582
-75.647
-75.676
-75.973
-76.284
-76.474
-76.513
-76.706
-76.944
-77.289
-77.039
-77.284
-77.527
-77.515
-77.666
-77.732
-77.733
-77.786
-78.171
-78.233
-78.336
-78.396
-78.506
-78.534
-78.681
-78.708
-78.74
-78.924
-78.813
-78.64
-78.272
-78.294
-78.179
-77.951
-77.876
-77.873
-77.816
-77.799
-77.907
-78.189
-77.839
-77.978
-77.909
-77.841
-77.694
-77.684
-77.716
-77.699
-77.55
-77.507
-77.442
-77.575
-77.574
-77.841
-78.162
-78.38
-78.541
-78.753
-78.775
-78.623
-79.199
-79.344
-79.306
-79.19
-79.201
-79.05
-79.083
-79.306
-79.506
-79.439
-79.6
-79.558
-79.506
-79.414
-79.556
-79.721
-79.686
-79.571
-79.679
-79.569
-79.482
-79.708
-79.73
-79.946
-80.071
-80.111
-79.943
-79.678
-79.963
-80.221
-80.086
-80.015
-79.702
-79.812
-79.781
-79.891
-79.828
-79.742
-79.776
-79.901
-79.888
-79.808
-79.921
-80.06
-80.023
-79.818
-79.904
-80.013
-80.066
-80.192
-80.193
-80.346
-80.497
-80.587
-80.86
-80.96
-81.168
-81.184
-81.235
-81.077
-81.048
-80.973
-80.682
-80.43
-80.614
-80.613
-80.961
-80.84
-80.87
-80.766
-80.778
-81.148
-81.111
-81.227
-81.1
-80.908
-80.513
-80.442
-80.364
-80.148
-80.421
-80.354
-80.565
-80.664
-80.754
-80.752
-80.771
-80.721
-80.941
-80.91
-80.856
-80.919
-80.986
-80.837
-80.782
-80.798
-80.57
-80.358
-80.513
-80.569
-80.776
-80.538
-80.4
-80.632
-80.462
-80.611
-80.743
-81
-81.032
-81.26
-81.387
-81.478
-81.329
-81.549
-81.67
-81.785
-82.197
-81.939
-82.085
-81.748
-81.845
-81.85
-81.684
-81.617
-81.592
-81.638
-81.412
-81.435
-81.413
-81.439
-81.33
-81.457
-81.166
-81.01
-81.191
-81.764
-81.717
-81.877
-82.262
-82.308
-82.023
-81.961
-81.749
-81.715
-81.631
-81.827
-81.846
-81.733
-81.698
-82.015
-82.006
-81.769
-81.704
-81.521
-81.553
-81.42
-81.015
-80.372
-79.987
-79.686
-79.374
-79.139
-78.874
-78.485
-78.315
-78.096
-77.711
-76.412
-75.152
-74.054
-72.555
-71.042
-69.775
-68.447
-66.926
-65.058
-63.588
-62.206
-60.801
-59.467
-58.124
-57.024
-55.588
-54.018
-52.619
-50.742
-48.278
-45
-45
-45
-45
-45
-45
-45
-45
-45
-45
-45
-45
-45
-45
-46.968
-53.024
-58.072
-61.749
-63.737
-64.912
-65.527
-65.95
-65.886
-65.975
-65.391
-64.765
-63.545
-62.174
-60.708
-58.981
-57.486
-55.779
-54.022
-52.479
-50.854
-48.841
-46.236
-45
-45
-45
-45
-45
-45
-45
-45
-45
-45
-45
-45
-45
-47.245
-52.891
-57.392
-60.973
-63.36
-65.023
-65.741
-66.07
-66.388
-66.476
-66.399
-66.237
-66.096
-66.069
-65.939
-65.421
-65.108
-64.916
-64.425
-63.856
-63.73
-63.321
-62.853
-62.345
-62.146
-61.574
-61.284
-60.86
-60.206
-59.808
-59.299
-59.089
-59.019
-58.906
-59.023
-58.73
-58.663
-58.658
-58.499
-58.456
-58.31
-58.276
-57.98
-58.006
-58.016
-57.925
-57.742
-57.428
-56.786
-56.32
-55.62
-54.845
-54.147
-53.307
-52.374
-51.183
-49.231
-45.993
-45
-45
-45
-45
-45
-45
-45
-45
-45
-45
-45
-45
-45
-47.017
-53.676
-59.408
-63.175
-66.001
-67.7
-69.197
-69.84
-70.651
-70.934
-71.088
-71.196
-71.226
-70.945
-70.889
-70.711
-70.41
-70.275
-70.069
-69.643
-69.479
-69.083
-69.015
-68.708
-68.558
-68.231
-67.803
-67.274
-66.626
-66.123
-65.73
-65.096
-64.532
-64.308
-64.039
-63.885
-63.684
-63.393
-63.43
-63.367
-63.331
-63.453
-63.594
-63.508
-63.404
-63.282
-63.084
-63.086
-63.134
-63.223
-63.411
-63.254
-63.161
-63.199
-63.272
-63.393
-63.557
-63.676
-63.581
-63.781
-63.768
-63.691
-63.587
-63.693
-63.782
-64.092
-64.201
-64.266
-64.26
-64.462
-64.626
-64.907
-65.204
-65.601
-65.709
-65.901
-66.349
-66.481
-66.278
-66.207
-66.096
-66.278
-66.469
-66.654
-66.501
-66.827
-67.005
-67.333
-67.501
-67.59
-67.823
-68.131
-68.296
-68.477
-68.439
-68.822
-69.07
-69.038
-69.316
-69.761
-69.667
-69.46
-69.269
-69.481
-69.44
-69.778
-69.965
-69.913
-69.917
-70.12
-70.255
-70.286
-70.632
-70.815
-70.689
-70.615
-70.925
-71.163
-71.259
-71.732
-71.805
-71.977
-72.108
-72.583
-72.679
-72.748
-72.747
-72.875
-73.089
-73.301
-73.532
-73.932
-74.297
-74.522
-74.676
-74.739
-74.861
-75.088
-75.08
-75.162
-75.399
-75.413
-75.446
-75.419
-75.585
-76.199
-76.579
-76.226
-76.654
-76.943
-77.001
-77.134
-77.141
-77.349
-77.674
-77.71
-77.83
-77.963
-78.188
-78.204
-78.356
-78.263
-78.573
-78.659
-78.927
-79.001
-78.926
-78.988
-79.235
-79.281
-79.172
-79.237
-79.419
-79.682
-79.889
-80.047
-80.188
-80.73
-80.532
-80.603
-80.932
-81.083
-81.133
-81.207
-81.377
-81.231
-81.237
-81.549
-81.539
-81.912
-82.158
-82.205
-82.145
-82.052
-82.117
-82.4
-82.356
-82.565
-82.275
-82.536
-82.836
-82.962
-83.109
-83.054
-83.518
-83.514
-83.546
-83.573
-83.759
-83.594
-83.611
-83.844
-83.993
-84.041
-83.973
-84.081
-84.403
-84.422
-84.749
-84.805
-84.992
-85.027
-85.091
-85.268
-85.393
-85.307
-85.001
-85.03
-85.404
-85.365
-85.455
-85.605
-85.746
-85.812
-85.636
-85.641
-85.808
-86.008
-85.933
-86.085
-86.168
-86.088
-85.717
-85.833
-86.019
-86.11
-85.907
-85.635
-85.617
-85.826
-85.94
-86.246
-86.18
-86.178
-86.102
-86.155
-86.041
-86.107
-86.255
-86.054
-85.894
-85.898
-86.081
-85.994
-86.091
-86.183
-86.227
-86.575
-86.452
-86.75
-86.65
-86.627
-86.596
-86.635
-86.752
-86.965
-86.934
-87.137
-87.499
-87.507
-87.596
-87.431
-87.487
-87.522
-87.539
-87.526
-87.699
-87.529
-87.384
-87.517
-87.658
-87.493
-87.726
-87.785
-87.557
-87.526
-87.637
-87.598
-87.925
-87.809
-87.99
-88.2
-88
-87.89
-88.102
-88.146
-88.521
-88.354
-88.381
-88.386
-88.452
-88.245
-88.131
-88.07
-87.93
-87.672
-87.694
-87.714
-87.753
-87.955
-87.96
-87.826
-87.849
-87.816
-88.188
-88.19
-88.184
-88.128
-88.094
-88.039
-87.923
-88.101
-88.09
-88.053
-87.738
-87.853
-87.908
-88.361
-88.492
-88.374
-88.126
-88.217
-88.447
-88.632
-88.556
-88.496
-88.428
-88.787
-88.573
-88.585
-88.594
-88.508
-88.571
-88.749
-88.763
-88.797
-88.954
-88.667
-88.815
-88.9
-88.8
-88.56
-88.745
-88.709
-88.729
-88.747
-88.659
-88.688
-88.832
-88.67
-88.468
-88.503
-88.271
-88.427
-87.944
-87.943
-88.233
-88.3
-88.434
-88.592
-88.562
-89.028
-89.257
-89.186
-89.196
-89.376
-89.3
-89.513
-89.896
-89.834
-90.035
-89.865
-89.892
-89.713
-89.51
-89.893
-89.935
-89.788
-89.985
-89.949
-90.254
-90.425
-90.396
-90.511
-90.5
-90.772
-90.751
-90.939
-90.929
-90.923
-91.133
-91.165
-90.966
-90.777
-90.813
-90.571
-90.56
-90.145
-90.239
-89.811
-89.839
-90.044
-89.821
-89.89
-89.946
-90.208
-90.141
-90.222
-90.389
-90.219
-90.202
-89.859
-89.738
-89.668
