-68.486
-68.351
-67.964
-67.994
-67.783
-67.908
-67.898
-67.879
-67.947
-68.13
-68.274
-68.363
-68.401
-68.368
-68.301
-68.407
-68.248
-68.239
-68.368
-68.302
-68.44
-68.458
-68.726
-68.768
-68.471
-68.635
-68.205
-68.203
-68.372
-68.64
-68.973
-69.073
-69.218
-69.181
-69.564
-69.389
-69.96
-70.037
-70.387
-70.5
-70.598
-70.485
-70.788
-70.875
-70.682
-70.802
-71.003
-70.874
-71.091
-71.032
-71.161
-71.084
-71.301
-70.991
-71.211
-71.341
-71.29
-71.211
-71.251
-71.369
-71.769
-72.3
-72.42
-72.368
-72.414
-72.598
-72.471
-72.613
-72.728
-72.796
-72.768
-72.578
-72.218
-71.87
-71.751
-71.378
-71.21
-70.782
-71.101
-70.851
-70.66
-70.319
-70.183
-70.126
-69.879
-69.859
-69.697
-69.42
-69.368
-69.235
-69.158
-69.25
-68.969
-69.169
-69.081
-68.969
-68.995
-68.859
-68.91
-69.169
-69.039
-68.765
-68.756
-68.799
-68.917
-69.042
-69.165
-69.174
-69.317
-69.266
-69.447
-69.223
-69.391
-69.249
-69.263
-69.177
-69.101
-69.466
-69.609
-69.806
-70.057
-70.19
-70.322
-70.098
-70.138
-70.013
-69.597
-69.338
-68.977
-68.72
-68.48
-68.659
-68.37
-68.31
-68.153
-67.666
-67.413
-67.306
-67.022
-66.82
-66.372
-66.088
-65.663
-65.398
-65.133
-64.719
-64.527
-64.378
-64.242
-63.856
-63.538
-63.259
-62.571
-62.206
-62.13
-62.144
-61.862
-61.359
-60.983
-60.453
-59.959
-59.717
-59.367
-59.189
-58.83
-58.543
-58.208
-57.697
-57.185
-56.995
-56.358
-56.049
-55.579
-55.305
-54.7
-54.137
-53.269
-52.38
-51.012
-48.811
-45
-45
-45
-45
-45
-45
-45
-45
-45
-45
-45
-45
-45
-45
-47.439
-54.342
-60.021
-64.247
-66.956
-69.324
-70.762
-71.927
-72.709
-72.99
-73.443
-73.62
-73.784
-73.994
-74.245
-74.419
-74.392
-74.732
-74.629
-74.454
-74.315
-74.027
-73.272
-72.99
-72.625
-72.341
-72.067
-71.678
-71.532
-71.196
-70.82
-70.584
-70.458
-70.323
-70.393
-70.433
-70.282
-70.665
-70.343
-70.264
-70.162
-70.139
-70.136
-70.203
-69.993
-70.023
-70.054
-70.085
-70.051
-70.235
-70.167
-70.333
-70.249
-70.364
-70.48
-70.704
-70.825
-70.989
-71.278
-71.14
-71.353
-71.134
-71.216
-71.003
-70.996
-71.398
-71.483
-71.472
-71.409
-71.428
-71.563
-71.184
-71.102
-71.074
-71.071
-71.068
-71.686
-71.848
-72.037
-72.234
-72.64
-72.608
-72.429
-72.516
-72.301
-72.308
-72.239
-72.465
-72.59
-72.605
-72.536
-72.59
-72.601
-72.475
-72.734
-73.131
-73.236
-73.407
-73.321
-73.78
-73.648
-73.939
-73.827
-73.984
-74.223
-74.252
-74.43
-74.683
-75.082
-75.4
-75.47
-75.437
-75.409
-75.574
-75.633
-75.776
-75.535
-75.386
-75.403
-75.626
-75.929
-75.911
-75.786
-75.918
-76.062
-76.206
-76.487
-76.686
-76.708
-76.888
-77.191
-76.965
-76.958
-76.984
-76.952
-77.359
-77.225
-77.302
-77.397
-77.568
-77.566
-77.672
-77.907
-77.797
-77.855
-77.686
-77.814
-77.86
-78.184
-78.331
-78.626
-78.588
-78.763
-78.844
-79.056
-79.204
-79.328
-79.329
-79.354
-79.432
-79.303
-79.288
-79.372
-79.786
-80.13
-80.369
-80.044
-80.092
-79.911
-79.868
-79.658
-79.807
-79.977
-79.986
-79.95
-80.007
-80.063
-80.213
-80.155
-80.325
-80.457
-80.347
-80.319
-80.36
-80.316
-80.218
-80.19
-80.129
-80.281
-80.791
-80.627
-80.691
-80.982
-81.224
-81.179
-81.256
-81.611
-81.472
-81.754
-81.842
-81.753
-81.817
-81.653
-81.702
-81.789
-81.758
-81.883
-81.801
-81.94
-82.042
-82.047
-82.121
-82.324
-82.406
-82.035
-82.045
-82.163
-82.486
-82.794
-82.657
-82.668
-82.782
-82.88
-83.061
-83.293
-83.32
-83.132
-83.097
-82.984
-82.722
-82.31
-81.981
-81.44
-81.099
-80.671
-80.661
-80.196
-79.92
-79.44
-79.016
-78.655
-78.392
-78.342
-78.109
-77.6
-76.898
-76.126
-75.056
-74.009
-73.078
-72.141
-71.056
-69.892
-68.701
-67.43
-66.327
-65.182
-64.27
-63.258
-62.276
-61.54
-60.944
-59.701
-58.441
-57.301
-56.383
-55.229
-53.951
-52.822
-51.004
-48.358
-45
-45
-45
-45
-45
-45
-45
-45
-45
-45
-45
-45
-45
-45
-46.922
-53.474
-59.133
-62.997
-65.901
-67.385
-68.455
-69.538
-70.102
-70.409
-70.657
-70.832
-70.732
-70.72
-70.729
-70.569
-70.592
-70.711
-70.245
-69.915
-69.9
-69.85
-69.246
-68.907
-68.799
-68.498
-68.294
-67.854
-67.411
-67.262
-66.928
-66.588
-66.328
-65.9
-65.563
-65.173
-64.904
-64.667
-64.457
-64.147
-63.896
-63.596
-63.43
-63.51
-63.526
-63.594
-63.312
-63.154
-63.159
-62.87
-62.706
-62.687
-62.737
-62.754
-62.739
-62.711
-62.574
-62.663
-63.019
-63.193
-63.204
-63.24
-62.843
-62.662
-62.456
-62.834
-62.969
-62.963
-62.88
-63.044
-63.134
-63.009
-62.91
-62.885
-63.365
-63.408
-63.773
-63.924
-64.013
-63.901
-64.129
-64.201
-64.455
-64.947
-64.814
-64.845
-65.06
-65.286
-65.647
-65.616
-65.64
-65.861
-65.981
-66.163
-66.303
-66.672
-66.557
-66.467
-66.086
-65.989
-65.87
-65.627
-65.432
-65.254
-65.183
-64.968
-64.797
-64.772
-64.656
-64.31
-64.245
-63.981
-63.756
-63.506
-63.164
-62.646
-62.224
-61.871
-61.911
-61.719
-61.553
-61.025
-60.561
-60.561
-60.568
-60.187
-60.25
-60.16
-60.171
-59.972
-60.155
-59.759
-59.797
-59.847
-59.874
-59.897
-59.867
-59.824
-59.508
-59.686
-59.612
-59.691
-59.711
-59.404
-59.506
-59.96
-60.193
-60.338
-60.571
-60.737
-60.91
-60.921
-60.866
-61.198
-61.264
-61.31
-61.571
-61.404
-61.76
-61.664
-61.778
-61.682
-61.901
-62.102
-62.317
-62.423
-62.366
-62.801
-62.956
-62.814
-63.065
-63.096
-63.073
-62.832
-62.653
-62.727
-62.725
-62.599
-62.562
-62.571
-62.474
-62.539
-62.215
-62.247
-62.107
-61.803
-61.961
-61.707
-61.487
-61.419
-61.314
-60.976
-61.279
-61.277
-61.371
-61.483
-61.126
-61.159
-61.406
-61.523
-61.481
-61.562
-61.614
-61.631
-61.879
-61.952
-61.685
-61.735
-61.734
-61.574
-61.315
-61.428
-61.791
-62.052
-62.445
-62.714
-62.403
-62.389
-62.176
-62.132
-62.204
-61.874
-61.928
-61.984
-62.439
-62.521
-62.853
-62.859
-63.377
-63.436
-63.352
-63.51
-63.722
-63.782
-63.971
-64.042
-64.279
-64.488
-64.638
-64.76
-64.797
-65.101
-65.338
-65.677
-65.737
-65.626
-66.004
-66.415
-66.478
-66.5
-66.698
-66.791
-66.776
-66.983
-67.032
-67.438
-67.639
-68.008
-68.445
-68.39
-68.574
-68.538
-68.397
-68.469
-68.241
-68.261
-68.441
-68.427
-68.692
-68.904
-69.314
-69.257
-69.198
-69.606
-69.842
-69.69
-70.146
-70.391
-70.346
-70.455
-70.664
-70.855
-71.388
-71.694
-71.82
-71.872
-72.089
-72.28
-72.413
-72.747
-72.868
-73.238
-73.446
-73.629
-73.806
-73.695
-73.932
-73.856
-73.82
-74.214
-74.012
-74.348
-74.39
-74.415
-74.346
-74.512
-74.616
-74.594
-74.777
-74.652
-74.909
-74.875
-75.011
-75.126
-75.132
-75.381
-75.58
-75.491
-75.724
-76.073
-75.834
-75.746
-75.497
-75.786
-76.256
-76.338
-76.508
-76.777
-77.086
-77.261
-77.342
-77.538
-77.701
-78.1
-78.03
-78.096
-77.99
-78.375
-78.265
-78.274
-78.325
-78.109
-78.119
-78.247
-78.369
-78.493
-78.638
-78.495
-78.703
-78.687
-78.7
-78.701
-78.477
-78.746
-78.95
-78.913
-79.019
-79.22
-79.454
-79.7
-79.911
-80.303
-80.262
-80.236
-80.306
-80.435
-80.477
-80.34
-80.549
-80.437
-80.582
-80.749
-80.762
-80.789
-80.935
-80.878
-81.081
-81.242
-81.056
-81.391
-81.507
-81.374
-81.419
-81.419
-81.275
-81.414
-81.578
-81.937
-82.023
-82.312
-82.433
-82.402
-82.257
-82.557
-82.658
-82.559
-82.658
-82.705
-82.803
-82.835
-82.739
-82.937
-82.821
-83.032
-83.271
-83.078
-83.38
-83.599
-83.754
-83.676
-83.37
-83.285
-83.437
-83.432
-83.643
-83.853
-83.999
-84.259
-84.206
-84.218
-84.014
-84.279
-84.59
-84.577
-84.295
-84.309
-84.355
-84.364
-84.593
-84.562
-84.493
-84.783
-84.776
-84.817
-84.758
-84.759
-85.088
-85.127
-85.116
-85.155
-85.164
-85.286
-85.406
-85.429
-85.195
-85.096
-85.571
-85.85
-85.968
-85.978
-85.975
-86.099
-86.079
-85.817
-85.856
-85.956
-85.885
-85.905
-85.979
-86.114
-86.163
-86.344
-86.377
-86.55
-86.751
-86.843
-86.953
-87.073
-87.068
-87.067
-86.997
-86.827
-87.063
-87.091
-87.23
-87.159
-87.142
-87.257
-87.329
-87.412
-87.415
-87.765
-88.16
-88.08
-87.955
-88.028
-88.379
-88.45
-88.456
-88.395
-88.449
-88.475
-88.513
-88.659
-88.685
-88.94
-88.722
-88.795
-88.762
-88.964
-89.016
-89.299
-89.293
-89.45
-89.221
-89.195
-89.144
-89.205
-89.212
-89.324
-89.259
-89.377
-89.319
-89.198
-89.085
-88.775
-88.787
-88.85
-88.844
-89.155
-89.338
-89.541
