-71.221
-71.105
-71.36
-71.455
-71.503
-71.997
-72.134
-72.122
-71.801
-71.813
-72.001
-72.058
-72.22
-72.532
-72.551
-72.586
-72.243
-72.21
-71.82
-71.845
-71.868
-72.095
-72.465
-72.515
-72.324
-72.356
-72.199
-72.158
-72.394
-72.423
-72.376
-72.744
-72.702
-72.68
-73.261
-74.557
-75.862
-77.131
-77.971
-78.474
-79.049
-79.235
-79.454
-79.592
-79.864
-79.911
-79.961
-80.014
-79.909
-79.968
-79.973
-80.239
-80.127
-80.106
-79.878
-79.818
-79.739
-79.907
-80.209
-80.439
-80.461
-80.269
-79.828
-79.589
-79.503
-79.12
-78.921
-78.606
-78.564
-78.796
-78.68
-78.748
-78.752
-78.891
-78.975
-78.895
-79.247
-79.19
-78.991
-79.087
-79.178
-79.187
-79.137
-78.961
-79.039
-78.989
-79.075
-79.354
-79.618
-79.582
-79.556
-79.57
-79.57
-79.475
-79.415
-78.966
-78.674
-78.527
-78.29
-77.859
-77.9
-77.65
-77.317
-77.174
-77.134
-76.941
-76.375
-76.274
-76.235
-76.237
-76.357
-76.181
-75.852
-75.697
-75.926
-76.034
-76.091
-76.169
-76.109
-76.176
-76.164
-76.214
-76.336
-76.218
-76.385
-76.476
-76.56
-76.107
-76.143
-76.226
-76.432
-76.632
-76.797
-76.719
-76.732
-76.804
-76.725
-77.255
-77.388
-77.267
-77.344
-77.361
-77.286
-77.34
-77.338
-77.328
-77.015
-76.723
-76.443
-76.793
-76.748
-76.795
-76.958
-77.129
-77.057
-77.18
-77.352
-77.4
-77.526
-77.447
-77.467
-77.058
-77.072
-76.592
-76.453
-76.231
-76.136
-76.018
-75.65
-75.57
-75.349
-75.835
-76.046
-76.084
-75.934
-76.105
-76.086
-76.113
-75.688
-75.416
-75.088
-74.857
-74.816
-74.296
-74.142
-73.919
-73.942
-73.882
-73.812
-74.039
-73.977
-74.287
-74.374
-74.509
-74.63
-75.034
-75.37
-75.715
-75.164
-75.475
-75.615
-75.533
-75.503
-75.334
-75.092
-74.714
-74.647
-74.459
-74.118
-74.043
-73.528
-73.319
-73.38
-73.114
-72.89
-73.058
-73.181
-73.092
-73.087
-73.352
-73.439
-73.545
-73.588
-73.729
-74.162
-74.495
-74.906
-74.989
-75.044
-74.871
-75.155
-75.466
-75.477
-75.594
-75.645
-75.935
-76.332
-76.444
-76.463
-76.448
-76.22
-76.23
-75.987
-75.834
-75.709
-75.664
-75.551
-75.434
-75.415
-75.257
-75.217
-75.115
-75.305
-75.084
-75.272
-75.232
-75.482
-75.711
-75.609
-75.579
-75.968
-76.106
-76.224
-76.282
-76.079
-76.114
-76.242
-76.456
-76.267
-76.708
-76.888
-77.056
-77.06
-76.934
-77.134
-77.118
-77.124
-77.202
-77.276
-77.234
-77.289
-77.421
-77.488
-77.647
-77.846
-77.664
-77.762
-77.773
-77.645
-77.628
-77.536
-77.684
-77.882
-77.998
-78.165
-78.276
-77.963
-77.782
-77.919
-77.477
-77.311
-77.006
-76.663
-76.494
-76.286
-76.224
-76.271
-75.999
-75.688
-75.698
-75.498
-75.495
-75.464
-75.541
-75.651
-75.987
-75.809
-75.727
-75.89
-75.67
-75.525
-75.749
-75.642
-75.717
-75.926
-76.231
-76.304
-76.489
-76.33
-76.419
-76.564
-76.474
-76.531
-76.58
-76.607
-76.667
-76.871
-76.959
-77.188
-77.079
-77.098
-77.27
-77.404
-77.272
-77.376
-77.618
-77.67
-77.886
-77.933
-77.594
-77.707
-77.546
-77.567
-78.041
-78.158
-78.108
-78.261
-78.449
-78.677
-78.897
-78.789
-78.882
-78.854
-78.983
-79.153
-79.503
-79.686
-79.642
-79.755
-80.254
-80.462
-80.391
-80.504
-80.587
-80.368
-80.37
-80.137
-80.379
-80.551
-80.577
-80.667
-80.765
-80.717
-80.759
-80.831
-80.805
-80.967
-80.91
-80.899
-81.061
-80.72
-81.152
-81.195
-81.175
-80.959
-81.012
-80.935
-80.803
-80.786
-80.762
-80.687
-80.85
-80.982
-80.901
-80.838
-81.184
-81.052
-81.061
-81.275
-81.27
-81.135
-81.624
-81.626
-81.832
-81.7
-82.109
-81.948
-81.949
-82.255
-82.234
-82.253
-82.376
-82.295
-82.258
-82.198
-82.273
-82.377
-82.325
-82.183
-82.312
-82.218
-81.927
-81.76
-81.321
-81.198
-80.743
-80.531
-79.81
-78.983
-78.092
-76.537
-74.772
-72.702
-71.044
-69.338
-67.656
-65.851
-63.802
-62.071
-60.412
-58.622
-57.088
-55.841
-54.544
-53.422
-51.821
-49.592
-45.402
-45
-45
-45
-45
-45
-45
-45
-45
-45
-45
-45.464
-58.423
-67.665
-72.907
-75.567
-76.879
-77.534
-77.673
-77.706
-77.892
-77.802
-77.678
-77.371
-77.493
-77.586
-77.588
-77.479
-77.401
-77.526
-77.311
-77.253
-77.12
-76.848
-76.977
-76.859
-77.037
-76.801
-76.799
-77.098
-77.25
-77.234
-77.348
-77.629
-77.866
-77.813
-77.981
-78.1
-77.773
-77.634
-77.682
-77.511
-77.622
-77.604
-77.287
-77.08
-76.97
-76.662
-76.432
-76.242
-75.967
-75.781
-75.941
-76.016
-76.016
-76.126
-75.973
-75.826
-75.574
-75.615
-75.039
-74.584
-74.415
-74.263
-74.029
-73.914
-73.885
-73.721
-73.664
-73.632
-73.438
-73.108
-72.6
-71.856
-71.232
-70.807
-70.461
-70.19
-70.006
-69.929
-69.817
-69.738
-69.929
-70.017
-70.217
-70.261
-70.512
-70.646
-70.902
-70.96
-71.273
-71.359
-71.463
-71.835
-71.968
-72.281
-72.482
-72.982
-73.306
-73.603
-73.841
-74.056
-74.049
-73.93
-73.725
-73.855
-74.013
-73.913
-73.947
-74.277
-74.099
-74.407
-74.603
-74.808
-74.908
-74.997
-74.86
-74.992
-75.364
-75.44
-75.348
-75.718
-76.481
-77.004
-77.625
-78.03
-78.278
-78.61
-78.89
-78.802
-78.703
-78.968
-79.091
-78.872
-78.851
-79.075
-79.257
-79.344
-79.359
-79.584
-79.636
-79.894
-79.877
-80.013
-79.933
-79.682
-79.701
-79.403
-79.35
-79.321
-79.036
-78.92
-78.749
-78.737
-78.822
-78.656
-78.411
-78.473
-78.53
-78.591
-78.824
-78.683
-78.726
-79.188
-79.083
-79.179
-79.017
-78.962
-79.221
-79.35
-79.319
-79.448
-79.531
-79.587
-79.396
-79.533
-79.497
-79.578
-79.572
-79.472
-79.385
-79.416
-79.416
-79.441
-79.488
-79.599
-79.681
-79.725
-79.766
-79.752
-79.866
-79.945
-79.696
-79.705
-79.582
-79.777
-79.803
-79.877
-80.095
-79.834
-79.962
-80
-80.063
-79.927
-79.664
-79.732
-79.657
-79.865
-79.892
-79.869
-79.825
-80.122
-79.928
-79.701
-79.559
-79.645
-79.201
-79.123
-78.908
-78.596
-78.607
-78.659
-78.727
-78.763
-78.524
-78.239
-78.148
-78.241
-78.231
-78.484
-78.554
-78.676
-78.651
-78.62
-78.618
-78.578
-78.971
-78.971
-79.155
-79.08
-78.76
-78.624
-78.743
-78.571
-78.603
-78.761
-78.764
-78.534
-78.416
-78.612
-78.909
-79.029
-78.911
-78.936
-79.006
-79.194
-79.442
-79.368
-79.497
-79.406
-79.398
-79.256
-79.154
-78.997
-79.241
-79.225
-79.303
-79.368
-79.507
-79.312
-79.371
-79.693
-79.614
-79.616
-79.387
-79.577
-79.587
-79.704
-79.93
-80.02
-80.162
-79.77
-79.837
-79.912
-79.737
-79.547
-79.429
-79.249
-79.235
-79.548
-79.522
-79.597
-79.796
-79.388
-79.549
-79.42
-79.768
-79.785
-79.877
-79.991
-80.051
-79.799
-79.923
-80.087
-80.356
-80.447
-80.625
-80.599
-80.691
-80.58
-80.613
-80.738
-80.419
-80.449
-80.703
-80.457
-80.357
-80.48
-80.699
-80.544
-80.342
-80.347
-80.239
-80.15
-80.306
-80.117
-80.113
-80.335
-80.26
-80.426
-80.54
-80.271
-80.246
-80.296
-80.385
-80.167
-80.243
-80.254
-80.475
-80.367
-80.46
-80.291
-80.546
-80.808
-80.719
-80.556
-80.764
-80.674
-80.985
-80.921
-80.783
-80.693
-80.602
-80.732
-80.749
-80.69
-80.697
-80.661
-80.466
-80.548
-80.31
-80.237
-80.269
-80.24
-80.194
-80.389
-80.534
-80.619
-80.587
-80.583
-80.41
-80.538
-80.522
-80.592
-80.583
-80.765
-80.98
-80.968
-81.021
-80.901
-80.972
-81.031
-81.277
-81.297
-81.354
-81.539
-81.49
-81.277
-81.167
-81.569
-81.606
-81.436
-81.655
-81.402
-81.386
-81.647
-81.541
-81.534
-81.531
-81.269
-81.43
-81.442
-81.275
-81.378
-81.38
-81.359
-81.246
-81.251
-81.376
-81.113
-81.179
-81.36
-81.206
-81.032
-81.09
-80.962
-80.911
-80.901
-81.055
-81.263
-81.472
-81.082
-81.008
-80.98
-80.852
-81.015
-81.358
-81.487
-81.498
-81.669
-81.703
-81.809
-82.136
-81.925
-81.681
-81.522
-81.543
-81.614
-81.519
-81.536
-81.343
-81.149
-81.359
-81.3
-81.416
-81.177
-81.118
-80.846
-80.887
-81.006
-80.967
-81.059
-80.922
-80.817
-80.721
-80.898
-81.107
-81.027
-80.899
-80.866
-80.826
-81.136
-81.323
-81.301
-81.268
-81.47
-81.377
-81.354
-81.181
-81.208
-81.007
-80.921
-80.853
-80.743
-80.668
-80.703
-80.838
-80.928
-81.041
-81.097
-81.429
-81.212
-80.844
-80.783
-80.839
-80.984
-81.171
-81.326
-81.023
-80.921
-80.71
-80.786
-80.738
-80.852
-80.824
-81.098
-81.054
-81.045
-81.535
-81.491
-81.594
-81.709
-81.474
-81.44
-81.454
-81.291
-81.481
-81.507
-81.451
-81.485
-81.641
-81.794
-81.86
-81.948
-81.929
-81.614
-81.762
-81.866
-81.702
-81.617
-81.932
-81.947
-81.893
-81.786
-81.989
-82.191
-81.922
-81.889
-81.61
-81.509
-81.646
-81.673
-81.689
-81.714
