-88.296
-88.411
-88.407
-88.549
-88.331
-88.588
-88.593
-88.912
-89.067
-88.94
-88.812
-88.825
-88.808
-89.081
-89.212
-88.868
-89.011
-88.873
-89.03
-89.322
-89.5
-89.527
-89.409
-89.526
-89.608
-89.741
-89.975
-89.872
-89.933
-89.95
-90.091
-90.155
-90.497
-90.394
-90.705
-90.956
-91.13
-91.577
-91.63
-91.756
-91.765
-91.978
-92.119
-92.261
-92.302
-92.678
-92.272
-92.697
-92.777
-92.78
-92.629
-92.666
-92.407
-92.419
-92.418
-92.685
-92.665
-92.692
-92.588
-92.366
-92.412
-92.453
-92.234
-92.389
-92.324
-92.147
-92.606
-92.61
-92.714
-92.503
-92.562
-92.487
-92.662
-93.048
-93.239
-93.301
-93.14
-92.99
-92.84
-92.85
-92.829
-93.002
-93.096
-93.176
-93.368
-93.516
-93.631
-93.818
-94.018
-94.016
-94.278
-94.292
-94.554
-94.594
-94.76
-94.934
-94.825
-94.644
-94.754
-94.398
-94.305
-94.174
-94.075
-94.059
-93.944
-94.184
-93.966
-93.76
-93.645
-93.534
-93.66
-93.784
-94.005
-94.192
-93.942
-94.157
-93.966
-94.062
-94.277
-93.893
-94.183
-94.049
-94.069
-93.88
-94.135
-94.13
-94.288
-94.472
-94.499
-94.756
-94.653
-94.8
-94.356
-94.198
-94.254
-94.169
-94.006
-94.306
-94.309
-93.969
-94.04
-93.893
-93.97
-94.147
-94.198
-94.059
-93.965
-94.114
-93.986
-93.954
-93.976
-93.847
-93.908
-93.888
-93.654
-94.09
-94.32
-94.654
-94.647
-94.749
-94.809
-94.814
-94.845
-94.905
-94.808
-94.812
-94.905
-94.9
-94.84
-94.836
-94.817
-94.646
-94.579
-94.528
-94.632
-94.632
-94.596
-94.519
-94.275
-94.31
-94.48
-94.524
-94.627
-94.569
-94.581
-94.312
-94.396
-94.452
-94.64
-94.449
-94.401
-94.568
-94.684
-94.729
-94.801
-94.548
-94.656
-94.892
-94.955
-94.763
-94.863
-95.044
-95.401
-95.522
-95.359
-95.295
-95.233
-95.421
-95.351
-95.668
-95.692
-95.516
-95.253
-95.405
-95.508
-95.569
-95.654
-95.484
-95.701
-95.525
-95.637
-95.628
-95.755
-95.991
-96.075
-96.118
-96.456
-96.63
-96.559
-96.868
-96.931
-96.977
-96.875
-96.858
-97.249
-97.182
-97.314
-97.282
-97.057
-96.705
-96.277
-95.71
-95.218
-94.637
-94.156
-93.669
-92.948
-92.255
-91.643
-90.875
-90.123
-89.344
-88.646
-88.033
-87.274
-86.731
-86.033
-85.582
-84.875
-84.531
-83.917
-83.633
-83.586
-83.395
-83.049
-82.629
-82.234
-81.855
-81.694
-81.247
-81.208
-80.871
-80.702
-80.587
-80.263
-80.097
-79.926
-79.578
-79.762
-79.951
-79.707
-79.554
-79.495
-79.327
-79.512
-79.659
-79.436
-79.349
-79.37
-79.373
-79.272
-79.363
-79.303
-79.713
-79.672
-79.782
-79.945
-79.86
-80.072
-79.975
-80.038
-80.315
-80.087
-79.874
-79.682
-79.226
-78.969
-78.377
-77.811
-76.981
-76.051
-75.4
-74.764
-74
-73.584
-73.267
-72.538
-71.699
-71.142
-70.505
-69.682
-68.947
-68.606
-67.838
-67.539
-67.103
-66.469
-66.347
-65.802
-65.86
-65.861
-65.778
-65.557
-65.209
-64.936
-64.748
-64.73
-64.616
-64.733
-64.518
-64.766
-64.624
-64.408
-64.375
-64.096
-63.972
-63.704
-63.501
-63.553
-63.213
-63.274
-63.278
-63.476
-63.294
-63.459
-63.325
-63.191
-62.877
-62.716
-62.404
-62.28
-61.843
-61.674
-61.369
-61.329
-61.288
-61.192
-60.919
-60.813
-60.61
-60.442
-60.585
-60.794
-60.977
-61.036
-60.784
-60.831
-60.66
-60.517
-60.617
-60.789
-60.919
-60.684
-60.622
-59.895
-59.398
-58.376
-57.223
-55.888
-54.378
-52.857
-50.656
-47.419
-45
-45
-45
-45
-45
-45
-45
-45
-45
-45
-45
-45
-45
-45
-48.156
-53.967
-59.025
-62.662
-64.855
-66.133
-66.865
-67.359
-67.523
-67.722
-67.781
-67.517
-67.111
-66.233
-65.689
-64.729
-63.749
-62.933
-62.022
-61.12
-59.987
-59.294
-58.604
-57.946
-57.084
-56.03
-54.928
-53.677
-52.283
-50.592
-48.091
-45
-45
-45
-45
-45
-45
-45
-45
-45
-45
-45
-45
-45
-45
-47.505
-52.996
-57.016
-59.868
-61.25
-62.058
-62.165
-62.211
-61.744
-61.147
-60.232
-59.379
-58.574
-57.681
-56.793
-56.302
-55.688
-55.085
-54.371
-53.366
-52.385
-51.577
-50.342
-48.736
-46.198
-45
-45
-45
-45
-45
-45
-45
-45
-45
-45
-45
-45
-45
-47.538
-53.345
-57.994
-61.443
-63.839
-65.34
-65.585
-65.994
-65.878
-65.475
-65.181
-64.645
-64.049
-63.138
-62.037
-60.865
-59.892
-59.023
-57.996
-56.818
-56.103
-55.295
-54.303
-53.431
-52.741
-51.75
-50.385
-48.568
-45.473
-45
-45
-45
-45
-45
-45
-45
-45
-45
-45
-45
-45
-45
-45.531
-50.609
-54.75
-57.924
-59.682
-60.752
-61.362
-61.327
-60.959
-60.17
-59.783
-59.099
-58.65
-57.868
-57.177
-56.43
-55.763
-55.09
-54.598
-54.048
-53.501
-52.933
-52.149
-51.208
-49.949
-48.34
-45.988
-45
-45
-45
-45
-45
-45
-45
-45
-45
-45
-45
-45
-45
-48.545
-54.073
-58.6
-61.811
-64.044
-65.5
-66.032
-66.542
-66.652
-66.367
-65.893
-65.347
-65.21
-64.893
-64.281
-63.649
-62.954
-62.683
-62.081
-61.59
-61.233
-60.519
-59.951
-59.23
-58.75
-58.299
-57.83
-57.26
-57.042
-56.73
-56.361
-55.997
-55.483
-55.25
-54.794
-54.739
-54.128
-53.898
-53.458
-52.901
-52.205
-51.24
-50.279
-48.203
-45
-45
-45
-45
-45
-45
-45
-45
-45
-45
-45
-45
-45
-45
-49.525
-56.255
-61.12
-64.542
-67.204
-68.765
-69.779
-70.732
-71.189
-71.556
-71.83
-71.979
-72.004
-72.118
-72.114
-72.348
-72.549
-72.22
-72.684
-72.623
-72.769
-72.865
-72.528
-72.183
-71.967
-71.76
-71.537
-71.369
-71.096
-70.702
-70.035
-69.492
-68.964
-68.227
-67.538
-67.009
-66.287
-65.711
-65.369
-64.829
-64.515
-64.389
-64.19
-64.237
-63.904
-63.648
-63.396
-63.335
-63.466
-63.282
-63.427
-63.654
-63.833
-63.616
-63.681
-63.83
-63.964
-63.737
-63.727
-63.85
-63.95
-64.099
-64.335
-64.256
-64.334
-64.318
-64.269
-64.553
-64.428
-64.667
-65.004
-65.173
-65.569
-65.57
-65.669
-65.889
-66.101
-66.454
-66.478
-66.523
-66.783
-67.059
-67.297
-67.463
-67.519
-67.417
-67.553
-67.843
-68.233
-68.454
-68.753
-69.116
-69.689
-70.123
-70.389
-70.574
-71.006
-71.341
-71.38
-71.642
-71.963
-71.934
-71.972
-71.961
-71.978
-71.702
-71.181
-71.036
-71.015
-70.731
-70.714
-70.9
-71.003
-70.96
-71.02
-71.042
-71.263
-71.417
-71.332
-71.486
-71.717
-71.765
-71.753
-71.894
-72.183
-72.193
-72.254
-72.075
-71.866
-72.14
-71.968
-72.142
-72.302
-72.474
-72.507
-72.457
-72.539
-72.719
-72.938
-73.024
-73.394
-73.45
-74.046
-74.063
-74.189
-74.687
-74.834
-74.91
-75.273
-75.622
-75.996
-75.934
-76.17
-76.563
-76.586
-77.179
-77.097
-77.261
-77.399
-77.61
-77.57
-77.638
-77.813
-78.225
-78.558
-78.546
-78.63
-78.336
-78.169
-78.304
-78.489
-78.752
-79.17
-79.486
-79.468
-79.84
-79.955
-80.051
-80.253
-80.49
-80.529
-80.695
-81.125
-81.222
-81.285
-81.631
-81.838
-82.078
-82.246
-82.347
-82.294
-82.27
-82.453
-82.463
-82.596
-82.862
-82.75
-82.939
-83.165
-83.079
-82.722
-82.971
-83.196
-83.168
-83.365
-83.647
-84.08
-84.32
-84.428
-84.474
-84.278
-84.517
-84.663
-84.599
-84.637
-84.792
-85.06
-85.118
-85.268
-85.228
-85.476
-85.708
-85.272
-85.113
-85.156
-85.332
-85.126
-85.247
-85.268
-85.5
-85.756
-85.917
-86.2
-86.097
-86.209
-86.166
-86.333
-86.471
-86.686
-86.762
-86.61
-87.03
-87.166
-87.365
-87.376
-87.478
-87.358
-87.311
-87.264
-87.541
-87.755
-87.665
-87.367
-87.353
-87.404
-87.78
-87.67
-87.599
-87.741
-87.678
-87.883
-87.681
-87.538
-87.614
-87.75
-87.938
-87.853
-88.216
-88.281
-88.531
-88.68
-88.75
-88.834
-88.888
-89.19
-89.173
-89.161
-89.24
-89.515
-89.47
-89.724
-89.827
-89.938
-90.101
-90.12
-90.123
-90.299
-90.259
-90.55
-90.749
-90.675
-90.799
-90.519
-90.632
-90.642
-90.568
-90.393
-90.466
-90.496
-90.761
-90.717
-90.584
-90.984
-90.943
-91.067
-90.992
-91.033
-91.118
-91.143
-91.171
-91.238
-91.403
-91.473
-91.594
-91.72
-91.654
-91.642
-91.52
-91.405
-91.344
-91.271
-91.4
-91.323
-91.134
-90.88
-90.934
-91.015
-91.033
-91.252
-91.309
-91.427
-91.261
-91.15
-91.498
-91.444
-91.563
-91.48
-91.599
-91.72
-91.832
-91.947
-92.073
-91.998
-92.264
-92.582
-92.435
-92.211
-92.315
-92.421
-92.704
-92.729
-92.438
-92.557
-92.616
-92.709
-92.653
-92.743
-92.703
-92.569
-92.489
-92.339
-92.316
-92.35
-92.491
-92.446
-92.454
-92.342
-92.556
-92.602
-92.399
-92.624
