-80.669
-80.299
-80.17
-80.204
-80.252
-80.184
-80.054
-80.128
-80.317
-80.282
-80.213
-80.211
-80.378
-80.396
-80.312
-80.349
-80.119
-80.358
-80.206
-80.136
-80.231
-80.091
-80.238
-80.19
-80.046
-80.227
-80.117
-80.082
-80.345
-80.417
-80.407
-80.536
-80.508
-80.506
-80.563
-80.347
-80.237
-79.914
-79.84
-79.734
-79.548
-79.648
-79.582
-79.546
-79.594
-79.573
-79.524
-79.417
-79.095
-79.066
-78.945
-79.168
-79.299
-79.283
-79.351
-79.279
-79.519
-79.435
-79.703
-79.496
-79.421
-79.454
-79.356
-79.519
-79.664
-79.612
-79.428
-80.039
-80.42
-80.156
-80.415
-80.69
-80.906
-81.093
-80.883
-80.973
-81.222
-81.404
-81.334
-81.564
-81.419
-81.449
-81.619
-81.72
-81.364
-81.405
-81.832
-81.734
-81.678
-81.699
-81.769
-81.562
-81.693
-81.524
-81.678
-81.485
-81.78
-81.585
-81.225
-81.064
-81.045
-81.193
-81.058
-81.22
-81.174
-80.989
-81.095
-81.21
-81.071
-81.208
-81.003
-80.771
-80.686
-80.457
-80.37
-80.141
-80.141
-79.893
-79.648
-79.835
-79.782
-80.105
-80.119
-80.117
-80.059
-80.081
-80.155
-80.226
-80.202
-80.356
-80.443
-80.248
-80.256
-80.532
-80.438
-80.392
-80.396
-80.525
-80.772
-80.806
-80.655
-80.484
-80.584
-80.733
-80.714
-80.808
-80.723
-80.989
-81.103
-80.978
-80.996
-81.049
-80.896
-81.011
-81.018
-81.074
-80.759
-80.863
-81.066
-81.182
-81.184
-81.419
-81.318
-81.166
-81.204
-81.093
-80.917
-80.802
-80.652
-80.935
-80.854
-80.626
-80.503
-80.539
-80.969
-81.064
-81.145
-80.991
-81.021
-81.141
-81.095
-81.207
-81.044
-81.199
-81.503
-81.347
-81.189
-81.042
-81.035
-80.948
-80.989
-80.9
-80.572
-80.846
-80.888
-80.735
-80.576
-80.598
-80.619
-80.636
-80.387
-80.467
-80.49
-80.477
-80.665
-80.376
-80.155
-80.462
-80.232
-80.441
-80.365
-80.018
-80.104
-80.411
-80.344
-80.293
-80.188
-80.038
-79.98
-79.854
-79.783
-79.899
-79.935
-79.752
-79.818
-80.123
-80.027
-79.53
-79.199
-79.139
-79.191
-79.478
-79.384
-79.294
-79.426
-79.156
-79.276
-79.418
-79.299
-79.228
-79.296
-79.189
-79.044
-79.053
-78.984
-79.034
-78.844
-78.506
-78.209
-77.524
-77.037
-76.791
-76.482
-75.849
-75.142
-74.797
-74.59
-74.267
-73.949
-73.957
-73.632
-73.502
-73.03
-73.229
-73.079
-72.762
-72.537
-72.344
-72.27
-72.147
-72.161
-72.214
-72.093
-72.176
-72.501
-72.596
-72.574
-72.466
-72.106
-71.89
-72.092
-71.736
-71.711
-71.683
-71.69
-71.688
-71.726
-71.626
-71.556
-71.671
-72.002
-72.122
-72.377
-72.337
-72.469
-72.477
-72.338
-72.393
-72.137
-72.294
-72.479
-72.631
-72.614
-72.437
-72.442
-72.122
-71.908
-71.527
-71.346
-70.98
-70.718
-70.362
-69.996
-69.792
-69.533
-69.269
-69.561
-69.555
-69.262
-68.994
-68.942
-68.476
-68.564
-68.549
-68.276
-68.08
-67.809
-67.875
-67.771
-67.829
-67.702
-67.607
-67.757
-67.706
-67.804
-67.768
-67.614
-67.137
-67.108
-67.259
-67.426
-67.49
-67.377
-67.398
-67.375
-67.203
-67.142
-66.99
-66.716
-66.616
-66.553
-66.454
-66.223
-66.278
-66.246
-65.659
-65.273
-64.678
-64.344
-64.458
-63.937
-63.733
-63.627
-63.619
-63.244
-62.907
-62.636
-62.6
-62.332
-62.337
-62.176
-62.071
-63.822
-66.599
-70.039
-72.324
-74.291
-75.301
-76.09
-76.895
-77.332
-77.845
-77.879
-77.09
-76.382
-75.752
-75.245
-74.666
-74.132
-73.819
-73.554
-73.122
-73.352
-73.092
-72.818
-72.761
-72.703
-72.765
-72.612
-72.357
-72.384
-72.608
-72.759
-72.671
-72.718
-72.985
-73.262
-73.47
-73.824
-73.61
-73.613
-73.58
-73.45
-73.521
-73.272
-72.916
-72.812
-72.784
-72.54
-72.53
-72.549
-72.855
-72.9
-72.55
-72.306
-71.956
-72.084
-72.398
-72.618
-73.034
-73.444
-73.578
-73.681
-74.01
-74.108
-74.248
-74.654
-74.698
-75.018
-75.081
-75.286
-75.167
-75.646
-75.992
-75.983
-76.196
-76.35
-76.327
-76.013
-75.481
-75.314
-75.281
-74.884
-74.197
-73.613
-73.329
-72.375
-72.012
-71.469
-71.596
-71.327
-71.2
-71.24
-71.241
-71.131
-71.027
-71.084
-71.172
-71.204
-71.395
-71.523
-71.703
-71.664
-72.008
-72.369
-72.594
-72.66
-72.848
-72.921
-73.004
-73.429
-73.414
-73.358
-73.392
-73.095
-73.303
-73.167
-73.36
-73.375
-73.207
-73.245
-73.038
-72.947
-72.914
-72.717
-72.661
-72.345
-72.468
-72.405
-72.501
-72.434
-72.574
-72.978
-72.924
-72.945
-73.121
-72.912
-72.66
-72.506
-72.582
-72.829
-72.655
-72.647
-72.902
-73.01
-73.012
-72.617
-72.871
-72.88
-72.81
-73.007
-73.184
-73.053
-72.659
-72.61
-72.841
-72.712
-72.73
-72.786
-72.984
-73.303
-73.281
-73.478
-73.932
-74.161
-74.308
-74.562
-74.817
-74.741
-74.685
-74.49
-74.783
-74.792
-75.253
-75.284
-74.796
-74.808
-74.496
-74.184
-73.659
-72.767
-71.751
-71.255
-70.815
-70.42
-69.845
-69.56
-69.518
-69.488
-69.524
-69.537
-69.682
-69.665
-69.964
-69.907
-69.821
-69.793
-69.751
-69.91
-69.738
-69.774
-69.842
-70.114
-70.211
-70.366
-70.539
-70.93
-70.998
-70.94
-71.09
-71.691
-71.739
-72.018
-71.866
-72.233
-72.439
-72.542
-72.773
-72.603
-73.112
-73.464
-73.936
-73.95
-73.891
-74.154
-74.049
-74.166
-74.396
-74.84
-74.526
-74.626
-74.485
-74.061
-73.692
-73.462
-73.468
-73.393
-73.146
-72.842
-72.576
-72.183
-72.04
-71.907
-71.899
-71.876
-71.364
-70.94
-70.951
-70.751
-70.929
-70.814
-70.673
-70.381
-70.108
-69.8
-69.491
-69.379
-68.79
-68.396
-68.185
-68.031
-68.022
-68.132
-68.003
-67.65
-67.631
-67.66
-67.964
-67.864
-67.941
-67.757
-67.818
-68.119
-68.562
-68.867
-69.033
-69.139
-69.596
-69.95
-70.213
-70.316
-70.21
-70.357
-70.627
-70.586
-70.819
-70.893
-71.114
-71.524
-71.63
-71.916
-72.093
-72.14
-72.265
-72.505
-72.893
-72.802
-72.839
-72.676
-72.814
-73.05
-73.342
-73.336
-73.555
-73.542
-73.506
-73.417
-73.065
-73.096
-73.133
-73.195
-73.087
-72.912
-73.072
-72.865
-72.61
-72.517
-72.349
-72.34
-72.487
-72.424
-72.685
-72.691
-72.814
-73.007
-72.865
-73.349
-73.358
-73.373
-73.279
-73.228
-73.245
-73.544
-73.69
-73.893
-73.928
-74.066
-74.042
-74.179
-74.414
-74.233
-74.362
-74.403
-74.276
-74.444
-74.485
-74.763
-74.57
-74.389
-74.349
-74.405
-74.393
-74.799
-75.003
-75.002
-74.952
-74.672
-74.712
-74.709
-74.67
-74.579
-74.473
-74.735
-74.718
-74.797
-74.722
-75.026
-75.253
-75.248
-75.169
-75.04
-75.378
-75.333
-75.295
-75.455
-75.568
-75.701
-75.559
-75.787
-75.86
-75.963
-76.122
-76.353
-76.334
-76.216
-76.082
-76.064
-76.022
-76.064
-76.07
-76.336
-76.28
-76.389
-76.188
-76.245
-76.345
-76.35
-76.18
-75.991
-76.116
-76.273
-76.651
-76.625
-76.621
-76.565
-76.411
-76.505
-76.711
-76.814
-76.829
-76.78
-76.82
-77.014
-77.073
-77.109
-77.089
-77.389
-77.299
-77.368
-77.865
-77.934
-77.969
-77.784
-77.722
-77.974
-78.242
-78.371
-78.354
-78.205
-77.853
-78.145
-78.127
-77.926
-78.235
-78.114
-78.301
-78.249
-78.312
-78.359
-78.366
-78.439
-78.713
-78.882
-78.912
-79.088
-79.108
-79.237
-78.813
-78.513
-78.246
-78.466
-78.282
-78.325
-78.513
-79.035
-79.088
-79.194
-79.413
-79.495
-79.191
-79.5
-79.529
-79.687
-79.662
-80.058
-80.043
-79.794
-79.804
-79.74
-79.759
-79.765
-79.74
-79.95
-80.129
-80.408
-80.417
-80.382
-80.662
-80.898
-80.815
-80.903
-80.821
-80.638
-80.547
-80.45
-80.525
-81.028
-81.1
-81.108
-81.293
-81.387
-81.524
-81.399
-81.456
-81.297
-81.247
-80.984
-80.993
-81.081
-81.238
-81.188
-80.885
-81.182
-81.338
-81.445
-81.377
-81.383
-81.308
-81.295
-81.595
-81.396
-81.124
-81.246
-81.278
-81.297
-81.45
-81.327
-81.359
-81.037
-80.742
-80.842
-80.956
-80.75
-80.616
-80.562
-80.652
-80.626
-80.751
-80.515
-80.621
-80.525
-80.307
-80.291
-80.302
-80.51
-80.417
-80.259
-80.347
-80.376
-80.589
-80.368
-80.233
-80.164
-80.383
-80.346
-80.694
-80.72
-80.739
-80.604
-80.638
-80.755
-80.76
-80.976
-80.942
-80.91
-80.746
-80.898
-80.944
-81.086
-81.164
-81.266
-81.346
-81.344
-81.236
-81.366
-81.379
-81.4
-81.496
-81.385
-81.492
-81.175
-81.175
-81.176
-81.272
-81.01
-81.348
-81.513
-81.699
-82.004
-81.748
-81.857
-82.088
-82.188
-82.274
-82.321
-82.575
-82.557
-82.647
-82.506
-82.344
-82.454
-82.056
-82.109
-82.095
-82.249
-82.218
-82.137
-81.914
-82.008
-81.888
-81.935
-82.214
-82.447
-82.383
-82.566
-82.612
-82.871
-82.882
-82.976
-82.824
-83.111
-82.908
-82.925
-83.011
-83.159
-83.342
-83.501
-83.612
-83.951
-84.216
-84.235
-84.053
-84.153
-84.18
-84.266
-84.269
-84.321
-84.476
-84.463
-84.387
-84.281
