-80.104
-80.068
-80.081
-79.946
-79.577
-79.67
-79.729
-79.859
-79.704
-79.823
-79.896
-79.787
-79.726
-79.756
-79.782
-79.7
-79.583
-79.623
-79.754
-79.793
-79.92
-79.697
-79.72
-79.693
-79.469
-79.422
-79.299
-79.308
-79.106
-79.074
-78.875
-78.87
-78.763
-78.742
-78.946
-79.072
-79.096
-79.275
-79.153
-79.068
-79.125
-79.138
-79.181
-79.147
-79.113
-78.932
-78.987
-79.386
-79.299
-79.141
-79.32
-79.416
-79.384
-79.182
-79.195
-79.023
-79.23
-79.289
-79.258
-79.691
-80.001
-79.878
-79.855
-79.555
-79.741
-79.74
-79.615
-79.628
-79.53
-79.521
-79.682
-79.746
-79.7
-79.791
-79.734
-79.887
-79.584
-79.601
-79.667
-79.603
-79.947
-80.105
-80.074
-80.144
-80.171
-80.17
-79.671
-79.711
-79.631
-79.815
-79.626
-79.703
-79.754
-79.609
-79.553
-79.496
-79.455
-79.293
-79.33
-79.287
-79.51
-79.564
-79.373
-79.165
-79.281
-79.517
-79.623
-79.482
-79.23
-79.267
-79.209
-79.235
-79.352
-79.317
-79.318
-79.472
-79.539
-79.606
-79.853
-79.666
-79.471
-79.322
-79.157
-79.275
-79.189
-79.041
-79.133
-79.399
-79.353
-79.275
-79.433
-79.292
-79.599
-79.544
-79.47
-79.932
-79.882
-79.883
-79.766
-79.66
-79.674
-79.579
-79.559
-79.587
-79.609
-79.468
-79.29
-79.054
-79.063
-79.269
-79.081
-79.125
-79.183
-79.354
-79.582
-79.831
-79.804
-79.963
-80.087
-80.166
-80.249
-80.366
-80.147
-80.11
-80.209
-80.116
-79.849
-79.919
-79.986
-80.058
-80.043
-79.939
-80.173
-80.025
-79.976
-79.731
-79.635
-79.917
-80.127
-80.043
-79.938
-80.078
-80.138
-80.398
-80.636
-80.647
-80.699
-80.571
-80.773
-80.56
-80.468
-80.442
-80.322
-80.292
-80.601
-80.729
-80.425
-80.481
-80.41
-80.147
-80.441
-80.292
-80.371
-80.35
-80.379
-80.339
-80.268
-80.058
-80.274
-80.24
-80.533
-80.613
-80.573
-80.602
-80.441
-80.28
-80.557
-80.527
-80.642
-80.658
-80.715
-80.885
-80.882
-80.744
-80.946
-81.006
-81.164
-80.991
-80.918
-81.239
-81.264
-81.011
-80.671
-80.777
-80.9
-80.713
-80.423
-80.347
-80.48
-80.422
-80.702
-80.68
-80.764
-80.942
-80.699
-80.867
-80.55
-80.568
-80.392
-80.346
-80.585
-80.671
-80.563
-80.539
-80.418
-80.186
-80.375
-80.45
-80.61
-80.485
-80.32
-80.379
-80.464
-80.662
-80.395
-80.211
-80.373
-80.354
-80.38
-80.376
-80.315
-80.473
-80.267
-80.152
-80.247
-80.221
-80.059
-79.677
-79.845
-79.571
-79.447
-79.418
-79.486
-79.574
-79.803
-79.642
-79.747
-79.883
-79.901
-79.661
-79.516
-79.149
-79.079
-78.978
-78.966
-78.761
-79.122
-79.104
-79.121
-79.007
-79.12
-78.732
-78.728
-78.621
-78.573
-78.735
-78.631
-78.667
-78.598
-78.744
-78.791
-78.732
-78.729
-78.638
-78.829
-78.984
-78.757
-78.653
-78.323
-78.526
-78.714
-79.095
-79.171
-79.135
-79.308
-79.23
-79.154
-79.011
-79.041
-79.127
-79.215
-79.184
-79.154
-79.099
-78.889
-78.643
-78.951
-78.765
-78.752
-78.567
-78.447
-78.389
-78.435
-78.621
-78.737
-78.567
-78.834
-79.039
-78.752
-78.704
-78.62
-78.82
-78.73
-78.932
-78.659
-78.725
-78.748
-79.015
-78.865
-78.797
-79.045
-79.137
-78.979
-78.895
-78.931
-79.138
-79.152
-79.259
-79.291
-79.484
-79.377
-79.277
-79.356
-79.747
-79.533
-79.588
-79.551
-79.681
-79.81
-79.682
-79.633
-79.749
-79.794
-79.792
-79.914
-79.809
-79.52
-79.398
-79.315
-79.292
-79.172
-79.117
-79.074
-79.248
-79.173
-78.877
-78.812
-78.376
-78.358
-78.183
-78.014
-77.464
-77.054
-76.623
-76.527
-76.43
-76.237
-76.223
-75.839
-75.947
-75.955
-76.016
-75.69
-75.723
-76.152
-76.566
-76.879
-76.975
-77.154
-76.959
-76.996
-76.948
-77.095
-77.23
-77.425
-77.419
-77.336
-77.466
-77.998
-77.866
-77.764
-77.819
-77.895
-77.777
-77.793
-77.943
-77.908
-78.199
-78.095
-78.252
-77.992
-77.875
-78.122
-77.889
-78.014
-77.771
-77.7
-77.848
-77.711
-77.888
-77.926
-77.731
-77.781
-78.032
-78.063
-78.077
-77.943
-77.972
-78
-78.133
-78.447
-78.382
-78.257
-78.13
-78.078
-78.351
-78.363
-78.218
-77.957
-78.106
-78.266
-77.938
-77.896
-77.767
-77.778
-77.686
-77.895
-77.784
-77.834
-77.96
-78.016
-77.855
-77.994
-77.913
-77.999
-78.3
-78.105
-78.199
-78.393
-78.305
-77.924
-78.082
-78.157
-78.028
-78.038
-78.268
-78.332
-78.486
-78.373
-78.357
-78.537
-78.643
-78.41
-78.643
-78.562
-78.606
-78.351
-77.857
-77.108
-76.504
-76.181
-76.034
-75.891
-75.939
-75.828
-76.032
-75.951
-76.001
-76.182
-76.598
-76.69
-76.53
-76.615
-76.801
-77.005
-77.184
-77.336
-77.353
-77.3
-77.27
-77.224
-77.115
-77.397
-77.277
-77.201
-77.341
-77.528
-77.718
-77.805
-77.786
-77.754
-77.667
-77.89
-77.734
-77.823
-77.957
-78.018
-78.02
-78.212
-78.086
-78.224
-78.039
-77.977
-77.793
-77.957
-77.766
-77.521
-77.584
-77.358
-77.353
-77.177
-77.499
-77.504
-77.488
-77.728
-77.691
-77.922
-78.083
-78.177
-78.289
-78.384
-78.392
-78.377
-78.548
-78.664
-78.527
-78.619
-78.534
-78.831
-78.494
-78.405
-77.98
-78.289
-78.313
-78.266
-78.238
-78.434
-78.425
-78.166
-78.048
-77.832
-77.892
-77.839
-78.021
-77.788
-77.77
-78.157
-78.16
-77.949
-77.997
-77.965
-77.726
-77.874
-77.852
-77.858
-77.922
-77.98
-78.18
-78.144
-78.033
-78.369
-78.6
-78.348
-78.466
-78.794
-78.882
-78.936
-78.804
-78.724
-78.82
-78.536
-78.033
-77.798
-77.585
-77.667
-77.863
-77.995
-77.755
-77.853
-77.991
-77.795
-77.945
-78.136
-78.132
-78.252
-78.488
-78.822
-78.941
-78.872
-78.772
-78.774
-78.96
-78.994
-78.999
-79.086
-79.234
-79.115
-79.337
-79.378
-79.401
-79.223
-79.482
-79.425
-79.497
-79.594
-79.529
-79.213
-79.257
-79.141
-79.042
-79.022
-79.069
-78.787
-78.693
-78.497
-78.47
-78.592
-78.549
-78.743
-78.884
-78.676
-78.826
-78.833
-78.699
-78.897
-78.947
-78.757
-78.887
-78.93
-79.026
-79.219
-78.95
-78.955
-78.965
-79.077
-78.777
-78.927
-78.448
-78.444
-78.715
-78.716
-78.57
-78.722
-78.917
-78.879
-79.105
-79.105
-79.217
-79.022
-79.068
-78.863
-79.122
-78.973
-79.04
-79.043
-79.12
-79.117
-79.217
-79.189
-79.266
-79.21
-79.273
-79.647
-79.793
-79.775
-79.778
-79.648
-79.684
-79.689
-79.655
-79.611
-79.614
-79.744
-79.956
-79.871
-79.869
-79.766
-79.845
-79.997
-79.778
-79.907
-79.654
-79.789
-79.802
-79.748
-79.704
-79.876
-79.847
-79.812
-79.983
-80.107
-79.685
-79.908
-79.881
-80.028
-80.069
-79.917
-79.926
-79.958
-80.064
-80.081
-80.024
-80.177
-80.227
-79.816
-79.928
-79.784
-79.763
-79.924
-79.69
-79.562
-79.82
-79.642
-79.608
-79.764
-80.148
-80.01
-79.956
-79.972
-79.706
-79.711
-79.82
-79.797
-79.872
-80.007
-80.126
-80.196
-80.283
-80.255
-80.076
-80.032
-80.04
-80.124
-80.176
-80.074
-79.99
-80.175
-79.996
-80.038
-80.135
-80.028
-80.084
-79.851
-79.963
-80.068
-79.997
-80.019
-80.259
-80.43
-80.379
-80.24
-80.273
-80.143
-80.244
-79.976
-80.21
-80.165
-80.071
-79.952
-80.242
-80.11
-79.758
-79.888
-80.087
-80.229
-80.217
-80.438
-80.603
-80.538
-80.372
-80.27
-80.026
-79.928
-79.787
-79.772
-79.883
-79.722
-79.687
-79.625
-79.971
-79.926
-80.062
-79.923
-80.016
-79.994
-79.855
-79.884
-79.843
-79.896
-80.004
-80.161
-79.855
-79.765
-79.858
-79.764
-79.867
-79.996
-79.772
-79.738
-79.933
-80.23
-80.135
-80.101
-80.442
-80.338
-80.327
-80.559
-80.497
-80.514
-80.523
-80.32
-80.217
-80.193
-79.984
-79.97
-79.761
-79.599
-79.716
-79.679
-79.494
-79.607
-79.77
-79.692
-79.682
-79.752
-79.753
-79.691
-79.579
-79.539
-79.65
-79.699
-79.775
-79.922
-79.873
-79.904
-79.831
-79.702
-79.614
-79.804
-79.563
-79.657
-79.432
-79.626
-79.441
-79.441
-79.163
-79.143
-79.374
-79.508
-79.55
-79.597
-79.758
-79.819
-79.798
-80.293
-79.921
-80.042
-80.107
-80.084
-80.07
-80.284
-80.378
-80.231
-80.522
-80.409
-80.484
-80.519
-80.846
-80.934
-81.054
-80.795
-80.684
-80.627
-80.442
-80.537
-80.418
-80.559
-80.745
-80.692
-80.644
-80.793
-80.825
-80.616
-80.74
-81.035
-80.846
-80.888
-80.855
-81.013
-80.778
-80.702
-80.693
-80.735
-80.756
-80.541
-80.27
-80.025
-80.065
-80.079
-80.13
-80
-80.049
-80.133
-80.075
-80.01
-79.717
-79.404
-79.314
-79.525
-79.378
-79.264
-79.298
-79.068
-79.16
-79.314
-79.136
-78.807
-78.764
-78.689
-78.736
-78.574
-78.487
-78.841
-78.955
-78.933
-78.891
-79.007
-78.809
-79.033
-79.161
-79.353
-79.599
-79.342
-79.461
-79.381
-79.497
-79.276
-79.588
-79.59
-79.567
-79.246
-79.213
-79.27
-79.125
-79.177
-79.003
-78.954
-79.238
-79.18
-79.408
-79.447
