-80.218
-80.256
-80.515
-80.6
-80.658
-81.09
-81.044
-80.944
-81.081
-81.004
-80.946
-80.889
-80.653
-80.588
-80.323
-80.301
-79.912
-79.824
-79.919
-79.804
-79.853
-79.81
-79.518
-79.545
-79.876
-79.848
-79.828
-79.949
-80.088
-80.324
-80.428
-80.381
-80.335
-80.427
-80.48
-80.312
-80.175
-80.071
-79.951
-79.975
-80.016
-80.142
-80.33
-80.416
-80.404
-80.522
-80.492
-80.425
-80.374
-80.378
-80.419
-80.49
-80.43
-80.344
-80.258
-80.382
-80.312
-80.404
-80.523
-80.24
-80.225
-80.323
-80.548
-80.754
-80.639
-80.67
-80.844
-80.789
-80.752
-80.941
-80.987
-80.938
-80.916
-81.027
-81.003
-81.003
-81.066
-81.041
-81.166
-81.104
-81.075
-80.932
-80.735
-80.662
-80.897
-80.627
-80.504
-80.837
-81.006
-80.82
-80.791
-81.037
-80.847
-81.145
-81.212
-81.337
-80.903
-80.81
-80.706
-80.67
-80.775
-80.87
-80.713
-80.638
-80.33
-80.207
-80.723
-80.509
-80.574
-80.425
-80.277
-80.255
-80.197
-80.016
-79.938
-80.057
-79.889
-80.317
-80.359
-80.238
-80.366
-80.394
-80.437
-80.493
-80.255
-80.283
-80.55
-80.867
-80.653
-80.592
-80.474
-80.452
-80.501
-80.364
-80.045
-80.106
-79.814
-79.811
-79.919
-79.629
-79.845
-80.159
-80.097
-80.298
-80.313
-80.355
-80.227
-80.014
-80.003
-79.955
-80.036
-79.901
-79.897
-79.716
-79.689
-79.633
-79.299
-79.403
-79.281
-79.14
-79.322
-78.83
-78.858
-79.069
-79.234
-79.186
-79.233
-79.319
-79.526
-79.637
-79.806
-80.051
-80.164
-80.254
-80.165
-80.422
-80.562
-80.692
-80.665
-80.817
-80.617
-80.45
-80.141
-80.355
-80.438
-80.505
-80.472
-80.812
-80.717
-80.643
-80.94
-80.914
-81.043
-81.14
-81.112
-81.069
-80.741
-80.789
-80.852
-80.754
-80.766
-80.987
-81.166
-81.025
-80.568
-80.415
-80.563
-80.284
-80.347
-80.043
-79.904
-79.881
-79.969
-79.853
-79.985
-80.084
-80.171
-80.27
-80.189
-80.264
-80.224
-80.083
-79.771
-79.866
-79.586
-79.614
-79.461
-79.359
-79.528
-79.528
-79.533
-79.455
-79.256
-79.433
-79.548
-79.645
-79.637
-79.571
-79.31
-79.389
-79.326
-79.212
-79.291
-79.371
-79.258
-79.4
-79.192
-79.218
-79.497
-79.748
-79.839
-79.858
-79.758
-79.76
-79.784
-79.712
-79.545
-79.719
-79.759
-79.723
-79.751
-79.582
-79.383
-79.213
-79.296
-79.283
-79.42
-79.207
-79.345
-79.414
-79.512
-79.475
-79.258
-79.404
-79.293
-79.287
-79.212
-79.198
-79.185
-79.148
-79.157
-79.161
-79.086
-79.062
-78.736
-78.633
-78.563
-78.401
-78.238
-78.296
-78.167
-78.224
-78.366
-78.249
-78.104
-78.078
-78.171
-78.322
-78.469
-78.742
-78.858
-78.766
-78.843
-79.007
-78.925
-78.974
-78.885
-78.883
-78.968
-79.256
-79.264
-79.387
-79.457
-79.31
-79.733
-79.452
-79.333
-79.242
-79.425
-79.508
-79.483
-79.269
-79.239
-79.373
-79.459
-79.466
-79.644
-79.492
-79.38
-79.645
-79.843
-79.888
-79.653
-79.948
-79.932
-79.959
-79.91
-79.827
-80
-80.222
-80.357
-80.339
-80.365
-80.579
-80.471
-80.589
-80.614
-80.841
-80.713
-80.775
-80.675
-80.604
-80.583
-80.736
-81.082
-81.186
-81.511
-81.488
-81.263
-81.147
-80.727
-79.993
-79.354
-78.613
-78.11
-77.389
-76.367
-75.836
-75.257
-74.905
-74.244
-73.598
-73.756
-74.298
-74.802
-75.462
-76.44
-76.913
-77.307
-77.687
-77.738
-77.744
-77.803
-77.927
-77.948
-78.38
-78.417
-78.204
-78.208
-78.286
-78.447
-78.654
-78.626
-78.666
-78.867
-79.124
-79.023
-78.962
-78.881
-79.175
-79.139
-79.043
-78.966
-78.677
-78.539
-78.413
-78.225
-78.576
-78.293
-78.313
-77.939
-77.854
-77.529
-77.282
-77.065
-76.842
-76.566
-76.306
-76.141
-76.288
-76.413
-76.396
-76.373
-76.322
-76.445
-76.198
-75.965
-75.896
-76.141
-76.176
-76.103
-76.343
-76.493
-76.715
-76.775
-76.465
-76.391
-76.268
-76.398
-76.854
-77.157
-77.212
-77.196
-77.138
-77.138
-76.95
-76.799
-76.883
-76.855
-76.776
-76.877
-76.868
-76.944
-76.95
-76.808
-76.928
-76.592
-76.592
-76.483
-76.736
-76.74
-76.493
-76.449
-76.493
-76.218
-76.036
-75.705
-75.156
-75.211
-75.322
-75.396
-75.213
-74.888
-74.869
-75.075
-75.142
-75.389
-75.528
-75.629
-75.78
-75.985
-76.051
-75.841
-75.927
-75.965
-76.074
-75.919
-76.087
-75.777
-75.991
-75.977
-76.133
-76.524
-76.341
-76.481
-76.639
-76.874
-76.967
-76.933
-76.703
-76.661
-76.493
-76.253
-75.965
-75.703
-75.431
-75.01
-74.9
-74.689
-74.64
-74.704
-74.859
-74.872
-74.648
-74.718
-74.751
-74.805
-74.95
-74.656
-74.628
-74.457
-74.416
-74.228
-74.231
-74.223
-74.418
-74.717
-74.886
-75.121
-75.137
-75.162
-75.402
-75.328
-75.373
-75.59
-75.227
-75.272
-75.34
-75.156
-75.189
-74.931
-74.755
-74.469
-74.31
-73.99
-73.866
-73.659
-73.763
-73.756
-73.657
-73.902
-73.986
-73.899
-74.079
-74.031
-73.8
-74.042
-73.859
-73.578
-73.759
-73.66
-73.663
-73.448
-73.635
-73.522
-73.724
-73.656
-73.943
-73.947
-74.121
-74.036
-74.225
-74.039
-73.898
-73.665
-73.7
-73.755
-73.501
-73.359
-73.088
-72.859
-72.752
-72.478
-72.063
-71.338
-71.293
-70.905
-70.71
-70.621
-70.368
-70.021
-69.846
-69.942
-69.684
-69.826
-70.361
-70.145
-70.176
-70.465
-70.583
-70.761
-71.034
-71.534
-71.498
-71.495
-71.676
-71.84
-71.91
-72.206
-72.402
-72.549
-72.73
-73.016
-73.303
-73.435
-73.516
-73.683
-73.911
-74.046
-73.967
-74.352
-74.428
-74.626
-74.683
-74.317
-74.155
-73.85
-73.515
-73.423
-73.588
-73.389
-73.36
-73.37
-73.626
-73.555
-73.713
-73.515
-73.715
-73.594
-73.751
-73.863
-73.976
-74.111
-73.892
-73.992
-74.274
-74.463
-74.728
-74.715
-74.821
-74.969
-74.667
-74.895
-74.683
-74.56
-74.597
-74.613
-74.833
-74.98
-75.003
-74.995
-74.91
-74.804
-74.919
-75.2
-75.33
-75.364
-75.726
-75.666
-75.049
-74.755
-73.913
-73.457
-72.933
-72.677
-72.441
-71.771
-71.663
-71.507
-71.077
-70.946
-70.821
-70.87
-70.384
-70.171
-70.107
-69.855
-69.859
-69.722
-69.529
-69.487
-69.828
-69.523
-69.406
-69.546
-69.694
-69.867
-69.945
-69.702
-69.786
-69.503
-69.53
-69.727
-69.579
-69.65
-69.698
-69.568
-69.682
-69.973
-70.071
-70.12
-70.169
-70.109
-70.192
-70.599
-70.851
-70.809
-71.005
-71.156
-71.369
-71.519
-71.564
-71.664
-71.934
-71.928
-71.894
-72.105
-72.152
-72.035
-72.154
-72.374
-72.733
-72.974
-72.807
-72.851
-73.025
-73.058
-73.269
-73.49
-73.46
-73.646
-73.99
-74.315
-74.461
-74.403
-74.476
-74.36
-74.379
-74.478
-74.68
-74.577
-74.671
-74.714
-74.996
-74.862
-74.809
-75.084
-75.088
-75.162
-75.2
-75.028
-75.208
-75.128
-75.212
-75.344
-75.684
-75.515
-75.745
-75.552
-75.83
-75.748
-75.606
-75.631
-75.813
-75.793
-75.787
-75.983
-75.632
-75.693
-75.523
-75.459
-75.257
-75.374
-75.401
-75.059
-75.006
-75.207
-75.292
-75.364
-75.112
-75.231
-75.407
-75.676
-75.576
-75.583
-75.45
-75.67
-75.596
-75.733
-75.502
-75.371
-75.281
-75.235
-75.105
-74.933
-75.123
-75.295
-75.296
-75.395
-75.095
-75.236
-75.599
-75.527
-75.675
-75.753
-75.759
-75.889
-75.753
-75.71
-75.754
-75.833
-75.811
-75.996
-76.092
-76.28
-76.618
-76.653
-76.807
-76.744
-76.903
-76.62
-76.518
-76.262
-76.107
-75.961
-75.558
-75.783
-75.757
-75.845
-75.972
-76.033
-76.124
-76.306
-76.082
-75.92
-75.919
-75.842
-75.737
-75.769
-75.658
-75.873
-76.068
-76.047
-76.032
-76.15
-76.256
-75.956
-76.371
-76.133
-75.925
-76.158
-76.179
-76.248
-76.411
-76.356
-76.232
-76.133
-75.977
-75.966
-76.192
-75.907
-76.24
-76.119
-76.279
-76.442
-76.478
-76.711
-76.804
-76.438
-76.458
-76.319
-76.434
-76.391
-76.144
-76.116
-75.798
-75.985
-75.913
-76.012
-76.099
-76.37
-76.432
-76.481
-76.424
-76.433
-76.556
-76.702
-76.726
-76.678
-76.698
-76.731
-76.808
-77.051
-77.557
-77.589
-77.538
-77.574
-77.639
-77.304
-77.241
-77.407
-77.377
-77.266
-77.584
-77.889
-77.577
-77.893
-78.119
-78.35
-78.339
-78.452
-78.334
-78.391
-78.481
-78.393
-78.508
-78.374
-78.337
-78.635
-78.534
-78.395
-78.601
-78.289
-78.571
-78.795
-78.627
-78.657
-78.762
-78.806
-78.85
-78.716
-78.654
-78.493
-78.298
-78.315
-78.096
-78.223
-78.429
-78.823
-78.771
-78.34
-78.147
-78.268
-78.233
-78.053
-77.989
-77.854
-77.843
-77.709
-77.551
-77.446
-77.271
-77.176
-77.566
-77.463
-77.446
-77.614
-77.837
-77.87
-77.689
-77.627
-77.782
-77.913
-77.836
-77.894
-77.43
-77.444
-77.487
-77.362
-77.596
-77.764
-77.916
-77.94
-77.858
-77.908
-77.993
-77.983
-77.915
-77.964
-77.772
-77.878
-77.617
-77.95
-78.008
-77.935
-78.223
-78.26
-78.532
-78.41
-78.466
-78.169
