-76.793
-76.802
-76.937
-76.917
-77.031
-77.009
-77.194
-77.437
-77.354
-77.256
-77.194
-77.302
-77.404
-77.219
-77.162
-76.998
-76.874
-76.82
-76.802
-76.793
-76.68
-76.562
-76.538
-76.796
-76.896
-76.85
-76.506
-76.257
-76.306
-76.173
-76.088
-75.941
-76.187
-76.386
-76.186
-76.461
-76.686
-76.547
-76.516
-76.323
-76.311
-76.215
-75.99
-76.002
-76.133
-76.078
-75.976
-75.899
-75.951
-75.88
-75.763
-75.835
-75.67
-75.413
-75.691
-75.913
-75.79
-75.894
-75.666
-75.757
-75.649
-75.65
-75.568
-75.507
-75.343
-75.757
-75.736
-75.819
-76.002
-75.913
-76.062
-75.91
-75.992
-75.916
-75.832
-75.976
-75.922
-76.035
-76.139
-75.816
-75.861
-76.128
-76.066
-75.819
-75.654
-75.703
-75.804
-75.765
-75.668
-75.57
-75.453
-75.52
-75.423
-75.702
-75.758
-75.913
-76.026
-76.083
-76.263
-76.251
-76.441
-76.397
-76.218
-76.385
-76.454
-76.578
-76.505
-76.388
-76.403
-76.443
-76.744
-76.873
-76.917
-77.234
-77.17
-76.896
-76.613
-76.405
-76.333
-76.352
-76.461
-76.531
-76.604
-76.691
-76.775
-77.02
-77.151
-77.255
-77.506
-77.649
-77.526
-77.573
-77.553
-77.42
-77.082
-77.078
-76.945
-77.358
-77.454
-77.442
-77.547
-77.598
-77.539
-77.858
-78.152
-78.259
-78.051
-77.893
-78.037
-77.955
-78.258
-78.314
-78.454
-78.386
-78.151
-77.956
-78.328
-78.094
-78.108
-78.029
-77.76
-77.49
-77.641
-77.835
-78.079
-78.158
-78.432
-78.398
-78.31
-78.515
-78.569
-78.962
-78.827
-78.921
-79.091
-79.136
-78.666
-78.839
-79.151
-79.077
-79.056
-79.202
-79.06
-79.08
-79.21
-79.106
-79.123
-78.745
-78.652
-78.575
-78.323
-78.452
-78.533
-78.593
-78.538
-78.365
-78.341
-78.002
-78.408
-78.074
-78.277
-78.146
-78.157
-78.279
-78.528
-78.5
-78.274
-78.461
-78.219
-77.892
-77.843
-77.783
-77.869
-77.825
-77.795
-77.833
-77.786
-77.793
-77.468
-77.32
-77.306
-77.161
-77.24
-77.234
-77.214
-77.152
-77.027
-76.85
-76.826
-77.093
-77.359
-77.176
-77.069
-76.971
-77.039
-77.173
-77.385
-76.953
-76.324
-75.578
-74.87
-74.247
-73.262
-72.379
-71.605
-70.854
-70.032
-69.55
-68.902
-68.228
-67.627
-66.886
-66.469
-66.015
-65.497
-65.104
-64.584
-64.307
-63.883
-63.758
-63.358
-63.062
-62.929
-62.91
-62.482
-62.438
-62.241
-61.629
-61.48
-61.105
-60.864
-60.703
-60.765
-60.805
-60.673
-60.336
-60.198
-60.254
-60.041
-59.851
-60.116
-60.044
-60.009
-59.965
-59.746
-59.443
-59.255
-59.166
-58.77
-58.386
-58.544
-58.844
-58.963
-58.73
-58.731
-58.552
-58.394
-58.472
-58.524
-58.602
-58.572
-58.559
-58.332
-57.853
-57.13
-56.662
-56.044
-55.321
-54.96
-54.476
-53.917
-53.336
-52.831
-52.454
-51.694
-51.122
-50.349
-49.997
-49.459
-49.006
-48.507
-47.769
-46.806
-45.72
-45
-45
-45
-45
-45
-45
-45
-45
-45
-45
-45
-45
-45
-45
-45
-45
-45
-45
-45
-47.015
-51.05
-54.117
-56.129
-57.628
-58.238
-59.019
-59.052
-59.208
-59.199
-58.983
-58.502
-58.027
-57.616
-56.562
-55.822
-54.856
-54.136
-53.114
-52.225
-51.652
-50.886
-49.881
-49.316
-48.628
-48.127
-47.071
-46.136
-45.182
-45
-45
-45
-45
-45
-45
-45
-45
-45
-45
-45
-45
-45
-45
-45
-45
-45
-45
-45
-45.723
-48.658
-50.667
-51.986
-52.386
-52.733
-52.659
-52.249
-51.524
-50.868
-50.153
-49.424
-48.6
-47.683
-46.926
-46.3
-45.541
-45
-45
-45
-45
-45
-45
-45
-45
-45
-45
-45
-45
-45
-45
-45
-45
-45
-45
-45
-45
-45
-45
-45
-45
-45
-45
-45
-45
-45
-45
-45
-45
-45
-45
-45
-45
-45
-45
-45
-45
-45
-45
-45
-45
-45
-45
-45
-45
-45
-45.621
-46.047
-45.998
-45.719
-45.337
-45
-45
-45
-45
-45
-45
-45
-45
-45
-45
-45
-45
-45
-45
-45
-45
-45
-45
-45
-45
-45
-45
-45
-45
-47.091
-48.763
-49.882
-50.24
-49.978
-49.491
-48.278
-47.426
-46.481
-45.036
-45
-45
-45
-45
-45
-45
-45
-45
-45
-45
-45
-45
-45
-45
-45
-45
-45
-45
-45
-45
-45
-46.802
-48.349
-49.589
-50.416
-50.848
-51.156
-50.785
-50.445
-49.774
-49.245
-48.137
-47.043
-45.959
-45
-45
-45
-45
-45
-45
-45
-45
-45
-45
-45
-45
-45
-45
-45
-45
-45
-45
-45
-45
-45
-47.053
-49.487
-51.054
-52.213
-52.998
-53.54
-53.623
-53.882
-53.915
-53.698
-53.374
-53.239
-52.967
-52.575
-51.793
-50.915
-49.525
-47.652
-45.984
-45
-45
-45
-45
-45
-45
-45
-45
-45
-45
-45
-45
-45
-45
-45
-45
-45
-45
-45
-45.221
-47.978
-49.946
-51.179
-51.918
-52.176
-52.05
-51.906
-51.51
-51.168
-50.734
-49.998
-49.519
-48.896
-48.303
-47.655
-47.178
-46.475
-45.675
-45.145
-45
-45
-45
-45
-45
-45
-45
-45
-45
-45
-45
-45
-45
-45
-45
-45
-45
-45
-45
-45
-46.206
-49.306
-51.392
-52.867
-53.818
-54.554
-54.914
-55.063
-55.093
-55.232
-54.844
-54.814
-54.048
-53.397
-52.818
-51.816
-50.776
-50.162
-49.249
-48.469
-47.701
-46.874
-46.07
-45
-45
-45
-45
-45
-45
-45
-45
-45
-45
-45
-45
-45
-45
-45
-45
-45
-45
-45
-45
-46.594
-49.466
-52.016
-53.751
-55.021
-55.697
-55.895
-56.383
-56.508
-56.656
-56.763
-56.634
-56.69
-56.534
-56.318
-55.966
-55.474
-55.249
-54.833
-54.627
-54.539
-54.125
-54.088
-54.052
-53.847
-53.75
-53.525
-53.579
-53.755
-53.956
-53.863
-54.108
-54.075
-54.194
-54.22
-54.096
-53.98
-54.081
-53.903
-53.853
-54.386
-54.165
-54.473
-54.379
-54.481
-54.681
-54.951
-54.995
-55.286
-55.472
-55.658
-55.837
-55.718
-56.012
-56.029
-55.949
-56.003
-56.37
-56.633
-56.741
-56.772
-56.74
-57.019
-57.19
-57.259
-57.407
-57.368
-57.439
-57.879
-57.853
-57.935
-58.313
-58.43
-58.859
-59.319
-59.536
-59.568
-59.686
-59.695
-59.513
-59.626
-59.833
-60.066
-60.174
-60.492
-60.338
-60.495
-60.543
-60.938
-61.151
-61.07
-61.196
-61.435
-61.937
-61.979
-62.305
-62.619
-62.676
-62.93
-62.879
-63.257
-63.191
-63.016
-63.065
-63.06
-63.349
-63.666
-64.088
-64.507
-64.744
-65.022
-65.252
-65.063
-65.305
-65.525
-65.533
-65.607
-65.75
-65.702
-65.655
-65.839
-66.364
-66.446
-66.632
-66.833
-66.927
-67.141
-67.354
-67.366
-67.312
-67.407
-67.571
-67.784
-67.819
-68.062
-68.388
-68.572
-68.768
-68.737
-68.835
-69.07
-69.258
-69.499
-69.631
-69.328
-69.376
-69.644
-70.022
-70.234
-69.806
-69.934
-70.01
-70.169
-70.281
-70.352
-70.455
-70.417
-70.623
-70.825
-71.06
-71.204
-71.367
-71.431
-71.439
-71.305
-71.503
-71.757
-71.736
-71.67
-71.702
-71.723
-72.138
-71.934
-72.116
-72.103
-71.973
-72.045
-72.039
-71.842
-71.532
-71.615
-71.57
-71.788
-71.872
-71.888
-71.986
-72.244
-72.257
-72.047
-71.925
-72.029
-72.159
-72.273
-72.243
-72.334
-72.618
-72.619
-72.923
-73.032
-73.167
-73.146
-73.27
-73.551
-73.435
-73.333
-73.309
-73.194
-72.907
-72.948
-72.823
-72.714
-73.05
-72.836
-73.076
-73.04
-73.266
-73.486
-73.95
-74.122
-74.067
-74.095
-74.564
-74.558
-74.827
-74.677
-74.631
-74.633
-74.544
-74.5
-74.3
-74.354
-74.269
-74.017
-74.092
-74.472
-74.245
-74.037
-74.155
-74.304
-74.643
-74.602
-74.373
-74.284
-74.069
-74.261
-74.375
-74.729
-74.9
-74.676
-74.478
-74.443
-74.454
-74.128
-74.204
-74.288
-74.228
-74.386
-74.095
-74.452
-74.202
-74.379
-74.459
-74.336
-74.508
-74.651
-74.5
-74.478
-74.109
-74.026
-73.697
-73.81
-73.59
-73.604
-73.831
-73.988
-74.112
-73.964
-74.238
-74.032
-74.4
-74.844
-75.093
-75.142
-75.022
-74.913
-75.064
-75.324
-75.509
-75.157
-75.199
-74.989
-74.908
-75.193
-75.177
-74.959
-74.932
-75.17
-75.126
-74.889
-75.093
-75.18
-75.032
-74.757
-74.894
-74.936
-74.975
-75.116
-75.282
-75.473
-75.273
-75.238
-75.603
-75.638
-75.744
-75.841
-75.891
-75.856
-75.539
-75.435
-75.68
-75.701
-75.694
-75.76
-75.921
-75.794
-76.022
-75.872
-76.015
-75.847
