-79.691
-79.695
-79.84
-79.934
-79.735
-79.635
-79.727
-79.824
-79.806
-79.884
-79.847
-79.638
-79.819
-79.742
-79.64
-79.786
-80.143
-80.433
-80.367
-80.502
-80.366
-80.366
-80.255
-80.526
-80.362
-80.2
-80.165
-79.811
-79.774
-79.913
-79.913
-79.962
-80.002
-80.326
-80.295
-80.415
-80.246
-80.024
-80.038
-80.175
-80.304
-80.271
-80.008
-79.601
-79.824
-79.854
-79.642
-79.702
-79.63
-79.684
-79.74
-79.669
-79.969
-79.993
-80.114
-80.031
-79.835
-79.629
-79.758
-79.739
-79.698
-79.618
-79.719
-79.787
-79.788
-79.443
-79.318
-79.306
-79.205
-79.066
-79.198
-79.513
-79.44
-79.8
-80.219
-80.311
-80.169
-80.296
-80.277
-80.321
-80.105
-79.823
-79.778
-79.738
-79.798
-79.93
-80.081
-80.113
-80.004
-80.156
-80.038
-79.935
-80.074
-80.387
-80.098
-79.872
-79.841
-79.851
-80.073
-80.069
-80.03
-80.165
-80.109
-79.776
-79.769
-80.091
-79.838
-79.96
-80.172
-80.174
-80.131
-80.127
-80.173
-80.013
-79.604
-79.324
-79.356
-79.465
-79.366
-79.247
-79.084
-79.168
-79.294
-79.19
-79.288
-79.373
-79.367
-79.405
-79.47
-79.746
-80.055
-79.691
-79.667
-79.867
-80.184
-80.127
-80.35
-80.471
-80.279
-80.238
-80.442
-80.519
-80.448
-80.307
-79.874
-79.871
-79.776
-80.069
-80.422
-80.375
-80.124
-80.346
-80.099
-80.019
-80.112
-79.985
-79.803
-79.618
-80.028
-80.071
-80.184
-80.35
-80.227
-80.011
-80.082
-79.814
-79.876
-79.959
-79.929
-80.125
-80.329
-80.59
-80.761
-80.811
-80.872
-80.999
-81.086
-80.977
-80.885
-81.045
-81.224
-81.242
-81.18
-81.306
-81.46
-81.635
-81.286
-81.268
-81.144
-81.305
-81.161
-81.151
-81.034
-81.064
-80.878
-80.72
-80.693
-80.524
-80.405
-80.303
-79.62
-78.73
-77.701
-76.149
-74.534
-73.25
-71.752
-70.278
-68.667
-67.676
-66.386
-65.532
-64.498
-63.43
-62.718
-61.956
-61.464
-60.83
-60.118
-59.453
-58.938
-58.11
-57.756
-57.473
-57.174
-56.804
-56.619
-55.93
-55.572
-55.005
-54.516
-53.894
-53.211
-52.349
-51.111
-49.365
-45.806
-45
-45
-45
-45
-45
-45
-45
-45
-45
-45
-45
-45
-45
-45
-50.547
-56.329
-60.569
-63.713
-65.393
-66.556
-67.274
-67.623
-67.583
-67.309
-66.816
-66.612
-66.479
-66.182
-66.001
-65.626
-65.342
-65.002
-64.774
-64.581
-64.53
-64.21
-63.79
-63.52
-63.275
-63.108
-62.946
-62.55
-62.21
-62.232
-62.331
-62.21
-62.114
-62.43
-62.538
-62.479
-62.285
-61.957
-61.804
-61.694
-61.559
-61.721
-61.527
-60.983
-60.728
-60.393
-60.17
-59.684
-59.385
-59.332
-59.377
-59.395
-59.317
-59.185
-59.013
-58.691
-58.684
-58.84
-58.727
-58.507
-58.388
-58.201
-57.732
-56.909
-55.84
-54.558
-53.372
-51.951
-50.165
-47.009
-45
-45
-45
-45
-45
-45
-45
-45
-45
-45
-45
-45
-45
-45
-50.419
-56.154
-60.855
-64.181
-66.353
-67.694
-68.822
-69.439
-70.069
-70.425
-70.29
-70.313
-70.211
-69.779
-69.711
-69.56
-69.226
-68.868
-68.712
-68.745
-68.727
-68.722
-68.476
-68.428
-68.334
-68.339
-68.326
-68.455
-68.58
-68.73
-68.847
-68.962
-68.923
-69.015
-69.025
-68.868
-68.956
-68.758
-68.652
-68.473
-68.677
-68.793
-68.685
-68.49
-68.601
-68.509
-68.415
-68.404
-68.187
-68.599
-68.904
-69.121
-69.248
-70.349
-72.26
-74.544
-76.309
-77.282
-78.221
-78.656
-78.967
-79.108
-79.261
-79.49
-79.632
-80.002
-79.909
-79.908
-79.931
-80.077
-79.993
-79.931
-79.923
-79.896
-79.984
-80.113
-80.24
-80.296
-79.874
-79.424
-78.991
-78.439
-78.325
-77.965
-77.907
-77.733
-77.702
-77.436
-77.152
-77.28
-76.81
-76.59
-76.464
-76.466
-76.455
-76.654
-76.595
-76.086
-75.323
-74.431
-73.393
-72.647
-72.079
-71.296
-71.034
-70.768
-70.401
-70.003
-69.341
-68.496
-67.951
-67.271
-67.173
-66.897
-66.396
-66.22
-66.32
-66.1
-66.145
-66.398
-66.556
-66.718
-66.684
-66.837
-66.999
-67.021
-67.051
-67.369
-67.57
-68.066
-67.927
-68.016
-67.925
-68.439
-68.53
-68.857
-69.11
-69.238
-69.15
-69.217
-69.476
-69.755
-69.785
-69.736
-69.597
-69.696
-69.792
-70.033
-70.275
-70.388
-70.205
-70.252
-70.338
-70.403
-70.318
-70.185
-70.36
-70.498
-70.356
-70.106
-70.208
-70.548
-70.451
-70.519
-70.588
-70.803
-70.731
-70.502
-70.854
-70.847
-70.743
-70.589
-70.651
-70.474
-70.479
-70.437
-70.305
-70.216
-70.281
-70.192
-70.336
-69.911
-69.537
-69.367
-69.187
-68.668
-67.956
-67.291
-66.826
-66.042
-65.395
-64.912
-64.278
-63.597
-63.188
-62.689
-62.589
-62.354
-62.014
-62.096
-62.24
-61.817
-61.785
-61.825
-61.737
-61.961
-62.364
-62.695
-62.762
-62.906
-62.817
-62.815
-62.758
-63.005
-62.756
-62.774
-63.125
-63.272
-63.242
-63.383
-63.588
-63.839
-64.32
-64.399
-64.937
-65.291
-65.404
-65.959
-65.935
-66.344
-66.777
-67.61
-67.597
-67.867
-68.158
-68.331
-68.667
-69.022
-69.448
-69.628
-70.155
-70.462
-70.64
-70.66
-70.837
-70.844
-70.377
-69.492
-68.987
-68.056
-67.462
-67.004
-66.356
-65.652
-65.05
-64.526
-64.018
-63.53
-63.14
-63.045
-62.982
-63.074
-63.049
-62.928
-62.83
-62.681
-62.85
-62.965
-63.063
-63.473
-63.871
-64.077
-63.985
-64.248
-64.335
-64.074
-64.109
-64.005
-64.133
-63.958
-64.296
-64.466
-64.639
-65.093
-65.211
-65.139
-65.307
-65.413
-65.641
-65.89
-66.214
-66.413
-66.679
-66.9
-67.202
-67.418
-67.677
-67.762
-68.132
-68.003
-67.987
-67.909
-67.486
-67.643
-67.403
-67.076
-66.9
-66.861
-66.572
-66.48
-66.282
-66.14
-66.135
-66.116
-66.177
-65.951
-66.229
-66.087
-66.169
-66.265
-65.75
-65.602
-65.54
-65.427
-65.535
-65.459
-65.603
-65.279
-65.229
-64.989
-64.84
-64.854
-64.858
-64.908
-64.991
-65.187
-65.48
-65.818
-65.564
-65.953
-66.109
-66.27
-66.296
-66.426
-66.336
-66.7
-66.955
-67.112
-67.073
-67.353
-67.429
-67.966
-67.804
-67.953
-68.143
-68.54
-68.717
-68.632
-68.652
-68.83
-68.968
-69.187
-69.643
-69.706
-69.77
-69.743
-70.061
-70.141
-70.22
-70.198
-70.528
-70.653
-70.982
-71.199
-71.476
-71.678
-71.688
-72.005
-72.061
-72.156
-72.119
-72.041
-72.252
-72.308
-72.219
-72.557
-72.85
-72.954
-73.068
-73.082
-73.471
-73.623
-73.742
-73.89
-74.21
-74.332
-74.486
-74.473
-74.631
-74.858
-75.077
-75.319
-75.569
-75.753
-75.881
-76.037
-75.841
-75.958
-76.208
-76.669
-76.705
-76.816
-77.189
-77.565
-77.68
-77.776
-77.739
-77.887
-77.822
-77.676
-77.986
-77.956
-78.001
-78.011
-78.114
-78.234
-78.183
-78.392
-78.4
-78.671
-78.93
-79.043
-79.248
-79.402
-79.445
-79.439
-79.369
-79.44
-79.655
-79.887
-79.973
-80.132
-80.243
-80.283
-80.09
-80.11
-80.352
-80.56
-80.633
-80.66
-80.633
-80.605
-80.817
-81.164
-81.144
-81.355
-81.147
-80.962
-80.98
-80.718
-80.698
-80.657
-80.5
-80.754
-80.838
-80.908
-81.377
-81.606
-81.411
-81.588
-81.646
-81.764
-81.893
-81.835
-82.044
-81.903
-81.897
-82.014
-81.976
-82.186
-82.232
-82.219
-82.331
-82.205
-82.223
-82.311
-82.308
-82.237
-82.348
-82.492
-82.534
-82.671
-82.613
-82.778
-82.969
-82.887
-82.961
-83.063
-83.287
-83.336
-83.28
-83.275
-83.525
-83.512
-83.575
-83.532
-83.629
-83.687
-83.743
-83.646
-83.865
-83.841
-83.856
-83.854
-83.765
-83.953
-83.858
-83.761
-83.554
-83.712
-83.746
-83.659
-83.829
-84.106
-84.207
-84.135
-84.132
-84.295
-84.308
-84.174
-84.489
-84.744
-84.791
-84.699
-84.711
-84.481
-84.54
-84.79
-84.915
-84.794
-84.767
-84.648
-84.494
-84.682
-84.702
-84.864
-84.81
-84.739
-84.615
-84.647
-84.87
-84.711
-85.023
-85.243
-85.088
-84.643
-84.602
-84.431
-84.276
-84.191
-83.822
-83.661
-83.662
-83.845
-83.8
-83.972
-83.941
-83.924
-83.953
-83.428
-83.316
-83.545
-83.453
-83.378
-83.574
-83.696
-83.717
-83.605
-83.889
-83.938
-84.392
-84.385
-84.452
-84.246
-84.201
-84.251
-84.343
-84.227
-84.234
-84.121
-84.252
-84.19
-83.993
-84.009
-84.022
-83.902
-83.494
-83.39
-83.674
-83.852
-83.809
-83.864
-83.703
-83.367
-83.527
-83.759
-83.897
-84.234
-84.29
-84.216
-84.853
-84.689
-84.759
-84.883
-85.189
-85.152
-84.969
-85.174
-85.327
-85.326
-85.432
-85.237
-85.129
-85.55
-85.733
-85.675
-85.535
-85.443
-85.282
-85.247
-84.899
-84.926
-84.815
-84.957
-85.114
-85.362
-85.167
-85.378
-85.254
-85.344
-85.218
-85.343
-85.493
-85.69
-85.788
-85.656
-86.018
-86.247
-86.277
-86.135
-86.137
-86.346
-86.365
-86.41
-86.393
-86.61
-86.654
-86.67
-86.795
-86.772
-86.865
-86.918
-86.681
-86.655
-86.827
-86.971
