-79.937
-79.794
-79.969
-79.928
-80.053
-80.083
-80.231
-80.318
-80.288
-80.534
-80.358
-80.273
-80.44
-80.388
-80.356
-80.535
-80.558
-80.68
-80.682
-80.995
-81.153
-80.906
-80.913
-81.077
-81.19
-81.466
-81.69
-81.786
-82.004
-81.979
-82.26
-82.342
-82.33
-82.066
-81.972
-82.078
-82.125
-82.225
-82.343
-82.301
-82.328
-82.553
-82.426
-82.396
-82.844
-83.011
-83.095
-83.093
-83.321
-83.548
-83.398
-83.411
-83.34
-83.606
-83.613
-83.504
-83.638
-83.595
-83.66
-83.715
-83.818
-84.113
-84.224
-84.422
-84.404
-84.337
-84.53
-84.684
-85.046
-85.157
-85.234
-84.99
-85.169
-85.014
-85.024
-84.985
-84.984
-85.002
-85.241
-85.166
-85.156
-85.388
-85.633
-85.626
-85.708
-85.83
-85.533
-85.363
-85.602
-85.661
-85.632
-85.754
-85.529
-85.482
-85.54
-85.831
-86.213
-86.306
-86.421
-86.469
-86.51
-86.584
-86.33
-86.166
-86.312
-86.662
-86.804
-86.804
-87.07
-87.237
-87.247
-87.367
-87.357
-87.283
-87.386
-87.487
-87.415
-87.444
-87.526
-87.52
-87.428
-87.777
-87.698
-87.402
-87.595
-87.481
-87.481
-87.13
-87.151
-86.679
-86.877
-86.945
-87.08
-86.883
-87.042
-86.766
-86.664
-86.861
-86.921
-86.809
-86.859
-86.708
-86.848
-86.584
-86.429
-86.168
-86.117
-86.39
-86.278
-86.359
-86.648
-86.557
-86.557
-86.406
-86.558
-86.507
-86.506
-86.599
-86.706
-86.766
-86.463
-86.504
-86.517
-86.435
-86.401
-86.666
-86.871
-86.719
-86.951
-86.654
-86.761
-86.982
-87.113
-87.403
-87.197
-87.294
-87.395
-87.599
-87.55
-87.45
-87.441
-87.484
-87.983
-88.081
-88.135
-88.229
-88.35
-88.294
-88.45
-88.522
-88.738
-88.678
-88.767
-88.843
-88.9
-89.059
-89.182
-89.151
-89.292
-89.358
-89.169
-89.161
-88.975
-88.886
-88.745
-88.86
-89.297
-89.091
-89.099
-89.294
-89.346
-89.342
-89.362
-89.4
-89.354
-89.168
-89.372
-89.472
-89.397
-89.631
-89.691
-89.678
-89.77
-89.823
-89.766
-89.744
-89.556
-89.673
-89.453
-89.75
-89.837
-90.016
-90.064
-90.149
-90.13
-90.264
-90.353
-90.262
-90.469
-90.23
-90.098
-89.904
-89.751
-89.803
-89.855
-89.786
-89.741
-89.677
-89.634
-89.83
-90.008
-90.139
-90.214
-90.477
-90.413
-90.693
-90.556
-90.573
-90.577
-90.782
-90.764
-91.032
-91.287
-91.365
-91.463
-91.411
-91.334
-91.325
-91.375
-91.299
-91.289
-91.261
-91.407
-91.379
-91.538
-91.703
-91.851
-92.037
-92.258
-92.397
-92.584
-92.882
-93.152
-93.067
-92.817
-92.84
-92.894
-92.757
-92.755
-92.853
-92.615
-92.834
-92.861
-92.647
-92.358
-92.321
-92.35
-92.24
-92.255
-92.471
-92.354
-92.519
-92.197
-92.172
-92.398
-92.241
-92.148
-92.053
-92.227
-92.24
-92.299
-92.225
-91.844
-92.103
-91.965
-92.263
-92.338
-92.245
-92.298
-92.425
-92.281
-92.313
-92.192
-92.222
-92.057
-91.901
-91.527
-91.187
-90.553
-88.506
-86.073
-84.045
-82.595
-81.342
-80.683
-80.1
-79.872
-79.619
-79.665
-79.676
-79.854
-79.79
-79.587
-79.741
-79.933
-79.852
-79.775
-79.63
-79.658
-79.597
-79.592
-79.947
-79.56
-79.491
-79.413
-79.66
-79.632
-79.607
-79.357
-79.476
-79.606
-79.749
-79.673
-79.619
-79.73
-79.857
-80.044
-79.915
-79.963
-79.862
-79.796
-80.084
-79.938
-80.014
-80.087
-80.065
-79.796
-79.672
-79.594
-79.38
-79.458
-79.436
-79.874
-80.077
-79.955
-79.892
-79.9
-80.061
-79.915
-79.841
-79.853
-79.618
-79.547
-79.532
-79.222
-79.082
-79.044
-79.191
-79
-79.015
-79.11
-79.233
-79.387
-78.77
-78.121
-77.742
-77.207
-76.975
-76.464
-76.086
-76.063
-75.992
-75.807
-75.586
-75.238
-75.074
-75.152
-75.539
-75.762
-75.844
-76.094
-76.177
-76.25
-76.436
-76.548
-76.62
-76.691
-76.77
-76.84
-76.869
-76.907
-77.036
-77.121
-77.142
-77.434
-77.458
-77.457
-77.349
-77.112
-76.989
-77.22
-77.244
-77.123
-77.422
-76.888
-76.115
-75.494
-74.575
-73.965
-73.673
-73.667
-73.42
-73.129
-73.15
-72.891
-72.898
-72.935
-72.571
-72.695
-72.635
-72.898
-73.439
-73.565
-73.608
-73.822
-73.965
-73.946
-74.075
-74.142
-74.187
-74.438
-74.735
-75.052
-75.137
-75.33
-75.512
-75.661
-75.692
-75.875
-76.01
-76.005
-75.914
-76.451
-76.567
-76.812
-76.853
-76.99
-77.185
-77.17
-77.121
-77.3
-77.154
-77.276
-77.148
-77.165
-77.386
-77.139
-77.253
-77.442
-77.323
-77.306
-77.397
-77.378
-77.332
-77.543
-77.476
-77.298
-77.064
-76.834
-76.803
-76.659
-76.872
-77.391
-77.167
-77.093
-77.364
-77.076
-77.136
-76.908
-77.242
-77.185
-77.044
-77.149
-77.305
-77.387
-77.65
-77.601
-77.769
-78.181
-78.451
-78.048
-77.931
-77.6
-77.518
-77.566
-77.498
-77.485
-77.698
-77.432
-77.42
-77.722
-78.015
-78.019
-77.748
-77.868
-77.948
-78.034
-78.09
-78.108
-78.238
-77.841
-77.798
-77.623
-77.526
-77.441
-77.199
-76.96
-76.808
-76.734
-76.621
-76.607
-76.296
-76.12
-76.381
-76.315
-76.282
-76.25
-76.173
-76.441
-76.658
-76.645
-76.914
-76.968
-77.069
-77.099
-77.311
-77.449
-77.665
-78.015
-78.167
-78.114
-78.229
-78.556
-78.713
-78.587
-78.7
-78.604
-78.517
-78.508
-78.723
-78.857
-78.621
-79.085
-79.401
-79.46
-79.506
-79.562
-79.58
-79.359
-79.281
-79.204
-79.367
-78.945
-78.541
-78.327
-78.136
-77.818
-77.744
-77.754
-77.95
-77.967
-77.892
-77.814
-77.53
-77.634
-77.695
-77.623
-77.641
-77.633
-77.81
-78.056
-78.192
-78.242
-78.111
-78.061
-77.71
-77.773
-77.748
-77.893
-77.682
-77.853
-77.978
-78.078
-78.235
-78.16
-78.359
-78.347
-78.536
-78.512
-78.582
-78.468
-78.736
-79.018
-78.786
-78.672
-78.745
-78.645
-78.68
-79.069
-78.96
-78.793
-79.022
-79.011
-79.248
-79.173
-79.106
-79.309
-79.248
-79.277
-79.386
-79.313
-79.009
-78.956
-78.673
-78.88
-78.953
-78.892
-78.953
-78.903
-79.011
-79.033
-79.077
-79.043
-78.984
-78.951
-78.706
-78.679
-78.543
-78.549
-78.488
-78.259
-78.394
-78.357
-78.649
-78.506
-78.612
-78.479
-78.462
-78.059
-77.983
-78.108
-77.808
-77.909
-77.816
-77.879
-77.777
-77.779
-77.812
-78.086
-78.181
-78.461
-78.492
-78.411
-78.704
-78.727
-78.751
-78.98
-78.929
-78.833
-78.786
-78.66
-78.688
-78.801
-78.831
-78.878
-78.694
-79.068
-79.263
-79.368
-79.436
-79.311
-79.336
-79.615
-79.453
-79.42
-79.52
-79.445
-79.551
-79.696
-79.98
-79.929
-80.032
-79.911
-79.722
-79.625
-79.874
-79.535
-79.489
-79.35
-79.436
-79.41
-79.454
-79.745
-79.943
-79.855
-79.91
-79.622
-79.598
-79.509
-79.424
-79.801
-79.951
-79.759
-79.88
-80.168
-80.223
-80.338
-80.373
-80.352
-80.424
-80.303
-80.423
-80.287
-80.316
-80.382
-80.073
-80.048
-79.901
-79.849
-80.055
-80.123
-80.018
-79.989
-80.202
-80.232
-80.201
-80.323
-80.2
-79.997
-80.181
-80.06
-79.918
-79.896
-79.718
-80.011
-80.082
-80.34
-80.048
-80.367
-80.1
-79.924
-79.704
-79.837
-79.994
-79.887
-79.928
-79.795
-80.062
-79.967
-79.809
-80.061
-80.107
-80.106
-80.377
-80.426
-80.207
-80.192
-80.074
-80.07
-80.17
-79.965
-79.84
-79.795
-79.702
-79.86
-79.889
-79.569
-79.437
-79.203
-79.214
-79.157
-79.072
-79.316
-79.335
-79.347
-79.302
-79.225
-79.224
-79.279
-79.491
-79.419
-79.414
-79.437
-79.609
-79.866
-80.011
-80.175
-80.086
-79.957
-80.098
-80.381
-80.256
-80.118
-79.884
-79.846
-79.985
-80.237
-80.301
-80.278
-80.143
-80.322
-80.455
-80.41
-80.293
-80.352
-80.436
-80.29
-80.377
-80.201
-80.134
-80.178
-80.362
-80.422
-80.43
-80.34
-80.351
-80.448
-80.439
-80.42
-80.54
-80.289
-80.559
-80.467
-80.644
-80.847
-80.757
-81.13
-80.85
-80.771
-80.732
-80.609
-80.536
-80.462
-80.228
-80.361
-80.385
-80.506
-80.7
-80.678
-80.471
-80.568
-80.349
-80.194
-80.298
-80.106
-80.275
-79.991
-79.91
-79.875
-80.033
-79.674
-79.75
-79.76
-79.84
-79.793
-79.756
-79.979
-79.834
-79.74
-79.861
-79.769
-79.709
-79.584
-79.722
-79.88
-79.925
-79.844
-79.813
-79.84
-79.828
-79.788
-80.099
-80.056
-80.315
-80.321
-80.357
-80.258
-80.346
-80.425
-80.271
-80.016
-80.132
-79.865
-79.846
-79.689
-79.801
-79.926
-79.933
-80.188
-80.089
-79.778
-79.82
-80.028
-80.224
-80.29
-80.153
-80.034
-80.112
-80.204
-80.398
-80.446
-80.642
-80.849
-81.013
-81.397
-81.371
-81.098
-81.152
-81.396
-81.313
-81.141
-81.325
-81.449
-81.537
-81.542
-81.273
-81.3
-81.062
-81.008
-80.691
-80.802
-80.824
-80.923
-81.065
-80.851
-80.737
-80.676
-80.873
-81.039
-81.247
-80.9
-80.82
-80.915
-80.789
-80.807
-80.853
-80.979
-80.824
-80.501
-80.362
-80.634
-80.817
-81.12
-81.285
-81.531
-81.364
-81.377
-81.545
-81.448
-81.501
-81.875
