-77.263
-77.295
-77.171
-77.349
-77.22
-77.19
-77.337
-77.432
-77.297
-77.492
-77.573
-77.693
-77.542
-77.746
-77.88
-77.864
-77.968
-78.178
-78.168
-78.183
-78.017
-77.879
-77.912
-77.833
-77.62
-77.554
-77.512
-77.496
-77.719
-77.696
-77.758
-77.868
-78.102
-78.272
-78.215
-78.215
-78.059
-78.157
-78.003
-78.084
-78.228
-78.388
-78.225
-78.462
-78.395
-78.287
-78.459
-78.191
-78.016
-78.263
-78.406
-78.235
-78.241
-78.394
-78.375
-78.263
-78.127
-78.157
-78.016
-78.066
-78.069
-78.066
-78.074
-78.173
-78.114
-78.069
-78.389
-78.58
-78.234
-78.367
-78.555
-78.542
-78.4
-78.698
-78.711
-78.769
-78.57
-78.874
-79.057
-79.084
-79.041
-79.094
-79.201
-78.993
-79.032
-79.113
-79.074
-79.181
-79.092
-79.316
-79.205
-78.998
-78.876
-78.972
-79.03
-79.28
-79.382
-79.854
-79.854
-80.066
-80.237
-80.199
-79.911
-80.218
-80.099
-80.301
-80.653
-80.828
-80.832
-80.65
-80.476
-80.641
-80.616
-80.781
-80.772
-80.596
-80.737
-80.566
-80.513
-80.364
-80.335
-80.387
-80.363
-80.284
-80.252
-80.16
-80.13
-80.273
-80.19
-80.305
-80.267
-80.109
-79.977
-79.963
-80.2
-80.318
-80.222
-80.332
-80.521
-80.6
-80.793
-80.693
-80.632
-80.545
-80.562
-80.52
-80.649
-80.569
-80.51
-80.459
-80.14
-80.308
-80.137
-80.187
-80.037
-80.044
-79.924
-79.796
-79.827
-79.679
-79.62
-79.756
-79.569
-79.856
-79.861
-79.761
-79.873
-79.913
-80.008
-79.949
-79.803
-79.837
-80.033
-79.772
-79.924
-80.048
-80.196
-80.159
-79.941
-79.72
-79.7
-79.596
-79.74
-79.744
-79.944
-80.065
-80.225
-80.105
-80.422
-80.645
-80.465
-80.537
-80.279
-80.16
-80.063
-79.899
-80.053
-79.941
-79.751
-79.643
-79.699
-79.575
-79.924
-79.96
-80.116
-80.065
-80.072
-80.095
-79.963
-80.048
-80.038
-80.041
-80.001
-80
-80.193
-80.32
-80.327
-80.368
-80.446
-80.325
-80.311
-80.417
-80.115
-80.248
-80.353
-80.19
-80.525
-80.703
-80.856
-80.937
-81.105
-81.287
-81.169
-81.084
-80.895
-80.731
-80.802
-80.552
-80.168
-79.719
-79.575
-79.341
-79.036
-78.397
-77.981
-77.481
-77.216
-76.657
-76.499
-76.307
-75.943
-75.797
-75.566
-75.138
-74.857
-74.639
-74.52
-74.337
-74.132
-73.717
-73.471
-73.353
-72.923
-72.58
-72.436
-72.343
-72.321
-72.462
-72.385
-72.223
-72.218
-72.109
-72.178
-72.175
-72.23
-72.076
-71.981
-71.801
-71.755
-71.479
-71.494
-71.143
-71.305
-71.304
-71.437
-71.433
-71.263
-71.152
-71.273
-71.487
-71.187
-71.093
-71.004
-70.84
-70.873
-70.996
-71.07
-71.043
-71.092
-71.019
-70.683
-70.832
-70.511
-70.477
-70.493
-70.038
-69.606
-69.744
-69.517
-69.055
-68.922
-68.866
-68.449
-67.865
-67.68
-67.692
-67.862
-67.509
-67.479
-67.746
-67.48
-67.081
-66.924
-66.85
-66.697
-66.375
-65.943
-65.612
-65.162
-64.774
-64.578
-64.487
-64.17
-63.72
-63.484
-63.118
-62.745
-62.595
-62.38
-62.363
-62.201
-62.338
-62.2
-62.242
-61.925
-61.784
-61.619
-61.581
-61.209
-61.096
-60.979
-60.916
-60.503
-60.475
-60.118
-59.951
-59.655
-59.018
-58.885
-58.845
-58.615
-58.254
-58.062
-57.452
-56.781
-56.156
-55.341
-54.343
-53.646
-52.605
-51.098
-48.727
-45
-45
-45
-45
-45
-45
-45
-45
-45
-45
-45
-45
-45
-45
-46.639
-53.471
-59.176
-63.311
-65.963
-67.627
-68.629
-69.072
-69.771
-70.11
-70.541
-70.333
-70.098
-70.015
-69.894
-69.502
-69.283
-69.24
-68.924
-68.68
-68.386
-68.314
-67.953
-67.589
-67.202
-68.398
-70.644
-72.696
-74.202
-75.428
-76.351
-76.539
-76.615
-76.307
-75.975
-75.341
-74.656
-73.654
-73.046
-72.685
-72.36
-72.068
-71.818
-71.926
-72.091
-71.943
-72.335
-72.604
-72.783
-72.918
-73.101
-73.44
-73.603
-73.524
-73.555
-73.568
-73.697
-74.03
-74.347
-74.881
-75.035
-75.554
-75.821
-75.828
-75.868
-76.026
-76.434
-76.641
-76.806
-76.627
-76.609
-76.514
-76.213
-76.29
-76.304
-76.259
-75.934
-75.36
-74.793
-74.493
-74.074
-73.629
-73.534
-73.166
-73.01
-73.029
-72.735
-72.962
-73.115
-73.433
-73.835
-74.126
-74.458
-74.653
-74.681
-74.926
-74.833
-74.957
-75.345
-75.184
-75.291
-75.321
-75.61
-75.644
-76.011
-76.102
-75.898
-76.13
-76.019
-75.94
-76.089
-76.111
-76.023
-76.149
-76.089
-76.383
-76.202
-76.387
-76.43
-76.724
-76.888
-76.969
-77.285
-76.841
-76.737
-76.547
-76.514
-76.904
-76.945
-76.691
-76.907
-76.953
-76.522
-76.67
-76.47
-76.509
-76.236
-76.017
-75.739
-75.535
-75.471
-75.282
-75.046
-74.806
-74.683
-75.098
-75.167
-75.299
-75.435
-74.907
-74.738
-74.747
-74.441
-74.445
-74.694
-74.704
-75.04
-75.211
-75.243
-75.325
-75.292
-75.535
-75.655
-75.885
-76.116
-76.406
-76.673
-76.901
-77.163
-77.134
-77.095
-76.93
-76.777
-76.539
-76.331
-76.539
-76.476
-76.558
-76.694
-76.851
-76.901
-77.082
-76.951
-77.127
-77.252
-77.333
-77.072
-77.125
-76.86
-76.691
-76.71
-76.586
-76.423
-76.283
-76.102
-75.987
-75.93
-75.906
-76.259
-76.4
-76.073
-76.167
-76.312
-76.414
-76.262
-76.421
-76.709
-76.521
-76.751
-76.764
-76.892
-77.136
-76.883
-76.981
-76.628
-76.424
-76.724
-76.548
-76.327
-76.428
-76.358
-76.469
-76.382
-76.373
-76.519
-76.65
-76.753
-77.021
-77.158
-77.14
-77.287
-77.416
-77.5
-77.578
-77.529
-77.344
-77.456
-77.246
-77.505
-77.42
-77.144
-77.171
-77.342
-77.666
-77.691
-77.642
-77.611
-77.768
-77.65
-77.82
-77.981
-77.851
-77.934
-77.958
-78.102
-78.274
-78.337
-78.412
-78.559
-78.68
-78.612
-78.758
-78.858
-78.787
-78.808
-78.853
-78.702
-78.271
-78.101
-77.727
-77.484
-77.432
-77.616
-77.392
-77.227
-77.189
-77.263
-77.221
-77.426
-77.56
-77.187
-77.167
-77.09
-77.092
-76.835
-76.803
-76.642
-76.56
-76.748
-76.877
-76.863
-76.683
-76.735
-77.063
-76.966
-77.223
-77.189
-77.411
-77.4
-77.627
-77.589
-77.849
-77.744
-78.203
-78.156
-78.119
-78.207
-78.291
-78.387
-78.443
-78.259
-78.563
-78.699
-78.67
-78.773
-78.946
-78.744
-78.677
-78.96
-79.159
-79.014
-79.101
-79.16
-79.499
-79.469
-79.636
-79.577
-79.774
-79.631
-79.645
-79.818
-79.773
-79.776
-79.886
-79.924
-79.516
-79.417
-79.369
-79.491
-79.501
-79.718
-79.829
-80.095
-79.895
-79.896
-79.873
-79.877
-79.97
-79.823
-79.939
-79.923
-80.095
-80.194
-79.994
-79.86
-79.841
-79.923
-79.917
-80.171
-80.363
-80.068
-79.772
-79.445
-79.04
-78.887
-78.84
-78.529
-78.503
-78.615
-78.727
-78.722
-78.726
-78.838
-78.86
-79.005
-78.866
-78.84
-79.006
-78.909
-78.851
-78.63
-78.54
-78.689
-78.802
-78.681
-78.867
-78.792
-79.22
-79.198
-79.367
-79.422
-79.439
-79.515
-79.837
-79.599
-79.746
-79.624
-79.702
-79.902
-79.905
-79.996
-80.153
-79.841
-79.797
-80.006
-80.077
-79.891
-79.927
-79.749
-79.923
-79.902
-79.906
-79.662
-79.549
-79.57
-79.719
-79.674
-79.765
-79.645
-79.478
-79.547
-79.282
-79.411
-79.695
-79.94
-79.632
-79.89
-79.655
-79.484
-79.422
-79.273
-79.074
-79.184
-79.235
-79.319
-79.084
-79.064
-79.099
-79.319
-79.477
-79.542
-79.705
-79.902
-80.082
-80.04
-80.262
-80.401
-80.198
-80.06
-80.127
-80.227
-80.27
-80.288
-80.18
-79.978
-80.261
-80.451
-80.554
-80.627
-80.751
-80.619
-80.56
-80.678
-80.728
-80.539
-80.515
-80.534
-80.652
-80.484
-80.494
-80.528
-80.42
-80.197
-80.209
-80.243
-80.254
-80.114
-80.267
-80.408
-80.314
-80.127
-80.162
-80.288
-80.198
-80.211
-80.148
-80.255
-80.347
-80.237
-80.32
-80.486
-80.534
-80.417
-80.194
-80.266
-80.405
-80.203
-80.312
-80.253
-80.498
-80.567
-80.464
-80.222
-80.108
-79.969
-79.661
-79.352
-79.397
-79.24
-79.341
-79.628
-79.538
-79.363
-79.236
-79.19
-79.144
-79.108
-79.273
-79.378
-79.659
-79.515
-79.377
-79.35
-79.195
-79.635
-79.419
-79.589
-79.701
-79.982
-80.103
-80.132
-80.108
-79.867
-79.986
-79.976
-80.132
-80.26
-80.316
-80.287
-80.396
-80.519
-80.447
-80.628
-80.701
-80.709
-80.793
-80.726
-80.833
-80.821
-81.24
-81.261
-81.227
-81.053
-81.211
-81.127
-81.142
-81.364
-81.113
-81.052
-81.06
-81.067
-81.104
-81.038
-80.985
-81.108
-81.197
-81.326
-81.256
-81.081
-80.996
-80.965
-81.12
-81.163
-81.488
-81.455
-81.506
-81.52
-81.74
-81.625
-81.585
-81.762
-81.663
-81.817
-82.048
-82.091
-82.124
-81.956
-81.986
-81.823
-81.591
-81.418
-81.385
-81.322
-80.973
-80.802
-80.958
-81.164
-81.457
-81.344
-81.597
-81.714
-81.95
-81.804
-81.694
-81.634
-81.842
-81.665
-81.518
-81.517
-81.372
-81.435
-81.225
-81.228
-81.385
-81.528
