-73.5
-73.616
-73.385
-73.479
-73.581
-73.685
-73.75
-73.696
-73.774
-73.777
-73.651
-73.721
-73.674
-73.688
-73.31
-73.372
-73.199
-73.267
-73.274
-73.335
-73.242
-73.081
-72.885
-72.839
-73.094
-73.01
-73.103
-72.875
-72.762
-72.952
-73.039
-72.804
-72.903
-72.764
-72.807
-72.777
-72.566
-72.51
-72.447
-72.691
-72.676
-72.639
-72.426
-72.267
-72.54
-72.678
-72.685
-72.589
-72.844
-72.867
-73.261
-73.111
-73.053
-73.085
-72.986
-72.815
-73.126
-73.326
-73.587
-73.981
-74.05
-74.132
-74.028
-74.049
-73.792
-73.72
-73.583
-73.526
-73.541
-73.626
-73.462
-73.323
-73.344
-73.245
-73.269
-73.336
-73.135
-73.095
-73.132
-73.128
-72.94
-73.021
-73.125
-73.167
-73.389
-73.394
-73.235
-73.144
-72.768
-72.603
-72.376
-72.492
-72.201
-72.199
-72.245
-72.175
-72.416
-72.177
-72.025
-71.828
-72.061
-71.817
-71.922
-72.005
-72.007
-71.839
-71.831
-71.651
-71.621
-71.589
-71.412
-71.676
-71.598
-71.792
-71.778
-71.952
-72.037
-72.089
-72.28
-72.398
-72.281
-72.236
-72.151
-72.069
-72.331
-72.326
-72.385
-72.54
-72.32
-72.569
-72.225
-72.483
-72.261
-72.505
-72.477
-72.406
-72.339
-72.501
-72.432
-72.392
-72.435
-72.556
-72.794
-72.692
-72.811
-72.797
-72.622
-72.665
-72.533
-72.488
-72.373
-72.549
-72.585
-72.794
-73.074
-73.138
-73.212
-73.311
-73.322
-73.403
-73.21
-72.949
-72.933
-73.124
-73.267
-73.2
-72.856
-72.559
-72.628
-72.389
-72.22
-72.155
-72.203
-72.273
-72.276
-72.359
-72.52
-72.478
-72.667
-72.674
-72.784
-72.584
-72.394
-72.272
-72.13
-72.154
-72.142
-72.459
-71.994
-71.916
-71.746
-71.672
-71.788
-72.003
-71.94
-72.151
-72.281
-72.51
-72.696
-72.569
-72.537
-72.643
-72.602
-72.515
-72.547
-72.641
-72.785
-73.106
-73.141
-73.356
-73.337
-73.058
-73.2
-73.203
-73.049
-73.112
-73.054
-72.768
-72.87
-72.931
-73.174
-73.256
-73.391
-73.58
-73.746
-73.544
-73.527
-73.607
-73.809
-73.55
-73.575
-73.542
-73.561
-73.363
-73.563
-73.47
-73.714
-73.79
-74.048
-73.794
-73.919
-73.636
-73.847
-73.623
-73.734
-73.907
-73.569
-73.716
-73.664
-73.885
-73.848
-73.885
-73.751
-73.545
-73.286
-73.193
-73.136
-73.168
-73.042
-73.204
-73.418
-73.282
-73.231
-73.11
-73.246
-73.289
-73.606
-73.5
-73.325
-73.139
-72.989
-73.177
-73.258
-73.256
-73.459
-73.417
-73.336
-73.257
-73.111
-73.188
-73.218
-73.087
-73.039
-73.239
-73.133
-73.35
-73.251
-72.839
-72.829
-72.9
-72.848
-72.971
-72.766
-72.798
-72.566
-72.751
-72.519
-72.711
-72.553
-72.462
-72.081
-71.603
-71.291
-70.957
-70.691
-70.314
-70.001
-69.8
-69.52
-69.091
-68.676
-68.286
-68.271
-68.209
-67.932
-67.847
-67.677
-67.631
-67.438
-67.456
-67.662
-67.669
-67.525
-67.704
-67.891
-67.701
-67.701
-67.446
-67.107
-67.239
-67.323
-67.202
-67.213
-67.017
-67.009
-66.876
-67.047
-67.029
-66.743
-66.76
-66.756
-66.791
-66.636
-66.914
-67.22
-67.342
-67.55
-67.449
-67.302
-67.289
-67.194
-67.064
-67.079
-67.089
-67.193
-67.218
-67.146
-66.947
-67.189
-66.926
-67.201
-67.101
-67.18
-67.238
-67.317
-67.527
-67.366
-67.393
-67.203
-67.008
-67.181
-66.97
-67.14
-67.142
-67.01
-67.571
-67.777
-67.484
-67.56
-67.519
-67.501
-67.544
-67.48
-67.518
-67.472
-67.5
-67.491
-67.454
-67.364
-67.536
-67.555
-67.303
-67.534
-67.489
-67.294
-67.24
-67.288
-67.203
-66.894
-67.03
-66.497
-66.101
-65.914
-65.398
-65.148
-64.74
-64.753
-64.616
-64.354
-64.269
-64.069
-64.009
-64.011
-63.622
-63.526
-63.324
-62.924
-62.552
-62.09
-61.944
-61.607
-61.407
-61.336
-60.889
-60.573
-60.161
-59.588
-59.432
-59.287
-58.661
-58.54
-58.471
-58.386
-57.865
-57.552
-57.15
-57.245
-57.152
-56.863
-56.635
-56.356
-56.257
-56.139
-55.771
-55.075
-54.866
-54.501
-53.897
-53.39
-52.476
-51.437
-49.412
-45.795
-45
-45
-45
-45
-45
-45
-45
-45
-45
-45
-45
-45
-45
-45.399
-52.277
-58.532
-62.78
-65.901
-68.243
-69.943
-71.196
-71.926
-72.481
-73.003
-72.941
-73.518
-73.45
-73.508
-73.086
-72.802
-72.489
-72.182
-71.595
-71.016
-70.357
-70.007
-69.289
-68.566
-68.107
-68.105
-67.509
-67.255
-66.824
-66.682
-66.508
-66.322
-66.225
-65.729
-65.299
-65.089
-64.679
-64.446
-64.346
-64.241
-64.187
-63.852
-63.766
-63.772
-63.625
-63.519
-63.071
-63.114
-63.042
-62.901
-62.941
-62.614
-62.17
-61.847
-61.915
-61.422
-61.152
-60.706
-60.496
-60.3
-60.157
-60.238
-60.073
-60.119
-59.948
-59.777
-59.561
-59.134
-59.038
-59
-58.97
-58.7
-58.605
-58.581
-58.461
-58.412
-58.223
-58.223
-58.263
-58.562
-58.796
-58.604
-58.649
-58.771
-58.751
-58.988
-58.903
-58.819
-60.724
-64.601
-68.625
-72.078
-74.726
-76.404
-77.354
-78.234
-78.767
-79.402
-79.618
-79.714
-79.512
-79.706
-79.537
-79.801
-80.072
-80.102
-80.131
-80.224
-80.223
-80.191
-80.199
-80.047
-79.901
-80.037
-79.81
-79.862
-80.267
-80.266
-80.246
-80.3
-80.298
-80.45
-80.411
-80.416
-80.457
-80.314
-80.119
-79.957
-79.424
-79.063
-78.633
-78.527
-78.132
-77.738
-77.351
-77.039
-76.993
-76.798
-76.563
-76.333
-76.359
-76.415
-76.354
-76.219
-76.313
-76.379
-76.355
-76.256
-76.123
-76.085
-76.075
-76.133
-75.884
-75.847
-75.651
-75.457
-75.269
-75.594
-75.66
