-79.011
-79.227
-79.4
-79.013
-78.75
-78.645
-78.236
-78.36
-78.421
-78.316
-78.332
-78.258
-78.06
-78.303
-77.944
-78.106
-78.014
-77.915
-77.881
-77.983
-78.042
-78.153
-78.077
-78.128
-78.116
-78.194
-78.204
-78.057
-78.009
-78.087
-77.618
-77.563
-77.536
-77.664
-77.483
-77.376
-77.54
-77.31
-77.304
-77.228
-77.231
-77.107
-77.235
-77.443
-77.728
-77.757
-77.755
-77.901
-77.903
-77.541
-77.64
-77.749
-77.654
-77.602
-77.744
-77.832
-78.18
-78.027
-77.622
-77.351
-77.342
-77.355
-76.956
-76.931
-77.036
-76.996
-77.154
-77.155
-77.147
-77.25
-77.062
-77.055
-77.03
-76.989
-77.131
-77.03
-77.081
-77.241
-76.838
-77.032
-77.092
-76.934
-76.904
-76.86
-76.865
-76.73
-76.649
-76.491
-76.269
-76.186
-75.949
-75.932
-76.084
-76.214
-76.435
-76.662
-76.622
-76.575
-76.842
-76.804
-76.719
-76.584
-76.57
-76.38
-76.215
-76.33
-76.205
-76.258
-76.252
-76.288
-76.269
-76.521
-76.358
-76.511
-76.247
-76.231
-76.325
-76.317
-76.337
-76.513
-76.262
-76.145
-76.315
-76.053
-76.004
-76.112
-76.319
-76.465
-76.398
-76.593
-76.819
-76.952
-76.92
-76.895
-76.739
-76.481
-76.518
-76.549
-76.526
-76.492
-76.634
-76.599
-76.264
-76.278
-76.152
-76.079
-76.085
-75.973
-75.884
-76.073
-76.287
-76.116
-76.156
-76.141
-75.937
-75.913
-75.805
-75.574
-75.511
-75.616
-76.004
-75.756
-75.584
-75.568
-75.774
-75.933
-75.58
-75.387
-75.577
-75.361
-75.452
-75.287
-75.381
-75.235
-75.18
-75.141
-75.226
-75.521
-75.435
-75.676
-75.683
-75.732
-75.979
-75.768
-75.788
-75.811
-76.228
-76.111
-76.165
-76.106
-75.988
-75.899
-76.234
-76.472
-76.474
-76.422
-76.503
-76.506
-76.299
-76.127
-76.131
-76.172
-76.349
-76.376
-76.457
-76.272
-76.082
-76.153
-76.495
-76.236
-76.238
-76.214
-76.346
-76.638
-76.61
-76.393
-76.678
-76.734
-76.685
-76.628
-76.653
-76.568
-76.775
-76.602
-76.686
-76.758
-76.915
-76.939
-77.037
-76.927
-76.901
-76.98
-76.872
-76.956
-76.866
-76.744
-76.661
-76.729
-76.705
-76.547
-76.601
-76.336
-76.458
-76.721
-76.707
-77.184
-77.429
-77.471
-77.474
-77.804
-77.799
-77.64
-77.848
-77.858
-77.815
-77.979
-78.059
-77.948
-77.947
-77.711
-77.708
-77.716
-77.852
-77.711
-77.63
-77.656
-77.869
-77.99
-78.085
-78.175
-78.178
-78.362
-78.285
-78.254
-78.04
-78.095
-78.121
-78.002
-77.907
-78.113
-78.388
-78.44
-78.36
-78.091
-77.926
-78.137
-78.381
-78.465
-78.055
-78.278
-78.396
-78.479
-78.745
-78.716
-78.666
-78.887
-78.883
-79.138
-78.825
-78.703
-78.889
-79.116
-78.922
-79.089
-79.066
-79.026
-78.788
-79.012
-78.886
-78.738
-78.612
-78.61
-78.695
-78.532
-78.399
-78.512
-78.626
-78.545
-78.633
-78.379
-78.477
-78.455
-78.219
-78.389
-78.517
-78.452
-78.364
-78.182
-78.561
-78.508
-78.48
-78.573
-78.775
-78.777
-79.137
-79.026
-79.131
-79.029
-79.215
-79.154
-79.197
-79.163
-79.224
-79.208
-79.282
-79.143
-78.908
-78.857
-78.729
-78.875
-79.039
-78.928
-78.815
-78.656
-78.595
-78.578
-78.588
-78.747
-78.994
-78.924
-78.67
-78.48
-78.324
-78.34
-77.918
-77.621
-77.199
-77.142
-77.078
-76.482
-76.294
-75.615
-75.614
-75.403
-75.043
-74.572
-74.145
-74.181
-73.859
-74.091
-73.907
-73.859
-73.761
-73.586
-73.547
-73.228
-72.906
-72.987
-72.688
-72.638
-72.564
-72.562
-72.419
-72.31
-72.252
-72.139
-71.822
-71.548
-71.587
-71.561
-71.572
-71.229
-70.998
-70.804
-70.532
-70.611
-70.5
-70.582
-70.546
-70.456
-70.645
-70.766
-70.738
-70.881
-70.898
-70.83
-70.694
-70.608
-70.755
-70.773
-70.34
-70.141
-70.051
-70.11
-69.966
-70.085
-70.311
-70.414
-70.573
-70.42
-70.327
-70.486
-70.366
-70.384
-70.706
-70.758
-70.591
-70.749
-70.597
-70.896
-70.627
-70.631
-70.802
-70.846
-71.132
-71.331
-71.303
-71.405
-71.5
-71.561
-71.783
-72.077
-71.774
-71.865
-71.702
-71.649
-71.937
-72.075
-72.239
-72.299
-72.314
-72.133
-72.179
-72.088
-71.776
-71.863
-72.007
-72.008
-71.895
-71.832
-71.792
-72.047
-72.013
-72.46
-72.37
-72.355
-72.328
-72.254
-72.168
-72.054
-71.911
-71.422
-71.15
-70.892
-71.037
-70.681
-70.33
-69.8
-69.746
-69.621
-69.415
-69.405
-69.231
-69.095
-68.977
-68.601
-68.293
-67.714
-67.598
-67.343
-66.881
-67.011
-66.852
-66.468
-66.406
-66.353
-66.403
-66.311
-66.261
-65.881
-65.919
-65.728
-65.87
-65.786
-65.784
-65.51
-65.537
-65.736
-65.603
-65.637
-65.461
-65.614
-65.762
-65.487
-65.142
-65.305
-65.386
-65.211
-65.368
-65.654
-65.567
-65.548
-65.353
-65.147
-65.213
-65.212
-65.444
-65.447
-65.389
-65.232
-64.819
-64.466
-64.509
-64.389
-64.111
-64.002
-63.637
-63.488
-63.142
-62.922
-62.8
-62.936
-62.836
-62.48
-62.351
-64.007
-67.348
-70.665
-73.216
-75.205
-76.36
-77.606
-78.099
-78.78
-78.93
-78.925
-79.101
-79.467
-79.533
-79.556
-79.321
-79.027
-79.301
-79.013
-78.877
-78.868
-78.892
-78.922
-78.851
-79.163
-79.27
-79.209
-79.123
-79.022
-78.968
-78.99
-78.806
-78.828
-79.11
-79.184
-79.112
-79.014
-79.005
-79.311
-79.205
-79.06
-79.069
-79.158
-78.91
-78.837
-78.503
-78.466
-78.564
-78.318
-78.561
-78.66
-78.88
-78.876
-79.016
-78.772
-78.634
-78.65
-78.595
-78.644
-78.731
-78.779
-78.701
-79.113
-79.452
-79.328
-79.473
-79.597
-79.662
-79.647
-79.311
-79.422
