-74.268
-74.345
-74.238
-74.179
-74.09
-74.031
-74.191
-74.36
-74.269
-74.055
-73.897
-73.755
-73.839
-73.904
-73.867
-74.005
-74.073
-74.172
-74.251
-74.348
-74.379
-74.298
-74.115
-74.244
-74.556
-74.729
-75.057
-74.94
-74.814
-74.635
-74.455
-74.614
-74.387
-74.43
-74.399
-74.254
-74.617
-74.328
-74.28
-74.184
-74.329
-74.686
-74.701
-74.968
-75.16
-75.184
-75.478
-75.426
-75.665
-76.011
-76.222
-76.037
-76.057
-75.982
-76.03
-76.115
-76.003
-75.814
-75.749
-75.734
-75.634
-75.724
-75.857
-75.579
-75.742
-75.723
-75.695
-75.573
-75.481
-75.331
-75.574
-75.59
-75.548
-75.401
-75.249
-75.314
-74.99
-74.997
-75.094
-74.972
-74.899
-74.823
-75.069
-74.997
-74.956
-74.748
-74.824
-74.908
-74.815
-74.892
-74.939
-74.883
-74.906
-75.226
-75.17
-75.173
-75.074
-75.249
-75.056
-75.069
-74.985
-74.708
-74.614
-74.444
-74.49
-74.304
-74.048
-74.376
-74.416
-74.246
-74.35
-74.154
-74.033
-74.259
-74.578
-74.741
-74.372
-74.343
-74.721
-74.454
-74.191
-74.011
-74.009
-74.173
-74.025
-74.166
-74.431
-74.4
-74.237
-74.348
-74.61
-74.947
-74.982
-74.713
-74.773
-74.812
-74.92
-74.737
-74.705
-74.821
-75.241
-75.012
-75.069
-75.18
-75.534
-75.513
-75.491
-75.526
-75.555
-75.666
-75.67
-75.868
-75.825
-75.881
-75.891
-75.798
-75.848
-75.815
-75.632
-75.38
-75.51
-75.583
-75.667
-75.353
-75.356
-75.409
-75.352
-75.079
-75.507
-75.517
-75.505
-75.791
-75.985
-75.978
-75.992
-76.134
-76.142
-76.222
-76.4
-76.751
-76.847
-76.726
-76.634
-76.574
-76.764
-76.452
-76.017
-76.221
-76.504
-76.369
-76.205
-76.295
-76.149
-76.247
-76.244
-76.116
-76.066
-76.154
-76.146
-76.345
-76.317
-76.085
-76.17
-76.411
-76.312
-76.284
-76.217
-75.878
-75.889
-75.518
-75.414
-75.485
-75.17
-75.132
-74.974
-75.156
-75.24
-75.456
-75.643
-75.546
-75.382
-75.46
-75.578
-75.347
-75.035
-74.946
-74.953
-75.012
-75.038
-75.133
-75.172
-75.117
-74.937
-74.84
-74.621
-74.891
-74.842
-74.504
-74.686
-74.673
-74.526
-74.313
-74.03
-73.707
-73.753
-73.513
-73.482
-73.467
-73.368
-73.41
-73.53
-73.204
-73.138
-73.306
-73.544
-73.067
-73.278
-72.892
-72.913
-72.955
-72.884
-72.637
-72.709
-72.524
-72.409
-72.571
-72.602
-72.477
-72.282
-71.915
-71.673
-71.658
-71.942
-72.036
-71.994
-72.033
-71.783
-72.078
-72.005
-71.823
-71.966
-71.895
-71.703
-71.614
-71.643
-71.666
-71.811
-71.875
-71.831
-71.831
-71.76
-71.861
-71.952
-71.991
-72.164
-72.004
-72.095
-72.382
-72.412
-72.637
-72.714
-72.823
-72.827
-72.783
-72.636
-72.982
-73.018
-72.789
-73.068
-72.694
-72.776
-72.913
-73.286
-73.147
-72.895
-72.798
-72.629
-72.562
-72.715
-72.763
-72.936
-73.19
-73.238
-73.046
-72.963
-72.636
-72.752
-72.68
-72.95
-72.967
-73.274
-74.287
-75.78
-76.839
-77.823
-78.432
-78.827
-79.137
-79.582
-79.688
-79.973
-80.103
-79.87
-79.903
-80.085
-80.079
-80.206
-80.065
-79.816
-79.828
-79.836
-79.922
-80.266
-80.171
-79.909
-80.033
-79.906
-79.561
-79.875
-79.65
-79.813
-79.899
-79.782
-79.976
-79.884
-79.572
-79.551
-79.72
-79.841
-79.85
-79.717
-79.982
-80.081
-80.224
-80.208
-80.24
-80.117
-79.989
-80.12
-80.099
-79.936
-80.031
-79.931
-80.08
-79.74
-79.613
-79.424
-79.505
-79.67
-79.674
-79.541
-79.763
-79.556
-79.597
-79.474
-79.533
-79.615
-79.642
-79.813
-79.837
-79.595
-79.618
-79.49
-79.65
-79.586
-79.568
-79.355
-79.405
-79.45
-79.459
-79.663
-79.812
-79.801
-80.116
-80.069
-80.219
-80.288
-80.19
-79.89
-80.105
-80.261
-80.36
-80.201
-80.084
-80.085
-80.162
-80.123
-80.238
-79.924
-79.646
-79.667
-79.511
-79.879
-79.842
-79.866
-80.03
-79.985
-79.967
-79.921
-80.062
-80.015
-80.132
-79.977
-79.767
-80.107
-79.932
-79.881
-79.955
-79.986
-79.99
-80.038
-79.826
-79.858
-79.721
-79.953
-79.911
-80.074
-80.198
-79.89
-79.888
-79.875
-79.806
-79.615
-79.758
-79.759
-79.881
-79.859
-79.714
-79.773
-79.704
-79.839
-79.835
-79.892
-79.912
-79.924
-79.969
-79.896
-79.557
-79.027
-78.88
-78.332
-78.087
-78.102
-77.688
-77.583
-77.725
-77.794
-77.504
-77.635
-77.757
-77.881
-77.761
-77.82
-77.882
-77.967
-78.211
-78.635
-79.086
-79.18
-79.435
-79.602
-79.631
-79.575
-79.382
-79.674
-79.644
-79.581
-79.49
-79.28
-79.322
-79.485
-79.629
-79.491
-79.456
-79.444
-79.467
-78.811
-78.439
-78.263
-78.228
-78.295
-78.236
-78.475
-78.37
-78.409
-78.443
-78.385
-78.272
-77.987
-77.897
-77.905
-77.556
-77.647
-77.209
-76.72
-76.41
-76.019
-76.051
-76.103
-75.86
-76.016
-76.218
-76.227
-76.482
-76.53
-76.551
-76.736
-76.843
-76.88
-76.986
-77.099
-77.155
-77.097
-76.649
-76.203
-76.574
-76.842
-77.129
-77.241
-77.486
-77.736
-77.95
-77.966
-78.199
-78.039
-78.109
-78.132
-78.433
-78.366
-78.468
-78.735
-78.614
-78.491
-78.689
-78.811
-78.592
-78.481
-78.008
-78.037
-77.67
-77.537
-77.552
-77.771
-77.619
-77.584
-77.778
-77.907
-77.712
-78.011
-77.925
-78.101
-78.159
-78.307
-78.461
-78.263
-78.526
-78.419
-78.752
-78.947
-79.057
-79.043
-78.792
-78.573
-78.331
-78.468
-78.56
-78.35
-78.57
-78.422
-78.591
-78.673
-78.299
-78.295
-77.976
-77.757
-77.576
-77.545
-77.708
-77.288
-77.076
-76.394
-76.211
-76.081
-75.813
-75.814
-75.912
