-79.929
-80.014
-80.013
-79.803
-79.804
-79.65
-79.686
-79.931
-79.81
-79.866
-80.035
-80.247
-80.401
-80.108
-80.117
-80.211
-80.023
-80.038
-80.023
-80.162
-80.214
-80.396
-80.189
-80.105
-79.868
-79.976
-80.137
-80.28
-80.208
-79.99
-80.049
-79.811
-79.685
-79.656
-79.526
-79.633
-79.783
-79.71
-79.609
-79.533
-79.44
-79.652
-79.586
-79.567
-79.496
-79.508
-79.625
-79.614
-79.791
-79.935
-79.901
-79.871
-79.854
-80.011
-79.912
-79.821
-79.777
-79.687
-79.409
-79.47
-79.297
-79.333
-79.369
-79.363
-79.373
-79.486
-79.491
-79.405
-79.662
-79.899
-80.103
-80.406
-80.331
-80.247
-80.283
-80.214
-79.807
-80.023
-79.935
-79.82
-79.939
-79.746
-79.707
-79.661
-80.024
-80.066
-80.245
-80.371
-80.404
-80.161
-80.083
-80.015
-79.988
-80.213
-80.352
-80.24
-80.346
-80.562
-80.677
-80.528
-80.754
-80.83
-80.565
-80.728
-80.673
-80.675
-80.992
-80.717
-80.555
-80.318
-80.126
-80.012
-79.958
-79.97
-79.853
-79.863
-79.683
-80.032
-80.306
-80.208
-80.086
-80.06
-80.138
-80.159
-80.051
-80.115
-79.934
-79.931
-80.004
-79.945
-79.744
-80.162
-80.11
-79.854
-79.518
-79.529
-79.584
-79.451
-79.45
-79.246
-79.18
-79.291
-79.186
-79.185
-79.067
-78.974
-79.063
-78.603
-78.526
-78.965
-79.454
-79.389
-79.671
-79.664
-79.581
-79.502
-79.599
-79.885
-79.953
-80.015
-80.229
-80.5
-80.249
-80.217
-80.134
-80.203
-80.254
-80.199
-80.359
-80.099
-79.89
-79.934
-80.02
-79.911
-79.974
-80.068
-79.895
-80.038
-80.077
-80.037
-80.071
-80.022
-79.99
-79.961
-80.327
-80.055
-79.823
-79.774
-79.691
-79.994
-80.096
-80.31
-80.374
-80.212
-80.384
-80.243
-80.16
-79.856
-80.103
-80.349
-80.236
-80.06
-79.941
-79.91
-79.917
-80.075
-80.119
-80.102
-80.348
-80.287
-80.46
-80.45
-80.746
-80.65
-80.508
-80.446
-79.932
-80.078
-80.097
-80.017
-79.925
-79.743
-80.014
-79.897
-79.885
-79.927
-79.74
-79.587
-79.751
-79.943
-79.881
-80.057
-80.119
-80.04
-79.907
-79.717
-79.85
-79.586
-79.88
-79.994
-79.997
-80.227
-80.301
-79.951
-79.812
-80.066
-79.847
-79.842
-79.877
-79.877
-79.892
-79.923
-79.726
-79.647
-79.576
-79.81
-79.912
-79.674
-79.648
-79.639
-79.514
-79.669
-79.803
-79.802
-79.839
-79.813
-79.941
-79.717
-79.704
-79.914
-79.809
-79.727
-79.936
-79.776
-79.716
-79.774
-79.792
-79.693
-79.722
-79.466
-79.509
-79.794
-79.63
-79.651
-79.613
-79.733
-79.659
-79.51
-79.407
-79.381
-79.225
-79.139
-79.162
-79.08
-78.923
-79.066
-78.975
-79.126
-78.967
-79.038
-79.206
-79.172
-79.214
-79.219
-78.811
-79.01
-79.156
-79.273
-79.25
-79.345
-79.271
-79.333
-79.277
-79.563
-79.761
-79.927
-79.491
-79.265
-79.113
-79.347
-79.118
-79.215
-79.401
-79.099
-78.985
-79.236
-79.304
-79.504
-79.513
-79.622
-79.626
-79.642
-79.488
-79.505
-79.591
-79.329
-79.713
-79.742
-79.92
-79.894
-79.951
-80.029
-80.045
-79.711
-79.8
-79.706
-79.865
-79.834
-80.039
-80.08
-80.058
-80.054
-79.901
-80.115
-79.948
-80.004
-79.796
-79.924
-80.059
-79.993
-80.153
-80.31
-80.412
-80.44
-80.436
-80.48
-80.546
-80.554
-80.662
-80.674
-80.637
-80.48
-80.415
-80.692
-80.892
-80.784
-80.855
-80.96
-80.833
-80.682
-80.453
-80.107
-80.15
-79.955
-79.998
-80.056
-80.154
-80.204
-80.126
-79.993
-79.83
-79.98
-79.904
-79.885
-79.746
-79.815
-79.775
-79.769
-79.623
-79.705
-79.656
-79.639
-79.698
-79.723
-79.618
-79.404
-79.474
-79.455
-79.466
-79.493
-79.525
-79.467
-79.11
-79.095
-79.195
-79.184
-79.357
-79.584
-79.694
-79.539
-79.801
-79.997
-80.123
-80.038
-80.042
-80.052
-80.231
-80.572
-80.375
-80.566
-80.341
-80.451
-80.144
-80.053
-79.995
-79.675
-79.71
-79.761
-79.615
-79.352
-79.512
-79.25
-79.031
-79.225
-79.168
-79.438
-79.743
-79.718
-79.795
-79.87
-80.029
-79.884
-79.87
-80.086
-80.025
-80.052
-80.057
-80.046
-79.754
-79.798
-79.464
-79.056
-79.081
-78.9
-78.899
-78.537
-78.684
-78.757
-78.796
-78.801
-78.927
-79.153
-79.508
-79.418
-79.228
-79.282
-79.616
-79.469
-79.442
-79.175
-79.302
-79.272
-79.233
-79.174
-79.562
-79.58
-79.429
-79.57
-79.553
-80.015
-79.959
-80.033
-79.788
-79.544
-79.522
-79.662
-79.987
-79.939
-79.991
-80.269
-79.94
-79.906
-79.834
-79.81
-79.725
-79.746
-79.663
-79.589
-79.678
-79.697
-79.834
-79.862
-79.576
-79.373
-79.592
-79.507
-79.807
-79.725
-79.722
-79.649
-79.735
-79.778
-79.75
-79.889
-79.792
-79.848
-79.826
-79.574
-79.461
-79.744
-79.672
-79.597
-79.673
-79.909
-79.732
-79.994
-79.699
-79.688
-79.854
-79.859
-80.131
-80.233
-80.257
-80.077
-80.176
-80.19
-79.952
-80.207
-80.269
-80.133
-80.058
-79.942
-79.899
-79.881
-80.127
-80.055
-79.879
-79.845
-79.828
-79.968
-80.177
-79.975
-80.096
-79.738
-80.073
-79.941
-79.658
-79.915
-79.947
-79.848
-79.663
-79.748
-79.64
-79.562
-79.749
-79.694
-79.775
-80.09
-80.011
-79.957
-79.909
-79.726
-79.921
-79.944
-79.965
-79.87
-80.013
-80.07
-80.055
-80.115
-79.922
-79.902
-80.022
-80.057
-79.842
-79.845
-79.819
-79.938
-79.932
-80.051
-79.805
-79.715
-80.21
-80.267
-80.161
-80.172
-80.086
-80.052
-80.02
-80.016
-79.611
-79.883
-80.168
-80.297
-80.205
-80.066
-79.885
-80.051
-80.045
-79.892
-79.901
-79.853
-79.846
-79.96
-79.91
-80.001
-80.05
-80.299
-80.204
-80.173
-80.046
-80.113
-79.814
-79.903
-80.094
-80.192
-79.985
-79.803
-79.88
-80.073
-80.162
-80.507
-80.24
-80.07
-80.278
-80.175
-80.4
-80.132
-80.018
-79.939
-79.889
-79.783
-80.166
-80.137
-80.028
-80.14
-80.016
-80.083
-80.087
-79.891
-79.81
-79.979
-79.98
-80.227
-80.209
-80.13
-80.11
-79.987
-79.835
-80.052
-79.75
-79.885
-79.681
-79.852
-79.782
-80.013
-79.782
-79.804
-80.06
-79.87
-80.016
-79.823
-79.826
-79.625
-79.552
-79.566
-79.677
-79.671
-80.043
-79.777
-79.747
-79.687
-79.94
-80.033
-80.092
-80.214
-80.205
-80.28
-80.141
-80.413
-80.498
-80.267
-80.202
-80.337
-80.456
-80.464
-80.526
-80.608
-80.43
-80.234
-80.071
-79.865
-79.773
-79.831
-79.927
-79.884
-80.001
-79.953
-80.251
-80.204
-80.236
-80.243
-80.249
-80.394
-80.146
-80.175
-80.115
-80.385
-80.5
-80.31
-80.2
-80.035
-80.134
-80.239
-80.066
-80.08
-80.121
-80.079
-80.138
-80.265
-80.123
-79.928
-79.993
-79.717
-79.811
-79.9
-79.957
-80.155
-80.113
-80.08
-80.087
-79.941
-79.952
-79.77
-79.915
-79.858
-79.742
-79.82
-79.725
-80.017
-80.1
-79.966
-80.097
-80.17
-79.904
-79.747
-79.718
-79.952
-80.115
-80.195
-80.255
-80.347
-80.5
-80.377
-80.19
-80.294
-80.282
-80.309
-80.343
-80.318
-80.206
-80.275
-80.05
-80.092
-80.053
-80.228
-79.983
-79.884
-79.962
-79.862
-79.947
-80.076
-80.184
-80.197
-79.983
-80.096
-79.874
-79.613
-79.693
-79.538
-79.761
-79.562
-79.618
-79.611
-79.853
-79.707
-79.891
-79.818
-79.679
-79.783
-79.995
-79.881
-80.004
-80.079
-80.277
-80.316
-80.468
-80.418
-80.697
-80.569
-80.162
-80.384
-80.327
-80.169
-80.504
-80.562
-80.334
-79.962
-79.62
-79.799
-79.95
-80.005
-79.978
-80.027
-80.09
-80.09
-80.123
-79.993
-79.863
-80.006
-80.146
-79.944
-80
-79.988
-79.913
-79.978
-79.865
-79.748
-79.932
-80.035
-80.003
-80.196
-80.177
-79.934
-79.898
-79.706
-79.87
-79.829
-79.81
-79.676
-79.628
-79.778
-79.977
-79.914
-79.888
-80.014
-79.977
-79.975
-79.891
-80.096
-80.439
-80.502
-80.34
-80.022
-80.283
-80.376
-80.179
-80.247
-80.293
-80.292
-80.207
-80.076
-79.937
-80.128
-80.06
-80
-79.988
-80.123
-79.96
-79.984
-80.131
-80.218
-80.2
-79.989
-79.808
-79.508
-79.57
-79.485
-79.438
-79.275
-79.33
-79.401
-79.68
-79.819
-79.688
-79.58
-79.739
-79.742
-79.754
-79.878
-79.722
-79.667
-79.7
-79.875
-80.091
-80.066
-80.15
-80.159
-80.158
-80.118
-79.945
-80.059
-79.987
-79.755
-79.811
-79.723
-79.948
-79.989
-79.822
-79.814
-80.027
-80.043
-80.044
-79.985
-80.064
-80.012
-79.995
-80.03
-79.986
-79.955
-79.751
-79.714
-79.677
-79.705
-79.707
-79.367
-79.478
-79.36
-79.5
-79.721
-79.601
-79.484
-79.38
-79.558
-79.4
-79.244
-79.342
-79.612
-79.343
-79.588
-79.644
-79.745
-79.747
-80.182
-80.167
-80.117
-80.143
-79.983
-79.952
-79.856
-79.988
-80.09
-80.114
-79.864
-79.708
-79.698
-79.658
-79.627
-79.641
-79.786
-79.723
-79.777
-79.906
-79.905
-79.805
-79.746
-79.841
-79.84
-79.852
-79.883
-80.027
-80
-79.992
-79.912
-79.902
-79.854
-80.037
-80.03
-80.063
-79.909
-79.728
