-80.613
-80.567
-80.743
-80.651
-80.565
-80.522
-80.63
-80.667
-80.699
-81.064
-81.072
-80.976
-80.943
-80.848
-80.824
-80.806
-80.443
-80.343
-80.037
-79.809
-79.895
-79.931
-79.68
-79.536
-79.855
-79.837
-79.676
-79.509
-79.525
-79.556
-79.768
-79.681
-80.026
-80.123
-79.882
-80.081
-79.924
-79.538
-79.635
-79.869
-79.85
-79.992
-80.057
-79.901
-79.887
-79.885
-79.826
-80.01
-80.101
-80.166
-80.04
-80.004
-80.153
-79.973
-79.957
-79.902
-80.09
-79.958
-80.23
-80.412
-80.334
-80.088
-80.122
-80.012
-80.016
-79.668
-79.687
-80.069
-80.014
-80.053
-80.232
-80.245
-79.862
-80.022
-79.934
-80.071
-79.776
-80.119
-80.308
-80.258
-80.145
-79.792
-79.669
-79.237
-79.003
-78.807
-78.746
-79.044
-78.89
-78.946
-78.975
-79.132
-79.085
-79.165
-78.994
-79.066
-79.116
-79.248
-79.53
-79.445
-79.403
-79.678
-79.461
-79.657
-79.382
-79.579
-79.533
-79.399
-79.455
-79.417
-79.394
-79.519
-79.496
-79.517
-79.702
-79.604
-79.561
-79.65
-79.609
-79.832
-79.788
-79.983
-80.141
-80.016
-79.829
-79.614
-79.534
-79.435
-79.585
-79.638
-79.853
-79.958
-79.708
-79.7
-79.861
-79.747
-79.884
-79.839
-79.741
-79.777
-79.869
-79.936
-79.999
-79.887
-79.752
-79.497
-79.448
-79.417
-79.268
-78.935
-78.777
-78.868
-78.838
-78.884
-78.72
-78.704
-79.045
-79.046
-79.023
-79.025
-79.088
-78.923
-78.94
-78.889
-78.976
-79.181
-79.216
-79.547
-79.616
-79.661
-79.718
-79.871
-79.81
-79.94
-79.942
-79.831
-80.068
-79.969
-79.864
-79.827
-79.815
-79.792
-80.038
-80.002
-80.136
-80.142
-80.13
-80.149
-80.045
-80.029
-80.135
-80.087
-80.227
-80.295
-80.322
-80.258
-79.976
-79.896
-80.084
-79.62
-79.641
-79.615
-79.731
-79.732
-79.658
-79.746
-79.645
-79.803
-79.906
-79.511
-79.273
-79.139
-78.987
-78.665
-78.628
-78.648
-78.555
-78.46
-78.288
-78.29
-78.337
-78.197
-78.276
-78.272
-78.367
-78.239
-78.405
-78.32
-78.549
-78.802
-78.83
-78.927
-79
-78.82
-79.081
-78.945
-78.945
-78.857
-78.7
-79.002
-79.001
-79.159
-78.973
-78.994
-79.035
-78.887
-78.839
-78.597
-78.471
-78.397
-78.464
-78.647
-78.735
-78.576
-78.762
-78.785
-78.701
-79.045
-79.026
-79.217
-79.086
-79.215
-79.215
-79.152
-79.226
-79.283
-79.35
-79.356
-78.908
-78.834
-78.787
-78.764
-78.813
-79.179
-79.137
-79.031
-79.108
-79.14
-79.044
-79.388
-79.209
-79.04
-79.487
-79.386
-79.308
-79.253
-79.267
-79.341
-79.164
-79.241
-79.539
-79.409
-79.373
-79.602
-79.346
-79.308
-79.277
-79.359
-79.495
-79.622
-79.803
-79.737
-79.652
-79.656
-79.612
-79.625
-79.499
-79.661
-79.483
-79.928
-80.198
-80.189
-80.091
-80.14
-79.967
-79.767
-79.812
-79.647
-79.443
-79.405
-79.352
-79.5
-79.456
-79.451
-79.488
-79.509
-79.461
-79.424
-79.393
-79.452
-79.557
-79.743
-79.907
-79.855
-79.882
-79.904
-79.723
-79.798
-79.749
-79.926
-79.94
-80.021
-79.659
-79.732
-79.865
-79.886
-79.993
-80.156
-79.913
-79.926
-79.823
-79.781
-79.622
-79.642
-79.851
-80.011
-80.007
-80.08
-79.971
-79.89
-79.722
-79.922
-79.968
-80.117
-80.429
-80.337
-79.981
-80.175
-80.315
-80.226
-80.066
-80.175
-80.085
-80.148
-80.177
-80.235
-80.224
-80.223
-80.234
-80.077
-79.917
-79.932
-79.894
-79.703
-79.509
-79.265
-79.653
-79.713
-79.518
-79.567
-79.516
-79.52
-79.713
-80.012
-79.849
-79.898
-79.805
-80.169
-80.037
-80.1
-80.401
-80.236
-80.308
-80.278
-80.047
-79.993
-79.832
-79.896
-79.878
-79.603
-79.655
-79.531
-79.359
-79.455
-79.54
-79.504
-79.636
-79.48
-79.443
-79.712
-79.528
-79.669
-79.708
-79.948
-79.939
-79.97
-80.228
-80.462
-80.602
-80.867
-80.777
-80.967
-81.242
-81.111
-81.168
-81.271
-81.225
-81.219
-81.189
-81.163
-81.095
-81.185
-81.124
-81.181
-81.215
-81.098
-81.311
-81.345
-81.6
-81.763
-81.86
-81.663
-81.73
-81.706
-81.814
-81.543
-81.538
-81.584
-81.265
-81.184
-81.145
-81.156
-81.323
-81.541
-81.444
-80.956
-80.882
-80.997
-80.81
-80.648
-80.42
-80.207
-80.179
-79.942
-80.081
-79.914
-79.877
-79.716
-79.829
-79.9
-79.95
-79.831
-80.024
-80.077
-80.089
-80.118
-80.193
-80.379
-80.163
-79.856
-80.067
-80.252
-80.07
-80.303
-80.003
-79.81
-79.999
-80.129
-80.056
-79.7
-79.651
-79.503
-79.3
-79.242
-79.211
-78.941
-78.943
-78.654
-78.555
-78.453
-78.783
-78.874
-78.929
-78.946
-78.906
-78.901
-78.923
-78.916
-78.9
-78.821
-78.788
-78.759
-78.663
-78.736
-79.161
-79.218
-79.364
-79.492
-79.348
-79.4
-79.447
-79.656
-79.588
-79.643
-79.8
-79.988
-79.915
-79.865
-79.896
-79.705
-79.724
-79.829
-79.976
-80.27
-79.916
-80.012
-79.985
-79.801
-79.953
-79.978
-80.031
-80.091
-80.046
-80.007
-79.929
-79.941
-79.859
-79.881
-79.928
-79.876
-80.074
-80.327
-80.257
-80.09
-80.309
-80.236
-80.32
-80.504
-80.144
-80.065
-79.859
-79.756
-79.63
-79.386
-79.1
-78.84
-78.743
-78.913
-78.95
-78.746
-78.813
-78.646
-78.343
-78.196
-78.317
-78.447
-78.458
-78.369
-78.528
-78.423
-78.982
-79.206
-79.306
-79.136
-79.396
-79.564
-79.599
-79.671
-79.685
-79.906
-80.004
-79.744
-79.904
-80.066
-80.079
-80.075
-80.08
-79.805
-79.923
-79.963
-79.695
-79.757
-79.965
-79.979
-79.945
-79.853
-79.858
-79.92
-79.797
-80.068
-79.987
-80.108
-80.127
-80.142
-80.179
-79.884
-79.775
-79.89
-79.746
-79.547
-79.453
-79.425
-79.479
-79.378
-79.425
-79.572
-79.647
-79.511
-79.473
-79.604
-79.447
-79.624
-79.525
-79.447
-79.479
-79.453
-79.735
-79.822
-79.564
-79.664
-79.513
-79.77
-79.632
-79.843
-79.767
-79.823
-79.908
-79.829
-80.06
-79.999
-79.808
-79.761
-79.812
-79.874
-79.801
-79.835
-79.93
-80.103
-80.033
-79.948
-79.987
-79.883
-80.158
-79.988
-79.981
-79.93
-79.794
-79.955
-79.923
-79.962
-79.782
-79.653
-79.646
-79.639
-79.767
-79.97
-80.054
-80.403
-80.206
-79.974
-79.71
-79.489
-79.69
-79.874
-80.077
-80.326
-80.123
-79.995
-80.008
-79.971
-79.996
-79.875
-79.879
-80.227
-80.289
-80.132
-79.9
-80.132
-80.212
-80.143
-79.909
-79.83
-79.919
-79.783
-79.873
-79.681
-79.495
-79.618
-79.562
-79.844
-79.762
-79.815
-79.661
-79.804
-79.846
-79.722
-79.694
-79.632
-79.815
-79.903
-80.077
-80.243
-80.248
-80.006
-80.049
-80.195
-80.045
-80.164
-80.188
-80.201
-80.203
-80.229
-80.101
-80.029
-80.098
-79.856
-80.284
-80.181
-80.228
-80.199
-80.289
-80.094
-80.329
-80.347
-80.229
-80.234
-80.265
-80.233
-80.39
-80.223
-80.396
-80.093
-80.444
-80.377
-80.351
-80.059
-80.019
-80.297
-80.053
-80.079
-80.243
-80.172
-80.063
-79.908
-79.813
-79.928
-79.927
-79.763
-79.678
-79.433
-79.513
-79.699
-79.451
-79.483
-79.641
-79.611
-79.632
-79.647
-79.527
-79.279
-79.585
-79.588
-79.419
-79.258
-79.379
-79.26
-79.373
-79.35
-79.721
-79.956
-80.217
-79.823
-79.982
-80.015
-79.869
-79.661
-79.553
-79.531
-79.408
-79.614
-79.642
-79.758
-79.778
-79.722
-79.593
-79.788
-79.771
-79.656
-79.853
-80.025
-79.662
-79.455
-79.902
-80.016
-79.855
-79.94
-80.231
-80.31
-80.084
-80.17
-79.998
-80.044
-80.118
-80.073
-80.37
-80.373
-80.332
-80.214
-80.035
-79.976
-80.081
-80.463
-80.477
-80.199
-80.163
-80.126
-80.149
-80.008
-79.923
-79.69
-79.704
-79.684
-79.337
-79.496
-79.257
-79.321
-79.317
-79.404
-79.265
-79.389
-79.499
-79.493
-79.693
-79.529
-79.138
-79.37
-79.607
-79.853
-80.054
-79.923
-79.875
-80.126
-79.86
-79.795
-79.637
-79.609
-79.706
-79.793
-79.582
-79.719
-79.76
-79.827
-80.01
-79.961
-79.907
-79.775
-79.983
-80.432
-80.054
-80.084
-80.244
-80.306
-80.362
-80.392
-80.43
-80.652
-80.665
-80.513
-80.116
-80.114
-80.188
-80.347
-80.303
-80.083
-80.264
-80.255
-80.18
-80.132
-79.886
-79.644
-79.449
-79.746
-79.677
-79.458
-79.467
-79.306
-79.504
-79.695
-79.812
-79.869
-79.955
-80.039
-80.209
-80.642
-80.373
-80.196
-80.008
-80.051
-80.213
-80.34
-80.394
-80.449
-80.439
-80.433
-80.238
-80.121
-80.039
-79.957
-80.015
-80.12
-80.407
-80.354
-80.305
-80.124
-80.308
-80.226
-80.3
-80.198
-80.258
-80.218
-80.225
-80.223
-80.085
-80.193
-80.356
-80.348
-80.311
-80.362
-80.416
-80.621
-80.957
-81.159
-80.92
-80.784
-80.732
-80.816
-80.89
-80.876
-80.849
-80.876
-80.625
-80.662
-80.449
-80.443
-80.374
-80.43
-80.318
-80.031
-80.01
-80.253
-80.043
-80.225
-80.615
-80.771
-80.814
-80.705
-80.864
-80.755
-80.616
-80.526
-80.673
-80.507
-80.566
-80.428
-80.449
-80.318
-80.532
-80.516
-80.377
-80.338
-80.191
