-80.108
-80.3
-80.654
-80.454
-80.44
-80.31
-80.213
-80.069
-80.04
-79.912
-79.819
-79.764
-79.801
-79.944
-80.028
-79.935
-79.867
-80.012
-79.842
-80.078
-79.941
-80.175
-80.006
-79.745
-79.675
-79.65
-79.768
-79.823
-79.95
-79.966
-79.954
-80.108
-80.18
-79.782
-79.611
-79.816
-79.731
-79.814
-79.891
-79.729
-79.872
-79.875
-79.755
-79.654
-79.509
-79.65
-79.766
-79.765
-79.526
-79.706
-79.53
-79.753
-79.935
-79.915
-79.935
-79.94
-79.924
-80.039
-79.924
-79.912
-80.044
-79.957
-80.013
-80.119
-80.069
-80.253
-80.26
-80.187
-80.237
-80.379
-80.386
-80.489
-80.306
-80.113
-80.224
-80.143
-80.129
-80.112
-80.01
-80.14
-80.019
-79.992
-79.755
-79.887
-79.968
-79.778
-79.64
-79.807
-79.777
-79.91
-79.877
-80.139
-80.204
-80.153
-79.971
-80.095
-80.266
-80.199
-80.253
-80.183
-79.816
-79.832
-80.039
-80.039
-80.072
-80.039
-80.1
-80.015
-80.187
-79.997
-79.879
-79.773
-79.882
-80.072
-80.081
-79.888
-79.956
-79.828
-80.022
-80.181
-80.121
-80.058
-79.751
-79.516
-79.691
-79.854
-79.893
-79.736
-79.648
-79.567
-79.404
-79.547
-79.349
-79.399
-79.359
-79.423
-79.36
-79.756
-79.697
-79.575
-79.718
-79.764
-79.634
-79.478
-79.446
-79.52
-79.526
-79.56
-79.515
-79.687
-79.775
-79.839
-79.769
-79.758
-79.721
-80.004
-79.816
-79.81
-79.864
-79.714
-79.882
-79.822
-79.769
-79.867
-79.956
-79.926
-79.902
-80.009
-79.906
-79.773
-79.748
-79.872
-79.962
-80.004
-80.077
-80.135
-80.128
-79.845
-80.058
-79.973
-80.217
-80.012
-80.083
-79.954
-79.757
-79.837
-79.97
-79.982
-80.088
-80.057
-80.165
-79.984
-80.036
-79.875
-79.948
-79.935
-79.913
-80.218
-79.929
-79.91
-79.905
-79.85
-79.946
-79.994
-80.14
-80.233
-80.161
-80.142
-80.013
-79.98
-79.845
-79.74
-79.801
-79.812
-79.962
-80.304
-79.898
-79.977
-80.04
-79.992
-80.031
-80.059
-80.113
-80.047
-80.048
-80.232
-80.096
-79.9
-79.816
-79.587
-79.716
-79.662
-80.011
-80.059
-79.975
-80.012
-80.014
-79.848
-80.113
-79.952
-79.978
-80.08
-80.249
-80.317
-80.245
-80.013
-80.003
-80.123
-79.987
-80.018
-79.894
-79.833
-79.891
-80.286
-80.406
-80.32
-80.31
-80.317
-80.129
-80.114
-79.91
-79.969
-79.803
-79.765
-79.809
-79.651
-79.516
-79.661
-79.468
-79.543
-79.35
-79.468
-79.546
-79.551
-79.781
-79.645
-79.524
-79.876
-79.845
-79.693
-79.534
-79.753
-79.858
-79.878
-79.775
-79.87
-80.023
-80.129
-80.073
-80.122
-79.952
-80.014
-80.063
-80.049
-80.063
-80.143
-80.198
-80.105
-79.974
-80.166
-79.971
-80.189
-80.453
-80.224
-80.215
-80.234
-80.493
-80.534
-80.402
-80.247
-80.024
-79.775
-79.709
-79.963
-80.287
-80.339
-80.157
-80.147
-80.334
-80.014
-80.13
-80.106
-79.877
-79.96
-79.944
-80.01
-79.975
-79.955
-79.992
-79.876
-79.704
-79.837
-80
-80.016
-80.053
-80.182
-80.208
-80.294
-80.166
-79.831
-79.927
-79.893
-80.018
-80.069
-80.06
-80.11
-79.915
-79.899
-80.178
-80.001
-80.017
-80.215
-79.869
-79.778
-79.809
-80.176
-80.143
-79.938
-79.701
-79.917
-80.057
-80.125
-79.833
-80.085
-80.245
-80.186
-80.039
-80.072
-80.086
-80.018
-79.945
-80.023
-80.212
-80.076
-80.226
-80.06
-80.051
-80.153
-80.454
-80.502
-80.273
-80.15
-80.091
-80.106
-80.2
-80.142
-80.233
-80.406
-80.645
-80.496
-80.875
-80.955
-80.972
-81.109
-80.989
-80.623
-80.532
-80.345
-80.451
-80.393
-80.333
-80.359
-80.506
-80.43
-80.725
-80.461
-80.334
-80.382
-80.336
-80.291
-80.316
-80.12
-80.057
-80.223
-80.11
-79.646
-79.843
-79.865
-79.465
-79.748
-79.907
-80.071
-80.164
-80.105
-79.929
-79.743
-80.017
-79.788
-79.817
-79.558
-79.502
-79.606
-79.748
-79.544
-79.595
-79.564
-79.834
-79.945
-79.733
-79.732
-79.68
-79.741
-79.672
-79.731
-79.581
-79.545
-79.429
-79.334
-79.227
-79.369
-79.323
-79.127
-79.292
-79.059
-79.097
-79.188
-79.159
-79.041
-78.993
-79.336
-79.479
-79.587
-79.593
-79.598
-79.772
-79.585
-79.534
-79.233
-79.449
-79.377
-79.369
-79.313
-79.544
-79.564
-79.345
-79.295
-79.299
-79.528
-79.639
-79.671
-79.486
-79.221
-79.005
-79.077
-79.041
-78.816
-78.892
-79.036
-79.161
-79.133
-78.957
-79.025
-78.853
-79.039
-79.062
-79.198
-79.22
-79.227
-79.123
-79.229
-79.557
-79.557
-79.518
-79.398
-79.533
-79.534
-79.68
-79.635
-79.734
-79.859
-79.935
-79.745
-79.611
-79.672
-79.435
-79.477
-79.401
-79.349
-79.333
-79.54
-79.54
-79.43
-79.683
-79.968
-79.878
-79.926
-79.799
-79.625
-79.616
-79.396
-79.762
-79.911
-79.953
-79.833
-79.87
-79.801
-79.927
-79.902
-79.98
-79.749
-79.622
-79.614
-79.517
-79.62
-79.798
-79.864
-79.8
-79.836
-79.722
-79.872
-80.183
-79.996
-79.734
-79.833
-79.909
-80.114
-79.927
-79.935
-79.894
-79.567
-79.394
-79.486
-79.173
-79.397
-79.186
-79.291
-79.325
-79.349
-79.368
-79.404
-79.578
-79.506
-79.575
-79.715
-79.66
-79.516
-79.285
-79.479
-79.549
-79.558
-79.379
-79.463
-79.533
-79.766
-79.629
-79.665
-79.586
-79.777
-79.529
-79.657
-79.713
-79.532
-79.552
-79.505
-79.335
-79.064
-78.904
-78.936
-79.057
-79.144
-78.886
-79.157
-78.937
-79.111
-79.293
-79.237
-78.984
-79.099
-79.396
-79.536
-79.394
-79.388
-79.525
-79.738
-79.772
-79.649
-79.717
-79.61
-79.704
-79.964
-79.641
-79.661
-79.526
-79.294
-79.412
-79.532
-79.592
-79.391
-79.555
-79.468
-79.438
-79.61
-79.638
-79.819
-80.033
-79.787
-79.75
-79.362
-79.167
-79.168
-79.068
-79.431
-79.418
-79.572
-79.679
-79.596
-79.39
-79.473
-79.405
-79.195
-79.38
-79.623
-79.625
-79.411
-79.123
-78.929
-79.112
-79.124
-78.787
-78.409
-78.179
-78.24
-78.403
-78.295
-78.271
-78.226
-78.401
-78.154
-78.156
-78.025
-77.916
-77.881
-78.084
-78.197
-78.124
-78.08
-78.01
-77.984
-78.126
-78.188
-78.168
-77.829
-77.484
-77.515
-77.374
-77.239
-77.305
-76.976
-77.055
-76.83
-76.904
-76.796
-76.844
-76.668
-76.998
-77.039
-76.829
-76.735
-76.824
-76.877
-77.301
-77.238
-77.405
-77.441
-77.029
-76.927
-77.186
-77.049
-77.185
-77.133
-77.168
-77.356
-77.328
-77.361
-77.613
-77.423
-77.589
-77.696
-77.535
-77.737
-77.922
-78.07
-78.094
-78.181
-78.294
-78.451
-78.475
-78.618
-78.579
-78.533
-78.706
-78.849
-79.017
-78.816
-78.856
-78.703
-78.684
-78.931
-79.226
-79.398
-79.739
-79.533
-79.392
-79.507
-79.507
-79.473
-79.318
-79.561
-79.598
-79.522
-79.281
-79.308
-79.277
-79.336
-79.198
-78.996
-79.231
-79.359
-79.294
-79.174
-79.137
-79.126
-79.131
-79.115
-78.881
-78.848
-78.738
-78.601
-78.455
-78.61
-78.712
-78.884
-78.97
-78.921
-79.097
-79.292
-79.032
-79.212
-78.997
-79.216
-79.492
-79.75
-79.557
-79.636
-79.478
-79.563
-79.745
-79.591
-79.911
-80.238
-80.301
-80.198
-80.318
-80.4
-80.309
-80.339
-80.358
-80.391
-80.203
-80.099
-80.225
-80.406
-80.352
-80.254
-80.177
-80.142
-80.086
-80.1
-80.012
-79.937
-79.928
-79.756
-79.59
-79.678
-79.496
-79.32
-79.336
-79.373
-79.386
-79.498
-79.536
-79.278
-79.376
-79.483
-79.453
-79.551
-79.705
-79.557
-79.433
-79.258
-79.492
-79.598
-79.385
-79.318
-79.47
-79.254
-79.294
-79.448
-79.697
-79.756
-79.444
-79.317
-79.086
-79.211
-79.056
-79.14
-79.359
-79.449
-79.445
-79.205
-79.052
-79.177
-79.433
-79.351
-79.476
-79.275
-78.993
-78.869
-78.948
-78.865
-79.192
-79.611
-79.786
-79.767
-79.959
-79.947
-79.849
-79.936
-79.765
-79.692
-79.572
-79.429
-79.471
-79.724
-79.522
-79.556
-79.254
-79.474
-79.565
-79.436
-79.702
-79.477
-79.623
-79.472
-79.593
-79.766
-79.851
-79.847
-79.482
-79.773
-79.562
-79.741
-79.544
-79.459
-79.563
-79.675
-79.711
-79.756
-79.45
-79.556
-79.578
-79.432
-79.289
-79.176
-78.985
-78.865
-78.67
-78.875
-78.932
-78.988
-78.793
-78.653
-78.546
-78.54
-78.737
-78.739
-78.899
-78.942
-79.305
-79.374
-78.934
-78.891
-78.98
-78.511
-78.369
-78.222
-78.12
-78.302
-78.054
-78.095
-78.224
-78.248
-78.079
-77.952
-78.046
-77.999
-78.16
-78.121
-78.041
-78.138
-78.288
-78.305
-78.738
-78.861
-78.956
-79.002
-79.094
-78.965
-79.299
-79.13
-79.235
-79.301
-79.312
-79.38
-79.515
-79.587
-79.492
-79.258
-79.097
-79.45
-79.254
-79.328
-79.473
-79.614
-79.501
-79.366
-79.5
-79.41
-79.848
-80.218
-80.435
-80.403
-80.643
-80.658
-80.927
-80.646
-80.894
-80.609
-80.66
-80.853
-80.943
-80.815
-80.664
-80.62
-80.642
-80.825
-80.8
-81.108
-81.098
-81.171
-81.388
-81.372
-80.982
-81.045
-81.251
-81.43
-81.576
-81.558
-81.236
-81.137
-81.294
