-82.625
-82.628
-82.508
-82.791
-82.593
-82.596
-82.692
-82.683
-82.599
-82.788
-82.968
-83.102
-83.169
-83.192
-83.296
-83.703
-83.639
-83.538
-83.647
-83.567
-83.287
-83.471
-83.677
-83.559
-83.216
-83.076
-83.048
-82.939
-82.839
-82.889
-83.004
-82.971
-82.865
-82.916
-83.078
-83.212
-83.309
-83.469
-83.46
-83.703
-83.649
-83.455
-83.557
-83.479
-83.586
-83.647
-83.56
-83.376
-83.052
-82.869
-82.501
-82.445
-82.302
-81.888
-81.827
-81.666
-81.329
-80.937
-80.871
-80.47
-80.007
-79.75
-79.723
-79.743
-79.364
-79.239
-78.992
-78.801
-78.371
-78.215
-78.246
-77.965
-77.744
-77.656
-77.621
-77.554
-77.395
-77.301
-77.308
-77.384
-77.678
-77.623
-77.385
-77.114
-77.244
-77.023
-77.017
-76.777
-76.882
-76.795
-76.908
-76.65
-76.775
-76.853
-76.928
-76.744
-76.733
-76.496
-76.478
-76.499
-76.465
-76.229
-76.069
-75.697
-75.563
-75.389
-74.9
-74.669
-74.406
-74.199
-73.953
-73.707
-73.609
-73.497
-73.339
-73.275
-73.099
-72.71
-72.4
-72.461
-72.443
-72.402
-72.321
-72.236
-72.056
-72.2
-72.325
-72.208
-72.057
-71.852
-71.763
-71.656
-71.628
-71.375
-71.659
-71.735
-71.478
-71.445
-71.561
-71.598
-71.461
-71.438
-71.64
-71.643
-71.72
-71.922
-71.839
-71.802
-71.737
-71.616
-71.35
-71.441
-71.531
-71.551
-71.431
-71.28
-71.185
-70.974
-70.828
-70.84
-70.61
-70.533
-70.656
-70.493
-70.459
-70.207
-70.24
-69.922
-69.932
-69.907
-69.673
-69.697
-69.95
-70.207
-70.259
-70.426
-70.336
-70.598
-70.4
-70.438
-70.413
-70.6
-70.811
-70.964
-71.144
-71.352
-71.407
-71.53
-71.75
-72.037
-72.063
-71.52
-71.735
-71.95
-71.869
-72.029
-72.077
-72.128
-71.999
-71.962
-72.069
-71.975
-71.857
-71.927
-71.941
-72.07
-72.452
-72.593
-72.644
-72.658
-72.75
-72.811
-72.965
-73.132
-73.298
-73.072
-73.07
-72.99
-72.996
-73.209
-72.911
-73.069
-73.226
-73.363
-73.529
-73.646
-73.824
-73.931
-73.927
-74.049
-74.44
-74.611
-74.736
-74.585
-74.539
-74.85
-74.952
-74.528
-74.707
-74.504
-74.299
-73.888
-73.488
-73.351
-72.875
-72.499
-72.185
-71.86
-71.785
-71.618
-71.592
-71.082
-70.659
-70.738
-70.761
-70.738
-70.483
-70.385
-70.2
-69.936
-69.625
-69.483
-69.172
-69.067
-68.759
-68.573
-68.719
-68.412
-68.235
-68.24
-68.34
-68.159
-67.977
-67.847
-67.579
-67.385
-67.223
-67.195
-66.891
-67.035
-67.129
-66.904
-66.908
-67.019
-67.18
-67.32
-67.099
-67.075
-67.191
-67.219
-67.246
-66.991
-67.13
-67.338
-67.529
-67.547
-67.643
-67.59
-67.648
-67.972
-68.016
-67.929
-67.639
-67.768
-67.879
-67.986
-68.099
-67.852
-67.896
-68.016
-67.88
-67.971
-67.977
-67.916
-67.816
-67.86
-67.903
-68.005
-67.842
-67.834
-67.79
-67.982
-68.097
-68.478
-68.273
-68.328
-68.301
-68.433
-68.408
-68.58
-68.622
-68.809
-68.847
-68.831
-68.67
-68.709
-68.866
-68.853
-68.752
-69.006
-69.094
-68.902
-68.997
-68.928
-68.898
-68.807
-68.698
-68.493
-68.546
-68.697
-68.837
-68.755
-68.856
-68.875
-68.964
-69.168
-69.176
-69.098
-69.292
-69.376
-69.255
-69.146
-69.301
-69.256
-69.218
-69.516
-69.589
-69.403
-69.553
-69.712
-69.864
-69.921
-70.338
-70.303
-70.083
-70.146
-70.306
-70.075
-70.118
-70.005
-69.972
-70.133
-70.185
-70.176
-70.277
-70.631
-70.68
-70.789
-70.79
-70.843
-71.025
-70.791
-70.949
-71.445
-71.362
-71.346
-71.256
-71.344
-71.439
-71.32
-71.392
-71.379
-71.29
-71.266
-71.288
-71.26
-71.272
-71.157
-71.062
-70.903
-71.083
-71.31
-71.162
-71.41
-71.702
-71.652
-72.092
-72.087
-72.001
-72.142
-72.289
-72.373
-72.385
-72.226
-72.306
-72.498
-72.339
-72.297
-72.535
-72.444
-72.182
-72.144
-72.104
-71.966
-72.24
-72.243
-72.36
-72.275
-72.205
-72.282
-72.469
-72.385
-72.65
-72.526
-72.487
-72.563
-72.775
-72.804
-72.841
-72.546
-72.735
-72.834
-73.169
-72.932
-72.983
-73.333
-73.456
-73.442
-73.267
-73.109
-73.177
-73.084
-72.816
-72.474
-72.474
-72.447
-72.532
-72.491
-72.235
-72.18
-72.04
-71.534
-71.139
-71.075
-71.229
-71.239
-71.144
-70.796
-70.819
-70.656
-70.623
-70.706
-70.575
-70.296
-70.126
-70.137
-69.858
-69.742
-69.696
-69.561
-69.649
-69.492
-69.255
-69.379
-69.483
-69.387
-69.226
-69.074
-69.197
-69.331
-69.481
-69.099
-69.057
-68.891
-68.925
-68.817
-68.882
-68.771
-69.034
-69.097
-69.033
-68.838
-68.826
-68.729
-68.654
-68.656
-68.818
-69.01
-68.851
-68.645
-68.461
-68.495
-68.67
-68.494
-68.729
-68.672
-68.697
-68.731
-68.681
-68.61
-68.415
-68.655
-68.367
-68.699
-68.836
-68.724
-68.556
-68.537
-68.342
-68.405
-68.114
-67.793
-67.598
-67.531
-67.191
-67.115
-66.963
-66.645
-66.419
-65.904
-65.466
-65.064
-64.494
-64.052
-63.691
-63.251
-62.809
-62.495
-62.274
-62.019
-61.871
-61.77
-61.471
-61.345
-61.14
-61.239
-61.12
-60.723
-60.672
-60.415
-60.245
-60.255
-60.202
-60.131
-60.084
-59.928
-59.909
-59.98
-59.82
-59.734
-59.721
-59.919
-59.654
-59.769
-59.688
-59.416
-59.214
-59.253
-59.25
-58.942
-58.76
-58.671
-58.221
-58.064
-57.904
-57.841
-57.632
-57.69
-57.93
-57.789
-57.523
-57.359
-57.22
-57.075
-57.091
-56.927
-56.796
-56.589
-56.391
-56.186
-55.974
-55.938
-55.562
-55.398
-55.106
-54.506
-54.136
-53.63
-53.044
-52.266
-51.404
-49.568
-46.427
-45
-45
-45
-45
-45
-45
-45
-45
-45
-45
-45
-45
-45
-45.306
-52.558
-58.832
-63.392
-66.532
-68.915
-70.197
-71.292
-71.807
-72.224
-72.575
-72.607
-72.485
-72.597
-72.84
-72.817
-72.629
-72.401
-72.203
-72.37
-72.393
-72.365
-72.1
-71.995
-71.889
-72.014
-72.191
-71.986
-71.797
-71.524
-71.584
-71.705
-71.868
-71.886
-71.958
-71.624
-71.673
-71.693
-72.033
-71.564
-71.516
-71.635
-71.595
-71.449
-71.403
-71.511
-71.882
-71.82
-71.752
-71.266
-71.163
-71.12
-71.084
-70.986
-70.921
-70.823
-70.961
-70.941
-70.772
-70.77
-70.529
-70.175
-70.223
-70.519
-70.643
-70.682
-70.713
-70.686
-70.895
-71.103
-71.194
-71.013
-71.258
-71.617
-71.851
-71.928
-71.854
-71.533
-71.665
-71.922
-71.79
-71.934
-71.75
-71.743
-71.671
-71.737
-71.556
-71.245
-71.089
-71.07
-70.987
-71.149
-71.182
-71.556
-71.755
-71.55
-71.631
-71.748
-71.78
-71.751
-71.654
-71.27
-71.534
-71.627
-71.632
-71.824
-72.217
-72.618
-73.134
-73.209
-73.154
-73.057
-73.075
-73.195
-73.474
-73.408
-73.594
-73.675
-73.829
-73.784
-73.715
-73.87
-74.07
-73.994
-74.081
-74.223
-74.351
-74.432
-74.307
-74.367
-74.328
-74.42
-74.471
-74.626
-74.732
-74.928
-75.08
-74.947
-74.832
-74.666
-74.199
-74.394
-74.633
-74.886
-75.003
-75.186
-75.265
-75.325
-75.01
-75.27
-75.324
-75.264
-75.115
-75.241
-75.002
-75.252
-75.138
-75.351
-75.476
-75.778
-75.949
-76.083
-76.478
-76.5
-76.551
-76.725
-76.615
-76.746
-76.757
-76.769
-77.008
-77.2
-77.241
-77.069
-77.231
-77.12
-77.012
-76.679
-76.989
-77.09
-77.174
-77.365
-77.351
-77.028
-76.691
-76.332
-76.446
-76.257
-75.833
-75.491
-75.315
-75.23
-75.121
-75.066
-74.692
-74.593
-74.56
-74.641
-74.394
-74.523
-74.411
-74.388
-74.423
-74.469
-74.39
-74.265
-73.868
-73.883
-73.939
-73.599
-73.419
-73.368
-73.325
-73.142
-73.234
-73.318
-73.25
-73.392
-73.342
-73.247
-73.233
-73.11
-73.051
-73.191
-73.104
-73.215
-73.146
-73.179
-73.318
-73.316
-72.913
-72.93
-72.7
-72.705
-72.662
-72.7
-72.817
-72.849
-72.801
-72.769
-72.842
-73.059
-72.714
-73.095
-72.96
-72.829
-72.891
-72.835
-73.031
-73.113
-73.179
-73.261
-73.301
-73.539
-73.486
-73.525
-73.74
-73.898
-73.976
-74.012
-74.215
-74.364
-74.069
-73.871
-74.11
-74.044
-73.897
-74.296
-74.613
-74.596
-74.706
-74.678
-74.76
-74.81
-74.954
-75.028
-75.057
-75.125
-75.277
-75.506
-75.621
-75.551
-75.536
-75.778
-75.897
-75.896
-75.959
-75.926
-75.993
-75.917
-75.714
-75.654
-75.67
-75.78
-75.934
-76.069
-76.122
-75.79
-75.605
-75.57
-75.878
-75.7
-75.695
-75.776
-76.128
-75.98
-76.117
-76.296
-76.697
-76.576
-76.503
-76.485
-76.484
-76.53
-76.334
-76.218
-76.384
-76.427
-76.415
-76.367
-76.448
-76.403
-76.582
-76.544
-76.686
-76.56
-76.705
-76.513
-76.569
-76.931
-76.967
-77.103
-77.259
-77.214
-77.459
-77.384
-77.338
-77.288
-77.117
-76.942
-76.947
-76.918
-76.83
-77.045
-77.088
-77.226
-76.993
-77.519
-77.588
-77.786
-77.85
-77.826
-78.077
-78.394
-78.518
-78.544
-78.542
-78.546
-78.582
-78.248
-78.298
-78.319
-78.324
-78.513
-78.587
