-79.602
-79.759
-79.804
-79.956
-79.891
-79.988
-79.996
-79.993
-79.983
-79.933
-79.963
-79.923
-80.159
-80.198
-80.099
-79.805
-79.815
-79.63
-79.97
-79.994
-79.903
-80.031
-79.945
-79.862
-79.858
-79.828
-80.114
-80.012
-79.491
-80.039
-80.014
-79.862
-80.215
-80.069
-80.228
-80.389
-80.377
-80.565
-80.456
-80.324
-80.394
-80.251
-80.269
-80.236
-79.883
-80.218
-80.176
-80.203
-80.434
-80.449
-80.053
-80.01
-79.93
-79.709
-79.583
-79.546
-79.538
-79.574
-79.704
-79.672
-79.526
-79.688
-79.69
-80.032
-80.013
-80.032
-80.03
-79.904
-80.04
-80.008
-80.111
-80.152
-80.147
-79.914
-79.827
-80.055
-79.929
-79.979
-80.023
-80.035
-79.791
-80.023
-80.145
-80.136
-80.107
-79.955
-79.961
-80.192
-80.226
-80.211
-80.223
-80.217
-80.24
-80.108
-80.295
-80.295
-80.44
-80.571
-80.671
-80.545
-80.211
-80.203
-79.966
-80.022
-80.201
-80.187
-80.349
-80.537
-80.585
-80.662
-80.858
-81.08
-80.976
-80.734
-80.706
-80.687
-80.641
-80.549
-80.324
-80.143
-80.247
-80.41
-80.297
-80.336
-80.151
-79.856
-79.257
-78.943
-78.971
-78.776
-78.344
-78.22
-78.249
-78.099
-78.177
-77.935
-77.611
-77.414
-77.493
-77.649
-77.418
-77.48
-77.59
-77.772
-77.781
-77.989
-77.831
-77.975
-77.873
-78.188
-77.894
-77.87
-78.085
-77.955
-77.927
-77.872
-78.017
-78.178
-78.449
-78.388
-78.525
-78.421
-78.55
-78.593
-78.43
-78.369
-78.552
-78.662
-78.752
-78.394
-78.184
-78.492
-78.863
-79.287
-79.369
-79.629
-79.841
-79.937
-79.746
-79.619
-79.623
-79.693
-79.813
-79.581
-79.715
-79.639
-79.896
-79.857
-79.673
-79.86
-79.759
-79.912
-80.116
-80.17
-80.075
-80.194
-80.222
-79.824
-79.727
-79.774
-79.38
-79.147
-79.354
-79.28
-79.375
-79.441
-79.23
-79.05
-79.172
-79.202
-79.169
-79.062
-79.218
-79.283
-79.421
-79.496
-79.19
-79.097
-78.863
-78.958
-79.155
-79.285
-79.438
-79.299
-79.313
-79.112
-78.942
-79.306
-79.278
-79.216
-79.211
-79.05
-78.844
-78.919
-79.063
-78.895
-78.983
-78.949
-79.102
-79.511
-79.472
-79.57
-79.395
-79.308
-79.131
-79.628
-79.621
-79.464
-79.427
-79.607
-79.738
-80.17
-80.278
-80.34
-80.243
-80.206
-80.335
-80.185
-79.988
-79.915
-79.945
-80.032
-80.012
-79.86
-80.174
-79.903
-80.091
-80.127
-80.12
-79.969
-79.914
-79.908
-79.982
-80.12
-79.886
-80.113
-80.086
-80.183
-80.186
-80.144
-79.939
-80.007
-80.138
-80.037
-79.821
-79.604
-79.432
-79.714
-79.594
-79.574
-79.989
-80.171
-80.392
-80.279
-80.072
-80.018
-79.832
-79.813
-79.672
-79.563
-79.805
-79.734
-79.408
-79.463
-79.799
-80.009
-79.885
-79.925
-79.799
-79.962
-80.282
-80.39
-80.171
-80.067
-80.196
-79.886
-79.727
-80.021
-80.046
-79.997
-79.979
-79.903
-80.11
-79.996
-79.776
-79.632
-79.606
-79.544
-79.498
-79.728
-79.546
-79.7
-79.955
-79.883
-79.768
-79.943
-79.758
-79.993
-80.007
-80.298
-80.285
-80.292
-80.176
-79.884
-79.871
-80.021
-80.246
-80.139
-80.208
-80.338
-80.226
-79.987
-80.229
-80.175
-80.195
-80.162
-79.963
-80
-80.166
-80.063
-79.983
-79.941
-79.937
-79.798
-79.735
-79.733
-79.513
-79.48
-79.36
-79.851
-79.49
-79.409
-79.36
-79.571
-79.673
-79.72
-79.713
-79.7
-80.087
-80.098
-80.396
-80.1
-80.148
-80.187
-79.757
-79.775
-79.85
-79.565
-79.771
-79.664
-79.516
-79.52
-79.559
-79.347
-79.507
-79.331
-79.213
-79.381
-79.008
-79.157
-79.055
-79.391
-79.494
-79.215
-79.36
-79.39
-79.191
-79.127
-79.209
-79.274
-79.412
-79.452
-79.719
-79.844
-79.582
-79.395
-79.421
-78.989
-78.88
-78.644
-78.381
-78.168
-78.13
-78.175
-78.253
-77.997
-77.887
-77.618
-77.695
-77.687
-77.538
-77.336
-77.312
-77.439
-77.54
-77.608
-77.468
-77.565
-77.636
-77.617
-77.736
-77.786
-77.918
-77.981
-78.142
-78.526
-78.959
-79.464
-79.344
-79.631
-79.701
-79.823
-79.69
-79.717
-79.652
-79.765
-79.603
-79.585
-79.314
-79.388
-79.272
-79.257
-79.231
-79.561
-79.553
-79.566
-79.472
-79.5
-79.204
-79.318
-79.39
-79.488
-79.364
-79.367
-79.535
-79.945
-79.863
-79.814
-79.432
-79.449
-79.539
-79.606
-79.685
-79.601
-79.653
-79.752
-79.87
-79.744
-79.485
-79.19
-79.171
-79.042
-78.893
-78.998
-79.1
-79.15
-79.291
-79.221
-79.374
-79.546
-79.48
-79.678
-79.872
-79.653
-79.642
-79.43
-79.439
-79.299
-79.158
-79.229
-79.277
-79.291
-79.209
-79.498
-79.429
-79.501
-79.517
-79.419
-79.607
-79.54
-79.559
-79.538
-79.792
-79.81
-79.703
-79.544
-79.671
-79.748
-79.599
-79.512
-79.646
-79.571
-79.596
-79.593
-79.512
-79.649
-79.48
-79.521
-79.731
-79.694
-79.563
-79.874
-79.873
-79.551
-79.5
-79.533
-79.364
-79.278
-78.971
-78.99
-79.117
-78.939
-78.913
-79.022
-79.392
-79.235
-79.271
-79.428
-79.334
-79.238
-79.167
-79.081
-78.943
-78.777
-78.928
-78.685
-78.723
-78.779
-78.469
-78.451
-78.566
-78.525
-78.383
-78.67
-78.833
-78.65
-78.719
-78.865
-78.864
-78.83
-78.95
-78.981
-78.837
-78.859
-78.879
-79.03
-79.117
-79.114
-79.257
-79.404
-79.595
-79.491
-79.601
-79.75
-79.509
-79.846
-79.776
-80.052
-80.188
-80.081
-80.136
-79.731
-79.763
-79.85
-79.698
-79.84
-80.071
-80.059
-79.893
-79.891
-79.727
-80.009
-80.009
-79.983
-79.914
-79.822
-79.89
-79.715
-79.821
-79.79
-79.82
-79.941
-80.137
-79.995
-80.081
-79.905
-79.991
-79.946
-80.054
-80.203
-80.122
-80.102
-80.081
-80.209
-79.985
-80.117
-80.173
-80.11
-79.811
-79.591
-79.598
-79.372
-79.545
-79.387
-79.656
-79.668
-79.648
-79.469
-79.689
-79.658
-79.69
-79.528
-79.761
-79.704
-79.624
-79.379
-79.406
-79.438
-79.381
-79.286
-79.273
-79.211
-79.285
-79.432
-79.524
-79.504
-79.421
-79.662
-79.663
-79.415
-79.511
-79.876
-79.501
-79.699
-79.793
-79.744
-79.551
-79.69
-79.848
-79.891
-79.682
-79.652
-79.728
-79.822
-79.674
-79.658
-79.851
-79.805
-79.725
-79.759
-80.075
-80.014
-80.055
-79.741
-79.771
-79.838
-79.678
-79.708
-79.852
-79.934
-79.922
-79.977
-80.074
-79.869
-79.869
-79.701
-79.799
-79.784
-79.953
-79.787
-79.897
-79.891
-80.019
-80.038
-79.892
-79.981
-79.881
-79.815
-80.005
-79.996
-80.117
-80.078
-79.967
-80.08
-79.932
-79.858
-79.862
-79.934
-79.872
-79.77
-79.715
-79.714
-79.973
-79.884
-79.901
-79.912
-79.984
-80.036
-80.134
-80.323
-80.417
-80.205
-80.335
-80.317
-80.319
-80.073
-79.786
-79.681
-79.547
-79.842
-79.984
-79.887
-80.043
-79.799
-79.902
-79.988
-80.072
-80.056
-79.784
-80.262
-80.079
-80.04
-80.074
-80.216
-80.333
-80.491
-80.341
-80.219
-79.995
-80.084
-80.04
-79.925
-79.991
-80.063
-80.099
-80.038
-80.17
-80.22
-80.054
-79.972
-79.899
-79.729
-79.818
-80.128
-79.977
-79.878
-80.142
-80.108
-79.935
-80.036
-80.157
-80.032
-80.144
-80.175
-80.377
-80.328
-80.319
-80.388
-80.47
-80.628
-80.622
-80.47
-80.446
-80.507
-80.441
-80.097
-80.211
-79.988
-80.077
-80.106
-80.18
-80.449
-80.515
-80.638
-80.823
-80.708
-80.422
-80.525
-80.262
-80.447
-80.505
-80.48
-80.64
-80.603
-80.442
-80.556
-80.229
-80.508
-80.215
-80.217
-80.277
-80.142
-80.071
-80.083
-80.09
-80.154
-80.34
-80.245
-80.161
-80.213
-80.393
-80.239
-80.226
-80.705
-80.543
-80.632
-80.615
-80.644
-80.865
-80.991
-81.052
-80.849
-80.636
-80.483
-80.386
-80.38
-80.541
-80.5
-80.303
-80.122
-80.257
-80.152
-80.25
-80.346
-80.397
-80.301
-80.15
-80.33
-80.399
-80.388
-80.179
-80.076
-79.995
-80.031
-79.653
-79.845
-80.013
-80.061
-79.891
-79.753
-79.712
-79.926
-79.875
-79.785
-79.733
-79.562
-79.579
-79.703
-79.938
-79.819
-79.675
-79.568
-79.73
-79.545
-79.49
-79.477
-79.506
-79.474
-79.546
-79.599
-79.545
-79.523
-79.722
-79.827
-79.656
-79.767
-80.093
-80.289
-80.283
-79.943
-79.841
-79.821
-79.939
-79.826
-80.153
-80.108
-80.21
-80.047
-80.193
-80.261
-80.31
-80.308
-80.504
-80.478
-80.304
-80.507
-80.431
-80.145
-80.05
-80.101
-80.081
-79.966
-80.123
-79.896
-79.852
-79.91
-79.899
-79.982
-79.95
-80.106
-79.989
-80.032
-79.691
-79.52
-79.565
-79.462
-79.57
-79.411
-79.256
-79.23
-79.205
-79.521
-79.325
-79.365
-79.174
-79.145
-78.963
-79.221
-79.274
-79.164
-79.039
-79.056
-78.966
-79.177
-79.13
-79.053
-78.808
-78.971
-79.017
-78.871
-78.729
-78.695
-78.621
-78.525
-78.341
-78.313
-78.093
-77.986
-77.843
-77.935
-77.949
-77.684
-77.355
-77.376
-77.587
-77.499
-77.593
-77.711
-77.685
-77.895
-77.894
-77.896
-77.915
-78.203
-77.994
-78.238
-78.3
-78.062
-77.845
-77.836
-77.847
