-81.553
-81.59
-81.713
-81.85
-82.03
-81.903
-82.123
-81.797
-82.158
-82.293
-82.58
-82.529
-82.413
-82.388
-82.416
-82.104
-81.967
-81.716
-81.572
-81.395
-81.349
-81.016
-80.514
-80.16
-80.033
-80.052
-80.207
-79.978
-79.747
-79.161
-78.995
-78.964
-78.697
-78.858
-78.671
-78.392
-78.409
-78.185
-77.715
-77.684
-77.561
-77.474
-77.813
-78.112
-78.193
-78.486
-78.46
-78.093
-78.014
-77.525
-77.646
-77.975
-77.783
-77.712
-77.648
-77.719
-77.888
-77.919
-77.774
-77.751
-77.778
-77.76
-77.556
-77.432
-77.304
-77.277
-76.953
-76.914
-76.608
-76.684
-77.201
-77.674
-78.408
-79.062
-79.224
-79.56
-79.516
-79.515
-79.664
-79.735
-79.842
-79.68
-79.881
-79.947
-80.183
-80.289
-80.323
-80.042
-79.902
-79.682
-79.836
-80.106
-80.184
-80.172
-80.159
-79.988
-79.872
-80.06
-80.214
-80.127
-80.176
-80.182
-80.089
-80.133
-80.056
-79.734
-79.744
-80.014
-79.872
-80.174
-80.128
-80.132
-80.331
-80.398
-80.313
-80.317
-80.286
-80.325
-80.344
-80.329
-80.311
-80.157
-80.314
-80.119
-79.841
-79.829
-80.068
-80.189
-80.393
-80.601
-80.515
-80.613
-80.476
-80.338
-80.465
-80.404
-80.115
-79.98
-80.146
-79.97
-80.053
-80.219
-79.939
-79.981
-79.753
-79.75
-79.987
-79.938
-79.919
-79.976
-79.937
-80.005
-79.888
-79.5
-80.054
-80.078
-79.906
-79.842
-80.085
-79.887
-79.988
-79.986
-79.97
-80.177
-80.043
-80.004
-80.259
-80.1
-80.128
-80.03
-80.138
-80.143
-79.972
-80.119
-79.983
-80.103
-80.378
-80.083
-80.406
-80.463
-80.369
-80.571
-80.605
-80.602
-80.173
-80.316
-80.132
-80.075
-80.22
-80.215
-80.175
-79.864
-79.464
-79.506
-79.82
-79.949
-79.949
-80.094
-80.041
-79.985
-80.287
-80.122
-80.302
-80.224
-80.302
-80.229
-80.279
-80.258
-79.9
-79.906
-79.864
-79.982
-80.067
-79.959
-79.947
-80.086
-80.268
-80.026
-79.94
-79.922
-80.029
-79.896
-80.039
-80.011
-80.352
-80.164
-79.935
-79.735
-79.848
-79.871
-79.7
-79.572
-79.294
-79.64
-79.595
-79.527
-79.497
-79.35
-79.513
-79.466
-79.901
-79.734
-79.528
-79.665
-79.907
-79.666
-79.8
-79.701
-79.816
-79.844
-79.791
-79.748
-79.791
-79.956
-79.579
-79.391
-79.276
-79.425
-79.528
-79.706
-79.81
-79.769
-79.998
-79.831
-79.646
-79.867
-79.62
-79.796
-79.865
-80.078
-80.001
-80.218
-80.109
-79.863
-79.599
-79.494
-79.159
-79.408
-79.553
-79.83
-79.859
-79.871
-79.589
-79.751
-79.41
-79.556
-79.601
-79.687
-79.686
-79.699
-79.807
-79.733
-79.792
-79.964
-79.706
-79.462
-79.578
-79.934
-80.047
-80.144
-80.283
-80.265
-80.247
-80.239
-79.964
-79.979
-80.083
-80.039
-80.011
-80.133
-80.167
-80.372
-80.411
-80.232
-80.187
-80.23
-80.165
-80.061
-80.19
-80.184
-80.269
-80.134
-79.87
-80.039
-80.084
-80.241
-80.399
-80.438
-80.311
-80.508
-80.339
-80.164
-79.997
-79.771
-79.675
-79.704
-79.604
-79.087
-78.869
-79.042
-79.049
-78.97
-78.916
-78.837
-78.96
-78.955
-78.947
-79.199
-79.304
-79.648
-79.62
-79.725
-79.738
-79.634
-79.841
-79.715
-79.61
-79.609
-79.373
-79.348
-79.546
-79.586
-79.791
-79.929
-79.72
-79.667
-79.428
-79.361
-79.391
-79.603
-79.731
-79.661
-79.569
-79.487
-79.636
-79.591
-79.984
-80.13
-80.068
-80.308
-80.329
-80.127
-80.094
-79.854
-80.075
-79.824
-79.701
-79.677
-79.492
-79.679
-79.528
-79.6
-79.551
-79.55
-79.779
-79.772
-79.511
-79.697
-79.509
-79.241
-79.093
-79.203
-79.34
-79.504
-79.596
-79.943
-80.477
-80.418
-80.41
-80.103
-80.248
-80.171
-80.1
-80.077
-80.181
-80.05
-80.101
-80.426
-80.453
-80.53
-80.382
-80.691
-80.758
-80.946
-80.942
-80.661
-80.443
-80.728
-80.751
-80.42
-80.56
-80.86
-80.747
-80.803
-81.107
-80.977
-81.059
-80.714
-80.795
-80.688
-80.449
-80.406
-80.455
-80.596
-80.391
-80.518
-80.39
-80.399
-80.394
-80.252
-80.121
-79.931
-79.927
-80.184
-80.026
-80.221
-80.025
-80.184
-80.046
-80.201
-80.024
-80.363
-80.314
-80.221
-80.064
-80.177
-80.187
-80.366
-80.199
-79.837
-79.714
-79.673
-79.763
-79.918
-80.032
-79.953
-79.898
-79.757
-79.678
-79.56
-79.34
-79.09
-79.164
-78.866
-79.202
-79.186
-79.129
-78.877
-79.112
-79.133
-79.375
-79.121
-79.046
-78.94
-78.948
-78.706
-78.537
-78.5
-78.47
-78.199
-78.256
-78.026
-77.862
-78.319
-78.456
-78.814
-78.553
-78.414
-78.263
-78.084
-78.079
-77.993
-78.188
-78.24
-78.441
-78.415
-78.656
-78.59
-78.873
-78.496
-78.397
-78.564
-78.777
-78.811
-78.847
-78.941
-78.772
-78.928
-79.037
-78.9
-78.887
-78.701
-78.67
-78.92
-79.041
-79.166
-78.93
-79.087
-78.906
-78.831
-78.822
-78.653
-78.485
-78.521
-78.821
-78.948
-79.181
-79.019
-78.892
-79.291
-79.779
-79.662
-79.76
-79.574
-79.863
-80.193
-80.235
-80.011
-80.07
-80.068
-80.271
-80.141
-80.021
-80.059
-79.924
-79.804
-79.868
-79.855
-79.781
-79.974
-80.119
-80.563
-80.528
-80.653
-80.549
-80.264
-79.977
-79.605
-79.617
-79.542
-79.143
-78.986
-78.918
-78.946
-78.701
-78.391
-78.182
-78.223
-78.161
-78.093
-78.038
-78.137
-77.896
-77.912
-77.932
-78.011
-78.184
-78.226
-77.998
-77.987
-78.027
-77.696
-77.831
-78.016
-78.193
-78.242
-78.394
-78.536
-78.81
-78.947
-79.051
-78.96
-78.904
-79.27
-79.36
-79.176
-79.254
-79.285
-79.159
-79.033
-79.002
-79.18
-79.123
-79.004
-79.144
-79.273
-79.197
-79.229
-79.169
-79.23
-79.205
-79.272
-79.213
-79.316
-79.445
-79.46
-79.721
-79.606
-79.56
-79.321
-79.434
-79.36
-79.21
-78.977
-79.011
-79.316
-79.276
-79.506
-79.431
-79.053
-79.121
-79.35
-79.32
-79.176
-79.282
-79.345
-79.417
-79.454
-79.372
-79.622
-79.823
-80.005
-79.82
-79.876
-79.891
-79.738
-79.533
-79.298
-79.246
-79.289
-79.501
-79.397
-79.451
-79.666
-79.937
-80.038
-79.983
-80.112
-80.05
-79.963
-79.842
-79.712
-79.823
-79.835
-79.973
-79.644
-79.629
-79.528
-79.757
-80.066
-80.084
-80.051
-80.322
-80.49
-80.116
-80.105
-80.2
-80.157
-79.778
-79.846
-79.987
-79.855
-79.926
-79.974
-80.027
-80.087
-80.076
-80.075
-79.995
-79.898
-80.018
-80.157
-80.459
-80.472
-80.72
-80.854
-81.02
-81.183
-81.332
-81.479
-81.677
-81.791
-82.196
-82.15
-82.155
-81.942
-81.625
-81.338
-81.204
-81.022
-80.958
-80.962
-80.952
-80.94
-81.272
-81.371
-81.201
-81.318
-80.963
-80.909
-80.805
-80.696
-80.853
-80.782
-80.64
-80.504
-80.195
-80.394
-80.301
-80.448
-80.666
-80.426
-80.503
-80.518
-80.267
-79.823
-79.697
-79.769
-79.838
-79.889
-79.948
-79.896
-79.89
-80.033
-80.263
-80.141
-79.967
-80.194
-80.031
-79.987
-79.851
-79.833
-79.759
-79.564
-79.272
-79.324
-79.504
-79.512
-79.267
-79.277
-79.162
-78.916
-78.91
-79.189
-79.205
-79.36
-79.318
-79.539
-79.364
-79.515
-79.454
-79.548
-79.381
-79.31
-78.994
-79.074
-79.328
-79.324
-79.407
-79.11
-78.867
-78.705
-78.85
-78.688
-78.547
-78.535
-78.498
-78.399
-78.364
-78.319
-78.368
-78.289
-78.302
-78.262
-78.345
-78.547
-78.833
-78.738
-78.554
-78.818
-78.708
-78.596
-78.977
-78.733
-78.944
-79.005
-79.172
-79.534
-79.765
-79.771
-79.936
-80.062
-79.934
-79.954
-80.349
-80.504
-80.71
-80.824
-80.57
-80.406
-80.335
-80.236
-80.147
-80.154
-80.209
-80.22
-80.197
-80.368
-80.315
-80.176
-80.13
-80.069
-79.948
-79.821
-80.162
-80.542
-80.55
-80.751
-80.421
-80.559
-80.551
-80.413
-80.501
-80.626
-80.46
-80.348
-80.279
-80.347
-80.114
-79.983
-79.9
-79.88
-79.606
-79.599
-79.583
-79.473
-79.527
-79.598
-79.437
-79.415
-79.339
-79.682
-79.819
-79.647
-79.639
-79.553
-79.703
-79.688
-79.743
-79.83
-79.79
-79.813
-79.498
-79.249
-79.226
-79.147
-79.094
-78.986
-78.797
-78.854
-78.641
-78.613
-78.492
-78.264
-78.413
-78.397
-78.452
-78.32
-78.253
-78.111
-78.144
-78.11
-78.104
-78.054
-77.714
-77.82
-77.77
-77.816
-77.577
-78.028
-78.301
-78.515
-78.744
-78.939
-79.251
-79.305
-79.258
-79.31
-79.344
-79.521
-79.556
-79.804
-79.745
-80.055
-80.098
-80.178
-80.07
-80.1
-79.924
-79.904
-79.916
-79.774
-79.663
-79.912
-80.272
-80.09
-80.106
-79.978
-80.055
-80.084
-79.947
-79.979
-79.958
-79.88
-79.855
-79.8
-79.973
-80.071
-80.133
-79.813
-79.906
-79.974
-80.17
-79.699
-79.575
-79.439
-79.587
-79.681
-79.758
-79.654
-79.689
-79.784
-79.978
-79.733
-79.679
-79.673
-79.492
-79.562
-79.684
-79.943
-79.992
-79.958
-79.895
-80.063
-80.003
-79.855
-79.869
-79.883
-80.195
-80.083
-80.046
-80.135
-80.305
-80.158
-80.24
-80.15
-80.071
-79.694
-79.637
-79.81
-79.996
