-78.513
-78.642
-78.612
-78.45
-78.706
-78.75
-78.474
-78.342
-78.405
-78.548
-78.603
-78.672
-78.768
-78.977
-79.025
-78.883
-79.299
-79.203
-79.368
-79.221
-79.241
-79.106
-79.106
-78.704
-78.703
-78.592
-78.405
-78.468
-78.551
-78.26
-78.047
-77.935
-77.797
-77.815
-77.79
-77.738
-77.687
-77.666
-77.954
-77.995
-78.056
-78.069
-78.128
-77.935
-77.87
-77.694
-77.72
-77.759
-77.818
-78.034
-77.891
-77.862
-77.828
-77.927
-77.786
-77.527
-77.434
-77.391
-77.267
-77.379
-77.473
-77.647
-77.553
-77.693
-77.873
-78.254
-78.009
-77.842
-77.753
-77.962
-77.983
-77.838
-77.85
-77.69
-77.544
-77.43
-77.366
-77.332
-77.057
-76.717
-76.489
-76.772
-76.581
-76.392
-76.765
-76.566
-76.548
-76.505
-76.321
-76.282
-76.327
-76.171
-76.234
-75.734
-75.608
-75.272
-75.211
-75.038
-74.777
-74.443
-73.875
-73.947
-73.846
-73.689
-73.497
-72.973
-72.791
-72.506
-72.554
-72.435
-72.32
-72.149
-71.763
-71.821
-71.639
-71.57
-71.672
-71.495
-71.483
-71.231
-71.115
-71.209
-70.814
-70.721
-70.515
-70.346
-70.352
-70.528
-70.54
-70.58
-70.64
-70.74
-70.629
-70.89
-70.928
-70.942
-70.698
-70.357
-70.324
-70.23
-70.231
-70.286
-70.402
-70.388
-70.568
-70.692
-70.579
-70.563
-70.72
-70.61
-70.501
-70.173
-70.275
-70.185
-69.954
-69.884
-69.737
-69.662
-69.455
-69.321
-69.291
-69.361
-69.41
-69.294
-69.337
-69.33
-69.199
-69.17
-69.182
-69.055
-69.105
-69.221
-69.422
-69.283
-69.285
-69.533
-69.749
-69.673
-69.8
-69.802
-69.77
-69.914
-69.754
-69.584
-69.606
-69.511
-69.666
-69.676
-69.506
-69.353
-69.329
-69.383
-69.619
-69.704
-69.775
-69.832
-69.893
-69.664
-69.526
-69.545
-69.547
-69.499
-69.484
-69.594
-69.72
-69.761
-69.511
-69.813
-69.778
-69.659
-69.947
-69.962
-69.917
-69.872
-70.063
-70.466
-70.228
-70.364
-70.592
-70.413
-70.317
-70.467
-70.701
-70.749
-70.471
-70.41
-70.282
-70.522
-70.372
-70.349
-70.498
-70.536
-70.422
-70.459
-70.67
-70.62
-70.454
-70.629
-70.334
-70.173
-69.958
-69.722
-69.847
-69.763
-69.71
-69.734
-69.83
-69.604
-69.657
-69.682
-69.848
-70.005
-70.083
-69.983
-70.164
-70.013
-69.827
-69.865
-69.84
-69.875
-70.056
-69.963
-69.827
-70.285
-70.457
-70.361
-70.493
-70.528
-70.566
-70.661
-70.682
-70.69
-70.795
-70.71
-70.472
-70.55
-70.686
-70.801
-70.689
-70.439
-70.464
-70.684
-70.626
-70.773
-70.85
-70.941
-70.815
-70.695
-71.01
-71.06
-71.259
-71.427
-71.397
-71.448
-71.243
-71.379
-71.133
-71.16
-71.091
-71.02
-71.186
-71.09
-71.118
-70.888
-70.782
-70.851
-70.813
-70.91
-70.807
-70.441
-70.699
-70.791
-71.119
-71.106
-71.267
-71.124
-71.2
-71.224
-71.672
-71.715
-71.748
-71.819
-71.677
-71.637
-71.545
-71.563
-71.646
-71.63
-71.69
-71.757
-71.767
-71.687
-71.79
-71.577
-71.659
-72.151
-72.094
-71.976
-71.653
-71.977
-71.964
-71.967
-71.823
-71.616
-71.762
-71.783
-71.892
-72.18
-72.242
-72.218
-72.09
-72.371
-72.146
-72.383
-72.502
-72.509
-72.443
-72.476
-72.592
-72.549
-72.731
-72.766
-72.735
-72.462
-72.446
-72.356
-72.308
-72.302
-72.932
-73.034
-72.93
-72.856
-72.912
-73.092
-73.024
-73.392
-73.754
-73.856
-73.699
-73.668
-73.782
-73.765
-73.903
-73.922
-74.057
-74.037
-73.993
-74.014
-73.913
-73.78
-73.573
-73.491
-73.741
-73.484
-73.654
-73.776
-73.735
-73.365
-73.474
-73.373
-73.196
-73.225
-73.14
-72.982
-72.947
-72.934
-73.025
-73.037
-73.222
-73.423
-73.349
-73.275
-73.217
-73.529
-73.719
-73.888
-73.888
-74.094
-74.176
-74.049
-74.064
-74.047
-74.057
-73.911
-74.11
-74.198
-74.225
-74.196
-74.479
-74.261
-74.2
-74.264
-74.162
-74.24
-74.273
-74.339
-74.168
-74.12
-73.888
-74.086
-74.175
-74.402
-74.672
-74.904
-74.808
-74.668
-74.471
-74.829
-74.922
-74.645
-74.506
-74.628
-74.439
-74.078
-73.843
-73.994
-73.878
-74.073
-74.366
-74.278
-73.969
-74.181
-74.025
-74.13
-74.377
-74.269
-74.27
-74.356
-74.241
-74.353
-74.788
-74.753
-74.733
-74.733
-74.566
-74.408
-74.419
-74.213
-74.179
-74.056
-73.854
-73.891
-74.019
-73.862
-73.88
-73.857
-73.859
-73.933
-74.007
-74.001
-73.841
-73.737
-73.713
-73.555
-73.148
-72.975
-72.866
-72.645
-72.586
-72.122
-72.063
-71.78
-71.423
-71.301
-70.887
-70.409
-70.202
-69.957
-69.576
-69.411
-69.031
-69.118
-68.992
-68.707
-68.756
-68.657
-68.679
-68.867
-68.668
-68.403
-68.677
-68.677
-68.613
-69.002
-68.545
-68.661
-68.69
-68.593
-68.402
-68.078
-68.296
-68.267
-68.132
-67.868
-67.731
-67.66
-67.637
-67.354
-67.379
-67.321
-67.02
-66.823
-66.764
-66.725
-66.925
-66.962
-66.746
-66.463
-66.581
-66.922
-66.796
-67.14
-67.365
-67.379
-67.528
-67.535
-67.668
-67.297
-67.144
-67.446
-67.461
-67.335
-67.303
-67.403
-67.253
-67.313
-67.355
-67.186
-67.325
-67.265
-67.455
-67.513
-67.653
-67.662
-67.912
-68.138
-67.967
-67.522
-67.633
-67.692
-67.645
-67.131
-67.137
-67.134
-67.102
-66.991
-66.747
-66.624
-66.4
-66.328
-66.102
-66.105
-66.033
-65.956
-66.184
-65.912
-66.215
-65.971
-66.13
-65.903
-66.198
-66.059
-66.217
-66.081
-66.122
-66.033
-66.063
-65.956
-66.216
-66.253
-66.557
-66.427
-66.429
-66.475
-66.527
-66.502
-66.474
-66.557
-66.643
-66.723
-66.715
-66.585
-66.481
-66.701
-66.581
-66.311
-66.164
-66.09
-66.017
-66.005
-65.991
-65.93
-65.822
-65.607
-65.661
-65.667
-65.379
-65.503
-65.5
-65.437
-65.66
-65.596
-65.424
-65.373
-65.513
-65.765
-65.795
-65.889
-65.913
-65.493
-65.534
-65.439
-65.176
-65.146
-65.04
-65.117
-65.124
-64.954
-65.22
-64.922
-65.107
-64.899
-64.798
-64.73
-64.705
-64.678
-64.836
-64.821
-64.867
-64.881
-65.003
-65.298
-65.329
-65.282
-65.598
-65.478
-65.396
-65.153
-65.002
-65.03
-65.219
-65.133
-65.252
-65.446
-65.5
-65.683
-65.495
-65.321
-65.757
-65.947
-66.004
-65.99
-65.796
-65.768
-65.829
-65.861
-65.937
-65.975
-65.813
-65.633
-65.634
-65.867
-65.857
-65.97
-65.966
-66.172
-66.202
-66.204
-66.204
-66.141
-66.116
-66.369
-66.6
-66.543
-66.551
-66.622
-66.782
-66.599
-66.847
-66.884
-67.012
-66.775
-66.72
-66.84
-66.965
-67.141
-67.375
-67.396
-67.217
-67.235
-67.304
-67.263
-67.306
-67.504
-67.227
-67.083
-67.323
-67.148
-67.307
-67.194
-67.449
-67.227
-67.23
-67.104
-67.147
-66.986
-67.161
-67.221
-67.237
-67.081
-66.749
-66.953
-66.767
-66.615
-66.806
-66.827
-66.822
-66.901
-67.113
-67.265
-67.358
-67.423
-67.576
-67.688
-67.818
-67.889
-67.826
-67.821
-67.876
-68.022
-68.055
-68.243
-68.152
-67.915
-67.959
-68.028
-68.162
-67.994
-67.661
-67.808
-67.664
-67.613
-67.444
-67.611
-67.486
-67.79
-67.44
-67.372
-67.339
-67.385
-67.464
-67.437
-67.24
-67.242
-67.203
-67.098
-67.24
-67.091
-67.098
-66.936
-66.548
-66.484
-66.469
-66.705
-66.806
-66.742
-66.998
-66.892
-66.737
-66.704
-67.204
-67.484
-67.601
-67.883
-67.575
-67.689
-67.665
-67.46
-67.617
-67.571
-67.506
-67.524
-67.494
-67.502
-67.443
-67.588
-67.743
-67.63
-67.678
-67.508
-67.44
-67.369
-67.162
-66.973
-66.62
-66.575
-66.282
-65.897
-65.831
-65.437
-65.152
-65.026
-64.903
-64.779
-64.754
-64.527
-64.341
-64.241
-63.575
-63.63
-63.707
-63.495
-63.193
-62.793
-62.807
-62.629
-62.359
-62.052
-61.825
-61.938
-61.664
-61.447
-61.253
-61.031
-61.304
-61.126
-60.949
-60.684
-60.821
-60.905
-60.608
-60.739
-60.825
-60.819
-60.773
-60.836
-60.96
-61.031
-60.859
-60.724
-60.502
-60.516
-60.468
-60.577
-60.637
-60.336
-60.362
-60.265
-60.334
-60.314
-60.454
-60.28
-59.991
-59.851
-59.709
-59.675
-59.587
-59.478
-59.576
-59.5
-59.613
-59.574
-59.426
-59.665
-59.761
-59.669
-59.588
-59.685
-59.571
-59.826
-59.974
-60.146
-60.209
-60.213
-60.07
-60.103
-60.302
-60.452
-60.349
-60.369
-60.363
-60.205
-60.123
-59.929
-60.331
-60.266
-60.247
-60.334
-60.276
-60.561
-60.424
-60.692
-60.762
-61.171
-61.222
-61.208
-61.222
-61.179
-61.083
-61.027
-61.401
-61.53
-61.299
-61.389
-61.468
-61.591
-61.599
-61.398
-61.623
-61.692
-62.007
-61.907
-61.767
-61.567
-61.529
-61.501
-61.356
-61.324
-60.99
-61.252
-61.203
-61.325
-61.148
-61.156
-61.401
-61.205
-61.4
-61.593
-61.217
-61.327
-61.296
-61.166
-61.181
-61.21
-61.212
-61.319
-61.52
-61.294
-61.449
-61.634
-61.324
-61.475
-61.513
-61.543
-61.515
-61.535
-61.562
-61.679
-61.737
-61.609
-61.716
-61.499
-61.769
-61.634
-61.692
-61.86
-61.986
-61.979
-62.193
-62.487
-62.517
