-74.977
-75.204
-74.848
-74.975
-74.807
-74.773
-74.695
-74.606
-74.713
-74.591
-74.268
-74.101
-74.079
-74.334
-74.62
-74.526
-74.316
-73.936
-74.086
-74.093
-74.201
-74.347
-74.158
-74.032
-74.186
-74.192
-74.108
-74.353
-74.127
-73.914
-73.571
-73.603
-73.551
-73.641
-73.531
-73.351
-73.58
-73.388
-73.408
-73.546
-73.163
-73.293
-73.633
-73.516
-73.609
-73.585
-73.66
-73.716
-73.77
-73.767
-73.897
-73.942
-74.303
-74.104
-74.013
-73.865
-73.814
-73.755
-73.502
-73.607
-73.651
-73.719
-73.693
-73.796
-73.955
-74.408
-74.119
-73.929
-73.629
-73.815
-73.821
-73.857
-73.831
-73.406
-73.412
-73.177
-73.411
-73.069
-72.973
-72.818
-72.852
-73.094
-73.123
-73.418
-74.258
-75.626
-76.853
-77.937
-78.704
-79.312
-79.475
-79.912
-79.69
-79.654
-79.8
-79.911
-79.877
-79.916
-80.022
-79.987
-80.346
-80.252
-80.035
-80.22
-80.137
-79.9
-79.875
-79.793
-79.859
-79.654
-79.918
-80.02
-80.05
-80.017
-79.871
-79.774
-79.985
-80.042
-80.206
-80.2
-80.151
-79.787
-79.843
-80.103
-79.894
-79.859
-79.909
-80.009
-79.866
-79.525
-79.703
-80.058
-79.836
-79.981
-80.081
-79.948
-79.84
-80.085
-80.202
-80.097
-79.993
-80.028
-79.984
-79.879
-79.806
-79.831
-79.86
-79.987
-79.857
-79.97
-79.775
-79.883
-79.795
-79.769
-79.745
-79.847
-79.989
-80.1
-80.064
-80.044
-80.164
-80.077
-80.135
-80.221
-80.28
-80.214
-80.201
-80.083
-80.386
-80.614
-80.621
-80.598
-80.523
-80.466
-80.395
-80.398
-80.427
-80.296
-80.31
-80.112
-79.883
-79.946
-80.157
-80.53
-80.529
-80.348
-80.654
-80.791
-80.508
-80.322
-80.102
-80.13
-79.924
-79.779
-79.481
-79.405
-79.496
-79.44
-79.445
-79.389
-79.522
-79.422
-79.46
-79.288
-79.398
-79.385
-79.189
-79.356
-79.494
-79.488
-79.563
-79.593
-79.497
-79.359
-79.277
-79.377
-79.582
-79.546
-79.513
-79.816
-80.019
-79.954
-80.004
-80.104
-80.016
-80.095
-80.042
-79.964
-79.94
-79.637
-79.37
-79.442
-79.73
-79.73
-79.622
-79.679
-79.525
-79.604
-79.585
-79.572
-79.555
-79.824
-79.706
-79.62
-79.583
-79.616
-79.471
-79.458
-79.445
-79.278
-79.264
-79.16
-79.352
-79.265
-79.51
-79.593
-79.76
-79.702
-80.036
-80.038
-80.157
-80.123
-80.107
-80.166
-79.944
-80.029
-79.958
-79.906
-79.905
-79.768
-79.75
-79.673
-79.479
-79.343
-79.412
-79.522
-79.621
-79.6
-79.429
-79.411
-79.459
-79.522
-79.641
-79.651
-79.638
-79.715
-79.907
-79.713
-79.771
-79.904
-79.825
-79.92
-79.768
-79.691
-79.74
-79.647
-79.802
-79.591
-79.756
-79.866
-79.873
-79.719
-79.794
-79.571
-79.653
-79.742
-80.012
-80.245
-80.248
-80.079
-79.915
-79.933
-79.845
-79.687
-79.856
-79.854
-79.581
-79.497
-79.717
-79.542
-79.161
-79.174
-79.105
-79.034
-78.976
-79.286
-79.154
-78.958
-78.996
-78.886
-78.835
-79.149
-79.235
-79.061
-79.288
-79.318
-79.287
-79.04
-78.974
-79.246
-79.355
-79.567
-79.594
-79.422
-79.465
-79.578
-79.413
-79.431
-79.381
-79.277
-79.38
-79.347
-79.885
-80.022
-80.231
-80.199
-80.499
-80.653
-80.599
-80.325
-80.278
-80.272
-80.334
-80.131
-80.198
-80.068
-79.953
-80.151
-80.136
-80.231
-80.215
-80.398
-80.565
-80.451
-80.552
-80.579
-80.606
-80.684
-80.743
-80.44
-80.501
-80.514
-80.255
-80.067
-79.837
-79.556
-79.371
-79.178
-79.003
-79.256
-79.233
-79.374
-79.269
-79.41
-79.082
-79.063
-79.264
-79.372
-79.374
-79.267
-79.669
-79.512
-79.354
-79.367
-79.533
-79.494
-79.58
-79.902
-79.753
-79.689
-79.708
-79.764
-79.896
-79.955
-80.2
-80.164
-79.953
-80.156
-80.388
-80.128
-80.037
-79.966
-79.737
-79.764
-79.556
-79.386
-79.358
-79.249
-79.3
-79.501
-79.566
-79.49
-79.063
-79.234
-79.395
-79.66
-79.834
-79.71
-79.983
-80.15
-80.197
-80.283
-80.376
-80.595
-80.413
-80.558
-80.826
-80.823
-80.603
-80.786
-80.82
-80.859
-80.733
-80.722
-80.787
-81.043
-81.071
-80.973
-80.843
-80.638
-80.393
-80.231
-79.96
-79.827
-79.85
-80.195
-80.219
-80.326
-80.169
-80.002
-79.652
-79.657
-79.939
-79.867
-79.874
-80.03
-79.966
-80.41
-80.396
-80.16
-80.425
-80.237
-80.095
-80.359
-80.204
-80.455
-80.493
-80.666
-80.707
-80.548
-80.087
-80.081
-79.972
-80.268
-80.186
-80.255
-80.121
-80.248
-80.437
-80.538
-80.534
-80.324
-80.315
-80.567
-80.708
-80.761
-80.873
-80.913
-80.987
-80.768
-80.373
-80.366
-80.224
-80.156
-80.002
-80.04
-79.787
-80.146
-79.973
-79.953
-80.095
-80.196
-80.236
-80.26
-80.185
-80.125
-79.981
-79.91
-79.876
-80.008
-79.873
-79.71
-79.654
-79.472
-79.711
-79.816
-79.785
-79.903
-79.912
-79.82
-79.881
-79.89
-79.885
-79.731
-79.892
-79.704
-79.88
-79.78
-79.792
-79.794
-79.78
-79.818
-79.928
-79.95
-80.106
-80.116
-79.753
-79.917
-80.255
-80.16
-80.134
-80.188
-79.935
-79.96
-80.078
-80.346
-80.353
-80.242
-80.034
-79.771
-80.159
-80.072
-80.15
-80.163
-80.183
-80.04
-79.862
-79.811
-80.026
-80.056
-79.935
-79.925
-79.958
-79.934
-80.125
-80.282
-79.939
-79.767
-79.49
-79.766
-79.841
-79.889
-80.03
-80.228
-80.249
-79.954
-80.191
-80.086
-80.037
-79.897
-80.121
-80.244
-80.238
-80.217
-80.175
-80.357
-80.423
-80.284
-80.306
-80.289
-80.169
-80.088
-79.829
-80.192
-80.223
-80.224
-80.464
-80.237
-79.98
-79.979
-79.949
-80.044
-79.836
-80.046
-79.956
-80.027
-79.878
-79.939
-80.056
-80.269
-80.14
-80.16
-80.345
-80.235
-80.138
-80.039
-80.007
-80.173
-79.912
-80.122
-80.16
-79.955
-79.897
-79.826
-79.803
-79.961
-79.926
-80.003
-80.062
-80.053
-79.874
-79.996
-79.907
-80.115
-80.146
-80.149
-80.25
-80.23
-79.894
-80.163
-80.345
-80.396
-80.355
-80.258
-80.057
-79.756
-79.885
-79.943
-79.543
-79.395
-79.508
-79.83
-79.872
-79.947
-79.958
-79.637
-79.923
-79.94
-79.775
-79.508
-79.515
-79.492
-79.868
-79.855
-79.776
-79.779
-79.655
-79.596
-79.69
-79.876
-79.74
-79.842
-79.605
-79.443
-79.446
-79.396
-79.685
-79.841
-79.91
-79.804
-79.823
-79.792
-79.642
-79.454
-79.734
-79.718
-79.134
-79.077
-79.099
-79.068
-79.103
-78.935
-79.104
-78.941
-78.993
-79.154
-79.335
-79.455
-79.41
-79.411
-79.528
-79.677
-79.949
-80.023
-80.038
-79.964
-79.695
-79.63
-79.881
-79.782
-79.807
-79.894
-79.757
-79.771
-79.929
-79.814
-79.889
-79.899
-80.056
-79.938
-79.726
-79.773
-79.713
-79.813
-80.195
-80.365
-80.121
-79.903
-80.005
-80.029
-80.294
-80.463
-80.217
-80.433
-80.573
-80.719
-80.73
-80.685
-80.854
-80.933
-81.049
-80.975
-80.871
-80.975
-80.792
-80.6
-80.584
-80.395
-80.328
-80.438
-80.446
-80.691
-80.574
-80.637
-80.629
-80.647
-80.615
-80.684
-80.497
-80.547
-80.266
-80.035
-79.85
-79.762
-80.117
-80.085
-79.961
-79.772
-79.766
-79.806
-79.7
-79.55
-79.393
-79.575
-79.508
-79.513
-79.496
-79.413
-79.661
-79.628
-79.683
-79.891
-80.033
-80.096
-79.944
-79.9
-80.027
-80.25
-80.258
-80.002
-79.881
-79.948
-80.014
-80.056
-79.515
-79.605
-79.693
-79.567
-79.696
-79.528
-79.745
-79.712
-79.821
-79.532
-79.364
-79.262
-79.161
-78.859
-78.906
-79.124
-79.206
-79.232
-79.108
-79.012
-78.573
-78.36
-78.177
-77.683
-77.359
-77.337
-77.319
-76.928
-76.44
-76.319
-75.923
-75.984
-75.735
-75.289
-75.126
-75.146
-74.827
-74.676
-74.394
-74.247
-74.214
-74.269
-74.075
-73.99
-73.884
-74.035
-74.146
-74.179
-74.132
-74.214
-74.23
-74.028
-73.833
-73.75
-73.591
-73.619
-73.651
-73.858
-73.969
-73.963
-73.937
-74.121
-74.225
-74.053
-74.024
-74.258
-74.276
-74.161
-73.89
-74.035
-74.187
-74.05
-73.894
-74.089
-74.131
-74.228
-74.192
-74.435
-74.475
-74.359
-74.571
-74.447
-74.243
-73.984
-74.038
-73.873
-73.994
-73.827
-73.65
-73.785
-73.824
-74.011
-73.73
-73.692
-73.931
-73.875
-73.897
-73.99
-73.963
-73.924
-73.87
-73.775
-73.834
-73.831
-73.964
-73.856
-74.067
-73.93
-73.806
-73.808
-73.973
-74.133
-74.217
-74.117
-73.899
-74.09
-74.348
-74.112
-74.17
-74.622
-74.469
-74.855
-74.687
-74.723
-74.667
-74.838
-74.943
-75.018
-74.877
-74.874
-74.899
-74.753
-74.561
-74.427
-74.376
-74.476
-74.384
-74.426
-74.507
-74.658
-74.428
-74.535
-74.659
-74.61
-74.325
-74.489
-74.705
-74.571
-74.503
-74.641
-74.843
-74.964
-74.987
-75.132
-75.112
-74.929
-75.128
-74.974
-74.973
-75.109
-75.165
-75.308
-75.261
-75.196
-75.094
-75.08
-75.146
-75.137
-75.216
-75.382
-75.542
-75.753
-75.739
-75.746
-75.976
-75.933
-76.177
-76.345
-76.57
-76.725
-76.591
-76.678
-76.831
-76.687
-76.742
-76.579
-76.539
