-75.506
-75.459
-75.33
-75.352
-75.475
-75.687
-75.691
-75.843
-75.956
-75.748
-75.787
-75.799
-75.89
-76.118
-76.25
-76.135
-76.117
-75.973
-75.798
-75.676
-75.448
-75.467
-75.781
-76.133
-76.218
-76.375
-76.576
-76.591
-76.812
-76.735
-76.737
-76.925
-76.68
-76.692
-76.701
-76.7
-76.969
-77.045
-76.686
-76.762
-76.564
-76.595
-76.578
-76.639
-76.735
-76.901
-76.782
-76.86
-77.001
-76.725
-76.521
-76.628
-76.498
-76.554
-76.384
-76.313
-76.358
-76.215
-76.303
-76.191
-76.19
-76.244
-76.383
-76.389
-76.445
-76.594
-77.017
-77.429
-77.409
-77.581
-77.84
-77.909
-78.112
-78.273
-78.068
-78.265
-78.627
-78.809
-79.028
-78.879
-78.738
-79.011
-78.941
-78.948
-79.091
-79.062
-79.034
-78.855
-78.764
-78.766
-78.797
-78.933
-78.857
-78.781
-78.7
-78.76
-78.986
-78.713
-78.859
-78.984
-79.147
-79.08
-78.963
-78.873
-78.943
-79.306
-79.379
-79.349
-79.274
-79.344
-79.226
-78.934
-79.152
-79.108
-78.985
-78.859
-79.194
-79.351
-79.361
-79.476
-79.304
-79.33
-79.12
-79.282
-79.109
-78.96
-79.071
-78.864
-78.679
-78.892
-78.764
-78.657
-78.412
-78.39
-78.271
-78.416
-78.467
-78.483
-78.783
-78.862
-78.849
-78.955
-78.896
-78.835
-78.91
-78.989
-78.945
-79.163
-79.071
-78.966
-79.022
-79.197
-79.279
-79.229
-79.565
-79.327
-79.205
-79.271
-79.387
-79.245
-79.314
-79.066
-78.867
-78.719
-78.688
-78.936
-79.112
-79.024
-78.908
-78.885
-78.499
-78.561
-78.606
-78.711
-78.914
-79.284
-79.113
-78.915
-79.047
-79.075
-78.952
-79.103
-79.122
-79.017
-79.107
-79.105
-79.086
-79.224
-79.269
-79.139
-78.847
-78.579
-78.649
-78.807
-78.905
-79.165
-79.039
-78.84
-78.886
-78.998
-79.235
-79.144
-79.275
-79.417
-79.718
-79.914
-80.033
-80.068
-79.997
-80.021
-80.146
-80.585
-80.661
-80.727
-80.781
-80.986
-80.939
-81.059
-80.972
-81.128
-81.249
-81.118
-80.976
-81.046
-81.136
-81.277
-81.119
-80.898
-81.129
-81.401
-81.808
-81.6
-81.789
-81.701
-81.964
-81.876
-81.456
-81.7
-81.686
-81.75
-81.588
-81.72
-81.666
-81.471
-81.592
-81.597
-81.49
-81.59
-81.635
-81.507
-81.5
-81.528
-81.537
-81.662
-81.515
-81.505
-81.764
-81.601
-81.679
-81.528
-81.529
-81.945
-82.207
-81.984
-82.066
-82.069
-82.401
-82.335
-82.301
-82.179
-82.098
-82.261
-82.28
-82.344
-82.502
-82.472
-82.575
-82.593
-82.859
-82.958
-82.843
-82.68
-82.737
-82.922
-82.919
-82.492
-82.499
-82.5
-82.436
-82.741
-82.451
-82.329
-82.249
-82.632
-82.319
-82.607
-82.269
-82.275
-82.343
-82.2
-82.077
-81.716
-81.858
-81.992
-82.003
-81.761
-81.739
-81.47
-81.184
-81.505
-81.817
-81.574
-81.522
-81.687
-81.42
-81.099
-81.074
-81.129
-81.105
-80.973
-81.16
-81.259
-81.331
-81.4
-81.256
-81.194
-81.262
-80.829
-80.663
-80.564
-80.432
-80.478
-80.701
-80.812
-80.695
-80.313
-80.401
-80.253
-80.362
-80.835
-80.775
-80.732
-80.771
-80.99
-80.952
-80.82
-80.666
-80.786
-80.586
-80.555
-80.556
-80.698
-80.703
-80.49
-80.683
-80.877
-80.902
-80.918
-80.752
-80.722
-80.509
-80.39
-80.353
-80.439
-80.429
-80.476
-80.689
-80.689
-80.506
-80.718
-80.758
-80.871
-80.853
-80.829
-80.825
-80.49
-80.531
-80.636
-80.74
-80.482
-80.444
-80.462
-80.534
-80.491
-80.446
-80.337
-80.509
-80.578
-80.91
-80.912
-80.933
-80.765
-80.945
-80.853
-81.122
-81.122
-81.29
-81.421
-81.529
-81.271
-80.987
-80.755
-81.101
-81.142
-81.022
-80.873
-80.787
-80.78
-80.873
-80.872
-80.857
-80.851
-80.782
-80.948
-80.868
-80.875
-80.766
-80.986
-81.119
-81.074
-81.153
-80.96
-81.095
-81.097
-81.134
-81.193
-81.084
-81.125
-81.113
-81.213
-81.231
-81.11
-81.099
-80.995
-81.069
-81.089
-81.17
-80.946
-80.811
-81.026
-80.951
-80.658
-80.621
-80.603
-80.443
-80.509
-80.521
-80.337
-80.398
-80.626
-80.395
-80.821
-80.61
-80.644
-80.912
-80.692
-80.598
-80.541
-80.755
-80.798
-80.88
-80.91
-80.923
-80.777
-80.432
-80.298
-80.454
-80.372
-80.296
-80.475
-80.661
-80.624
-80.434
-80.477
-80.552
-80.329
-80.056
-80.02
-80.189
-80.087
-80.079
-80.075
-80.283
-80.102
-79.943
-80.36
-80.252
-80.133
-80.27
-80.101
-79.886
-79.822
-79.828
-79.606
-79.731
-79.835
-79.921
-79.861
-79.81
-79.566
-79.171
-78.663
-78.468
-78.232
-77.797
-77.616
-77.458
-77.184
-76.904
-76.851
-76.599
-76.504
-76.182
-75.789
-75.528
-75.489
-75.399
-75.244
-75.005
-74.971
-75.235
-75.209
-75.145
-74.993
-75.036
-75.004
-74.987
-74.934
-74.997
-74.591
-74.456
-74.213
-74.173
-74.1
-73.968
-74.026
-73.823
-73.56
-73.223
-72.965
-73.058
-73.104
-72.808
-72.59
-72.25
-72.32
-72.25
-71.977
-72.065
-72.121
-72.083
-72.231
-71.996
-72.142
-72.051
-72.074
-72.092
-72.385
-72.204
-72.257
-72.107
-71.99
-72.166
-72.232
-71.783
-71.839
-71.712
-71.749
-71.457
-71.682
-71.692
-71.548
-71.957
-71.855
-71.815
-71.743
-71.732
-71.95
-71.993
-71.943
-71.757
-71.97
-71.98
-71.994
-71.827
-72.035
-71.928
-72.011
-72.169
-72.076
-72.105
-72.032
-71.957
-72.042
-72.132
-72.01
-71.949
-72.241
-73.032
-74.612
-75.711
-76.688
-77.507
-77.994
-78.481
-78.824
-78.774
-78.932
-78.943
-79.233
-79.073
-79.175
-79.096
-79.283
-79.341
-79.417
-79.39
-79.593
-79.388
-79.387
-79.617
-79.803
-79.86
-79.738
-79.856
-79.789
-79.65
-79.681
-79.628
-79.465
-79.8
-79.779
-79.52
-79.732
-79.803
-79.634
-79.589
-79.857
-79.911
-79.794
-79.841
-79.981
-79.942
-79.873
-79.734
-79.638
-79.601
-79.424
-79.561
-79.655
-79.737
-79.716
-79.651
-79.94
-79.968
-79.915
-80.005
-80.012
-79.967
-79.915
-79.966
-80.025
-80.128
-80.226
-80.277
-80.343
-80.219
-80.108
-79.874
-80.116
-80.081
-80.125
-79.789
-79.848
-79.706
-80.033
-79.759
-79.79
-79.932
-79.646
-79.756
-80.141
-80.188
-80.016
-80.086
-80.022
-79.688
-79.665
-79.737
-79.763
-79.69
-79.534
-79.663
-79.997
-79.986
-80.13
-80.056
-80.234
-80.046
-79.905
-79.479
-79.32
-79.591
-79.488
-79.467
-79.458
-79.72
-79.87
-79.89
-79.906
-79.772
-79.682
-79.435
-79.789
-79.918
-80.128
-79.896
-79.816
-79.917
-79.887
-79.866
-79.869
-79.966
-79.759
-79.799
-79.708
-79.617
-79.494
-79.56
-79.766
-79.713
-79.386
-79.709
-79.823
-79.851
-79.87
-79.929
-80.039
-79.76
-79.645
-79.554
-79.548
-79.62
-79.637
-79.93
-79.936
-80.014
-79.91
-80
-80.076
-80.287
-79.978
-79.919
-79.889
-79.931
-79.722
-79.865
-79.781
-79.953
-79.962
-80
-79.811
-79.804
-79.734
-79.838
-79.906
-79.969
-79.902
-79.914
-79.73
-79.752
-79.915
-79.946
-79.87
-79.856
-80.153
-80.128
-79.938
-79.704
-79.777
-79.71
-79.675
-79.683
-79.704
-79.856
-79.783
-79.819
-79.558
-79.498
-79.614
-79.69
-79.837
-79.962
-79.934
-80.237
-79.981
-80.201
-80.04
-80.211
-80.161
-80.401
-80.566
-80.532
-80.525
-80.561
-80.374
-80.427
-80.57
-80.375
-80.29
-79.919
-80.093
-80.272
-80.064
-80.448
-80.327
-80.245
-80.717
-80.739
-80.708
-80.928
-80.73
-80.743
-80.619
-80.266
-80.251
-79.89
-79.762
-79.565
-79.834
-80.01
-80.198
-80.268
-79.927
-79.634
-79.079
-78.826
-78.365
-78.213
-78.119
-77.99
-77.746
-77.416
-77.344
-76.919
-76.887
-76.375
-76.251
-76.081
-75.967
-76.003
-76.092
-76.254
-76.02
-76.022
-75.999
-75.938
-75.864
-75.728
-75.946
-75.858
-75.777
-75.557
-75.512
-75.541
-75.481
-75.721
-75.909
-75.721
-75.733
-75.659
-75.781
-75.971
-76.034
-76.429
-76.66
-76.589
-76.695
-76.392
-76.238
-75.918
-75.644
-75.395
-75.296
-74.89
-74.798
-74.382
-74.338
-74.456
-74.647
-74.557
-74.113
-74.12
-73.817
-73.9
-73.949
-73.76
-73.446
-73.486
-73.447
-73.546
-73.414
-73.386
-73.31
-73.361
-73.139
-73.142
-73.361
-73.404
-73.174
-73.258
-73.017
-73.142
-73.015
-73.162
-73.269
-73.434
-73.736
-73.794
-74.023
-74.312
-74.368
-74.544
-74.339
-74.368
-74.43
-74.242
-74.185
-74.303
-74.395
-74.43
-74.661
-74.69
-74.635
-75.198
-75.178
-75.041
-75.172
-74.847
-75.079
-75.237
-75.477
-75.723
-75.894
-75.833
-75.692
-75.718
-75.507
-75.304
-75.263
-75.222
-75.35
-75.567
-75.798
-75.895
-76.013
-76.289
-76.376
-76.034
-76.006
-75.987
-76.037
-76.386
-76.456
-76.68
-76.696
-76.905
-76.774
-76.722
-76.648
-77.035
-76.878
-76.754
-76.911
-76.87
-77.043
-77.169
-77.267
-77.271
-77.451
-77.557
-77.713
-77.668
-77.667
-77.926
-77.985
-78.326
-78.279
-78.588
-78.504
-78.628
-78.669
-78.29
-78.337
-78.422
-78.324
-78.253
-78.231
-78.069
-77.998
-78.003
