-78.149
-78.148
-78.321
-78.454
-78.399
-78.178
-77.921
-77.631
-77.828
-77.757
-77.561
-77.668
-77.533
-77.824
-78.13
-78.051
-78.133
-77.725
-77.881
-77.615
-77.498
-77.622
-77.639
-77.656
-77.699
-77.452
-77.485
-77.502
-77.507
-77.584
-77.472
-77.523
-77.629
-77.625
-77.473
-77.499
-77.472
-77.266
-77.152
-77.362
-77.153
-77.303
-77.665
-77.592
-77.24
-77.515
-77.38
-77.52
-77.78
-77.934
-78.13
-78.216
-78.355
-78.407
-78.633
-78.62
-78.534
-78.674
-78.637
-78.561
-78.546
-78.664
-78.852
-78.876
-78.629
-78.763
-78.554
-78.41
-78.214
-78.512
-78.466
-78.571
-78.427
-78.454
-78.618
-78.646
-78.359
-78.417
-78.337
-78.151
-77.954
-77.725
-77.542
-77.451
-77.452
-77.568
-77.72
-77.706
-77.771
-77.679
-77.625
-77.886
-77.416
-77.082
-76.934
-76.83
-76.707
-76.757
-76.756
-76.876
-76.901
-77.261
-76.888
-76.692
-76.619
-76.629
-76.826
-76.78
-77.086
-76.712
-76.574
-76.625
-76.919
-77.049
-77.052
-76.906
-77.122
-77.363
-77.598
-77.405
-77.525
-77.474
-77.234
-77.092
-77.048
-77.089
-77.036
-77.134
-77.189
-77.228
-77.507
-77.432
-77.259
-77.471
-77.52
-77.547
-77.67
-77.724
-77.772
-77.794
-77.587
-77.729
-77.922
-78.013
-78.059
-78.057
-78.013
-78.248
-78.306
-78.041
-77.697
-77.686
-77.7
-77.681
-77.814
-78.057
-78.089
-77.962
-77.906
-77.862
-77.952
-77.834
-78.305
-78.44
-78.481
-78.617
-78.591
-78.483
-78.35
-78.482
-78.446
-78.334
-78.538
-78.5
-78.412
-78.513
-78.46
-78.408
-78.571
-78.796
-78.642
-78.822
-78.892
-78.921
-78.783
-78.615
-78.646
-78.735
-78.873
-78.829
-78.753
-78.541
-78.641
-78.565
-78.733
-78.453
-78.201
-78.063
-78.304
-78.306
-78.122
-78.177
-77.938
-77.889
-78.002
-78.272
-78.247
-77.99
-77.949
-78.139
-78.273
-77.897
-77.653
-77.438
-77.392
-77.531
-77.743
-77.65
-77.633
-77.621
-77.72
-77.678
-77.757
-77.56
-77.64
-78.105
-77.889
-77.983
-77.981
-78.241
-78.31
-78.338
-78.294
-78.357
-78.684
-78.734
-78.869
-78.926
-78.993
-79.294
-79.359
-79.346
-79.247
-79.281
-79.711
-79.545
-79.713
-79.793
-80.121
-80.271
-79.974
-79.818
-79.763
-79.748
-79.816
-80.096
-79.983
-79.938
-79.932
-79.89
-79.874
-79.995
-79.904
-79.981
-79.846
-79.802
-79.926
-80.053
-79.959
-79.939
-79.71
-79.405
-79.803
-79.889
-79.782
-80.035
-79.994
-79.726
-79.821
-79.846
-80.026
-79.852
-79.945
-79.879
-79.921
-79.828
-79.997
-79.915
-80.2
-80.135
-80.4
-80.33
-80.374
-80.172
-79.981
-79.79
-79.837
-79.822
-79.519
-79.789
-79.842
-79.83
-79.752
-79.866
-80.007
-80.296
-80.028
-80.043
-79.97
-80.066
-79.885
-80.236
-80.432
-80.605
-80.651
-80.699
-80.367
-80.315
-80.098
-80.067
-79.988
-80.059
-80.076
-80.181
-80.106
-80.008
-80.268
-80.274
-80.11
-80.236
-80.366
-80.269
-80.217
-80.341
-80.147
-80.167
-80.437
-80.554
-80.496
-80.712
-80.566
-80.461
-80.583
-80.131
-79.917
-79.962
-80.271
-80.13
-80.17
-80.123
-80.292
-80.26
-80.229
-80.236
-80.219
-80.227
-80.263
-80.277
-80.036
-79.867
-79.941
-80.034
-79.877
-79.602
-79.662
-79.716
-79.716
-79.701
-79.783
-79.931
-80.166
-80.22
-80.171
-80.242
-80.164
-80.122
-80.436
-80.316
-80.21
-80.366
-80.485
-80.522
-80.496
-80.642
-80.808
-81.151
-80.952
-80.776
-80.621
-80.66
-80.512
-80.512
-80.614
-80.766
-80.87
-80.812
-81.039
-81.341
-81.428
-81.148
-81.124
-81.132
-81.249
-81.372
-81.559
-81.753
-81.916
-81.892
-82.134
-82.46
-82.437
-82.379
-82.367
-82.116
-82.312
-82.165
-82.487
-82.535
-82.233
-81.642
-81.358
-81.345
-81.154
-80.713
-80.41
-80.147
-79.929
-79.636
-79.406
-79.201
-78.925
-78.825
-78.616
-78.506
-78.48
-78.355
-78.14
-78.044
-77.959
-77.817
-77.594
-77.364
-77.371
-77.123
-77.182
-77.013
-76.851
-77.07
-77.035
-77.091
-76.995
-76.776
-76.707
-76.573
-76.414
-76.325
-76.053
-75.708
-75.323
-75.032
-74.964
-74.886
-74.75
-74.503
-74.122
-74.073
-73.924
-73.74
-73.545
-73.439
-73.417
-73.38
-73.35
-73.272
-73.007
-72.884
-72.696
-72.716
-72.6
-72.493
-72.201
-71.867
-71.909
-71.808
-71.702
-71.424
-71.239
-71.308
-71.147
-70.928
-70.965
-70.526
-70.237
-70.021
-69.633
-69.447
-69.359
-69.31
-69.204
-69.258
-69.139
-69.11
-68.954
-68.767
-68.467
-68.382
-68.182
-68.305
-68.26
-67.941
-67.598
-67.625
-67.278
-66.95
-66.984
-66.621
-66.307
-66.111
-65.782
-65.347
-65.31
-64.958
-64.757
-64.436
-64.493
-64.235
-64.112
-64.135
-64.236
-63.872
-63.587
-63.664
-63.331
-63.192
-63.099
-63.142
-63.091
-62.697
-62.767
-62.593
-62.522
-62.47
-62.329
-62.01
-62.021
-61.976
-62.179
-62.088
-61.949
-61.913
-62.032
-61.93
-61.856
-62.024
-61.754
-62.048
-62.085
-62.005
-61.881
-61.642
-61.946
-61.722
-62.038
-62.013
-62.028
-62.248
-62.14
-62
-61.719
-61.463
-61.463
-61.219
-61.191
-61.147
-61.383
-61.26
-61.32
-61.23
-61.279
-61.337
-61.333
-61.146
-61.068
-61.225
-61.146
-61.087
-61.281
-61.346
-61.293
-61.59
-61.389
-61.319
-61.407
-61.558
-61.712
-61.838
-61.515
-61.356
-60.958
-60.542
-60.375
-60.067
-59.928
-59.359
-59.121
-58.874
-58.818
-58.736
-58.6
-58.263
-58.31
-57.999
-57.807
-57.437
-57.202
-56.993
-56.935
-56.823
-56.431
-56.411
-56.347
-56.249
-56.131
-55.848
-55.714
-55.163
