-79.439
-79.105
-79.146
-79.217
-79.171
-79.341
-79.368
-79.353
-79.183
-79.141
-79.39
-79.539
-79.656
-79.794
-80.06
-79.982
-80.138
-80.033
-80.387
-80.496
-80.535
-80.485
-80.675
-81.022
-81.26
-81.567
-81.539
-81.864
-82.031
-82.156
-82.378
-82.517
-82.308
-82.368
-82.14
-82.173
-81.916
-82.054
-82.548
-82.725
-82.744
-82.793
-82.533
-82.428
-82.5
-82.386
-82.319
-82.189
-81.974
-82.059
-82.138
-82.109
-82.212
-82.214
-82.069
-81.981
-81.907
-82.245
-82.253
-82.176
-82.567
-82.484
-82.713
-82.644
-82.57
-82.888
-82.646
-82.867
-82.715
-82.585
-82.418
-82.35
-82.201
-82.182
-82.344
-82.258
-82.192
-81.874
-81.822
-81.877
-81.804
-81.718
-82.031
-82.062
-81.842
-81.729
-81.758
-81.801
-81.677
-81.834
-81.782
-82.039
-82.05
-82.364
-82.093
-82.133
-82.286
-82.368
-82.095
-82.437
-82.582
-82.492
-82.341
-82.328
-82.366
-82.296
-82.19
-82.277
-82.228
-82.063
-81.923
-81.852
-81.784
-81.594
-81.449
-80.926
-80.677
-80.76
-80.856
-81.032
-81.008
-81.234
-81.281
-81.024
-80.986
-81.134
-80.83
-80.92
-80.907
-81.03
-81.109
-81.463
-81.334
-81.175
-81.2
-81.178
-81.011
-80.911
-80.934
-80.774
-80.982
-80.785
-80.516
-80.325
-80.284
-80.342
-80.399
-80.526
-80.574
-80.264
-80.019
-80.295
-80.472
-80.256
-80.296
-80.487
-80.469
-80.537
-80.56
-80.469
-80.452
-80.358
-80.427
-80.111
-80.13
-80.283
-80.275
-80.336
-80.369
-80.592
-80.498
-80.422
-80.461
-80.588
-80.528
-80.646
-80.552
-80.392
-80.264
-80.167
-80.078
-79.878
-79.544
-79.856
-80.007
-80.098
-79.91
-79.832
-79.986
-80.043
-80.046
-80.158
-80.184
-79.894
-79.78
-79.644
-79.605
-79.771
-80.012
-79.94
-80.007
-79.863
-80.023
-79.985
-80.158
-80.466
-80.686
-80.603
-80.645
-80.602
-80.606
-80.914
-80.868
-80.616
-80.56
-80.35
-80.327
-79.938
-80.031
-79.735
-79.819
-79.676
-79.721
-79.873
-79.961
-79.751
-79.905
-79.835
-80.113
-80.085
-80.06
-79.856
-79.433
-79.029
-78.687
-78.188
-77.982
-77.588
-77.515
-77.252
-76.901
-76.832
-76.81
-77.189
-77.612
-78.26
-78.57
-79.018
-79.181
-79.319
-79.188
-79.28
-79.625
-79.692
-79.657
-79.652
-79.572
-79.707
-79.888
-79.94
-79.675
-79.629
-79.47
-79.423
-79.555
-79.635
-79.661
-79.586
-79.645
-79.833
-79.832
-79.674
-79.583
-79.8
-79.972
-79.724
-79.8
-79.715
-79.498
-79.801
-79.729
-79.757
-79.635
-79.779
-79.892
-79.812
-79.752
-79.989
-80.015
-80.353
-80.536
-80.562
-80.544
-80.332
-80.278
-80.345
-80.19
-80.092
-80.382
-80.362
-79.901
-79.877
-79.85
-79.73
-79.621
-79.671
-79.509
-79.562
-79.619
-79.764
-79.647
-79.772
-79.935
-80.238
-80.154
-80.265
-80.204
-79.87
-79.748
-79.98
-79.765
-79.737
-79.71
-80.123
-79.749
-80.026
-80.008
-80.102
-80.113
-80.3
-80.496
-80.575
-80.561
-80.271
-80.031
-80.022
-80.459
-80.291
-80.206
-80.103
-80.168
-80.212
-80.233
-80.211
-80.298
-80.502
-80.354
-80.518
-80.433
-80.643
-80.644
-80.523
-80.458
-80.448
-80.425
-80.403
-80.357
-80.513
-80.373
-80.231
-80.313
-80.321
-80.172
-80.037
-79.773
-79.643
-79.473
-79.422
-78.888
-78.842
-78.572
-78.465
-78.577
-78.451
-78.096
-78.068
-77.921
-77.987
-77.891
-77.739
-77.892
-77.926
-78.077
-77.912
-77.874
-77.832
-77.64
-77.76
-77.718
-77.743
-77.881
-77.99
-78.064
-78.44
-78.643
-78.844
-78.869
-79.387
-79.8
-79.709
-79.899
-79.753
-79.549
-79.859
-80.109
-80.09
-80.033
-79.923
-79.982
-80.165
-80.049
-80.168
-79.924
-80.005
-80
-80.086
-80.197
-80.137
-80.066
-79.767
-79.768
-79.609
-79.975
-80.113
-80.004
-80.065
-79.905
-80.066
-80.177
-80.132
-80.195
-79.979
-80.167
-80.194
-80.014
-80.071
-80.122
-80.028
-79.903
-80.1
-80.27
-79.988
-80.089
-79.917
-80.109
-80.148
-79.958
-80.093
-79.882
-80.108
-80.17
-80.294
-80.208
-79.945
-79.787
-79.865
-79.88
-79.893
-79.888
-79.717
-79.642
-79.781
-79.497
-79.603
-79.763
-79.812
-79.923
-79.783
-79.572
-79.502
-79.496
-79.326
-79.67
-79.653
-79.648
-79.546
-79.689
-79.865
-80.044
-80.308
-80.312
-80.468
-80.627
-80.559
-80.217
-80.117
-80.18
-80.021
-79.969
-80.193
-80.156
-80.329
-80.315
-80.419
-80.036
-79.802
-79.365
-79.317
-79.202
-78.917
-78.87
-78.8
-79.109
-78.907
-78.737
-78.312
-78.307
-78.277
-78.05
-77.972
-77.868
-77.798
-77.686
-77.449
-77.156
-77.302
-77.12
-76.827
-76.552
-76.362
-76.348
-76.417
-76.536
-76.411
-76.507
-76.543
-76.789
-76.801
-76.951
-76.899
-77.029
-77.397
-77.43
-77.966
-78.004
-77.957
-78.17
-78.266
-78.605
-78.371
-78.429
-78.263
-78.236
-78.066
-77.685
-77.388
-77.133
-77.153
-77.053
-76.899
-76.602
-76.74
-76.702
-76.705
-76.672
-76.548
-76.322
-76.219
-76.296
-76.334
-76.561
-76.54
-76.584
-76.732
-76.818
-76.993
-76.932
-76.868
-77.052
-76.954
-77.075
-76.979
-77.193
-77.174
-77.435
-77.618
-77.676
-77.762
-77.748
-77.615
-77.506
-77.245
-77.177
-77.239
-77.154
-77.377
-77.954
-77.687
-77.77
-78.021
-78.036
-78.09
-78.374
-78.684
-78.749
-78.721
-78.794
-78.857
-78.883
-78.87
-78.688
-78.611
-78.03
-77.73
-77.538
-77.24
-76.865
-76.548
-76.694
-76.647
-76.816
-76.838
-76.958
-76.966
-76.601
-76.619
-76.404
-76.499
-76.479
-76.625
-76.322
-76.412
-76.211
-76.033
-76.104
-75.91
