-71.773
-71.331
-71.475
-71.34
-71.314
-71.17
-70.846
-70.826
-70.743
-70.957
-70.85
-70.912
-71.173
-71.179
-71.287
-71.397
-71.557
-71.385
-71.381
-71.638
-71.723
-71.598
-71.708
-71.701
-71.644
-71.782
-71.561
-71.672
-71.624
-71.492
-71.363
-71.208
-71.044
-70.987
-71.01
-71.03
-71.057
-71.12
-71.264
-71.476
-71.694
-71.644
-71.224
-71.029
-71.099
-71.093
-71.292
-71.266
-71.172
-71.253
-71.394
-71.226
-70.827
-70.702
-70.399
-69.985
-69.494
-68.921
-68.232
-67.544
-66.943
-66.45
-65.838
-65.387
-64.999
-64.409
-63.901
-63.384
-63.218
-62.854
-62.41
-62.204
-61.839
-61.683
-61.716
-61.383
-61.046
-61.17
-61.227
-61.129
-61.108
-60.959
-61.052
-60.81
-60.613
-60.683
-60.551
-60.456
-60.158
-60.525
-60.308
-60.334
-60.368
-60.368
-60.546
-60.557
-60.415
-60.415
-60.392
-60.277
-60.121
-59.933
-59.768
-59.764
-59.697
-59.758
-59.578
-59.578
-59.59
-59.757
-59.731
-59.571
-59.793
-59.736
-59.605
-59.71
-59.599
-59.192
-58.947
-58.704
-58.106
-57.906
-57.421
-56.669
-56.445
-56.253
-56.064
-55.655
-55.556
-55.267
-54.92
-53.993
-53.685
-53.482
-53.211
-53.342
-52.98
-52.795
-52.828
-52.753
-52.577
-52.65
-52.18
-52.052
-51.84
-51.581
-51.43
-51.479
-51.54
-51.222
-51.152
-51.161
-51.092
-51.113
-51.193
-51.191
-51.193
-51.251
-51.084
-51.021
-50.458
-50.237
-50.239
-50.339
-50.572
-50.502
-50.458
-50.454
-50.471
-50.173
-50.118
-49.723
-49.657
-49.471
-49.339
-48.839
-48.37
-48.027
-47.765
-47.336
-46.794
-46.024
-45
-45
-45
-45
-45
-45
-45
-45
-45
-45
-45
-45
-45
-45
-45
-45
-45
-45
-45
-47.304
-51.956
-55.405
-58
-60.018
-61.226
-62.332
-63.029
-63.802
-64.205
-64.631
-64.726
-65.116
-65.074
-65.158
-65.141
-65.074
-64.926
-65.05
-65.062
-65.118
-65.308
-65.483
-65.583
-65.731
-65.779
-65.904
-65.886
-65.999
-66.076
-66.232
-66.14
-66.261
-66.38
-66.355
-66.129
-66.484
-66.813
-67.01
-67.287
-66.9
-67.005
-66.909
-66.909
-67.004
-67.06
-66.97
-67.102
-66.922
-66.981
-67.172
-67.55
-67.661
-67.585
-67.636
-67.682
-67.933
-67.789
-67.7
-67.794
-67.902
-68.008
-68.238
-68.276
-68.265
-68.378
-68.25
-68.446
-68.557
-68.694
-68.624
-68.428
-68.64
-68.368
-68.603
-68.391
-68.02
-68.081
-68.021
-67.868
-67.929
-68.243
-68.199
-68.386
-68.227
-68.24
-68.364
-68.217
-68.468
-68.359
-68.623
-68.751
-68.508
-68.435
-68.633
-68.652
-68.758
-68.957
-68.815
-68.874
-69.009
-69.177
-69.07
-69.267
-69.785
-69.969
-69.928
-69.954
-70.078
-70.063
-70.281
-70.412
-70.277
-70.465
-70.336
-70.348
-70.53
-70.543
-70.569
-70.47
-70.398
-70.497
-70.436
-70.363
-70.233
-70.501
-70.623
-70.516
-70.423
-70.799
-70.776
-70.903
-71.001
-70.855
-70.99
-70.882
-71.124
-71.209
-71.171
-71.311
-71.274
-70.847
-70.92
-70.919
-70.842
-70.948
-71.121
-71.02
-71.333
-71.263
-71.029
-71.214
-71.214
-71.198
-71.056
-71.107
-71.203
-71.406
-71.396
-71.763
-71.719
-71.663
-72.011
-72.03
-72.144
-72.2
-72.146
-72.477
-72.45
-72.602
-72.745
-72.68
-72.678
-72.821
-72.84
-72.941
-72.767
-72.624
-72.522
-72.477
-72.552
-72.355
-72.422
-72.343
-72.049
-72.083
-72.068
-72.244
-72.224
-72.108
-71.871
-71.708
-71.735
-71.844
-71.841
-71.735
-71.821
-71.878
-71.921
-72.076
-72.023
-72.335
-72.033
-71.914
-71.85
-71.798
-71.886
-71.783
-71.959
-71.936
-71.851
-72.138
-72.43
-72.675
-72.932
-73.007
-73.17
-73.102
-72.974
-72.799
-72.967
-73.055
-72.938
-72.885
-72.664
-72.893
-72.6
-72.928
-73.038
-73.365
-73.279
-73.136
-73.005
-73.19
-73.212
-72.925
-72.913
-72.98
-72.829
-73.297
-73.16
-73.144
-73.057
-73.306
-73.371
-73.611
-73.513
-73.494
-73.657
-73.75
-73.58
-73.573
-73.356
-73.532
-73.612
-73.817
-73.688
-73.799
-73.738
-73.893
-73.894
-73.925
-73.789
-73.628
-73.665
-73.745
-73.798
-74.002
-73.916
-74.119
-74.149
-74.191
-74.05
-74.039
-74.098
-73.838
-73.847
-73.858
-73.968
-73.877
-73.783
-73.983
-74.06
-74.052
-74.053
-74.002
-74.286
-74.253
-74.441
-74.469
-74.248
-74.447
-74.339
-74.5
-74.482
-74.289
-74.175
-74.303
-74.2
-74.148
-73.928
-74.198
-74.103
-73.781
-73.91
-73.654
-73.32
-73.183
-73.08
-73.199
-73.21
-73.491
-73.431
-73.433
-73.308
-73.192
-73.392
-73.092
-72.368
-71.861
-70.921
-70.042
-68.971
-68.054
-67.116
-66.229
-65.604
-64.784
-64.338
-63.675
-63.14
-62.39
-62.137
-61.548
-61.085
-60.828
-60.398
-60.208
-59.986
-59.998
-59.647
-59.255
-58.964
-58.621
-58.456
-58.028
-57.574
-56.693
-55.886
-55.377
-54.628
-53.969
-53.602
-52.713
-52.048
-51.583
-50.902
-50.056
-49.468
-48.843
-48.029
-46.976
-45.536
-45
-45
-45
-45
-45
-45
-45
-45
-45
-45
-45
-45
-45
-45
-45
-45
-45
-45
-45
-48.558
-51.928
-54.684
-56.588
-58.024
-58.784
-59.565
-60.259
-60.451
-60.503
-60.637
-60.623
-60.564
-60.53
-60.443
-60.372
-60.287
-60.239
-59.959
-60.019
-59.934
-59.574
-59.408
-59.058
-58.671
-58.444
-58.672
-58.672
-58.675
-58.633
-58.701
-59.046
-59.095
-59.34
-59.529
-59.402
-59.312
-59.346
-59.161
-59.594
-59.578
-59.624
-59.412
