-79.473
-79.455
-79.603
-79.853
-79.952
-80.218
-80.054
-79.955
-79.668
-79.723
-79.534
-79.455
-79.417
-79.312
-79.302
-78.978
-78.845
-78.653
-78.638
-78.328
-78.297
-78.407
-78.362
-78.483
-78.354
-78.226
-78.058
-78.383
-78.307
-78.153
-77.963
-77.96
-77.884
-77.968
-78.05
-78.492
-78.598
-78.829
-79.032
-79.072
-79.149
-79.109
-79.201
-79.345
-79.487
-79.594
-79.538
-79.738
-79.94
-80.034
-79.91
-79.789
-79.726
-79.63
-79.512
-79.348
-79.418
-79.639
-79.512
-79.679
-80.123
-80.356
-80.352
-80.44
-80.636
-80.646
-80.739
-80.728
-80.544
-80.625
-80.75
-80.707
-80.866
-80.847
-80.968
-81.107
-81.088
-81.172
-81.322
-81.341
-81.261
-81.05
-81.131
-80.868
-81.076
-81.21
-81.313
-81.47
-81.391
-81.317
-81.266
-81.187
-81.218
-81.13
-81.102
-80.839
-80.908
-80.711
-80.526
-80.34
-80.307
-80.36
-80.42
-80.438
-80.205
-80.375
-80.175
-80.013
-79.949
-79.853
-79.958
-79.874
-80.146
-80.238
-80.426
-80.304
-80.231
-80.333
-80.374
-80.449
-80.259
-80.151
-80.111
-80.093
-80.143
-80.238
-80.262
-80.143
-80.069
-79.998
-80.002
-79.852
-79.845
-79.995
-80.086
-80.004
-80.303
-80.075
-80.041
-80.033
-80.249
-80.169
-79.938
-79.847
-79.667
-79.65
-79.51
-79.277
-79.018
-79.054
-79.034
-79.081
-79.13
-79.192
-79.054
-79.083
-79.073
-79.314
-79.368
-78.954
-79.082
-78.896
-78.826
-78.783
-79.004
-79.289
-79.227
-78.951
-78.651
-78.871
-78.946
-78.813
-78.648
-78.704
-78.831
-78.983
-79.045
-78.969
-78.863
-78.959
-78.646
-78.59
-78.946
-79.107
-79.181
-79.284
-79.17
-79.303
-79.205
-79.189
-78.894
-78.79
-78.477
-78.685
-78.652
-78.729
-78.535
-78.605
-78.769
-78.891
-78.675
-78.739
-78.946
-78.959
-79.147
-78.893
-78.756
-78.889
-79.285
-79.344
-79.219
-79.25
-79.296
-79.238
-79.319
-79.416
-79.606
-79.49
-79.418
-79.615
-79.633
-79.698
-79.574
-79.622
-79.69
-79.562
-79.364
-79.345
-79.644
-79.778
-79.805
-79.972
-79.721
-79.672
-79.776
-79.733
-79.783
-79.773
-79.625
-79.737
-79.766
-79.743
-79.697
-79.986
-79.959
-80.031
-79.93
-79.819
-79.756
-79.918
-79.738
-79.63
-79.752
-80.027
-79.835
-79.916
-79.79
-79.769
-79.822
-80.116
-80.15
-80.135
-80.057
-79.703
-79.619
-79.795
-79.895
-79.876
-79.677
-79.835
-80.123
-80.121
-80.061
-80.102
-79.653
-79.765
-79.944
-79.836
-79.711
-79.601
-79.905
-80.071
-80.065
-79.95
-80.018
-79.897
-80.237
-80.112
-79.913
-79.998
-79.762
-79.724
-79.731
-79.787
-79.776
-79.907
-79.869
-79.779
-79.918
-79.951
-79.898
-79.756
-80.113
-80.267
-80.245
-80.085
-80.161
-79.956
-80.049
-79.892
-79.852
-79.962
-80.053
-79.938
-80.123
-80.154
-79.838
-79.957
-80.241
-80.066
-80.012
-80.119
-80.129
-80.331
-80.399
-80.546
-80.61
-80.64
-80.634
-80.409
-80.058
-80.279
-80.218
-80.075
-80.134
-80.042
-80.096
-80.464
-80.451
-80.292
-80.059
-80.132
-80.144
-80.075
-80.386
-80.505
-80.508
-80.223
-79.875
-79.774
-79.552
-79.487
-79.185
-79.24
-78.935
-78.839
-78.669
-78.901
-78.886
-78.942
-78.978
-79.007
-79.227
-79.39
-78.937
-78.909
-79.007
-79.328
-79.41
-79.527
-79.426
-79.4
-79.253
-79.066
-79.192
-79.508
-79.567
-79.705
-79.76
-79.683
-79.829
-79.775
-79.855
-79.779
-79.875
-79.94
-80.111
-80.05
-80.071
-80.012
-79.915
-79.992
-79.69
-79.676
-79.748
-79.579
-79.584
-79.651
-79.568
-79.598
-79.672
-79.676
-79.766
-79.679
-79.867
-79.986
-80.11
-79.878
-79.491
-79.427
-79.701
-79.783
-79.832
-80.009
-80.193
-80.058
-80.029
-79.891
-79.891
-79.721
-79.802
-79.992
-80.055
-80.314
-80.362
-80.374
-80.445
-80.361
-80.268
-80
-80.169
-80.252
-80.359
-80.293
-79.94
-80.146
-79.858
-79.932
-80.088
-79.959
-80.132
-80.327
-80.556
-80.66
-80.36
-80.755
-80.752
-80.769
-80.918
-80.582
-80.489
-80.53
-80.283
-80.072
-80.034
-80.047
-80.197
-80.101
-79.978
-79.948
-79.894
-79.974
-79.875
-80.137
-80.063
-79.96
-80.037
-79.83
-79.719
-79.819
-80.121
-80.037
-79.886
-79.778
-79.723
-79.322
-79.37
-79.199
-78.924
-79.018
-78.968
-78.799
-79.134
-79.092
-79.163
-79.199
-79.485
-79.583
-79.363
-79.368
-79.39
-79.48
-79.523
-79.445
-79.265
-79.312
-79.448
-79.4
-79.551
-79.617
-79.596
-79.485
-79.47
-79.35
-79.501
-79.568
-79.587
-79.587
-79.542
-79.849
-79.868
-79.825
-79.817
-79.842
-79.967
-79.902
-79.841
-79.825
-79.965
-80.164
-80.064
-79.789
-79.784
-79.856
-79.964
-79.843
-79.742
-79.579
-79.425
-79.436
-79.334
-79.352
-79.461
-79.372
-79.395
-79.579
-79.331
-79.163
-79.248
-79.017
-79.018
-79.103
-78.947
-79.158
-79.157
-79.277
-79.384
-79.32
-79.29
-79.363
-79.164
-79.038
-78.774
-78.763
-78.991
-78.914
-79.14
-79.143
-79.191
-79.081
-79.273
-79.514
-79.635
-79.701
-79.348
-79.444
-79.373
-79.339
-79.514
-79.63
-79.593
-79.874
-79.824
-79.821
-79.895
-79.744
-79.77
-79.557
-79.518
-79.525
-79.57
-79.45
-79.586
-79.523
-79.396
-79.493
-79.645
-79.357
-79.367
-79.255
-79.338
-79.548
-79.649
-79.995
-80.151
-79.998
-79.907
-79.781
-79.686
-79.876
-80.026
-80.277
-80.255
-80.479
-80.201
-79.917
-79.832
-79.709
-79.929
-80.158
-80.267
-80.294
-79.983
-79.898
-79.826
-79.8
-79.64
-79.6
-79.482
-79.491
-79.385
-79.194
-79.396
-79.31
-79.461
-79.573
