-75.899
-75.889
-75.934
-75.928
-75.823
-75.834
-76.121
-75.983
-75.979
-76.012
-76.1
-76.238
-76.391
-76.521
-76.329
-76.454
-76.729
-76.676
-76.692
-76.614
-76.504
-76.291
-76.187
-76.252
-76.647
-76.777
-76.7
-76.613
-76.593
-76.542
-76.526
-76.565
-76.361
-76.359
-76.453
-76.242
-76.298
-76.267
-76.39
-76.237
-76.296
-76.172
-76.392
-76.381
-76.118
-75.621
-75.599
-75.441
-75.552
-75.466
-75.45
-75.397
-75.172
-75.166
-75.114
-75.141
-75.245
-75.232
-75.32
-75.373
-75.355
-75.247
-75.616
-75.698
-75.447
-75.539
-75.609
-75.858
-76.298
-76.416
-76.445
-76.556
-76.319
-76.383
-76.602
-76.647
-76.679
-76.583
-76.573
-76.668
-76.572
-76.828
-76.487
-76.55
-76.454
-76.59
-76.701
-76.793
-76.779
-76.87
-76.935
-76.881
-77.04
-76.978
-76.708
-76.558
-76.678
-76.605
-76.617
-76.675
-76.728
-76.783
-76.691
-76.912
-77.044
-76.82
-77.055
-76.941
-77.061
-77.098
-76.9
-76.922
-76.813
-77.082
-76.908
-76.869
-76.885
-77.132
-77.217
-77.123
-77.343
-77.37
-77.358
-77.345
-77.33
-77.344
-77.825
-77.871
-77.576
-77.784
-78.032
-77.699
-78.02
-78.063
-78.394
-78.294
-78.235
-78.106
-77.778
-78.02
-77.877
-78.125
-78.439
-78.264
-78.166
-77.945
-77.863
-78.012
-78.152
-78.099
-78.351
-78.145
-78.092
-78.074
-78.239
-78.29
-78.336
-78.387
-78.189
-78.19
-78.289
-78.234
-77.949
-78.132
-78.004
-77.975
-78.269
-78.226
-78.112
-78.16
-78.305
-78.195
-78.226
-78.249
-78.085
-78.136
-77.977
-77.961
-78.243
-78.282
-78.134
-78.232
-78.078
-78.427
-78.513
-78.327
-78.262
-78.534
-78.54
-78.604
-78.544
-78.574
-78.439
-78.233
-78.183
-78.079
-78.307
-78.497
-78.374
-78.133
-78.399
-78.327
-78.474
-78.456
-78.516
-78.468
-78.679
-78.473
-78.29
-78.076
-77.972
-77.918
-77.895
-77.752
-77.544
-77.678
-77.958
-77.968
-78.174
-78.133
-77.94
-77.97
-77.798
-77.668
-77.722
-77.962
-77.823
-77.781
-77.593
-77.956
-78.105
-78.033
-77.89
-78.031
-78.276
-78.25
-78.332
-78.067
-78.253
-78.06
-78.355
-78.466
-78.545
-78.376
-78.41
-78.339
-78.206
-78.016
-77.948
-77.811
-77.751
-77.873
-78.167
-78.298
-78.191
-78.217
-78.195
-78.173
-78.24
-78.158
-78.049
-78.274
-78.498
-78.821
-78.994
-79.071
-79.131
-79.276
-79.215
-79.487
-79.226
-79.192
-79.341
-79.526
-79.493
-79.485
-79.377
-79.345
-79.163
-79.023
-79.245
-79.231
-79.147
-79.142
-78.876
-78.684
-78.948
-79.047
-78.995
-78.971
-78.83
-79.113
-79.103
-79.104
-79.05
-79.181
-79.339
-79.368
-79.438
-79.407
-79.501
-79.281
-79.117
-78.916
-78.92
-78.818
-78.912
-78.694
-78.898
-78.858
-78.791
-78.534
-78.596
-78.532
-78.452
-78.31
-78.537
-78.546
-78.728
-78.846
-79.029
-79.005
-79.078
-78.909
-79.068
-79.041
-79.023
-78.964
-78.606
-78.561
-78.263
-78.183
-78.202
-78.27
-77.956
-77.801
-78.172
-78.143
-78.363
-78.211
-78.116
-78.451
-78.149
-78.184
-78.003
-77.936
-77.889
-77.94
-77.885
-77.767
-77.79
-77.686
-77.656
-77.731
-77.627
-77.896
-77.703
-77.623
-77.57
-77.642
-77.734
-77.742
-77.772
-77.707
-77.815
-77.807
-77.445
-77.488
-77.358
-77.425
-77.719
-77.681
-77.962
-78.063
-77.894
-77.975
-77.886
-77.887
-78.11
-78.309
-78.542
-78.289
-78.458
-78.791
-78.877
-78.754
-78.914
-78.979
-79.272
-79.273
-78.906
-78.988
-79.184
-79.164
-79.096
-79.147
-78.996
-78.801
-78.703
-78.7
-78.667
-78.773
-78.818
-78.933
-79.093
-79.037
-78.987
-79.348
-79.161
-79.025
-79.244
-79.398
-79.017
-79.004
-78.767
-78.838
-78.887
-78.82
-78.911
-78.761
-78.682
-78.796
-78.415
-78.381
-78.315
-78.1
-78.192
-77.885
-77.872
-78.36
-78.302
-78.538
-78.392
-78.187
-78.104
-77.926
-77.794
-77.543
-77.647
-77.835
-78.014
-78.02
-77.884
-77.689
-77.585
-77.543
-77.404
-77.368
-77.325
-77.255
-77.293
-77.193
-77.184
-77.41
-77.434
-77.444
-77.529
-77.511
-77.153
-76.841
-77.012
-77.171
-77.243
-77.304
-77.227
-77.645
-77.671
-77.625
-77.565
-77.569
-77.66
-77.71
-77.644
-77.68
-77.473
-77.334
-77.464
-77.347
-77.416
-77.636
-77.569
-77.3
-77.286
-77.053
-77.263
-77.276
-77.12
-76.947
-77.04
-77.136
-77.126
-77.257
-77.202
-77.447
-77.337
-77.567
-77.277
-76.769
-76.736
-76.841
-76.808
-76.786
-76.501
-76.64
-76.745
-76.784
-76.964
-76.838
-76.767
-76.934
-76.954
-77.121
-77.359
-77.337
-77.314
-77.313
-77.634
-77.654
-77.64
-77.423
-77.227
-77.291
-77.15
-77.155
-77.32
-77.312
-77.329
-77.437
-77.519
-77.589
-77.454
-77.331
-77.408
-77.274
-77.202
-77.258
-77.423
-77.586
-77.628
-77.507
-77.426
-77.341
-77.646
-77.629
-77.516
-77.346
-77.403
-77.16
-77.226
-76.795
-77.245
-77.176
-77.097
-76.783
-76.684
-76.783
-76.663
-76.679
-76.754
-76.92
-76.933
-77.106
-77.08
-77.424
-77.577
-77.819
-77.808
-77.927
-78.007
-78.02
-77.994
-77.971
-78.014
-78
-77.699
-77.684
-77.622
-77.771
-77.918
-78.103
-78.168
-78.038
-77.963
-78.066
-78.244
-78.245
-78.27
-78.272
-78.388
-78.503
-78.631
-78.685
-78.637
-78.731
-78.775
-78.751
-78.654
-78.732
-78.622
-78.425
-78.399
-78.241
-78.164
-78.746
-78.875
-78.981
-78.926
-78.81
-78.752
-78.926
-79
-79.199
-79.114
-79.048
-78.874
-78.807
-78.805
-78.746
-78.902
-79.158
-79.257
-79.376
-79.116
-79.065
-79.305
-79.624
