-87.173
-87.337
-87.584
-87.594
-87.807
-87.944
-87.615
-87.622
-87.341
-87.172
-86.97
-87.041
-86.869
-87.001
-86.975
-87.011
-86.79
-87.1
-87.464
-87.26
-87.273
-86.952
-86.946
-86.549
-86.413
-86.331
-86.489
-86.299
-86.226
-85.972
-85.908
-85.706
-85.743
-85.713
-85.54
-85.639
-85.794
-85.695
-85.862
-85.891
-85.939
-85.766
-85.746
-85.955
-85.809
-85.755
-85.784
-85.638
-85.674
-85.968
-86.119
-86.204
-86.292
-86.276
-86.547
-86.751
-87.042
-87.008
-87.051
-87.173
-87.05
-87.083
-87.034
-87.127
-87.329
-87.171
-87.052
-87.248
-87.427
-87.563
-87.518
-87.666
-87.75
-87.739
-87.909
-88.004
-88.058
-87.918
-88.141
-88.564
-88.576
-88.498
-88.435
-88.596
-88.668
-88.908
-88.807
-88.622
-88.81
-88.76
-88.773
-88.751
-88.746
-88.524
-88.772
-89.03
-89.15
-89.012
-88.989
-89.18
-89.043
-89.14
-88.975
-89.235
-89.404
-89.554
-89.707
-89.573
-89.626
-89.741
-89.652
-89.648
-89.699
-89.528
-89.816
-89.776
-90.011
-90.147
-90.16
-90.202
-90.239
-90.256
-90.207
-89.856
-90.029
-90.217
-90.171
-90.422
-90.644
-90.718
-90.594
-90.389
-90.626
-90.755
-90.633
-90.633
-90.489
-90.473
-90.461
-90.641
-90.942
-90.716
-90.862
-90.966
-91.001
-90.924
-90.776
-90.778
-91.074
-91.13
-91.374
-91.562
-91.661
-91.635
-91.497
-91.336
-91.64
-91.595
-91.78
-91.779
-92.007
-92.261
-92.408
-92.087
-92.159
-92.187
-92.173
-92.097
-92.118
-91.783
-91.606
-91.351
-91.177
-91.212
-91.062
-91.282
-91.427
-91.568
-91.745
-91.583
-91.536
-91.548
-91.511
-91.615
-91.917
-91.795
-91.719
-91.935
-92.01
-92.132
-91.998
-91.866
-91.856
-91.872
-91.851
-92.026
-92.086
-91.904
-91.721
-91.669
-91.762
-91.272
-91.055
-91.246
-91.126
-90.981
-91.113
-91.24
-91.34
-91.126
-91.084
-91.062
-90.925
-90.748
-90.8
-90.926
-91.003
-91.306
-91.262
-91.414
-91.597
-91.697
-91.441
-91.349
-91.34
-91.296
-91.247
-91.097
-91.312
-91.351
-91.028
-90.605
-90.219
-89.734
-89.403
-89.017
-88.657
-88.423
-88.001
-87.667
-87.605
-87.276
-86.669
-86.437
-86.23
-85.795
-85.566
-85.296
-85.05
-84.685
-84.163
-84.187
-84.016
-83.77
-83.529
-83.515
-83.532
-83.281
-82.881
-82.605
-82.197
-82.451
-82.334
-82.244
-82.15
-81.892
-81.659
-81.906
-81.675
-81.755
-81.582
-81.757
-81.859
-82.194
-82.212
-82.132
-82.315
-82.1
-82.017
-81.72
-81.435
-81.186
-80.73
-80.384
-80.212
-80.144
-79.701
-79.549
-79.371
-79.125
-79.085
-78.755
-79.063
-79.022
-78.975
-79.201
-79.031
-79.096
-79.061
-79.004
-79.02
-78.807
-78.672
-78.608
-78.48
-78.603
-78.288
-78.442
-78.411
-78.324
-78.303
-78.121
-77.973
-78.019
-77.967
-77.872
-77.56
-77.353
-77.403
-77.526
-77.426
-77.386
-77.323
-77.306
-77.165
-76.579
-76.324
-76.213
-76.096
-75.975
-75.745
-75.694
-75.457
-75.397
-75.047
-74.904
-74.591
-74.583
-74.187
-74.175
-73.993
-73.695
-73.557
-73.32
-73.14
-73.386
-73.413
-73.091
-73.106
-73.206
-73.019
-72.873
-72.735
-72.744
-72.572
-72.661
-72.587
-72.272
-72.518
-72.43
-72.518
-72.159
-71.6
-71.406
-71.193
-71.104
-71.005
-71.176
-71.262
-71.469
-71.513
-71.394
-71.057
-70.962
-70.955
-71.341
-71.227
-71.319
-71.222
-71.25
-71.216
-71.314
-71.26
-71.362
-71.66
-71.605
-71.722
-71.886
-71.981
-72.14
-72.154
-72.098
-72.054
-72.206
-72.309
-72.195
-72.038
-72.035
-71.994
-71.988
-72.139
-71.944
-71.897
-71.982
-71.871
-71.633
-71.327
-71.377
-71.44
-71.499
-71.88
-71.701
-71.897
-71.957
-71.781
-71.807
-71.801
-71.683
-71.254
-70.919
-70.278
-69.999
-69.785
-69.777
-69.402
-69.39
-69.175
-68.95
-68.925
-68.82
-68.638
-68.391
-68.138
-67.519
-67.583
-67.518
-67.002
-67.026
-66.759
-66.669
-66.619
-66.488
-66.257
-65.892
-65.684
-65.473
-65.238
-64.936
-64.75
-64.267
-64.003
-63.618
-63.471
-63.403
-63.204
-63.111
-62.809
-62.611
-62.528
-62.35
-61.955
-61.756
-61.409
-61.353
-61.22
-61.313
-61.155
-61.411
-61.327
-61.172
-61.002
-60.632
-60.636
-60.453
-60.474
-60.712
-60.576
-60.86
-60.865
-60.373
-60.281
-59.997
-59.898
-59.658
-59.605
-59.734
-59.82
-59.768
-59.526
-59.17
-59.291
-59.154
-58.716
-58.25
-58.22
-57.613
-56.851
-56.65
-56.106
-55.748
-55.081
-54.492
-53.64
-52.4
-51.031
-48.542
-45
-45
-45
-45
-45
-45
-45
-45
-45
-45
-45
-45
-45
-45
-47.255
-53.91
-59.599
-63.794
-66.219
-68.289
-69.529
-70.925
-71.422
-71.894
-71.894
-71.846
-71.71
-71.809
-71.821
-71.705
-71.447
-71.488
-71.432
-71.454
-71.305
-71.383
-71.041
-70.652
-70.269
-70.256
-70.025
-69.771
-69.595
-69.497
-69.188
-68.978
-68.847
-68.815
-68.296
-68.265
-68.231
-67.955
-67.533
-67.241
-66.983
-66.903
-66.689
-66.616
-66.556
-66.181
-66.183
-66.171
-66.137
-66.068
-65.935
-65.85
-65.754
-66.15
-66.045
-65.874
-65.661
-65.514
-65.737
-65.714
-65.775
-65.449
-65.44
-65.282
-65.526
-65.512
-65.75
-65.949
-65.843
-65.789
-65.805
-65.905
-66.142
-66.125
-65.923
-65.882
-65.666
-65.819
-65.878
-65.756
-65.997
-65.83
-65.626
-65.43
-65.395
-65.211
-64.872
-64.836
-64.469
-64.365
-64.504
-64.621
-64.578
-64.398
-64.239
-63.884
-63.909
-63.87
-63.878
-63.82
-63.459
-63.495
-63.513
-63.629
-63.61
-63.577
