-78.802
-78.949
-78.96
-79.19
-78.949
-78.926
-78.911
-79.024
-78.879
-78.604
-78.519
-78.676
-78.921
-79.085
-79.136
-79.02
-79.088
-79.18
-79.094
-79.239
-79.229
-79.134
-79.043
-78.932
-78.812
-78.708
-78.65
-79.022
-79.181
-79.198
-79.255
-79.392
-79.186
-79.386
-79.347
-79.274
-78.87
-78.812
-79.092
-78.944
-78.914
-78.759
-78.644
-78.704
-78.91
-79.059
-79.35
-79.746
-79.915
-79.817
-79.918
-79.816
-79.713
-79.688
-79.896
-79.884
-79.762
-80.056
-80.141
-79.889
-80.004
-80.104
-80.125
-80.245
-80.056
-80.261
-80.09
-80.112
-79.784
-79.787
-79.95
-80.019
-80.219
-80.061
-80.332
-80.198
-80.1
-80.105
-79.9
-79.782
-79.418
-79.753
-80.053
-80.036
-79.831
-79.903
-79.756
-79.89
-79.822
-79.864
-79.897
-79.639
-79.765
-79.551
-79.372
-79.417
-79.49
-79.513
-79.543
-79.532
-79.729
-79.746
-79.741
-79.727
-79.895
-79.942
-79.935
-79.655
-79.728
-79.656
-79.704
-79.694
-79.729
-79.786
-79.605
-79.668
-79.534
-79.571
-79.544
-79.694
-79.867
-79.546
-79.835
-80.08
-80.093
-80.184
-80.022
-79.767
-79.708
-79.829
-79.811
-79.777
-79.892
-79.882
-79.983
-79.821
-79.986
-79.921
-79.861
-79.784
-79.608
-79.568
-79.442
-79.708
-79.872
-79.826
-79.867
-79.591
-79.582
-79.81
-79.833
-79.562
-79.649
-79.788
-79.903
-79.979
-79.831
-79.806
-80.119
-80.073
-79.974
-80.087
-79.879
-79.902
-79.774
-80.137
-80.001
-80.14
-80.222
-80.169
-80.194
-80.057
-80.091
-80.029
-79.746
-79.787
-79.771
-79.924
-79.928
-79.969
-80.009
-79.94
-79.844
-79.851
-79.831
-79.852
-79.944
-79.956
-79.464
-79.46
-79.427
-79.768
-79.905
-79.998
-79.833
-79.394
-79.917
-79.626
-79.688
-79.696
-79.76
-79.491
-79.38
-79.514
-79.388
-79.47
-79.784
-79.643
-79.647
-79.615
-79.767
-79.807
-79.765
-79.92
-79.976
-80.053
-80.127
-80.063
-79.973
-79.91
-80.05
-80.013
-79.906
-79.895
-79.765
-79.412
-79.616
-79.596
-79.597
-79.739
-79.576
-79.312
-79.22
-79.147
-79.247
-79.325
-79.308
-79.511
-79.697
-79.777
-79.685
-79.565
-79.698
-79.664
-79.723
-79.902
-79.81
-79.773
-79.912
-79.898
-80.082
-80.145
-80.276
-80.145
-80.4
-80.51
-80.656
-80.532
-80.625
-80.616
-80.487
-79.916
-79.934
-80.124
-79.78
-79.767
-79.749
-79.961
-80.09
-79.989
-80.054
-79.795
-79.691
-79.637
-79.584
-79.516
-79.742
-79.614
-79.704
-79.81
-79.882
-80.193
-80.161
-80.003
-80.004
-79.9
-80.073
-79.812
-79.93
-79.917
-80.066
-80.239
-80.097
-80.31
-80.378
-80.327
-80.38
-80.224
-80.238
-80.249
-80.311
-80.415
-80.23
-80.249
-80.174
-80.209
-79.906
-79.953
-79.951
-80.184
-80.195
-80.369
-80.297
-80.195
-80.149
-80.21
-80.29
-80.021
-80.153
-80.009
-80.282
-80.146
-80.29
-80.326
-80.271
-80.427
-80.549
-80.614
-80.78
-80.706
-80.543
-80.744
-80.859
-80.666
-80.833
-80.997
-81.03
-80.937
-80.98
-80.65
-80.66
-80.625
-80.892
-80.964
-80.535
-80.819
-80.744
-80.922
-80.896
-80.68
-80.736
-80.614
-80.434
-80.585
-80.305
-80.632
-80.84
-80.989
-80.535
-80.475
-80.379
-80.319
-80.423
-80.327
-80.328
-80.035
-79.827
-79.735
-79.759
-79.791
-79.669
-79.87
-79.764
-79.387
-79.535
-79.373
-79.741
-79.956
-79.459
-79.253
-79.123
-79.11
-79.222
-79.167
-78.895
-78.622
-78.537
-78.357
-78.219
-78.385
-78.262
-78.443
-78.282
-78.38
-78.276
-78.402
-78.514
-78.385
-78.388
-78.377
-78.256
-78.179
-78.282
-78.517
-78.666
-78.883
-78.811
-78.989
-78.847
-78.537
-78.449
-78.579
-78.576
-78.276
-77.918
-77.732
-77.841
-77.752
-77.695
-77.809
-77.693
-77.796
-77.965
-77.998
-78.223
-78.271
-78.265
-78.236
-78.244
-78.28
-78.266
-78.14
-78.141
-78.214
-77.988
-77.789
-77.932
-78.074
-77.884
-77.846
-77.886
-78.126
-78.277
-78.467
-78.289
-78.523
-78.435
-78.417
-78.336
-78.484
-78.425
-78.414
-78.154
-78.205
-78.461
-78.515
-78.862
-78.922
-79.114
-79.306
-79.275
-79.247
-79.499
-79.332
-79.423
-79.305
-79.493
-79.413
-79.207
-79.178
-79.136
-79.053
-79.348
-79.136
-79.293
-79.128
-79.196
-79.235
-78.969
-79.13
-78.978
-78.999
-78.952
-78.862
-78.75
-78.615
-78.524
-78.659
-78.601
-78.496
-78.522
-78.485
-78.249
-78.184
-78.096
-78.028
-78.085
-78.134
-78.021
-77.926
-77.971
-77.915
-78.073
-78.002
-77.946
-77.94
-78.231
-78.354
-78.501
-78.656
-78.657
-78.67
-78.555
-78.651
-78.837
-78.801
-78.964
-79.141
-79.302
-79.291
-79.386
-79.661
-79.599
-79.431
-79.239
-79.182
-79.194
-79.351
-79.146
-79.283
-79.408
-79.268
-79.34
-79.272
-79.2
-79.121
-79.063
-79.078
-79.204
-79.093
-78.895
-78.608
-78.785
-78.695
-78.526
-78.489
-78.311
-78.418
-78.438
-78.482
-78.42
-78.752
-78.676
-78.852
-79.042
-79.149
-79.014
-78.982
-79.054
-79.042
-79.132
-79.116
-78.951
-79.064
-79.043
-79.188
-79.282
-79.58
-79.573
-79.564
-79.422
-79.873
-79.735
-79.389
-79.327
-79.348
-79.184
-79.269
-79.176
-78.823
-79.079
-79.166
-79.223
-79.368
-79.13
-79.071
-79.166
-79.105
-78.833
-78.825
-78.841
-79.087
-79.153
-79.014
-79.106
-79.19
-79.402
-78.953
-79.115
-79.199
-79.248
-79.16
-79.212
-78.904
-78.813
-78.723
-78.744
-78.588
-78.907
-78.966
-78.783
-78.975
-78.789
-78.731
-78.798
-79.163
-78.795
-78.91
-79.101
-79.401
-79.212
-79.292
-79.07
-79.112
-79.326
-79.11
-79.12
-79.003
-79.055
-78.956
-79.005
-78.938
-78.873
-78.742
-78.762
-78.639
-78.737
-78.202
-78.244
-77.821
-78.128
-78.16
-78.294
-78.343
-78.52
-78.499
-78.552
-78.314
-78.347
-78.576
-78.576
-78.576
-78.581
-78.482
-78.412
-78.483
-78.413
-78.43
-78.385
-78.567
-78.315
-78.238
-78.405
-78.467
-78.494
-78.33
-78.378
-78.242
-78.126
-78.022
-78.001
-77.944
-77.805
-77.944
-77.845
-77.742
-77.616
-77.624
-77.58
-77.518
-77.471
-77.519
-77.136
-77.484
-77.67
-77.538
-77.693
-77.852
-77.832
-77.825
-77.787
-78.178
-77.94
-78.1
-78.203
-78.197
-78.739
-78.762
-78.763
-78.647
-78.649
-78.808
-78.85
-79.03
-79.181
-79.115
-79.393
-79.578
-79.624
-79.461
-79.427
-79.463
-79.65
-79.647
-79.676
-79.868
-79.813
-79.985
-79.995
-79.973
-80.082
-80.239
-80.347
-80.234
-80.232
-80.157
-80.278
-79.959
-79.888
-79.87
-79.818
-79.875
-79.6
-79.606
-79.787
-79.937
-80.109
-80.388
-80.494
-80.533
-80.458
-80.418
-80.384
-80.49
-80.466
-80.46
-80.436
-80.379
-80.419
-80.41
-80.448
-80.479
-80.395
-80.16
-80.014
-80.247
-80.563
-80.488
-80.13
-80.132
-80.094
-79.918
-79.759
-79.676
-79.599
-79.392
-79.386
-79.416
-79.52
-79.496
-79.447
-79.252
-79.158
-79.123
-79.268
-79.328
-79.553
-79.552
-79.445
-79.589
-79.551
-79.533
-79.852
-79.697
-79.746
-79.614
-79.968
-80.18
-80.276
-80.108
-79.805
-79.766
-79.574
-79.676
-79.859
-79.837
-79.958
-79.963
-79.923
-79.729
-79.701
-79.841
-79.493
-79.247
-79.291
-79.32
-79.24
-79.077
-78.902
-78.777
-78.618
-78.79
-78.83
-79.026
-79.054
-78.683
-78.661
-78.682
-78.678
-78.769
-78.521
-78.726
-78.605
-78.502
-78.515
-78.554
-78.787
-78.592
-78.429
-78.141
-78.173
-78.329
-78.555
-78.56
-78.32
-78.282
-78.265
-78.137
-77.853
-78.023
-77.797
-77.841
-77.356
-77.678
-77.63
-77.762
-77.52
-77.596
-77.436
-77.582
-77.566
-77.458
-77.467
-77.5
-77.19
-77.429
-77.367
-77.292
-77.045
-76.936
-77.072
-77.02
-77.001
-76.65
-76.819
-76.913
-76.836
-76.858
-76.795
-76.721
-76.506
-76.385
-76.337
-76.299
-76.211
-76.315
-76.223
-76.217
-76.507
-76.517
-76.409
-76.513
-76.451
-76.475
-76.706
-76.581
-76.462
-76.431
-76.342
-76.318
-76.256
-76.479
-76.521
-76.578
-76.587
-76.748
-76.776
-76.533
-76.332
-76.481
-76.452
-76.295
-76.416
-76.154
-76.317
-76.048
-76.121
-75.805
-75.856
-76.062
-75.874
-76.129
-76.227
-76.36
-76.452
-76.754
-76.791
-76.707
-76.858
-76.861
-76.608
-76.784
-76.776
-76.886
-77.129
-76.918
-76.876
-76.457
-76.338
-76.153
-76.117
-76.207
-76.245
-76.129
-76.149
-76.091
-76.07
-76.157
-76.315
-76.285
-76.07
-75.943
-75.645
-75.42
-75.358
-75.423
-75.399
-75.121
-75.144
-75.127
-74.975
-74.853
-75.109
-74.838
-74.897
-74.825
-74.981
-74.93
-74.746
-74.767
-74.673
-74.647
-74.728
-74.948
-74.918
-74.861
-74.89
-74.796
-74.783
-74.815
-74.755
-74.872
-74.883
-75.094
-74.845
-74.791
-74.937
-74.851
-74.661
-74.444
-74.638
-74.745
-74.551
-74.498
-74.566
-74.695
-74.485
-74.538
-74.506
-74.444
-74.724
-74.865
-75.081
-75.239
-75.359
-75.367
-75.693
-75.851
-75.829
-75.91
-75.723
