-75.649
-75.752
-75.442
-75.381
-75.207
-75.098
-75.007
-74.899
-74.883
-74.88
-74.904
-74.886
-75.114
-75.099
-75.231
-75.25
-75.298
-75.362
-75.339
-75.207
-75.081
-75.121
-74.863
-75.052
-74.911
-74.84
-74.868
-74.512
-74.597
-74.758
-74.8
-75.073
-74.969
-74.893
-74.591
-74.733
-74.755
-74.803
-74.882
-74.953
-74.854
-75.145
-75.439
-75.373
-75.419
-75.153
-75.037
-75.146
-75.175
-74.908
-74.873
-74.774
-74.774
-74.601
-74.526
-74.494
-74.385
-74.287
-74.361
-74.371
-74.274
-74.526
-74.564
-74.705
-74.729
-74.799
-74.518
-74.749
-74.844
-74.918
-74.904
-74.81
-74.754
-74.57
-74.9
-75.12
-74.992
-75.138
-74.964
-75.004
-75.023
-74.79
-74.547
-74.668
-74.713
-74.806
-75.03
-75.035
-74.852
-74.753
-74.555
-74.811
-74.669
-74.463
-74.307
-74.348
-74.424
-74.504
-74.791
-74.865
-75.133
-75.04
-75.105
-74.837
-74.782
-74.462
-74.388
-74.52
-74.259
-74.44
-74.046
-73.738
-73.983
-74.082
-73.991
-74.023
-74.144
-74.341
-74.316
-74.283
-74.487
-74.337
-74.208
-74.055
-74.146
-74.338
-74.124
-74.097
-74.121
-73.796
-73.783
-73.598
-73.756
-73.961
-73.876
-73.909
-73.706
-73.87
-73.828
-74.042
-73.814
-73.772
-73.901
-73.708
-73.758
-73.709
-73.534
-73.519
-73.387
-73.13
-73.238
-72.875
-73.067
-72.924
-73.044
-73.214
-73.099
-73.099
-73.332
-73.41
-73.485
-73.681
-73.689
-73.611
-73.443
-73.448
-73.259
-73.231
-73.429
-73.589
-73.645
-73.656
-73.437
-73.476
-73.269
-73.29
-73.449
-73.213
-73.527
-73.651
-73.926
-73.801
-73.907
-73.965
-73.95
-73.988
-74.266
-74.199
-73.967
-73.863
-73.921
-73.714
-73.567
-73.438
-73.53
-73.198
-73.16
-72.956
-72.911
-72.91
-72.869
-72.696
-72.663
-72.751
-72.813
-72.886
-72.633
-72.509
-72.333
-72.063
-72.157
-72.173
-72.356
-72.435
-72.417
-72.393
-72.369
-72.309
-72.266
-72.156
-72.366
-72.23
-72.426
-72.325
-72.663
-72.599
-72.621
-72.564
-72.329
-72.228
-72.525
-72.418
-72.223
-72.31
-72.277
-72.284
-72.219
-72.019
-71.937
-71.961
-71.694
-71.591
-71.712
-71.683
-71.789
-71.736
-71.659
-71.557
-71.418
-71.345
-71.395
-71.506
-71.557
-71.257
-71.124
-71.213
-70.91
-70.915
-70.929
-71.071
-71.01
-70.924
-70.936
-70.968
-70.835
-70.604
-70.748
-70.75
-70.761
-70.702
-70.778
-70.789
-70.707
-70.819
-70.654
-70.424
-70.557
-70.571
-70.462
-70.671
-70.72
-70.833
-70.976
-70.941
-71.256
-71.301
-71.367
-71.335
-71.411
-71.379
-71.257
-71.501
-71.567
-71.78
-71.885
-71.858
-71.843
-71.952
-71.995
-72.118
-72.171
-72.248
-71.941
-72.09
-72.103
-72.171
-71.894
-72.02
-72.236
-72.477
-72.349
-72.327
-72.357
-72.362
-72.119
-71.821
-71.769
-71.616
-71.657
-71.799
-71.817
-72.022
-72.011
-71.778
-71.872
-72.162
-72.19
-72.156
-71.968
-71.99
-72.014
-71.848
-71.883
-71.796
-71.989
-71.832
-71.934
-71.951
-71.736
-71.585
-71.858
-71.867
-72.244
-71.937
-71.921
-71.731
-71.621
-71.712
-71.468
-71.574
-71.43
-71.587
-71.66
-71.63
-71.563
-71.694
-71.392
-71.177
-71.404
-71.382
-71.664
-71.341
-71.346
-71.341
-70.947
-71.076
-71.058
-70.924
-70.997
-71.296
-71.178
-71.097
-71.153
-71.273
-71.163
-71.122
-71.312
-71.736
-71.837
-71.855
-72.037
-71.955
-71.643
-71.604
-71.501
-71.419
-71.351
-71.325
-71.423
-71.554
-71.355
-71.052
-70.989
-70.906
-70.946
-70.647
-70.514
-70.426
-70.223
-70.128
-69.96
-70.099
-70.005
-70.096
-69.938
-69.997
-69.81
-69.797
-69.64
-69.578
-69.636
-69.706
-69.516
-69.418
-69.096
-69.236
-69.559
-69.496
-69.615
-69.579
-69.355
-69.066
-68.944
-68.893
-68.712
-68.916
-69.053
-69.18
-69.207
-69.374
-69.347
-69.327
-69.3
-69.598
-69.906
-69.777
-69.684
-69.576
-69.679
-69.75
-69.867
-70.031
-70.287
-70.041
-70.242
-70.283
-70.078
-70.248
-70.439
-70.221
-69.998
-69.973
-70.295
-70.517
-70.462
-70.492
-70.417
-70.383
-70.362
-70.392
-70.161
-69.949
-70.035
-69.782
-69.807
-69.677
-69.612
-69.6
-69.782
-69.652
-70.006
-70.144
-69.971
-70.069
-69.9
-69.919
-69.896
-69.958
-69.695
-69.722
-69.717
-69.829
-69.874
-69.574
-69.609
-69.583
-69.334
-69.25
-69.304
-69.547
-69.475
-69.685
-69.592
-69.559
-69.237
-69.235
-69.253
-69.294
-69.517
-69.465
-69.53
-69.371
-69.243
-69.339
-69.512
-69.507
-69.589
-69.482
-69.503
-69.829
-70.059
-70.007
-70.257
-70.235
-70.433
-70.487
-70.472
-70.413
-70.106
-70.141
-70.1
-69.918
-69.787
-69.858
-69.966
-69.743
-69.543
-69.406
-69.7
-69.806
-69.785
-69.796
-70.249
-70.182
-70.534
-70.623
-70.735
-70.742
-70.444
-70.6
-70.274
-70.106
-70.157
-70.323
-70.434
-71.813
-73.563
-75.258
-76.326
-77.666
-78.274
-78.707
-79.407
-79.593
-79.589
-79.676
-79.809
-79.724
-80.208
-80.248
-80.106
-80.33
-80.363
-80.263
-80.051
-80.176
-80.44
-80.072
-79.967
-79.809
-79.887
-79.864
-79.839
-80.042
-80.078
-80.03
-80.033
-80.091
-80.095
-79.87
-79.696
-80.016
-80.055
-79.78
-80.105
-80.028
-79.993
-80.013
-80.04
-80.229
-80.117
-80.252
-79.885
-80.107
-80.035
-79.985
-80.014
-79.959
-79.743
-79.702
-79.86
-79.718
-79.889
-79.888
-80.005
-80.189
-80.163
-80.162
-80.031
-79.909
-80.236
-80.423
-80.131
-80.349
-80.194
-80.1
-79.874
-79.77
-79.765
-79.478
-79.417
-79.756
-79.647
-79.451
-79.459
-79.503
-79.343
-79.232
-79.372
-79.339
-79.314
-79.423
-79.592
-79.36
-79.381
-79.555
-79.494
-79.331
-79.505
-79.747
-79.78
-79.574
-79.774
-79.65
-79.923
-80.076
-80.068
-79.99
-80.028
-79.864
-80.011
-80.107
-79.901
-79.905
-79.721
-79.361
-79.161
-79.336
-79.268
-79.312
-79.146
-79.16
-79.453
-79.524
-79.776
-79.793
-79.641
-79.624
-79.366
-79.526
-79.582
-79.425
-79.332
-79.413
-79.441
-79.479
-79.428
-79.48
-79.748
-79.796
-79.784
-79.594
-79.57
-79.518
-79.739
-79.594
-79.53
-79.705
-79.906
-79.891
-80.014
-79.853
-79.773
-79.691
-79.506
-79.588
-79.75
-79.811
-79.836
-79.863
-79.933
-79.779
-79.944
-80.095
-80.052
-79.87
-79.907
-79.749
-79.421
-79.117
-78.938
-78.876
-79.388
-79.354
-79.288
-79.32
-79.095
-79.28
-79.18
-79.218
-79.35
-79.212
-79.171
-79.215
-79.32
-79.276
-79.294
-79.177
-79.291
-79.372
-79.515
-79.296
-79.356
-79.145
-79.01
-78.99
-79.089
-79.001
-79.004
-79.131
-79.046
-79.117
-79.044
-79.115
-79.127
-79.04
-79.075
-78.98
-78.908
-78.918
-78.736
-79.062
-78.958
-78.787
-78.923
-78.803
-78.705
-78.86
-78.587
-78.44
-78.49
-78.338
-78.435
-78.471
-78.532
-78.441
-78.375
-78.332
-78.268
-78.272
-78.195
-78.474
-78.486
-78.586
-78.717
-78.386
-78.077
-78.048
-78.018
-78.147
-78.164
-77.972
-77.786
-77.648
-77.519
-77.668
-77.822
-77.82
-77.451
-77.569
-77.337
-77.649
-77.919
-77.943
-77.635
-77.632
-77.768
-77.777
-78.002
-77.955
-77.74
-77.904
-78.133
-78.37
-78.424
-78.636
-78.715
-78.751
-78.934
-79.02
-78.848
-78.596
-78.717
-78.794
-79.001
-78.814
-78.797
-78.861
-78.666
-78.909
-78.957
-78.919
-78.866
-78.762
-79.011
-78.957
-78.999
-79.406
-79.249
-79.22
-79.283
-79.135
-78.881
-78.851
-79.011
-79.106
-79.108
-79.339
-79.484
-79.305
-79.518
-79.611
-79.812
-79.814
-79.881
-80.072
-79.864
-80.011
-80.063
-79.986
-80.054
-80.064
-79.923
-79.982
-79.952
-80.128
-79.984
-79.903
-80.002
-80.035
-79.956
-79.746
-79.615
-79.238
-79.427
-79.314
-79.493
-79.459
-79.334
-79.29
-79.43
-79.37
-79.343
-79.444
-79.302
-78.9
-78.921
-78.875
-79.099
-79.078
-79.09
-79.149
-79.15
-79.184
-79.458
-79.502
-79.572
-79.616
-79.558
-79.537
-79.459
-79.485
-79.81
-79.943
-79.859
-79.952
-79.951
-79.776
-79.684
-79.634
-79.365
-79.398
-79.321
-79.456
-79.483
-79.471
-79.401
-79.266
-79.051
-78.973
-78.979
-78.779
-78.768
-78.748
-78.634
-78.765
-78.702
-78.807
-79.372
-79.214
-79.389
-79.32
-79.457
-79.406
-79.484
-79.477
-79.348
-78.991
-78.942
-78.957
-79.301
-79.274
-79.265
-79.32
-79.071
-79.096
-79.067
-79.141
-79.095
-79.02
-78.956
-78.943
-79.089
-79.293
-79.249
-79.145
-79.099
-79.122
-79.22
-79.137
-79.213
-79.278
-79.033
-79.16
-79.04
-78.952
-78.824
-78.638
-78.318
-78.364
-78.175
-78.39
-78.441
-78.131
-78.081
-78.108
-78.037
-78.119
-77.894
-78.058
-78.03
-78.234
-78.172
-77.993
-77.843
-77.943
-77.958
-77.926
-77.76
-77.836
-77.635
-77.424
-77.376
-76.983
-77.079
-77.015
-77.091
-76.871
-76.736
-76.895
-76.836
-76.669
-76.712
-76.394
-76.504
-76.56
-76.516
-76.615
-76.698
-76.738
-76.677
