-80.415
-80.075
-80.078
-80.247
-80.217
-80.04
-80.208
-80.148
-80.202
-80.079
-80.025
-80.044
-80.147
-80.319
-80.105
-80.099
-79.951
-79.879
-80.041
-80.063
-79.782
-79.939
-79.995
-80.066
-80.034
-79.774
-79.631
-79.495
-79.808
-80.07
-79.728
-80.047
-80.162
-80.123
-79.783
-79.661
-79.765
-79.92
-80.087
-80.056
-80.15
-80.305
-80.245
-80.38
-80.244
-80.211
-80.083
-80.071
-80.029
-79.802
-79.692
-79.727
-79.765
-79.749
-79.61
-79.756
-80.32
-80.36
-80.38
-80.089
-80.002
-80.192
-79.956
-80.184
-80.092
-80.01
-79.785
-80
-80.068
-80.069
-80.13
-80.071
-79.955
-79.971
-79.983
-79.96
-79.968
-79.902
-80.023
-79.902
-79.945
-80.087
-79.935
-80.025
-80.012
-80.137
-80.257
-80.084
-79.915
-79.788
-79.832
-79.839
-80.018
-80.043
-79.97
-79.826
-80.111
-80.425
-80.126
-80.055
-79.833
-79.434
-79.168
-79.05
-79
-78.923
-78.707
-78.888
-78.92
-78.541
-78.388
-78.333
-78.253
-78.436
-78.321
-77.918
-78.195
-78.526
-78.554
-78.626
-78.725
-78.663
-78.626
-78.64
-78.587
-78.263
-78.372
-78.151
-78.49
-78.524
-78.804
-78.802
-78.979
-78.913
-78.913
-78.914
-78.883
-78.517
-78.447
-78.423
-78.523
-78.374
-78.275
-78.533
-78.624
-78.954
-79.012
-79.107
-79.175
-79.137
-79.264
-79.314
-79.348
-79.398
-79.511
-79.571
-79.68
-79.737
-79.713
-79.665
-79.566
-79.711
-79.692
-79.639
-79.771
-79.609
-79.371
-79.497
-79.192
-79.239
-79.143
-79.28
-79.016
-79.136
-79.134
-79.27
-79.358
-79.336
-79.253
-79.47
-79.439
-79.299
-79.581
-79.511
-79.721
-79.686
-79.575
-79.509
-80.046
-80.293
-80.145
-80.293
-80.006
-80.225
-80.45
-80.151
-80.193
-80.132
-80.023
-80.158
-80.278
-79.99
-80.116
-80.029
-80.265
-80.265
-80.322
-80.385
-80.251
-80.248
-79.609
-79.595
-79.349
-79.005
-78.925
-78.478
-78.297
-77.953
-78.129
-77.718
-77.569
-77.458
-77.481
-77.371
-77.291
-77.411
-77.334
-77.426
-77.806
-77.675
-77.666
-77.263
-76.934
-77.092
-76.946
-76.731
-76.611
-76.452
-76.197
-76.219
-76.248
-76.275
-76.108
-76.105
-76.272
-76.092
-76.178
-76.48
-76.405
-76.538
-76.082
-76.11
-76.134
-76.019
-76.128
-76.388
-76.528
-76.973
-77.196
-76.997
-77.326
-77.43
-77.708
-77.974
-77.781
-77.672
-77.709
-77.729
-77.587
-77.453
-77.636
-77.399
-77.519
-77.526
-77.676
-78.036
-77.843
-78.157
-78.24
-78.026
-78.208
-78.447
-78.596
-78.689
-78.839
-78.901
-78.783
-78.496
-78.809
-78.938
-79.085
-79.133
-79.101
-79.23
-79.166
-79.159
-79.138
-79.006
-78.953
-78.958
-79.215
-79.158
-79.283
-79.198
-79.369
-79.531
-79.889
-80.028
-79.985
-80.021
-80.002
-80.001
-79.814
-79.872
-79.976
-80.204
-80.41
-80.337
-80.132
-79.914
-79.978
-80.107
-80.318
-80.149
-80.014
-79.828
-80.011
-80.404
-80.845
-80.868
-80.709
-80.704
-80.792
-80.662
-80.653
-80.467
-80.359
-80.36
-80.203
-80.193
-80.113
-80.21
-80.263
-80.223
-80.168
-79.885
-79.818
-79.592
-79.569
-79.554
-79.491
-79.716
-79.782
-79.648
-79.377
-79.615
-79.507
-79.7
-79.54
-79.591
-79.838
-79.838
-80.048
-79.76
-79.691
-79.761
-79.74
-79.61
-79.711
-79.629
-79.734
-80.094
-80.138
-80.198
-80.084
-79.768
-79.504
-79.26
-78.767
-78.708
-78.466
-78.237
-77.824
-77.48
-77.064
-76.744
-76.441
-76.147
-75.815
-75.392
-75.173
-74.771
-74.844
-74.344
-74.133
-73.941
-74.073
-73.908
-73.439
-73.425
-73.235
-73.115
-73.11
-73.174
-73.061
-73.102
-72.887
-73.21
-73.182
-72.843
-72.681
-72.673
-72.814
-73.105
-74.077
-75.364
-76.337
-77.11
-77.918
-78.321
-78.648
-79.161
-78.958
-79.201
-79.295
-79.508
-79.601
-79.757
-79.98
-80.16
-79.955
-80.028
-80.291
-80.261
-80.129
-80.114
-80.269
-80.166
-80.061
-79.677
-79.669
-79.432
-79.339
-79.448
-79.597
-79.808
-79.788
-79.789
-79.862
-79.969
-79.928
-79.92
-79.802
-79.913
-80.02
-80.039
-80.291
-80.153
-80.272
-80.582
-80.344
-80.203
-80.012
-79.824
-79.953
-79.877
-79.625
-79.819
-79.79
-79.659
-79.617
-79.881
-79.837
-79.804
-79.784
-79.764
-79.943
-79.876
-80.008
-79.928
-80.014
-79.998
-80.153
-79.946
-79.928
-79.846
-80.103
-80.193
-79.868
-79.732
-80.001
-80.111
-80.011
-79.972
-80.086
-79.878
-79.587
-79.754
-79.78
-79.891
-79.895
-79.459
-79.557
-79.68
-79.644
-79.86
-79.718
-79.555
-80.064
-80.034
-79.979
-80.143
-80.146
-80.196
-80.539
-80.708
-80.449
-80.11
-79.888
-79.851
-80.028
-79.987
-79.94
-79.721
-79.797
-79.66
-79.704
-79.836
-79.674
-79.621
-79.731
-79.726
-79.729
-79.76
-79.923
-80.106
-80.022
-79.888
-79.684
-79.721
-79.703
-79.815
-80.072
-80.061
-80.071
-80.014
-79.821
-79.819
-79.686
-79.891
-79.834
-79.819
-80.009
-79.951
-80.028
-80.062
-80.048
-80.053
-80.093
-79.747
-79.694
-79.425
-79.566
-79.672
-79.393
-79.226
-79.562
-79.376
-79.143
-79.073
-79.281
-79.124
-79.263
-79.457
-79.789
-79.586
-79.763
-79.731
-79.878
-79.897
-79.728
-79.716
-79.839
-79.854
-79.932
-80.396
-80.346
-80.304
-80.413
-80.245
-79.997
-80.021
-79.856
-79.963
-80.133
-80.238
-79.977
-79.745
-79.89
-79.951
-79.69
-79.211
-79.372
-79.603
-79.588
-79.522
-79.619
-79.699
-79.663
-79.83
-80.02
-80.055
-80.396
-80.329
-80.327
-80.251
-80.117
-80.142
-80.204
-80.368
-80.481
-80.692
-80.913
-80.369
-80.429
-80.045
-79.996
-79.904
-79.81
-79.904
-80.161
-80.145
-80.186
-80.119
-80.136
-80.13
-80.06
-80.046
-80.084
-79.947
-79.856
-79.816
-79.973
-80.045
-80.318
-80.14
-79.869
-79.873
-79.919
-79.764
-79.665
-79.773
-80.032
-80.098
-80.049
-79.897
-79.763
-79.964
-80.338
-80.575
-80.476
-80.405
-80.192
-80.129
-80.277
-80.117
-80.218
-80.482
-80.364
-80.448
-80.39
-80.254
-80.316
-80.219
-80.459
-80.511
-80.482
-80.375
-79.986
-79.775
-80.131
-80.008
-80.149
-80.229
-80.323
-80.287
-80.039
-79.964
-80.014
-80.189
-80.14
-79.902
-79.803
-79.808
-79.402
-79.63
-79.745
-79.606
-79.628
-79.453
-79.546
-79.266
-79.188
-79.289
-79.255
-79.101
-79.085
-79.276
-79.429
-79.967
-80.139
-80.249
-79.928
-80.141
-79.988
-79.854
-79.833
-79.844
-79.645
-79.848
-79.625
-79.855
-79.783
-79.607
-79.696
-79.92
-80.055
-79.589
-79.537
-79.687
-79.586
-79.427
-79.347
-79.224
-79.335
-79.324
-79.312
-79.447
-79.298
-79.7
-80.132
-80.072
-80.268
-80.321
-80.336
-80.336
-80.31
-80.276
-80.141
-79.947
-79.957
-79.905
-80.032
-80.159
-79.816
-79.766
-79.788
-79.915
-79.95
-79.99
-79.924
-79.913
-79.889
-79.504
-79.148
-79.162
-79.076
-79.395
-79.21
-79.268
-79.38
-79.296
-79.212
-79.387
-79.367
-79.438
-79.53
-79.428
-79.439
-79.355
-79.005
-79.164
-79.054
-79.106
-79.131
-79.316
-79.132
-79.071
-79.157
-79.23
-79.533
-79.57
-79.822
-79.755
-79.937
-80.3
-80.061
-80
-80.286
-80.163
-80.176
-80.116
-79.989
-79.836
-79.716
-79.648
-79.483
-79.694
-79.805
-79.665
-79.897
-79.944
-79.925
-79.613
-79.347
-79.389
-79.36
-79.305
-79.38
-79.589
-79.649
-79.503
-79.364
-79.75
-79.843
-79.541
-79.393
-79.533
-79.66
-79.627
-79.605
-79.575
-79.696
-79.803
-79.797
-79.856
-79.77
-79.797
-79.601
-79.637
-79.383
-79.609
-79.733
-79.682
-79.768
-79.855
-79.734
-79.512
-79.477
-79.69
-80.002
-79.714
-79.656
-79.528
-79.438
-79.349
-79.05
-79.015
-79.179
-78.934
-78.733
-78.921
-78.885
-78.825
-78.935
-79.014
-78.883
-78.875
-78.763
-78.617
-78.745
-78.793
-79.142
-79.475
-79.271
-79.23
-79.441
-79.302
-79.186
-79.063
-79.045
-78.887
-78.806
-78.867
-78.763
-78.473
-78.567
-78.422
-78.135
-78.025
-77.856
-78.139
-78.033
-77.86
-77.772
-77.538
-77.664
-77.642
-77.623
-77.852
-77.879
-77.659
-77.59
-77.561
-77.541
-77.476
-77.731
-77.699
-77.714
-77.729
-77.888
-77.585
-77.745
-77.866
-77.646
-77.958
-77.622
-77.746
-77.832
-77.767
-77.616
-77.623
-77.797
-77.694
-77.779
-77.677
-77.64
-77.504
-77.707
-77.55
-77.723
-77.725
-77.605
-77.445
-77.445
-77.526
-77.624
-77.579
-77.459
-77.218
-77.274
-77.314
-77.504
-77.495
-77.405
-77.252
-77.427
-77.323
-77.43
-77.484
-77.509
-77.454
-77.561
-77.559
-77.659
-77.793
-77.694
-77.535
-77.696
-77.529
-77.388
-77.635
-78.025
-78.156
-78.159
-78.186
-78.051
-78.263
-78.386
-78.308
-78.266
-78.488
-78.631
-78.656
-78.703
-78.902
-78.845
-78.916
-78.973
-79.129
-79.099
-78.717
-78.82
-78.854
-78.676
-78.681
-78.975
-79.084
-79.294
-79.13
-79.03
-79.141
-79.114
-78.846
-78.755
-78.702
-78.777
-78.974
-79.202
-79.259
-78.983
