-76.247
-76.369
-76.422
-76.472
-76.563
-76.58
-76.443
-76.148
-76.299
-76.417
-76.32
-76.213
-76.043
-75.843
-76.027
-76.289
-76.166
-76.037
-75.926
-76.097
-76.074
-76.086
-76.106
-75.918
-76.105
-75.927
-75.846
-75.839
-76.019
-75.621
-75.686
-75.65
-75.557
-75.407
-75.48
-75.505
-75.483
-75.509
-75.453
-75.48
-75.634
-75.237
-75.152
-75.077
-75.168
-75.199
-75.068
-75.056
-75.088
-74.931
-75.189
-74.787
-74.752
-75.147
-75.002
-74.979
-75.092
-75.264
-75.383
-75.352
-75.361
-75.403
-75.235
-75.12
-74.896
-74.93
-75.087
-74.938
-74.893
-74.62
-74.799
-74.584
-74.583
-74.256
-74.28
-74.601
-74.935
-74.902
-74.994
-75.085
-74.985
-74.869
-74.906
-74.955
-74.799
-74.618
-74.344
-74.133
-74.064
-74.116
-74.052
-73.945
-73.944
-73.686
-73.677
-73.7
-73.655
-73.437
-73.41
-73.508
-73.482
-73.329
-73.079
-72.973
-72.93
-72.888
-73.011
-72.862
-72.83
-72.8
-72.982
-73.045
-73.199
-73.475
-73.53
-73.539
-73.459
-73.674
-73.357
-73.238
-73.556
-73.421
-73.613
-73.595
-73.274
-73.041
-72.918
-73.162
-73.244
-73.027
-73.05
-72.944
-72.759
-72.753
-72.555
-72.688
-72.424
-72.188
-72.314
-72.572
-72.777
-72.636
-72.638
-72.767
-72.484
-72.23
-72.332
-72.357
-72.405
-72.692
-72.729
-72.836
-72.722
-72.655
-72.704
-72.674
-72.771
-72.766
-72.754
-72.76
-72.813
-72.98
-73.203
-73.116
-73.184
-73.362
-73.011
-73.215
-73.502
-73.523
-73.589
-73.894
-73.909
-74.291
-74.124
-74.086
-74.235
-74.418
-74.462
-74.211
-74.266
-74.162
-74.194
-73.876
-73.741
-73.569
-73.431
-73.238
-73.241
-73.466
-73.699
-73.843
-73.761
-73.723
-73.597
-73.531
-73.322
-73.143
-73.216
-72.742
-72.722
-72.584
-72.325
-72.233
-72.116
-72.385
-72.435
-72.414
-72.147
-72.249
-72.464
-72.145
-72.074
-72.32
-72.43
-72.4
-72.423
-72.236
-72.208
-71.855
-71.615
-71.334
-71.218
-71.312
-71.332
-71.31
-71.649
-71.198
-71.172
-71.283
-71.099
-70.734
-70.705
-70.658
-70.391
-70.361
-70.401
-70.238
-70.54
-70.522
-70.654
-70.691
-70.704
-70.493
-70.534
-70.624
-70.643
-70.741
-70.881
-70.766
-70.803
-70.508
-69.86
-69.047
-68.218
-67.392
-66.633
-65.708
-64.963
-64.309
-63.822
-63.295
-62.84
-62.281
-61.742
-61.502
-60.948
-60.659
-60.295
-60.142
-59.81
-59.401
-59.101
-58.976
-58.565
-58.093
-57.643
-57.59
-57.595
-57.555
-57.705
-57.511
-57.344
-57.271
-57.076
-56.804
-56.731
-56.587
-56.449
-56.448
-56.485
-56.138
-55.874
-55.99
-56.004
-55.908
-55.81
-55.924
-55.848
-55.749
-55.699
-55.88
-56.102
-55.906
-55.801
-55.919
-55.877
-55.896
-56.014
-55.901
-56.092
-55.902
-55.745
-55.972
-55.794
-55.899
-55.809
-55.88
-55.808
-55.922
-56.084
-56.004
-56.249
-56.433
-56.283
-56.37
-56.155
-56.359
-56.393
-56.46
-56.375
-56.339
-56.17
-56.126
-56.074
-55.985
-56.338
-57.743
-61.412
-65.371
-68.951
-71.917
-74.222
-75.782
-77.048
-77.877
-78.515
-79.087
-79.271
-79.41
-79.591
-79.63
-79.665
-79.872
-79.816
-79.698
-79.607
-80.15
-80.107
-80.062
-79.875
-79.75
-79.837
-79.828
-79.996
-80.102
-80.048
-80.062
-79.868
-80.097
-80.002
-80.014
-80.071
-79.994
-80.039
-80.289
-80.31
-79.82
-79.622
-79.561
-79.702
-79.608
-79.761
-80.049
-79.86
-79.756
-79.697
-79.711
-79.697
-79.22
-78.748
-78.445
-77.866
-77.428
-77.216
-77.177
-76.993
-76.837
-76.651
-76.565
-76.379
-76.124
-76.432
-76.42
-76.228
-76.646
-76.648
-76.848
-76.943
-76.688
-76.893
-77.085
-77.235
-77.229
-77.315
-77.302
-77.459
-77.452
-77.769
-77.857
-78
-78.035
-77.844
-77.857
-77.998
-77.76
-77.823
-78.066
-78.004
-77.997
-77.895
-77.964
-78.151
-77.877
-77.893
-78.118
-78.195
-78.463
-78.627
-78.7
-78.607
-78.808
-78.995
-78.958
-79.141
-79.599
-79.439
-79.577
-79.39
-79.522
-79.482
-79.229
-79.132
-79.227
-79.409
-79.616
-79.587
-79.48
-79.768
-79.696
-79.668
-79.741
-79.755
-79.939
-80.031
-80.183
-80.13
-79.867
-80.011
-79.634
-79.676
-79.673
-79.722
-79.792
-79.954
-80.053
-80.03
-79.939
-79.518
-79.47
-79.742
-79.907
-79.566
-79.258
-79.02
-78.252
-77.665
-77.204
-77.421
-77.452
-77.191
-77.072
-77.248
-77.439
-77.493
-77.525
-77.754
-77.814
-77.776
-77.707
-77.683
-77.806
-77.976
-77.902
-77.942
-77.764
-77.806
-78.134
-78.162
-78.213
-78.344
-78.36
-78.576
-78.345
-78.525
-78.466
-78.721
-78.816
-78.932
-78.922
-78.88
-78.92
-78.725
-78.838
-78.746
-78.799
-78.992
-79.245
-79.078
-79.391
-79.524
-79.596
-79.535
-79.533
-79.586
-79.634
-79.47
-79.839
-79.647
-79.666
-79.843
-79.745
-79.502
-79.376
-79.464
-79.348
-79.636
-79.453
-79.385
-79.487
-79.624
-79.698
-79.696
-79.732
-79.759
-79.639
-79.651
-79.673
-79.617
-79.748
-79.872
-79.729
-79.652
-79.664
-79.793
-79.904
-80.238
-79.917
-80.019
-79.96
-79.795
-80.041
-80.035
-79.562
-79.838
-79.872
-80.141
-80.373
-80.201
-80.076
-80.174
-80.092
-79.95
-79.841
-80.059
-80.201
-79.992
-79.762
-80.023
-80.085
-80.057
-79.929
-80.002
-79.945
-79.599
-79.788
-79.886
-79.897
-80.094
-79.799
-79.959
-79.804
-80.034
-80.121
-79.9
-79.825
-79.975
-79.673
-79.561
-79.674
-79.735
-79.612
-79.614
-79.729
-79.456
-79.46
-79.62
-79.785
-79.807
-79.666
-79.598
-79.817
-79.779
-79.933
-79.727
-80.008
-80.217
-80.022
-79.898
-79.732
-79.741
-79.919
-79.783
-79.653
-79.536
-79.571
-79.844
-79.924
-79.823
-79.658
-79.65
-79.676
-79.482
-79.575
-79.441
-79.629
-79.595
-79.763
-79.924
-79.928
-80.092
-80.063
-80.207
-80.25
-80.019
-80.173
-79.706
-79.712
-79.77
-79.623
-79.515
-79.557
-79.535
-79.186
-79.075
-79.06
-79.091
-79.33
-79.229
-79.271
-79.343
-79.336
-79.498
-79.707
-79.544
-79.463
-79.598
-79.461
-79.578
-79.264
-79.077
-78.75
-78.68
-78.676
-78.491
-78.548
-78.801
-79.062
-79.073
-79.206
-79.429
-79.596
-79.534
-79.446
-79.553
-79.531
-79.251
-78.958
-79.008
-79.276
-79.211
-79.239
-79.307
-79.594
-79.568
-79.615
-79.518
-79.697
-79.759
-79.635
-79.706
-79.543
-79.581
-79.494
-79.59
-79.564
-79.298
-78.88
-78.927
-79.109
-79.026
-78.995
-79.177
-79.002
-78.91
-78.903
-78.901
-79.01
-78.884
-79.367
-79.077
-79.147
-79.089
-79.269
-79.531
-79.566
-79.693
-79.598
-79.85
-79.836
-79.704
-79.682
-79.588
-79.355
-79.588
-79.559
-79.552
-79.569
-79.918
-80.213
-80.287
-79.978
-80.025
-80.059
-80.14
-80.116
-79.86
-79.928
-79.925
-80.049
-80.008
-80.138
-80.182
-80.347
-80.269
-80.274
-80.243
-80.292
-80.263
-80.246
-80.116
-80.106
-80.059
-79.97
-79.912
-80.056
-80.038
-79.956
-79.989
-80.287
-80.489
-80.431
-80.266
-80.305
-80.297
-80.266
-79.96
-80.056
-79.976
-79.712
-79.898
-79.551
-79.452
-79.51
-79.898
-79.93
-79.823
-79.822
-79.757
-79.717
-79.773
-79.305
-79.269
-79.187
-79.066
-79.151
-78.555
-78.307
-78.417
-78.453
-78.703
-78.685
-78.644
-78.657
-78.858
-78.749
-78.677
-78.729
-78.861
-78.904
-78.587
-78.697
-78.509
-78.485
-78.611
-78.756
-78.688
-78.64
-78.816
-78.631
-78.551
-78.625
-78.716
-78.725
-78.521
-78.378
-78.427
-78.469
-78.71
-78.91
-79.184
-79.058
-78.883
-78.835
-78.968
-78.987
-78.837
-79.035
-78.92
-79.247
-79.43
-79.264
-79.385
-79.549
-79.581
-79.589
-79.554
-79.538
-79.529
-79.541
-79.59
-79.597
-79.536
-79.604
-79.425
-79.377
-79.374
-79.172
-79.269
-79.107
-79.169
-79.166
-78.801
-78.921
-78.884
-79.024
-78.942
-78.929
-79.231
-79.243
-79.339
-79.422
-79.28
-79.399
-79.258
-79.42
-79.531
-79.505
-79.498
-79.479
-79.293
-79.258
-79.168
-79.301
-79.429
-79.297
-79.326
-79.187
-79.155
-79.256
-79.401
-79.313
-79.404
-79.382
-79.432
-79.525
-79.414
-79.381
-79.307
-79.167
-79.288
-79.221
-79.207
-79.201
-79.222
-79.209
-79.365
-79.747
-79.888
-79.922
-79.833
-79.899
-79.657
-79.613
-79.439
-79.566
-79.214
-79.125
-79.139
-79.138
-79.022
-79.04
-78.924
-78.902
-78.651
-78.708
-78.762
-78.751
-78.783
-78.761
-78.364
-78.295
-78.097
-78.199
-78.252
-78.024
-77.917
-77.885
-77.97
-78.403
-78.464
-78.567
-78.604
-78.651
-78.766
-78.848
-78.768
-78.854
-78.754
-78.856
-78.781
-78.876
-78.503
-78.258
-78.273
-78.313
-78.171
-78.071
-78.188
-78.162
-78.191
-77.945
-77.98
-77.898
-77.815
-77.961
-77.671
-77.827
-77.64
-77.941
-78.015
-77.985
-78.324
-78.47
-78.373
-78.735
-79.12
-79.251
-79.02
-78.929
-79.136
-78.781
-78.795
-79.07
-79.169
-79.177
-79.033
-79.227
-78.933
-78.979
-78.817
