-76.071
-76.199
-76.297
-76.642
-76.796
-76.629
-76.892
-77.2
-77.456
-77.621
-77.738
-77.861
-77.884
-78.036
-78.039
-78.072
-77.824
-77.713
-77.849
-77.724
-77.644
-77.522
-77.594
-77.656
-77.578
-77.349
-77.193
-77.313
-77.22
-77.383
-77.488
-77.382
-77.67
-77.759
-77.628
-77.359
-77.335
-77.14
-76.922
-76.707
-76.822
-76.868
-76.854
-76.824
-76.488
-76.609
-76.265
-75.838
-75.623
-75.395
-75.135
-74.929
-74.777
-74.439
-74.614
-74.29
-74.343
-74.189
-73.916
-73.577
-73.388
-73.059
-72.902
-72.778
-72.644
-72.209
-71.831
-71.808
-71.689
-71.484
-71.241
-70.964
-70.622
-70.54
-70.545
-70.399
-70.305
-70.074
-70.07
-69.817
-69.843
-70.112
-70.139
-69.738
-70.087
-70.179
-69.943
-69.93
-70.112
-70.228
-70.622
-70.213
-70.045
-70.248
-70.028
-70.139
-69.951
-69.996
-69.962
-70.015
-69.723
-69.625
-69.716
-69.361
-69.177
-69.253
-69.165
-69.078
-68.888
-68.777
-68.639
-68.687
-68.804
-68.998
-69.044
-68.825
-68.973
-69.019
-68.824
-68.438
-68.344
-68.222
-67.943
-67.514
-67.28
-66.862
-66.746
-66.581
-66.645
-66.55
-66.193
-66.023
-65.99
-65.662
-65.482
-65.317
-65.144
-65.12
-65.022
-64.445
-64.391
-64.368
-64.319
-64.178
-64.208
-64.145
-64.329
-64.584
-64.713
-64.862
-64.752
-64.558
-64.419
-64.456
-64.208
-64.035
-63.798
-63.977
-64.165
-64.455
-64.724
-64.619
-64.63
-64.423
-64.388
-64.296
-64.005
-64.232
-64.13
-63.998
-63.909
-63.981
-63.812
-63.88
-63.865
-64.068
-63.953
-64.001
-64.122
-64.008
-63.864
-63.715
-64.073
-64.07
-64.433
-64.107
-64.119
-64.426
-64.375
-64.422
-64.337
-64.123
-64.409
-64.698
-64.826
-64.682
-64.316
-64.504
-64.584
-64.563
-64.295
-63.997
-64.235
-64.401
-64.333
-64.442
-64.409
-64.371
-64.547
-64.759
-64.69
-64.8
-65.071
-64.92
-64.604
-64.733
-64.992
-65.033
-64.86
-65.02
-65.204
-65.116
-65.008
-64.988
-64.905
-64.827
-64.752
-64.371
-64.42
-64.243
-64.496
-64.747
-64.905
-65.043
-64.821
-64.769
-64.383
-64.439
-64.465
-64.242
-64.202
-63.995
-63.921
-63.832
-63.307
-63.118
-63.186
-62.579
-62.431
-62.048
-61.814
-61.647
-61.423
-61.271
-60.972
-60.893
-60.751
-60.936
-60.514
-60.317
-59.928
-59.814
-59.616
-59.404
-59.259
-59.161
-58.891
-58.92
-58.714
-58.553
-58.615
-58.435
-58.007
-58.201
-58.299
-58.508
-58.556
-58.428
-58.238
-58.473
-58.184
-58.156
-57.694
-57.468
-57.525
-57.316
-57.362
-57.319
-57.12
-56.873
-56.562
-56.619
-56.08
-55.555
-55.414
-54.938
-54.837
-54.284
-54.038
-53.531
-52.822
-51.932
-50.468
-47.832
-45
-45
-45
-45
-45
-45
-45
-45
-45
-45
-45
-45
-45
-45
-49.635
-56.468
-61.773
-65.581
-68.274
-69.924
-71.1
-71.887
-72.496
-72.727
-73.16
-73.806
-74.001
-73.963
-74.263
-74.272
-74.542
-74.708
-74.866
-74.922
-74.884
-74.992
-74.939
-75.008
-75.015
-75.208
-75.133
-75.236
-75.347
-75.231
-75.421
-75.25
-75.558
-75.609
-75.484
-75.427
-75.278
-75.319
-75.371
-75.519
-75.451
-75.457
-75.428
-75.294
-75.112
-75.028
-75.261
-75.178
-75.173
-75.157
-75.346
-75.212
-75.022
-75.108
-75.001
-74.809
-74.884
-74.907
-74.94
-74.95
-74.796
-74.904
-74.75
-75.146
-75.109
-74.929
-74.994
-74.542
-74.299
-73.923
-73.598
-73.352
-72.996
-72.718
-72.434
-72.568
-72.326
-72.08
-72.06
-71.696
-71.939
-71.833
-71.656
-71.392
-71.199
-70.775
-70.676
-70.46
-70.538
-70.617
-70.368
-70.267
-70.168
-70.136
-69.994
-69.996
-69.823
-70.044
-70.055
-69.73
-69.511
-69.506
-69.468
-69.401
-69.67
-69.628
-69.768
-69.737
-69.717
-69.8
-70.038
-69.884
-69.908
-70.049
-70.295
-70.307
-70.309
-70.296
-70.309
-70.424
-70.471
-70.511
-70.686
-70.872
-71.06
-71.415
-71.484
-71.613
-71.797
-71.58
-71.461
-71.427
-71.354
-71.417
-71.696
-71.4
-71.645
-71.852
-71.936
-72.451
-72.442
-72.587
-72.669
-72.815
-72.863
-72.951
-72.812
-72.915
-73
-73.158
-73.108
-73.616
-73.837
-73.769
-74.238
-74.657
-74.61
-74.426
-74.458
-74.546
-74.553
-74.627
-74.714
-74.832
-74.739
-74.67
-74.823
-74.701
-74.591
-74.565
-74.519
-74.505
-74.868
-75.126
-75.015
-74.904
-74.972
-75.064
-75.308
-75.072
-75.098
-75.241
-75.428
-75.545
-75.778
-75.98
-76.268
-76.254
-75.981
-75.805
-75.749
-75.87
-76.196
-76.378
-76.212
-76.156
-76.359
-76.512
-76.452
-76.395
-76.284
-76.295
-76.08
-76.405
-76.693
-76.476
-76.273
-76.359
-76.285
-76.308
-76.081
-76.418
-76.522
-76.422
-76.468
-76.679
-76.807
-76.874
-76.876
-77.133
-77.428
-77.16
-77.412
-77.318
-77.068
-76.977
-76.859
-76.798
-76.871
-77.134
-77.247
-77.26
-77.373
-77.24
-77.132
-76.944
-76.733
-76.113
-75.854
-75.496
-75.106
-74.918
-74.593
-74.659
-74.165
-73.836
-73.774
-73.951
-73.925
-73.59
-73.597
-73.6
-73.638
-73.734
-73.398
-73.318
-72.755
-72.389
-72.04
-71.575
-71.491
-71.064
-70.79
-70.574
-70.359
-70.195
-69.961
-69.55
-69.447
-68.945
-68.572
-68.56
-68.335
-67.995
-67.939
-67.99
-67.384
-67.273
-67.384
-67.479
-67.33
-67.411
-67.278
-67.188
-67.091
-67.175
-67.214
-67.159
-67.22
-67.194
-67.167
-67.085
-66.981
-66.908
-66.756
-66.888
-66.655
-66.725
-66.541
-66.445
-66.537
-66.952
-67.157
-66.981
-67.046
-67.054
-67.004
-67.001
-67.208
-67.323
-67.173
-67.256
-67.013
-67.088
-66.852
-67.181
-67.321
-67.617
-67.742
-67.551
-67.436
-67.946
-67.995
-67.914
-68.062
-67.961
-68.197
-68.634
-68.745
-68.762
-68.485
-68.496
-68.618
-68.721
-68.85
-69.048
-69.152
-69.42
-69.577
-69.514
-69.307
-69.394
-69.559
-69.644
-69.959
-70.246
-70.341
-70.764
-70.751
-70.761
-70.953
-71.057
-71.024
-71.081
-70.935
-71.038
-70.68
-70.827
-70.778
-70.939
-71.032
-71.123
-71.274
-71.377
-71.391
-71.538
-71.407
-71.324
-71.302
-71.435
-71.794
-71.65
-71.668
-71.372
-71.457
-71.373
-71.266
-71.333
-71.599
-71.913
-71.997
-72.086
-72.12
-72.305
-72.557
-72.49
-72.445
-72.692
-72.702
-72.94
-72.999
-73.187
-73.3
-73.301
-73.309
-73.299
-73.323
-73.279
-73.253
-73.2
-73.05
-73.354
-73.496
-73.55
-73.412
-73.578
-73.869
-73.944
-73.859
-74.146
-74.185
-74.069
-73.936
-73.909
-73.91
-73.828
-74.098
-74.141
-74.405
-74.338
-74.238
-74.366
-74.556
-74.614
-74.744
-74.75
-74.751
-74.803
-75.042
-75.04
-75.229
-75.365
-75.273
-75.323
-75.312
-75.543
-75.492
-75.568
-75.482
-75.793
-75.98
-75.939
-75.86
-75.781
-75.694
-75.639
-75.849
-75.831
-75.981
-75.99
-76.129
-76.155
-75.859
-75.66
-75.591
-75.536
-75.598
-75.513
-75.783
-75.493
-75.3
-75.63
-75.71
-75.782
-75.693
-75.728
-75.499
-75.698
-76.097
-76.312
-76.292
-76.398
-75.942
-76.201
-76.249
-76.366
-76.378
-76.372
-76.58
-76.509
-76.621
-76.856
-76.941
-76.97
-77.017
-77.18
-77.569
-77.714
-77.725
-77.459
-77.714
-77.942
-78.094
-78.339
-78.115
-78.328
-78.461
-78.575
-78.532
-78.33
-78.288
-78.232
-78.372
-78.452
-78.711
-78.71
-78.65
-78.689
-78.543
-78.723
-78.906
-78.755
-79.044
-78.907
-79.011
-78.917
-78.901
-78.922
-78.808
-78.778
-79.072
-78.763
-78.664
-78.783
-78.751
-78.782
-79.039
-79.004
-78.997
-78.925
-79.004
-78.981
-79.08
-79.063
-79.245
-79.072
-79.113
-79.154
-78.993
-79.208
-79.373
-79.541
-79.945
-79.935
-79.973
-80.041
-80.055
-80.007
-79.957
-80.387
-80.443
-80.245
-80.252
-80.068
-80.408
-80.623
-80.656
-80.817
-80.803
-80.806
-80.715
-80.686
-80.561
-80.387
-80.327
-80.222
-80.17
-80.296
-80.186
-80.228
-80.138
-80.423
-80.608
-80.227
-80.313
-80.033
-79.673
-80.063
-79.961
-79.911
-79.915
-80.085
-80.303
-80.264
-80.111
-80.183
-80.141
-80.16
-80.271
-80.183
-80.462
-80.122
-80.567
-80.648
-80.55
-80.429
-80.373
-80.438
-80.833
-80.913
-80.842
-80.663
-80.63
-81.032
-80.975
-81.162
-81.292
-81.129
-81.161
-81.317
-81.349
-81.522
-81.404
-81.516
-81.582
-81.815
-81.844
-81.7
-81.854
-82.139
-82.233
-81.898
-81.628
-81.735
-81.756
-81.735
-81.822
-81.963
-82.038
-82.254
-82.503
-82.524
-82.609
-82.574
-82.401
-82.51
-82.724
-82.833
-82.977
-83.022
-82.955
-83.117
-83.455
-83.433
-83.6
-83.644
-83.526
-83.532
-83.945
-84.104
-84.339
-84.427
-84.729
-84.609
-84.418
-84.43
-84.96
-84.937
-84.782
-84.928
-84.947
-85.038
-84.932
-84.733
-84.895
-84.753
-84.643
-84.567
-84.527
-84.546
-84.71
-84.886
-84.917
-84.918
-85.123
-84.793
-84.904
-84.795
-84.946
-84.759
-84.628
-84.577
-84.534
