-77.436
-77.366
-77.308
-77.262
-76.998
-76.855
-76.948
-76.768
-76.873
-76.647
-76.557
-76.834
-77.083
-77.101
-77.03
-76.612
-76.647
-76.472
-75.995
-75.699
-75.931
-76.226
-76.035
-76.262
-76.091
-75.975
-75.897
-75.661
-75.538
-75.272
-75.751
-75.612
-75.579
-75.412
-75.401
-75.312
-75.334
-75.517
-75.505
-75.309
-75.359
-75.555
-75.737
-75.694
-75.494
-75.62
-75.599
-75.55
-75.497
-75.613
-75.872
-75.579
-75.767
-75.942
-75.931
-76.006
-75.832
-76.375
-76.689
-76.661
-76.608
-76.883
-76.524
-76.556
-76.303
-76.124
-75.99
-75.985
-75.922
-75.774
-75.632
-75.444
-75.349
-75.502
-75.402
-75.336
-75.288
-75.256
-75.417
-75.418
-75.254
-75.176
-75.246
-75.256
-74.778
-74.941
-74.597
-74.314
-73.991
-73.747
-73.555
-73.41
-73.103
-72.559
-72.426
-72.31
-72.281
-71.89
-71.753
-71.268
-70.868
-70.851
-70.564
-70.363
-70.308
-69.949
-69.737
-69.807
-69.746
-69.761
-69.58
-69.614
-69.621
-69.804
-69.86
-69.918
-69.846
-69.916
-69.829
-69.731
-69.688
-69.734
-69.59
-69.728
-69.911
-69.853
-69.86
-69.974
-69.938
-69.961
-69.741
-69.685
-69.585
-69.634
-69.846
-69.821
-69.679
-69.653
-69.685
-69.742
-69.616
-70.113
-69.891
-69.808
-69.844
-69.892
-69.775
-70.123
-69.746
-70.183
-69.992
-69.878
-69.852
-70.076
-69.935
-69.834
-69.726
-69.574
-69.58
-69.295
-69.307
-69.33
-69.203
-69.362
-69.208
-69.192
-68.976
-69.062
-69.118
-68.987
-68.942
-68.924
-68.906
-68.877
-69.073
-69.223
-69.22
-69.101
-68.998
-68.77
-68.777
-68.349
-68.008
-67.604
-67.606
-67.317
-67.067
-66.88
-66.511
-66.454
-66.062
-65.595
-65.141
-64.607
-64.218
-63.769
-63.479
-63.175
-62.988
-62.597
-62.214
-62.01
-61.784
-61.554
-61.339
-61.328
-61.093
-61.267
-61.338
-61.222
-60.779
-60.717
-60.543
-60.229
-60.028
-59.989
-60.03
-60.258
-60.258
-60.183
-59.793
-59.812
-59.654
-59.644
-59.753
-59.334
-59.11
-59.223
-59.223
-59.058
-59.117
-59.007
-59.002
-58.762
-58.63
-58.783
-58.618
-58.307
-57.976
-57.821
-57.778
-57.64
-57.623
-57.37
-57.406
-57.228
-57.246
-57.306
-57.048
-57.078
-57.005
-56.668
-56.177
-55.979
-55.58
-55.323
-55.003
-54.467
-54.029
-53.373
-52.563
-51.699
-50.279
-47.616
-45
-45
-45
-45
-45
-45
-45
-45
-45
-45
-45
-45
-45
-45
-50.759
-57.553
-62.657
-66.199
-68.518
-70.355
-71.788
-72.471
-73.278
-73.822
-74.213
-74.467
-74.474
-74.644
-74.892
-75.139
-75.303
-75.41
-75.394
-75.252
-75.327
-75.167
-75.42
-75.307
-75.55
-75.496
-75.647
-75.408
-75.518
-75.169
-75.083
-74.483
-74.211
-74.04
-73.946
-73.755
-73.309
-73.3
-72.805
-72.452
-72.177
-71.822
-71.537
-71.377
-71.077
-70.828
-70.145
-69.944
-69.412
-68.942
-68.638
-68.381
-68.156
-68.077
-67.684
-67.24
-66.844
-66.654
-66.668
-66.157
-66.125
-66.124
-66.408
-66.075
-66.045
-66.238
-66.128
-65.909
-65.714
-65.585
-65.403
-65.501
-65.473
-65.31
-65.498
-65.21
-65.138
-65.005
-64.995
-64.926
-65.135
-65.009
-64.928
-65.118
-64.903
-64.78
-64.922
-64.869
-64.897
-65.368
-65.15
-65.135
-65.323
-65.589
-65.455
-65.43
-65.307
-65.582
-65.592
-65.826
-65.921
-66.068
-66.285
-66.34
-66.455
-66.464
-66.619
-66.65
-66.933
-66.967
-67.245
-67.322
-67.454
-67.477
-67.441
-67.321
-67.248
-67.32
-67.445
-67.228
-67.608
-67.717
-67.722
-67.66
-67.864
-68.034
-68.112
-68.216
-68.417
-68.464
-68.845
-68.913
-68.943
-69.211
-69.282
-69.149
-69.104
-69.06
-68.935
-69.137
-69.404
-69.483
-69.517
-69.574
-69.455
-69.435
-69.316
-69.22
-69.292
-69.397
-69.195
-68.993
-68.896
-68.816
-68.791
-68.994
-69.101
-69.143
-69.239
-69.218
-69.158
-69.185
-69.339
-69.185
-69.149
-69.22
-69.519
-69.572
-69.565
-69.358
-69.576
-69.738
-69.847
-70.014
-69.982
-70.452
-70.387
-70.605
-70.745
-70.876
-71.144
-71.609
-71.505
-71.467
-71.319
-71.374
-71.348
-71.576
-71.408
-71.444
-71.363
-71.744
-71.906
-71.993
-72.11
-72.528
-72.52
-72.826
-72.808
-72.616
-72.806
-72.897
-72.921
-72.97
-72.735
-72.668
-72.788
-72.855
-72.816
-72.619
-72.841
-72.768
-72.896
-72.754
-72.424
-72.008
-71.565
-71.583
-71.332
-71.237
-71.068
-71.263
-71.077
-70.878
-70.755
-70.567
-70.255
-70.326
-70.063
-70.385
-70.135
-70.238
-69.782
-69.917
-69.919
-69.726
-69.957
-69.98
-69.938
-70.026
-70.121
-69.907
-69.681
-69.69
-70.168
-70.161
-70.096
-69.946
-69.828
-69.686
-69.739
-69.594
-69.248
-68.799
-68.43
-68.014
-67.832
-67.752
-67.456
-67.508
-67.213
-67.037
-66.858
-66.498
-66.439
-66.45
-66.233
-65.922
-65.845
-65.738
-65.42
-65.606
-65.567
-65.591
-65.806
-65.886
-65.571
-65.883
-65.881
-65.909
-65.855
-65.842
-65.839
-65.768
-65.97
-66.203
-66.156
-65.92
-65.929
-65.995
-66.04
-65.866
-65.85
-65.89
-66.112
-66.177
-66.35
-66.345
-66.291
-66.35
-66.451
-66.585
-66.823
-66.753
-66.86
-67.396
-67.607
-67.572
-67.641
-67.774
-67.728
-67.831
-67.882
-67.697
-67.684
-67.966
-67.917
-67.845
-67.656
-67.534
-67.101
-67.186
-66.939
-66.75
-66.656
-66.424
-66.308
-66.107
-65.643
-65.406
-65.131
-65.323
-65.351
-64.938
-64.65
-64.836
-64.65
-64.773
-64.985
-64.803
-64.615
-64.189
-63.833
-63.239
-63.209
-62.76
-62.337
-62.176
-61.73
-61.444
-61.209
-61.297
-61.079
-60.876
-60.483
-60.78
-60.658
-60.101
-60.089
-60.181
-59.973
-59.888
-59.734
-59.585
-59.583
-59.459
-59.985
-59.828
-60.146
-60.436
-60.398
-60.448
-60.521
-60.694
-60.672
-60.625
-60.525
-60.323
-60.197
-59.8
-60.059
-60.022
-60.463
-60.659
-60.64
-60.769
-60.918
-60.876
-60.976
-60.738
-60.858
-60.781
-60.688
-60.605
-60.738
-60.805
-60.875
-60.789
-60.689
-60.821
-61.075
-61.26
-61.179
-61.537
-61.869
-61.955
-61.983
-62.291
-62.589
-62.963
-63.046
-63.062
-63.234
-63.149
-63.191
-63.255
-63.547
-63.578
-63.495
-63.614
-63.651
-63.611
-63.845
-63.676
-63.526
-63.59
-63.958
-64.122
-64.191
-64.138
-64.21
-63.988
-64.232
-64.403
-64.607
-64.753
-64.7
-64.976
-64.833
-64.745
-64.612
-64.826
-64.745
-65
-65.04
-65.186
-65.456
-65.34
-65.294
-65.117
-65.013
-65.039
-65.36
-65.454
-65.659
-65.714
-65.899
-66.098
-66.211
-66.531
-66.938
-67.122
-67.255
-67.292
-67.402
-67.551
-67.847
-67.597
-67.749
-67.808
-67.828
-67.706
-67.687
-67.904
-68.054
-68.151
-68.298
-68.159
-68.147
-68.087
-68.467
-68.392
-68.278
-68.189
-68.439
-68.479
-68.658
-68.831
-68.818
-69.007
-68.879
-68.605
-68.546
-68.349
-68.595
-68.386
-68.473
-68.394
-68.496
-68.533
-68.58
-68.625
-68.684
-68.949
-68.93
-69.179
-69.386
-69.31
-69.299
-69.51
-69.495
-69.414
-69.697
-69.694
-69.695
-69.705
-69.562
-69.709
-69.785
-69.982
-70.235
-70.202
-70.317
-70.542
-70.376
-70.483
-70.672
-70.667
-70.507
-70.498
-70.527
-70.813
-70.913
-70.906
-70.661
-70.72
-70.467
-70.871
-70.887
-71.038
-71.216
-71.403
-71.271
-71.077
-70.509
-70.492
-70.506
-70.703
-70.871
-70.78
-70.698
-70.733
-70.691
-70.596
-70.855
-70.818
-71.153
-71.113
-71.291
-71.461
-71.462
-71.574
-71.493
-71.459
-71.41
-71.724
-71.75
-71.736
-72.057
-71.802
-71.861
-71.824
-71.507
-71.81
-72.037
-72.174
-71.961
-72.312
-72.227
-72.224
-72.275
-72.367
-72.468
-72.462
-72.341
-72.57
-72.101
-72.405
-72.349
-72.159
-72.481
-72.524
-72.807
-72.92
-73.001
-72.986
-73.029
-72.988
-73.178
-73.351
-73.481
-73.403
-73.328
-73.538
-73.389
-73.43
-73.713
-73.803
-74.007
-74.03
-74.095
-73.979
-73.791
-74.018
-74.085
-74.129
-74.326
-74.117
-74.281
-74.067
-74.21
-74.267
-74.442
-74.508
-74.613
-74.627
-74.599
-74.653
-74.635
-74.747
-74.851
-74.841
-74.707
-74.425
-74.509
-74.564
-74.544
-74.738
-74.535
-74.744
-74.863
-75.156
-74.864
-74.948
-74.985
-75.069
-75.189
-75.246
-75.155
-75.169
-75.326
-75.361
-75.605
-75.594
-75.412
-75.56
-75.747
-75.613
-75.756
-75.852
-75.685
-75.875
-75.812
-75.553
-75.633
-75.597
-75.533
-75.564
-75.566
-75.787
-75.804
-75.859
-75.724
-76.161
-76.241
-76.482
-76.273
-76.267
-76.39
-76.612
-76.539
-76.41
-76.662
-76.654
-76.628
-76.734
-76.924
-76.697
-77.038
-76.989
-77.015
-76.94
-77.062
-76.993
-76.957
-76.708
-76.897
-76.811
-76.859
-76.77
-76.475
-76.727
-76.862
-76.939
-77.12
-77.205
-77.352
-77.544
-77.291
-77.432
-77.29
-77.463
-77.418
-77.576
-77.62
-77.575
-77.771
-77.769
-77.803
-77.92
-77.919
-77.686
-78.147
