-77.194
-77.124
-77.23
-76.991
-76.469
-76.264
-76.159
-75.938
-75.896
-75.758
-75.39
-75.327
-75.185
-75.016
-75.062
-74.773
-74.787
-74.774
-74.869
-74.684
-74.717
-74.691
-74.202
-74.141
-74.097
-74.065
-73.933
-73.75
-74.057
-74.051
-74.019
-73.911
-73.825
-73.797
-73.83
-73.731
-73.872
-74.07
-74.357
-74.455
-74.843
-75.141
-75.051
-75.095
-75.187
-74.938
-74.944
-74.934
-74.85
-74.936
-74.888
-74.938
-74.747
-74.762
-74.843
-74.863
-74.653
-74.721
-74.742
-74.775
-74.788
-74.89
-75.021
-75.027
-74.765
-74.905
-75.322
-75.371
-75.481
-75.819
-75.899
-75.828
-76.102
-76.365
-76.669
-76.681
-76.433
-76.496
-76.561
-76.515
-76.709
-76.715
-76.673
-76.608
-76.637
-76.907
-76.674
-76.305
-76.249
-75.99
-75.783
-75.453
-75.249
-75.301
-74.927
-74.614
-74.267
-74.097
-73.882
-73.346
-73.013
-72.534
-72.038
-71.663
-71.313
-70.982
-70.68
-70.313
-70.274
-69.94
-69.71
-69.435
-69.303
-69.023
-69.188
-68.911
-68.962
-68.953
-68.78
-68.794
-68.774
-68.7
-68.583
-68.682
-68.189
-68.279
-68.425
-68.429
-68.24
-68.327
-68.308
-68.041
-68.202
-68.216
-68.01
-68.11
-67.964
-67.669
-67.438
-67.45
-67.344
-67.169
-66.552
-66.101
-65.982
-65.687
-65.327
-65.184
-64.469
-64.167
-63.871
-63.498
-63.275
-63.115
-62.694
-62.566
-62.356
-62.135
-61.951
-61.91
-61.74
-61.293
-60.968
-60.592
-60.204
-59.445
-59.428
-59.038
-58.822
-58.148
-57.759
-57.602
-57.181
-56.936
-56.443
-55.779
-55.363
-54.824
-54.194
-53.225
-52.489
-51.217
-49.251
-45.412
-45
-45
-45
-45
-45
-45
-45
-45
-45
-45
-45
-45
-45
-45.833
-53.058
-59.23
-63.447
-66.478
-68.681
-70.392
-71.505
-72.515
-73.247
-73.332
-73.566
-73.947
-74.015
-74.202
-74.184
-74.423
-74.375
-74.89
-75.859
-77.05
-77.842
-78.35
-79.031
-79.055
-79.358
-79.378
-79.252
-79.357
-79.282
-79.407
-79.574
-79.563
-79.481
-79.609
-79.437
-79.702
-79.59
-79.961
-79.781
-79.564
-79.75
-79.551
-79.365
-79.289
-79.381
-79.692
-79.668
-79.326
-79.433
-79.505
-79.942
-79.744
-79.871
-80.079
-80.117
-80.032
-79.947
-80.035
-79.947
-80.131
-80.2
-80.025
-79.833
-79.864
-79.805
-79.74
-79.97
-79.877
-79.691
-79.69
-79.83
-80.074
-79.849
-79.486
-79.172
-79.222
-79.262
-79.271
-79.415
-79.208
-79.197
-79.468
-79.54
-79.444
-79.387
-79.538
-79.426
-79.565
-79.528
-79.402
-79.312
-78.966
-79.175
-78.967
-78.936
-79.104
-79.296
-79.553
-79.722
-79.972
-79.985
-79.811
-79.907
-79.874
-79.809
-79.991
-79.848
-79.862
-79.794
-79.892
-79.861
-79.658
-79.621
-79.651
-79.845
-79.888
-79.819
-79.795
-79.667
-79.694
-79.693
-79.587
-79.842
-79.747
-79.736
-79.372
-79.631
-79.52
-79.371
-79.404
-79.492
-79.642
-79.504
-79.674
-79.705
-79.64
-79.664
-79.758
-79.72
-79.494
-79.339
-79.35
-79.676
-79.886
-80.004
-79.923
-79.841
-79.863
-79.791
-79.88
-79.888
-79.815
-79.878
-79.983
-79.937
-79.778
-79.8
-80.041
-80.077
-80.196
-80.34
-80.385
-80.075
-79.881
-79.724
-79.562
-79.72
-79.607
-79.473
-79.584
-79.543
-79.548
-79.67
-79.849
-80.198
-80.258
-80.202
-80.394
-80.561
-80.279
-80.153
-80.159
-80.019
-79.844
-79.865
-79.932
-80.111
-80.063
-79.657
-79.981
-79.886
-80.208
-80.157
-80.324
-80.356
-80.35
-80.493
-80.405
-80.622
-80.388
-80.084
-80.256
-80.14
-80.299
-80.013
-80.004
-80.141
-80.443
-80.395
-80.328
-80.284
-80.052
-79.751
-79.767
-79.585
-79.469
-79.572
-79.473
-79.591
-79.628
-79.602
-79.523
-79.59
-79.63
-79.56
-79.513
-79.611
-79.513
-79.444
-79.358
-79.49
-79.538
-79.756
-79.645
-79.706
-79.835
-79.663
-79.658
-79.298
-79.614
-79.552
-79.546
-79.831
-79.609
-79.544
-79.394
-79.232
-79.214
-79.082
-79.127
-78.906
-79.089
-79.468
-79.437
-79.327
-79.118
-79.03
-79.234
-79.544
-79.315
-79.397
-79.283
-79.348
-79.494
-79.588
-79.592
-79.355
-79.064
-79.245
-79.12
-79.024
-78.874
-78.876
-78.653
-78.676
-78.846
-78.867
-78.882
-78.985
-79.057
-79.19
-79.248
-79.127
-78.932
-79.106
-79.081
-78.915
-78.914
-78.997
-78.912
-78.844
-78.84
-79.041
-78.866
-79.133
-79.097
-79.168
-79.285
-79.42
-79.52
-79.544
-79.403
-79.502
-79.608
-79.739
-79.661
-79.676
-79.513
-79.618
-79.41
-79.555
-79.518
-79.457
-79.611
-79.651
-79.991
-80.127
-79.884
-79.91
-79.97
-79.697
-79.954
-79.694
-79.651
-79.869
-79.942
-79.962
-79.943
-79.773
-79.885
-79.664
-79.732
-79.778
-79.86
-79.741
-79.691
-79.754
-79.818
-79.933
-80.001
-80.035
-80.071
-79.866
-79.893
-79.919
-80.057
-79.873
-79.866
-79.843
-79.937
-80.053
-80.151
-80.104
-80.42
-80.215
-80.279
-80.032
-79.911
-80.011
-80.073
-80.143
-80.099
-80.123
-80.199
-80.326
-80.368
-80.408
-80.477
-80.552
-80.607
-80.596
-80.29
-80.211
-79.902
-80.134
-80.016
-79.995
-80.191
-79.778
-79.883
-80.068
-79.778
-79.864
-79.951
-80.218
-80.012
-80.186
-79.993
-80.146
-80.162
-80.179
-80.233
-79.752
-80.128
-80.164
-80.236
-80.083
-80.041
-80.268
-80.089
-80.102
-79.726
-79.899
-79.969
-80.135
-80.122
-80.07
-79.916
-80.011
-80.112
-80.198
-80.153
-79.98
-80.054
-80.134
-79.991
-80.29
-80.074
-80.083
-80.443
-80.258
-79.976
-79.947
-80.044
-80.344
-80.167
-80.245
-80.011
-80.295
-80.311
-80.157
-80.568
-80.107
-80.206
-80.56
-80.385
-80.38
-80.223
-80.281
-80.12
-79.874
-80.032
-79.936
-79.707
-79.847
-79.525
-79.67
-79.93
-79.883
-79.995
-79.939
-79.796
-80.068
-80.196
-79.81
-79.957
-79.761
-79.98
-79.989
-80.065
-79.886
-79.697
-79.935
-79.945
-80.083
-80.235
-80.238
-80.393
-80.116
-80.018
-80.027
-79.861
-80.184
-79.938
-79.923
-80.182
-80.279
-80.163
-80.154
-80.351
-80.484
-80.217
-80.294
-80.503
-80.156
-80.245
-80.065
-79.876
-79.702
-79.953
-80.073
-80.139
-79.982
-79.966
-79.995
-79.969
-79.846
-79.814
-79.9
-79.894
-79.802
-79.716
-79.83
-80.195
-80.081
-80.085
-80.146
-79.921
-79.934
-79.851
-79.899
-80.056
-80.137
-80.093
-80.404
-80.523
-80.214
-80.192
-80.231
-80.123
-79.8
-79.778
-79.798
-79.812
-80.039
-80.242
-80.2
-80.16
-80.19
-80.153
-79.624
-79.82
-79.91
-80.135
-80.144
-80.323
-80.152
-80.018
-80.003
-80.268
-80.358
-80.523
-80.53
-80.564
-80.298
-80.396
-80.12
-80.279
-80.346
-80.248
-80.244
-80.33
-80.193
-80.399
-80.209
-80.313
-80.244
-80.307
-80.398
-80.544
-80.482
-80.108
-80.254
-80.056
-80.009
-80.122
-80.06
-79.855
-80.096
-80.246
-80.445
-80.432
-80.386
-80.426
-80.31
-80.588
-80.471
-80.372
-80.241
-80.295
-80.467
-80.432
-80.387
-80.336
-80.362
-80.323
-80.65
-80.376
-80.363
-80.286
-80.598
-80.46
-80.209
-80.211
-80.125
-80.112
-80.204
-80.139
-80.151
-80.06
-79.907
-80.165
-80.332
-80.407
-80.295
-80.397
-80.469
-80.541
-80.408
-80.369
-80.338
-80.112
-80.156
-80.464
-80.662
-80.562
-80.462
-80.155
-79.972
-80.198
-80.373
-80.359
-80.269
-80.26
-79.942
-79.779
-79.928
-79.831
-80.044
-80.291
-80.385
-80.556
-80.741
-80.934
-80.715
-80.791
-80.643
-80.679
-80.622
-80.556
-80.677
-80.73
-80.665
-80.681
-80.669
-80.649
-80.803
-81.063
-80.915
-80.859
-80.844
-80.774
-80.412
-80.585
-80.615
-80.687
-80.669
-80.952
-80.792
-81.054
-80.881
-80.829
-80.703
-80.542
-80.607
-80.933
-80.976
-81.289
-80.905
-80.81
-80.529
-80.224
-80.327
-80.37
-80.424
-80.461
-80.616
-80.434
-80.87
-80.776
-80.733
-80.562
-80.745
-80.652
-80.572
-80.393
-80.445
-80.535
-80.635
-80.703
-80.474
-80.26
-79.93
-79.673
-79.849
-79.952
-80.11
-79.963
-79.971
-80.016
-79.644
-79.778
-79.627
-79.895
-79.811
-79.754
-79.607
-79.507
-79.415
-79.587
-79.452
-79.876
-79.621
-79.599
-79.787
-79.724
-80.059
-79.957
-79.943
-79.744
-79.633
-79.811
-80.215
-80.194
-79.947
-79.819
-79.689
-79.959
-79.861
-80.022
-79.837
-79.933
-79.96
-79.786
-80.061
-80.019
-80.118
-80.08
-80.032
-79.961
-80.112
-80.118
-80.135
-80.287
-80.355
-80.373
-80.422
-80.317
-80.162
-80.274
-80.301
-80.4
-80.393
-80.3
-80.26
-80.32
-80.216
-80.095
-80.204
-80.38
-80.484
-80.192
-80.158
-80.167
-80.206
-80.16
-80.288
-80.066
-79.825
-79.671
-79.756
-79.856
-79.955
-80.168
-79.953
-79.961
-79.948
-79.849
-79.908
-80.084
-80.011
-79.904
-79.919
-80.025
-80.083
-80.178
-80.249
-80.337
-80.282
-80.33
-80.365
-80.271
-80.218
-80.091
-80.07
-80.015
-80.069
-80.118
-80.258
-80.04
-80.279
-80.127
-80.301
