-76.189
-76.008
-75.5
-75.336
-75.258
-74.959
-74.71
-74.626
-74.362
-74.39
-74.346
-74.442
-74.296
-73.889
-73.833
-73.753
-73.661
-73.743
-73.647
-73.668
-73.439
-73.703
-73.5
-73.6
-73.658
-73.594
-73.479
-73.11
-72.739
-72.475
-72.051
-71.49
-71.242
-70.952
-70.552
-70.687
-69.844
-69.631
-69.18
-68.697
-68.187
-67.782
-67.503
-66.981
-66.616
-66.339
-66.135
-66.039
-65.613
-65.509
-65.53
-65.432
-64.906
-64.431
-63.975
-63.583
-63.285
-62.773
-62.457
-63.338
-65.974
-68.896
-71.684
-73.423
-74.889
-75.856
-76.74
-77.15
-77.436
-77.618
-77.847
-78.039
-78.267
-78.48
-78.325
-78.476
-78.576
-78.693
-78.659
-78.553
-78.721
-78.966
-79.059
-78.878
-79.005
-79.057
-79.257
-79.317
-79.325
-79.419
-79.311
-79.367
-79.305
-79.415
-79.556
-79.522
-79.324
-79.071
-79.193
-79.363
-79.331
-79.713
-79.512
-79.469
-79.311
-79.374
-79.545
-79.472
-79.592
-79.766
-79.709
-79.876
-79.821
-80.031
-80.005
-79.992
-79.946
-80.052
-80.046
-79.975
-80.118
-80.074
-80.055
-79.918
-79.595
-79.32
-79.006
-78.948
-78.78
-78.917
-78.95
-78.988
-79.007
-78.842
-78.847
-78.623
-78.41
-78.082
-78.033
-78.385
-78.45
-78.734
-78.639
-78.891
-78.585
-78.472
-78.699
-78.376
-78.664
-78.428
-78.421
-78.395
-78.648
-78.739
-78.988
-78.869
-78.608
-78.66
-78.64
-78.802
-78.97
-78.912
-78.997
-78.986
-79.055
-79.19
-79.239
-79.33
-79.543
-79.571
-79.513
-79.651
-79.598
-79.487
-79.229
-78.967
-79.053
-79.19
-79.316
-79.094
-79.143
-79.1
-79.223
-79.254
-79.056
-79.037
-79.038
-78.831
-78.972
-78.715
-78.761
-78.905
-78.998
-78.778
-78.992
-79.047
-79.324
-79.295
-79.401
-79.543
-79.48
-79.456
-79.298
-79.075
-79.171
-79.206
-79.138
-79.256
-79.335
-79.391
-79.539
-79.196
-79.306
-79.456
-79.501
-79.742
-79.779
-79.597
-79.521
-79.564
-79.344
-79.108
-78.741
-79.2
-79.07
-79.116
-79.337
-79.16
-79.175
-79.435
-79.32
-79.486
-79.509
-79.552
-79.563
-79.208
-79.199
-79.11
-79.01
-78.937
-78.857
-78.655
-78.887
-78.795
-78.814
-78.62
-78.539
-78.76
-78.359
-78.243
-78.347
-78.306
-78.438
-78.209
-78.002
-78.125
-78.412
-78.237
-78.379
-78.609
-78.741
-78.739
-78.973
-79.043
-79.01
-78.926
-78.726
-78.568
-78.596
-78.499
-78.413
-78.174
-78.011
-78.097
-78.348
-78.476
-78.659
-78.507
-78.652
-78.787
-78.807
-78.86
-78.657
-78.707
-78.932
-79.029
-79.071
-79.149
-79.266
-79.555
-79.331
-79.206
-79.404
-79.473
-79.459
-79.672
-79.543
-79.553
-79.465
-79.549
-79.396
-79.286
-79.384
-79.46
-79.826
-79.642
-79.677
-79.708
-79.679
-79.366
-79.281
-79.133
-79.09
-79.088
-78.978
-79.156
-79.134
-79.014
-78.893
-78.847
-78.977
-79.022
-79.125
-79.597
-79.344
-79.292
-79.046
-79.196
-79.467
-79.58
-79.716
-79.605
-79.646
-79.771
-79.637
-79.862
-79.873
-79.838
-79.663
-79.429
-79.347
-79.258
-79.418
-79.474
-79.196
-78.924
-79.037
-79.251
-79.339
-79.458
-79.395
-79.483
-79.295
-79.584
-79.475
-79.525
-79.567
-79.712
-79.694
-79.637
-79.687
-79.825
-79.849
-79.59
-79.407
-79.423
-79.487
-79.354
-79.298
-79.37
-79.376
-79.244
-79.154
-79.084
-79.183
-79.071
-79.033
-79.004
-78.968
-78.931
-78.878
-78.861
-78.619
-78.526
-78.102
-77.194
-76.683
-76.245
-75.995
-75.743
-75.552
-75.685
-75.523
-75.468
-75.833
-76.358
-76.656
-77.217
-77.347
-77.71
-77.72
-77.525
-77.667
-77.63
-77.834
-77.918
-77.851
-77.82
-77.74
-77.903
-77.871
-77.956
-78.253
-78.452
-78.511
-78.399
-78.385
-78.308
-78.458
-78.503
-78.49
-78.493
-78.665
-78.685
-78.711
-78.707
-78.929
-78.718
-78.58
-78.625
-78.407
-78.379
-78.085
-78.108
-77.836
-77.655
-77.162
-76.67
-76.15
-75.88
-75.956
-75.505
-75.269
-75.183
-75.295
-75.224
-75.322
-75.639
-75.935
-75.841
-75.866
-76.125
-76.371
-76.363
-76.283
-76.537
-76.695
-76.883
-76.994
-77.12
-77.194
-77.439
-77.44
-77.422
-77.17
-77.26
-77.305
-77.099
-77.419
-77.609
-77.582
-77.543
-77.979
-78.35
-78.566
-78.716
-78.615
-78.636
-78.927
-78.906
-78.807
-78.569
-78.694
-78.998
-78.894
-78.808
-78.942
-78.958
-78.863
-79.112
-79.07
-79.015
-79.011
-78.993
-78.959
-78.993
-79.214
-79.354
-79.251
-79.345
-79.321
-79.233
-79.503
-79.385
-79.468
-79.622
-79.364
-79.574
-79.168
-79.154
-78.861
-78.836
-78.713
-78.852
-78.898
-79.08
-79.092
-79.255
-79.039
-79.11
-79.17
-79.412
-79.063
-78.804
-78.736
-78.808
-78.608
-78.69
-78.34
-78.296
-78.642
-78.692
-78.632
-78.505
-77.766
-77.61
-77.291
-77.012
-76.521
-76.159
-75.975
-75.917
-76.042
-75.805
-75.521
-75.477
-75.445
-75.397
-75.297
-75.325
-75.069
-75.259
-75.258
-75.56
-75.515
-75.35
-75.517
-75.743
-75.944
-76.078
-76.416
-76.938
-77.369
-77.826
-77.992
-77.956
-78.106
-78.129
-78.174
-78.407
-78.749
-78.829
-78.989
-78.738
-78.87
-78.813
-78.891
-79.191
-78.968
-78.846
-78.895
-78.828
-78.83
-78.705
-78.718
-78.751
-78.62
-78.784
-78.48
-77.924
-77.384
-77.025
-76.645
-76.439
-76.17
-75.918
-75.692
-75.319
-75.599
-75.541
-75.677
-75.569
-75.755
-76.08
-76.122
-76.206
-76.471
-76.703
-76.582
-76.671
-76.943
-76.894
-77.092
-77.314
-77.348
-77.512
-77.684
-77.707
-77.508
-77.892
-77.891
-77.596
-77.901
-78.104
-77.951
-77.979
-77.803
-77.826
-77.705
-77.534
-77.344
-77.078
-76.916
-76.76
-76.537
-76.526
-76.631
-76.711
-76.986
-76.947
-77.034
-77.149
-77.314
-77.448
-77.587
-77.414
-77.45
-77.399
-77.707
-77.839
-78.088
-78.154
-78.495
-78.391
-78.529
-78.663
-79.089
-79.024
-79.145
-79.224
-78.962
-79.083
-79.13
-79.323
-79.453
-79.606
-79.597
-79.54
-79.813
-79.869
-79.721
-79.722
-79.716
-79.649
-79.691
-79.644
-79.416
-79.254
-79.176
-79.038
-78.825
-78.72
-78.726
-78.661
-78.741
-78.807
-79.222
-79.088
-78.991
-79.163
-79.254
-79.424
-79.653
-79.454
-79.462
-79.514
-79.401
-79.292
-79.19
-79.315
-79.421
-79.487
-79.701
-79.744
-79.699
-79.449
-79.373
-79.665
-79.544
-79.498
-79.44
-79.33
-79.476
-79.35
-79.523
-79.705
-79.644
-79.781
-79.853
-79.968
-79.933
-80.019
-79.97
-79.784
-79.732
-79.704
-79.763
-79.722
-79.687
-79.808
-79.729
-79.661
-79.677
-79.584
-79.907
-79.942
-79.877
-79.578
-79.649
-79.549
-79.747
-79.862
-79.633
-79.739
-79.634
-79.703
-79.761
-80.04
-79.772
-80.053
-80.01
-80.081
-80.341
-80.232
-80.134
-80.163
-80.156
-80.147
-80.142
-79.971
-79.781
-79.566
-79.824
-80.025
-80.04
-79.979
-80.084
-80.197
-80.31
-80.317
-80.274
-80.297
-80.318
-80.287
-80.218
-80.31
-80.354
-80.204
-80.171
-80.092
-80.362
-80.163
-80.335
-80.287
-80.321
-80.374
-80.328
-80.09
-80.082
-80.001
-80.115
-80.211
-79.831
-79.783
-79.521
-79.613
-79.471
-79.602
-79.294
-79.175
-79.128
-79.268
-79.514
-79.661
-79.522
-79.402
-79.571
-79.789
-79.854
-79.948
-79.97
-79.93
-80.045
-80.056
-80.079
-80.029
-79.811
-79.684
-79.751
-79.87
-79.75
-79.681
-79.702
-79.664
-79.945
-79.757
-79.295
-79.005
-78.856
-78.545
-78.295
-78.108
-77.993
-77.847
-77.723
-77.575
-77.755
-77.406
-77.242
-77.269
-77.459
-77.591
-77.431
-77.455
-77.34
-77.231
-77.138
-77.19
-77.247
-77.198
-77.257
-77.5
-77.378
-78.02
-77.954
-77.906
-77.672
-77.696
-77.853
-78.068
-78.036
-78.066
-78.02
-78.1
-78.119
-78.137
-77.901
-77.955
-77.985
-78.054
-77.761
-77.663
-77.707
-77.732
-78.09
-78.33
-78.48
-78.756
-78.792
-78.798
-78.763
-78.618
-78.524
-78.573
-78.827
-78.858
-78.561
-78.166
-77.923
-78.008
-77.544
-77.603
-77.188
-77.008
-76.472
-76.135
-75.919
-75.609
-75.542
-75.236
-75.455
-75.378
-75.246
-75.497
-75.623
-75.714
-75.456
-75.596
-75.568
-75.99
-75.913
-75.851
-76.011
-76.028
-76.078
-75.982
-76.207
-76.384
-76.261
-76.665
-76.486
-76.516
-76.493
-76.732
-76.733
-77.101
-76.875
-76.769
-76.921
-77.42
-77.247
-77.236
-77.173
-77.135
-77.167
-77.42
-77.581
-77.363
-77.22
-77.544
-77.634
-77.646
-77.64
-77.786
-77.898
-77.611
-77.729
-77.682
-77.693
-77.691
-77.663
-77.443
-77.373
-77.502
-77.65
-77.844
-77.828
-77.756
-77.723
-77.733
-78.014
-78.001
-77.882
-77.457
-77.149
-77.029
-77.127
-76.751
-76.548
-76.408
-76.092
-75.77
-75.719
-75.3
-74.76
-74.478
-74.063
-74.169
-73.913
-73.838
-73.499
-73.506
-73.318
-73.169
-73.323
-73.511
-73.297
-73.373
-73.302
-73.128
-72.995
-72.659
-72.648
-72.754
-72.833
-72.768
-72.986
-72.654
-72.625
-72.605
-72.427
