-60.667
-60.455
-60.208
-60.127
-59.663
-59.248
-59.021
-58.819
-58.441
-58.368
-58.244
-58.035
-58
-57.882
-57.601
-57.413
-57.31
-56.861
-56.677
-56.453
-56.267
-55.95
-55.462
-54.907
-54.326
-53.942
-53.413
-52.75
-51.785
-50.016
-47.112
-45
-45
-45
-45
-45
-45
-45
-45
-45
-45
-45
-45
-45
-45
-51.362
-57.793
-63.001
-66.396
-68.709
-70.207
-71.303
-72.258
-73.041
-73.448
-73.707
-74.188
-74.423
-74.388
-74.199
-74.143
-74.053
-73.832
-73.822
-73.62
-73.578
-73.44
-73.005
-72.96
-72.864
-72.344
-71.973
-71.739
-71.471
-71.424
-70.979
-70.823
-70.355
-70.039
-69.309
-68.817
-67.929
-67.355
-66.752
-66.094
-65.509
-64.877
-64.163
-63.653
-63.476
-63.133
-62.589
-62.182
-61.735
-61.197
-60.827
-60.431
-60.043
-59.775
-59.291
-58.767
-58.559
-58.204
-57.785
-57.468
-57.257
-57.005
-56.77
-56.193
-56.059
-55.495
-54.714
-53.867
-53.273
-52.27
-51.042
-48.901
-45
-45
-45
-45
-45
-45
-45
-45
-45
-45
-45
-45
-45
-45
-46.748
-53.428
-58.831
-63.211
-66.141
-68.418
-69.422
-69.738
-69.792
-69.536
-69.253
-68.975
-68.776
-68.528
-68.159
-67.468
-66.973
-66.161
-65.307
-64.441
-64.026
-63.412
-63.584
-65.654
-68.314
-70.69
-72.345
-73.779
-74.78
-75.614
-75.956
-76.255
-76.543
-76.86
-77.105
-77.037
-77.141
-77.339
-77.342
-77.078
-77.1
-77.057
-76.873
-76.912
-76.844
-77.031
-77.075
-77.259
-77.392
-77.485
-77.394
-77.438
-77.685
-77.828
-77.823
-77.804
-78.075
-78.303
-78.286
-78.497
-78.505
-78.453
-78.556
-78.537
-78.542
-78.408
-78.653
-78.875
-78.65
-78.768
-78.82
-78.806
-79.112
-79.187
-79.154
-78.63
-78.941
-78.765
-78.427
-78.498
-78.548
-78.797
-78.59
-78.248
-78.456
-78.46
-78.76
-78.606
-78.615
-78.69
-78.6
-78.524
-78.369
-78.438
-78.365
-78.006
-77.66
-77.781
-77.512
-77.568
-77.483
-77.363
-77.525
-77.392
-77.469
-77.606
-77.839
-78.095
-78.576
-78.842
-78.638
-78.548
-78.328
-78.249
-78.016
-77.973
-77.954
-77.903
-77.664
-77.607
-77.801
-77.981
-78.056
-78.13
-78.117
-78.386
-78.45
-78.218
-78.317
-78.306
-78.52
-78.502
-78.571
-78.679
-78.591
-78.698
-78.726
-78.774
-79.086
-79.11
-79.045
-78.937
-78.951
-79.242
-79.368
-79.24
-79.191
-79.319
-79.417
-79.459
-79.557
-79.708
-79.567
-79.602
-79.511
-79.719
-79.451
-79.699
-79.761
-79.942
-79.847
-79.877
-79.95
-79.706
-79.789
-79.82
-80.025
-79.922
-79.764
-79.75
-79.885
-79.865
-80.023
-79.778
-79.89
-79.941
-80.002
-80.178
-80.151
-80.143
-79.779
-79.58
-79.251
-79.208
-78.75
-78.718
-78.686
-78.579
-78.482
-78.5
-78.214
-78.077
-78.077
-77.864
-77.593
-77.311
-77.214
-77.212
-77.086
-76.965
-76.799
-76.627
-76.396
-76.493
-76.373
-76.584
-76.866
-77.15
-77.506
-77.353
-77.243
-77.165
-77.372
-77.471
-77.585
-78.165
-78.182
-78.298
-78.325
-78.392
-78.542
-78.409
-78.441
-78.695
-78.604
-78.233
-78.179
-78.448
-78.39
-78.588
-78.681
-78.804
-78.9
-78.916
-79.098
-79.278
-79.357
-79.443
-79.5
-79.631
-79.329
-79.213
-79.035
-78.454
-78.063
-77.467
-76.954
-76.439
-75.757
-75.389
-74.72
-74.637
-74.262
-74.208
-73.921
-73.785
-73.924
-74.236
-74.461
-74.693
-74.714
-75.069
-74.966
-75.05
-75.454
-75.219
-75.189
-75.404
-75.884
-76.159
-76.36
-76.59
-76.488
-76.475
-76.831
-76.885
-77.077
-76.742
-76.646
-76.37
-76.055
-75.61
-75.319
-75.321
-75.075
-74.932
-74.834
-74.687
-74.359
-73.761
-73.178
-72.564
-72.09
-71.711
-71.37
-70.905
-70.394
-69.786
-69.026
-68.68
-68.515
-68.319
-68.099
-68.22
-67.822
-67.97
-67.805
-68.452
-69.474
-70.785
-71.881
-72.842
-73.39
-74.073
-74.574
-74.909
-75.437
-75.597
-75.841
-75.823
-76.096
-75.77
-75.614
-75.618
-75.56
-75.615
-75.653
-75.457
-75.6
-75.508
-75.655
-76.015
-76.281
-76.008
-75.61
-75.16
-74.99
-74.567
-74.288
-74.4
-74.376
-74.664
-74.628
-74.811
-74.938
-75.16
-75.51
-75.86
-76.162
-76.502
-76.804
-76.946
-76.978
-77.343
-77.134
-77.249
-77.189
-77.332
-77.195
-77.433
-77.497
-77.406
-77.203
-77.558
-77.775
-78.13
-78.214
-77.933
-77.859
-77.94
-78.007
-77.795
-78.158
-78.027
-77.684
-77.76
-77.903
-77.655
-77.422
-76.687
-76.004
-75.545
-75.139
-74.822
-74.259
-73.769
-73.636
-73.433
-73.367
-73.241
-73.305
-73.696
-73.926
-74.065
-74.235
-73.998
-74.198
-74.112
-74.275
-74.284
-74.698
-74.723
-74.886
-74.98
-74.954
-75.065
-75.17
-75.471
-75.516
-75.975
-76.188
-76.274
-76.463
-76.541
-76.663
-76.763
-76.775
-76.897
-77.103
-76.983
-77.063
-77.144
-77.455
-77.561
-77.782
-77.858
-78.156
-78.277
-78.223
-77.986
-77.847
-77.731
-77.554
-77.499
-76.893
-76.565
-75.758
-74.813
-73.543
-72.504
-71.61
-70.888
-69.744
-68.8
-68.217
-67.633
-67.427
-67.509
-67.299
-67.707
-67.974
-68.128
-68.215
-68.303
-68.658
-68.609
-68.879
-69.345
-69.587
-69.891
-70.07
-70.389
-70.159
-69.925
-69.989
-70.086
-70.243
-71.272
-72.45
-73.811
-74.778
-75.312
-75.907
-76.373
-76.57
-76.66
-76.915
-77.228
-77.43
-77.629
-77.749
-77.635
-77.854
-78.11
-78.034
-77.773
-77.553
-77.245
-77.202
-77.334
-77.195
-77.08
-77.248
-77.301
-77.547
-77.696
-77.837
-77.745
-77.864
-78.006
-78.244
-78.53
-78.6
-78.306
-77.975
-77.918
-77.643
-77.703
-77.633
-77.794
-77.811
-77.661
-77.405
-77.501
-77.451
-77.147
-77.584
-77.386
-77.227
-76.675
-75.703
-75.003
-74.628
-74.283
-74.153
-74.051
-73.655
-73.511
-73.47
-73.548
-73.77
-74.317
-74.764
-75.208
-75.584
-76.274
-76.493
-76.682
-76.89
-76.892
-76.987
-76.848
-76.893
-76.78
-76.946
-77.148
-77.116
-77.144
-77.215
-77.258
-77.371
-77.531
-77.575
-77.651
-77.452
-77.733
-77.825
-78.174
-78.085
-78.248
-78.314
-78.462
-78.281
-78.217
-78.174
-78.233
-78.094
-78.456
-78.562
-78.928
-78.944
-79.124
-79.238
-79.068
-79.183
-79.04
-79.176
-79.337
-79.442
-79.379
-79.53
-79.512
-79.17
-79.134
-78.977
-78.959
-78.806
-78.513
-78.248
-78.12
-78.019
-77.93
-78.095
-78.234
-78.235
-78.307
-78.224
-78.397
-78.44
-78.407
-78.51
-78.616
-78.581
-78.37
-78.621
-78.785
-78.952
-78.883
-78.764
-78.997
-79.022
-79.349
-79.361
-79.326
-79.181
-79
-79.029
-78.884
-79.053
-79.077
-79.182
-79.288
-79.298
-79.429
-79.618
-79.495
-79.593
-79.933
-80.186
-80.095
-79.9
-79.896
-79.629
-79.253
-79.384
-79.139
-79.135
-79.457
-79.716
-79.674
-79.668
-79.66
-79.609
-79.848
-79.509
-79.514
-79.108
-79.306
-79.408
-79.685
-79.588
-79.39
-79.536
-79.693
-79.514
-79.628
-79.745
-79.852
-79.985
-80.049
-80.051
-80.157
-80.307
-80.261
-80.295
-80.403
-80.669
-80.665
-80.732
-80.751
-80.662
-80.747
-80.495
-80.378
-80.501
-80.393
-80.373
-80.511
-80.214
-80.234
-80.083
-80.083
-80.168
-80.192
-80.075
-80.232
-80.506
-80.429
-80.315
-80.47
-80.441
-80.578
-80.56
-80.656
-80.585
-80.421
-80.13
-80.299
-80.072
-80.156
-80.166
-80.281
-80.224
-80.103
-80.35
-80.408
-80.35
-80.177
-79.865
-79.952
-80.093
-80.005
-80.172
-80.234
-80.189
-80.333
-80.457
-80.443
-80.573
-80.699
-80.887
-80.871
-80.747
-80.861
-80.822
-80.859
-81.079
-81.188
-80.92
-80.929
-81.078
-81.377
-81.729
-81.766
-81.517
-81.294
-81.078
-81.143
-80.868
-80.692
-80.561
-80.347
-80.434
-80.895
-80.722
-80.815
-80.86
-80.935
-80.762
-80.713
-80.579
-80.63
-80.569
-80.432
-80.408
-80.409
-80.345
-80.251
-79.933
-80.007
-79.857
-79.935
-79.86
-79.88
-80.198
-80.203
-79.946
-80.127
-80.212
-80.079
-80.023
-80
-80.216
-80.326
-80.173
-80.148
-80.161
-80.495
-80.315
-80.212
-80.069
-80.097
-79.824
-79.824
-79.935
-79.797
-80.035
-79.977
-80.017
-79.58
-79.355
-79.391
-79.485
-79.357
-79.129
-79.03
-78.806
-78.782
-78.586
-78.386
-78.289
-78.182
-77.836
-77.763
-77.357
-77.204
-77.45
-77.429
-76.983
-77.162
-76.857
-76.736
-76.843
-76.947
-76.877
-76.526
-76.496
-76.723
-76.643
-76.574
-76.549
-76.535
-76.446
-76.243
-76.339
-76.373
-76.845
-76.893
-77.045
-76.998
-76.807
-76.93
-77.23
-77.179
-77.032
-77.089
-76.747
-76.706
-76.783
-76.757
-76.553
-76.525
-76.718
-76.922
-76.763
-76.799
-76.901
-76.824
-76.697
-76.897
-76.993
-76.875
-76.889
-76.747
-76.393
-76.208
-76.038
-75.655
-75.585
-75.116
-74.612
-74.321
-74.107
-73.746
-73.773
-73.787
-73.59
-73.564
-73.54
-73.134
