-45
-45
-45
-45.302
-49.567
-53.013
-55.318
-56.944
-58.006
-58.411
-58.561
-58.772
-58.713
-58.327
-58.198
-57.702
-57.387
-57.363
-57.085
-56.535
-56.079
-55.728
-55.739
-55.39
-55.157
-55.107
-54.958
-54.857
-54.761
-54.847
-54.588
-54.537
-54.588
-54.504
-54.433
-54.305
-54.005
-54.105
-53.943
-53.923
-53.859
-53.973
-54.381
-54.27
-54.348
-54.517
-54.371
-54.547
-54.405
-54.6
-54.577
-54.612
-54.633
-54.561
-54.395
-54.394
-54.07
-54.156
-54.104
-54.182
-54.233
-54.364
-53.995
-53.783
-53.186
-52.657
-52.127
-51.168
-50.496
-49.694
-48.988
-48.235
-47.776
-46.754
-45.856
-45
-45
-45
-45
-45
-45
-45
-45
-45
-45
-45
-45
-45
-45
-45
-45
-45
-45
-45
-45.544
-49.449
-52.574
-55.035
-56.696
-57.98
-58.972
-59.534
-60.001
-60.281
-60.327
-60.427
-59.796
-59.105
-58.212
-56.562
-55.16
-53.609
-52.336
-51.096
-50.122
-48.846
-47.621
-46.317
-45.449
-45
-45
-45
-45
-45
-45
-45
-45
-45
-45
-45
-45
-45
-45
-45
-45
-45
-45
-45
-46.499
-49.817
-52.658
-54.359
-55.411
-56.151
-55.994
-55.705
-55.127
-54.467
-53.865
-52.976
-52.274
-50.797
-49.629
-48.662
-47.303
-45.737
-45
-45
-45
-45
-45
-45
-45
-45
-45
-45
-45
-45
-45
-45
-45
-45
-45
-45
-45
-52.915
-60.855
-66.451
-70.299
-72.544
-74.114
-75.317
-76.057
-76.643
-76.949
-77.399
-77.738
-78.174
-78.498
-78.702
-79.197
-79.345
-78.946
-78.337
-78.035
-78.095
-77.864
-77.905
-77.929
-77.943
-77.667
-77.387
-77.356
-76.97
-76.679
-76.473
-76.445
-76.027
-75.919
-75.868
-75.763
-75.713
-76.203
-76.277
-76.241
-76.392
-76.437
-76.463
-76.409
-76.79
-77.108
-77.165
-77.194
-77.274
-77.483
-77.452
-77.587
-77.722
-77.809
-77.889
-78.031
-77.942
-78.139
-78.382
-78.352
-78.295
-77.959
-77.569
-77.144
-76.946
-77.022
-77.245
-77.166
-77.261
-77.43
-77.559
-77.831
-78.119
-78.244
-78.399
-78.558
-78.53
-78.51
-78.679
-78.804
-78.803
-78.959
-79.098
-79.062
-79.045
-79.017
-78.973
-78.993
-79.108
-78.969
-78.73
-78.029
-77.551
-77.001
-76.933
-76.446
-76.155
-75.673
-75.399
-74.831
-74.413
-74.402
-74.378
-74.099
-74.245
-74.417
-74.882
-75.136
-75.19
-75.383
-75.504
-75.678
-75.819
-75.855
-76.126
-76.197
-76.253
-76.324
-76.462
-76.737
-76.86
-76.872
-76.942
-76.807
-76.951
-77.213
-77.399
-77.383
-77.546
-77.713
-77.588
-77.579
-77.882
-78.151
-78.176
-78.344
-78.056
-77.827
-77.485
-77.059
-76.862
-76.408
-76.395
-76.404
-76.117
-76.452
-76.24
-76.3
-76.586
-76.671
-76.633
-76.822
-77.031
-77.3
-77.353
-77.664
-77.354
-77.376
-77.637
-77.668
-77.773
-77.895
-77.778
-78.068
-78.261
-78.521
-78.284
-78.462
-78.302
-78.022
-77.716
-77.845
-77.528
-76.89
-76.038
-75.6
-75.302
-75.054
-74.791
-74.747
-74.843
-74.663
-74.849
-75.084
-75.282
-75.429
-75.825
-75.896
-76.037
-76.094
-76.257
-76.162
-76.379
-76.491
-76.544
-76.83
-76.914
-77.107
-76.847
-76.1
-75.24
-74.458
-73.915
-73.519
-73.121
-73.13
-73.193
-73.162
-72.949
-72.92
-73.164
-73.218
-73.352
-73.323
-73.417
-73.371
-73.552
-73.741
-73.921
-74.178
-74.352
-74.415
-74.619
-74.828
-74.972
-75.042
-74.552
-73.62
-72.698
-71.943
-71.375
-70.946
-70.42
-70.05
-69.475
-69.139
-69.146
-69.141
-69.004
-68.842
-68.956
-69.09
-69.513
-69.792
-70.439
-71.071
-71.607
-71.518
-71.651
-71.499
-71.165
-71.035
-71.428
-71.946
-72.503
-73.022
-73.33
-73.907
-74.248
-74.146
-73.962
-73.97
-74.049
-74.27
-74.243
-74.468
-74.432
-74.405
-74.604
-74.671
-75.185
-75.489
-75.726
-75.962
-76.009
-75.99
-75.717
-75.443
-75.103
-74.451
-73.676
-73.136
-72.79
-72.445
-72.397
-72.193
-72.487
-72.274
-72.222
-72.158
-72.402
-72.846
-73.333
-73.655
-73.969
-74.613
-74.726
-75.014
-75.208
-75.54
-75.474
-75.747
-75.747
-75.815
-76.081
-76
-76.296
-76.164
-75.49
-73.949
-72.982
-72.053
-71.5
-71.15
-70.968
-70.776
-71.124
-71.332
-71.504
-71.616
-71.688
-71.99
-71.992
-72.925
-73.845
-74.602
-74.831
-74.577
-74.255
-74.182
-74.318
-74.645
-74.693
-74.912
-74.881
-74.612
-74.549
-74.686
-74.751
-75.015
-74.968
-75.191
-75.589
-75.891
-76.069
-76.008
-76.002
-75.863
-76.215
-76.171
-76.25
-76.261
-76.557
-76.614
-76.798
-76.891
-77.08
-77.156
-77.336
-77.55
-77.451
-77.681
-77.793
-77.803
-77.844
-77.98
-78.223
-77.848
-77.614
-77.502
-77.392
-77.527
-77.637
-77.49
-77.692
-77.649
-77.694
-77.702
-77.816
-77.839
-77.764
-77.938
-78.25
-78.118
-78.049
-77.45
-76.75
-76.396
-76.133
-75.504
-75.344
-75.062
-75.191
-75.049
-75.355
-75.346
-75.547
-76.018
-76.027
-76.563
-77.127
-77.238
-77.528
-77.714
-77.376
-77.637
-77.788
-78.051
-78.15
-78.258
-78.19
-78.376
-78.474
-78.098
-77.983
-77.967
-77.77
-77.584
-77.57
-77.866
-77.916
-77.71
-77.667
-77.729
-77.339
-77.494
-77.525
-77.736
-77.635
-77.439
-77.191
-77.234
-77.008
-77.033
-77.3
-77.392
-77.488
-77.436
-77.354
-77.444
-77.641
-77.672
-77.735
-77.967
-77.884
-77.974
-77.881
-78.141
-78.184
-78.138
-78.48
-78.803
-78.619
-78.858
-78.9
-79.137
-78.958
-78.62
-78.823
-78.91
-78.95
-78.952
-78.816
-78.322
-78.225
-77.916
-77.531
-77.363
-77.341
-77.328
-77.324
-77.256
-77.47
-77.469
-77.776
-77.839
-77.774
-77.987
-77.915
-78.031
-78.067
-78.176
-78.379
-78.653
-78.499
-78.515
-78.739
-78.849
-78.759
-78.96
-78.901
-79.1
-79.215
-79.063
-78.757
-79.025
-79.039
-78.929
-79.158
-79.182
-79.173
-79.239
-79.286
-79.336
-79.282
-79.35
-79.686
-79.587
-79.7
-79.484
-79.485
-79.561
-79.555
-79.482
-79.43
-79.307
-79.246
-79.589
-79.431
-79.599
-79.481
-79.524
-79.392
-79.445
-79.529
-79.444
-79.646
-79.75
-79.905
-80.023
-80.098
-80.042
-79.961
-79.803
-79.643
-79.877
-79.741
-79.822
-79.942
-79.88
-79.944
-79.994
-79.82
-79.926
-79.758
-79.68
-79.786
-79.932
-79.793
-79.678
-79.795
-79.892
-79.996
-79.744
-79.73
-79.821
-79.665
-79.722
-79.775
-80.011
-80.235
-79.865
-79.697
-80.078
-80.064
-79.895
-80.111
-80.033
-80.172
-80.08
-79.949
-79.69
-79.697
-79.814
-79.715
-79.768
-79.891
-80.147
-80.014
-80.298
-80.268
-80.021
-80.004
-80.186
-80.272
-80.184
-80.32
-79.877
-80.017
-79.959
-80.131
-80.16
-79.866
-79.785
-79.972
-79.977
-79.899
-79.977
-80.109
-80.243
-80.257
-80.335
-80.273
-79.902
-80.104
-80.134
-80.204
-80.214
-80.269
-80.108
-80.175
-80.216
-80.075
-80.201
-80.203
-80.053
-80.034
-79.946
-79.835
-79.965
-79.921
-80.211
-80.052
-80.143
-80.074
-79.955
-79.961
-80.013
-80.212
-80.129
-80.031
-79.782
-79.603
-79.443
-79.259
-79.318
-79.624
-79.613
-79.65
-79.837
-79.788
-79.653
-79.574
-79.391
-79.578
-79.675
-79.817
-79.929
-80.445
-80.475
-80.456
-80.48
-80.765
-80.67
-80.266
-80.163
-80.036
-80.149
-79.935
-79.97
-79.859
-79.824
-79.943
-79.859
-80.126
-80.31
-80.387
-80.178
-80.237
-80.258
-80.014
-79.71
-79.645
-79.817
-79.602
-79.48
-79.316
-79.133
-79.367
-79.535
-79.323
-79.127
-79.347
-79.255
-79.401
-79.346
-79.399
-79.355
-79.439
-79.526
-79.593
-79.786
-79.946
-79.935
-80.269
-80.283
-80.323
-80.334
-80.366
-80.364
-80.33
-80.325
-80.123
-80.235
-80.241
-79.979
-79.892
-79.941
-79.481
-79.623
-79.728
-79.814
-79.885
-79.597
-79.447
-79.697
-79.792
-79.769
-79.65
-79.654
-79.558
-79.696
-79.842
-79.687
-79.698
-79.665
-79.939
-80.113
-80.051
-80.057
-80.16
-80
-80.092
-79.833
-80.054
-80.118
-80.361
-80.272
-80.066
-79.968
-79.762
-79.613
-79.417
-79.381
-79.416
-79.908
-79.849
-80.135
-80.348
-80.43
-80.549
-80.342
-80.287
-80.237
-80.151
-79.988
-80.102
-79.974
-80.174
-80.478
-80.405
-80.228
-80.078
-80.347
-80.314
-80.184
-80.089
-80.144
-80.439
-80.509
-80.16
-80.392
-80.048
-79.832
-79.843
-79.727
-79.796
-79.705
-79.7
-79.563
-79.472
-79.878
-79.989
-79.977
-80.131
-79.957
-79.415
-78.904
-78.149
-77.316
-76.789
-76.283
-75.372
-74.694
-74.092
-73.533
-72.905
-72.75
-72.419
-72.298
-72.063
-71.753
-71.416
-71.456
-71.438
-71.368
-71.173
-71.239
-71.041
-71.054
-71.329
-71.626
-71.853
-72.139
-71.98
-71.967
-71.621
-71.571
-71.768
-71.787
-72.188
-72.18
-72.489
-72.804
-72.924
-73.004
