-74.177
-74.148
-74.188
-74.271
-74.446
-74.359
-74.363
-74.354
-74.622
-74.42
-74.295
-74.431
-74.527
-74.277
-74.178
-74.307
-74.104
-74.348
-74.365
-74.473
-74.072
-74.026
-73.851
-74.261
-74.321
-74.385
-74.501
-74.562
-74.477
-74.412
-74.21
-74.335
-74.408
-74.381
-74.159
-74.12
-74.208
-74.09
-73.962
-73.946
-73.841
-73.727
-74.082
-73.972
-74.157
-73.897
-74.073
-74.4
-74.598
-74.646
-74.775
-74.764
-74.619
-74.568
-74.808
-74.62
-74.407
-74.637
-74.77
-74.641
-74.67
-74.397
-74.146
-73.986
-73.602
-73.067
-72.841
-72.527
-72.026
-71.539
-71.106
-70.578
-70.166
-69.697
-69.389
-69.019
-68.846
-68.616
-68.184
-67.999
-67.98
-68.076
-68.188
-67.781
-67.27
-66.795
-66.924
-66.722
-66.455
-65.955
-65.088
-63.853
-62.458
-61.012
-59.664
-58.313
-56.579
-54.533
-52.444
-50.154
-46.037
-45
-45
-45
-45
-45
-45
-45
-45
-45
-45
-45
-45
-45
-45
-50.025
-55.868
-60.237
-63.185
-65.422
-66.723
-67.561
-68.412
-68.65
-68.837
-68.902
-68.713
-68.474
-68.449
-68.9
-70.718
-72.525
-74.228
-75.616
-76.866
-77.385
-77.82
-78.182
-78.712
-78.984
-79.257
-79.381
-79.186
-79.075
-78.843
-79.131
-79.015
-78.687
-78.675
-78.586
-78.427
-78.144
-77.633
-77.349
-77.594
-77.885
-77.927
-78.003
-78.224
-78.32
-78.474
-78.605
-78.97
-78.958
-79.098
-78.977
-78.835
-78.847
-78.962
-78.911
-79.007
-79.179
-79.003
-79.209
-79.172
-79.222
-79.21
-79.182
-79.409
-79.403
-79.343
-78.629
-78.292
-77.935
-77.5
-77.599
-77.56
-77.067
-76.919
-76.913
-77.06
-77.064
-76.944
-77.16
-77.16
-77.347
-77.103
-77.185
-77.227
-77.51
-77.416
-77.647
-77.832
-78.007
-78.174
-77.955
-78.286
-78.217
-78.206
-78.301
-78.109
-78.389
-78.415
-78.391
-78.525
-78.424
-78.462
-78.328
-78.221
-78.302
-78.479
-78.498
-78.52
-78.54
-78.634
-78.517
-78.711
-78.953
-78.798
-78.864
-78.782
-79.002
-79.058
-79.161
-79.116
-79.16
-79.326
-79.283
-79.181
-79.279
-79.348
-79.292
-78.658
-78.17
-78.025
-77.778
-77.363
-77.537
-77.486
-77.249
-77.262
-77.125
-77.271
-77.472
-77.689
-77.752
-77.826
-78.063
-78.158
-78.292
-78.382
-78.256
-78.369
-78.261
-78.566
-78.596
-78.294
-78.635
-78.652
-78.479
-78.594
-78.74
-78.808
-79.029
-78.872
-79.021
-78.976
-79.085
-79.188
-79.184
-79.222
-79.014
-78.74
-78.598
-78.682
-78.556
-78.583
-78.387
-78.414
-78.625
-78.568
-78.525
-78.692
-78.808
-78.825
-79.244
-79.284
-79.087
-79.272
-79.449
-79.284
-79.148
-79.269
-79.735
-79.473
-79.651
-79.531
-79.8
-79.753
-79.581
-79.773
-79.782
-79.741
-79.94
-79.949
-79.727
-79.718
-79.676
-79.633
-79.845
-79.808
-79.824
-79.817
-79.629
-79.737
-79.833
-80.069
-79.863
-79.815
-79.997
-79.642
-80.017
-79.98
-80.009
-79.912
-80.187
-80.083
-79.913
-79.944
-79.84
-79.784
-79.866
-79.933
-79.761
-79.667
-79.75
-79.954
-79.733
-79.805
-79.798
-79.953
-79.635
-79.831
-79.717
-79.793
-79.66
-79.559
-80.025
-79.904
-79.75
-79.668
-79.577
-79.454
-79.524
-79.058
-78.402
-78.216
-77.914
-77.51
-77.461
-77.618
-77.351
-77.459
-77.439
-77.45
-77.414
-77.365
-77.648
-77.542
-77.933
-77.852
-78.02
-77.808
-77.941
-78.102
-78.259
-78.289
-78.386
-78.315
-78.5
-78.434
-78.47
-78.462
-78.242
-77.702
-77.891
-78.242
-77.888
-78.303
-78.367
-78.315
-78.121
-78.139
-77.843
-77.895
-78.07
-78.261
-78.219
-78.145
-78.007
-78.286
-78.312
-78.401
-78.402
-78.209
-78.148
-78.497
-78.425
-78.704
-78.678
-78.583
-78.567
-78.663
-78.564
-77.899
-77.244
-77.079
-76.907
-76.869
-76.492
-76.361
-76.113
-76.38
-76.014
-76.121
-76.482
-76.534
-76.513
-76.437
-76.753
-77.129
-77.354
-77.336
-77.358
-77.359
-77.751
-77.812
-77.83
-77.764
-77.868
-77.972
-78.133
-78.274
-78.266
-78.466
-78.57
-78.516
-78.609
-78.711
-78.633
-78.409
-78.435
-78.256
-78.559
-78.422
-78.531
-78.628
-78.635
-78.723
-78.656
-78.953
-78.809
-78.918
-78.908
-78.86
-78.665
-78.828
-79.007
-78.975
-79.098
-79.225
-79.116
-79.109
-79.166
-79.036
-78.979
-78.902
-78.811
-78.599
-78.253
-78.107
-77.914
-77.683
-77.921
-77.861
-77.993
-78.07
-77.78
-77.191
-76.699
-76.299
-76.221
-75.968
-75.712
-75.706
-75.941
-76.099
-76.088
-76.263
-76.307
-76.38
-76.316
-76.347
-76.635
-76.935
-77.131
-77.356
-77.246
-77.207
-77.112
-77.536
-77.306
-77.502
-77.627
-77.558
-77.701
-77.646
-77.92
-77.731
-77.506
-77.288
-77.062
-76.903
-77.175
-77.119
-77.03
-76.965
-76.875
-76.988
-77.071
-77.353
-77.368
-77.475
-77.348
-77.722
-77.753
-77.734
-77.89
-78.006
-77.713
-77.7
-77.326
-76.51
-76.027
-75.323
-74.859
-74.472
-74.127
-73.725
-73.455
-73.234
-73.023
-72.987
-73.114
-73.154
-73.221
-73.694
-73.638
-73.719
-73.928
-74.03
-74.284
-74.625
-74.683
-74.959
-75.073
-75.369
-75.356
-75.38
-75.556
-75.638
-75.778
-76.009
-75.919
-75.543
-75.591
-75.528
-75.787
-75.693
-75.664
-75.677
-75.874
-75.671
-75.506
-75.406
-75.45
-75.511
-75.668
-76.032
-76.534
-77.112
-77.476
-77.815
-77.895
-78.234
-78.268
-78.159
-78.307
-78.508
-78.601
-78.771
-78.727
-78.529
-78.692
-78.901
-78.823
-78.787
-78.935
-79.012
-78.996
-78.549
-78.567
-78.709
-78.613
-78.645
-78.744
-78.643
-78.417
-78.478
-78.655
-78.577
-78.677
-78.702
-78.793
-79.002
-78.992
-78.692
-78.487
-78.549
-78.584
-78.435
-78.533
-78.559
-78.702
-78.583
-78.612
-78.575
-78.403
-78.377
-78.217
-78.355
-78.355
-78.612
-78.849
-78.769
-78.697
-78.691
-78.697
-78.712
-78.51
-78.368
-78.301
-78.415
-78.662
-78.586
-78.67
-78.545
-78.459
-78.246
-77.344
-76.777
-75.944
-75.369
-75.265
-75.111
-74.795
-74.874
-74.661
-74.702
-74.849
-74.789
-74.841
-74.936
-74.92
-75.091
-75.484
-75.828
-75.998
-76.218
-76.205
-76.495
-76.717
-76.918
-76.792
-76.91
-77.043
-77.401
-77.352
-77.358
-77.428
-77.205
-77.26
-77.058
-76.889
-77.214
-77.332
-77.109
-77.185
-77.253
-77.27
-77.456
-77.364
-77.51
-77.432
-77.424
-77.537
-77.818
-77.887
-77.952
-78.173
-78.061
-78.324
-78.535
-78.224
-78.246
-78.682
-78.738
-78.68
-78.548
-78.744
-78.612
-78.862
-78.948
-79.165
-78.974
-78.934
-78.971
-78.915
-78.959
-78.686
-78.914
-78.899
-79.136
-79.542
-79.451
-79.449
-79.468
-79.273
-79.438
-79.447
-79.607
-79.664
-79.532
-79.614
-79.584
-79.245
-79.453
-79.43
-79.367
-79.348
-79.26
-79.416
-79.555
-79.369
-79.51
-79.536
-79.328
-79.519
-79.63
-79.861
-79.585
-79.999
-79.959
-79.864
-79.894
-79.987
-79.76
-79.823
-79.855
-80.185
-80.204
-80.201
-80.298
-80.472
-80.531
-80.741
-80.748
-80.72
-80.548
-80.305
-80.419
-80.619
-80.729
-80.639
-80.534
-80.634
-80.552
-80.511
-80.728
-80.428
-80.402
-80.08
-80.141
-79.965
-80.036
-80.009
-79.979
-79.998
-80.186
-80.197
-80.042
-80.171
-80.097
-80.228
-80.27
-80.29
-80.207
-79.939
-79.688
-79.625
-79.609
-79.574
-79.655
-79.744
-79.782
-79.693
-79.989
-79.982
-79.94
-79.921
-79.777
-79.814
-79.986
-80.231
-80.179
-80.269
-80.708
-80.497
-80.181
-80.023
-79.902
-80.114
-80.298
-80.379
-80.253
-80.233
-80.526
-80.508
-80.625
-80.709
-80.719
-80.634
-80.668
-80.537
-80.732
-80.617
-80.788
-80.892
-80.874
-80.934
-81.103
-80.677
-80.575
-80.621
-80.804
-80.731
-80.959
-80.66
-80.626
-80.568
-80.362
-80.24
-80.282
-80.446
-80.022
-80.276
-80.248
-80.341
-80.094
-80.086
-80.278
-80.47
-80.218
-80.416
-80.403
-80.608
-80.578
-80.657
-80.684
-80.51
-80.495
-80.023
-79.92
-80.108
-80.215
-80.058
-80.06
-80.238
-80.191
-80.028
-80.158
-80.084
-79.985
-79.969
-79.62
-79.703
-80.067
-79.99
-80.027
-79.996
-80.068
-80.112
-80.203
-80.201
-80.28
-80.457
-80.51
-80.433
-80.295
-80.376
-80.252
-79.986
-79.775
-79.73
-79.709
-79.667
-79.822
-79.947
-79.466
-79.344
-79.465
-79.41
-79.721
-79.545
-79.655
-79.561
-79.632
-79.569
-79.695
-79.422
-79.452
-79.447
-79.298
-79.317
-79.386
-79.153
-79.021
-79.091
-79.018
-78.864
-78.951
-78.747
-78.676
-78.798
-78.64
-78.842
-78.585
-78.712
-78.778
-78.721
-78.801
-78.728
-78.96
-78.881
-79.321
-79.33
-79.379
-79.3
-79.587
-79.286
-79.212
-79.326
-79.288
-79.267
-79.345
-79.357
-79.542
-79.321
-79.713
-79.83
-79.972
-80.227
-80.396
-80.437
-80.253
-80.152
-79.972
-80.03
-80.206
-80.05
-79.925
-80.055
-80.163
-79.975
-79.73
-79.62
-79.647
-79.698
-79.465
-79.759
-79.905
