-74.575
-74.646
-74.525
-74.473
-74.279
-74.27
-74.642
-74.77
-74.687
-74.734
-75.009
-75.212
-75.533
-75.794
-75.837
-75.908
-75.912
-75.821
-76.043
-76.234
-76.326
-76.02
-75.97
-75.707
-75.385
-75.148
-75.106
-74.715
-74.732
-74.655
-74.758
-74.649
-74.729
-74.403
-74.297
-74.205
-74.226
-74.59
-74.927
-74.992
-75.084
-74.996
-74.881
-74.946
-75.031
-75.087
-75.403
-75.434
-75.456
-75.155
-75.119
-75.092
-75.134
-75.21
-75.285
-75.324
-75.395
-75.197
-75.356
-75.286
-75.088
-75.437
-75.481
-75.233
-75.329
-74.951
-75.074
-74.857
-74.61
-74.179
-73.692
-73.486
-73.016
-72.81
-72.675
-73.003
-72.773
-72.611
-72.492
-72.501
-72.088
-72.052
-71.994
-71.781
-71.623
-71.47
-71.438
-71.578
-71.556
-71.69
-71.482
-71.526
-71.723
-71.862
-72.187
-72.497
-72.422
-72.511
-72.746
-72.705
-72.62
-72.669
-72.618
-72.774
-72.805
-72.905
-73.217
-73.009
-72.996
-73.173
-73.482
-73.582
-73.882
-73.937
-73.885
-73.718
-73.792
-73.795
-74.247
-74.256
-74.615
-74.713
-74.435
-74.421
-74.148
-74.299
-74.484
-74.582
-74.372
-74.424
-74.648
-74.589
-74.402
-74.229
-74.421
-74.72
-74.615
-74.501
-74.907
-74.749
-75.031
-75.228
-75.482
-75.651
-75.681
-75.539
-75.356
-75.579
-75.779
-75.752
-75.732
-75.935
-76.081
-75.88
-75.953
-75.813
-76.067
-76.111
-76.149
-76.206
-76.437
-76.51
-76.378
-76.438
-76.252
-76.278
-76.428
-76.338
-76.183
-76.367
-76.365
-76.301
-76.439
-76.63
-76.87
-77.058
-77.173
-77.247
-77.39
-77.137
-77.217
-77.281
-77.377
-77.266
-77.283
-77.238
-77.255
-77.375
-77.611
-77.724
-77.447
-77.283
-77.153
-76.956
-77.144
-76.901
-76.701
-76.909
-77.187
-77.005
-76.938
-76.981
-77.361
-77.314
-77.243
-77.392
-77.448
-77.391
-77.07
-77.053
-76.915
-77.084
-76.81
-76.944
-77.02
-77.402
-77.269
-77.471
-77.578
-77.634
-77.938
-77.855
-77.64
-77.876
-78
-77.726
-77.721
-77.875
-77.844
-77.9
-77.875
-77.873
-77.933
-78.355
-78.172
-78.17
-78.195
-78.111
-77.942
-78.077
-78.547
-78.565
-78.584
-78.564
-78.463
-78.381
-78.404
-78.659
-78.818
-78.525
-78.489
-78.413
-78.749
-78.578
-78.654
-78.783
-78.911
-79.032
-78.859
-78.97
-78.986
-79.195
-79.249
-79.134
-79.098
-79.117
-78.952
-79.216
-79.023
-79.168
-78.919
-78.689
-78.72
-78.654
-78.866
-78.732
-78.62
-78.727
-78.753
-78.803
-78.63
-78.485
-78.773
-79.008
-79.322
-79.166
-79.418
-79.452
-79.282
-79.554
-79.527
-79.641
-79.639
-79.63
-79.813
-79.835
-79.784
-79.821
-79.731
-79.471
-79.562
-79.75
-79.769
-79.602
-79.481
-79.707
-79.73
-79.746
-80.123
-80.102
-79.995
-80.005
-80.251
-80.275
-80.077
-80.002
-80.273
-80.023
-80.025
-79.956
-79.735
-79.883
-80.085
-79.819
-79.805
-79.924
-79.918
-79.958
-80.062
-79.917
-79.53
-79.701
-79.501
-79.557
-79.683
-79.673
-79.828
-79.752
-79.774
-79.765
-79.843
-79.795
-79.748
-79.858
-79.864
-79.931
-79.817
-80.021
-79.904
-79.763
-79.731
-79.703
-79.704
-79.693
-79.495
-79.383
-79.389
-79.302
-79.202
-79.371
-79.374
-79.636
-79.493
-79.161
-79.198
-79.217
-78.932
-78.664
-78.815
-79.036
-79.043
-79.067
-79.228
-79.252
-79.153
-79.29
-79.403
-79.401
-79.38
-79.368
-79.152
-79.002
-79.084
-79.353
-79.4
-79.544
-79.4
-79.442
-79.262
-79.129
-79.089
-79.002
-79.164
-79.445
-79.636
-79.914
-79.769
-79.328
-79.206
-79.007
-78.953
-78.925
-78.756
-78.405
-78.089
-77.824
-77.419
-77.342
-76.925
-75.771
-74.234
-72.64
-70.79
-68.911
-67.254
-65.321
-63.709
-61.883
-60.295
-58.479
-56.454
-54.359
-51.606
-48.178
-45
-45
-45
-45
-45
-45
-45
-45
-45
-45
-45
-45
-45
-45
-45.231
-50.948
-55.947
-59.276
-61.826
-63.046
-63.685
-63.89
-63.537
-63.212
-63.197
-62.852
-62.274
-61.593
-61.133
-60.454
-59.781
-58.831
-57.375
-55.846
-54.125
-52.429
-50.634
-48.318
-45
-45
-45
-45
-45
-45
-45
-45
-45
-45
-45
-45
-45
-45
-48.453
-53.922
-58.059
-61.159
-63.118
-64.387
-65.25
-65.46
-65.198
-64.606
-63.85
-62.614
-61.317
-59.833
-58.225
-56.645
-55.031
-53.171
-51.68
-49.892
-47.856
-45
-45
-45
-45
-45
-45
-45
-45
-45
-45
-45
-45
-45
-45
-50.884
-56.423
-60.458
-63.32
-65.457
-66.635
-67.314
-67.954
-68.205
-68.23
-68.34
-67.965
-67.583
-67.287
-67.185
-66.936
-66.749
-66.385
-66.474
-66.421
-66.442
-66.337
-66.533
-66.433
-66.584
-66.37
-66.322
-66.145
-65.945
-65.32
-64.858
-64.571
-64.064
-63.687
-63.557
-63.577
-63.215
-62.925
-62.755
-62.632
-62.561
-62.338
-62.349
-62.379
-62.346
-62.175
-61.948
-61.668
-61.799
-61.876
-62.183
-62.313
-62.472
-62.193
-62.07
-62.061
-62.267
-62.345
-62.442
-62.341
-62.433
-62.921
-62.881
-62.912
-63.09
-62.907
-62.77
-62.662
-62.83
-63.16
-63.411
-63.816
-63.846
-64.044
-64.011
-64.062
-64.262
-64.349
-64.588
-64.624
-64.619
-64.898
-65.042
-64.947
-65.136
-64.964
-65.411
-65.558
-65.916
-66.075
-66.352
-66.753
-66.781
-67.045
-67.349
-67.388
-67.578
-67.58
-67.733
-67.867
-68.077
-68.138
-68.141
-68.126
-68.476
-68.533
-68.901
-69.159
-69.29
-69.658
-70.242
-70.558
-70.472
-70.546
-70.867
-70.629
-70.351
-70.211
-70.343
-70.741
-70.928
-70.832
-71.182
-71.157
-71.533
-71.455
-71.512
-71.375
-71.713
-71.839
-72.016
-72.02
-71.858
-71.969
-72.055
-72.234
-72.065
-72.029
-71.76
-71.543
-71.665
-71.814
-71.84
-71.945
-72.092
-72.458
-72.763
-72.846
-73.326
-73.541
-73.768
-73.516
-73.533
-73.499
-73.7
-73.831
-74.05
-73.993
-74.024
-74.308
-74.319
-74.603
-74.747
-74.744
-74.798
-74.915
-74.933
-75.032
-74.719
-74.799
-74.987
-75.036
-75.123
-75.128
-75.296
-75.312
-75.287
-75.397
-75.572
-75.895
-75.663
-75.732
-75.854
-75.793
-76.04
-76.029
-76.049
-76.173
-76.164
-76.225
-76.425
-76.868
-77.029
-76.999
-77.144
-77.335
-77.534
-77.469
-77.628
-77.684
-77.581
-77.422
-77.186
-77.315
-77.346
-77.486
-77.772
-77.953
-77.979
-78.059
-78.047
-78.055
-78.186
-78.238
-78.334
-78.385
-78.561
-78.493
-78.521
-78.758
-79.017
-79.105
-79.295
-79.341
-79.346
-79.26
-79.539
-79.475
-79.578
-79.635
-80.056
-80.072
-80.314
-80.473
-80.414
-80.419
-80.584
-80.697
-80.709
-80.997
-80.963
-80.857
-80.693
-80.724
-80.664
-80.819
-80.998
-81.04
-81.023
-81.2
-81.336
-81.628
-81.527
-81.545
-81.753
-81.879
-81.989
-82.096
-82.444
-82.421
-82.449
-82.458
-82.517
-82.64
-82.899
-83.298
-83.294
-83.53
-83.522
-83.377
-83.348
-83.256
-83.313
-83.154
-83.255
-83.306
-83.326
-83.312
-83.473
-83.352
-83.202
-83.416
-83.631
-83.74
-83.684
-83.523
-83.681
-83.843
-83.73
-83.705
-83.686
-83.817
-83.953
-84.049
-84.363
-84.374
-84.781
-84.717
-84.617
-84.491
-84.502
-84.543
-84.669
-84.58
-84.51
-84.645
-84.411
-84.662
-84.677
-84.863
-85.07
-85.056
-85.235
-85.215
-85.336
-84.987
-85.111
-84.979
-85.032
-85.07
-85.207
-85.316
-85.453
-85.307
-85.547
-85.376
-85.313
-85.197
-85.097
-85.204
-85.087
-85.24
-85.073
-84.747
-84.542
-84.377
-84.357
-84.431
-83.905
-84.146
-84.036
-83.846
-83.867
-83.578
-83.754
-83.617
-83.53
-83.683
-84.177
-84.035
-84.095
-84.185
-84.362
-84.496
-84.559
-84.618
-84.533
-84.995
-85.352
-85.427
-85.234
-85.348
-85.296
-84.92
-84.737
-84.708
-84.75
-84.935
-85.065
-84.748
-84.893
-85.11
-85.257
-85.342
-85.074
-85.216
-85.569
-85.82
-85.993
-85.884
-85.917
-85.823
-85.639
-85.719
-85.852
-85.583
-85.522
-85.547
-85.363
-85.653
-85.744
-86.136
-86.195
-86.126
-86.053
-86.15
-85.974
-85.907
-85.985
-86.191
-86.27
-86.623
-86.576
-86.515
-86.296
-86.192
-86.151
-86.075
-86.052
-86.324
-86.467
-86.575
-86.736
-86.583
-86.421
-86.381
-86.407
-86.521
-86.142
-86.156
-86.348
-86.561
-86.78
-86.614
-86.613
-86.555
-86.323
-86.331
-86.382
-86.346
-86.299
-86.137
-86.442
-86.496
-86.778
-86.679
-86.475
-86.322
-86.457
-86.498
-86.452
-86.436
-86.394
-86.507
-86.359
-86.164
-86.04
-86.536
-86.695
-86.467
-86.523
-86.638
-86.76
-86.797
-86.71
-86.675
-86.46
-86.645
-86.936
-87.134
-87.355
-87.202
-87.355
-87.304
-87.265
-87.127
-87.285
-87.306
-87.172
-87.245
-87.369
-87.334
-86.991
-87.169
-87.149
-87.206
-87.313
-87.623
-87.466
-87.572
-87.757
-87.746
-87.763
-88.195
-88.189
-88.16
-88.307
-88.298
-88.245
-88.443
