-75.396
-74.98
-74.849
-74.962
-75.03
-74.667
-74.371
-74.132
-74.092
-74.41
-74.141
-74.201
-73.94
-73.715
-73.577
-73.625
-73.38
-73.618
-73.626
-73.388
-73.341
-73.415
-73.53
-73.178
-73.249
-73.38
-73.556
-73.533
-73.759
-73.969
-73.872
-73.751
-73.832
-73.974
-74.098
-74.266
-74.446
-74.673
-74.629
-74.859
-74.776
-75.436
-75.528
-75.589
-75.751
-76.022
-76.172
-76.122
-76.257
-76.511
-76.492
-76.686
-76.843
-77.175
-77.446
-77.408
-77.377
-77.334
-77.545
-78.041
-78.117
-77.816
-77.759
-77.636
-77.719
-77.8
-77.845
-77.92
-78
-78.282
-78.649
-78.722
-78.771
-78.664
-78.634
-78.691
-78.806
-78.809
-78.967
-78.832
-78.797
-78.885
-78.815
-79.098
-79.038
-78.997
-79.085
-79.118
-79.241
-79.278
-79.132
-79.464
-79.365
-79.544
-79.609
-79.74
-79.728
-79.729
-79.95
-79.865
-79.855
-79.912
-79.481
-79.596
-79.403
-79.224
-79.3
-79.15
-79.059
-78.968
-78.729
-78.41
-78.532
-78.685
-78.631
-78.65
-78.797
-78.927
-79.007
-79.051
-79.235
-79.056
-78.829
-78.767
-78.804
-78.75
-78.661
-78.881
-78.908
-78.894
-78.771
-79.163
-79.125
-79.052
-78.827
-78.906
-79.009
-79.117
-79.289
-79.21
-79.43
-79.74
-79.638
-79.635
-79.817
-79.606
-79.721
-79.772
-79.588
-79.733
-79.865
-79.686
-79.804
-79.877
-79.9
-80.22
-80.077
-79.84
-79.747
-79.644
-79.716
-79.702
-79.838
-79.633
-79.419
-79.516
-79.573
-79.497
-79.569
-79.666
-79.591
-79.654
-79.871
-79.81
-79.644
-79.637
-79.41
-79.525
-79.413
-79.347
-79.423
-79.495
-79.472
-79.769
-80.014
-80.107
-79.973
-80.026
-79.892
-79.676
-79.479
-79.313
-79.098
-78.999
-79.141
-79.275
-79.336
-79.553
-79.798
-79.728
-79.97
-80.266
-80.233
-80.071
-80.027
-79.799
-79.808
-79.911
-79.67
-79.723
-80.097
-80.347
-80.338
-80.144
-80.047
-79.911
-79.791
-79.877
-79.932
-80.109
-80.143
-79.89
-80.025
-79.864
-79.636
-79.656
-79.548
-79.585
-79.422
-79.534
-79.287
-79.446
-79.457
-79.367
-79.258
-79.334
-79.33
-79.406
-79.59
-79.575
-79.426
-79.241
-79.404
-79.271
-79.125
-79.311
-79.077
-78.866
-78.567
-78.304
-77.953
-77.328
-76.818
-76.45
-75.842
-75.887
-75.553
-75.002
-74.653
-73.99
-73.831
-73.675
-73.474
-73.512
-73.064
-72.734
-72.785
-72.504
-72.647
-72.549
-72.42
-72.63
-72.281
-72.247
-72.474
-72.459
-72.55
-72.478
-72.407
-72.13
-72.274
-72.185
-72.185
-72.205
-72.301
-72.42
-72.478
-72.35
-72.344
-72.147
-72.122
-71.94
-71.609
-71.589
-71.58
-71.753
-71.974
-72.116
-72.158
-72.023
-71.877
-72.052
-71.839
-71.662
-71.789
-71.841
-71.588
-71.721
-71.783
-71.649
-71.624
-71.632
-71.723
-72.176
-72.169
-71.955
-72.155
-72.307
-72.445
-72.472
-72.393
-72.18
-72.337
-72.287
-72.428
-72.693
-72.937
-72.854
-72.695
-72.622
-72.335
-72.314
-72.164
-72.643
-72.77
-72.84
-72.815
-73.091
-73.1
-73.102
-73.013
-73.078
-73.147
-73.166
-73.173
-73.02
-73.006
-73.049
-73.114
-73.264
-73.221
-73.145
-73.506
-73.405
-73.647
-73.584
-73.459
-73.722
-74.014
-73.929
-74.193
-74.292
-74.177
-74.215
-74.364
-74.596
-74.54
-74.81
-74.979
-75.245
-75.518
-75.622
-75.615
-75.695
-75.853
-75.726
-75.972
-76.055
-75.933
-76.096
-76.302
-75.962
-75.751
-76.109
-75.982
-76.088
-76.009
-75.813
-75.997
-75.799
-76.079
-76.585
-77.147
-77.763
-78.148
-78.65
-79.041
-79.184
-79.376
-79.42
-79.578
-79.574
-79.535
-79.364
-79.14
-78.51
-77.795
-77.03
-76.37
-75.544
-75.187
-74.89
-74.471
-74.327
-74.197
-74.174
-74.368
-74.414
-74.677
-74.584
-74.516
-74.52
-74.518
-74.534
-74.66
-74.808
-74.916
-75.167
-75.297
-75.754
-76.185
-76.717
-77.199
-77.434
-77.555
-77.612
-77.736
-77.963
-77.977
-78.002
-78.119
-78.353
-78.226
-78.494
-78.58
-78.54
-78.491
-78.455
-78.508
-78.34
-78.403
-78.395
-78.253
-78.036
-77.899
-77.576
-77.402
-77.054
-76.77
-76.727
-76.689
-76.588
-76.605
-76.502
-76.677
-76.667
-76.5
-76.686
-76.163
-76.012
-75.764
-75.448
-75.407
-75.437
-75.49
-75.359
-75.038
-75.155
-74.948
-74.849
-74.794
-74.925
-74.727
-74.654
-75.057
-74.907
-74.933
-74.892
-74.982
-75.216
-75.15
-75.304
-75.185
-74.975
-74.9
-74.996
-75.251
-75.33
-75.282
-75.202
-75.387
-75.813
-76.101
-76.08
-76.497
-76.419
-76.293
-76.11
-76.155
-76.366
-76.562
-76.845
-77.09
-77.352
-77.493
-77.938
-77.957
-77.847
-77.905
-77.791
-77.68
-77.752
-77.51
-77.306
-77.187
-77.476
-77.441
-77.388
-77.316
-77.6
-77.584
-77.379
-77.507
-77.697
-77.433
-76.948
-76.468
-76.134
-75.952
-75.801
-75.938
-76.114
-76.14
-75.88
-75.959
-75.998
-76.115
-75.98
-76.129
-76.317
-76.571
-76.833
-77.128
-77.146
-77.116
-77.373
-77.4
-77.735
-77.521
-77.403
-77.49
-77.47
-77.612
-77.909
-78.116
-78.249
-78.262
-78.273
-78.348
-78.257
-78.362
-78.62
-78.559
-78.484
-78.436
-78.26
-78.286
-78.2
-78.519
-78.611
-78.438
-78.501
-78.24
-78.176
-78.504
-78.305
-78.269
-78.006
-77.961
-77.696
-77.281
-77.317
-77.392
-76.9
-76.732
-76.668
-76.674
-76.658
-76.847
-76.824
-77.283
-77.116
-77.335
-77.398
-77.232
-77.321
-77.37
-77.646
-77.725
-77.682
-77.758
-77.861
-77.879
-77.835
-77.945
-78.287
-78.18
-78.158
-78.223
-78.27
-78.593
-78.43
-78.454
-78.511
-78.62
-78.735
-78.741
-78.702
-78.994
-79.029
-79.347
-79.089
-78.975
-78.893
-78.949
-79.147
-79.186
-78.788
-78.698
-78.694
-79.101
-78.978
-79.259
-79.14
-79.106
-79.172
-79.497
-79.293
-79.697
-79.79
-79.945
-80.081
-80.301
-80.113
-80.301
-80.274
-80.131
-79.987
-80.02
-79.964
-79.887
-79.711
-79.743
-80.134
-80.107
-79.988
-80.023
-79.784
-79.547
-79.603
-79.795
-79.815
-79.792
-79.634
-79.555
-79.619
-79.625
-79.923
-80.133
-79.973
-79.823
-79.991
-79.78
-79.589
-79.89
-79.826
-79.898
-79.726
-79.655
-79.519
-79.57
-79.817
-79.988
-79.716
-79.655
-79.816
-79.847
-79.766
-79.815
-79.97
-79.994
-80.28
-80.205
-80.059
-79.995
-80.047
-80.188
-80.415
-80.341
-80.241
-80.167
-79.845
-79.633
-79.862
-79.696
-79.866
-79.995
-79.969
-80.022
-79.829
-79.519
-79.753
-79.604
-79.652
-79.845
-79.857
-79.935
-79.856
-79.844
-79.995
-80.159
-80.325
-80.365
-80.205
-80.081
-79.809
-79.53
-79.46
-79.41
-79.274
-79.15
-79.215
-79.455
-79.435
-79.403
-79.469
-79.392
-79.32
-79.224
-79.39
-79.499
-79.562
-79.708
-79.648
-79.443
-79.635
-79.733
-79.584
-79.714
-79.862
-80.041
-80.119
-80
-79.931
-79.886
-79.741
-79.517
-79.355
-79.425
-79.508
-79.634
-79.625
-79.813
-80.009
-80.285
-80.001
-79.918
-80.02
-79.885
-79.832
-79.842
-79.803
-79.74
-79.489
-79.192
-79.337
-79.441
-79.512
-79.596
-79.788
-80.059
-79.849
-79.617
-79.658
-79.844
-79.868
-79.687
-79.703
-79.582
-79.622
-79.662
-79.66
-79.673
-79.69
-79.797
-79.707
-79.942
-80.131
-80.24
-80.308
-80.407
-80.417
-80.463
-80.182
-80.242
-79.901
-80.001
-80.028
-80.013
-79.897
-79.87
-79.816
-79.878
-80.258
-80.29
-80.474
-80.49
-80.711
-80.656
-80.668
-80.801
-80.631
-80.373
-80.525
-80.178
-80.572
-80.678
-80.355
-80.338
-80.439
-80.243
-80.133
-80.048
-80.02
-80.348
-80.228
-80.052
-80.167
-79.985
-79.846
-79.999
-80.033
-79.92
-79.92
-80.084
-80.214
-80.2
-80.227
-80.248
-80.067
-79.9
-79.933
-79.809
-79.802
-79.469
-79.75
-79.692
-79.879
-79.577
-79.471
-79.595
-79.62
-79.592
-79.34
-79.36
-79.38
-79.363
-79.442
-79.246
-79.117
-79.166
-79.354
-79.346
-79.149
-79.194
-79.385
-79.38
-78.975
-78.886
-78.981
-79.083
-79.131
-79.143
-79.024
-78.983
-78.564
-78.574
-78.357
-78.249
-78.387
-78.44
-78.677
-78.572
-78.561
-78.917
-79.041
-79.08
-79.289
-79.294
-79.226
-79.354
-79.619
-79.805
-80.102
-79.885
-80.065
-80.12
-80.222
-80.174
-80.212
-80.26
-79.883
-80.083
-79.915
-80.235
-79.995
-79.893
-79.844
-79.836
-79.755
-79.749
-79.759
-79.673
-79.803
-80.01
-80.08
-79.87
-80.25
-79.978
-80.057
-80.074
-79.809
-79.693
-79.78
-79.896
-79.763
-79.787
-79.976
-80.043
-79.856
-79.639
-79.896
-79.966
-80.037
-80.104
-79.862
-80.179
-79.663
-79.661
-79.671
-79.748
-79.95
-79.941
-79.925
-79.823
-79.97
-79.821
-79.884
-79.842
-79.929
-79.704
-79.719
-79.724
-79.758
-79.985
-79.974
-79.952
-80.008
-80.193
-80.188
-80.254
-80.17
-80.469
-80.42
-80.185
-80.189
-80.12
-80.132
-80.009
-79.992
-80.064
-79.96
-79.934
-80.164
-80.026
-79.86
-79.875
-79.841
-79.824
-80.218
-80.165
