-79.986
-79.788
-79.886
-79.737
-79.85
-79.842
-79.664
-79.907
-79.869
-79.887
-79.831
-79.934
-79.892
-79.949
-79.705
-79.845
-79.95
-79.775
-79.966
-79.879
-80.124
-80.069
-79.981
-79.911
-79.888
-79.751
-79.581
-79.433
-79.513
-79.533
-79.396
-79.313
-79.625
-79.464
-79.544
-79.461
-79.723
-79.733
-79.753
-79.373
-79.349
-79.574
-79.69
-79.502
-79.61
-79.759
-79.61
-79.698
-79.791
-79.68
-79.74
-79.608
-79.686
-79.629
-79.629
-79.677
-79.695
-79.774
-79.435
-79.485
-79.672
-79.794
-79.803
-79.941
-79.95
-79.936
-79.947
-79.799
-80.004
-79.916
-79.925
-79.872
-79.766
-79.796
-79.718
-79.738
-80.021
-80.019
-79.796
-79.86
-79.626
-79.612
-80.062
-80.107
-79.911
-79.732
-79.844
-79.938
-80.024
-80.277
-80.266
-80.024
-79.95
-80.055
-79.941
-79.917
-79.937
-80.197
-80.245
-80.136
-80.168
-79.889
-79.973
-79.949
-79.86
-79.762
-79.795
-79.862
-79.951
-80.074
-80.177
-80.405
-80.357
-80.129
-79.997
-80.064
-80.038
-80.164
-80.016
-80.267
-79.993
-80.037
-79.998
-80.026
-79.934
-80.063
-80.242
-80.306
-80.48
-80.219
-80.024
-79.658
-79.644
-79.779
-79.862
-79.708
-79.699
-79.7
-79.612
-79.793
-79.686
-79.657
-79.849
-79.828
-80.033
-79.963
-80.056
-80.133
-80.041
-80.161
-79.854
-79.659
-79.409
-79.747
-79.973
-80.12
-80.365
-80.504
-80.345
-80.314
-80.117
-80.015
-80.002
-80.002
-79.96
-80.062
-80.058
-79.968
-80.118
-79.949
-79.888
-79.802
-79.523
-79.5
-79.755
-79.568
-79.921
-79.93
-79.708
-79.523
-79.747
-79.846
-80.05
-80.231
-80.082
-80.012
-79.924
-79.764
-80.018
-79.937
-80.045
-79.876
-79.852
-79.935
-80.036
-80.076
-79.953
-79.875
-79.891
-79.718
-79.914
-79.856
-79.776
-79.937
-79.934
-79.822
-80.03
-80.076
-79.952
-79.913
-79.848
-80.094
-80.274
-80.115
-79.972
-79.987
-79.756
-79.72
-79.958
-79.963
-79.871
-79.903
-80.109
-80.169
-80.304
-80.293
-80.185
-80.469
-80.444
-80.433
-80.379
-80.534
-80.452
-80.478
-80.373
-80.314
-80.354
-80.182
-80.14
-80.216
-80.16
-79.957
-79.989
-79.867
-79.888
-79.9
-79.928
-79.891
-79.559
-79.617
-79.85
-79.487
-79.573
-79.716
-79.988
-80.05
-79.989
-79.768
-79.557
-79.486
-79.672
-79.468
-79.386
-79.703
-79.609
-79.672
-79.952
-80.002
-79.835
-79.655
-79.573
-79.589
-79.589
-79.449
-79.34
-79.49
-79.347
-79.631
-79.777
-79.966
-79.918
-79.983
-79.868
-79.978
-80.052
-79.986
-79.795
-79.526
-79.552
-79.665
-79.529
-79.878
-79.839
-79.966
-79.982
-79.91
-79.744
-79.633
-79.62
-79.526
-79.456
-79.761
-79.704
-79.93
-80.318
-80.313
-80.121
-80.128
-80.11
-80.042
-80.172
-80.076
-79.676
-80.021
-80.048
-80.269
-80.17
-80.264
-80.394
-80.415
-80.453
-80.388
-80.129
-80.056
-80.143
-80.182
-80.088
-79.987
-79.845
-79.683
-79.692
-80.011
-80.005
-80.021
-80.286
-80.433
-80.3
-80.19
-80.395
-80.463
-80.277
-80.11
-80.127
-80.165
-80.24
-80.328
-80.148
-80.054
-80.142
-79.934
-79.93
-79.884
-80.061
-80.079
-79.897
-79.791
-80.025
-79.925
-79.85
-79.79
-80.177
-80.193
-80.154
-80.093
-79.802
-79.619
-79.678
-79.766
-79.395
-79.463
-79.694
-79.566
-79.577
-79.567
-79.777
-79.88
-79.846
-79.616
-79.541
-79.356
-79.213
-79.308
-79.573
-79.502
-79.67
-79.52
-79.429
-79.276
-79.247
-79.113
-79.344
-79.285
-79.52
-79.696
-79.504
-79.573
-79.282
-79.214
-79.163
-78.987
-78.989
-78.895
-78.736
-78.88
-78.014
-77.239
-76.098
-75.091
-73.695
-72.394
-71.208
-70.011
-68.952
-68.113
-66.79
-66.03
-65.298
-64.461
-63.422
-62.56
-62.195
-61.644
-60.935
-60.313
-59.915
-59.432
-59.05
-58.592
-57.879
-57.309
-56.968
-56.265
-55.814
-55.223
-54.644
-53.868
-53.33
-52.662
-52.04
-50.733
-49.152
-50.063
-53.55
-59.06
-64.689
-69.074
-72.187
-74.222
-75.523
-76.407
-77.181
-77.704
-78.187
-78.513
-78.286
-78.479
-78.287
-78.211
-77.744
-77.095
-76.486
-75.973
-75.302
-74.885
-74.4
-74.354
-74.109
-73.789
-73.61
-73.634
-73.766
-73.99
-75.023
-75.74
-76.247
-76.344
-76.724
-76.907
-77
-77.217
-77.584
-77.562
-77.999
-78.002
-78.075
-77.898
-77.719
-77.937
-77.928
-77.94
-78.102
-78.243
-78.19
-78.3
-78.422
-78.42
-78.615
-78.602
-78.701
-79.015
-78.922
-78.784
-78.756
-78.795
-79.006
-79.153
-79.122
-79.037
-79.206
-79.163
-79.214
-79.112
-78.835
-78.914
-79.088
-79.196
-79.3
-79.377
-79.256
-78.804
-78.649
-78.383
-78.51
-78.172
-77.96
-77.879
-77.559
-77.772
-77.79
-77.967
-78.114
-78.03
-78.211
-78.156
-78.573
-78.42
-78.412
-78.332
-78.345
-78.346
-78.118
-78.123
-77.848
-77.952
-77.925
-78.074
-78.382
-78.313
-78.502
-78.594
-78.7
-78.669
-78.88
-79.093
-78.798
-79.133
-79.059
-79.201
-79.248
-79.235
-78.995
-79.032
-79.329
-79.295
-79.134
-79.396
-79.155
-79.33
-79.189
-79.317
-79.676
-79.581
-79.694
-79.854
-79.874
-79.703
-80.035
-79.897
-79.795
-79.554
-79.39
-78.983
-78.99
-78.845
-78.707
-78.732
-78.847
-78.565
-78.646
-78.44
-78.35
-78.568
-78.606
-78.488
-78.212
-77.948
-78.122
-78.177
-78.273
-78.321
-78.507
-78.598
-78.58
-78.51
-78.462
-78.59
-78.469
-78.637
-78.498
-78.525
-78.377
-78.319
-78.307
-78.404
-78.351
-78.224
-78.463
-78.572
-78.862
-78.863
-78.647
-78.721
-78.777
-78.836
-78.737
-78.999
-79.078
-78.988
-79.125
-79.036
-79.227
-79.237
-79.263
-79.488
-79.588
-79.463
-79.545
-79.619
-79.668
-79.533
-79.582
-79.567
-79.512
-79.793
-79.762
-79.76
-79.627
-79.648
-79.449
-79.425
-79.533
-79.216
-79.371
-79.39
-79.534
-79.546
-79.711
-79.83
-79.835
-79.959
-80.034
-80.04
-80.108
-80.182
-80.08
-80.093
-79.807
-79.986
-80.183
-80.178
-80.288
-79.845
-79.72
-79.77
-79.73
-79.833
-79.873
-79.615
-79.741
-79.792
-79.898
-80.087
-80.01
-80.023
-79.945
-80.216
-80.117
-79.853
-79.753
-79.683
-79.649
-79.88
-79.987
-80.03
-80.018
-80.128
-79.837
-79.995
-79.902
-79.851
-80.011
-80.02
-79.89
-79.734
-79.805
-79.79
-79.924
-79.783
-79.929
-79.957
-80.143
-79.958
-79.697
-79.757
-79.824
-79.758
-79.805
-79.691
-79.447
-79.661
-79.733
-79.847
-79.73
-79.949
-79.936
-80.212
-80.094
-80.045
-80.216
-80.098
-80.048
-80.072
-80.281
-80.122
-80.018
-80.097
-79.864
-79.981
-80.172
-79.925
-80.148
-80.092
-80.248
-80.226
-80.155
-80.188
-79.836
-79.479
-79.616
-79.701
-79.606
-79.595
-79.933
-80.078
-79.83
-79.725
-79.878
-79.61
-79.59
-79.466
-79.607
-79.739
-79.795
-79.769
-79.825
-79.697
-79.878
-80.054
-79.971
-79.792
-79.765
-80.076
-80.129
-79.936
-80.096
-80.32
-80.662
-80.442
-80.257
-80.25
-80.296
-80.404
-80.381
-80.154
-80.225
-80.226
-80.198
-80.269
-79.95
-79.954
-79.984
-79.908
-79.837
-79.999
-80.251
-79.997
-79.734
-79.581
-79.397
-79.376
-79.491
-79.724
-79.881
-79.912
-80.134
-80.235
-80.254
-80.266
-80.463
-80.286
-80.15
-79.965
-79.805
-79.999
-79.654
-79.715
-79.816
-79.713
-79.664
-80.016
-79.843
-80.06
-80.275
-80.223
-80.179
-80.123
-80.254
-80.034
-80.212
-80.281
-80.428
-80.338
-80.218
-80.58
-80.366
-80.196
-79.911
-80.034
-79.937
-79.893
-79.813
-79.829
-79.882
-79.785
-79.509
-79.6
-79.652
-80.002
-79.945
-79.917
-79.964
-80.017
-79.987
-79.832
-79.447
-79.349
-79.417
-79.394
-79.56
-79.872
-80.129
-80.165
-80.499
-80.974
-81.008
-80.867
-80.752
-80.948
-81.155
-81.002
-80.561
-80.621
-80.601
-80.55
-80.672
-80.514
-80.677
-80.581
-80.425
-80.36
-80.126
-80.084
-79.95
-80.037
-79.876
-79.951
-79.888
-79.447
-79.391
-79.665
-79.507
-79.461
-79.566
-79.854
-80.198
-80.263
-80.057
-80.23
-80.261
-80.088
-80.203
-80.168
-80.045
-80.092
-79.818
-79.737
-79.692
-79.779
-79.965
-79.957
-79.791
-80.048
-79.826
-80.087
-80.174
-80.314
-80.011
-80.043
-79.792
-79.65
-79.639
-79.732
-79.853
-79.839
-80.072
-80.204
-80.072
-79.934
-80.002
-79.962
-79.972
-79.883
-79.766
-79.923
-79.923
-79.643
-79.345
-79.373
-79.295
-79.123
-79.115
-78.95
-78.959
-78.956
-78.79
-78.721
-78.42
-78.337
-78.141
-78.3
-78.324
-78.53
-78.728
-78.625
-78.699
-78.588
-78.631
-78.872
-78.748
-78.857
-78.859
-78.716
-78.689
-78.478
-78.519
-78.517
-78.771
-78.801
-78.891
-78.978
-78.693
-78.774
-78.826
-78.767
-78.655
-78.92
-78.766
-78.65
-78.816
-78.812
-78.78
-79.016
-79.054
-78.968
-78.572
-78.788
-78.757
-78.818
-78.834
-78.839
-78.747
-78.881
-78.816
-79.081
-79.136
-78.923
-78.905
-78.928
-78.816
-78.923
-78.847
