-76.534
-76.447
-76.453
-76.314
-76.238
-76.271
-76.527
-76.459
-76.76
-76.855
-77.059
-77.076
-76.941
-77.084
-77.36
-77.762
-77.735
-77.594
-77.659
-77.718
-77.925
-78.177
-78.313
-78.191
-78.163
-78.202
-78.404
-78.307
-78.282
-77.684
-77.32
-76.982
-77.032
-76.918
-76.874
-76.787
-76.708
-76.753
-76.885
-76.768
-76.961
-77.296
-77.581
-77.458
-77.433
-77.537
-77.677
-77.655
-77.7
-77.772
-77.845
-78.286
-78.295
-78.239
-78.325
-78.368
-78.594
-78.553
-78.663
-78.477
-78.633
-78.758
-78.849
-78.705
-78.999
-78.887
-78.858
-79.175
-79.032
-78.847
-78.746
-78.764
-78.491
-77.769
-77.282
-76.786
-76.532
-76.165
-75.822
-75.884
-75.913
-75.822
-75.807
-75.883
-75.928
-76.076
-76.234
-76.257
-76.274
-76.074
-76.257
-76.362
-76.7
-77.034
-77.027
-77.17
-77.015
-77.212
-77.454
-77.586
-77.711
-77.912
-77.838
-78.018
-78.271
-78.408
-78.648
-78.675
-78.874
-79.165
-78.851
-78.814
-78.875
-78.815
-79.033
-79.339
-79.303
-79.509
-79.319
-79.528
-79.348
-79.252
-79.377
-79.356
-79.27
-79.14
-79.367
-79.434
-79.63
-79.587
-79.296
-79.577
-79.518
-79.648
-79.579
-79.418
-79.425
-79.338
-79.363
-79.417
-79.362
-79.389
-79.414
-79.482
-79.407
-78.793
-78.131
-77.316
-76.752
-76.256
-75.789
-75.496
-75.244
-75.062
-75.197
-75.219
-75.061
-75.265
-75.279
-75.554
-75.505
-75.774
-75.877
-76.042
-76.302
-76.257
-76.214
-76.26
-76.459
-76.937
-77.06
-77.333
-77.307
-77.364
-77.348
-77.457
-77.809
-78.019
-78.04
-77.942
-77.701
-77.718
-77.779
-77.737
-77.764
-78.054
-78.101
-77.992
-78.093
-78.009
-78.112
-78.249
-78.432
-78.514
-78.387
-78.663
-78.761
-78.732
-78.929
-79.058
-78.962
-78.915
-79.03
-79.075
-78.968
-78.814
-78.998
-79
-78.831
-78.887
-79.042
-79.291
-79.244
-79.474
-79.49
-79.623
-79.468
-79.398
-79.305
-78.497
-77.879
-76.163
-75.162
-74.231
-73.575
-72.958
-72.153
-71.877
-71.207
-70.946
-70.601
-70.584
-70.935
-70.791
-70.968
-71.056
-71.302
-71.265
-71.51
-72.01
-72.145
-71.904
-71.737
-71.433
-71.181
-70.856
-70.886
-70.741
-70.526
-70.649
-70.638
-70.667
-70.643
-70.862
-71.037
-71.186
-71.583
-71.816
-71.767
-71.966
-71.954
-72.152
-72.12
-71.601
-70.893
-70.055
-69.153
-68.458
-67.881
-67.369
-66.833
-66.373
-65.878
-65.884
-65.762
-65.904
-66.098
-66.221
-66.366
-66.498
-66.867
-67.088
-67.255
-67.242
-67.404
-67.689
-67.957
-67.781
-67.833
-67.766
-67.754
-67.417
-67.114
-66.487
-65.742
-65.129
-64.605
-64.247
-63.896
-63.704
-63.67
-63.441
-63.412
-63.566
-63.986
-64.373
-64.529
-64.578
-64.745
-65.119
-65.452
-65.7
-65.845
-66.247
-66.725
-66.721
-67.021
-67.368
-67.815
-67.994
-68.092
-68.067
-68.41
-68.58
-68.582
-68.768
-69.006
-69.214
-69.506
-69.713
-69.745
-69.967
-70.175
-70.187
-70.632
-70.336
-69.79
-69.065
-67.879
-66.825
-65.826
-64.858
-63.853
-62.985
-62.5
-61.687
-61.187
-60.572
-60.174
-59.822
-59.774
-59.579
-59.493
-59.575
-59.341
-59.027
-58.784
-58.577
-58.285
-58.036
-57.514
-57.455
-57.257
-57.49
-57.336
-57.419
-57.217
-56.995
-57.023
-57.168
-57.258
-57.513
-57.56
-58.085
-58.196
-58.277
-58.539
-58.918
-58.986
-58.962
-59.36
-59.71
-59.997
-60.468
-60.678
-60.93
-60.972
-60.984
-60.807
-60.361
-59.567
-58.299
-56.486
-54.426
-52.34
-50.233
-48.344
-46.585
-45
-45
-45
-45
-45
-45
-45
-45
-45
-45
-45
-45
-45
-45
-45
-45
-45
-45
-45
-45
-47.018
-48.858
-49.645
-49.772
-49.34
-48.785
-48.023
-47.54
-46.806
-46.301
-45.375
-45
-45
-45
-45
-45
-45
-45
-45
-45
-45
-45
-45
-45
-45
-45
-45
-45
-45
-45
-45
-45
-45
-45
-45.052
-45.701
-45.178
-45
-45
-45
-48.374
-52.868
-56.888
-59.974
-62.093
-63.483
-64.796
-65.573
-66.049
-66.777
-67.422
-67.756
-68.051
-68.775
-70.355
-71.883
-72.831
-73.256
-73.157
-73.105
-72.72
-71.973
-71.894
-71.62
-71.464
-71.625
-71.877
-72.097
-72.054
-72.143
-72.34
-72.684
-73.003
-73.328
-73.501
-73.518
-73.685
-73.722
-74.165
-74.27
-74.6
-74.821
-75.128
-75.41
-75.325
-75.38
-75.176
-75.57
-75.611
-75.358
-75.352
-75.061
-75.009
-74.925
-75.193
-75.304
-75.476
-75.467
-75.748
-75.802
-76.006
-76.339
-76.928
-76.812
-77.041
-77.311
-77.593
-77.511
-77.557
-77.25
-76.945
-77.029
-76.88
-76.989
-76.717
-76.662
-76.913
-77.084
-77.409
-77.371
-77.297
-77.477
-77.486
-77.667
-77.67
-77.644
-77.638
-77.945
-78.172
-78.198
-78.5
-78.505
-78.674
-78.745
-78.775
-78.826
-78.717
-78.751
-78.805
-79.268
-79.043
-78.715
-78.366
-78.21
-77.826
-77.888
-77.748
-77.749
-77.707
-77.602
-77.652
-77.709
-77.757
-78.021
-78.09
-78.214
-78.512
-78.461
-78.337
-78.357
-78.627
-78.514
-78.672
-78.567
-78.608
-78.85
-78.718
-78.547
-78.538
-78.606
-78.7
-78.708
-78.893
-78.905
-78.766
-78.549
-78.07
-77.8
-77.553
-77.607
-77.598
-77.966
-78.057
-78.263
-78.286
-78.55
-78.833
-78.726
-78.58
-78.703
-78.938
-78.977
-78.958
-79.039
-79.138
-79.273
-79.281
-79.021
-79.058
-79.101
-79.306
-79.292
-79.217
-78.996
-78.936
-78.947
-79.081
-79.325
-79.405
-79.349
-79.19
-79.449
-79.441
-79.348
-79.401
-79.49
-79.515
-79.547
-79.659
-79.577
-79.452
-79.596
-79.665
-79.78
-79.621
-79.727
-79.754
-79.612
-79.593
-79.563
-79.533
-79.674
-79.458
-79.306
-79.5
-79.565
-79.581
-79.487
-79.413
-79.856
-79.837
-79.945
-80.069
-80.206
-80.083
-79.769
-79.519
-79.615
-79.812
-79.894
-79.904
-79.46
-78.947
-78.5
-78.31
-77.972
-77.673
-77.654
-77.664
-77.587
-77.562
-77.395
-77.487
-77.3
-77.425
-77.502
-77.401
-77.452
-77.637
-77.635
-78.143
-78.227
-78.11
-78.322
-78.094
-78.292
-77.959
-78.026
-78.342
-78.488
-78.557
-78.861
-78.643
-78.803
-78.791
-78.801
-78.854
-78.679
-78.524
-78.693
-78.715
-78.647
-78.674
-78.73
-78.804
-78.868
-78.902
-78.882
-78.97
-78.818
-78.821
-78.996
-79.003
-78.993
-79.143
-79.232
-79.263
-79.628
-79.627
-79.57
-79.624
-79.814
-79.73
-79.685
-79.581
-79.543
-79.611
-79.63
-79.762
-79.723
-79.495
-79.56
-79.739
-79.683
-79.56
-79.643
-79.823
-79.658
-79.474
-79.432
-79.423
-79.642
-79.609
-79.598
-79.722
-79.758
-79.628
-79.496
-79.605
-79.611
-79.706
-79.819
-79.758
-79.406
-79.176
-79.222
-78.961
-78.837
-78.705
-78.151
-77.03
-75.94
-74.656
-73.465
-72.407
-71.221
-70.688
-69.897
-69.152
-68.668
-68.197
-68.07
-67.799
-67.768
-67.858
-68.025
-67.97
-68.103
-68.114
-68.202
-68.405
-68.971
-69.33
-69.619
-69.761
-69.927
-70.076
-70.412
-70.999
-71.194
-71.492
-71.511
-71.774
-71.853
-72.058
-72.61
-72.96
-73.316
-73.362
-73.566
-73.76
-73.828
-73.841
-74.042
-73.749
-73.712
-73.823
-73.929
-74.061
-74.052
-74.089
-74.572
-74.912
-74.961
-75.12
-75.263
-75.642
-75.714
-75.708
-75.65
-75.828
-76.147
-76.451
-76.623
-76.54
-76.818
-76.922
-76.662
-76.581
-76.678
-76.761
-76.706
-76.872
-76.94
-77.068
-77.101
-77.141
-77.42
-77.733
-77.775
-77.689
-77.825
-77.874
-78.023
-78.202
-78.284
-78.32
-78.249
-78.126
-78.369
-78.27
-78.168
-77.934
-78.152
-77.939
-77.898
-77.833
-78.105
-78.195
-78.343
-78.298
-78.209
-77.939
-78.213
-78.289
-78.127
-78.221
-78.261
-78.415
-78.301
-78.498
-78.577
-78.826
-78.732
-78.564
-78.421
-78.314
-78.46
-78.475
-78.69
-78.543
-78.812
-78.567
-78.654
-78.527
-78.555
-78.319
-78.577
-78.461
-78.42
-78.611
-78.478
-77.983
-76.653
-75.34
-73.641
-71.79
-70.284
-68.698
-67.559
-66.287
-65.098
-63.942
-62.898
-61.873
-61.044
-60.492
-59.674
-59.377
-59.208
-58.722
-58.428
-58.128
-58.076
-57.838
-57.911
-57.691
-57.556
-57.551
-57.528
-57.412
-57.559
-57.556
-57.484
-57.451
-57.684
-58.056
-58.291
-58.269
-58.358
-58.672
-59.033
-59.375
-59.425
-59.646
-59.906
-59.929
-60.04
-60.168
-60.383
-60.684
-60.804
-61.123
-61.53
-62.015
-62.419
-62.597
-63.005
-63.106
-63.354
-63.675
-63.9
-64.199
-64.45
-64.824
-65.132
-65.233
-65.315
-65.35
-65.588
-65.813
-65.872
-66.065
-65.882
-66.139
-66.396
-66.586
-66.599
-66.596
-66.76
-67.011
-67.588
-67.84
-68.011
-68.237
-68.679
-68.872
-69.011
-69.255
-69.8
-70.156
-70.302
-70.598
-70.799
-71.189
-71.211
-71.406
-71.379
-71.752
-71.963
-72.066
-72.123
-72.154
