-55.42
-54.947
-55.071
-54.686
-54.309
-54.166
-53.743
-53.055
-52.218
-51.296
-49.527
-46.482
-45
-45
-45
-45
-45
-45
-45
-45
-45
-45
-45
-45
-45
-45.245
-52.517
-58.762
-63.581
-67.112
-69.439
-70.979
-71.891
-72.875
-73.338
-73.762
-74.028
-74.071
-74.305
-74.6
-74.835
-74.915
-74.961
-74.834
-75.066
-75.04
-75.213
-75.435
-75.852
-76.182
-76.149
-76.16
-76.239
-76.342
-76.475
-76.639
-77.016
-77.145
-77.208
-77.455
-77.596
-77.569
-77.595
-77.751
-78.127
-78.236
-78.356
-78.074
-78.012
-78.007
-78.126
-78.515
-78.958
-79.345
-79.667
-79.813
-80.015
-80.374
-80.682
-80.671
-80.742
-80.776
-80.813
-80.874
-80.924
-80.794
-80.763
-80.846
-80.989
-81.169
-81.494
-81.729
-81.846
-81.732
-81.792
-81.787
-81.854
-82.103
-82.195
-82.382
-82.198
-82.606
-82.647
-82.941
-82.988
-83.226
-83.202
-83.374
-83.309
-83.251
-83.116
-83.148
-83.16
-83.416
-83.469
-83.418
-83.549
-83.643
-83.512
-83.838
-83.633
-83.645
-83.635
-83.845
-83.759
-83.747
-83.648
-83.609
-83.508
-83.338
-83.306
-83.347
-83.167
-83.024
-82.768
-83.068
-83.18
-83.215
-83.33
-83.052
-82.94
-83.034
-83.22
-83.068
-83.122
-83.039
-82.987
-83.359
-83.822
-83.674
-83.45
-83.592
-83.64
-83.726
-83.494
-83.639
-83.876
-83.953
-84.087
-83.956
-83.845
-83.892
-84.155
-84.382
-83.963
-84.441
-84.421
-84.471
-84.609
-84.798
-84.761
-84.965
-84.826
-85.264
-85.079
-85.276
-85.188
-85.257
-85.272
-85.613
-85.573
-85.67
-85.387
-85.476
-85.207
-85.316
-85.241
-85.287
-85.136
-85.158
-85.091
-84.803
-84.99
-85.172
-85.104
-85.15
-85.327
-85.347
-85.628
-85.716
-86.102
-86.13
-86.125
-85.746
-85.566
-85.689
-85.578
-85.308
-85.356
-85.414
-85.386
-85.395
-85.525
-85.675
-85.632
-85.615
-85.452
-85.228
-85.509
-85.537
-85.435
-85.229
-85.346
-85.211
-85.36
-85.208
-84.8
-84.702
-84.913
-84.969
-84.958
-85.095
-85.131
-84.869
-84.869
-84.632
-84.479
-84.332
-84.511
-84.209
-84.031
-84.07
-84.014
-83.839
-84.057
-83.91
-83.772
-83.57
-83.293
-83.017
-82.836
-82.611
-82.061
-81.77
-81.555
-81.023
-80.884
-80.802
-80.36
-80.258
-80.168
-80.006
-79.941
-79.756
-79.538
-79.222
-79.139
-78.961
-78.969
-78.975
-78.633
-78.522
-78.465
-78.868
-78.934
-79.017
-78.667
-78.817
-78.863
-78.655
-78.64
-78.402
-78.186
-78.047
-77.858
-77.964
-77.771
-77.748
-77.802
-77.381
-77.525
-77.951
-77.877
-77.605
-77.681
-77.74
-78.071
-77.918
-77.795
-77.965
-77.861
-78.075
-78.195
-78.236
-78.273
-78.309
-78.109
-77.791
-77.389
-77.031
-76.67
-76.18
-75.698
-75.619
-75.595
-75.249
-74.712
-74.504
-74.056
-73.953
-73.904
-73.939
-73.845
-73.699
-73.4
-73.34
-73.443
-73.166
-72.839
-72.52
-72.353
-72.513
-72.475
-72.355
-72.272
-72.402
-72.604
-72.827
-72.757
-72.548
-72.587
-72.506
-72.561
-72.656
-72.158
-72.212
-72.292
-72.416
-72.404
-72.657
-72.805
-72.479
-72.296
-72.691
-72.586
-72.652
-72.617
-72.685
-72.788
-72.864
-72.817
-72.784
-73.105
-73.313
-73.156
-72.863
-72.526
-72.339
-72.061
-71.796
-71.585
-71.27
-71.236
-71.054
-70.718
-70.443
-70.254
-69.751
-69.745
-69.625
-69.466
-69.355
-69.211
-68.924
-68.897
-68.795
-69.079
-68.802
-68.776
-68.67
-68.875
-69.196
-69.376
-69.466
-69.475
-69.151
-69.262
-69.62
-69.338
-69.523
-69.544
-69.253
-68.918
-68.804
-68.308
-67.994
-67.759
-67.451
-67.081
-66.59
-66.479
-65.939
-65.393
-65.25
-65.039
-65.209
-65.077
-64.827
-64.837
-64.46
-64.133
-63.9
-63.478
-63.005
-62.525
-62.163
-62.091
-61.289
-60.857
-60.226
-59.513
-58.42
-57.714
-56.862
-56.068
-55.197
-54.431
-53.447
-52.509
-50.912
-48.453
-45
-45
-45
-45
-45
-45
-45
-45
-45
-45
-45
-45
-45
-45
-46.779
-53.317
-58.717
-62.38
-64.657
-66.528
-67.077
-67.181
-67.058
-67.099
-66.797
-66.586
-66.219
-65.721
-65.281
-65.065
-64.697
-64.706
-64.447
-63.819
-63.45
-62.614
-62.157
-61.853
-61.294
-60.6
-59.849
-59.025
-58.097
-57.271
-56.675
-55.974
-55.325
-54.686
-54.133
-53.168
-52.366
-51.092
-49.371
-46.762
-45
-45
-45
-45
-45
-45
-45
-45
-45
-45
-45
-45
-45
-45.925
-52.537
-58.666
-63.153
-66.122
-68.353
-69.944
-71.084
-71.658
-71.959
-72.293
-72.157
-71.853
-71.606
-71.558
-70.834
-70.651
-70.675
-70.403
-70.298
-70
-69.946
-69.909
-69.77
-69.901
-69.679
-69.381
-69.031
-68.396
-67.797
-67.27
-66.499
-66.073
-65.673
-65.214
-64.782
-64.537
-64.039
-63.705
-63.572
-63.012
-62.612
-62.232
-61.888
-61.614
-61.263
-61.099
-61.311
-61.049
-61.131
-60.781
-60.897
-60.633
-60.541
-60.566
-60.856
-61.172
-61.157
-61.183
-61.005
-61.249
-61.473
-61.42
-61.855
-61.995
-61.872
-62.056
-62.628
-62.466
-62.753
-62.778
-62.879
-62.953
-63.051
-62.824
-62.6
-62.394
-62.349
-62.236
-62.059
-61.626
-61.527
-61.196
-61.304
-61.733
-61.335
-61.356
-61.12
-60.979
-60.64
-60.703
-60.681
-60.659
-60.646
-60.488
-60.573
-60.871
-60.948
-60.945
-60.682
-61.006
-61.117
-61.122
-61.333
-61.336
-61.464
-61.499
-61.686
-62.146
-61.953
-62.254
-62.531
-62.631
-62.457
-62.83
-62.989
-63.182
-63.147
-63.096
-63.016
-63.451
-63.506
-63.5
-63.772
-63.921
-64.191
-64.443
-64.389
-64.552
-64.725
-64.733
-64.999
-65.268
-65.26
-65.746
-66.191
-66.585
-66.574
-66.532
-66.649
-66.602
-66.601
-66.831
-67.116
-67.594
-67.955
-67.813
-68.033
-68.124
-68.258
-68.73
-68.741
-68.844
-69.013
-69.3
-69.545
-69.598
-69.856
-70.161
-70.143
-70.323
-70.743
-70.889
-70.931
-71.376
-71.656
-71.802
-72.348
-72.735
-72.912
-73.2
-73.303
-73.722
-73.658
-73.711
-73.932
-73.821
-74.107
-74.209
-74.397
-74.65
-74.827
-74.889
-75.231
-75.599
-75.685
-75.805
-75.721
-76.067
-76.445
-76.395
-76.613
-76.531
-76.809
-76.886
-76.962
-77.287
-77.353
-77.489
-77.89
-77.839
-77.818
-78.057
-78.142
-78.356
-78.711
-79.177
-79.393
-79.501
-79.659
-79.855
-79.81
-80.066
-80.078
-79.966
-80.423
-79.975
-79.886
-80.018
-79.972
-80.198
-80.451
-80.187
-79.926
-79.575
-79.835
-79.812
-79.924
-80.22
-80.356
-80.729
-80.636
-80.472
-80.609
-80.979
-81.074
-81.072
-81.246
-81.275
-81.238
-81.302
-81.221
-81.605
-81.962
-82.005
-81.944
-82.047
-82.096
-82.094
-82.126
-82.191
-82.07
-81.955
-81.94
-82.258
-82.259
-82.381
-82.521
-82.78
-82.869
-82.984
-83.148
-83.384
-83.332
-83.141
-83.507
-83.881
-83.929
-84.198
-84.361
-84.363
-84.342
-84.436
-84.481
-84.764
-84.693
-84.684
-85.151
-84.994
-85.382
-85.202
-85.224
-85.203
-85.38
-85.431
-85.479
-85.665
-85.766
-85.938
-85.803
-85.603
-85.727
-85.769
-85.755
-85.734
-86.135
-86.208
-86.514
-86.274
-86.336
-86.505
-86.372
-86.3
-86.273
-86.441
-86.709
-86.688
-86.628
-87.031
-86.896
-87.076
-87.031
-87.148
-87.442
-87.39
-87.404
-87.234
-87.206
-87.237
-87.161
-87.261
-87.287
-87.544
-87.717
-87.74
-87.866
-87.924
-87.635
-87.715
-87.778
-88.076
-88.148
-88.09
-88.209
-88.234
-88.451
-88.318
-88.414
-88.709
-88.384
-88.147
-88.021
-88.096
-88.182
-87.759
-87.638
-87.445
-87.648
-87.774
-88.016
-88.028
-88.034
-87.966
-87.984
-87.892
-87.746
-87.62
-87.652
-87.497
-87.543
-87.43
-87.648
-87.582
-87.586
-87.732
-87.756
-87.877
-87.934
-87.893
-88.114
-87.986
-88.012
-87.99
-88.363
-88.648
-88.548
-88.545
-88.754
-89.018
-89.161
-89.199
-89.258
-89.133
-89.251
-89.308
-89.52
-89.292
-89.327
-89.488
-89.63
-89.711
-89.834
-89.906
-89.888
-89.534
-89.443
-89.506
-89.451
-89.434
-89.554
-89.732
-89.805
-89.976
-89.978
-89.814
-89.775
-89.649
-89.672
-89.806
-89.819
-89.693
-89.656
-89.426
-89.479
-89.844
-89.924
-89.654
-89.347
-89.418
-89.554
-89.452
-89.568
-89.443
-89.247
-89.232
-89.455
-89.137
-89.185
-89.26
-89.271
-89.511
-89.66
-89.671
-89.676
-89.658
-89.466
-89.491
-89.853
-89.986
-90.089
-90.012
-90.569
-90.612
-90.805
-90.513
-90.454
-90.524
-90.434
-90.235
-90.359
-90.365
-90.548
-90.608
-90.442
-90.181
-90.508
-90.588
-90.697
-90.721
-90.498
-90.476
-90.499
-90.301
-90.292
-90.417
-90.538
-90.764
-90.937
-91.28
-91.213
-91.195
-91.007
-90.869
-90.589
-90.501
-90.56
-90.741
-90.76
-90.849
-90.813
-90.801
-90.903
-90.725
-90.6
-90.563
-90.839
-90.546
-90.485
-90.23
-90.141
-90.104
-89.969
-90.032
