-79.814
-79.818
-79.885
-79.732
-79.658
-79.656
-79.742
-79.818
-79.785
-79.721
-79.699
-79.958
-79.908
-79.876
-79.7
-79.714
-79.834
-79.682
-79.509
-79.663
-79.723
-79.667
-79.584
-79.851
-79.873
-79.713
-79.724
-79.94
-79.648
-79.636
-79.838
-79.392
-78.917
-78.797
-78.483
-78.359
-78.146
-77.776
-77.672
-77.44
-77.481
-77.652
-77.413
-77.166
-77.163
-77.022
-77.049
-77.043
-77.235
-77.346
-77.384
-77.116
-77.177
-77.621
-77.558
-77.845
-77.864
-77.922
-78.119
-78.201
-78.384
-78.415
-78.516
-78.515
-78.638
-78.644
-78.742
-78.724
-78.884
-79.078
-79.108
-78.801
-78.938
-79.214
-79.29
-79.087
-78.942
-79.006
-79.284
-79.682
-79.826
-79.941
-79.82
-79.592
-79.426
-79.03
-78.493
-78.24
-77.689
-76.88
-76.493
-76.138
-75.735
-75.512
-75.077
-75.002
-74.619
-74.25
-73.907
-73.668
-73.602
-73.725
-73.666
-73.378
-73.295
-73.034
-72.976
-73
-73.017
-73.078
-72.961
-72.682
-72.845
-73.161
-73.423
-73.235
-73.529
-73.595
-73.955
-74.075
-74.293
-74.644
-74.84
-74.75
-74.761
-74.712
-74.688
-74.872
-75.058
-75.462
-75.311
-75.154
-75.17
-75.276
-75.375
-75.404
-75.557
-75.564
-75.648
-75.518
-75.626
-76.229
-76.142
-76.201
-76.285
-76.373
-76.435
-76.546
-76.405
-75.809
-75.91
-75.804
-75.286
-75.044
-74.927
-74.941
-74.719
-74.811
-74.715
-74.58
-74.535
-74.43
-74.5
-74.525
-74.406
-74.323
-74.348
-74.032
-74.139
-74.107
-74.075
-74.18
-74.569
-74.485
-74.683
-74.448
-74.673
-74.772
-74.791
-74.844
-75.046
-75.055
-75.226
-75.091
-74.823
-74.74
-74.753
-74.825
-75.106
-75.247
-75.265
-75.349
-75.523
-75.474
-75.526
-75.941
-76.001
-76.052
-75.765
-75.614
-75.422
-75.133
-74.854
-74.617
-74.456
-73.964
-73.667
-73.459
-73.154
-72.891
-72.743
-72.602
-72.679
-72.617
-72.748
-72.967
-72.97
-72.671
-72.96
-72.537
-72.331
-72.246
-72.315
-72.142
-72.202
-72.073
-72.087
-72.148
-71.906
-72.016
-71.919
-72.13
-72.129
-71.939
-72.099
-71.926
-71.945
-72.045
-72
-72.187
-72.094
-72.037
-72.078
-72.022
-72.115
-72.313
-72.302
-72.158
-72.16
-72.322
-71.936
-71.69
-71.254
-71.292
-70.8
-70.681
-70.448
-70.2
-70.22
-69.974
-69.687
-69.668
-69.842
-69.744
-69.675
-69.694
-69.702
-69.802
-69.513
-69.524
-69.391
-69.55
-69.571
-69.46
-69.39
-69.497
-69.641
-69.404
-69.238
-69.294
-69.414
-69.481
-69.612
-69.879
-69.94
-70.045
-69.813
-69.841
-69.381
-69.309
-69.42
-69.053
-68.716
-69.038
-69.182
-69.434
-69.423
-69.437
-69.286
-69.459
-69.515
-69.408
-69.403
-69.409
-69.522
-69.793
-69.588
-69.426
-69.068
-69.391
-69.436
-69.323
-69.561
-69.494
-69.561
-69.662
-69.755
-69.697
-69.833
-70.187
-70.184
-70.315
-70.305
-70.312
-70.391
-70.534
-70.541
-70.698
-70.806
-70.637
-71.056
-71.251
-71.556
-71.628
-71.634
-71.438
-71.492
-71.403
-71.671
-71.772
-71.674
-71.578
-71.504
-71.664
-71.857
-72.217
-72.381
-72.705
-73.001
-72.883
-72.914
-73.112
-72.929
-72.739
-72.739
-73.052
-73.202
-73.102
-73.612
-73.666
-73.788
-73.775
-74.008
-73.833
-73.942
-73.911
-73.777
-73.537
-73.461
-73.337
-73.538
-73.288
-73.378
-73.366
-73.292
-73.556
-73.757
-73.695
-73.706
-73.69
-73.763
-73.735
-73.873
-73.848
-74.112
-74.012
-74.106
-74.354
-74.45
-74.574
-74.653
-74.677
-74.596
-74.229
-74.246
-74.305
-74.364
-74.529
-74.519
-74.62
-74.483
-74.214
-74.45
-75.193
-75.816
-75.946
-76.014
-75.916
-75.917
-75.808
-75.956
-76.008
-75.886
-75.964
-76.248
-75.818
-75.297
-74.575
-74.248
-73.907
-73.335
-73.127
-72.724
-72.489
-72.127
-72.074
-72.191
-72.29
-72.237
-72.988
-74.06
-75.019
-75.669
-76.012
-76.263
-76.441
-76.779
-76.631
-76.79
-76.836
-77.209
-77.41
-77.442
-77.518
-77.589
-77.523
-77.793
-77.915
-77.722
-77.869
-77.85
-77.887
-78.207
-78.149
-78.262
-78.265
-78.512
-77.99
-77.476
-77.494
-77.228
-76.877
-76.519
-76.452
-76.256
-76.079
-75.686
-75.371
-75.309
-75.248
-75.144
-74.999
-74.779
-75.004
-75.162
-75.328
-75.236
-75.346
-75.239
-75.227
-75.473
-75.796
-75.948
-76.071
-76.172
-76.136
-76.584
-76.663
-76.717
-76.727
-76.978
-77.357
-77.359
-77.268
-77.354
-77.572
-77.375
-77.687
-77.886
-78.084
-78.189
-78.04
-78.03
-78.257
-78.023
-77.987
-78.244
-78.485
-78.459
-78.772
-79.155
-79.075
-78.921
-79.013
-78.911
-78.764
-78.654
-78.534
-78.404
-78.654
-78.355
-78.326
-78.328
-78.134
-78.107
-78.232
-78.381
-78.36
-78.516
-78.54
-78.579
-78.481
-78.298
-78.224
-78.365
-78.518
-78.462
-78.419
-78.336
-77.719
-77.172
-76.798
-76.652
-76.421
-76.287
-75.958
-75.548
-75.156
-75.365
-75.384
-75.523
-75.915
-75.945
-76.042
-76.178
-76.299
-76.53
-76.784
-76.946
-76.912
-77.082
-77.109
-77.194
-77.019
-77.064
-76.64
-76.535
-76.239
-76.164
-76.026
-76.146
-76.464
-76.532
-76.474
-76.529
-76.537
-76.768
-76.684
-77.01
-77.091
-77.249
-77.434
-77.628
-77.799
-77.87
-77.817
-78.022
-77.949
-78.007
-78.16
-77.943
-78.263
-78.551
-78.711
-78.792
-78.972
-78.912
-78.883
-79.128
-79.119
-79.492
-79.577
-79.48
-79.602
-79.203
-79.237
-79.254
-79.551
-79.579
-79.703
-79.956
-79.783
-79.715
-79.467
-79.128
-79.017
-78.863
-79.016
-78.619
-78.329
-78.569
-78.851
-78.728
-78.777
-78.637
-78.667
-78.843
-78.751
-78.807
-79.048
-78.903
-79.034
-79.085
-79.057
-79.176
-79.213
-79.512
-79.297
-79.34
-79.299
-79.33
-79.323
-79.405
-79.338
-79.334
-79.37
-79.458
-79.533
-79.662
-79.579
-79.652
-79.533
-79.329
-79.367
-79.427
-79.645
-79.78
-79.24
-79.069
-78.917
-78.982
-78.846
-78.83
-78.615
-78.262
-78.113
-78.245
-78.498
-78.574
-78.596
-78.585
-78.519
-78.475
-78.659
-78.825
-78.989
-79.039
-79.054
-79.201
-79.32
-79.251
-79.071
-79.072
-79.21
-79.16
-79.128
-79.132
-79.148
-79.052
-79.073
-79.182
-79.136
-79.178
-79.087
-79.028
-78.973
-78.966
-78.927
-78.799
-78.615
-77.876
-76.877
-75.984
-75.375
-74.861
-73.967
-73.239
-72.81
-72.384
-72.123
-72.065
-71.749
-71.905
-71.943
-71.89
-72.143
-72.127
-72.262
-72.318
-72.413
-72.808
-72.986
-73.082
-73.257
-73.345
-73.472
-73.607
-73.618
-73.922
-74.415
-74.748
-74.793
-74.76
-75.052
-75.112
-75.08
-75.506
-75.721
-75.908
-76.102
-76.149
-76.222
-76.489
-76.605
-76.643
-76.881
-76.923
-76.97
-77.126
-77.169
-77.087
-77.192
-77.114
-77.26
-77.607
-77.744
-77.841
-77.865
-78.049
-78.169
-78.196
-77.903
-77.932
-78.028
-77.996
-77.968
-77.999
-78.1
-78.104
-78.255
-78.169
-78.227
-78.261
-78.52
-78.51
-78.51
-78.758
-78.783
-78.862
-78.973
-79.37
-79.426
-79.421
-79.326
-79.318
-79.31
-79.388
-79.757
-79.72
-79.829
-80.008
-80.03
-79.893
-79.682
-79.843
-79.91
-79.935
-79.817
-79.888
-79.716
-79.709
-79.785
-79.825
-80.032
-79.944
-80.003
-80.294
-80.346
-80.577
-80.788
-80.421
-80.358
-80.269
-80.303
-80.326
-80.343
-80.515
-80.475
-80.269
-80.215
-80.115
-80.432
-80.304
-80.113
-79.97
-80.02
-80.172
-79.977
-79.798
-79.904
-79.936
-80.12
-79.801
-79.969
-80.109
-80.169
-80.064
-79.946
-80.121
-80.123
-79.961
-79.937
-80.014
-79.945
-80.089
-79.962
-80.074
-80.313
-80.308
-80.294
-80.477
-80.56
-80.571
-80.634
-80.427
-80.371
-80.356
-80.221
-79.949
-80.104
-80.127
-80.152
-80.453
-80.202
-80.493
-80.77
-80.76
-80.667
-80.614
-80.51
-80.525
-80.353
-80.551
-80.864
-81.252
-81.04
-81.224
-81.225
-81.155
-81.226
-81.322
-81.477
-81.764
-81.954
-81.905
-82.1
-82.124
-82.21
-81.985
-81.899
-81.834
-81.846
-82.048
-81.833
-81.853
-81.983
-81.679
-81.558
-81.683
-81.602
-81.703
-81.535
-81.46
-81.583
-81.636
-81.815
-81.707
-81.797
-81.735
-81.783
-82.013
-82.051
-82.227
-82.289
-82.095
-82.174
-82.374
-82.146
-82.052
-82.102
-81.906
-81.869
-82.11
-82.044
-82.05
-81.967
-82.019
-82.152
-82.24
-82.42
-82.718
-82.531
-82.268
-81.676
-81.103
-80.794
-80.675
-80.751
-80.535
-80.294
-80.245
-80.266
-80.074
-79.905
-79.994
-79.687
-79.779
-79.827
-79.863
-79.678
-79.76
-79.82
-79.636
-79.733
-79.611
-79.692
-79.89
-79.901
-80.079
-80.12
-79.998
-79.671
-79.758
-79.71
-79.738
-79.914
-79.778
-79.618
-79.447
-79.54
-79.551
-79.56
-79.712
-79.802
-79.843
-80.001
-79.936
-79.817
-79.735
-79.653
-79.82
-80.127
-80.326
-79.929
-80.087
-79.961
-80.11
-80.046
-80.226
-80.356
-80.441
-80.497
-80.245
-80.248
-80.331
-80.042
-80.315
-80.31
-80.267
-80.195
-80.232
