-69.167
-68.534
-68.047
-67.857
-68.147
-69.585
-71.745
-73.647
-74.79
-76.082
-76.513
-76.916
-77.42
-77.623
-77.897
-78.018
-78.082
-78.185
-78.057
-78.065
-77.528
-76.838
-76.291
-76.002
-75.624
-75.421
-75.222
-75.377
-75.446
-75.48
-75.569
-75.623
-75.602
-75.644
-75.666
-75.691
-75.896
-75.96
-76.176
-76.143
-76.25
-76.645
-76.76
-76.827
-76.863
-77.206
-77.081
-77.179
-77.305
-77.492
-77.618
-77.751
-77.575
-77.121
-76.335
-76.156
-75.76
-75.218
-75.096
-74.856
-74.8
-74.736
-74.71
-74.634
-74.495
-74.397
-74.356
-74.294
-74.103
-74.163
-74.599
-74.498
-74.664
-74.849
-74.838
-75.042
-75.265
-75.223
-75.521
-75.762
-75.923
-76.057
-76.134
-76.248
-76.067
-76.138
-76.413
-76.499
-76.877
-77.023
-76.992
-77.063
-76.951
-76.865
-77.026
-76.745
-76.011
-75.343
-74.747
-74.323
-73.787
-73.401
-73.08
-72.374
-71.962
-71.965
-72.031
-71.914
-71.986
-72.278
-72.204
-72.251
-72.494
-72.613
-72.779
-72.922
-73.438
-73.696
-73.897
-73.958
-74.095
-74.262
-74.322
-74.963
-74.985
-74.82
-74.925
-75.148
-75.316
-75.408
-75.671
-76.016
-76.47
-76.634
-76.675
-76.772
-77.017
-76.8
-76.613
-76.834
-76.942
-77.198
-77.608
-77.671
-77.688
-77.682
-77.665
-77.751
-77.919
-78.359
-78.423
-78.529
-78.462
-78.345
-78.302
-78.127
-78.024
-78.148
-78.037
-78.299
-78.316
-78.321
-77.848
-76.953
-76.119
-75.171
-74.168
-73.492
-72.56
-71.699
-71.167
-70.761
-70.062
-69.623
-69.329
-69.029
-69.085
-68.861
-68.835
-68.763
-68.729
-68.691
-68.829
-69.074
-69.342
-69.449
-69.55
-69.732
-69.962
-70.047
-70.436
-70.475
-70.269
-70.487
-70.471
-71.114
-71.142
-71.399
-71.438
-71.617
-72.135
-72.237
-72.419
-72.688
-72.895
-72.94
-73.312
-73.496
-73.688
-73.788
-73.964
-74.352
-74.447
-74.589
-74.769
-75.214
-75.016
-74.828
-74.661
-74.777
-74.707
-74.134
-73.262
-72.335
-71.333
-70.347
-69.426
-68.64
-67.746
-67.009
-66.259
-65.715
-65.492
-65.202
-64.957
-64.799
-64.813
-64.555
-64.633
-64.532
-64.454
-64.046
-64.016
-64.102
-64.052
-64.04
-64.365
-64.304
-64.4
-64.755
-64.881
-65.139
-65.356
-65.434
-65.452
-65.649
-66.122
-66.374
-66.749
-66.774
-67.227
-67.492
-67.463
-67.574
-67.968
-67.982
-68.024
-68.039
-68.59
-68.675
-68.916
-68.934
-69.328
-69.29
-69.851
-70.106
-70.226
-70.259
-70.552
-70.636
-71.163
-71.188
-71.56
-71.919
-71.971
-72.162
-72.321
-72.42
-72.457
-72.472
-72.876
-72.995
-73.199
-73.227
-73.197
-73.42
-73.839
-73.854
-73.87
-73.969
-74.136
-74.138
-74.363
-74.531
-74.613
-74.747
-74.758
-74.76
-74.814
-74.893
-75.058
-74.986
-75.263
-75.157
-75.492
-75.683
-75.891
-76.09
-75.957
-75.941
-75.884
-75.877
-75.867
-76.138
-76.14
-76.116
-76.212
-76.077
-75.886
-75.936
-76.112
-76.448
-76.788
-76.718
-76.975
-76.922
-76.969
-76.881
-76.858
-77.241
-76.904
-76.824
-77.165
-77.174
-76.978
-77.041
-77.085
-76.994
-76.851
-76.819
-76.816
-76.609
-77.15
-77.351
-77.339
-77.37
-77.207
-77.544
-77.653
-77.943
-78.138
-78.149
-78.239
-78.562
-78.472
-78.083
-77.93
-77.946
-77.708
-77.704
-77.769
-78.005
-78.181
-78.203
-78.086
-77.776
-77.607
-77.51
-77.551
-77.48
-77.337
-77.335
-77.544
-77.685
-77.237
-76.966
-75.85
-74.619
-73.291
-72.096
-70.928
-69.537
-68.003
-66.565
-65.21
-63.772
-62.645
-61.604
-60.702
-59.576
-58.874
-57.813
-56.464
-54.59
-52.398
-49.796
-45.815
-45
-45
-45
-45
-45
-45
-45
-45
-45
-45
-45
-45
-45
-45
-49.833
-55.141
-58.768
-61.242
-62.652
-63.244
-63.556
-63.351
-62.743
-62.021
-61.53
-60.805
-60.03
-59.677
-59.263
-58.543
-57.908
-57.312
-56.781
-55.96
-55.452
-54.524
-53.998
-52.98
-52.275
-51.115
-49.668
-47.81
-45
-45
-45
-45
-45
-45
-45
-45
-45
-45
-45
-45
-45
-45
-49.624
-54.902
-58.542
-59.961
-59.752
-59.251
-57.918
-56.134
-54.191
-52.345
-50.554
-48.464
-45.719
-45
-45
-45
-45
-45
-45
-45
-45
-45
-45
-45
-45
-53.625
-62.813
-68.578
-71.867
-73.643
-74.377
-74.865
-74.594
-74.877
-74.672
-74.864
-74.877
-75.105
-75.009
-75.027
-75.061
-74.842
-74.76
-74.973
-74.853
-75.015
-75.169
-75.383
-75.498
-75.792
-75.837
-75.572
-75.708
-75.524
-75.488
-75.235
-75.18
-75.121
-74.941
-74.814
-74.558
-74.523
-74.69
-74.65
-74.974
-74.877
-74.978
-75.293
-75.458
-75.508
-75.989
-75.992
-75.997
-75.951
-75.663
-75.61
-75.32
-74.99
-74.731
-74.558
-74.173
-74.177
-74.548
-74.633
-74.59
-74.504
-74.725
-74.914
-75.109
-75.302
-75.4
-75.562
-75.648
-75.948
-76.163
-75.93
-75.951
-76.089
-76.365
-76.583
-76.783
-76.922
-77.14
-77.326
-77.556
-77.813
-77.706
-77.775
-77.789
-77.876
-78.282
-78.443
-78.539
-78.761
-78.714
-78.258
-78.09
-77.886
-77.659
-77.257
-76.992
-76.749
-76.349
-76.489
-76.285
-76.329
-76.453
-76.564
-76.639
-76.757
-76.637
-76.533
-76.782
-76.893
-77.152
-77.019
-77.13
-77.129
-77.318
-77.193
-77.207
-77.223
-77.32
-77.375
-77.459
-77.52
-77.55
-77.565
-77.647
-77.632
-77.54
-77.675
-77.711
-77.934
-78.077
-78.129
-78.163
-78.087
-78.193
-78.304
-78.588
-78.491
-78.773
-78.704
-78.511
-78.932
-78.879
-79.014
-79.182
-79.276
-79.386
-79.242
-79.147
-79.082
-79.045
-79.088
-79.363
-79.16
-79.005
-78.823
-79.044
-79.201
-79.48
-79.799
-79.653
-79.459
-79.637
-79.65
-79.589
-79.843
-79.977
-79.829
-79.83
-79.796
-79.833
-79.681
-79.465
-79.356
-79.325
-79.259
-79.678
-79.515
-79.627
-79.846
-79.696
-79.936
-80.049
-79.977
-80.41
-80.423
-80.36
-80.336
-80.343
-80.475
-80.639
-80.677
-80.719
-80.434
-80.179
-80.305
-80.206
-80.268
-80.027
-80.191
-80.443
-80.526
-80.411
-80.546
-80.396
-80.65
-80.516
-80.356
-80.4
-80.431
-80.519
-80.577
-80.617
-80.557
-80.841
-80.798
-80.859
-81.214
-80.997
-81.25
-81.388
-81.084
-81.176
-80.765
-80.601
-80.681
-80.831
-80.618
-80.9
-81.015
-81.329
-81.195
-81.365
-81.006
-81.145
-80.894
-80.765
-80.805
-80.695
-80.939
-81.082
-80.961
-80.948
-80.909
-80.737
-80.998
-80.988
-80.864
-80.873
-80.934
-80.766
-80.649
-80.614
-80.51
-80.412
-80.415
-80.315
-80.227
-80.016
-80.228
-80.28
-80.346
-80.603
-80.453
-80.678
-80.388
-79.409
-78.094
-76.665
-75.216
-73.974
-72.826
-71.754
-70.926
-69.971
-69.224
-68.665
-68.096
-67.637
-67.074
-67.072
-67.035
-66.909
-66.918
-66.977
-67.076
-67.228
-67.103
-67.151
-67.02
-67.209
-67.272
-67.478
-67.558
-67.857
-67.956
-68.161
-68.619
-68.644
-68.926
-69.451
-69.656
-69.705
-69.995
-70.075
-70.229
-70.46
-70.208
-70.59
-71.193
-71.348
-71.634
-72.093
-72.289
-72.457
-72.741
-72.813
-72.883
-73.037
-73.315
-73.19
-73.425
-73.57
-73.958
-73.905
-74.214
-74.364
-74.696
-74.953
-74.84
-75.026
-75.261
-75.394
-75.308
-75.452
-75.661
-76.03
-76.109
-76.532
-77.011
-76.917
-77.164
-77.414
-77.84
-78.017
-78.239
-78.464
-78.749
-78.87
-78.831
-78.716
-78.799
-79.099
-79.18
-79.326
-79.645
-79.813
-79.958
-80.155
-80.378
-80.316
-80.364
-80.163
-80.344
-80.409
-80.685
-80.919
-80.565
-80.599
-80.445
-80.438
-80.318
-80.637
-80.473
-80.589
-80.636
-80.805
-80.832
-80.918
-81.152
-80.95
-81.143
-81.241
-81.127
-81.247
-81.171
-81.355
-81.309
-80.896
-81.135
-81.157
-81.232
-81.276
-81.297
-81.271
-81.405
-81.541
-81.743
-81.987
-82.126
-81.984
-82.112
-82.351
-82.364
-82.491
-82.693
-82.736
-82.829
-82.729
-82.479
-82.62
-82.718
-82.465
-82.396
-82.286
-82.273
-82.517
-82.616
-83.099
-82.857
-82.964
-83.084
-83.197
-83.205
-82.868
-82.511
-82.534
-82.532
-82.583
-82.992
-83.169
-83.122
-83.28
-83.453
-83.238
-83.126
-83.108
-83.15
-83.421
-83.294
-83.455
-83.329
-83.226
-83.484
-83.432
-83.538
-83.368
-83.179
-83.302
-83.396
-83.446
-83.452
-83.369
-83.42
-83.58
-83.537
-83.605
-83.615
-83.593
-83.79
-83.72
-83.725
-83.618
-83.934
-83.753
-83.981
-84.072
-84.263
-84.242
-84.153
-83.896
-83.727
-83.746
-83.516
-83.429
-83.722
-83.727
-83.703
-83.727
-83.863
-83.72
-84
-84.084
-84.171
-84.309
-84.56
-84.426
-84.585
-84.742
-84.809
-84.668
-84.803
-84.849
-84.852
-84.688
-84.964
-84.994
-84.819
-84.814
-84.847
-84.683
-84.642
-84.795
-85.163
-85.321
-85.278
-85.192
-85.177
-85.223
-85.081
-85.126
-84.941
-84.977
-84.954
