-64.613
-64.872
-65.144
-65.284
-64.945
-64.831
-65.049
-64.68
-64.388
-64.308
-64.116
-64.178
-64.125
-63.954
-63.841
-63.955
-64.3
-64.257
-64.571
-64.802
-64.68
-64.576
-64.831
-65.01
-64.959
-64.965
-64.937
-64.953
-65.196
-65.54
-65.444
-65.024
-64.96
-64.46
-64.477
-64.197
-63.975
-63.926
-63.785
-63.677
-63.587
-63.214
-63.113
-63.168
-63.221
-62.905
-62.817
-62.899
-63.115
-63.037
-63.197
-63.24
-63.243
-63.456
-63.38
-63.402
-63.55
-63.557
-63.642
-63.652
-63.692
-63.768
-64.032
-64.21
-64.133
-64.112
-64.007
-64.196
-64.286
-64.315
-64.548
-64.67
-64.715
-64.755
-64.988
-65.059
-65.167
-65.332
-65.503
-65.607
-65.854
-65.928
-65.819
-65.577
-65.771
-65.621
-65.487
-65.227
-65.048
-64.847
-64.833
-64.876
-64.752
-64.661
-64.592
-64.414
-64.198
-63.866
-63.827
-63.737
-63.718
-63.593
-63.127
-63.236
-63.067
-63.035
-62.868
-62.868
-62.794
-62.646
-62.771
-62.517
-62.576
-62.766
-62.689
-62.73
-62.857
-62.413
-62.482
-62.446
-62.582
-62.499
-62.42
-62.314
-62.196
-62.008
-62.033
-62.196
-62.274
-62.323
-62.333
-62.526
-62.708
-62.992
-63.143
-63.135
-63.103
-63.079
-63.149
-62.867
-62.631
-62.479
-62.644
-62.887
-63.13
-63.28
-63.122
-63.317
-63.25
-63.326
-63.296
-63.239
-62.991
-62.675
-62.443
-62.276
-61.977
-61.826
-61.803
-61.739
-61.759
-61.978
-61.528
-61.536
-61.548
-61.304
-61.19
-61.377
-61.207
-61.25
-61.313
-61.549
-61.607
-61.807
-61.881
-62.106
-61.995
-61.975
-61.967
-61.729
-61.725
-61.597
-61.833
-61.839
-61.785
-61.797
-61.924
-61.969
-62.155
-62.227
-61.934
-61.778
-61.94
-61.984
-62.136
-62.156
-62.084
-61.949
-61.488
-61.286
-61.221
-60.75
-60.535
-60.301
-59.656
-59.494
-59.28
-58.841
-58.745
-58.772
-59.006
-58.871
-58.641
-58.451
-58.082
-58.031
-58.112
-57.988
-58.006
-57.911
-57.788
-57.677
-57.888
-57.611
-57.45
-57.406
-57.106
-56.888
-56.491
-56.245
-56.141
-56.005
-55.547
-55.436
-55.21
-55.127
-54.962
-54.815
-54.448
-53.809
-53.035
-52.067
-50.77
-48.571
-45
-45
-45
-45
-45
-45
-45
-45
-45
-45
-45
-45
-45
-45
-47.467
-54.173
-59.876
-64.04
-66.657
-68.622
-69.886
-70.95
-71.785
-72.393
-72.352
-72.77
-73.09
-73.197
-73.403
-73.41
-73.528
-73.48
-73.533
-73.381
-73.164
-73.097
-73.298
-73.199
-73.498
-73.637
-73.709
-73.678
-73.915
-73.92
-73.76
-73.783
-73.692
-73.674
-73.735
-73.812
-73.816
-73.507
-73.738
-74.125
-74.241
-74.609
-74.704
-74.796
-74.702
-74.771
-74.963
-74.979
-75.332
-75.343
-75.835
-75.812
-76.05
-76.46
-76.52
-76.684
-76.65
-76.581
-76.816
-76.984
-76.806
-76.712
-76.88
-76.871
-76.843
-77.079
-77.699
-77.914
-77.969
-78.226
-78.223
-78.206
-77.977
-77.839
-77.8
-78.004
-77.995
-78.051
-78.187
-78.196
-78.307
-78.225
-78.007
-78.158
-78.438
-78.705
-78.808
-78.69
-78.73
-78.674
-78.987
-79.007
-79.02
-79.037
-78.923
-79.102
-79.116
-79.173
-79.155
-79.124
-79.493
-79.681
-79.761
-79.925
-80.091
-80.04
-80.297
-80.704
-80.777
-80.853
-80.904
-80.945
-81.093
-81.242
-81.425
-81.269
-81.084
-81.128
-81.034
-81.327
-81.584
-81.652
-81.656
-82.087
-82.17
-82.264
-82.389
-82.806
-82.648
-82.884
-82.826
-82.764
-82.727
-82.687
-82.78
-82.634
-82.225
-81.622
-80.398
-78.88
-77.228
-75.762
-74.4
-73.208
-71.848
-70.606
-69.53
-68.366
-67.194
-66.405
-65.304
-64.292
-63.419
-62.667
-62.013
-61.128
-60.324
-59.368
-58.703
-58.14
-57.408
-56.206
-55.326
-54.43
-53.543
-52.493
-51.052
-48.634
-45
-45
-45
-45
-45
-45
-45
-45
-45
-45
-45
-45
-45
-45
-46.738
-53.314
-59.066
-63.227
-65.644
-67.147
-68.181
-68.942
-69.29
-69.41
-69.287
-69.204
-68.719
-68.438
-67.662
-67.025
-66.612
-65.902
-65.564
-64.87
-64.021
-63.161
-62.66
-62.185
-61.728
-61.263
-60.544
-59.941
-59.372
-58.643
-58.251
-57.581
-56.386
-55.039
-53.57
-52.085
-50.093
-46.857
-45
-45
-45
-45
-45
-45
-45
-45
-45
-45
-45
-45
-45
-45
-51.034
-56.497
-60.533
-63.166
-64.889
-66.089
-67.13
-67.404
-67.55
-67.623
-67.623
-67.47
-67.068
-66.603
-66.335
-65.642
-65.004
-64.341
-63.401
-62.813
-62.253
-61.62
-60.774
-60.482
-60.121
-59.559
-59.059
-58.539
-58.2
-57.615
-56.836
-56.163
-55.186
-54.596
-53.688
-52.639
-51.483
-50.001
-47.417
-45
-45
-45
-45
-45
-45
-45
-45
-45
-45
-45
-45
-45
-45
-51.147
-57.278
-62.027
-65.464
-67.615
-69.003
-70.129
-70.923
-71.349
-71.608
-71.718
-71.772
-72.071
-71.968
-72.287
-72.249
-72.159
-71.768
-71.377
-71.276
-70.839
-70.344
-69.78
-69.324
-68.691
-68.195
-67.689
-67.207
-67.012
-66.743
-66.387
-66.347
-65.955
-65.852
-65.531
-65.067
-64.286
-63.992
-63.768
-63.578
-63.094
-62.783
-62.4
-62.146
-61.98
-61.836
-61.434
-61.286
-61.015
-60.681
-60.377
-60.343
-60.415
-60.484
-60.615
-60.672
-60.704
-60.684
-60.619
-60.787
-60.239
-60.301
-60.216
-60.144
-60.001
-60.202
-60.055
-59.717
-59.874
-59.782
-59.795
-59.991
-59.634
-59.372
-59.398
-59.282
-59.3
-59.424
-59.137
-59.224
-59.561
-59.617
-59.692
-59.867
-59.822
-60.052
-60.272
-60.597
-60.48
-60.412
-60.625
-60.802
-60.86
-60.889
-60.887
-61.156
-61.275
-61.432
-61.747
-62.213
-62.304
-62.455
-62.563
-62.76
-62.968
-63.316
-63.536
-63.757
-63.807
-63.963
-64.267
-64.201
-64.344
-64.489
-64.953
-65.577
-65.863
-66.288
-66.691
-66.837
-67.262
-67.319
-67.361
-67.416
-67.224
-67.053
-67.061
-66.58
-66.008
-65.38
-64.843
-64.448
-64.349
-63.995
-63.903
-63.664
-63.565
-63.646
-63.378
-63.72
-63.505
-63.291
-63.225
-63
-62.964
-63.207
-63.12
-63.221
-63.219
-63.28
-63.358
-63.115
-63.247
-63.476
-63.653
-63.707
-64.011
-63.982
-64.055
-63.958
-64.066
-64.309
-64.273
-64.361
-64.58
-64.694
-64.746
-64.823
-64.887
-65.02
-65.346
-65.447
-65.531
-65.891
-66.194
-66.58
-67.14
-67.334
-67.422
-67.856
-68.13
-68.135
-68.352
-68.569
-68.862
-69.238
-69.256
-69.673
-69.818
-69.734
-69.726
-69.704
-69.578
-69.938
-70.216
-70.415
-70.78
-70.922
-70.895
-71.035
-71.23
-71.52
-71.824
-71.822
-71.876
-71.801
-71.872
-71.826
-71.849
-71.864
-72.132
-72.222
-72.476
-72.706
-72.639
-72.633
-73.046
-73.287
-73.255
-73.503
-73.553
-73.827
-74.07
-73.962
-74.324
-74.452
-74.47
-74.673
-74.809
-74.995
-75.229
-75.329
-75.257
-75.427
-75.58
-75.893
-76.189
-76.26
-76.588
-76.757
-76.784
-77.009
-77.052
-77.15
-77.441
-77.276
-77.342
-77.381
-77.333
-77.52
-77.756
-77.709
-77.938
-77.662
-77.921
-78.023
-77.9
-78.309
-78.629
-78.597
-78.977
-79.314
-79.597
-79.86
-80.055
-80.34
-80.973
-81.076
-81.038
-81.23
-81.375
-81.345
-81.528
-81.748
-81.765
-81.952
-81.849
-81.926
-82.027
-82.191
-82.141
-82.492
-82.701
-82.527
-82.736
-82.756
-82.765
-83.009
-83.121
-83.211
-83.354
-83.169
-83.369
-83.223
-83.262
-83.343
-83.569
-83.594
-83.593
-83.411
-83.695
-83.812
-83.808
-83.701
-84.106
-84.281
-84.68
-84.904
-84.857
-84.699
-84.987
-85.024
-85.082
-85.5
-85.387
-85.522
-85.454
-85.427
-85.445
-85.508
-86.005
-85.958
-85.704
-85.532
-85.793
-85.808
-86.055
-86.075
-85.988
-86.293
-86.389
-86.515
-86.733
-86.881
-86.861
-87.017
-87.161
-87.037
-87.052
-87.296
-87.417
-87.414
-87.218
-87.489
-87.376
-87.617
-87.598
-87.51
-87.809
-87.94
-87.997
-87.848
-87.966
-87.851
-87.913
-88.12
-88.082
-87.974
-87.869
-88.004
-88.254
-88.207
-88.222
-88.246
-88.284
-88.396
-88.201
-88.03
-88.021
-87.852
-87.63
-87.756
-87.951
-88.001
-87.864
-88.041
-88.236
-88.487
-88.723
-89.075
-89.144
-89.124
-89.267
-89.233
-89.205
-89.104
-89.21
-89.459
-89.583
-89.784
-90.056
-89.976
-90.445
-90.494
-90.695
-90.52
-90.707
-91.028
-90.814
-91.006
-91.143
-91.264
-91.54
-91.054
-91.011
-90.685
-90.962
-90.849
-90.909
-90.876
-91.202
-91.635
-91.616
-91.689
-91.801
-91.642
-91.642
-91.496
-91.788
-92.066
-92.129
-92.11
-91.913
-91.896
-91.701
-91.907
-91.936
-92.007
-92.05
-91.812
-91.479
-91.314
-91.342
-91.094
-90.891
-90.731
-90.732
-90.611
-90.576
-90.507
-90.473
-90.809
-90.9
-90.945
-90.738
-90.713
-90.762
-90.924
-91.036
-91.38
-91.405
-91.764
-91.977
-92.028
-91.757
-91.896
