-76.293
-76.288
-76.546
-76.493
-76.578
-76.428
-76.59
-76.541
-76.637
-76.71
-76.81
-76.926
-77.12
-76.887
-76.956
-76.774
-76.722
-76.856
-76.815
-77.088
-77.151
-77.29
-77.375
-77.379
-77.471
-77.255
-77.289
-77.391
-77.285
-77.232
-77.152
-76.973
-77.035
-76.925
-76.771
-76.923
-76.924
-76.718
-76.679
-76.438
-76.625
-76.764
-76.844
-76.904
-76.908
-76.844
-77.049
-77.076
-76.688
-76.732
-76.66
-76.799
-76.461
-75.949
-75.602
-75.342
-74.945
-74.511
-74.343
-74.093
-73.822
-73.606
-73.381
-73.117
-72.825
-72.863
-73.288
-74.53
-75.975
-76.966
-77.81
-78.481
-78.687
-78.947
-79.225
-79.169
-79.171
-79.528
-79.528
-79.458
-79.621
-79.863
-79.912
-79.909
-79.922
-79.962
-79.942
-80.082
-79.882
-79.837
-79.821
-79.823
-79.863
-79.959
-79.917
-79.697
-79.925
-80.074
-80.122
-80.256
-80.204
-80.242
-80.167
-80.169
-80.255
-80.093
-80.094
-80.006
-79.954
-80.021
-79.852
-79.723
-79.798
-79.668
-79.267
-79.348
-79.377
-79.321
-79.049
-78.869
-78.946
-79.203
-78.901
-78.885
-78.854
-78.92
-78.997
-79.07
-79.245
-79.28
-79.428
-79.609
-79.347
-79.394
-79.309
-79.255
-79.25
-79.021
-79.293
-79.146
-79.157
-79.124
-79.147
-79.182
-79.297
-79.39
-79.383
-79.401
-79.546
-79.796
-79.669
-79.534
-79.542
-79.444
-79.479
-79.421
-79.357
-79.459
-79.242
-79.321
-79.52
-79.544
-79.657
-79.559
-79.397
-79.413
-79.825
-80.108
-80.186
-80.141
-80.001
-79.717
-79.869
-79.856
-79.892
-79.8
-79.86
-79.889
-80.067
-79.99
-79.917
-79.854
-79.929
-79.921
-79.879
-80.112
-79.896
-79.902
-79.801
-79.523
-79.628
-79.67
-79.529
-79.585
-79.653
-79.631
-79.997
-79.634
-79.477
-79.453
-79.527
-79.258
-79.083
-79.084
-78.948
-78.948
-78.624
-78.65
-78.427
-78.211
-78.339
-78.235
-78.231
-78.486
-78.668
-78.663
-78.379
-78.246
-78.163
-78.077
-77.994
-78.376
-78.449
-77.878
-77.669
-77.384
-77.074
-77.003
-76.233
-76.022
-75.846
-75.692
-75.627
-75.751
-75.838
-75.821
-75.932
-76.236
-76.368
-76.473
-76.469
-76.464
-76.324
-76.247
-76.033
-76.1
-76.41
-76.454
-76.557
-76.405
-76.655
-76.716
-77.126
-77.304
-77.213
-77.251
-77.085
-77.244
-77.447
-77.761
-77.719
-77.932
-77.857
-77.786
-77.725
-77.717
-77.899
-78.393
-78.833
-79.052
-79.475
-79.74
-79.976
-79.951
-79.632
-79.776
-80.1
-80.026
-79.766
-79.693
-79.919
-79.502
-79.688
-79.729
-79.749
-79.779
-79.856
-79.924
-79.983
-79.939
-79.784
-79.938
-79.888
-79.861
-80.121
-80.118
-80.011
-79.887
-80.104
-80.21
-80.188
-80.009
-80.105
-79.995
-80.192
-80.348
-80.323
-80.18
-80.087
-79.87
-79.978
-79.848
-79.736
-79.758
-79.958
-80.143
-80.064
-80.22
-80.284
-80.228
-80.3
-80.016
-80.091
-80.141
-80.239
-80.393
-80.44
-80.285
-80.084
-79.893
-79.982
-79.989
-79.786
-79.661
-79.699
-79.992
-79.748
-79.887
-80.277
-80.194
-80.127
-80.247
-80.423
-80.325
-80.068
-80.316
-80.142
-80
-79.863
-79.972
-80.155
-80.144
-80.119
-80.169
-80.011
-79.866
-79.869
-80.029
-80.198
-80.356
-80.31
-80.236
-80.3
-80.055
-79.984
-79.851
-79.762
-79.654
-79.314
-79.361
-79.445
-79.62
-79.727
-79.654
-79.594
-79.56
-79.945
-79.721
-79.709
-79.663
-79.761
-79.761
-79.726
-79.709
-79.881
-79.921
-79.97
-79.997
-80.208
-79.89
-79.638
-79.829
-79.87
-79.978
-79.73
-79.887
-79.868
-80.016
-80.275
-79.919
-79.934
-80.152
-80.343
-80.538
-80.344
-80.524
-80.502
-80.463
-80.58
-80.58
-80.462
-80.585
-80.428
-80.303
-80.095
-80.02
-80.024
-79.964
-79.948
-79.842
-79.653
-79.515
-79.662
-79.885
-79.814
-79.746
-79.626
-79.785
-79.845
-79.864
-79.924
-79.9
-79.788
-79.643
-79.552
-79.795
-79.87
-79.954
-79.792
-79.793
-79.499
-79.652
-80.016
-79.966
-79.797
-79.731
-79.885
-80.026
-79.972
-80.065
-79.928
-79.87
-79.726
-79.808
-79.508
-79.428
-79.394
-79.196
-78.919
-78.629
-78.753
-78.809
-78.689
-78.377
-78.195
-78.535
-78.478
-78.27
-78.339
-78.191
-78.167
-78.336
-78.271
-78.398
-78.335
-78.685
-78.909
-78.871
-78.799
-78.793
-78.792
-79.044
-78.75
-78.843
-78.705
-78.743
-78.813
-78.642
-78.387
-78.464
-78.489
-78.33
-78.46
-78.317
-78.172
-78.406
-78.103
-78.135
-77.951
-77.846
-77.553
-77.788
-77.357
-77.187
-77.153
-76.612
-76.303
-75.976
-75.323
-74.971
-74.734
-74.491
-74.117
-73.68
-73.674
-73.662
-73.474
-73.263
-73.359
-73.331
-73.539
-73.67
-73.799
-73.934
-73.924
-73.513
-73.541
-73.502
-73.334
-73.517
-73.456
-73.409
-73.665
-73.757
-73.737
-73.944
-74.218
-74.251
-74.411
-74.321
-74.148
-74.398
-74.294
-74.59
-74.581
-74.457
-74.724
-75.003
-74.601
-74.765
-74.619
-74.578
-74.611
-74.475
-74.601
-74.45
-74.307
-74.224
-74.483
-74.499
-74.69
-74.675
-74.627
-74.73
-74.542
-74.597
-74.551
-74.629
-74.905
-75.127
-75.013
-74.852
-74.986
-74.879
-74.549
-74.391
-74.394
-74.072
-74.162
-74.115
-73.978
-73.871
-73.679
-73.768
-73.872
-73.881
-73.963
-73.907
-73.825
-73.855
-73.948
-73.954
-73.906
-73.823
-74.025
-74.197
-74.507
-74.807
-74.631
-74.704
-74.866
-75.073
-75.112
-75.083
-75.022
-75.203
-75.133
-75.299
-75.036
-74.887
-74.804
-74.772
-74.884
-74.856
-74.598
-74.723
-74.753
-74.766
-74.99
-74.902
-74.847
-74.71
-74.464
-74.651
-74.71
-74.905
-74.81
-75.162
-75.295
-75.377
-75.603
-75.966
-75.724
-75.698
-75.867
-75.711
-75.676
-75.706
-75.787
-75.912
-75.85
-76.087
-76.47
-76.36
-76.419
-76.614
-76.825
-76.861
-76.842
-77.026
-76.991
-77.155
-77.056
-77.198
-77.225
-77.425
-77.457
-77.16
-77.073
-77.03
-76.784
-76.684
-76.788
-76.808
-77.011
-76.941
-77.09
-76.928
-77.006
-76.948
-77.054
-77.016
-77.012
-76.916
-76.962
-77.034
-77.21
-77.254
-77.414
-77.168
-77.156
-77.218
-77.247
-77.191
-77.468
-77.361
-77.314
-77.453
-77.62
-77.442
-77.712
-77.435
-77.348
-77.276
-77.454
-77.542
-77.468
-77.394
-77.369
-77.192
-76.986
-77.215
-77.231
-77.118
-76.996
-76.88
-77.098
-77.329
-77.485
-77.358
-77.387
-77.378
-77.07
-77.302
-77.229
-77.25
-77.055
-76.934
-76.873
-76.875
-77.023
-76.794
-76.571
-76.773
-76.707
-76.668
-76.958
-77.182
-77.033
-77.1
-77.124
-77.155
-77.247
-77.366
-77.505
-77.665
-77.657
-77.15
-77.231
-77.168
-77.207
-77.32
-77.445
-77.325
-77.14
-77.165
-77.386
-77.371
-77.342
-77.352
-77.455
-77.329
-77.245
-77.065
-76.851
-77.052
-77.253
-77.532
-77.497
-77.544
-77.609
-77.735
-77.483
-77.532
-77.503
-77.698
-78.059
-78.041
-78.23
-78.466
-78.57
-78.594
-78.522
-78.336
-78.338
-78.086
-78.218
-78.291
-78.321
-78.3
-78.093
-77.768
-77.431
-76.77
-76.45
-75.873
-75.646
-75.104
-74.928
-74.774
-74.124
-73.815
-73.699
-73.487
-73.136
-72.859
-72.728
-72.617
-72.618
-72.315
-72.014
-72.069
-71.998
-72.065
-72.095
-72.043
-72.28
-72.406
-72.065
-71.877
-72.029
-71.883
-71.54
-71.28
-71.239
-71.573
-71.647
-71.539
-71.613
-71.473
-71.614
-71.597
-71.405
-71.307
-71.057
-70.936
-71.243
-70.855
-70.35
-70.115
-70.029
-70.047
-70.082
-70.049
-69.956
-69.929
-69.819
-70.034
-70.137
-70.322
-70.154
-70.132
-70.097
-70.179
-70.412
-70.315
-70.682
-70.759
-70.436
-70.707
-70.574
-70.369
-70.527
-70.512
-70.626
-70.694
-70.636
-70.549
-70.501
-70.737
-71.053
-71.015
-71.045
-71.172
-70.965
-71.033
-71.337
-71.356
-71.278
-71.369
-71.286
-71.385
-71.336
-71.442
-71.021
-70.905
-70.776
-71.1
-71.157
-70.87
-70.86
-70.804
-71.008
-71.225
-71.281
-71.513
-71.736
-71.692
-72.134
-72.1
-72.337
-72.134
-72.197
-72.17
-72.076
-72.018
-71.78
-71.786
-71.645
-71.322
-71.5
-71.491
-71.478
-71.704
-71.671
-71.719
-71.811
-71.755
-71.962
-72.017
-71.796
-71.392
-71.478
-71.516
-71.307
-71.287
-71.341
-71.298
-71.438
-71.686
-71.607
-71.508
-71.5
-71.616
-71.621
-71.618
-71.606
-71.759
-71.9
-71.901
-72.024
-72.165
-72.297
-72.292
-72.24
-72.231
-72.243
-72.121
-72.019
-72.089
-71.907
-71.808
-71.723
-71.677
-71.838
-71.365
-71.702
-71.616
-71.624
-71.455
-71.34
-71.385
-71.296
-71.392
-71.32
-71.324
-71.36
-71.255
-71.141
-71.342
-71.393
-71.228
-70.961
-71.247
-71.244
-71.283
-71.338
-71.191
-71.134
-71.048
-70.971
-70.959
-70.784
-70.787
-70.657
-70.459
-70.423
-70.424
-70.313
-70.318
-70.215
-70.429
-70.209
-70.315
-70.451
-70.47
-70.484
-70.6
-70.645
-70.726
-70.696
-70.979
-70.913
-70.794
-70.839
-71.009
-70.87
-70.937
-71.096
-71.22
-71.357
