-70.461
-70.721
-70.788
-70.696
-70.43
-70.038
-70.039
-70.047
-70.174
-70.154
-69.878
-69.751
-69.746
-69.744
-69.699
-69.79
-69.461
-69.201
-69.26
-69.328
-69.094
-68.865
-68.826
-68.632
-68.774
-68.846
-68.63
-68.976
-69.057
-69.35
-69.251
-69.256
-68.943
-69.049
-68.931
-68.511
-68.58
-68.332
-68.334
-68.533
-68.621
-68.782
-68.666
-68.674
-68.53
-68.628
-68.497
-68.366
-68.385
-68.187
-68.198
-68.067
-68.225
-68.265
-68.299
-68.024
-67.603
-67.312
-66.874
-66.674
-66.336
-66.056
-65.906
-65.475
-65.047
-64.876
-64.809
-64.714
-64.59
-64.63
-64.637
-64.445
-64.469
-64.177
-63.998
-63.802
-63.648
-63.546
-63.249
-63.273
-63.503
-63.342
-63.29
-63.041
-63.145
-63.139
-62.986
-62.734
-62.741
-63.065
-62.878
-62.599
-62.739
-63.013
-62.873
-62.544
-62.418
-62.403
-61.965
-61.829
-61.649
-61.402
-60.912
-60.483
-60.289
-60.119
-59.803
-59.633
-59.344
-59.111
-58.722
-58.191
-57.917
-57.589
-57.084
-57.064
-56.329
-56.04
-55.493
-55.223
-54.742
-54.264
-53.307
-52.12
-50.733
-48.735
-45
-45
-45
-45
-45
-45
-45
-45
-45
-45
-45
-45
-45
-45
-46.969
-53.813
-59.397
-63.908
-66.892
-68.576
-69.761
-70.637
-71.146
-71.486
-71.631
-71.864
-71.953
-71.891
-71.859
-71.394
-71.46
-71.324
-71.441
-71.512
-71.428
-71.31
-71.305
-71.143
-70.9
-71.125
-71.002
-70.972
-70.666
-70.877
-70.84
-71.021
-70.901
-70.855
-70.996
-71.197
-71.295
-71.016
-70.876
-70.773
-70.411
-70.119
-69.965
-69.929
-70.099
-69.729
-69.725
-69.676
-69.563
-69.398
-69.315
-69.404
-69.183
-69.025
-69.178
-69.12
-69.112
-68.868
-68.445
-68.332
-68.303
-68.167
-67.798
-67.702
-67.731
-67.683
-67.65
-67.703
-67.687
-67.318
-67.078
-66.877
-66.328
-65.927
-65.685
-65.679
-65.282
-65.154
-64.958
-64.846
-64.643
-64.427
-64.137
-64.228
-64.247
-64.255
-64.191
-64.092
-64.043
-64.278
-64.585
-64.533
-64.544
-64.745
-64.743
-64.693
-64.78
-64.537
-64.657
-64.94
-65.015
-64.942
-64.967
-65.094
-65.243
-65.212
-65.337
-65.13
-65.477
-65.288
-65.404
-65.627
-65.509
-65.531
-65.633
-65.677
-65.79
-65.656
-65.818
-65.921
-66.154
-66.153
-66.019
-65.956
-66.046
-66.388
-66.286
-66.44
-66.39
-66.416
-66.396
-66.755
-66.809
-67.021
-67.148
-67.214
-67.093
-66.977
-66.775
-66.918
-66.944
-66.796
-66.962
-67.132
-67.269
-67.139
-67.298
-67.298
-67.619
-67.688
-67.685
-67.781
-67.972
-68.124
-68.014
-68.011
-68.05
-67.897
-67.783
-67.667
-67.411
-67.079
-66.876
-66.798
-66.69
-66.526
-66.49
-66.643
-66.557
-66.19
-66.392
-66.126
-66.072
-65.843
-65.76
-65.416
-65.286
-65.163
-65.185
-65.31
-65.24
-65.35
-65.113
-64.799
-64.596
-64.046
-63.894
-63.395
-62.943
-62.353
-61.889
-61.497
-61.237
-60.658
-60.48
-60.399
-60.025
-59.846
-59.839
-59.53
-59.018
-58.798
-58.529
-58.228
-58.038
-57.953
-57.903
-57.842
-57.538
-57.447
-57.11
-57.111
-56.977
-56.623
-56.616
-56.722
-56.346
-56.144
-55.922
-55.817
-55.543
-55.295
-54.973
-54.609
-53.861
-53.484
-52.541
-51.437
-49.786
-46.492
-45
-45
-45
-45
-45
-45
-45
-45
-45
-45
-45
-45
-45
-45.115
-52.094
-58.863
-63.722
-66.87
-69.101
-70.94
-72.173
-73.552
-74.025
-74.573
-74.848
-75.04
-75.325
-75.305
-75.371
-75.309
-75.584
-75.568
-75.644
-75.725
-76.01
-76.256
-76.24
-76.257
-76.29
-76.59
-76.648
-76.811
-77.161
-77.378
-77.419
-77.686
-77.66
-77.952
-78.057
-78.189
-78.085
-77.914
-77.739
-77.684
-77.399
-77.148
-76.956
-76.448
-76.37
-76.243
-75.863
-76.196
-76.162
-76.29
-76.313
-76.378
-76.071
-76.213
-76.161
-76.239
-76.226
-76.206
-75.958
-76.066
-76.069
-76.141
-76.044
-76.109
-76.147
-76.013
-76.251
-76.354
-76.33
-76.15
-75.995
-76.079
-75.805
-75.406
-74.929
-74.826
-74.48
-74.307
-74.093
-73.928
-73.429
-73.471
-73.496
-73.617
-73.484
-73.314
-73.321
-73.304
-73.508
-73.423
-73.422
-73.541
-73.712
-73.492
-73.653
-73.745
-73.964
-73.97
-74.129
-74.26
-74.344
-74.497
-74.228
-74.192
-73.98
-74.088
-74.043
-74.112
-73.86
-74.028
-74.061
-73.881
-73.91
-73.661
-73.763
-73.818
-73.782
-73.508
-73.455
-73.178
-73.184
-72.994
-72.893
-72.776
-72.652
-72.665
-72.484
-72.543
-72.6
-72.358
-72.364
-72.26
-72.033
-71.927
-72.228
-72.193
-72.217
-72.253
-72.242
-72.513
-72.479
-72.326
-72.108
-71.957
-72.03
-71.948
-72.073
-72.182
-71.989
-72.016
-72.119
-72.411
-72.212
-72.48
-72.386
-72.262
-72.107
-72.181
-72.173
-72.266
-72.224
-72.441
-72.623
-72.882
-72.964
-72.787
-72.973
-72.838
-72.853
-72.801
-73.094
-73.291
-73.21
-73.291
-73.076
-73.026
-73.085
-72.986
-72.876
-72.679
-72.49
-72.473
-72.307
-72.199
-72.012
-71.854
-71.609
-71.611
-71.466
-71.446
-71.531
-71.389
-71.506
-71.365
-71.202
-70.975
-70.942
-70.639
-70.924
-70.889
-70.997
-71.11
-70.968
-71.03
-71.004
-70.799
-70.533
-70.739
-70.753
-70.611
-70.745
-70.573
-70.767
-70.812
-70.498
-70.577
-70.783
-70.888
-71.085
-71.2
-71.437
-71.615
-71.531
-71.391
-71.696
-71.576
-71.541
-71.684
-72.01
-72.178
-72.175
-72.275
-72.602
-72.658
-72.556
-72.712
-72.905
-72.697
-72.585
-72.765
-72.889
-72.851
-72.923
-72.98
-73.15
-73.505
-73.515
-73.863
-73.943
-74.03
-74.329
-74.424
-74.593
-74.627
-74.781
-74.937
-75.007
-75.492
-75.441
-75.571
-75.787
-75.888
-75.996
-76.35
-76.251
-76.149
-76.563
-77.007
-77.175
-77.301
-77.387
-77.219
-77.363
-77.396
-77.505
-77.418
-77.567
-77.386
-77.359
-77.531
-77.556
-77.646
-77.649
-77.634
-77.67
-77.766
-77.676
-77.406
-77.319
-77.328
-77.466
-77.668
-77.652
-77.536
-77.948
-78.107
-78.339
-78.423
-78.542
-78.675
-78.887
-78.634
-78.587
-78.575
-78.758
-78.832
-79.041
-78.67
-78.75
-78.713
-78.756
-78.692
-78.511
-78.685
-78.722
-78.77
-78.671
-78.597
-78.853
-78.626
-78.498
-78.835
-78.932
-79.05
-79.148
-79.111
-79.277
-79.209
-79.291
-79.505
-79.609
-79.465
-79.697
-80.141
-80.471
-80.252
-80.374
-80.397
-80.451
-80.477
-80.455
-80.546
-80.525
-80.599
-80.178
-80.407
-80.504
-80.546
-80.601
-80.428
-80.495
-80.496
-80.464
-80.471
-80.694
-80.939
-81.221
-81.367
-81.665
-81.954
-82.19
-82.083
-82.225
-82.248
-82.177
-82.186
-82.242
-82.201
-82.117
-82.259
-82.445
-82.761
-82.879
-82.908
-82.891
-83.031
-83.209
-83.444
-83.617
-83.884
-83.827
-83.664
-83.97
-83.852
-83.875
-83.881
-84.023
-83.825
-83.879
-83.925
-83.796
-83.437
-83.376
-83.256
-83.396
-83.352
-83.453
-83.564
-83.808
-83.888
-83.971
-83.904
-83.792
-83.948
-84.107
-84.149
-84.038
-83.801
-83.851
-84.189
-84.194
-84.061
-84.079
-84.109
-84.23
-83.989
-83.988
-83.992
-84.145
-83.978
-83.781
-83.619
-83.877
-83.832
-83.756
-84.08
-83.885
-83.93
-84.151
-84.536
-84.48
-84.827
-84.939
-84.745
-84.665
-84.472
-84.027
-84.033
-83.916
-83.592
-83.624
-83.849
-84.042
-84.018
-84.221
-83.897
-83.973
-84.006
-83.9
-83.899
-84.336
-84.301
-84.479
-84.328
-84.465
-84.106
-84.373
-84.569
-84.76
-84.847
-85.105
-85.084
-85.119
-84.97
-84.873
-84.911
-84.943
-85.068
-85.042
-85.089
-85.246
-85.401
-85.591
-85.6
-85.561
-85.536
-85.42
-85.307
-85.332
-85.66
-85.618
-85.675
-85.564
-85.568
-85.749
-85.661
-85.721
-85.814
-85.717
-85.784
-85.555
-85.598
-85.688
-85.531
-85.521
-85.425
-85.41
-85.456
-85.428
-85.326
-85.265
-85.21
-85.229
-85.242
-85.334
-85.223
-85.281
-85.313
-85.388
-85.149
-85.185
-85.041
-85.042
-84.887
-84.75
-84.795
-84.714
-84.601
-84.559
-84.539
-84.434
-84.311
-84.187
-84.398
-84.343
-84.138
-84.133
-84.186
-84.08
-84.089
-84.232
-84.341
-84.482
-84.461
-84.589
-84.667
-84.773
-84.845
-84.651
-84.987
-84.945
-85.107
-85.132
-85.282
-85.29
-85.488
-85.414
-85.319
-85.364
-85.366
-84.995
-84.926
-84.725
-84.621
-84.715
-84.835
-84.828
-84.607
-84.681
-84.779
-84.873
-84.642
-84.914
-84.835
-84.582
-84.467
-84.328
-84.138
-84.36
-84.431
-84.427
-84.311
-84.59
-84.263
-84.538
-84.324
-84.348
-84.166
-84.184
-83.947
-83.737
-83.743
-83.615
-83.437
-83.489
-83.296
-83.35
-83.108
-83.148
-83.188
-83.2
-83.098
-82.952
-83.201
-83.006
-83.202
-83.261
-83.271
-83.291
-83.575
-83.549
-83.207
-83.348
-83.459
-83.408
-83.55
-83.796
-84.025
-84.003
-84.03
-84.195
-84.455
-84.076
-84.031
-84.093
-84.234
-84.192
