-80.244
-80.203
-80.073
-80.068
-79.933
-80.166
-80.272
-79.965
-79.911
-79.835
-79.877
-79.796
-79.846
-79.921
-79.803
-79.911
-79.87
-80.014
-80.186
-80.242
-80.055
-79.943
-80.092
-80.053
-79.909
-80.108
-80.107
-80.105
-79.766
-79.944
-79.864
-79.85
-80.031
-79.868
-79.816
-80.026
-80.083
-80.248
-80.284
-80.241
-80.035
-79.725
-79.674
-79.634
-79.843
-79.66
-79.794
-79.642
-79.838
-79.505
-79.643
-79.617
-79.57
-79.683
-79.813
-79.844
-79.634
-79.76
-79.898
-79.759
-80.018
-79.919
-79.959
-79.954
-79.711
-79.67
-79.597
-79.553
-79.891
-79.778
-79.907
-79.72
-79.69
-79.875
-79.924
-79.882
-79.559
-79.831
-79.841
-79.876
-79.899
-79.88
-79.996
-80.222
-80.087
-80.048
-79.774
-79.722
-79.656
-79.691
-79.958
-79.742
-79.664
-79.717
-79.683
-79.737
-79.741
-79.852
-79.69
-79.772
-79.804
-79.755
-79.863
-79.799
-79.732
-79.854
-79.712
-79.686
-79.833
-79.85
-79.99
-79.634
-79.766
-79.599
-79.781
-79.954
-80.05
-79.958
-80.019
-80.058
-80.158
-80.186
-79.899
-79.922
-79.936
-80.044
-79.889
-79.927
-79.986
-79.915
-79.704
-79.7
-79.813
-79.784
-79.941
-79.992
-79.828
-79.704
-79.822
-79.795
-79.637
-79.816
-79.727
-79.864
-79.867
-79.862
-79.969
-79.842
-79.803
-79.772
-79.825
-79.913
-80.002
-80.033
-80.039
-79.884
-79.95
-79.877
-80.031
-79.919
-79.727
-79.715
-79.883
-79.802
-80.072
-79.85
-80.029
-79.823
-79.859
-79.848
-79.943
-79.914
-79.949
-79.731
-79.786
-79.617
-79.56
-79.453
-79.451
-79.344
-79.587
-79.707
-79.746
-79.759
-79.631
-79.601
-79.689
-79.529
-79.602
-79.636
-79.845
-79.826
-79.955
-79.911
-79.877
-79.558
-79.424
-79.459
-79.535
-79.546
-79.556
-79.096
-79.315
-79.529
-79.696
-79.418
-79.652
-79.555
-79.636
-79.745
-79.463
-79.232
-79.451
-79.55
-79.143
-79.122
-79.316
-79.151
-79.344
-79.121
-79.302
-79.549
-79.311
-79.382
-79.319
-79.168
-78.942
-79.269
-79.386
-79.526
-79.592
-79.338
-79.446
-79.239
-79.531
-79.459
-79.665
-79.541
-79.535
-79.678
-79.633
-79.787
-79.713
-79.648
-79.888
-79.662
-79.518
-79.647
-79.781
-79.659
-79.82
-79.73
-79.633
-79.695
-79.674
-79.917
-79.774
-79.668
-79.839
-79.782
-79.636
-79.558
-79.765
-79.986
-79.969
-79.938
-79.974
-79.881
-80.146
-79.967
-79.845
-79.722
-79.892
-79.995
-79.91
-80.004
-79.95
-79.832
-80.129
-80.24
-80.228
-80.17
-79.959
-79.894
-79.86
-79.957
-79.739
-79.871
-79.821
-80.05
-79.853
-79.689
-79.765
-80.133
-80.05
-79.95
-80.231
-80.269
-80.025
-79.947
-80.108
-79.944
-80.092
-79.928
-79.694
-79.681
-79.711
-79.797
-79.902
-79.944
-80.071
-79.855
-80.026
-80.164
-79.889
-79.772
-79.759
-79.645
-79.342
-79.343
-79.104
-79.16
-79.564
-79.53
-79.562
-79.677
-79.384
-79.524
-79.636
-79.865
-79.844
-79.914
-79.568
-79.654
-79.352
-79.462
-79.767
-79.632
-79.743
-79.767
-79.906
-79.875
-80.081
-80.037
-79.982
-79.886
-79.975
-80.034
-80.074
-79.844
-79.851
-79.854
-79.831
-80.064
-80.127
-79.942
-79.973
-79.997
-79.939
-79.966
-79.934
-79.912
-79.759
-80.021
-80.043
-79.886
-79.975
-79.926
-79.657
-79.768
-79.777
-80.214
-79.858
-79.811
-79.679
-79.697
-80.042
-80.165
-79.866
-79.734
-79.68
-79.731
-79.763
-79.775
-80.011
-80.202
-79.978
-79.956
-79.95
-80.051
-80.173
-80.04
-80.118
-80.074
-79.934
-79.988
-80.164
-79.83
-79.858
-79.647
-79.576
-79.823
-80.036
-79.851
-79.836
-80.042
-79.992
-80.218
-79.791
-79.923
-79.848
-79.837
-80.067
-79.898
-79.769
-79.733
-79.708
-79.819
-79.979
-79.899
-80.235
-79.986
-79.871
-79.695
-79.787
-79.796
-79.833
-79.785
-80.155
-80.099
-79.976
-80.26
-79.893
-79.761
-80.04
-79.835
-79.789
-79.68
-79.69
-79.874
-80.062
-80.046
-79.804
-79.909
-79.878
-79.688
-79.563
-79.563
-79.518
-79.527
-79.425
-79.291
-79.233
-79.029
-79.444
-79.441
-79.52
-79.796
-79.859
-79.89
-79.894
-79.83
-79.886
-80.041
-80.045
-80.007
-79.902
-79.667
-79.685
-79.81
-79.753
-79.724
-79.652
-79.832
-79.818
-79.802
-79.717
-79.921
-79.839
-79.984
-79.997
-79.892
-79.897
-80.041
-79.934
-79.998
-79.926
-79.838
-79.868
-79.815
-79.745
-79.476
-79.425
-79.34
-79.374
-79.421
-79.469
-79.417
-79.393
-79.557
-79.545
-79.633
-79.896
-79.97
-79.842
-79.963
-79.88
-79.753
-79.787
-79.739
-79.752
-79.747
-79.754
-79.769
-79.856
-79.907
-79.872
-79.702
-79.702
-79.446
-79.834
-79.75
-79.551
-79.697
-79.735
-79.801
-80.123
-80.002
-79.942
-79.813
-80.043
-79.997
-79.845
-79.991
-79.868
-79.946
-79.982
-79.973
-79.99
-80.027
-79.932
-79.977
-79.902
-79.676
-79.713
-79.785
-79.764
-79.709
-79.708
-79.687
-79.5
-79.582
-79.434
-79.526
-79.418
-79.542
-79.533
-79.57
-79.489
-79.681
-79.83
-79.797
-79.613
-79.514
-79.568
-79.557
-79.796
-80.073
-79.986
-80.034
-79.826
-79.776
-79.709
-79.779
-79.829
-80.055
-79.791
-79.922
-79.916
-79.679
-79.626
-79.592
-79.68
-79.548
-79.714
-79.728
-79.917
-79.917
-79.872
-79.832
-79.876
-80.099
-80.085
-80.151
-80.073
-80.076
-79.941
-79.899
-80.059
-79.945
-79.911
-79.997
-80.108
-80.026
-79.902
-80.04
-79.936
-79.965
-80.041
-80.245
-80.122
-79.906
-79.885
-80.149
-80.167
-80.108
-79.842
-79.924
-79.837
-80.005
-80.219
-80.15
-80.213
-80.329
-80.265
-80.17
-79.99
-79.926
-80.003
-79.886
-79.939
-79.82
-80.057
-80.086
-80.265
-80.167
-79.993
-79.972
-79.904
-79.872
-79.786
-80.152
-79.949
-79.768
-79.751
-79.815
-79.785
-79.719
-79.936
-79.825
-79.964
-80.006
-79.784
-79.926
-79.946
-79.927
-79.888
-79.769
-80.016
-80.185
-80.17
-80.144
-79.992
-79.957
-80.009
-80.044
-80.237
-80.29
-80.093
-80.213
-79.889
-80.075
-80.19
-80.132
-80.08
-79.768
-79.883
-80.066
-79.884
-79.891
-79.953
-80.019
-79.995
-80.151
-80.219
-80.183
-80.29
-80.038
-80.195
-80.124
-79.936
-79.893
-79.928
-79.792
-80.101
-79.913
-79.989
-80.036
-80.234
-80.028
-79.904
-80.087
-79.812
-79.883
-79.729
-79.658
-79.897
-80.106
-80.159
-79.899
-80.117
-79.96
-80.12
-79.963
-79.926
-79.882
-79.825
-79.887
-79.935
-79.886
-80.018
-80.194
-80.059
-79.915
-79.935
-79.971
-80.043
-80.218
-80.287
-80.131
-80.152
-79.97
-79.944
-80.135
-80.102
-79.961
-79.994
-79.953
-79.741
-79.945
-79.922
-79.748
-79.853
-79.814
-80.04
-80.29
-80.171
-80.064
-80.219
-79.997
-79.87
-79.892
-80.052
-79.91
-79.672
-79.971
-79.835
-79.918
-79.803
-79.722
-79.857
-79.73
-79.861
-80.008
-79.688
-79.931
-79.756
-79.982
-80.111
-79.909
-79.973
-80.013
-80.192
-80.23
-80.14
-80.173
-80.508
-80.283
-80.071
-80.036
-80.001
-80.197
-80.243
-80.071
-80.06
-79.922
-79.799
-79.682
-80.069
-79.949
-80.082
-80.003
-79.946
-79.835
-79.962
-80.084
-80.424
-80.156
-79.994
-79.932
-79.844
-79.87
-79.927
-80.146
-80.347
-80.269
-80.315
-80.469
-80.332
-80.33
-80.148
-80.099
-80.242
-80.239
-80.217
-80.315
-80.29
-80.227
-80.268
-80.296
-80.084
-80.208
-80.287
-80.491
-80.145
-80.176
-80.225
-80.243
-80.127
-79.778
-79.639
-79.993
-80.076
-80.153
-79.946
-80.094
-80.384
-80.568
-80.688
-80.442
-80.44
-80.548
-80.437
-80.627
-80.723
-80.264
-80.283
-80.158
-79.829
-79.889
-79.826
-79.836
-79.743
-79.687
-79.68
-79.682
-79.707
-79.822
-79.818
-79.783
-80.026
-80.016
-79.908
-79.751
-80.11
-80.336
-80.324
-80.269
-80.113
-80.069
-80.301
-80.307
-80.286
-80.279
-80.28
-80.391
-80.137
-80.037
-80.051
-80.302
-80.214
-79.967
-80.224
-80.101
-80.062
-79.972
-79.836
-79.677
-79.512
-79.438
-79.28
-79.355
-79.613
-79.647
-79.606
-79.563
-79.63
-79.979
-79.751
-79.371
-79.687
-79.521
-79.582
-79.568
-79.722
-79.564
-79.656
-79.639
-79.825
-80.03
-80.092
-80.091
-79.995
-80.478
-80.566
-80.266
-80.028
-79.919
-80.075
-79.856
-80.001
-79.864
-79.628
-79.679
-79.633
-79.522
-79.678
-79.505
-79.796
-79.697
-79.554
-79.332
-79.635
-79.977
-80.009
-79.79
-80.076
-79.932
-79.985
-79.88
-79.866
-79.718
-79.75
-79.868
-79.857
-80.055
-80.031
-80.053
-79.996
-80.328
-80.483
-80.261
-80.213
-80.223
-80.312
-80.245
-80.17
-80.367
-80.281
-80.471
-80.465
-80.654
-80.683
-80.724
-80.783
-80.756
-80.613
-80.742
-80.478
-80.534
-80.547
-80.476
-80.34
-80.073
-80.112
-80.082
-80.002
-80.025
-79.957
-80.057
-80.085
-79.724
-79.718
-79.98
-80.185
-79.907
-79.82
-79.673
-79.433
-79.674
-79.629
-79.516
-79.193
-79.215
-79.153
-79.058
-79.252
-79.489
-79.457
-79.321
-79.497
