-79.902
-80.111
-80.169
-79.913
-79.8
-79.969
-79.909
-79.788
-79.831
-79.827
-80.179
-80.083
-80.13
-80.015
-80.118
-80.148
-80.034
-79.884
-80.067
-79.785
-79.989
-79.916
-79.763
-79.964
-79.862
-79.888
-79.596
-79.69
-79.695
-79.477
-79.516
-79.927
-80.035
-80.05
-80.311
-80.124
-80.116
-80.144
-80.079
-80.044
-80.126
-80.013
-79.97
-79.838
-79.899
-79.987
-80.229
-80.15
-80.252
-79.924
-79.94
-79.832
-79.716
-79.845
-79.913
-79.601
-79.672
-79.921
-79.947
-80.116
-79.979
-79.977
-79.931
-79.684
-79.541
-79.683
-79.519
-79.461
-79.394
-79.288
-79.403
-79.565
-79.842
-79.802
-79.871
-79.922
-79.725
-79.842
-79.677
-79.745
-79.703
-79.738
-79.764
-79.997
-80.014
-80.044
-79.851
-79.859
-80.046
-79.944
-79.949
-79.885
-79.71
-79.907
-79.737
-80.046
-79.994
-79.936
-79.637
-79.803
-79.855
-79.873
-80.116
-79.851
-79.95
-79.617
-79.515
-79.571
-79.498
-79.492
-79.679
-79.763
-79.574
-79.679
-79.97
-79.63
-79.494
-79.469
-79.546
-79.681
-79.796
-79.84
-79.795
-80.058
-80.021
-79.938
-79.669
-79.828
-79.718
-79.87
-79.889
-79.662
-79.495
-79.851
-79.926
-79.946
-80.008
-79.896
-79.966
-79.817
-80.002
-79.937
-79.776
-79.801
-80.033
-79.974
-80.032
-80.064
-79.957
-79.898
-80.062
-80.042
-79.971
-79.97
-80.076
-79.776
-79.886
-79.956
-80.1
-79.994
-80.236
-79.823
-80.014
-80.024
-79.982
-79.79
-79.867
-79.69
-79.684
-79.64
-79.439
-79.387
-79.651
-79.58
-79.577
-79.449
-79.587
-79.655
-79.676
-79.58
-79.708
-79.687
-79.654
-79.965
-79.724
-79.563
-79.829
-79.885
-79.858
-79.517
-79.835
-79.838
-79.813
-80.002
-80.022
-79.899
-79.891
-80.034
-80.235
-80.116
-80.044
-79.981
-79.863
-79.917
-79.881
-79.912
-79.885
-80.089
-80.076
-79.959
-79.689
-79.732
-79.778
-79.969
-79.718
-79.822
-79.896
-80.138
-79.96
-79.929
-80.038
-80.007
-80.082
-80.034
-79.884
-80.124
-80.04
-80.111
-80.004
-79.887
-79.924
-80.035
-79.843
-79.806
-79.838
-80.001
-79.717
-79.727
-79.963
-80.03
-80.038
-80.075
-79.991
-80.119
-79.938
-80.064
-80.169
-79.888
-80.143
-79.85
-79.637
-79.728
-79.618
-79.581
-79.581
-79.805
-79.728
-79.739
-79.725
-79.684
-79.673
-79.536
-79.773
-79.69
-79.821
-79.789
-79.72
-79.664
-79.806
-79.633
-79.767
-79.857
-79.799
-79.765
-79.904
-79.858
-80.135
-79.819
-80.027
-79.994
-79.965
-79.721
-79.769
-79.888
-79.977
-79.929
-79.791
-80.019
-79.996
-79.995
-79.981
-79.611
-79.663
-79.575
-79.751
-79.72
-79.697
-79.554
-79.469
-79.376
-79.219
-79.416
-79.286
-79.409
-79.446
-79.67
-79.467
-79.34
-79.396
-79.296
-79.39
-79.338
-79.563
-79.737
-79.827
-79.819
-79.675
-79.902
-79.774
-79.684
-79.645
-79.691
-79.731
-79.748
-79.901
-79.667
-79.558
-79.66
-79.791
-79.693
-79.745
-79.486
-79.623
-79.57
-79.752
-79.729
-79.799
-80.003
-80.054
-79.964
-80.074
-79.859
-79.93
-79.984
-79.869
-79.857
-79.731
-79.937
-79.836
-79.972
-79.924
-79.81
-79.735
-79.625
-79.997
-79.999
-80.098
-80.079
-80.12
-79.931
-80.022
-80.024
-79.815
-79.861
-79.783
-80.001
-79.944
-79.901
-79.806
-79.876
-80.044
-79.958
-80.002
-79.686
-79.751
-80.027
-80.059
-79.981
-79.876
-79.996
-80.015
-80.038
-80.158
-80.153
-79.993
-80.196
-80.155
-80.169
-80.102
-79.983
-80.082
-80.171
-80.037
-80.242
-80.102
-80.276
-80.035
-79.831
-79.606
-79.385
-79.837
-79.762
-79.956
-79.8
-80
-80.162
-80.213
-80.176
-79.993
-79.981
-80.194
-79.992
-79.971
-79.857
-79.967
-79.935
-80.22
-80.179
-79.995
-80.013
-80.056
-80.107
-80.069
-80.027
-79.706
-79.721
-79.798
-79.822
-79.937
-79.914
-79.904
-79.911
-79.753
-79.674
-79.873
-79.945
-79.845
-79.929
-79.985
-79.955
-80.046
-79.882
-79.842
-79.786
-79.705
-79.807
-79.878
-79.976
-80.006
-80.057
-80.029
-79.814
-80.088
-79.981
-80.034
-80.044
-79.939
-79.899
-79.863
-79.915
-79.895
-79.742
-79.68
-79.71
-79.997
-80.129
-79.96
-79.878
-80.084
-79.789
-79.809
-79.768
-79.67
-80.112
-80.079
-80.057
-79.992
-79.944
-79.929
-80.053
-80.029
-79.79
-79.666
-79.844
-79.716
-79.812
-79.937
-79.797
-79.599
-79.563
-79.532
-79.729
-79.671
-79.753
-79.732
-79.86
-79.799
-80.127
-79.903
-79.894
-79.861
-79.878
-79.99
-80.037
-80.111
-80.138
-79.83
-79.858
-80.037
-80.287
-80.24
-80.179
-80.287
-80.095
-80.044
-80.275
-80.125
-80.133
-80.066
-80.238
-79.928
-79.873
-80.01
-80.059
-79.906
-80.116
-79.977
-80.025
-80.309
-80.268
-80.093
-80.025
-80.055
-80.119
-80.278
-80.278
-80.415
-80.324
-80.327
-80.258
-79.945
-80.094
-79.658
-79.709
-79.886
-79.918
-79.889
-79.922
-79.793
-79.928
-80.097
-80.025
-79.882
-79.987
-79.683
-79.583
-79.492
-79.36
-79.269
-79.123
-79.178
-79.101
-79.043
-79.054
-78.957
-78.93
-79.116
-79.174
-78.864
-78.826
-78.93
-79.083
-79.147
-79.19
-79.167
-79.279
-79.317
-79.474
-79.73
-79.466
-79.628
-79.805
-79.733
-79.694
-79.759
-79.847
-79.926
-79.895
-80.047
-79.866
-80.031
-79.842
-79.853
-79.834
-79.85
-79.73
-79.965
-79.911
-79.667
-79.69
-79.626
-79.824
-79.992
-80.104
-79.81
-79.83
-79.937
-79.919
-79.588
-79.79
-79.871
-79.845
-79.953
-79.923
-79.625
-79.742
-79.969
-79.984
-80.073
-79.847
-79.869
-80.016
-79.927
-80.075
-79.952
-79.951
-80.02
-80.042
-79.903
-79.932
-80.091
-80.107
-80.137
-80.057
-79.978
-80.207
-80.288
-80.135
-80.153
-80.349
-80.171
-80.25
-80.25
-80.049
-79.891
-79.801
-79.704
-79.78
-79.672
-79.56
-80.095
-80.115
-79.854
-79.797
-79.899
-80.027
-79.876
-80.115
-80.221
-80.255
-79.9
-79.81
-79.925
-80.116
-79.978
-79.993
-79.884
-79.869
-79.73
-79.722
-79.69
-79.926
-80.043
-79.831
-79.696
-79.87
-80.059
-80.151
-80.444
-80.328
-80.436
-80.485
-80.586
-80.07
-79.797
-80.02
-79.894
-79.515
-79.276
-79.277
-79.247
-78.959
-79.103
-79.189
-79.289
-79.173
-79.07
-78.931
-78.991
-79.055
-78.819
-78.985
-78.775
-79.157
-79.056
-79.084
-78.97
-79.153
-79.103
-79.23
-79.304
-79.429
-79.206
-79.297
-79.085
-79.424
-79.706
-79.885
-79.849
-79.828
-79.901
-79.923
-79.631
-79.916
-80.081
-80.198
-80.006
-79.603
-79.575
-79.745
-79.824
-79.694
-79.861
-79.869
-79.77
-79.519
-79.658
-79.429
-79.459
-79.477
-79.424
-79.512
-79.462
-79.415
-79.36
-79.435
-79.652
-79.831
-79.803
-79.74
-80.024
-79.897
-79.98
-80.362
-80.437
-80.194
-80.671
-80.692
-80.399
-80.344
-80.304
-80.169
-79.912
-79.988
-79.687
-79.535
-79.604
-79.551
-79.826
-79.568
-79.705
-79.859
-80.016
-80.284
-80.216
-80.26
-80.243
-80.115
-80.227
-80.179
-80.306
-80.398
-80.404
-80.446
-79.965
-80.32
-80.155
-80.22
-80.032
-80.033
-79.913
-80.015
-80.09
-79.836
-79.699
-79.475
-79.369
-79.522
-79.184
-79.446
-79.452
-79.536
-79.452
-79.558
-79.699
-79.561
-79.576
-79.614
-79.681
-79.485
-79.45
-79.678
-79.749
-79.947
-80.23
-80.092
-79.907
-79.956
-79.97
-80.063
-79.688
-79.653
-79.761
-79.875
-79.843
-79.547
-79.98
-79.86
-80.029
-79.744
-79.917
-80.066
-79.997
-80.102
-79.991
-79.97
-79.887
-79.736
-79.504
-79.556
-79.759
-79.83
-79.748
-79.827
-79.858
-79.63
-79.687
-79.802
-79.995
-80.067
-79.982
-79.924
-80.155
-80.175
-80.38
-80.201
-79.943
-79.963
-79.855
-79.895
-79.868
-80.056
-80.099
-79.897
-79.701
-79.552
-79.693
-79.816
-79.873
-80.021
-80.018
-80.241
-80.203
-80.337
-80.327
-80.587
-80.659
-80.333
-80.538
-80.386
-80.507
-80.674
-80.739
-80.735
-80.43
-80.618
-80.47
-80.185
-80.052
-79.892
-79.871
-79.646
-79.708
-79.375
-79.68
-79.645
-79.761
-79.89
-79.483
-79.474
-79.224
-79.214
-79.314
-79.46
-79.489
-79.583
-79.511
-79.645
-79.488
-79.374
-79.18
-79.268
-79.125
-79.228
-79.051
-79.046
-79.041
-78.88
-78.722
-78.995
-79.061
-79.06
-79.164
-79.409
-79.351
-79.032
-78.938
-79.013
-79.085
-78.908
-79.09
-79.102
-78.927
-79.145
-79.369
-79.427
-79.58
-79.643
-79.757
-80.069
-80.23
-80.248
-80.358
-80.4
-80.506
-80.724
-80.798
-80.739
-80.777
-80.934
-80.987
-81.163
-80.932
-80.986
-80.992
-80.795
-80.561
-80.857
-80.732
-80.822
-81.004
-81.14
-80.923
-80.696
-80.646
-80.651
-80.962
-80.933
-80.825
-80.77
-80.812
-80.884
-80.82
-80.922
-80.819
-80.819
-80.792
-81.005
-81.046
-81.116
-81.103
-81.087
-81.06
-80.765
-80.688
-80.435
-80.551
-80.629
-80.605
-80.594
-80.639
-80.569
-80.682
-80.721
-80.755
-80.968
-81.068
-80.851
-80.955
-80.998
-80.966
