-72.888
-72.867
-73.095
-73.047
-72.977
-73.031
-73.036
-73.091
-72.979
-72.836
-72.915
-72.857
-72.994
-73.115
-73.085
-72.976
-73.099
-73.21
-73.159
-73.086
-73.49
-73.402
-73.449
-73.494
-73.684
-73.473
-73.126
-73.149
-73.019
-72.852
-73.042
-73.314
-73.083
-73.206
-73.178
-73.289
-73.178
-73.291
-73.185
-72.984
-72.875
-73.009
-72.802
-72.573
-72.765
-72.852
-73.167
-73.179
-73.025
-73.102
-73.05
-72.71
-72.63
-72.818
-73.102
-73.426
-73.286
-73.478
-73.324
-73.45
-73.658
-73.557
-73.635
-73.51
-73.979
-73.93
-73.943
-73.622
-73.693
-74.105
-74.281
-73.99
-73.856
-73.937
-73.699
-73.503
-73.225
-73.267
-73.095
-73.303
-73.566
-73.342
-73.333
-73.329
-73.307
-73.384
-73.286
-73.179
-73.035
-73.038
-73.03
-73.106
-73.125
-73.218
-73.107
-73.202
-73.244
-73.174
-73.23
-73.384
-73.164
-73.158
-73.219
-73.256
-73.375
-73.378
-73.271
-73.123
-73.286
-73.219
-73.326
-73.576
-73.334
-73.369
-73.36
-73.489
-73.404
-73.657
-73.749
-73.664
-73.666
-73.777
-73.778
-73.646
-73.552
-73.517
-73.513
-73.739
-73.528
-73.521
-73.499
-73.563
-73.546
-73.509
-73.397
-73.501
-73.646
-73.798
-74.048
-73.913
-74.041
-73.883
-73.806
-73.795
-73.785
-73.558
-73.477
-73.4
-73.674
-74.007
-73.888
-73.947
-74.013
-73.972
-74.277
-74.029
-73.701
-73.805
-73.555
-73.302
-73.137
-73.028
-72.795
-72.598
-72.321
-71.778
-71.733
-71.735
-71.177
-70.875
-70.687
-70.609
-70.488
-70.509
-70
-69.751
-69.055
-68.667
-68.164
-68.053
-67.534
-66.961
-66.468
-66.156
-65.801
-65.219
-64.604
-63.966
-63.548
-63.089
-62.615
-62.046
-61.964
-61.356
-61.225
-60.41
-60.246
-60.163
-59.799
-59.622
-59.389
-59.277
-58.986
-58.93
-58.51
-58.46
-58.184
-57.808
-57.392
-57.055
-56.909
-56.662
-56.357
-56.102
-55.944
-55.707
-55.322
-54.856
-54.065
-53.254
-52.354
-51.274
-49.31
-45.538
-45
-45
-45
-45
-45
-45
-45
-45
-45
-45
-45
-45
-45
-46.06
-53.289
-59.323
-63.442
-66.668
-69.139
-72.149
-74.889
-76.78
-78.2
-78.716
-79.375
-79.688
-79.871
-80.05
-80.259
-80.596
-80.589
-80.41
-80.271
-80.304
-80.243
-80.214
-79.989
-80.103
-80.34
-80.165
-80.207
-80.329
-80.007
-79.659
-79.6
-79.69
-79.909
-80.017
-79.996
-80.099
-79.98
-79.942
-79.813
-80.103
-80.274
-80.311
-80.104
-79.989
-80.23
-80.242
-80.138
-79.958
-79.934
-80.247
-80.085
-79.986
-79.892
-79.633
-79.772
-80.109
-80.328
-80.063
-80.125
-80.149
-80.211
-80.434
-80.407
-80.274
-80.323
-80.295
-80.354
-80.01
-79.97
-79.997
-79.784
-79.686
-79.61
-79.982
-80.086
-80.013
-79.926
-80.03
-80.048
-80.087
-79.905
-79.796
-79.837
-79.905
-79.691
-79.736
-79.88
-79.862
-79.986
-79.931
-80.039
-80.045
-79.891
-80.056
-80.27
-80.188
-80.287
-80.225
-80.19
-80.19
-80.101
-80.153
-80.257
-80.212
-80.175
-79.903
-80.16
-80.554
-80.471
-80.334
-80.259
-80.094
-80.154
-80.334
-80.596
-80.609
-80.429
-80.697
-80.593
-80.548
-80.698
-80.897
-80.581
-80.789
-80.8
-80.398
-80.366
-80.009
-80.032
-79.978
-80.167
-80.007
-79.975
-79.808
-79.97
-80.072
-79.928
-79.969
-80.05
-80.189
-80.299
-80.367
-80.374
-80.434
-80.564
-80.798
-80.66
-80.74
-80.851
-80.792
-80.684
-80.643
-80.695
-80.743
-80.846
-80.693
-80.806
-80.7
-80.455
-80.381
-80.296
-80.19
-80.428
-80.58
-80.628
-80.636
-80.499
-80.712
-80.436
-80.518
-80.458
-80.453
-80.425
-80.33
-80.248
-80.088
-79.968
-80.193
-79.985
-80.214
-80.293
-80.339
-80.326
-80.135
-80.126
-79.924
-80.085
-79.955
-80.124
-80.2
-79.965
-80.017
-79.68
-79.834
-79.682
-79.505
-79.735
-79.656
-79.714
-79.783
-79.717
-79.475
-79.226
-79.338
-79.462
-79.82
-80.174
-80.287
-80.256
-80.42
-80.425
-80.787
-80.888
-80.755
-80.985
-81.059
-81.118
-80.924
-80.924
-81.182
-80.965
-80.765
-80.467
-80.291
-80.252
-80.309
-80.352
-80.462
-80.546
-80.789
-80.663
-80.554
-80.465
-80.541
-80.573
-80.13
-80.387
-80.289
-80.126
-80.275
-80.126
-80.224
-80.401
-80.425
-80.248
-80.163
-79.971
-79.975
-79.905
-79.673
-79.929
-80.051
-80.002
-79.893
-80.14
-79.975
-80.015
-80.155
-80.305
-80.293
-80.254
-80.357
-80.338
-80.201
-80.296
-80.395
-80.382
-80.097
-80.329
-80.414
-80.197
-80.185
-80.042
-80.357
-80.289
-80.481
-80.702
-81.067
-81
-81.008
-80.911
-80.707
-80.44
-80.413
-80.326
-80.521
-80.288
-80.268
-80.206
-80.238
-80.471
-80.724
-80.722
-80.663
-80.265
-80.223
-80.023
-79.795
-79.747
-79.369
-78.933
-78.58
-78.286
-78.107
-77.949
-77.652
-77.571
-77.112
-76.635
-76.536
-76.436
-76.317
-76.319
-75.93
-75.845
-76.004
-75.983
-76.102
-75.971
-76.203
-76.57
-76.851
-76.884
-76.678
-76.626
-76.377
-76.397
-76.663
-76.427
-76.318
-76.051
-75.847
-75.88
-75.952
-75.982
-75.926
-75.806
-75.768
-75.782
-76.032
-76.221
-76.204
-76.093
-76.037
-76.217
-76.367
-76.676
-76.691
-76.764
-76.417
-76.461
-76.756
-76.578
-76.417
-76.406
-76.63
-76.575
-76.876
-76.844
-77.014
-77.037
-77.011
-77.221
-77.04
-76.995
-77.195
-77.597
-77.795
-77.791
-77.692
-77.968
-78.166
-78.018
-77.878
-77.919
-78.195
-78.278
-78.353
-78.188
-78.296
-78.356
-78.155
-78.305
-78.237
-78.293
-78.413
-77.943
-77.918
-77.891
-77.921
-78.031
-78.063
-77.789
-77.993
-78.231
-78.245
-78.279
-78.298
-78.456
-78.562
-78.691
-78.746
-78.776
-78.766
-78.961
-78.907
-78.585
-78.935
-79.185
-78.959
-78.882
-79.006
-78.967
-79.138
-79.34
-79.32
-79.301
-79.677
-79.488
-79.856
-80.046
-80.053
-80.015
-79.818
-79.843
-80.007
-80.097
-79.947
-79.856
-79.854
-79.757
-79.484
-79.692
-80.137
-79.933
-79.991
-79.942
-80.185
-80.25
-80.318
-80.407
-80.655
-80.504
-80.763
-80.568
-80.482
-80.811
-80.751
-80.588
-80.29
-80.297
-80.4
-80.161
-80.2
-80.29
-80.091
-80.139
-80.13
-80.144
-80.232
-79.929
-80.069
-80.144
-80.302
-80.29
-80.124
-80.18
-80.451
-80.36
-80.346
-80.462
-80.653
-80.59
-80.705
-80.751
-80.748
-80.892
-80.792
-81.231
-81.603
-81.446
-81.598
-81.429
-81.382
-81.539
-81.424
-81.303
-81.286
-81.103
-81.341
-81.374
-81.583
-81.523
-81.519
-81.446
-81.433
-81.363
-81.308
-81.431
-81.36
-81.495
-81.404
-81.421
-81.441
-81.454
-81.359
-81.558
-81.522
-81.488
-81.636
-81.847
-81.82
-82.069
-82.132
-82.017
-81.792
-81.977
-82.062
-81.773
-81.735
-81.621
-81.677
-81.683
-81.434
-81.386
-81.538
-81.429
-81.453
-81.637
-81.727
-81.855
-81.471
-81.34
-81.387
-81.224
-81.081
-81.31
-81.511
-81.405
-81.304
-81.22
-81.159
-80.764
-80.389
-80.237
-79.895
-79.87
-79.537
-79.027
-78.691
-78.486
-78.07
-77.973
-77.724
-77.496
-77.429
-76.965
-76.854
-76.82
-76.436
-76.465
-76.392
-76.768
-77.76
-78.46
-78.889
-79.238
-79.138
-79.452
-79.681
-79.797
-79.692
-79.544
-79.632
-79.697
-79.715
-79.669
-79.915
-79.753
-79.639
-79.842
-79.963
-79.531
-79.738
-79.631
-79.83
-80.047
-79.982
-80.144
-80.165
-80.178
-79.954
-80.078
-80.084
-79.888
-80.265
-80.18
-80.106
-80.218
-80.462
-80.578
-80.421
-80.169
-80.348
-80.36
-80.026
-79.874
-80.028
-79.864
-79.911
-80.008
-80.094
-80.116
-79.95
-79.895
-79.982
-79.961
-79.958
-79.973
-79.831
-79.877
-80.013
-80.193
-80.144
-80.067
-79.99
-79.923
-79.976
-79.844
-80.084
-80.215
-80.015
-79.91
-79.939
-79.993
-79.919
-79.735
-79.836
-79.915
-80.071
-80.076
-80.255
-80.368
-80.218
-80.153
-80.179
-80.293
-80.085
-80.199
-80.109
-79.973
-79.99
-80.478
-80.455
-80.407
-80.24
-80.105
-80.164
-80.242
-80.023
-80.123
-80.335
-80.359
-80.124
-80.275
-80.187
-80.055
-79.987
-79.946
-79.873
-79.963
-80.151
-80.07
-80.483
-80.386
-80.336
-80.59
-80.65
-80.629
-80.358
-80.536
-80.376
-80.402
-80.141
-79.889
-79.855
-79.862
-80.054
-79.839
-79.82
-79.829
-79.844
-79.831
-79.785
-79.909
-79.909
-80.065
-80.063
-80.24
-80.042
-79.905
-79.814
-79.779
-79.583
-79.624
-79.933
-80.124
-80.362
-80.313
-80.289
-80.441
-80.505
-80.397
-80.321
-80.066
-80.066
-80.423
-80.628
-80.601
-80.616
-80.392
-80.292
-80.332
-80.327
-80.354
-80.356
-80.508
-80.334
-80.268
-80.204
-80.317
-80.292
-80.292
-79.94
-79.976
-79.993
-80.087
-80.13
-80.379
-80.397
-80.235
-80.172
-80.459
-80.46
-80.264
-80.12
-80.251
-80.241
-80.071
-79.812
-79.922
-79.895
-80.184
-80.249
-80.307
-80.481
-80.488
-80.381
-80.432
-80.558
-80.692
-80.78
-80.584
