-73.83
-73.645
-73.307
-73.136
-73.107
-72.747
-72.883
-72.478
-72.309
-71.868
-71.299
-71.108
-70.779
-70.421
-70.091
-69.852
-69.686
-69.507
-69.369
-69.164
-68.74
-68.393
-68.216
-67.775
-67.544
-67.352
-67.191
-66.846
-66.834
-66.551
-66.486
-66.722
-66.669
-67.185
-69.147
-71.425
-73.543
-75.052
-76.221
-77.122
-77.951
-78.624
-78.666
-78.878
-79.173
-79.251
-79.388
-79.387
-79.56
-79.698
-79.56
-79.562
-79.716
-79.727
-79.865
-79.734
-79.615
-79.727
-79.65
-79.569
-79.592
-79.75
-79.827
-80.122
-80.268
-79.98
-79.853
-79.607
-79.706
-79.851
-79.946
-79.994
-80.179
-79.705
-79.995
-80.105
-80.172
-80.535
-80.431
-80.211
-80.273
-80.339
-80.298
-80.012
-80.399
-80.28
-80.198
-80.077
-79.977
-79.929
-79.825
-79.42
-79.322
-79
-78.976
-79.13
-78.986
-79.331
-79.346
-79.268
-79.492
-79.662
-79.499
-79.353
-79.144
-79.105
-79.163
-79.176
-79.416
-79.365
-79.461
-79.349
-79.44
-79.614
-79.521
-79.475
-79.385
-79.513
-79.647
-79.835
-79.663
-79.488
-79.447
-79.55
-79.398
-79.409
-79.678
-79.78
-79.414
-79.417
-79.723
-79.696
-79.984
-80.019
-80.023
-80.006
-80.136
-80.278
-80.167
-80.129
-80.079
-80.19
-80.143
-80.196
-80.156
-80.014
-79.86
-79.641
-79.328
-79.247
-79.177
-79.034
-78.849
-79.068
-79.073
-79.027
-79.06
-79.153
-79.299
-79.395
-79.58
-79.293
-79.054
-79.174
-79.605
-79.48
-79.586
-79.505
-79.666
-79.577
-79.699
-79.629
-79.744
-79.565
-79.508
-79.621
-79.523
-79.555
-79.548
-79.366
-79.436
-79.433
-79.555
-79.624
-79.58
-79.347
-79.238
-79.486
-79.465
-79.82
-79.744
-79.514
-79.403
-79.401
-79.229
-79.34
-79.205
-79.412
-79.639
-79.44
-79.447
-79.616
-79.719
-79.714
-79.941
-79.914
-79.822
-79.714
-79.845
-79.72
-79.786
-79.741
-79.194
-78.958
-78.829
-79.105
-79.079
-79.304
-79.393
-79.116
-79.431
-79.542
-79.549
-79.537
-79.464
-79.437
-79.414
-79.703
-79.582
-79.164
-79.273
-79.476
-79.632
-79.532
-79.532
-79.537
-79.288
-79.223
-79.309
-79.404
-79.449
-79.373
-79.345
-79.443
-79.629
-79.792
-79.79
-79.988
-79.838
-80.023
-79.892
-79.592
-79.629
-79.451
-79.157
-79.347
-79.439
-79.364
-79.582
-79.859
-79.86
-79.613
-79.812
-79.578
-79.424
-79.472
-79.413
-79.478
-79.263
-79.391
-79.442
-79.598
-79.627
-79.464
-79.477
-79.432
-79.534
-79.739
-79.857
-79.834
-79.843
-80.003
-80.012
-79.907
-80.003
-79.914
-79.775
-79.979
-79.87
-80.052
-79.677
-79.508
-79.635
-79.308
-79.152
-79.228
-79.517
-79.614
-79.727
-79.832
-79.701
-79.746
-79.612
-79.485
-79.721
-79.526
-79.663
-79.881
-79.608
-79.678
-79.593
-79.563
-79.703
-79.61
-79.624
-79.78
-79.884
-79.751
-79.665
-79.686
-79.974
-79.777
-79.773
-79.784
-79.968
-79.945
-79.648
-79.704
-79.793
-79.73
-79.804
-80.038
-80.017
-80.08
-79.817
-79.962
-79.897
-80.062
-79.959
-79.928
-79.883
-79.843
-79.766
-79.668
-79.646
-79.732
-80.207
-79.861
-79.88
-79.822
-79.987
-79.982
-79.878
-80.243
-80.093
-79.969
-80.008
-79.996
-79.89
-79.724
-79.903
-79.961
-80.156
-79.903
-80.025
-80.205
-80.128
-80.095
-80.091
-80.107
-79.916
-79.842
-79.783
-79.705
-79.613
-79.626
-79.525
-79.543
-79.848
-79.786
-79.933
-79.967
-80.151
-80.127
-80.072
-79.914
-80.146
-79.93
-80.165
-79.937
-80.142
-80.014
-80.012
-80.096
-80.161
-80.144
-80.011
-79.956
-80.01
-79.829
-79.861
-79.802
-79.846
-79.779
-79.762
-80.012
-79.897
-79.948
-79.886
-80.047
-80.042
-79.713
-79.901
-79.926
-79.958
-79.949
-79.912
-80.035
-79.963
-79.998
-79.902
-80.094
-79.833
-79.649
-79.278
-79.041
-78.829
-78.597
-78.538
-78.871
-78.934
-78.721
-78.689
-78.504
-78.581
-78.532
-78.512
-78.603
-79.037
-78.926
-78.997
-78.962
-78.721
-78.632
-78.876
-78.934
-79.005
-79.032
-79.034
-79.016
-79.107
-79.266
-79.392
-79.493
-79.501
-79.531
-79.348
-79.072
-79.265
-79.044
-79.134
-79.278
-79.217
-79.401
-79.277
-79.541
-79.584
-79.726
-79.773
-79.811
-79.679
-79.943
-79.83
-79.489
-79.536
-79.641
-79.496
-79.206
-79.202
-79.073
-79.095
-79.165
-79.307
-79.405
-79.197
-78.935
-78.365
-78.112
-77.784
-77.422
-77.323
-77.297
-77.366
-77.675
-77.824
-78.162
-78.488
-79.027
-79.013
-78.853
-78.933
-78.971
-79.295
-78.969
-79.112
-79.218
-79.059
-78.944
-79.235
-79.209
-79.186
-79.328
-79.462
-79.378
-79.359
-79.353
-79.719
-79.652
-79.461
-79.339
-79.466
-79.589
-79.723
-79.881
-79.892
-80.038
-80.024
-79.781
-79.647
-79.679
-79.686
-79.574
-79.658
-79.753
-79.554
-79.621
-79.652
-79.544
-79.248
-79.118
-79.039
-79.175
-79.054
-78.956
-78.741
-79.076
-79.039
-79.385
-79.254
-79.414
-79.554
-79.322
-79.588
-79.626
-79.68
-79.477
-79.532
-79.246
-79.124
-79.215
-79.24
-79.069
-79.084
-79.304
-79.689
-79.662
-79.721
-79.546
-79.372
-79.364
-79.461
-79.706
-79.82
-79.508
-79.694
-79.429
-79.369
-79.659
-79.474
-79.749
-79.581
-79.659
-79.692
-79.827
-80.012
-79.936
-79.608
-79.646
-79.661
-79.692
-79.629
-79.719
-79.528
-79.59
-79.746
-79.649
-79.377
-79.58
-79.86
-79.93
-80.12
-79.972
-80.203
-80.023
-79.913
-79.775
-79.831
-79.76
-79.708
-79.689
-79.637
-79.892
-79.977
-79.831
-79.852
-79.711
-79.708
-79.521
-79.569
-79.562
-79.634
-79.612
-79.782
-79.947
-79.967
-79.962
-79.936
-80.004
-79.856
-80.093
-80.058
-80.154
-80.209
-80.146
-80.273
-80.458
-80.098
-79.968
-80.288
-80.203
-80.211
-80.364
-80.238
-80.159
-80.298
-80.026
-79.849
-79.84
-79.792
-79.942
-80.028
-80.112
-80.045
-80.086
-80.094
-80.057
-80.041
-80.231
-80.071
-79.945
-80.152
-80.202
-80.231
-80.183
-80.203
-80.126
-80.347
-80.31
-80.343
-80.528
-80.484
-80.275
-80.185
-80.454
-80.699
-80.979
-80.979
-80.43
-80.266
-80.163
-80.002
-79.685
-79.619
-79.668
-79.724
-79.961
-80.267
-80.264
-80.28
-80.403
-80.412
-80.362
-80.238
-80.257
-80.315
-80.088
-80.102
-80.08
-80.009
-80.067
-79.794
-79.663
-79.779
-79.849
-79.885
-79.788
-80.001
-79.847
-79.793
-79.406
-79.24
-79.306
-79.306
-79.398
-79.511
-79.549
-79.515
-79.655
-79.489
-79.544
-79.571
-80.215
-80.254
-80.194
-80.13
-80.196
-80.379
-80.426
-80.51
-80.378
-80.151
-79.974
-80.121
-80.02
-79.903
-80.117
-80.018
-79.807
-79.602
-79.665
-79.597
-79.908
-79.678
-79.674
-79.744
-79.669
-79.731
-79.676
-79.555
-79.481
-79.434
-79.482
-79.633
-79.534
-79.714
-79.738
-80.066
-79.837
-79.598
-79.648
-79.708
-79.849
-79.784
-79.707
-79.626
-79.882
-79.771
-79.707
-79.621
-79.82
-79.812
-79.701
-79.521
-79.717
-79.883
-79.91
-79.812
-79.587
-79.725
-79.55
-79.384
-79.218
-79.048
-78.91
-78.848
-78.988
-79.092
-79.233
-79.411
-79.185
-79.352
-79.403
-79.527
-79.34
-79.299
-79.347
-79.289
-79.519
-79.311
-79.468
-79.375
-79.213
-79.241
-79.434
-79.384
-79.293
-79.708
-79.876
-79.898
-79.944
-79.604
-79.728
-79.58
-79.625
-79.657
-79.447
-79.445
-79.715
-79.845
-79.7
-79.651
-79.888
-79.919
-79.815
-79.563
-79.549
-79.744
-79.883
-79.738
-79.747
-79.616
-79.609
-79.56
-79.829
-79.855
-79.713
-79.585
-79.731
-79.782
-80.118
-80.405
-80.266
-80.561
-80.62
-80.482
-80.308
-80.08
-79.852
-79.998
-80.132
-80.175
-80.228
-80.232
-80.263
-80.344
-80.212
-80.107
-80.039
-80.061
-80.216
-79.965
-79.557
-79.748
-79.942
-79.932
-80.024
-79.958
-79.963
-79.808
-79.78
-79.721
-79.805
-80.079
-79.947
-80.037
-80.016
-80.029
-79.819
-79.959
-79.715
-79.884
-80.015
-79.928
-80.006
-79.884
-79.897
-79.92
-79.861
-80.139
-80.309
-80.296
-80.186
-80.278
-80.186
-80.049
-80.012
-80.134
-80.004
-80.06
-79.867
-79.774
-79.969
-79.839
-79.762
-79.744
-79.584
-79.527
-79.609
-79.794
-79.789
-79.856
-79.647
-79.548
-79.497
-79.607
-79.715
-79.654
-79.714
-79.832
-79.789
-79.694
-79.722
-79.611
-79.789
-79.725
-80.004
-80.144
-80.364
-80.158
-80.166
-80.273
-80.251
-80.056
-79.956
-79.971
-79.884
-80.09
-79.915
-79.975
-79.635
-79.554
-79.373
-79.446
-79.441
-79.759
-79.94
-80.173
-80.183
-80.179
-80.045
-80.283
-80.232
-80.251
-80.216
-80.073
-80.129
-80.169
-80.303
-80.004
-79.876
-79.739
-79.934
-80.08
-79.823
-79.858
-79.977
-80.035
-79.921
-79.961
-80.103
-79.986
-80.079
-80.089
-79.967
-79.844
-79.901
-79.841
-79.975
-80.049
-79.992
-79.718
-79.838
-79.56
-79.249
-79.447
-79.832
-79.658
-79.949
-79.844
-79.619
-79.578
-79.755
-79.838
-79.983
-80.084
-79.842
-79.673
-80.064
-79.786
-80.133
-80.093
