-66.908
-66.975
-66.993
-66.801
-66.926
-66.843
-66.8
-66.738
-67.077
-66.819
-67.02
-66.863
-67.17
-67.178
-67.303
-67.281
-67.487
-67.409
-67.556
-67.537
-67.575
-67.593
-67.367
-67.64
-67.74
-67.823
-68.285
-68.58
-68.387
-68.44
-68.593
-68.45
-68.534
-68.654
-68.581
-68.752
-68.949
-69.03
-69.248
-69.284
-69.48
-69.482
-69.765
-69.779
-69.37
-69.5
-69.513
-69.185
-68.988
-69.035
-68.724
-68.559
-68.252
-67.89
-67.723
-67.579
-67.302
-66.772
-66.414
-66.197
-66.04
-65.877
-65.877
-65.889
-65.555
-65.166
-66.546
-69.221
-72.131
-74.406
-76.038
-77.231
-77.942
-78.506
-79.117
-79.249
-79.258
-79.505
-79.55
-79.774
-79.715
-79.696
-79.829
-79.964
-79.722
-79.773
-79.935
-80.033
-79.971
-79.727
-79.885
-79.835
-79.624
-79.84
-79.863
-79.797
-79.649
-79.426
-79.239
-79.54
-79.784
-79.495
-79.345
-79.169
-79.279
-79.383
-79.192
-79.206
-79.394
-79.422
-79.368
-79.254
-79.478
-79.498
-79.313
-79.302
-79.586
-79.34
-79.42
-79.698
-79.834
-79.622
-79.57
-79.701
-79.57
-79.47
-79.303
-79.421
-79.477
-79.704
-79.901
-80.007
-79.927
-79.731
-79.758
-79.709
-79.534
-79.782
-79.769
-80.038
-79.907
-79.904
-79.541
-79.543
-79.271
-79.224
-78.92
-78.561
-78.705
-78.885
-79.011
-79.01
-79.035
-79.374
-79.43
-79.548
-79.589
-79.767
-79.781
-79.977
-79.936
-80.038
-79.988
-79.992
-80.048
-79.859
-79.692
-79.641
-79.575
-79.874
-80.081
-79.94
-79.837
-79.78
-79.864
-79.926
-80.07
-79.968
-79.857
-79.891
-79.908
-79.952
-80.152
-79.932
-79.896
-79.647
-79.671
-79.815
-79.665
-79.708
-79.76
-79.875
-79.894
-79.694
-79.571
-79.509
-79.398
-79.379
-79.32
-79.354
-79.12
-79.249
-79.24
-79.399
-79.222
-79.091
-79.071
-79.226
-79.393
-79.34
-79.452
-79.486
-79.071
-79.269
-79.493
-79.37
-79.422
-79.181
-79.084
-79.436
-79.585
-79.791
-79.444
-79.137
-78.665
-78.547
-78.002
-77.745
-77.855
-78.001
-78.119
-77.946
-77.993
-78.34
-78.514
-78.596
-78.769
-79.068
-78.8
-79.098
-79.206
-79.303
-79.345
-79.206
-79.326
-79.173
-79.227
-79.078
-79.216
-79.126
-79.289
-79.528
-79.531
-79.353
-79.403
-79.425
-79.46
-79.733
-79.669
-79.711
-79.59
-79.493
-79.533
-79.849
-80.015
-79.994
-79.907
-79.896
-79.88
-79.894
-79.854
-79.705
-79.559
-79.573
-79.486
-79.597
-79.684
-79.94
-79.763
-79.781
-79.79
-79.832
-79.763
-80.067
-79.896
-79.954
-80.01
-79.946
-79.95
-79.865
-79.732
-79.794
-79.964
-79.85
-79.867
-79.707
-79.853
-79.915
-79.709
-79.814
-79.648
-79.659
-79.668
-79.814
-79.727
-79.831
-79.881
-79.686
-79.912
-79.625
-79.839
-79.891
-79.582
-79.643
-79.631
-79.629
-79.746
-79.845
-80.004
-80.171
-80.024
-80.095
-80.166
-80.165
-80.073
-79.991
-79.787
-79.92
-79.908
-80.218
-80.206
-80.193
-80.215
-80.001
-79.713
-79.653
-79.772
-79.925
-79.934
-80.006
-79.763
-79.876
-79.752
-79.905
-80.099
-80.251
-80.282
-80.116
-80.342
-80.592
-80.406
-79.949
-80.06
-79.87
-79.919
-79.802
-79.845
-80.011
-79.848
-79.885
-79.734
-79.588
-79.614
-79.744
-80.096
-79.989
-80.081
-80.203
-80.405
-80.43
-80.282
-80.294
-80.122
-80.089
-80.216
-79.907
-79.762
-79.902
-79.919
-80.092
-80.174
-80.072
-79.84
-79.918
-79.878
-79.917
-79.832
-80.086
-80.059
-79.903
-80.081
-79.859
-79.735
-79.62
-79.602
-79.634
-79.647
-79.669
-79.484
-79.514
-79.515
-79.621
-79.393
-79.306
-79.505
-79.577
-79.697
-79.607
-79.75
-79.868
-80.011
-80.321
-80.06
-79.925
-79.917
-79.942
-80.245
-80.386
-80.012
-80.306
-80.111
-80.115
-80.342
-80.637
-80.425
-80.613
-80.459
-80.234
-79.853
-79.675
-79.405
-79.391
-79.217
-79.138
-78.701
-78.607
-78.587
-78.432
-78.282
-78.153
-78.201
-78.118
-78.137
-77.845
-77.711
-77.552
-77.701
-77.916
-78.071
-78.019
-78.179
-77.928
-77.703
-77.581
-77.823
-78.033
-78.052
-78.084
-77.907
-77.992
-78.189
-78.089
-78.212
-78.438
-78.381
-78.44
-78.443
-78.34
-78.176
-78.07
-78.124
-78.25
-78.067
-78.249
-78.195
-78.088
-78.259
-78.039
-78.307
-77.983
-77.997
-78.226
-78.436
-78.459
-78.265
-78.42
-78.659
-78.889
-78.668
-78.368
-78.247
-78.274
-78.666
-78.907
-78.886
-78.607
-78.533
-78.552
-78.252
-78.149
-78.15
-77.896
-78.024
-78.098
-78.082
-77.906
-78.016
-77.816
-77.413
-77.159
-77.036
-76.916
-76.756
-76.472
-76.166
-75.783
-75.725
-75.65
-75.431
-75.45
-75.416
-75.169
-75.258
-75.358
-75.469
-75.454
-75.317
-75.097
-75.166
-75.205
-75.17
-75.197
-75.194
-75.043
-75.071
-75.063
-75.156
-75.154
-75.086
-75.197
-75.218
-75.141
-75.046
-75.398
-75.292
-75.49
-75.745
-75.903
-75.736
-75.797
-75.809
-75.678
-75.618
-75.855
-75.725
-75.83
-75.819
-75.828
-75.795
-75.911
-75.631
-75.725
-76.058
-76.364
-76.431
-76.436
-76.495
-76.499
-76.526
-76.451
-76.462
-76.141
-76.06
-76.222
-76.465
-76.491
-76.754
-76.602
-76.609
-76.547
-76.724
-76.767
-76.983
-77.249
-77.171
-77.577
-77.336
-77.055
-77.232
-77.251
-77.409
-77.628
-77.952
-78.083
-78.183
-78.117
-78.04
-78.093
-78.404
-78.433
-78.507
-78.639
-78.837
-79.054
-79.201
-79.06
-78.961
-78.86
-79.097
-78.873
-78.861
-78.967
-79.055
-78.997
-79.211
-79.19
-79.239
-79.283
-79.466
-79.494
-79.327
-79.326
-79.559
-79.426
-79.412
-79.499
-79.439
-79.901
-79.447
-79.425
-79.372
-79.253
-79.399
-79.377
-79.339
-79.402
-79.294
-79.446
-79.724
-79.923
-79.814
-79.794
-79.825
-80.069
-79.918
-79.636
-79.559
-79.627
-79.707
-79.673
-79.607
-79.559
-79.566
-79.438
-79.612
-79.653
-79.672
-80.094
-80.022
-79.682
-79.427
-79.766
-79.566
-79.243
-79.303
-79.095
-79.258
-79.332
-79.237
-79.307
-79.199
-79.237
-79.269
-79.267
-79.377
-79.764
-79.749
-79.916
-79.927
-79.831
-79.756
-79.872
-79.624
-79.503
-79.501
-79.533
-79.848
-79.941
-79.845
-79.923
-79.952
-80.066
-80.234
-80.132
-80.284
-80.111
-79.926
-79.877
-79.858
-79.647
-79.539
-79.722
-79.636
-79.444
-79.19
-79.154
-79.062
-79.094
-79.324
-79.285
-79.222
-79.223
-79.09
-78.911
-78.943
-78.794
-78.499
-78.587
-78.69
-78.443
-78.408
-78.734
-78.727
-78.465
-78.389
-78.723
-79.198
-79.233
-79.111
-78.962
-78.993
-78.881
-78.883
-78.924
-78.888
-78.599
-78.557
-78.621
-78.575
-78.453
-78.54
-78.722
-78.795
-78.75
-78.81
-79.174
-79.412
-79.385
-79.431
-79.396
-79.556
-79.446
-79.478
-79.09
-79.006
-79.065
-78.953
-78.974
-78.879
-78.629
-78.716
-78.785
-78.592
-78.286
-78.296
-78.188
-78.106
-78.119
-78.373
-78.235
-77.959
-78.122
-78.286
-78.141
-78.26
-78.355
-78.492
-78.386
-77.975
-77.951
-78.144
-78.439
-78.658
-78.694
-78.709
-78.653
-78.786
-78.933
-78.846
-78.954
-79.073
-79.043
-79.036
-79.044
-78.626
-78.673
-78.638
-78.656
-78.576
-78.451
-78.322
-78.262
-78.023
-78.042
-77.873
-77.856
-78.184
-78.157
-78.113
-78.114
-77.967
-77.822
-77.594
-77.239
-77.268
-77.067
-77.175
-77.016
-76.921
-77.069
-76.906
-77.073
-77.035
-76.924
-77.184
-77.156
-76.846
-76.865
-76.595
-76.58
-76.524
-76.588
-76.549
-76.545
-76.724
-76.772
-76.479
-76.6
-76.409
-76.163
-76.473
-76.556
-76.505
-76.542
-76.338
-76.188
-76.065
-76.257
-76.236
-76.165
-76.178
-76.208
-76.143
-75.977
-75.945
-76.066
-76.126
-76.08
-76.002
-76.079
-76.309
-76.467
-76.606
-76.443
-76.727
-76.647
-76.581
-76.413
-76.321
-76.097
-75.971
-76.219
-76.194
-76.122
-76.235
-76.389
-76.447
-76.362
-76.377
-76.345
-76.446
-76.294
-76.376
-76.674
-76.729
-76.81
-76.848
-76.65
-76.443
-76.593
-76.522
-76.366
-76.402
-76.371
-76.243
-76.341
-76.305
-76.438
-76.545
-76.3
-76.529
-76.458
-76.738
-77
-76.91
-76.881
-76.888
-76.884
-76.921
-77.088
-77.135
-76.835
-76.938
-76.785
-76.608
-76.612
-76.592
-76.735
-76.985
-76.806
-76.683
-77.012
-76.586
-76.627
-76.858
-76.711
-76.74
-76.534
-76.738
-76.748
-76.719
-76.611
-76.736
-76.616
-76.462
-76.663
-77.024
-77.058
-77.022
-76.91
-76.929
-76.872
-76.943
-76.708
-76.856
-76.874
-76.666
-76.745
-76.893
-76.805
-76.775
-77.038
-76.936
-76.736
-77.225
-77.193
-77.315
-77.201
-77.179
-76.914
-76.798
-76.566
-76.579
-76.579
-76.518
-76.38
-76.451
-76.112
-75.894
-75.777
-75.966
-75.76
-76.083
-76.24
-76.269
-76.276
-76.548
-76.318
-76.125
-76.272
-76.618
-76.421
-76.473
-76.317
-76.137
-76.348
-76.454
-76.416
-76.354
-76.156
-75.961
-76.122
-75.595
-75.448
-75.659
-75.624
-75.357
-75.419
-75.47
-75.181
-75.149
