-76.6
-76.305
-76.193
-76.326
-76.181
-76.348
-76.478
-76.451
-76.706
-76.345
-76.254
-76.206
-76.049
-76.07
-76.386
-76.308
-76.28
-75.977
-75.796
-75.846
-75.844
-76.045
-75.993
-76.28
-75.987
-76.159
-76.001
-76.028
-76.147
-75.836
-75.71
-75.565
-75.654
-75.478
-75.482
-75.29
-75.426
-75.348
-75.25
-75.453
-75.17
-74.838
-74.877
-74.837
-74.954
-74.718
-75.045
-75.143
-75.263
-75.45
-75.523
-75.572
-75.59
-75.513
-75.535
-75.394
-75.29
-75.057
-75.554
-75.483
-75.299
-75.176
-75.623
-75.63
-75.471
-75.557
-75.641
-75.748
-75.8
-75.817
-75.816
-75.725
-75.747
-75.868
-75.903
-75.988
-75.887
-75.999
-76.067
-75.912
-75.927
-75.96
-75.885
-75.712
-75.816
-75.976
-76.035
-76.387
-76.082
-76.196
-76.369
-76.264
-75.88
-75.83
-75.67
-75.666
-75.939
-76.073
-75.734
-75.69
-75.863
-75.987
-76.027
-76.233
-76.302
-76.262
-76.036
-76.023
-75.945
-75.821
-75.742
-75.796
-75.712
-75.724
-75.908
-75.743
-75.704
-75.724
-75.7
-75.726
-75.526
-75.74
-75.668
-75.768
-75.77
-75.807
-75.84
-75.772
-75.976
-75.966
-76.091
-76.18
-76.269
-76.315
-76.287
-76.109
-76.16
-76.214
-76.209
-76.207
-76.354
-76.498
-76.656
-76.781
-76.742
-76.741
-76.466
-76.617
-76.663
-76.576
-76.808
-76.86
-77.043
-76.919
-76.888
-77.01
-77.129
-77.137
-77.079
-77.153
-77.127
-77.318
-77.057
-76.861
-77.158
-77.38
-77.363
-77.164
-77.225
-76.825
-76.956
-77.013
-77.111
-77.297
-77.508
-77.5
-77.311
-77.387
-77.611
-77.929
-78.008
-78.183
-78.21
-77.956
-77.991
-77.925
-77.888
-77.567
-77.425
-77.092
-77.104
-76.844
-76.852
-76.743
-76.7
-76.569
-76.321
-76.148
-75.74
-75.983
-75.962
-76.208
-76.24
-76.257
-76.41
-76.301
-76.421
-76.293
-76.168
-76.051
-76.047
-75.953
-76.067
-76.203
-76.036
-76.029
-76.018
-75.991
-75.919
-75.959
-75.843
-75.82
-75.754
-75.892
-76.132
-76.078
-75.718
-75.538
-75.485
-74.945
-74.569
-74.328
-74.438
-74.302
-74.067
-73.61
-73.457
-73.156
-72.702
-72.56
-72.341
-72.302
-72.276
-72.035
-71.842
-71.646
-71.495
-71.298
-71.162
-70.77
-70.658
-70.657
-70.679
-70.366
-70.192
-70.06
-69.917
-69.859
-69.94
-69.825
-70.039
-70.234
-70.168
-70.047
-70.28
-70.061
-70.037
-69.688
-69.55
-69.663
-69.607
-69.739
-69.64
-69.551
-69.739
-69.721
-69.854
-69.848
-69.952
-69.76
-69.887
-69.763
-69.799
-69.534
-69.592
-69.449
-69.385
-69.431
-69.638
-69.838
-70.041
-70.106
-70.005
-69.98
-70.106
-69.791
-69.697
-69.763
-69.679
-69.594
-69.805
-70.161
-69.886
-69.904
-70.104
-70.007
-70.059
-70.01
-70.154
-70.139
-70.213
-69.996
-69.696
-69.462
-69.386
-69.36
-69.13
-69.244
-68.934
-69.079
-68.708
-68.645
-68.51
-68.73
-68.767
-68.828
-68.76
-68.758
-68.708
-68.703
-68.706
-68.438
-68.48
-68.642
-68.629
-68.703
-68.505
-68.425
-68.45
-68.95
-69.052
-68.815
-69.091
-69.045
-69.002
-69.004
-69.2
-69.08
-69.086
-69.236
-69.285
-69.242
-69.66
-69.645
-69.898
-70.019
-69.844
-69.759
-70.026
-70.351
-70.074
-70.173
-70.014
-70.413
-70.254
-70.066
-70.161
-70.031
-70.023
-70.078
-70.001
-70.157
-70.226
-70.167
-70.361
-70.342
-70.167
-70.394
-70.603
-70.564
-70.425
-70.685
-70.872
-70.962
-71.157
-71.331
-71.321
-71.422
-71.313
-71.037
-71.356
-71.44
-71.516
-71.612
-71.568
-71.466
-71.584
-71.49
-71.524
-71.37
-71.23
-71.135
-70.993
-71.159
-71.255
-71.238
-71.413
-71.31
-71.272
-71.612
-71.374
-71.57
-71.836
-71.645
-71.435
-71.661
-71.632
-71.684
-71.471
-71.363
-71.641
-71.697
-71.653
-71.647
-71.475
-71.408
-71.128
-71.096
-70.876
-70.671
-70.683
-70.776
-70.848
-70.804
-70.962
-70.909
-70.723
-70.594
-70.457
-70.279
-70.041
-70.139
-70.13
-70.259
-70.356
-70.316
-70.042
-70.339
-70.227
-70.546
-70.623
-70.707
-70.947
-70.925
-70.793
-70.753
-70.592
-70.676
-70.536
-70.486
-70.585
-70.649
-70.719
-70.682
-70.844
-70.725
-70.727
-70.812
-70.811
-70.757
-70.914
-70.935
-71.079
-71.268
-71.058
-71.118
-71.197
-71.087
-71.313
-71.204
-71.309
-71.489
-71.521
-71.424
-71.332
-71.398
-71.405
-71.309
-71.469
-71.593
-71.757
-71.494
-71.728
-71.503
-71.541
-71.511
-71.613
-71.541
-71.632
-71.658
-71.686
-71.696
-71.678
-71.419
-71.383
-70.995
-71.332
-71.695
-71.622
-71.731
-71.673
-71.669
-71.493
-71.466
-71.448
-71.423
-71.434
-71.304
-71.39
-71.32
-71.147
-71.226
-71.104
-71.231
-71.351
-71.387
-71.43
-71.36
-71.494
-71.529
-71.503
-71.633
-71.799
-71.784
-71.834
-71.944
-71.868
-71.683
-71.58
-71.607
-71.392
-71.585
-71.492
-71.231
-71.293
-71.479
-71.663
-71.413
-71.338
-70.867
-70.967
-71.199
-71.035
-71.042
-70.84
-70.826
-70.591
-70.939
-71.115
-70.87
-70.875
-71.012
-71.093
-70.874
-70.887
-70.919
-70.838
-70.92
-70.925
-70.826
-71.185
-71.43
-71.617
-71.659
-71.612
-71.83
-71.647
-71.553
-71.851
-71.777
-71.774
-72.009
-72.173
-72.134
-72.125
-72.061
-71.896
-71.75
-71.577
-71.983
-71.804
-71.869
-71.882
-71.835
-71.957
-71.864
-71.979
-72.012
-71.842
-71.944
-71.718
-71.642
-71.596
-71.594
-71.427
-71.325
-71.076
-71.078
-71.217
-71.088
-70.841
-70.99
-70.956
-71.208
-71.208
-71.238
-71.191
-71.292
-71.276
-71.359
-71.578
-71.277
-71.562
-71.284
-71.363
-71.607
-72.05
-72.418
-72.461
-72.485
-72.678
-72.964
-72.749
-72.51
-72.476
-72.349
-72.502
-72.503
-72.617
-72.595
-72.475
-72.561
-72.62
-72.485
-72.388
-72.408
-72.491
-72.425
-72.478
-72.556
-72.56
-72.665
-72.567
-72.61
-72.617
-72.644
-72.482
-72.469
-72.737
-72.746
-73.03
-72.825
-72.539
-72.616
-72.759
-72.659
-72.606
-72.725
-72.894
-72.699
-72.917
-72.865
-73.013
-73.2
-73.202
-73.261
-73.12
-73.332
-73.385
-73.051
-72.901
-73.187
-72.916
-72.886
-72.844
-72.849
-72.57
-72.077
-72.172
-71.89
-71.928
-71.919
-71.91
-72.073
-72.24
-71.939
-71.726
-71.697
-71.81
-71.887
-71.879
-71.838
-71.592
-71.573
-71.647
-71.91
-72.05
-72.034
-71.715
-71.839
-71.555
-71.547
-71.718
-71.653
-71.624
-71.483
-71.682
-71.595
-71.477
-71.404
-71.348
-71.124
-70.903
-70.529
-70.295
-70.284
-70.381
-70.467
-70.573
-70.369
-70.506
-70.571
-70.484
-70.551
-70.385
-70.44
-70.337
-70.288
-70.518
-70.743
-70.716
-70.687
-70.594
-70.795
-70.664
-70.545
-70.598
-70.417
-70.561
-70.889
-70.84
-70.921
-71.109
-71.309
-71.264
-71.407
-71.653
-71.881
-71.892
-71.816
-71.651
-71.938
-72.066
-72.146
-72.243
-72.141
-72.132
-72.125
-72.168
-72.03
-72.212
-72.158
-72.115
-72.153
-72.401
-72.335
-72.557
-72.623
-72.455
-72.507
-72.618
-72.547
-72.688
-72.45
-72.409
-72.335
-72.694
-72.607
-72.452
-72.281
-72.375
-72.463
-72.424
-72.452
-72.458
-72.249
-72.345
-72.207
-72.266
-72.18
-72.222
-72.072
-72.218
-72.423
-72.637
-72.855
-72.867
-72.753
-72.632
-72.501
-72.653
-72.702
-72.497
-72.449
-72.297
-72.45
-72.289
-72.204
-72.102
-72.102
-72.01
-72.31
-72.332
-72.225
-72.445
-72.426
-72.326
-72.334
-72.313
-72.596
-72.619
-72.73
-72.887
-72.716
-72.589
-72.626
-72.576
-72.448
-72.427
-72.423
-71.948
-72.044
-72.075
-71.916
-72.181
-71.973
-72.094
-72.467
-72.512
-72.641
-72.522
-72.515
-72.571
-72.653
-72.673
-72.834
-72.787
-72.667
-72.531
-72.855
-72.599
-72.753
-72.646
-72.796
-72.762
-72.931
-72.881
-72.782
-72.546
-72.527
-72.569
-72.644
-72.555
-72.581
-72.778
-72.775
-72.814
-73.021
-72.808
-72.782
-72.783
-72.912
-72.923
-72.896
-73.001
-73.127
-72.955
-72.862
-72.766
-72.733
-72.769
-72.566
-72.118
-71.99
-72.106
-72.134
-72.013
-72.133
-72.067
-72.09
-72.175
-72.136
-71.836
-71.712
-71.592
-71.467
-71.454
-71.412
-71.717
-71.649
-71.35
-71.516
-71.6
-71.46
-71.378
-71.51
-71.574
-71.459
-71.534
-71.406
-71.378
-71.227
-71.191
-71.005
-70.775
-70.999
-70.979
-70.95
-71.222
-71.401
-71.348
-71.357
-71.025
-70.862
-71.044
-71.042
-71.033
-71.03
-71.159
-71.133
-71.013
-71.03
-71.052
-71.052
-71.278
-71.181
-71.123
-70.817
-71.031
-70.912
-71.047
-71.3
-71.3
-71.414
-71.417
-71.228
-71.222
-71.279
-71.285
-71.114
-71.427
-71.495
-71.826
-71.886
-71.947
-71.767
-71.527
-71.384
-71.283
-71.469
-71.318
-71.354
-71.297
-71.244
-71.325
-71.332
-71.504
-71.794
-71.521
-71.356
-71.309
-71.121
-70.959
-70.888
-70.716
-70.808
-70.899
-70.749
-70.657
-70.401
-70.205
-70.324
-70.482
-70.705
-70.631
-70.781
-70.978
-70.875
-71.002
-71.22
-71.098
