-83.765
-83.623
-83.67
-83.762
-83.821
-83.822
-83.815
-83.607
-83.688
-83.975
-83.734
-83.738
-83.734
-84.04
-84.051
-83.726
-83.636
-83.619
-83.521
-83.633
-83.541
-83.795
-83.56
-83.539
-83.368
-82.955
-82.979
-83.268
-83.359
-83.339
-83.195
-83.066
-82.957
-82.882
-82.789
-82.222
-82.085
-82.269
-82.251
-82.495
-82.098
-82.305
-82.387
-82.493
-82.356
-82.132
-82.175
-81.891
-81.857
-81.872
-82.07
-82.04
-81.765
-81.691
-81.717
-81.765
-81.828
-81.683
-81.985
-82.207
-82.087
-81.934
-82.048
-82.067
-82.175
-82.283
-82.211
-82.22
-82.259
-82.037
-82.081
-82.166
-82.113
-82.138
-82.32
-82.207
-82.225
-82.317
-82.48
-82.325
-82.322
-82.425
-82.314
-82.629
-82.642
-82.519
-82.455
-82.628
-82.792
-82.92
-82.914
-82.923
-82.872
-83.025
-83.372
-83.381
-83.413
-83.533
-83.634
-83.861
-83.983
-83.804
-83.947
-84.181
-84.392
-84.137
-84.296
-84.517
-84.661
-84.578
-84.627
-84.723
-84.572
-84.448
-84.415
-84.445
-84.41
-84.25
-84.308
-84.112
-83.793
-83.95
-83.771
-83.853
-83.879
-83.782
-83.507
-83.542
-83.412
-83.345
-83.231
-83.276
-83.058
-82.968
-82.842
-82.773
-82.338
-82.201
-82.2
-82.314
-82.416
-82.21
-81.939
-81.652
-81.515
-81.259
-80.796
-80.581
-80.546
-80.206
-79.986
-79.626
-79.255
-79.132
-78.847
-78.562
-78.377
-78.367
-78.056
-77.889
-78.021
-78.255
-78.202
-77.946
-77.609
-77.277
-77.099
-76.944
-76.961
-76.974
-76.826
-76.805
-76.758
-76.883
-76.593
-76.2
-76.153
-76.286
-76.265
-76.484
-76.226
-76.144
-75.986
-76.071
-76.111
-75.742
-75.67
-75.514
-75.412
-75.314
-75.431
-75.348
-75.222
-75.366
-75.6
-75.449
-75.331
-75.396
-75.306
-75.413
-75.39
-75.261
-75.277
-75.441
-75.6
-75.714
-75.673
-75.813
-76.073
-75.945
-76.028
-75.885
-75.672
-75.476
-75.807
-75.761
-75.879
-76.091
-76.232
-76.3
-75.996
-75.98
-75.874
-75.922
-75.965
-75.887
-75.749
-75.743
-75.884
-75.704
-75.6
-75.489
-75.358
-75.265
-75.58
-75.557
-75.708
-75.701
-75.83
-75.828
-76.203
-76.318
-76.285
-76.296
-76.195
-76.286
-76.377
-76.352
-76.538
-76.499
-76.377
-76.174
-76.232
-76.284
-76.075
-75.786
-75.272
-75.27
-75.084
-74.595
-74.318
-74.024
-73.518
-73.161
-72.785
-72.443
-71.978
-71.958
-71.857
-71.303
-71.081
-71.119
-71.004
-71.003
-70.956
-70.887
-70.617
-70.234
-70.252
-70.277
-69.984
-69.824
-69.802
-69.878
-69.489
-69.434
-69.53
-69.703
-69.507
-69.42
-68.959
-68.748
-68.802
-68.593
-68.406
-68.431
-68.297
-68.339
-68.26
-68.313
-68.214
-68.294
-68.51
-68.792
-68.795
-68.807
-68.804
-68.561
-68.477
-68.691
-68.654
-68.631
-68.355
-68.081
-68.027
-68.111
-68.049
-67.99
-67.856
-67.716
-67.831
-68.051
-68.162
-68.054
-67.797
-67.934
-67.814
-67.99
-67.97
-68.111
-68.331
-68.548
-68.763
-68.8
-68.991
-68.995
-68.85
-69.027
-69.251
-69.523
-69.376
-69.032
-69.186
-69.14
-69.554
-69.557
-69.658
-69.711
-69.875
-70.02
-70.048
-70.076
-70.221
-70.234
-70.077
-70.244
-70.315
-70.283
-70.124
-70.157
-70.451
-70.716
-70.556
-70.16
-70.143
-70.19
-70.16
-69.894
-69.968
-69.939
-69.919
-69.53
-69.472
-69.052
-68.842
-69.005
-69.036
-68.666
-68.64
-68.552
-68.36
-68.523
-68.298
-68.355
-67.857
-67.894
-68.151
-68.092
-68.136
-68.109
-68.318
-68.058
-67.742
-67.593
-67.679
-67.795
-67.83
-67.695
-67.659
-68.002
-68.102
-68.158
-68.045
-67.962
-67.968
-67.947
-68.172
-68.318
-68.625
-68.516
-68.192
-68.151
-68.19
-68.565
-68.488
-68.686
-69.087
-69.254
-69.198
-69.177
-69.201
-69.192
-69.302
-69.368
-69.213
-69.083
-68.913
-68.838
-68.718
-68.563
-68.527
-68.582
-68.665
-68.738
-68.798
-68.759
-68.734
-68.762
-68.64
-68.874
-69.003
-68.998
-69.139
-69.161
-69.483
-69.765
-69.841
-69.904
-69.757
-69.981
-70.1
-70.335
-70.414
-70.353
-70.335
-70.276
-69.978
-70.162
-70.073
-69.919
-69.883
-69.729
-69.928
-69.872
-69.835
-69.867
-70.11
-70.039
-69.803
-69.481
-69.301
-68.88
-68.959
-68.711
-68.624
-68.268
-68.169
-67.928
-67.666
-67.508
-67.653
-67.538
-67.228
-67.087
-67.079
-67.052
-66.821
-66.656
-66.388
-66.297
-66.321
-66.109
-66.353
-65.672
-65.562
-65.378
-65.203
-65.239
-64.896
-64.717
-64.777
-64.534
-64.415
-64.181
-64.206
-64.073
-63.996
-63.881
-63.74
-63.735
-63.637
-63.5
-63.412
-63.622
-63.486
-63.688
-63.803
-63.969
-63.921
-63.755
-63.741
-63.655
-63.631
-63.593
-63.71
-63.328
-63.335
-63.382
-63.403
-63.449
-63.324
-63.731
-63.808
-63.869
-63.739
-63.624
-63.829
-63.766
-63.694
-63.993
-63.757
-64.039
-64.235
-64.157
-64.034
-64.212
-64.204
-64.482
-64.443
-64.443
-64.718
-64.917
-65.071
-64.811
-64.792
-64.559
-64.312
-64.195
-63.787
-63.608
-63.483
-63.366
-63.081
-62.838
-62.597
-62.534
-62.299
-62.175
-62.123
-62.092
-61.524
-61.071
-61.408
-61.542
-61.572
-61.7
-61.673
-61.743
-61.664
-61.703
-61.733
-61.576
-61.703
-61.67
-61.746
-61.703
-61.435
-61.618
-61.577
-61.761
-61.621
-61.841
-61.645
-61.839
-62.049
-62.179
-62.38
-62.361
-62.269
-61.903
-61.672
-61.571
-61.484
-61.594
-61.584
-61.761
-61.652
-61.146
-61.176
-61.19
-61.365
-61.278
-61.075
-60.844
-61.123
-61.451
-61.518
-61.584
-61.579
-61.464
-61.358
-61.254
-61.497
-61.66
-61.972
-62.009
-62.023
-62.244
-62.111
-61.948
-61.764
-62.247
-62.513
-62.489
-62.768
-62.88
-62.778
-62.825
-62.786
-62.741
-62.36
-62.212
-62.213
-62.282
-62.116
-62.127
-62.146
-62.195
-62.221
-62.343
-62.192
-62.296
-62.38
-62.532
-62.304
-62.214
-62.01
-62.048
-61.968
-62.161
-62.171
-62.186
-62.261
-61.935
-62.01
-61.991
-62.171
-62.464
-62.701
-62.559
-62.694
-62.562
-62.53
-62.431
-62.472
-62.746
-62.811
-62.504
-62.698
-62.682
-62.864
-62.759
-62.488
-62.143
-62.401
-62.577
-62.839
-62.855
-62.845
-63.051
-63.044
-63.065
-63.282
-63.309
-63.257
-63.281
-63.357
-63.271
-63.387
-63.459
-63.831
-63.986
-64.11
-63.993
-64.151
-64.258
-64.342
-64.358
-64.426
-64.184
-64.178
-63.826
-63.861
-63.988
-64.125
-64.291
-64.208
-64.19
-63.932
-63.797
-63.783
-63.621
-63.528
-63.551
-63.605
-63.423
-63.27
-63.582
-63.418
-63.41
-63.251
-63.405
-63.344
-63.174
-63.159
-63.316
-63.44
-63.548
-63.435
-63.792
-63.835
-63.75
-64.042
-64.048
-64.315
-64.507
-64.61
-64.704
-64.688
-64.665
-64.486
-64.605
-64.687
-64.771
-64.693
-64.792
-64.765
-64.94
-64.912
-65.096
-65.188
-65.031
-64.946
-64.779
-64.982
-65.008
-65.159
-65.326
-65.367
-65.295
-65.145
-64.863
-64.719
-64.683
-64.877
-64.881
-65.122
-65.288
-65.111
-65.061
-65.035
-64.671
-64.462
-64.367
-64.169
-64.162
-63.907
-63.528
-63.199
-62.892
-62.833
-62.684
-62.696
-62.412
-62.35
-62.372
-62.217
-62.276
-62.009
-61.917
-61.799
-61.746
-61.691
-61.614
-61.852
-62.148
-62.191
-62.138
-61.808
-61.721
-61.537
-61.574
-61.449
-61.446
-61.3
-61.215
-61.07
-61.277
-61.251
-60.99
-61.077
-61.124
-61.299
-61.226
-61.075
-61.126
-61.293
-61.023
-61.032
-60.926
-60.617
-60.623
-60.8
-61.169
-61.252
-61.154
-61.48
-61.391
-61.447
-61.541
-61.646
-61.604
-61.566
-61.775
-61.505
-61.198
-60.994
-60.975
-61.126
-61.334
-61.363
-61.335
-61.403
-61.494
-61.511
-61.563
-61.412
-61.449
-61.218
-61.229
-61.046
-61.236
-61.554
-61.482
-61.495
-61.587
-61.47
-61.624
-61.385
-61.672
-61.635
-61.329
-61.242
-61.406
-61.501
-61.324
-61.322
-61.457
-61.424
-61.559
-61.411
-61.525
-61.524
-61.311
-61.4
-61.403
-61.696
-61.738
-61.72
-61.745
-62.067
-62.118
-62.025
-62.228
-62.085
-61.848
-61.798
-61.664
-61.622
-61.59
-61.685
-61.811
-62.057
-62.235
-62.358
-62.57
-62.721
-62.839
-62.886
-62.813
-62.412
-62.326
-62.52
-62.409
-62.293
-62.245
-62.333
-62.659
-62.593
-62.748
-62.859
-62.646
-62.97
-63.137
-63.15
-63.017
-63.294
-63.166
-63.556
-63.886
-63.665
-63.577
-63.541
-63.791
-63.813
-63.69
-63.873
-63.69
-63.957
-64.2
-64.234
-64.223
-64.148
-64.103
-63.91
-63.67
-63.477
-63.439
-63.328
-63.393
-63.155
-63.239
-63.075
-63.046
-62.764
-62.709
-62.7
-62.792
-62.744
-62.869
-62.944
-63.084
-62.935
-62.686
-62.702
-62.726
-62.756
-62.88
-62.946
-63.189
-63.173
-63.306
-63.272
-63.644
-63.38
-63.341
-63.645
-63.72
-63.532
-63.424
-63.606
-63.468
-63.58
-63.614
-63.454
-63.481
-63.473
-63.497
-63.508
-63.6
-63.615
-63.68
-63.796
-63.632
-63.715
-63.488
-63.414
-63.121
-63.338
-63.262
-63.415
