-91.818
-91.652
-91.706
-91.741
-91.741
-91.889
-91.914
-91.798
-91.895
-91.843
-91.742
-91.737
-91.713
-91.704
-91.708
-91.523
-91.408
-91.363
-91.754
-91.622
-91.517
-91.653
-91.409
-91.552
-91.762
-91.916
-91.907
-91.765
-91.534
-91.793
-92.015
-91.967
-91.917
-92.19
-92.146
-92.056
-92.435
-92.481
-92.644
-92.78
-92.525
-92.575
-92.492
-92.601
-92.675
-92.866
-92.742
-92.873
-92.897
-92.953
-93.155
-93.022
-93.226
-92.888
-92.787
-92.855
-92.795
-92.808
-92.843
-92.824
-92.853
-93.007
-92.844
-92.836
-92.936
-93.137
-92.953
-93.189
-93.476
-93.59
-93.952
-94.15
-94.352
-94.258
-94.166
-94.297
-94.259
-93.922
-93.869
-93.691
-93.466
-93.535
-93.538
-93.604
-93.473
-93.649
-93.4
-93.438
-93.056
-93.184
-93.016
-93.127
-93.273
-93.204
-93.308
-93.382
-93.574
-93.676
-93.591
-93.835
-93.803
-93.772
-93.742
-93.651
-93.647
-93.75
-93.705
-93.735
-93.508
-93.533
-93.606
-93.602
-93.819
-94.196
-94.262
-93.975
-94.054
-94.24
-94.433
-94.485
-94.494
-94.601
-94.508
-94.539
-94.727
-94.681
-94.468
-94.341
-94.178
-94.067
-94.148
-94.16
-94.163
-94.067
-93.853
-93.723
-93.822
-93.884
-93.728
-93.839
-93.578
-93.443
-93.292
-93.101
-93.159
-93.431
-93.403
-93.429
-93.601
-93.741
-93.645
-93.984
-94.161
-94.423
-94.433
-94.09
-93.874
-94.047
-93.98
-94.431
-94.588
-94.494
-94.299
-94.178
-94.177
-94.588
-94.821
-94.657
-94.74
-95.095
-95.237
-95.13
-95.128
-95.029
-95.054
-94.839
-94.814
-94.754
-94.685
-94.418
-94.642
-94.851
-94.755
-94.884
-94.897
-94.645
-94.475
-94.806
-94.869
-94.974
-95.047
-94.916
-94.972
-95.004
-95.434
-95.222
-95.056
-95.232
-95.462
-95.346
-95.203
-95.176
-95.212
-95.116
-94.897
-94.981
-94.864
-94.826
-94.646
-94.82
-94.923
-94.762
-94.633
-94.874
-94.693
-94.893
-95.023
-94.947
-94.69
-94.664
-94.904
-94.777
-94.719
-94.562
-94.458
-94.141
-94.285
-94.263
-94.134
-94.099
-94.264
-94.112
-94.419
-94.548
-94.626
-94.89
-94.905
-94.65
-94.709
-94.726
-94.864
-94.942
-94.923
-94.975
-95.173
-95.129
-95.498
-95.573
-95.69
-95.671
-95.358
-95.512
-95.418
-95.127
-95.243
-95.185
-95.486
-95.435
-95.136
-95.118
-95.061
-95.194
-95.209
-95.117
-95.33
-95.213
-95.216
-95.215
-95.224
-95.049
-95.158
-95.157
-95.232
-95.198
-95.246
-94.91
-94.842
-94.472
-94.276
-94.344
-94.151
-94.318
-94.116
-94.026
-94.129
-94.187
-94.174
-94.223
-94.299
-94.234
-94.174
-94.208
-93.952
-94.217
-94.092
-94.265
-94.152
-94.289
-94.285
-94.453
-94.428
-94.48
-94.412
-94.535
-94.477
-94.674
-94.616
-94.527
-94.492
-94.261
-94.504
-94.542
-94.444
-94.478
-94.524
-94.602
-94.586
-94.559
-94.699
-94.844
-94.901
-94.98
-94.917
-94.631
-94.789
-94.541
-94.574
-94.632
-94.674
-94.239
-94.24
-94.203
-94.189
-94.002
-93.871
-93.681
-93.891
-93.937
-93.656
-93.357
-93.468
-93.244
-93.576
-93.336
-93.121
-93.043
-93.336
-93.456
-93.503
-93.625
-93.705
-93.676
-93.564
-93.694
-93.776
-93.629
-93.587
-93.545
-93.445
-93.272
-92.981
-93.271
-93.34
-93.306
-93.18
-93.169
-93.19
-93.24
-93.447
-93.792
-93.825
-93.799
-93.794
-93.672
-93.683
-93.823
-93.939
-93.874
-93.793
-93.802
-93.465
-93.334
-93.353
-93
-92.899
-92.788
-92.809
-93.146
-92.96
-92.743
-92.49
-91.898
-90.943
-89.276
-87.412
-85.68
-84.019
-81.887
-80.421
-78.648
-77.16
-75.705
-74.098
-72.81
-71.625
-70.348
-69.127
-67.854
-66.277
-65.099
-63.932
-62.584
-60.842
-59.434
-57.767
-55.589
-53.47
-51.092
-47.412
-45
-45
-45
-45
-45
-45
-45
-45
-45
-45
-45
-49.356
-59.945
-67.165
-71.416
-72.975
-73.961
-74.605
-74.987
-75.037
-74.929
-74.962
-74.909
-74.893
-74.843
-74.846
-74.846
-74.602
-74.713
-74.477
-74.173
-73.847
-73.015
-72.473
-72.094
-71.933
-71.757
-71.631
-71.641
-71.603
-71.374
-71.094
-70.775
-70.44
-70.321
-70.204
-70.234
-70.33
-70.445
-70.53
-70.533
-70.982
-71.205
-71.438
-71.695
-71.925
-72.083
-72.171
-72.207
-72.311
-72.432
-72.291
-72.414
-72.531
-72.9
-73.065
-73.211
-73.352
-73.285
-73.51
-73.665
-73.747
-73.379
-73.436
-73.255
-73.153
-73.115
-73.171
-73.037
-73.15
-73.055
-73.208
-73.309
-73.288
-73.611
-73.766
-74.081
-74.291
-74.353
-74.656
-74.733
-75.147
-75.262
-75.182
-75.285
-75.001
-75.105
-74.925
-74.866
-74.766
-74.79
-74.754
-74.771
-74.669
-74.579
-74.603
-74.575
-74.564
-74.179
-74.111
-73.996
-73.567
-73.572
-73.111
-72.732
-72.249
-72.02
-72.041
-72.308
-72.456
-72.642
-72.678
-72.886
-72.655
-72.838
-72.832
-73.083
-73.037
-73.282
-73.819
-73.627
-73.68
-74.017
-74.015
-74.298
-74.151
-74.271
-74.503
-74.875
-75.122
-74.969
-75.062
-75.377
-75.698
-75.629
-76.042
-76.129
-76.103
-76.346
-76.273
-76.095
-75.86
-76.081
-76.111
-76.001
-75.68
-75.252
-75.382
-75.334
-75.353
-75.289
-74.945
-74.435
-74.171
-73.94
-73.839
-73.767
-73.96
-73.739
-73.676
-73.802
-73.667
-73.792
-74.171
-74.19
-74.13
-74.023
-73.874
-74.303
-74.097
-74.076
-74.359
-74.425
-74.472
-74.554
-74.598
-74.58
-74.68
-74.547
-74.748
-74.762
-74.941
-75.182
-75.498
-75.526
-75.782
-75.798
-76.082
-76.151
-75.99
-76.296
-76.406
-76.694
-77.025
-77.276
-77.395
-77.413
-77.772
-77.707
-77.738
-77.688
-77.209
-76.984
-76.646
-76.319
-76.257
-76.102
-75.715
-75.392
-75.068
-74.822
-74.856
-74.98
-74.985
-74.899
-74.717
-74.956
-75.196
-75.153
-75.11
-74.972
-75.234
-75.455
-75.577
-75.579
-75.718
-75.877
-76.019
-76.102
-76.104
-76.04
-76.369
-76.486
-76.407
-76.484
-77.029
-76.916
-76.911
-77.106
-77.194
-77.083
-76.909
-76.97
-77.192
-77.057
-77.268
-77.21
-77.136
-77.284
-77.501
-77.428
-77.311
-77.302
-77.458
-77.714
-77.875
-77.927
-77.854
-78.224
-78.104
-77.909
-78.012
-78.112
-78.531
-78.623
-78.712
-78.94
-79.013
-79.024
-78.981
-78.854
-79.276
-79.339
-79.251
-79.369
-79.378
-79.607
-79.65
-79.571
-79.703
-79.609
-79.56
-79.544
-79.568
-79.807
-80.121
-80.136
-80.112
-80.173
-79.889
-79.963
-79.853
-79.912
-79.968
-79.959
-79.966
-80.387
-80.378
-80.595
-80.682
-80.677
-80.572
-80.253
-80.191
-80.239
-80.404
-80.6
-80.641
-80.718
-80.521
-80.422
-80.662
-80.422
-80.887
-81.134
-80.991
-81.079
-81.133
-81.114
-80.89
-80.862
-80.775
-80.566
-80.945
-81.057
-80.861
-81.007
-81.096
-81.487
-81.213
-81.484
-81.49
-81.361
-81.395
-81.416
-81.471
-81.627
-81.66
-81.537
-81.527
-81.574
-81.532
-81.425
-81.704
-81.371
-81.735
-81.859
-81.514
-81.588
-81.749
-81.762
-81.727
-81.914
-81.828
-81.777
-81.526
-81.93
-81.618
-81.771
-81.467
-81.679
-81.528
-81.599
-81.61
-81.615
-81.851
-81.887
-81.798
-81.958
-81.65
-81.658
-81.587
-81.561
-81.622
-81.492
-81.806
-82.109
-82.208
-82.402
-82.529
-82.491
-82.319
-82.77
-82.649
-82.666
-82.849
-82.639
-82.53
-82.354
-82.355
-82.27
-82.571
-82.441
-82.618
-82.458
-82.738
-82.738
-82.827
-82.777
-83.073
-83.08
-82.807
-82.802
-83.171
-83.341
-83.364
-83.477
-83.824
-84.047
-84.005
-84.113
-84.008
-84.038
-84.031
-84.09
-83.999
-84.327
-84.224
-84.161
-84.087
-84.032
-84.014
-84.303
-84.045
-84.128
-84.025
-84.157
-84.515
-84.364
-84.372
-84.387
-84.726
-84.444
-84.448
-84.468
-84.46
-84.533
-84.735
-84.794
-84.439
-84.556
-84.424
-84.548
-84.729
-84.964
-85.08
-84.969
-84.928
-84.774
-84.965
-85.35
-85.29
-85.014
-85.161
-85.311
-85.238
-85.374
-85.345
-85.26
-85.47
-85.615
-85.97
-85.717
-85.809
-85.663
-85.609
-85.386
-85.655
-85.642
-85.71
-85.609
-85.917
-85.961
-86.25
-86.135
-85.81
-85.715
-85.163
-85.237
-85.511
-85.513
-85.614
-85.672
-85.316
-85.563
-85.265
-85.226
-85.252
-85.081
-85.158
-85.238
-85.444
-85.193
-85.574
-85.853
-85.751
-85.635
-85.446
-85.363
-85.279
-85.361
-85.496
-85.417
-85.333
-85.587
-85.953
-86.141
-86.071
-86.024
-86.461
-86.65
-86.245
-86.163
-86.134
-86.189
-86.183
-86.477
-86.277
-86.024
-85.977
-85.932
-85.746
-85.855
-86.16
-86.406
-86.053
-85.903
-86.11
-86.015
-86.204
-86.547
-86.791
-86.768
-86.624
-86.404
-86.167
-86.34
-86.345
-86.542
-86.779
-86.766
-86.811
-86.824
-87.189
-87.108
-86.973
-86.841
-86.898
-86.853
-86.988
-86.926
-86.652
-86.722
-86.907
-86.686
-86.787
-86.404
-86.415
-86.654
-86.519
-86.54
-86.726
-86.893
-86.902
-86.79
-86.624
-86.594
-86.456
-86.196
-86.089
-86.021
-85.872
