-80.644
-80.699
-80.6
-80.521
-80.411
-80.216
-80.032
-79.959
-79.852
-79.956
-79.84
-80.042
-79.654
-79.754
-79.77
-79.876
-80.082
-80.275
-80.192
-80.09
-80.033
-80.118
-79.923
-79.781
-79.907
-80.165
-79.95
-80.092
-80.424
-80.416
-80.636
-80.481
-80.653
-80.769
-80.852
-80.767
-80.849
-80.498
-80.687
-80.781
-80.765
-80.858
-80.984
-80.856
-80.87
-80.634
-80.572
-80.546
-80.565
-80.795
-80.917
-80.885
-81.033
-80.995
-81.23
-81.206
-81.559
-81.448
-81.598
-81.527
-81.86
-81.958
-81.857
-81.878
-82.048
-82.055
-81.794
-81.951
-81.954
-82.098
-82.295
-82.159
-82.392
-82.19
-82.316
-82.353
-82.329
-82.273
-81.895
-81.681
-81.748
-81.789
-81.853
-81.899
-82.077
-81.889
-81.97
-81.614
-81.472
-81.663
-81.67
-81.458
-81.656
-82.05
-81.956
-81.755
-81.394
-81.282
-81.135
-81.159
-81.073
-80.958
-80.799
-80.613
-80.798
-81.058
-80.964
-80.899
-80.997
-81.138
-81.382
-81.251
-81.527
-81.582
-81.875
-81.895
-82.108
-82.085
-82.143
-82.059
-81.957
-82.072
-82.062
-81.857
-81.58
-81.715
-81.842
-81.764
-81.784
-81.857
-81.83
-81.623
-81.554
-81.512
-81.645
-81.696
-81.819
-81.951
-81.959
-82.243
-82.12
-82.242
-82.413
-82.377
-82.346
-82.404
-82.417
-82.583
-82.699
-82.885
-83.236
-83.525
-83.255
-83.337
-83.212
-83.187
-83.406
-83.316
-83.405
-83.289
-83.116
-83.136
-83.159
-83.028
-82.91
-82.987
-82.865
-83.029
-83.149
-82.973
-83
-83.103
-83.118
-83.189
-83.226
-83.313
-83.046
-83.042
-83.117
-83.02
-82.976
-82.59
-82.562
-82.642
-83.132
-83.299
-83.368
-83.489
-83.312
-83.536
-83.59
-83.523
-83.21
-83.32
-83.185
-83.081
-83.148
-83.521
-83.4
-83.225
-83.141
-83.382
-83.394
-83.648
-83.768
-83.861
-83.922
-83.953
-83.891
-84.07
-83.973
-83.839
-83.788
-83.944
-83.919
-83.961
-84.119
-84.153
-84.143
-83.936
-83.884
-84.052
-84.011
-83.875
-83.835
-84.005
-83.959
-83.829
-83.71
-83.824
-83.668
-83.566
-83.459
-83.331
-83.189
-82.753
-82.476
-82.18
-81.751
-81.545
-81.379
-81.298
-81.162
-80.91
-80.623
-80.643
-80.309
-80.052
-79.927
-79.572
-79.669
-79.185
-78.903
-78.94
-78.53
-78.334
-78.17
-78.11
-78.089
-77.563
-77.248
-77.188
-77.248
-76.858
-76.893
-76.64
-76.496
-76.025
-75.862
-75.59
-75.661
-75.697
-75.526
-75.423
-75.588
-75.557
-75.47
-75.374
-75.21
-74.987
-74.993
-75.076
-75.049
-74.941
-75.208
-75.113
-75.103
-74.839
-75.065
-75.109
-74.793
-74.845
-74.995
-75.193
-75.15
-75.204
-75.223
-75.288
-75.23
-75.172
-75.29
-75.613
-75.584
-75.643
-75.648
-75.47
-75.357
-75.247
-75.43
-75.119
-75.078
-74.931
-74.851
-74.72
-74.958
-75.062
-75.067
-75.021
-75.358
-75.296
-75.471
-75.523
-75.843
-76.03
-75.822
-75.884
-75.687
-75.756
-75.714
-75.631
-75.271
-74.876
-74.36
-74.465
-74.107
-73.635
-73.399
-73.17
-72.628
-72.498
-72.141
-72.054
-72.002
-71.737
-71.466
-71.257
-70.824
-70.655
-70.648
-70.497
-70.264
-69.999
-69.727
-69.364
-69.147
-68.585
-68.172
-67.797
-67.352
-67.015
-66.827
-66.284
-65.869
-65.427
-65.203
-65.063
-64.793
-64.497
-64.331
-64.195
-63.953
-63.899
-63.764
-63.431
-63.216
-62.876
-62.686
-62.535
-62.498
-62.452
-62.482
-62.293
-62.234
-62.035
-61.853
-61.925
-61.939
-61.782
-61.597
-61.384
-62.738
-65.555
-68.773
-71.473
-73.804
-75.375
-76.224
-76.852
-77.062
-76.541
-75.917
-75.235
-74.89
-74.132
-73.578
-72.996
-72.254
-71.548
-71.244
-70.875
-70.736
-70.145
-69.938
-69.801
-68.967
-68.304
-67.88
-67.144
-66.99
-66.715
-66.379
-65.929
-65.281
-64.415
-63.994
-63.778
-63.601
-63.62
-63.877
-64.132
-64.417
-64.893
-65.035
-65.36
-65.704
-66.272
-66.511
-66.677
-66.774
-67.171
-67.465
-67.7
-67.688
-67.729
-67.733
-68.112
-68.063
-67.811
-67.88
-67.679
-67.773
-67.851
-67.95
-67.785
-67.901
-67.751
-68.044
-68.094
-68.211
-68.603
-68.921
-69.282
-69.734
-69.829
-70.24
-70.631
-70.999
-71.329
-71.576
-71.988
-72.134
-72.371
-72.503
-73.009
-73.177
-73.506
-73.493
-73.823
-73.761
-73.763
-73.732
-73.595
-73.436
-73.025
-72.561
-71.972
-71.95
-71.639
-71.605
-71.698
-71.981
-72.215
-72.257
-72.472
-72.977
-72.973
-73.439
-73.587
-73.836
-74.065
-74.193
-73.956
-73.56
-73.362
-73.436
-73.515
-73.986
-74.092
-74.078
-74.132
-74.227
-74.248
-74.631
-74.61
-74.768
-74.771
-74.647
-74.438
-74.24
-74.031
-73.733
-73.722
-74.09
-74.128
-74.147
-73.941
-74.037
-74.348
-74.338
-74.225
-74.231
-74.211
-74.283
-74.269
-74.159
-74.037
-73.798
-73.519
-73.321
-73.554
-73.416
-73.263
-73.146
-73.174
-73.281
-73.348
-73.627
-73.861
-73.8
-73.879
-73.787
-73.615
-73.343
-73.286
-73.491
-73.684
-73.699
-73.655
-73.778
-73.699
-73.816
-74.224
-74.146
-73.815
-73.774
-73.807
-73.828
-73.767
-73.333
-72.856
-72.768
-72.484
-72.381
-72.029
-72.31
-72.283
-72.491
-72.784
-73.021
-73.026
-73.236
-73.244
-73.279
-73.126
-72.571
-72.361
-72.344
-72.313
-72.478
-72.315
-72.469
-72.385
-72.885
-73.25
-73.322
-73.523
-73.316
-73.499
-73.474
-73.416
-73.347
-73.132
-72.829
-72.862
-73.041
-73.005
-72.869
-72.8
-72.676
-72.883
-73.235
-73.472
-73.524
-73.487
-73.458
-73.43
-73.333
-73.555
-73.701
-73.68
-73.707
-73.801
-73.994
-73.932
-73.947
-74.087
-74.597
-74.577
-74.598
-74.485
-74.315
-74.156
-74.016
-73.935
-73.911
-73.631
-73.735
-73.793
-73.651
-73.816
-73.885
-73.714
-74.012
-74.004
-74.077
-73.987
-73.925
-74.034
-74.202
-74.262
-74.547
-74.596
-74.529
-74.638
-74.595
-75.047
-75.008
-75.317
-75.361
-75.387
-75.491
-75.488
-75.41
-75.236
-75.187
-75.164
-75.116
-75.495
-75.186
-75.148
-75.254
-75.599
-75.713
-75.66
-75.819
-76.334
-76.397
-76.8
-77.06
-76.964
-77.38
-77.716
-77.927
-77.687
-78.005
-78.15
-78.178
-78.175
-78.435
-78.338
-78.376
-78.397
-78.366
-78.593
-78.814
-78.952
-79.104
-79.24
-79.236
-79.056
-79.268
-79.308
-78.974
-79.243
-78.925
-78.652
-78.462
-78.734
-78.501
-78.479
-78.788
-78.874
-78.746
-78.881
-78.977
-78.95
-78.938
-78.939
-78.932
-79.082
-78.916
-78.904
-78.746
-78.74
-79.004
-78.81
-78.818
-78.688
-78.497
-78.598
-78.641
-78.694
-78.732
-78.684
-78.767
-79.019
-79.265
-79.317
-79.43
-79.591
-79.352
-79.438
-79.615
-79.627
-79.511
-79.585
-79.77
-79.678
-79.875
-79.793
-79.912
-80.115
-80.487
-80.44
-80.392
-80.2
-80.351
-80.279
-80.5
-80.511
-80.405
-80.508
-80.477
-80.431
-80.405
-80.586
-80.459
-80.362
-80.421
-80.25
-80.205
-80.358
-80.218
-80.282
-80.146
-80.076
-80.045
-80.125
-80.238
-80.394
-80.654
-80.613
-80.855
-80.796
-80.994
-80.928
-80.987
-81.266
-81.05
-80.969
-80.682
-80.798
-80.691
-80.813
-80.594
-80.506
-80.749
-80.772
-80.476
-80.583
-80.535
-80.714
-80.485
-80.601
-80.766
-80.857
-80.763
-80.878
-81.177
-80.892
-80.639
-80.64
-80.66
-80.728
-80.738
-80.808
-80.89
-81.09
-81.028
-81.3
-81.418
-81.186
-81.181
-81.356
-81.298
-81.342
-81.504
-81.312
-81.343
-81.27
-81.376
-81.384
-81.184
-81.312
-81.162
-81.32
-81.246
-81.197
-81.228
-81.342
-81.197
-81.293
-81.336
-81.49
-81.563
-81.505
-81.583
-81.299
-81.606
-81.724
-81.551
-81.641
-81.514
-81.712
-81.772
-81.953
-82.005
-82.323
-82.143
-82.144
-82.143
-82.145
-82.295
-82.449
-82.404
-82.368
-82.377
-82.618
-82.446
-82.672
-82.353
-82.395
-82.453
-82.429
-82.685
-82.436
-82.708
-82.661
-82.604
-82.244
-82.226
-82.139
-82.296
-82.195
-82.152
-82.093
-82.186
-82.079
-81.95
-81.989
-82.23
-82.088
-82.255
-82.417
-82.354
-82.364
-82.427
-82.302
-82.467
-82.324
-82.296
-82.01
-81.928
-81.976
-81.797
-81.684
-81.736
-81.457
-81.566
-81.511
-81.254
-81.224
-81.413
-81.381
-81.182
-81.204
-81.118
-81.155
-81.452
-81.197
-81.154
-81.152
-81.16
-81.192
-81.096
-80.894
-81.224
-80.688
-80.489
-80.361
-80.401
-80.212
-80.432
-80.234
-80.287
-80.431
-80.493
-80.476
-80.461
-80.759
-80.965
-80.969
-80.76
-80.746
-80.779
-80.481
-80.293
-80.324
-80.263
-80.107
-80.081
-79.885
-80.031
-79.926
-79.771
-79.947
-79.917
-80.116
-79.947
-79.763
-79.771
-79.8
-79.839
-79.921
-79.921
-79.904
-80.041
-80.015
-80.241
-80.195
-80.586
-80.762
-80.566
-80.298
-80.291
-80.651
-80.819
-80.749
-80.914
-80.969
-81.092
-81.266
-81.338
-81.161
-81.251
-81.351
-81.122
-80.919
-81.011
-81.076
-81.004
-81.273
-80.887
-81.107
-81.065
-81.125
-81.127
-81.039
-80.917
-80.607
-80.85
