-84.702
-84.401
-84.72
-84.557
-84.642
-84.559
-84.749
-84.995
-85.412
-85.181
-85.222
-85.176
-85.276
-85.221
-85
-85.042
-85.005
-85.186
-85.166
-85.209
-85.312
-85.654
-85.615
-85.647
-85.779
-85.997
-85.999
-86.094
-85.901
-85.943
-86.238
-86.448
-86.471
-86.679
-86.838
-86.796
-86.888
-86.605
-86.537
-86.516
-86.286
-86.579
-86.545
-86.579
-86.69
-86.569
-86.742
-86.832
-86.909
-86.812
-86.759
-86.864
-86.829
-86.806
-86.488
-86.518
-86.662
-87.03
-86.893
-86.914
-86.782
-86.532
-86.567
-86.43
-86.334
-86.516
-86.613
-86.663
-86.34
-86.058
-85.995
-86.07
-86.151
-86.204
-85.951
-85.842
-85.737
-85.787
-85.515
-85.53
-85.339
-85.52
-85.362
-85.5
-85.648
-85.849
-85.715
-85.929
-86.069
-85.951
-86.016
-86.242
-86.602
-86.43
-86.236
-86.295
-86.285
-86.333
-86.346
-86.687
-86.724
-86.537
-86.427
-86.441
-86.348
-86.278
-86.224
-86.066
-85.845
-85.937
-86.054
-85.991
-86.084
-86.301
-86.185
-86.513
-86.757
-86.967
-86.821
-86.58
-86.704
-86.572
-86.487
-86.751
-86.501
-86.489
-86.424
-86.374
-86.268
-86.241
-85.845
-86.153
-86.192
-86.255
-86.334
-86.379
-86.124
-86.03
-86.015
-86.157
-86.203
-86.088
-86.004
-85.759
-85.712
-85.594
-85.8
-86.126
-86.495
-86.575
-86.813
-87.131
-87.241
-87.47
-87.587
-87.638
-87.711
-87.683
-87.659
-87.789
-87.817
-87.838
-87.698
-87.732
-87.707
-87.664
-87.848
-87.803
-87.656
-87.738
-87.888
-87.93
-87.811
-87.456
-87.366
-87.214
-87.322
-87.209
-87.6
-87.767
-87.943
-87.766
-87.791
-87.661
-87.705
-87.762
-87.749
-87.95
-87.728
-87.714
-87.901
-87.683
-87.685
-87.679
-87.844
-87.994
-88.176
-87.809
-88.031
-88.145
-87.949
-88.093
-88.252
-88.36
-87.981
-87.859
-87.887
-88.213
-88.275
-88.276
-88.552
-88.339
-88.461
-88.325
-88.011
-87.973
-88.048
-87.847
-87.872
-87.716
-87.897
-88.049
-88.475
-88.772
-88.764
-88.544
-88.646
-88.645
-88.67
-88.45
-88.49
-88.399
-88.329
-88.507
-88.668
-88.472
-88.438
-88.597
-88.652
-88.553
-88.682
-88.339
-88.406
-88.705
-88.859
-88.942
-88.951
-89.415
-89.236
-89.191
-89.436
-89.509
-89.706
-90.085
-89.847
-89.784
-89.941
-89.543
-89.576
-89.329
-89.036
-89.272
-89.299
-89.455
-89.351
-89.467
-89.729
-89.725
-89.933
-89.922
-89.802
-90.021
-90.3
-90.505
-90.444
-90.23
-90.172
-90.203
-90.158
-89.835
-89.886
-89.71
-89.641
-89.888
-89.772
-90.122
-90.051
-90.425
-89.961
-89.987
-89.997
-89.784
-90.021
-90.011
-90.232
-89.906
-89.799
-89.929
-89.938
-90.229
-90.187
-90.293
-90.158
-90.072
-90.118
-90.196
-90.136
-90.018
-90.031
-90.042
-90.211
-89.999
-89.893
-90.039
-90.13
-90.319
-90.887
-91.006
-90.755
-90.744
-90.777
-90.834
-90.493
-90.4
-90.159
-89.979
-89.96
-89.591
-89.4
-89.393
-89.316
-89.508
-89.496
-89.849
-89.811
-89.826
-89.81
-89.67
-89.716
-89.767
-89.492
-89.365
-89.487
-89.487
-89.406
-89.523
-89.35
-89.306
-89.383
-89.502
-89.365
-89.378
-89.312
-89.058
-88.842
-88.542
-88.527
-87.926
-87.492
-87.199
-86.731
-86.438
-86.341
-85.699
-84.83
-84.158
-83.011
-82.795
-82.174
-81.545
-80.665
-80.001
-79.353
-78.651
-78.248
-77.492
-77.232
-76.728
-76.706
-76.413
-76.213
-75.968
-75.835
-75.498
-75.063
-74.919
-74.909
-74.72
-74.164
-73.867
-73.64
-73.504
-73.094
-72.854
-72.693
-72.481
-72.357
-72.088
-71.937
-71.326
-71.138
-71.122
-71.212
-70.857
-71.003
-70.833
-71.006
-71.203
-70.972
-70.541
-70.252
-69.885
-69.501
-68.456
-67.579
-66.616
-65.815
-65.077
-63.725
-62.733
-62.01
-61.257
-60.212
-59.168
-58.494
-57.856
-57.026
-56.125
-54.706
-53.581
-52.291
-50.064
-46.385
-45
-45
-45
-45
-45
-45
-45
-45
-45
-45
-45
-45
-45
-45
-49.784
-55.208
-59.215
-61.59
-62.985
-63.698
-64.029
-63.63
-63.064
-62.226
-61.483
-60.397
-59.56
-58.634
-57.735
-57.017
-56.32
-55.715
-54.962
-54.285
-53.285
-52.05
-50.718
-49.213
-46.842
-45
-45
-45
-45
-45
-45
-45
-45
-45
-45
-45
-45
-45
-46.237
-52.075
-56.734
-60.274
-62.449
-64.198
-64.67
-65.289
-65.28
-65.163
-65.114
-64.779
-64.308
-63.82
-63.249
-62.619
-62.108
-61.488
-61.057
-60.719
-60.17
-59.669
-59.1
-58.61
-58.005
-57.73
-57.112
-56.778
-56.017
-55.659
-54.644
-53.692
-52.686
-51.475
-49.97
-47.383
-45
-45
-45
-45
-45
-45
-45
-45
-45
-45
-45
-45
-45
-45
-50.939
-56.775
-61.248
-64.38
-66.318
-67.523
-68.433
-68.943
-69.428
-69.769
-69.314
-69.005
-68.715
-68.096
-67.883
-67.445
-67.04
-66.571
-66.256
-65.69
-65.682
-65.365
-65.219
-64.725
-64.426
-64.118
-63.525
-62.923
-62.506
-62.083
-61.901
-61.555
-61.051
-60.951
-60.643
-60.144
-59.877
-59.328
-59.028
-58.451
-58.092
-57.428
-56.757
-56.254
-55.883
-55.496
-54.954
-54.735
-54.261
-53.038
-52.213
-50.619
-48.366
-45
-45
-45
-45
-45
-45
-45
-45
-45
-45
-45
-45
-45
-45
-48.409
-54.812
-59.739
-63.079
-65.501
-67.365
-68.433
-68.882
-69.199
-69.438
-69.353
-69.249
-69.457
-69.508
-69.509
-69.602
-69.504
-69.16
-68.691
-68.373
-68.323
-68.255
-68.194
-68.369
-68.361
-68.51
-68.51
-68.436
-68.468
-68.543
-68.529
-68.881
-68.804
-68.918
-68.997
-68.942
-69.17
-69.154
-69.131
-68.994
-68.786
-68.917
-68.793
-68.892
-69.023
-69.211
-68.84
-69.092
-69.13
-69.291
-69.477
-69.703
-69.724
-69.936
-69.955
-70.188
-70.565
-70.613
-70.577
-70.413
-70.809
-70.843
-71.224
-71.428
-71.59
-71.505
-71.448
-71.605
-71.364
-71.675
-71.892
-72.371
-72.373
-72.527
-72.68
-72.792
-73.21
-73.433
-73.418
-73.381
-73.747
-73.866
-73.969
-73.837
-74.172
-74.583
-74.631
-75.022
-74.914
-75.201
-75.352
-75.615
-75.948
-76.124
-76.197
-76.189
-76.48
-76.69
-76.964
-77.379
-77.652
-77.85
-77.88
-77.86
-78.018
-78.292
-78.676
-78.993
-79.041
-79.377
-79.402
-79.57
-79.919
-79.98
-79.902
-79.864
-80.049
-80.099
-80.472
-80.635
-80.567
-80.779
-81.092
-81.044
-81.086
-81.022
-81.394
-81.36
-81.126
-81.263
-81.199
-81.223
-81.498
-81.554
-81.629
-81.591
-81.879
-81.925
-82.112
-82.024
-82.077
-82.193
-82.455
-82.467
-82.685
-82.729
-82.6
-82.664
-82.646
-82.91
-82.894
-83.176
-83.452
-83.586
-83.978
-84.32
-84.24
-84.254
-83.948
-83.84
-83.553
-83.564
-83.725
-83.884
-84.011
-84.002
-83.985
-84.144
-84.346
-84.556
-84.736
-84.968
-85.195
-85.317
-85.33
-85.388
-85.438
-85.459
-85.857
-86.154
-86.149
-86.279
-86.373
-86.752
-86.743
-86.918
-87.073
-87.043
-86.984
-87.216
-87.172
-87.188
-87.226
-87.329
-87.312
-87.721
-87.846
-87.872
-87.894
-87.843
-88.055
-88.234
-88.143
-88.324
-88.387
-88.499
-88.442
-88.52
-88.389
-88.408
-88.611
-88.805
-88.79
-88.769
-88.893
-88.868
-89.259
-89.351
-89.33
-89.35
-89.42
-89.582
-89.733
-89.939
-89.891
-89.797
-89.59
-89.646
-89.634
-89.554
-89.438
-89.573
-89.766
-89.749
-89.84
-89.513
-89.577
-89.735
-89.827
-90.078
-90.23
-90.137
-90.225
-90.276
-90.173
-90.349
-90.765
-90.89
-91.063
-90.981
-90.917
-91.032
-91.225
-91.527
-91.374
-91.728
-91.684
-91.694
-91.654
-91.717
-91.83
-91.847
-91.747
-91.883
-92.11
-91.913
-92.278
-92.437
-92.154
-92.39
-92.53
-92.745
-92.942
-92.742
-92.604
-92.515
-92.659
-92.562
-92.645
-92.618
-92.896
-93.19
-93.253
-93.411
-93.445
-93.239
-93.421
-93.149
-93.261
-93.671
-94.05
-94.123
-94.277
-94.22
-94.164
-94.082
-93.909
-93.654
-93.68
-93.625
-93.715
-93.941
-94.059
-93.96
-93.893
-93.91
-94.07
-94.176
-94.467
-94.104
-94.39
-94.367
-94.178
-94.417
-94.262
-93.977
-93.914
-93.988
-94.148
-94.025
-93.711
-93.747
-93.741
-93.657
-93.99
-94.363
-94.568
-94.534
-94.481
-94.56
-94.599
-94.528
-94.139
-94.072
-93.98
-93.957
-94.176
-94.151
-94.13
-93.99
-94.038
-94.021
-94.077
-93.813
-93.852
-93.864
-94.212
-94.214
-94.223
-94.25
-94.239
-93.913
-93.878
-93.571
-93.678
-93.359
-93.593
-93.637
-93.721
-93.538
-93.867
-93.903
-93.68
-93.726
-93.673
-93.496
-93.513
-93.599
-93.33
-93.43
-93.4
-93.578
-93.469
-93.628
-93.549
-93.518
-93.529
-93.541
-93.331
-93.216
-93.423
-93.446
-93.582
-93.539
-93.606
-93.624
-93.578
-93.446
-93.546
-93.449
-93.369
-93.389
-93.182
-93.137
-93.366
-93.186
-93.206
-93.292
-93.052
