-79.783
-79.676
-79.989
-80.009
-80.12
-80.237
-80.022
-80.073
-80.366
-80.575
-80.453
-80.414
-80.473
-80.474
-80.584
-80.542
-80.481
-80.27
-80.666
-80.565
-80.574
-80.232
-80.163
-80.019
-79.876
-79.945
-79.837
-79.772
-79.672
-79.842
-79.869
-79.85
-79.77
-79.795
-79.904
-79.875
-79.985
-80.123
-79.966
-79.859
-79.819
-79.858
-79.937
-79.946
-79.822
-79.779
-79.731
-79.91
-79.896
-79.971
-80.163
-80.276
-80.383
-80.304
-80.148
-80.354
-80.465
-80.686
-80.543
-80.712
-80.54
-80.882
-81.036
-81.133
-81.212
-81.055
-80.982
-80.878
-80.572
-80.634
-80.637
-80.717
-80.772
-80.706
-80.52
-80.872
-80.892
-80.815
-80.837
-80.821
-80.996
-81.086
-81.085
-81.115
-80.9
-81.191
-81.317
-80.994
-81.438
-81.831
-81.298
-81.169
-81.202
-81.203
-81.223
-81.167
-81.018
-80.985
-80.939
-81.241
-80.955
-81.075
-81.014
-81.04
-80.816
-80.941
-80.796
-80.543
-80.548
-80.474
-80.745
-80.54
-80.575
-80.329
-80.001
-80.009
-80.042
-79.788
-79.598
-79.499
-79.795
-79.549
-79.42
-79.816
-79.633
-79.503
-79.374
-79.615
-79.846
-79.673
-79.727
-79.812
-79.936
-79.987
-79.915
-80.261
-80.16
-80.177
-80.096
-80.065
-80.029
-79.878
-79.924
-79.655
-79.717
-79.84
-79.53
-79.466
-79.523
-79.715
-79.596
-79.448
-79.452
-79.608
-80.118
-80.025
-80.245
-80.295
-80.4
-80.489
-80.674
-80.249
-80.259
-79.911
-79.842
-79.928
-79.808
-79.687
-79.575
-79.451
-79.467
-79.271
-79.288
-79.085
-79.039
-79.02
-79.222
-79.037
-78.821
-78.821
-78.719
-78.576
-78.341
-78.527
-78.713
-78.706
-78.799
-78.767
-78.764
-78.633
-78.634
-78.628
-78.825
-78.853
-78.763
-78.753
-78.627
-78.745
-78.658
-78.793
-78.99
-79.146
-79.051
-78.788
-79.206
-79.133
-79.183
-79.399
-79.307
-79.058
-79.096
-79.322
-79.154
-79.432
-79.291
-79.207
-79.484
-79.524
-79.797
-79.938
-80.179
-80.011
-80.222
-79.908
-79.95
-79.955
-79.952
-80.077
-80.138
-80.078
-80.373
-80.269
-80.114
-80.024
-80.128
-80.385
-80.137
-79.736
-79.658
-79.807
-79.715
-79.606
-79.414
-79.754
-79.763
-79.974
-80.278
-80.245
-80.041
-79.769
-79.775
-79.748
-79.765
-79.808
-79.764
-79.8
-79.931
-80.067
-79.969
-80.046
-80.12
-79.862
-79.931
-79.712
-79.745
-79.776
-79.752
-79.55
-79.683
-79.789
-79.778
-79.815
-80.03
-79.942
-80.246
-80.553
-80.578
-80.244
-80.304
-80.235
-80.241
-80.216
-80.212
-80.224
-80.209
-80.01
-79.94
-79.758
-80.063
-79.94
-80.036
-79.989
-79.895
-79.917
-80.062
-80.229
-80.172
-80.109
-80.2
-79.903
-79.796
-79.886
-79.789
-79.779
-80.224
-80.305
-80.24
-80.35
-80.208
-80.372
-80.341
-80.366
-80.469
-80.34
-80.304
-80.048
-79.972
-80.067
-79.908
-79.712
-79.864
-79.833
-79.592
-79.521
-79.597
-79.86
-79.942
-80.132
-80.356
-80.38
-80.301
-80.164
-80.045
-79.943
-80.051
-80.101
-80.193
-80.022
-80.083
-79.96
-79.998
-80.044
-80.041
-80.184
-80.108
-79.967
-80.078
-79.839
-79.896
-80.013
-79.978
-79.79
-79.978
-79.851
-79.802
-79.952
-79.957
-79.825
-80
-79.852
-79.814
-79.985
-79.909
-79.934
-79.917
-79.795
-80.064
-79.948
-79.851
-80.03
-79.872
-79.863
-80.112
-79.927
-79.841
-80.246
-80.151
-80.106
-79.93
-79.789
-79.856
-79.83
-80.181
-80.027
-80.126
-79.901
-79.743
-79.435
-79.527
-79.331
-79.258
-79.164
-79.364
-79.447
-79.23
-78.682
-77.943
-77.342
-76.711
-76.369
-76.076
-75.855
-75.599
-75.208
-75.433
-75.393
-75.136
-75.517
-76.138
-76.571
-76.6
-76.916
-76.981
-76.947
-76.837
-76.565
-76.42
-76.457
-76.404
-76.253
-75.809
-75.742
-75.793
-75.641
-75.906
-75.719
-76.039
-76.173
-76.142
-76.265
-76.196
-76.084
-76.07
-76.129
-75.938
-75.74
-75.663
-75.846
-75.996
-76.025
-76.291
-76.274
-76.52
-76.84
-77.004
-77.123
-76.877
-76.644
-76.587
-76.342
-76.366
-76.074
-75.736
-75.176
-74.441
-73.837
-73.601
-73.231
-73.178
-73.084
-72.913
-72.975
-72.939
-73.127
-73.216
-73.379
-73.648
-73.989
-74.253
-74.228
-74.481
-74.564
-74.948
-75.481
-75.508
-75.504
-75.668
-75.513
-75.649
-75.559
-75.657
-75.693
-75.636
-75.549
-75.643
-75.594
-75.484
-75.593
-75.665
-75.891
-76.149
-76.357
-76.249
-76.204
-76.359
-76.584
-76.707
-76.96
-77.001
-77.272
-77.37
-77.083
-76.836
-76.497
-76.027
-75.591
-75.288
-75.315
-75.236
-75.136
-75.237
-75.559
-75.566
-75.571
-75.718
-75.719
-75.835
-75.765
-75.792
-75.88
-75.863
-75.807
-75.55
-75.592
-75.544
-75.761
-75.751
-75.861
-75.873
-75.854
-75.684
-75.44
-75.5
-75.636
-75.994
-75.868
-76.243
-76.5
-76.375
-76.443
-76.362
-76.151
-76.491
-76.845
-76.984
-77.01
-77.211
-77.277
-77.138
-77.194
-77.449
-77.466
-77.128
-77.125
-77.118
-77.259
-77.064
-77.286
-77.374
-77.169
-77.148
-77.16
-77.085
-77.195
-77.108
-77.155
-77.33
-77.331
-77.582
-77.665
-77.814
-78.163
-78.39
-78.42
-78.311
-78.092
-77.975
-77.942
-77.916
-77.66
-78.103
-78.262
-78.108
-77.793
-77.713
-77.44
-77.625
-77.15
-77.09
-76.645
-76.526
-76.502
-76.104
-75.829
-75.669
-75.712
-75.557
-75.64
-75.53
-75.881
-75.886
-75.955
-76.118
-76.042
-76.092
-76.161
-76.125
-76.383
-76.648
-76.929
-77.057
-77.029
-77.25
-77.494
-77.675
-77.607
-77.591
-77.81
-78.112
-78.271
-78.055
-78.087
-78.117
-78.201
-78.034
-77.971
-78.232
-78.035
-78.1
-78.051
-78.207
-78.173
-78.445
-78.391
-78.636
-78.789
-78.804
-78.929
-79.037
-79.083
-79.411
-78.96
-78.653
-78.657
-78.026
-77.793
-77.827
-77.602
-77.487
-77.824
-77.74
-77.753
-77.49
-77.542
-77.722
-77.821
-77.691
-77.619
-77.606
-77.797
-77.908
-77.997
-78
-78.387
-78.543
-78.8
-78.994
-79.093
-79.418
-79.178
-78.998
-78.906
-79.024
-78.969
-79.122
-78.956
-79.036
-78.8
-78.884
-78.753
-78.925
-78.992
-79.006
-78.956
-79.036
-78.958
-79.358
-79.293
-79.396
-79.34
-79.747
-79.325
-79.287
-79.337
-79.236
-79.331
-79.362
-79.395
-79.433
-79.436
-79.425
-79.519
-79.637
-79.451
-79.536
-79.703
-79.674
-79.912
-79.786
-79.801
-80.057
-80.133
-80.268
-80.484
-80.522
-80.439
-80.536
-80.321
-80.208
-80.104
-80.315
-80.337
-80.42
-80.526
-80.47
-80.254
-80.173
-80.349
-80.003
-80.099
-80.106
-80.133
-80.133
-80.019
-80.004
-80.076
-80.394
-80.36
-80.227
-79.887
-80.088
-80.223
-80.25
-80.371
-80.425
-80.372
-80.468
-80.233
-80.291
-80.087
-80.109
-80.025
-79.961
-79.902
-80.044
-79.945
-79.952
-80.138
-80.357
-80.311
-79.943
-79.922
-79.979
-79.905
-79.972
-79.873
-79.954
-79.904
-79.718
-79.688
-79.497
-79.689
-79.772
-79.606
-79.628
-79.557
-79.481
-79.612
-79.716
-79.659
-79.428
-79.791
-79.511
-79.506
-79.276
-79.175
-79.42
-79.355
-79.375
-79.485
-79.398
-79.558
-80.06
-80.26
-80.434
-80.568
-80.328
-80.232
-80.098
-79.89
-79.879
-79.482
-79.58
-79.723
-79.653
-79.669
-79.62
-79.881
-79.667
-79.497
-79.321
-79.72
-79.643
-79.823
-79.685
-79.945
-79.933
-79.964
-79.988
-80.197
-80
-79.879
-79.99
-79.99
-80.12
-79.807
-79.766
-79.8
-79.869
-79.648
-79.895
-80.046
-80.205
-80.267
-80.147
-80.036
-79.689
-79.72
-79.724
-79.77
-79.64
-79.561
-79.5
-79.495
-79.455
-79.511
-79.582
-79.415
-79.575
-79.452
-79.672
-79.89
-79.947
-79.873
-79.679
-79.719
-79.535
-79.602
-79.482
-79.731
-79.724
-79.811
-79.75
-79.898
-79.592
-79.533
-79.511
-79.615
-79.856
-79.873
-80.106
-79.982
-79.823
-79.818
-79.882
-79.673
-79.712
-79.787
-79.557
-79.869
-79.863
-79.765
-79.709
-79.81
-79.706
-79.784
-79.696
-79.558
-79.77
-80.097
-79.978
-80.066
-80.048
-79.84
-80.061
-79.883
-79.942
-79.642
-79.582
-79.634
-79.696
-79.697
-79.851
-79.91
-79.975
-79.997
-79.876
-79.796
-79.78
-79.877
-79.755
-79.74
-79.641
-79.729
-79.982
-80.375
-80.242
-80.2
-80.147
-80.173
-80.017
-80.156
-80.07
-80.263
-80.371
-80.53
-80.463
-80.233
-80.296
-80.315
-80.268
-80.358
-80.499
-80.3
-80.194
-79.93
-80.259
-80.484
-80.317
-80.065
-80.301
-80.397
-80.538
-80.465
-80.651
-80.45
-80.492
-80.777
-80.443
-80.434
-80.492
-80.615
-80.553
-80.892
-80.891
-80.928
-80.766
-80.839
-81.187
-81.005
-81.113
-81.126
-80.975
-81.092
-81.03
-81.033
-81.354
-81.446
-81.315
-81.383
-81.379
-81.504
-81.535
-81.544
-81.541
-81.635
-81.656
-81.382
-81.373
-81.091
-81.079
-80.988
-81.026
-80.844
-80.7
-80.595
-80.474
-80.583
-80.308
-80.496
-80.274
-80.355
-80.379
-80.27
-80.506
-80.505
-80.604
-80.865
-81.057
-81.047
-80.846
