-90.275
-90.341
-90.496
-90.781
-90.892
-91.009
-90.988
-91.075
-91.22
-91.55
-91.587
-91.745
-91.723
-91.682
-91.66
-91.648
-91.671
-91.858
-92.098
-92.101
-92.253
-92.128
-92.199
-92.378
-92.339
-92.404
-92.368
-92.476
-92.688
-92.686
-92.502
-92.377
-92.421
-92.318
-92.399
-92.514
-92.71
-92.58
-92.683
-92.511
-92.768
-92.83
-92.859
-92.993
-92.914
-92.686
-92.66
-92.537
-92.731
-92.78
-93.031
-93.109
-92.925
-92.97
-93.032
-93.346
-93.143
-93.036
-92.72
-92.758
-92.699
-92.83
-92.963
-93.128
-92.898
-92.889
-93.063
-93.21
-93.436
-93.688
-93.753
-93.401
-93.419
-93.343
-93.556
-93.61
-93.662
-93.631
-93.703
-93.606
-93.701
-93.738
-93.442
-93.348
-93.453
-93.278
-93.254
-93.582
-93.299
-93.059
-93.157
-93.275
-93.232
-92.781
-92.897
-93.221
-93.433
-93.11
-92.881
-92.953
-93.008
-93.077
-93.081
-93.29
-93.311
-93.642
-93.275
-93.283
-93.709
-93.989
-94.128
-94.098
-94.079
-94.023
-94.198
-94.187
-94.365
-94.348
-93.933
-93.781
-93.576
-93.53
-93.801
-93.893
-93.795
-93.567
-93.574
-93.81
-94.05
-94.138
-94.013
-93.836
-93.796
-93.62
-93.609
-93.648
-93.44
-93.323
-93.365
-93.234
-93.397
-93.475
-93.505
-93.487
-93.438
-93.304
-93.596
-93.776
-94.028
-93.889
-93.768
-93.823
-93.764
-93.789
-93.577
-93.689
-93.807
-93.798
-94.058
-94.008
-94.058
-94.087
-94.116
-94.137
-94.484
-94.519
-94.554
-94.84
-94.844
-94.756
-94.591
-94.605
-94.501
-94.44
-94.417
-94.263
-94.317
-94.384
-94.359
-94.32
-94.047
-94.03
-94.055
-94.217
-94.333
-94.479
-94.57
-94.633
-94.653
-94.664
-94.882
-95.002
-95.11
-94.862
-95.007
-95.248
-95.636
-95.671
-95.382
-95.206
-95.159
-95.204
-94.954
-95.05
-95.239
-95.385
-95.413
-95.209
-95.106
-94.787
-94.873
-94.646
-94.77
-94.766
-94.379
-94.463
-94.328
-94.436
-94.469
-94.448
-94.438
-94.506
-94.579
-94.408
-94.312
-94.461
-94.457
-94.48
-94.54
-94.471
-94.449
-94.178
-93.845
-93.878
-93.886
-93.908
-94.022
-93.724
-93.646
-93.592
-93.621
-93.537
-93.439
-93.276
-93.336
-93.355
-93.382
-93.23
-93.279
-93.426
-93.416
-93.365
-93.416
-93.57
-93.554
-93.377
-93.387
-93.519
-93.878
-93.863
-93.697
-93.918
-93.892
-94.086
-94.223
-94.184
-93.793
-93.911
-93.678
-93.845
-93.868
-93.867
-93.824
-93.656
-93.224
-91.437
-89.179
-87.029
-85.335
-84.089
-83.06
-82.326
-81.616
-81.376
-81.011
-80.631
-80.3
-80.224
-79.98
-79.87
-79.97
-79.939
-79.88
-79.891
-80.01
-80.237
-80.17
-80.077
-79.902
-79.947
-79.997
-80.184
-80.072
-80.124
-80.186
-80.543
-80.552
-80.491
-80.316
-80.327
-80.41
-80.189
-79.974
-79.783
-80.001
-79.915
-80.026
-80.142
-80.429
-80.696
-80.458
-80.193
-80.024
-79.857
-79.906
-79.941
-79.994
-80.154
-80.028
-80.007
-79.895
-79.855
-80.11
-80.12
-80.108
-80.077
-79.979
-80.245
-80.202
-80.12
-80.172
-80.231
-80.368
-80.302
-80.3
-80.151
-79.92
-79.712
-79.905
-80.06
-79.967
-79.763
-80.114
-80.043
-80.262
-80.237
-80.265
-80.068
-80.086
-79.991
-80.227
-80.212
-80.125
-80.155
-80.082
-80.141
-79.965
-79.943
-79.945
-80.147
-80.033
-80.065
-80.108
-80.109
-80.18
-80.1
-80.097
-80.316
-80.309
-80.038
-80.013
-79.838
-79.932
-79.996
-80.042
-79.975
-79.944
-80.204
-80.428
-80.381
-80.357
-80.256
-80.012
-80.077
-79.913
-80.246
-80.057
-80.282
-80.029
-80.247
-80.056
-80.314
-80.509
-80.546
-80.442
-80.578
-80.542
-80.678
-80.59
-80.652
-80.596
-80.516
-80.427
-80.368
-80.148
-80.138
-79.96
-79.953
-79.855
-79.541
-79.083
-78.664
-78.033
-77.272
-76.922
-76.19
-75.488
-75.489
-75.127
-75.065
-74.759
-74.993
-74.858
-74.957
-74.831
-74.936
-75.117
-74.993
-74.995
-75.296
-75.551
-75.634
-75.868
-76.274
-76.207
-76.313
-76.231
-76.087
-75.809
-75.343
-74.955
-74.625
-74.466
-74.298
-74.311
-74.403
-74.295
-74.214
-74.148
-74.272
-74.163
-73.934
-73.832
-73.736
-73.926
-73.688
-73.743
-73.644
-73.884
-73.925
-73.962
-74.165
-74.968
-75.84
-76.505
-77.155
-77.838
-78.047
-78.682
-79.109
-79.493
-79.433
-79.606
-79.651
-79.46
-79.382
-79.359
-79.484
-79.611
-79.417
-79.454
-79.458
-79.333
-79.113
-79.185
-79.395
-79.564
-79.498
-79.446
-79.229
-79.197
-78.987
-79.032
-78.9
-78.881
-78.954
-78.761
-78.775
-78.953
-79.126
-79.201
-79.317
-79.28
-79.019
-79.349
-79.704
-79.752
-79.2
-79.163
-79.432
-79.267
-79.328
-79.269
-78.952
-79.217
-78.968
-78.84
-78.557
-78.631
-78.635
-78.805
-78.889
-78.699
-78.649
-78.612
-78.878
-79.042
-78.949
-78.824
-78.546
-78.623
-78.896
-79.065
-79.202
-79.201
-79.428
-79.443
-79.4
-79.503
-79.553
-79.669
-79.711
-79.61
-79.614
-79.49
-79.406
-79.568
-79.496
-79.461
-79.561
-79.397
-79.303
-79.098
-79.07
-78.813
-78.77
-79.056
-79.268
-79.147
-78.961
-78.866
-78.912
-79.33
-79.52
-79.702
-79.526
-79.247
-79.238
-79.093
-79.13
-79.287
-79.259
-79.35
-79.501
-79.586
-79.559
-79.369
-79.701
-79.865
-79.93
-79.918
-80.012
-80.077
-79.895
-79.827
-79.599
-79.76
-79.905
-79.945
-80.001
-80.122
-79.753
-79.789
-79.532
-79.487
-79.579
-79.91
-80.017
-79.985
-79.878
-79.991
-79.878
-80.322
-79.97
-80.073
-79.976
-80.323
-80.186
-79.863
-79.825
-79.864
-80.033
-80.139
-80.153
-80.034
-80.388
-80.348
-80.586
-80.579
-80.397
-80.326
-80.081
-80.216
-80.06
-80.039
-80.08
-80.092
-80.213
-80.085
-80.031
-80.24
-80.327
-80.061
-80.113
-79.821
-79.86
-79.842
-80.003
-79.973
-79.962
-80.128
-80.041
-79.963
-80.039
-80.187
-80.238
-80.062
-80.103
-80.056
-80.295
-80.301
-80.414
-80.633
-80.634
-80.877
-80.497
-80.291
-80.194
-80.161
-80.379
-80.418
-80.308
-80.095
-80.074
-79.885
-79.783
-79.751
-79.856
-79.78
-79.994
-79.929
-80.06
-80.184
-80.148
-80.462
-80.622
-80.818
-80.634
-80.677
-80.539
-80.403
-80.572
-80.446
-80.455
-80.587
-80.667
-80.682
-80.483
-80.456
-80.531
-80.552
-80.571
-80.496
-80.564
-80.731
-80.828
-80.806
-80.691
-80.369
-80.417
-80.583
-80.748
-81.054
-81.097
-81.204
-81.286
-81.206
-81.323
-81.227
-81.001
-80.749
-80.851
-80.673
-80.893
-81.039
-81.089
-80.961
-80.693
-80.528
-80.316
-80.49
-80.687
-80.374
-80.287
-80.144
-80.156
-79.97
-80.093
-80.166
-80.357
-80.581
-80.582
-80.638
-80.809
-80.996
-80.786
-80.756
-81.072
-81.154
-81.315
-81.245
-81.337
-81.169
-81.293
-81.266
-81.16
-80.819
-80.686
-80.482
-80.594
-80.531
-80.179
-80.046
-80.212
-80.205
-80.346
-80.062
-80.183
-80.393
-80.39
-80.45
-80.118
-79.971
-80.014
-79.816
-79.973
-79.995
-79.946
-79.694
-79.946
-79.899
-80.112
-80.398
-80.512
-80.74
-80.634
-80.66
-80.75
-80.988
-80.686
-80.577
-80.57
-80.761
-80.708
-80.602
-80.668
-80.412
-80.559
-80.35
-80.45
-80.355
-80.338
-80.397
-80.393
-80.191
-80.161
-80.205
-80.267
-80.117
-80.246
-80.092
-80.004
-80.359
-80.363
-80.178
-80.136
-80.074
-80.07
-80.302
-80.686
-80.681
-80.692
-80.976
-81.036
-81.003
-80.917
-80.893
-80.992
-81.151
-81.304
-81.284
-81.421
-81.812
-81.803
-81.704
-81.594
-81.635
-81.542
-81.53
-81.674
-81.717
-81.835
-81.867
-81.842
-81.786
-81.746
-81.578
-81.836
-81.964
-82.08
-82.022
-81.984
-81.994
-81.78
-81.755
-81.726
-81.841
-81.665
-81.839
-81.757
-81.975
-82.066
-81.704
-81.311
-81.213
-81.143
-81.324
-81.268
-81.442
-81.331
-81.451
-81.489
-81.996
-81.772
-81.604
-81.551
-81.579
-81.722
-81.328
-81.542
-81.524
-81.565
-81.485
-81.34
-81.732
-81.635
-81.581
-81.369
-81.46
-81.595
-81.384
-81.595
-81.589
-81.415
-81.214
-81.14
-81.046
-80.968
-80.683
-80.958
-80.982
-81.185
-81.137
-81.265
-81.169
-81.089
-80.877
-81.14
-81.268
-81.049
-80.918
-80.886
-80.706
-80.5
-80.387
-80.289
-80.082
-80.078
-80.082
-80.237
-80.211
-80.266
-79.95
-80.039
-79.988
-80.24
-79.961
-80.086
-80.27
-79.953
-80.196
-80.271
-80.195
-80.366
-80.343
-80.516
-80.541
-80.614
-80.546
-80.557
-80.579
-80.631
-80.626
-80.465
-80.285
-80.404
-80.134
-80.104
-80.058
-80.054
-79.977
-80.012
-80.003
-80.258
-80.244
-80.247
-80.272
-80.028
-80.159
-80.501
-80.645
-80.831
-80.671
-80.638
-80.613
-80.536
-80.289
-80.247
-80.545
-80.6
-80.507
-80.739
-80.967
-81.05
-80.918
-80.628
-80.748
-80.774
-80.685
-80.692
-80.331
-80.362
-80.111
-79.867
-79.641
-79.601
-79.53
-79.521
-79.702
-79.667
-79.941
-80.056
-80.144
-79.874
-79.715
-79.658
-79.577
-79.585
-79.434
-79.554
-79.767
