-68.886
-68.358
-67.677
-67.256
-66.486
-65.737
-65.222
-64.92
-64.344
-64.121
-63.724
-63.367
-62.631
-62.049
-61.223
-60.68
-60.051
-59.772
-59.42
-58.856
-58.425
-58.046
-57.54
-57.113
-56.725
-56.367
-56.198
-55.529
-55.133
-54.784
-54.137
-53.078
-52.244
-51.135
-49.071
-45.082
-45
-45
-45
-45
-45
-45
-45
-45
-45
-45
-45
-45
-45
-46.285
-53.45
-59.476
-63.688
-66.898
-68.878
-70.218
-71.111
-72.013
-72.495
-72.732
-72.935
-73.065
-73.225
-73.357
-73.341
-73.435
-73.44
-73.614
-73.967
-74.082
-74.033
-73.911
-73.699
-73.732
-73.846
-73.77
-73.816
-73.928
-73.796
-74.078
-74.197
-74.371
-74.592
-74.73
-75.013
-75.124
-74.519
-74.474
-74.421
-74.228
-73.811
-73.744
-73.564
-72.799
-72.825
-72.471
-72.38
-72.098
-71.961
-71.984
-71.534
-71.185
-70.775
-70.464
-70.019
-69.512
-69.158
-68.846
-68.689
-68.669
-68.404
-67.607
-67.274
-66.905
-66.472
-66.086
-66.218
-66.097
-65.903
-65.885
-66.081
-66.022
-66.06
-65.975
-65.71
-65.481
-65.446
-65.194
-65.369
-65.308
-65.397
-65.488
-65.571
-65.574
-65.542
-65.199
-65.004
-64.546
-64.246
-63.724
-63.221
-63.121
-62.632
-62.228
-62.112
-61.759
-61.495
-61.339
-61.283
-61.218
-60.971
-60.651
-60.752
-60.557
-60.638
-60.438
-60.392
-60.407
-60.125
-60.275
-59.985
-60.249
-60.232
-60.156
-60.147
-60.179
-60.412
-60.64
-60.31
-60.339
-60.467
-60.369
-60.275
-60.433
-60.355
-60.509
-63.169
-66.558
-69.742
-72.693
-74.398
-75.829
-76.92
-77.586
-78.366
-78.367
-78.525
-78.672
-78.963
-79.114
-78.894
-79.173
-79.35
-79.245
-79.374
-79.27
-79.326
-79.362
-79.339
-79.241
-79.064
-79.004
-78.931
-78.92
-78.55
-78.512
-78.465
-78.319
-78.424
-78.5
-78.539
-78.426
-78.541
-78.638
-78.751
-78.374
-78.458
-78.659
-78.888
-78.891
-78.898
-78.838
-79.121
-79.398
-79.206
-79.33
-79.239
-79.403
-79.169
-79.357
-79.331
-79.276
-79.417
-79.597
-79.354
-79.46
-79.544
-79.472
-79.201
-79.144
-78.996
-78.792
-78.45
-78.398
-78.165
-77.992
-77.759
-77.226
-77.016
-76.562
-76.677
-76.156
-75.962
-75.772
-75.586
-75.467
-75.635
-75.646
-75.804
-75.834
-75.782
-75.869
-75.801
-75.819
-75.995
-76.082
-76.217
-76.423
-76.654
-76.843
-76.761
-76.924
-77.167
-77.109
-77.286
-77.306
-77.241
-77.336
-77.154
-77.407
-77.595
-77.452
-77.37
-77.479
-77.605
-77.698
-77.542
-77.523
-77.612
-77.75
-77.832
-77.88
-78.045
-77.796
-77.889
-77.877
-77.976
-77.999
-78.016
-78.124
-77.996
-78.083
-78.185
-78.475
-78.496
-78.332
-78.355
-78.262
-78.028
-77.617
-76.888
-76.667
-76.179
-75.78
-75.704
-75.871
-75.819
-76.052
-76.001
-75.884
-75.828
-76.002
-76.556
-77.164
-77.386
-77.435
-77.354
-77.515
-77.804
-77.695
-77.702
-77.814
-77.992
-78.01
-77.896
-77.917
-78.02
-77.882
-77.91
-78.07
-78.056
-78.024
-78.094
-78.401
-78.521
-78.591
-78.406
-78.366
-78.382
-78.531
-78.683
-79.055
-79.078
-79.076
-79.213
-79.012
-78.969
-79.041
-79.144
-79.245
-79.41
-79.423
-79.601
-79.416
-79.253
-79.153
-79.421
-79.519
-79.512
-79.572
-79.504
-79.663
-79.533
-79.587
-79.696
-79.781
-79.732
-79.641
-79.736
-79.75
-79.796
-79.403
-78.993
-78.962
-78.727
-78.641
-78.357
-78.39
-78.632
-78.591
-78.633
-78.352
-78.272
-78.681
-78.62
-78.838
-79.029
-78.918
-79.145
-78.997
-79.002
-78.902
-79.017
-78.976
-78.924
-79.055
-79.071
-79.092
-79.146
-79.353
-79.049
-78.833
-78.443
-78.009
-77.618
-76.813
-76.555
-76.472
-76.581
-76.761
-76.662
-76.648
-76.927
-77.095
-76.993
-76.987
-77.198
-77.216
-77.542
-77.586
-77.697
-78.056
-78.005
-77.471
-76.893
-76.592
-76.119
-75.836
-75.651
-75.752
-75.562
-75.625
-75.725
-75.921
-75.959
-75.621
-75.758
-75.901
-76.249
-76.385
-76.475
-76.439
-76.525
-76.669
-76.837
-76.876
-76.865
-76.821
-77.13
-77.292
-77.401
-77.643
-77.943
-78.173
-78.214
-78.36
-78.347
-78.353
-78.178
-78.289
-78.321
-78.286
-78.32
-78.258
-77.922
-77.994
-78.074
-78.269
-78.213
-78.19
-78.357
-78.319
-78.44
-78.661
-78.38
-78.536
-78.75
-78.518
-78.566
-78.669
-78.714
-78.657
-78.751
-78.89
-79.073
-79.071
-79.202
-79.289
-79.339
-79.333
-79.146
-79.244
-79.328
-79.552
-79.349
-79.42
-79.328
-79.434
-79.33
-79.269
-78.954
-78.809
-78.845
-78.874
-78.999
-79.146
-79.098
-79.325
-79.206
-79.348
-79.407
-79.466
-79.354
-79.149
-79.25
-79.552
-79.569
-79.649
-79.502
-79.39
-79.088
-79.317
-79.246
-79.17
-78.936
-78.956
-79.18
-79.325
-79.297
-79.235
-79.011
-78.942
-78.796
-78.782
-78.761
-78.684
-78.74
-79.015
-78.987
-78.82
-79.148
-79.094
-79.365
-79.254
-79.291
-79.173
-79.261
-79.302
-78.886
-78.368
-77.98
-77.84
-77.651
-77.384
-77.166
-77.005
-77.092
-77.122
-77.114
-77.367
-77.26
-77.405
-77.492
-77.417
-77.652
-77.893
-77.9
-77.973
-78.221
-78.244
-78.203
-78.18
-78.274
-78.236
-78.509
-78.653
-78.576
-78.475
-78.687
-78.497
-78.386
-78.366
-78.763
-78.876
-79.059
-78.924
-78.983
-79.212
-79.348
-79.175
-79.205
-79.262
-79.296
-79.434
-79.294
-79.196
-79.197
-79.167
-79.223
-79.438
-79.445
-79.73
-79.602
-79.465
-79.21
-79.106
-79.152
-79.388
-79.461
-79.448
-79.597
-79.5
-79.649
-79.786
-79.898
-79.92
-79.786
-79.88
-79.818
-80.102
-79.839
-79.743
-79.727
-79.726
-79.566
-79.75
-79.862
-79.882
-79.985
-80.02
-79.941
-79.788
-79.865
-80.022
-80.016
-79.755
-79.958
-80.013
-80.014
-79.781
-79.949
-80.177
-80.282
-80.343
-80.251
-80.247
-79.873
-79.796
-79.756
-80.006
-79.785
-79.864
-79.968
-79.741
-79.91
-79.928
-79.804
-79.894
-80.049
-79.928
-79.994
-80.056
-79.941
-80.133
-80.39
-80.234
-80.218
-80.443
-80.448
-80.519
-80.539
-80.476
-80.24
-80.268
-80.34
-80.401
-80.469
-80.549
-80.505
-80.4
-80.383
-80.447
-80.253
-80.268
-80.186
-80.514
-80.482
-80.202
-80.046
-80.407
-80.372
-80.189
-80.174
-80.135
-80.187
-80.273
-79.997
-80.318
-80.459
-80.443
-80.519
-80.271
-80.101
-79.77
-79.948
-79.824
-79.549
-79.545
-79.413
-79.514
-79.751
-79.756
-79.833
-79.962
-80.147
-80.401
-80.478
-80.416
-80.316
-80.257
-80.211
-80.344
-80.108
-80.059
-80.352
-80.294
-79.834
-79.959
-80.067
-80.299
-80.329
-80.278
-80.211
-80.455
-80.499
-80.583
-80.644
-80.906
-80.793
-80.539
-80.659
-80.559
-80.149
-80.25
-80.495
-80.382
-80.345
-80.377
-80.563
-80.514
-80.391
-80.27
-80.32
-80.225
-80.292
-80.304
-80.429
-80.346
-80.356
-80.012
-79.981
-80.006
-80.045
-79.928
-79.774
-79.908
-79.963
-80.084
-80.076
-80.238
-80.232
-80.061
-80.294
-80.114
-80.119
-80.112
-80.183
-80.247
-80.343
-80.649
-80.65
-80.885
-80.758
-80.544
-80.492
-80.671
-80.899
-80.735
-80.749
-80.605
-80.41
-80.624
-80.723
-80.648
-80.657
-80.613
-80.7
-80.762
-80.801
-80.671
-80.532
-80.538
-80.566
-80.664
-80.796
-80.956
-80.849
-81.116
-80.904
-81.05
-80.792
-80.853
-80.965
-80.803
-81.063
-80.993
-80.761
-80.7
-80.422
-80.427
-80.738
-80.668
-80.752
-80.777
-80.81
-80.993
-81.064
-81.114
-81.1
-80.933
-80.943
-80.58
-80.806
-80.82
-80.657
-80.512
-80.275
-80.294
-80.159
-80.498
-80.756
-80.653
-80.666
-80.762
-80.758
-80.564
-80.631
-80.545
-80.745
-80.913
-80.874
-80.837
-80.828
-80.827
-80.821
-80.671
-80.584
-80.426
-80.583
-80.654
-80.805
-80.744
-80.667
-80.515
-80.128
-80.295
-80.378
-80.345
-80.479
-80.386
-80.768
-80.848
-80.705
-80.719
-81.011
-80.858
-80.55
-80.551
-80.374
-80.622
-80.299
-80.434
-80.406
-80.236
-80.25
-80.537
-80.549
-80.569
-80.642
-80.505
-80.388
-80.474
-80.374
-80.428
-80.52
-80.693
-80.818
-80.964
-80.817
-80.732
-80.877
-80.905
-80.919
-80.942
-81.039
-80.797
-80.693
-80.435
-80.527
-80.671
-80.532
-80.406
-80.651
-80.36
-80.462
-80.508
-80.545
-80.504
-80.396
-80.424
-80.428
-80.444
-80.508
-80.697
-80.674
-80.733
-80.605
-80.747
-80.573
-80.775
-81.162
-81.15
-81.221
-81.352
-81.337
-81.301
-81.332
-81.395
-81.569
-81.476
-81.382
-81.193
-81.498
-81.377
-81.319
-81.459
-81.9
-82.012
-81.977
-82.054
-81.883
-81.835
-81.597
-81.29
-81.698
-81.879
-81.862
-81.491
-81.58
-81.719
-81.599
-81.601
-81.787
-81.814
-81.894
-81.895
-81.901
-81.813
-81.961
-81.876
-81.96
-82.486
-82.409
-82.695
-82.669
-82.557
-82.829
-82.748
-82.685
-82.677
-82.856
-82.818
-82.907
-82.946
-83.164
-83.045
-83.302
-83.119
-83.058
-82.961
-82.812
