-66.879
-66.521
-66.191
-65.881
-65.879
-65.682
-65.882
-65.713
-65.574
-65.254
-65.367
-65.413
-65.148
-64.949
-65.18
-65.104
-65.232
-65.038
-64.944
-64.772
-64.819
-64.78
-64.364
-64.589
-64.895
-64.927
-64.973
-64.733
-64.581
-64.322
-64.212
-64.177
-64.142
-64.074
-64.127
-64.201
-63.946
-64.16
-64.079
-64.064
-64.448
-64.585
-64.595
-64.761
-64.761
-64.94
-65.134
-65.126
-64.957
-64.835
-64.997
-64.997
-64.889
-65.184
-65.277
-65.361
-65.458
-65.67
-65.906
-66.054
-65.937
-65.997
-66.135
-66.29
-66.152
-65.989
-65.899
-65.489
-65.258
-65.127
-64.844
-64.584
-64.134
-63.644
-63.327
-63.128
-63.377
-63.204
-63.156
-63.173
-63.32
-62.862
-62.348
-62.1
-61.877
-61.203
-60.225
-59.678
-59.246
-58.72
-58.299
-57.804
-57.533
-57.227
-56.451
-55.812
-55.338
-54.767
-53.931
-52.934
-51.663
-50.109
-47.136
-45
-45
-45
-45
-45
-45
-45
-45
-45
-45
-45
-45
-45
-45
-50.591
-57.037
-62.093
-65.532
-67.915
-69.371
-70.625
-71.385
-71.745
-72.186
-72.529
-72.784
-72.864
-72.773
-72.978
-73.077
-73.296
-73.475
-73.506
-73.431
-73.123
-72.854
-72.436
-71.995
-71.535
-70.915
-70.307
-69.852
-69.215
-68.826
-68.625
-67.864
-67.289
-66.704
-66.446
-66
-65.566
-65.136
-64.571
-64.331
-63.929
-63.939
-63.665
-63.232
-63.002
-62.524
-62.178
-61.767
-61.342
-60.958
-60.91
-60.36
-59.822
-59.366
-58.732
-58.07
-57.453
-57.111
-56.534
-56.104
-55.717
-55.24
-54.546
-54.019
-53.25
-52.362
-51.315
-49.448
-46.111
-45
-45
-45
-45
-45
-45
-45
-45
-45
-45
-45
-45
-45
-45.401
-51.955
-57.724
-61.904
-64.669
-66.568
-67.755
-68.338
-68.978
-69.08
-68.964
-68.849
-68.415
-68.029
-67.544
-67.406
-66.917
-66.274
-65.735
-65.015
-64.461
-63.797
-63.232
-62.333
-61.515
-60.6
-59.656
-58.879
-58.199
-57.853
-57.557
-57.035
-56.811
-56.432
-56.033
-55.504
-55.221
-54.444
-53.782
-52.892
-52.293
-51.096
-49.021
-45.99
-45
-45
-45
-45
-45
-45
-45
-45
-45
-45
-45
-45
-45
-46.462
-52.894
-58.233
-62.329
-64.986
-66.726
-67.607
-68.414
-68.69
-69.016
-68.765
-68.45
-67.904
-67.514
-66.906
-66.461
-65.91
-65.417
-64.746
-64.218
-63.922
-63.529
-63.165
-62.743
-62.336
-62.263
-61.921
-61.575
-61.404
-61.26
-60.684
-60.536
-59.933
-59.777
-59.508
-59.372
-58.87
-58.403
-57.645
-57.102
-56.402
-55.441
-54.649
-53.783
-52.952
-51.789
-49.96
-47.306
-45
-45
-45
-45
-45
-45
-45
-45
-45
-45
-45
-45
-45
-45
-51.109
-57.108
-61.285
-64.352
-66.376
-67.902
-68.661
-69.223
-69.428
-69.525
-69.593
-69.683
-69.745
-69.508
-69.452
-69.439
-69.249
-68.954
-69.047
-69.127
-68.934
-69.022
-68.966
-68.813
-68.611
-68.606
-68.216
-67.942
-67.744
-67.359
-67.051
-67.013
-66.915
-66.692
-66.668
-66.44
-66.546
-66.299
-66.15
-65.978
-65.648
-65.173
-64.564
-64.155
-63.501
-63.328
-62.48
-61.897
-61.401
-60.844
-60.319
-59.729
-59.58
-59.394
-59.018
-58.782
-58.501
-57.995
-57.677
-57.25
-56.783
-56.499
-56.146
-55.548
-55.127
-54.084
-53.001
-51.636
-50.207
-47.462
-45
-45
-45
-45
-45
-45
-45
-45
-45
-45
-45
-45
-45
-45
-50.716
-57.147
-61.909
-65.214
-67.76
-68.784
-69.193
-68.834
-67.941
-67.049
-66.081
-64.963
-63.794
-62.675
-61.543
-60.355
-59.084
-58.071
-57.086
-55.638
-54.653
-53.72
-52.201
-50.447
-47.978
-45
-45
-45
-45
-45
-45
-45
-45
-45
-45
-45
-45
-45
-45
-47.465
-52.145
-55.656
-57.856
-59.134
-59.771
-59.657
-59.398
-58.696
-58.11
-57.256
-56.519
-55.392
-54.264
-53.285
-51.966
-50.629
-49.311
-47.568
-45
-45
-45
-45
-45
-45
-45
-45
-45
-45
-45
-45
-45
-45
-48.487
-52.585
-55.902
-58.114
-59.25
-59.596
-59.563
-59.239
-58.676
-57.682
-57.249
-56.181
-55.301
-54.71
-54.116
-53.206
-52.295
-51.647
-50.495
-48.988
-46.729
-45
-45
-45
-45
-45
-45
-45
-45
-45
-45
-45
-45
-45
-47.091
-52.937
-58.017
-61.761
-64.353
-65.743
-66.808
-67.178
-67.081
-66.827
-66.495
-66.036
-65.3
-64.856
-64.38
-63.827
-63.697
-63.282
-62.73
-62.398
-61.687
-60.962
-60.525
-60.183
-59.791
-59.271
-58.983
-58.628
-58.332
-57.859
-57.474
-56.788
-56.158
-55.754
-55.249
-54.408
-53.305
-52.158
-50.968
-49.045
-45.496
-45
-45
-45
-45
-45
-45
-45
-45
-45
-45
-45
-45
-45
-48.387
-55.072
-60.292
-63.886
-66.538
-68.022
-68.997
-69.75
-69.942
-70.107
-70.348
-70.689
-70.966
-71.055
-71.24
-71.125
-71.203
-70.975
-70.485
-70.03
-69.846
-69.536
-68.833
-68.691
-68.17
-67.883
-67.421
-67.045
-66.846
-66.714
-66.502
-65.929
-65.679
-65.298
-65.139
-65.31
-65.212
-65.35
-65.308
-65.065
-65.145
-65.427
-65.172
-65.407
-65.594
-65.929
-66.017
-66.103
-66.149
-65.961
-65.759
-66.158
-66.251
-66.669
-66.901
-66.967
-67.338
-67.361
-67.721
-68.037
-68.239
-68.489
-68.859
-68.989
-69.232
-69.732
-70.008
-70.252
-70.869
-71.103
-71.222
-71.297
-71.628
-71.628
-71.685
-72.044
-72.308
-72.937
-73.107
-73.417
-73.793
-73.923
-73.886
-74.186
-74.329
-74.332
-74.58
-74.783
-74.78
-74.946
-75.089
-75.463
-75.619
-75.619
-75.69
-76.129
-76.247
-76.534
-76.818
-76.887
-77.281
-77.288
-77.494
-77.869
-77.963
-77.959
-78.135
-78.437
-78.388
-78.439
-78.889
-78.799
-79.134
-79.226
-79.299
-79.351
-79.486
-79.659
-79.632
-79.664
-80.123
-80.035
-80.252
-80.49
-80.326
-80.358
-80.489
-81.054
-81.188
-81.409
-81.098
-81.612
-81.745
-82.134
-82.31
-82.51
-82.547
-82.983
-83.338
-83.521
-83.973
-83.952
-84.218
-84.344
-84.398
-84.217
-84.274
-84.429
-84.299
-84.375
-84.321
-84.358
-84.172
-84.518
-84.582
-84.658
-84.849
-84.918
-85.347
-85.861
-86.114
-86.36
-86.641
-86.799
-87.05
-87.311
-87.257
-87.404
-87.378
-87.369
-87.543
-87.681
-87.623
-87.594
-87.722
-87.35
-87.329
-87.535
-87.591
-87.779
-87.98
-88.07
-88.082
-88.278
-88.061
-88.09
-88.236
-88.199
-88.491
-88.533
-88.612
-88.791
-88.781
-88.664
-88.631
-88.849
-88.908
-88.759
-88.761
-88.63
-88.741
-88.929
-89.04
-89.043
-88.897
-89.246
-89.149
-88.952
-88.965
-88.987
-88.97
-88.913
-89.335
-89.232
-89.239
-89.134
-89.151
-88.802
-88.82
-88.899
-88.634
-88.19
-88.195
-88.268
-88.203
-88.655
-89.039
-89.446
-89.589
-89.788
-89.957
-90.059
-90.005
-90.023
-90.026
-89.926
-90.156
-90.252
-90.457
-90.411
-90.415
-90.63
-90.806
-90.667
-90.859
-91.05
-91.205
-91.29
-91.436
-91.837
-92.014
-92.219
-91.847
-91.871
-91.478
-91.383
-91.505
-91.508
-91.583
-91.812
-91.899
-92.09
-92.344
-92.301
-92.235
-92.157
-91.821
-91.613
-91.352
-91.646
-91.823
-91.99
-92.171
-92.289
-92.226
-91.975
-92.09
-91.938
-91.792
-91.554
-91.625
-91.857
-92.281
-92.226
-92.224
-92.491
-92.376
-92.147
-92.28
-92.252
-92.175
-92.173
-92.306
-92.179
-92.097
-91.967
-92.112
-92.206
-92.294
-92.221
-92.409
-92.557
-92.92
-93.101
-93.291
-93.307
-93.363
-93.496
-93.563
-93.503
-93.597
-93.841
-93.891
-94.013
-93.996
-94.266
-94.431
-94.429
-94.578
-94.264
-94.056
-94.179
-93.943
-93.664
-93.549
-93.488
-93.701
-93.674
-93.624
-93.581
-93.748
-93.963
-94.011
-94.152
-94.272
-94.275
-93.928
-93.69
-93.627
-93.355
-93.379
-93.247
-93.589
-93.607
-93.682
-93.728
-93.771
-93.839
-93.878
-93.734
-93.933
-93.666
-93.775
-93.853
-93.579
-93.777
-93.715
-93.577
-93.454
-93.939
-93.95
-93.991
-94.093
-94.085
-93.986
-93.666
-93.849
-93.761
-93.693
-93.918
-93.977
-94.188
-94.121
-94.34
-94.538
-94.533
-94.446
-94.464
-94.749
-94.581
-94.648
-94.39
-94.647
-94.799
-94.908
-94.542
-94.548
-94.201
-94.28
-94.543
-94.75
-94.42
-94.443
-94.575
-94.559
-94.558
-94.403
-94.53
-94.513
-94.48
-94.864
-95.153
-94.802
-94.743
-94.762
-94.649
-94.677
-94.709
-94.903
-94.924
-94.921
-94.971
-94.764
-95.037
-94.935
-94.982
-94.891
-95.223
-95.156
-95.294
-95.339
-95.36
-95.235
-95.174
-95.038
-95.215
-95.206
-95.353
-95.625
-95.8
-95.853
-95.817
-95.839
-95.799
-95.702
-95.435
-95.354
-95.24
-95.17
