-70.167
-69.898
-69.669
-69.468
-69.171
-68.954
-68.66
-68.457
-68.233
-68.13
-68.041
-68.053
-67.85
-67.841
-67.707
-67.706
-67.531
-67.523
-67.753
-67.959
-68.008
-68.047
-68.067
-68.348
-68.772
-69.026
-69.297
-69.391
-69.289
-69.449
-69.512
-69.627
-69.608
-69.818
-69.655
-69.58
-69.464
-69.55
-69.38
-69.4
-69.504
-69.782
-70.037
-70.128
-70.466
-70.614
-70.683
-70.766
-71.033
-71.128
-71.274
-71.248
-71.024
-70.905
-71.366
-71.787
-71.709
-71.461
-71.481
-71.432
-71.274
-71.161
-70.805
-70.845
-70.685
-70.356
-70.156
-70.046
-69.948
-69.942
-69.812
-69.802
-69.696
-69.801
-69.763
-69.539
-69.643
-69.644
-69.557
-69.648
-69.713
-69.498
-69.536
-69.342
-69.274
-69.458
-69.633
-69.316
-69.593
-69.656
-69.73
-70.279
-70.566
-70.619
-70.531
-70.571
-70.468
-70.355
-70.385
-70.372
-70.495
-70.463
-70.628
-70.796
-71.13
-71.11
-70.99
-71.043
-70.801
-70.581
-70.475
-70.323
-70.114
-69.828
-69.422
-69.273
-69.209
-68.952
-68.9
-68.772
-68.673
-68.694
-68.489
-68.557
-68.3
-68.226
-67.998
-67.901
-67.875
-67.842
-67.696
-67.629
-67.222
-67.143
-66.942
-66.9
-66.908
-66.59
-66.027
-65.835
-65.422
-65.429
-65.048
-64.312
-64
-63.443
-63.235
-62.362
-62.021
-61.57
-61.215
-60.819
-60.725
-60.495
-60.275
-59.966
-59.707
-59.37
-59.112
-59.299
-59.286
-59.183
-58.859
-58.711
-58.422
-58.178
-57.859
-57.78
-57.41
-57.539
-57.346
-57.145
-56.859
-56.379
-56.385
-55.85
-55.221
-54.877
-54.635
-54.125
-53.281
-52.152
-50.993
-48.821
-45
-45
-45
-45
-45
-45
-45
-45
-45
-45
-45
-45
-45
-45
-47.088
-53.623
-59.148
-62.804
-65.148
-66.791
-67.323
-68.177
-68.711
-68.838
-68.845
-68.626
-68.512
-68.401
-68.209
-67.809
-67.735
-67.404
-67.093
-66.871
-66.563
-66.014
-65.398
-65.179
-64.778
-64.229
-63.826
-63.713
-63.666
-62.972
-62.573
-61.785
-61.221
-60.489
-60.003
-59.686
-59.252
-58.689
-58.126
-57.536
-57.077
-56.744
-56.364
-56.126
-55.655
-55.085
-54.682
-53.996
-52.955
-51.987
-50.274
-47.799
-45
-45
-45
-45
-45
-45
-45
-45
-45
-45
-45
-45
-45
-45
-50.292
-56.819
-61.659
-65.014
-67.201
-68.611
-69.492
-70.103
-71.109
-72.646
-74.469
-76.04
-77.17
-77.885
-78.198
-78.303
-78.221
-78.305
-78.385
-78.891
-78.789
-78.658
-78.989
-79.06
-79.227
-79.539
-79.622
-79.688
-79.713
-79.749
-79.513
-79.341
-79.305
-79.197
-79.186
-78.96
-78.717
-78.573
-78.193
-78.248
-77.939
-77.543
-77.175
-77.079
-77.075
-76.909
-76.927
-76.949
-77.045
-76.869
-76.941
-77.003
-76.942
-77.221
-77.43
-77.382
-77.398
-77.481
-77.725
-77.995
-78.061
-78.008
-78.219
-78.295
-78.187
-78.19
-78.505
-78.715
-78.856
-78.808
-78.813
-78.906
-79.144
-79.195
-78.985
-79.154
-79.111
-78.727
-78.641
-78.511
-78.306
-78.342
-78.575
-78.461
-78.645
-78.642
-78.616
-78.552
-78.381
-78.204
-78.304
-78.098
-78.212
-78.055
-78.061
-77.867
-77.682
-77.554
-77.759
-77.539
-77.339
-77.34
-77.414
-77.286
-77.084
-77.119
-77.37
-77.575
-77.518
-77.716
-77.619
-77.702
-77.928
-78.103
-77.72
-77.639
-77.864
-77.78
-78.157
-78.432
-78.289
-78.234
-78.35
-78.295
-78.561
-78.447
-78.338
-77.862
-77.537
-77.343
-77.086
-76.899
-76.893
-76.772
-76.578
-76.431
-76.368
-76.514
-76.737
-76.877
-77.135
-77.089
-76.821
-76.664
-76.44
-76.274
-76.073
-76.088
-76.198
-76.112
-75.656
-75.528
-75.41
-75.269
-75.281
-75.537
-76.179
-76.816
-77.063
-77.503
-77.964
-78.425
-78.582
-78.851
-78.618
-78.415
-78.381
-78.205
-78.218
-78.371
-78.542
-78.651
-78.633
-78.597
-78.598
-78.739
-78.788
-78.715
-78.78
-78.992
-79.056
-79.05
-78.851
-78.959
-78.965
-78.693
-78.6
-78.648
-78.713
-78.82
-79.038
-78.988
-78.932
-78.838
-78.546
-78.528
-78.676
-78.663
-78.679
-78.442
-78.627
-78.703
-78.466
-78.554
-78.559
-78.47
-78.447
-78.438
-78.506
-78.561
-78.531
-78.722
-78.896
-79.038
-79.057
-78.965
-78.976
-79.069
-79.129
-79.313
-79.341
-79.202
-79.105
-79.213
-79.311
-79.438
-79.477
-79.23
-79.109
-78.889
-79.009
-79.062
-79.009
-79.252
-79.187
-79.26
-79.139
-79.176
-79.17
-79.122
-79.099
-79.312
-79.103
-79.153
-79.157
-78.998
-78.889
-79.091
-78.931
-79.101
-79.183
-79.124
-79.216
-79.285
-79.553
-79.515
-79.578
-79.352
-79.451
-79.409
-79.384
-79.367
-79.253
-79.321
-79.291
-79.287
-79.322
-79.261
-78.985
-78.885
-79.121
-78.974
-78.778
-78.64
-78.567
-78.835
-78.716
-78.941
-78.836
-78.78
-79.016
-79.124
-79.105
-79.088
-78.966
-78.987
-79.06
-79.084
-79.259
-79.238
-79.113
-79.261
-79.3
-79.257
-79.415
-79.391
-79.343
-79.617
-79.537
-79.503
-79.628
-79.614
-79.628
-79.752
-79.778
-79.712
-79.891
-79.778
-79.762
-79.928
-79.774
-79.63
-79.603
-79.679
-79.589
-79.531
-79.398
-79.634
-79.56
-79.512
-79.448
-79.577
-79.779
-79.752
-79.685
-79.659
-79.814
-79.653
-79.589
-79.625
-79.741
-79.715
-79.783
-79.866
-79.935
-79.884
-79.787
-79.879
-79.806
-79.863
-79.955
-79.688
-79.982
-79.993
-80.027
-79.852
-79.843
-79.964
-79.85
-79.845
-79.789
-79.65
-79.951
-79.887
-80.005
-79.919
-79.858
-79.84
-79.743
-79.781
-79.89
-79.629
-79.704
-79.9
-79.967
-79.953
-79.945
-80.069
-80.054
-80.222
-80.114
-80.05
-80.073
-80.172
-79.873
-79.809
-79.716
-79.666
-79.992
-79.946
-80.186
-80.302
-80.221
-79.998
-79.916
-79.945
-79.887
-80.034
-79.86
-80.012
-79.843
-79.866
-79.851
-79.782
-79.979
-80.032
-80.15
-80.029
-80.072
-79.944
-80.09
-79.787
-79.84
-79.937
-79.868
-80.018
-80.031
-80.086
-80.158
-80.046
-80.11
-79.928
-79.974
-80.03
-79.956
-80.046
-79.919
-79.967
-80.073
-80.164
-80.142
-80.09
-80.193
-80.189
-80.326
-80.18
-80.222
-80.323
-80.175
-80.127
-80.273
-80.243
-80.189
-80.562
-80.289
-80.251
-80.332
-80.387
-80.07
-79.902
-80.033
-79.925
-80.075
-80.249
-80.213
-80.159
-80.323
-80.204
-79.989
-79.921
-79.967
-80.104
-80.089
-79.899
-80.23
-80.001
-79.976
-80.028
-80.066
-79.834
-79.918
-80.016
-80.049
-79.96
-79.947
-79.783
-79.722
-79.731
-79.874
-79.793
-79.716
-79.777
-79.965
-79.735
-79.59
-79.529
-79.514
-79.966
-80.17
-80.271
-80.195
-80.198
-80.272
-80.224
-80.087
-79.963
-80.013
-80.05
-80.082
-79.888
-79.877
-79.998
-79.947
-79.597
-79.812
-79.848
-80.03
-79.818
-80.192
-80.263
-80.178
-80.126
-80.308
-80.569
-80.405
-80.361
-80.559
-80.502
-80.466
-80.259
-80.141
-79.925
-79.861
-79.791
-80.071
-80.286
-80.058
-80.015
-79.991
-80.068
-79.931
-80.061
-79.907
-79.907
-80.001
-79.779
-80.049
-80.404
-80.179
-80.104
-80.361
-80.495
-80.401
-80.159
-80.417
-80.241
-80.3
-80.485
-80.15
-80.083
-80.353
-80.16
-80.088
-79.98
-79.834
-79.89
-80.276
-80.1
-79.887
-79.612
-79.69
-79.807
-80.083
-79.936
-79.928
-80.05
-80.098
-80.056
-79.638
-79.914
-80.12
-79.777
-80.022
-79.89
-80.028
-80.092
-80.422
-80.221
-80.37
-80.284
-80.369
-80.274
-80.498
-80.569
-80.61
-80.427
-80.368
-80.209
-80.154
-80.142
-80.248
-80.233
-80.464
-80.371
-80.123
-79.876
-79.969
-80.19
-80.409
-80.535
-80.51
-80.542
-80.124
-80.384
-80.263
-80.034
-79.988
-79.632
-79.913
-80.006
-80.308
-80.281
-80.275
-79.88
-79.881
-80.035
-79.867
-80.026
-80.134
-80.093
-80.193
-80.38
-80.495
-80.658
-80.868
-80.7
-80.565
-80.432
-80.465
-80.239
-80.473
-80.386
-80.336
-80.432
-80.301
-80.411
-80.577
-80.237
-80.568
-80.558
-80.638
-80.716
-81.073
-81.213
-80.962
-80.84
-80.874
-80.776
-80.884
-80.868
-80.757
-80.538
-80.452
-80.436
-80.367
-80.221
-80.147
-80.11
-80.107
-79.868
-79.844
-79.723
-79.699
-79.768
-79.956
-80.35
-80.052
-79.789
-79.866
-79.595
-79.664
-79.699
-79.782
-79.688
-79.806
-79.864
-79.843
-79.857
-79.813
-79.782
-79.597
-79.816
-79.767
-79.864
-79.957
-80.15
-80.037
-79.818
-80.011
-79.777
-79.466
-79.637
-79.563
-79.219
-79.336
-79.592
-79.644
-79.371
-79.507
-79.376
-79.542
-79.56
-79.694
-79.615
-79.812
-79.693
-79.729
-79.87
-79.643
-79.719
-79.665
-79.913
-79.807
-79.794
-79.65
-79.85
-79.791
-79.658
-79.878
-79.866
-80.002
-80.064
-79.989
-79.911
-80.274
-80.298
-80.486
-80.461
-80.633
-80.626
-80.246
-80.155
-79.913
-79.694
-79.572
-78.988
-78.869
-78.696
-78.358
-78.275
-77.927
-77.535
-77.276
-77.353
-77.141
-76.889
-76.836
