-76.382
-76.223
-75.774
-75.897
-75.778
-75.804
-75.755
-75.465
-75.408
-75.061
-74.891
-75.219
-74.828
-74.68
-74.352
-74.268
-73.742
-73.173
-72.72
-72.403
-71.921
-71.33
-70.978
-70.778
-70.458
-70.302
-70.578
-70.278
-70.125
-70.178
-70.054
-70.138
-70.21
-70.233
-69.998
-69.761
-69.613
-69.638
-69.291
-68.998
-68.885
-68.718
-68.748
-68.553
-68.287
-68.316
-68.103
-68.008
-67.944
-67.665
-67.68
-67.855
-67.677
-67.999
-68.191
-68.202
-68.023
-67.915
-67.883
-67.668
-67.641
-67.982
-67.815
-67.618
-67.854
-67.947
-68.113
-68.058
-68.305
-68.286
-68.194
-68.22
-68.218
-68.375
-68.216
-68.254
-68.817
-68.682
-68.837
-68.76
-68.818
-69.435
-69.507
-69.906
-70.059
-70.063
-70.305
-70.479
-70.748
-70.516
-70.59
-70.635
-70.679
-70.818
-70.832
-71.045
-71.136
-71.274
-71.343
-71.546
-71.471
-71.654
-71.662
-71.62
-71.614
-71.966
-72.005
-71.868
-72.015
-71.791
-71.452
-71.152
-70.979
-70.692
-70.487
-70.059
-69.819
-69.523
-69.401
-69.21
-68.997
-69.01
-68.988
-68.995
-68.711
-68.625
-68.533
-68.373
-68.43
-68.083
-67.796
-67.49
-67.426
-67.695
-67.583
-67.646
-67.458
-67.093
-66.483
-66.159
-65.92
-65.643
-64.778
-64.305
-63.805
-63.413
-62.882
-62.56
-62.173
-61.749
-61.351
-60.819
-60.414
-60.143
-59.698
-59.266
-59.309
-58.76
-58.637
-58.402
-58.468
-60.673
-64.499
-68.054
-70.946
-73.254
-75.015
-76.274
-77.41
-77.9
-78.685
-78.982
-79.356
-79.059
-79.206
-79.206
-79.174
-78.979
-78.807
-78.681
-78.686
-78.478
-78.612
-78.711
-78.406
-78.641
-78.735
-78.516
-78.613
-78.495
-78.58
-78.597
-78.749
-78.878
-79.024
-79.314
-79.198
-78.935
-78.939
-78.517
-78.329
-78.331
-78.151
-78.248
-78.325
-78.026
-77.746
-77.886
-78.068
-78.323
-78.497
-78.454
-78.437
-78.313
-78.529
-78.466
-78.384
-78.24
-78.211
-78.022
-78.171
-78.549
-78.628
-78.812
-78.59
-78.694
-78.811
-79.033
-79.019
-79.086
-78.968
-79.107
-78.906
-79.076
-79.169
-79.257
-79.114
-79.235
-79.275
-79.396
-79.688
-79.804
-79.765
-79.91
-79.649
-79.259
-79.3
-79.131
-79.148
-79.131
-79.107
-78.945
-78.804
-78.709
-78.568
-78.203
-78.397
-78.674
-78.808
-78.698
-78.638
-78.549
-78.702
-78.895
-78.76
-78.713
-78.725
-78.93
-78.895
-78.817
-78.86
-78.952
-79.133
-79.169
-79.34
-79.189
-79.255
-79.364
-79.432
-79.399
-79.425
-79.45
-79.457
-79.555
-79.607
-79.541
-79.483
-79.545
-79.646
-79.479
-79.342
-79.413
-79.581
-79.357
-79.182
-79.174
-79.327
-79.381
-79.539
-79.462
-79.41
-79.081
-78.828
-78.652
-78.493
-78.751
-78.506
-78.329
-78.313
-78.486
-78.48
-78.635
-78.883
-78.597
-78.407
-78.083
-78.005
-77.83
-77.863
-77.743
-77.453
-77.451
-77.301
-77.274
-77.157
-77.227
-77.312
-77.381
-77.426
-77.752
-77.594
-77.858
-77.828
-77.78
-77.88
-78.065
-78.168
-78.248
-78.347
-78.378
-78.504
-78.395
-78.446
-78.31
-78.417
-78.401
-78.298
-78.069
-78.149
-78.247
-78.24
-78.359
-78.532
-78.494
-78.761
-78.83
-79.035
-78.856
-78.625
-78.709
-78.734
-78.305
-78.015
-77.942
-77.817
-77.687
-77.818
-77.504
-77.432
-77.265
-76.799
-76.654
-76.529
-76.517
-76.409
-76.154
-75.909
-75.855
-76.019
-75.974
-76.175
-76.027
-76.183
-76.145
-76.114
-76.19
-76.284
-76.236
-76.335
-76.385
-76.375
-76.432
-76.615
-76.706
-76.796
-76.855
-77.18
-77.092
-77.449
-77.332
-77.79
-77.661
-77.789
-77.871
-78
-78.176
-78.438
-79.097
-78.821
-79.211
-79.233
-78.654
-78.118
-77.554
-77.165
-76.866
-76.454
-76.127
-75.625
-75.085
-74.699
-74.683
-74.593
-74.729
-74.758
-74.565
-74.549
-74.476
-74.486
-74.479
-74.118
-74.434
-74.423
-74.726
-74.513
-74.838
-74.786
-74.913
-75.399
-75.862
-76.608
-77.234
-77.538
-77.754
-77.745
-77.772
-78.21
-78.093
-77.983
-77.832
-77.487
-77.464
-77.358
-77.352
-77.648
-77.63
-77.787
-77.736
-77.493
-77.504
-77.763
-77.92
-78.091
-78.34
-78.385
-78.303
-78.221
-78.481
-78.515
-78.412
-78.256
-77.891
-78.01
-78.154
-78.286
-78.129
-77.95
-77.953
-77.882
-77.653
-77.847
-77.834
-78.039
-77.941
-77.889
-78.283
-78.094
-78.091
-78.36
-78.463
-78.517
-78.681
-78.543
-78.284
-78.412
-78.714
-78.921
-78.935
-78.895
-79.084
-79.094
-79.256
-79.225
-79.276
-79.321
-79.135
-79.063
-79.067
-78.911
-79.129
-79.123
-78.834
-78.741
-78.706
-78.412
-78.503
-78.327
-78.089
-77.927
-77.936
-77.653
-77.159
-77.273
-77.591
-77.578
-77.811
-77.618
-77.647
-77.618
-77.435
-77.66
-77.835
-78.192
-78.193
-78.046
-78.074
-78.511
-78.36
-78.478
-78.596
-78.721
-78.818
-78.666
-78.876
-78.815
-79.017
-79.038
-78.832
-78.785
-78.771
-78.641
-78.793
-78.858
-78.976
-79.091
-78.835
-78.827
-78.694
-79.045
-79.124
-79.233
-79.392
-79.353
-79.546
-79.284
-79.391
-79.731
-79.657
-79.18
-78.981
-78.818
-78.62
-78.276
-78.174
-78.235
-78.122
-77.958
-77.673
-77.363
-77.181
-77.063
-76.703
-76.789
-76.678
-76.61
-76.479
-76.585
-76.288
-76.539
-76.356
-76.25
-76.398
-76.382
-76.379
-76.514
-76.556
-76.557
-76.825
-77.05
-76.656
-76.693
-76.708
-76.785
-76.926
-77.028
-77.144
-77.072
-77.179
-77.428
-77.262
-77.305
-77.466
-77.277
-77.46
-77.81
-78.06
-78.078
-78.414
-78.688
-78.93
-78.908
-78.882
-79.127
-79.131
-79.418
-79.201
-79.091
-79.113
-78.789
-78.941
-78.86
-78.711
-78.884
-78.891
-78.983
-78.838
-79.119
-79.006
-78.857
-78.771
-78.785
-78.825
-79.086
-79.233
-79.188
-79.032
-79.179
-78.97
-78.807
-78.878
-78.828
-78.552
-78.716
-78.824
-78.966
-79.034
-79.246
-79.322
-79.442
-79.292
-79.059
-79.207
-79.405
-79.383
-79.554
-79.477
-79.452
-79.63
-79.679
-79.917
-79.938
-79.71
-79.835
-79.9
-80.007
-79.892
-79.998
-79.984
-80.083
-80.072
-80.079
-79.905
-80.192
-80.335
-80.506
-80.506
-80.536
-80.655
-80.734
-80.743
-80.632
-80.774
-80.777
-80.829
-80.583
-80.488
-80.527
-80.581
-80.465
-80.359
-80.413
-80.532
-80.806
-80.935
-80.477
-80.408
-80.549
-80.437
-80.231
-80.386
-80.252
-80.038
-80.188
-80.09
-79.886
-80.031
-80.113
-80.309
-80.058
-80.013
-79.924
-79.842
-79.91
-79.904
-79.842
-79.89
-80.153
-79.885
-79.823
-79.921
-79.848
-79.865
-79.822
-79.44
-79.523
-79.183
-79.253
-79.289
-79.236
-79.458
-79.584
-79.621
-79.841
-79.783
-79.714
-79.803
-80.056
-80.081
-80.088
-80.008
-80.23
-80.203
-79.958
-79.824
-79.671
-79.532
-79.836
-79.898
-79.827
-79.951
-80.177
-79.92
-79.877
-79.751
-79.729
-79.907
-79.755
-79.904
-79.925
-80.152
-80.164
-79.994
-79.954
-80.04
-80.209
-80.126
-79.998
-80.031
-80.017
-79.775
-79.665
-79.676
-80.137
-80.093
-80.291
-80.378
-80.371
-80.421
-80.406
-80.411
-80.465
-80.469
-80.628
-80.64
-80.777
-80.961
-80.735
-80.661
-80.677
-80.88
-81.149
-81.306
-81.315
-81.52
-81.501
-81.634
-81.542
-81.126
-81.162
-81.136
-81.193
-81.254
-81.222
-81.396
-81.496
-81.566
-81.625
-81.513
-81.68
-81.601
-81.371
-81.303
-81.105
-80.952
-81.29
-81.4
-81.404
-81.382
-81.493
-81.545
-81.669
-81.556
-81.615
-81.562
-81.52
-81.527
-81.765
-81.771
-81.702
-81.511
-81.538
-81.622
-81.366
-81.413
-81.269
-81.117
-81.12
-81.377
-81.204
-81.372
-81.301
-81.418
-81.385
-81.472
-81.296
-81.08
-80.76
-80.632
-80.655
-80.615
-80.367
-80.321
-80.458
-80.61
-80.584
-80.59
-80.387
-80.544
-80.545
-80.6
-80.615
-80.705
-80.502
-80.431
-80.098
-79.888
-79.901
-79.927
-79.713
-79.985
-80.049
-80.059
-80.182
-80.252
-80.075
-80.1
-79.974
-79.799
-79.752
-79.803
-79.954
-80.108
-80.245
-80.142
-80.143
-80.041
-80.047
-80.085
-79.77
-79.786
-79.513
-79.456
-79.256
-79.236
-79.195
-79.067
-79.096
-79.184
-79.116
-78.954
-79.04
-79.011
-79.139
-78.992
-79.1
-79.112
-79.139
-78.927
-78.771
-79.039
-79.053
-79.132
-79.478
-79.325
-79.243
-79.283
-79.171
-79.144
-79.246
-79.505
-79.498
-79.523
-79.253
-79.216
-79.434
-79.746
-79.76
-79.651
-79.909
-80.094
-80.054
-80.101
-80.109
-80.05
-79.964
-79.803
-79.754
-79.543
-79.76
-80.011
-80.242
-79.974
-79.821
-79.646
-79.552
-79.72
-79.695
-79.836
-79.853
-80.216
-80.441
-80.579
-80.682
-80.571
-80.647
-80.862
-81.029
-81.059
-81.25
-80.998
-80.693
-80.728
-80.974
-80.953
-81.024
-80.78
-80.702
-80.477
-80.685
-80.621
-80.513
-80.467
-80.448
-81.043
-81.1
-81.22
-81.033
-80.976
-80.645
-80.856
-81.09
-81.191
-81.094
-80.993
-80.676
-81.029
-80.783
-80.965
-80.946
-81.037
-81.211
