-82.142
-82.215
-82.396
-82.552
-82.719
-82.616
-82.545
-82.441
-82.338
-82.402
-82.528
-82.406
-82.369
-82.248
-82.146
-82.109
-81.919
-81.83
-81.685
-81.883
-81.969
-82.313
-82.196
-82.412
-82.653
-82.605
-82.48
-81.978
-81.769
-81.387
-81.302
-81.086
-80.759
-80.271
-80.275
-79.889
-79.762
-79.296
-79.141
-79.081
-78.473
-78.383
-78.046
-77.867
-77.828
-77.471
-77.422
-77.5
-77.025
-76.892
-76.709
-76.394
-75.923
-75.547
-75.374
-74.865
-74.822
-74.241
-73.966
-73.677
-73.3
-72.728
-72.05
-71.584
-71.606
-71.424
-71.366
-70.946
-70.828
-70.497
-70.526
-70.475
-70.211
-69.94
-69.734
-69.638
-70.064
-70.13
-70.128
-70.086
-69.881
-69.811
-69.632
-69.549
-69.402
-69.371
-69.474
-69.318
-69.046
-68.976
-68.816
-68.792
-68.684
-68.669
-68.481
-68.803
-69.034
-68.999
-68.962
-68.802
-69.056
-69.017
-69.231
-69.344
-69.559
-69.587
-69.698
-69.745
-69.603
-69.539
-69.518
-69.493
-69.619
-69.722
-69.623
-69.597
-69.638
-69.85
-70.035
-69.999
-69.846
-69.76
-69.758
-69.844
-70.059
-69.875
-69.934
-70.091
-70.038
-70.168
-70.208
-70.128
-70.088
-70.178
-69.875
-69.446
-69.483
-69.652
-69.394
-69.097
-68.8
-68.601
-68.542
-68.328
-68.151
-68.116
-68.199
-68.118
-67.91
-67.794
-67.659
-67.405
-66.761
-66.315
-65.605
-64.814
-63.735
-62.583
-61.462
-60.308
-59.175
-58.152
-57.095
-56.175
-54.991
-53.698
-52.259
-50.734
-48.094
-45
-45
-45
-45
-45
-45
-45
-45
-45
-45
-45
-45
-45
-45
-47.827
-54.529
-59.834
-63.464
-66.033
-67.31
-68.247
-68.921
-69.147
-69.311
-69.359
-69.238
-69.358
-69.364
-69.127
-68.728
-68.288
-67.502
-66.8
-66.186
-65.336
-64.433
-63.489
-62.802
-62.288
-61.5
-61.08
-60.442
-60.098
-59.521
-59.059
-58.392
-58.072
-57.334
-56.409
-55.602
-54.63
-53.497
-52.472
-51.074
-48.938
-45.528
-45
-45
-45
-45
-45
-45
-45
-45
-45
-45
-45
-45
-45
-47.119
-53.571
-58.825
-62.545
-65.042
-66.613
-67.262
-67.485
-67.496
-67.639
-67.138
-67.046
-66.888
-66.333
-66.038
-65.636
-65.592
-65.165
-64.916
-64.658
-64.151
-63.842
-63.483
-62.863
-62.439
-62.094
-61.68
-61.044
-60.43
-59.712
-59.363
-58.686
-58.105
-57.649
-57.512
-57.351
-56.824
-56.407
-56.152
-55.832
-55.34
-55.048
-54.426
-53.919
-53.305
-52.556
-51.88
-50.616
-48.91
-45.602
-45
-45
-45
-45
-45
-45
-45
-45
-45
-45
-45
-45
-45
-46.762
-53.522
-59.001
-62.981
-65.713
-67.269
-67.97
-68.574
-68.985
-69.071
-68.83
-68.769
-68.561
-68.353
-68.195
-67.878
-67.407
-66.987
-66.751
-66.394
-65.945
-65.486
-64.858
-64.629
-64.24
-64.09
-63.649
-63.17
-63.084
-62.727
-62.708
-62.447
-62.139
-61.655
-61.399
-61.012
-60.395
-60.147
-59.884
-59.466
-59.281
-59.16
-59.117
-58.911
-58.705
-58.603
-58.456
-58.174
-58.018
-58.044
-57.803
-57.656
-57.59
-57.472
-57.574
-57.539
-57.449
-57.398
-57.072
-57.011
-56.957
-57.119
-56.938
-56.747
-56.684
-56.733
-56.588
-56.55
-56.703
-56.569
-56.848
-57.19
-57.309
-57.321
-57.407
-57.074
-56.749
-56.958
-56.967
-56.954
-56.929
-57.275
-57.397
-57.358
-57.374
-57.508
-57.522
-57.56
-57.852
-58.017
-58.007
-58.153
-58.05
-57.824
-57.929
-58.115
-58.32
-58.4
-58.439
-58.771
-58.821
-58.964
-58.954
-59.003
-59.273
-59.227
-59.016
-59.051
-58.954
-58.828
-58.908
-58.793
-58.727
-58.568
-58.244
-57.868
-57.076
-56.672
-56.003
-55.225
-54.598
-54.008
-53.551
-52.841
-51.899
-50.52
-47.997
-45
-45
-45
-45
-45
-45
-45
-45
-45
-45
-45
-45
-45
-45
-49.845
-56.54
-61.585
-65.099
-67.049
-68.39
-69.07
-69.579
-69.695
-69.576
-69.308
-68.972
-68.461
-67.852
-67.145
-66.491
-65.761
-65.098
-64.697
-64.808
-64.518
-63.905
-63.629
-63.363
-62.804
-62.375
-62.545
-62.032
-61.884
-61.661
-61.854
-61.678
-61.348
-61.432
-61.442
-61.344
-61.261
-61.203
-61.034
-60.476
-60.182
-60.024
-59.643
-59.397
-59.055
-58.714
-58.384
-58.028
-57.919
-57.783
-57.591
-57.25
-57.11
-56.795
-56.765
-56.441
-56.278
-55.633
-55.206
-54.902
-54.895
-54.256
-53.645
-53.335
-52.655
-51.409
-49.789
-46.985
-45
-45
-45
-45
-45
-45
-45
-45
-45
-45
-45
-45
-45
-45
-51.85
-58.226
-62.957
-66.298
-68.511
-69.675
-70.911
-71.303
-71.815
-72.254
-72.583
-72.748
-72.62
-72.292
-71.826
-71.553
-71.286
-71.148
-70.527
-69.973
-69.615
-68.875
-68.863
-68.706
-68.182
-68.048
-68.012
-68.063
-68
-68.172
-68.134
-68.21
-67.717
-67.609
-67.317
-67.284
-67.225
-66.854
-66.51
-66.181
-65.999
-65.904
-65.855
-65.873
-66.05
-65.833
-65.542
-65.488
-65.763
-65.635
-65.281
-65.26
-65.43
-65.278
-64.934
-65.218
-65.381
-65.203
-65.538
-65.574
-65.507
-65.613
-65.686
-65.767
-65.851
-65.628
-66.08
-66.433
-66.384
-66.523
-66.428
-66.588
-66.894
-67.171
-67.207
-67.456
-67.74
-67.878
-68.259
-68.337
-68.623
-69.121
-69.207
-69.509
-69.867
-70.181
-70.256
-70.503
-70.408
-70.793
-71.053
-70.996
-70.941
-71.133
-71.382
-71.543
-71.614
-71.839
-71.906
-72.429
-72.572
-73.054
-73.396
-73.413
-73.865
-73.846
-73.787
-74.312
-74.613
-75.034
-75.088
-75.311
-75.659
-75.877
-75.824
-75.857
-75.949
-76.059
-76.27
-76.375
-76.436
-76.63
-76.759
-76.899
-77.203
-77.104
-77.337
-77.56
-77.562
-77.179
-77.343
-77.35
-77.661
-77.856
-77.774
-77.584
-77.747
-77.69
-77.759
-77.999
-78.209
-78.427
-78.872
-79.376
-79.551
-79.435
-79.545
-79.676
-79.902
-80.034
-80.051
-80.235
-80.387
-80.36
-80.515
-80.946
-81.249
-81.528
-81.732
-81.742
-81.901
-82.046
-82.076
-82.073
-82.046
-82.179
-82.405
-82.642
-82.7
-82.719
-82.739
-82.7
-82.527
-82.716
-82.683
-82.831
-82.795
-83.007
-83.114
-83.05
-83.279
-83.148
-83.36
-83.509
-83.836
-84.003
-84.134
-84.458
-84.577
-84.507
-84.625
-84.911
-85.161
-85.272
-85.285
-85.293
-85.605
-85.734
-85.828
-86.31
-86.364
-86.513
-86.728
-87.031
-87.188
-87.143
-87.176
-87.244
-87.188
-87.323
-87.454
-87.348
-87.107
-87.255
-87.058
-86.904
-87.055
-87.218
-87.382
-87.485
-87.529
-87.904
-87.589
-87.65
-87.776
-87.941
-88.26
-88.408
-88.619
-88.64
-88.567
-88.62
-88.621
-88.597
-88.748
-88.943
-88.952
-88.924
-89.015
-89.037
-89
-89.254
-89.154
-89.281
-89.107
-89.232
-89.025
-88.831
-88.848
-89.225
-89.181
-89.259
-89.307
-89.372
-89.131
-89.196
-89.244
-88.952
-89.055
-89.168
-89.215
-89.117
-88.99
-89.048
-89.139
-89.372
-89.295
-89.277
-89.104
-89.217
-89.45
-89.154
-88.874
-89.016
-89.111
-88.908
-88.911
-89.105
-89.268
-89.008
-88.882
-88.938
-89.064
-89.309
-89.505
-89.715
-89.8
-89.785
-89.989
-89.938
-90.111
-90.12
-90.221
-90.107
-90.024
-90.086
-90.127
-90.235
-90.332
-90.422
-90.835
-90.848
-90.855
-90.962
-90.799
-91.014
-91.13
-91.231
-91.232
-91.438
-91.54
-91.301
-91.298
-91.117
-91.124
-91.5
-91.574
-91.626
-91.296
-91.506
-91.627
-91.937
-91.91
-91.819
-91.574
-91.829
-91.681
-91.857
-92.123
-92.009
-92.029
-92.006
-92.183
-92.19
-91.887
-92.058
-92.104
-92.404
-92.542
-92.658
-92.529
-92.24
-92.145
-92.184
-92.139
-92.636
-92.595
-92.708
-92.909
-93.13
-92.901
-92.803
-92.734
-92.547
-92.409
-92.293
-92.388
-92.318
-92.267
-92.501
-92.214
-92.209
-92.172
-92.293
-92.327
-92.263
-92.143
-92.46
-92.659
-92.63
-92.599
-92.651
-92.816
-92.602
-92.383
-92.4
-92.405
-92.385
-92.663
-92.577
-92.61
-92.608
-92.671
-92.916
-92.872
-92.886
-92.916
-93.033
-92.992
-92.974
-92.898
-92.777
-92.768
-92.788
-92.571
-92.746
-92.829
-92.653
-92.71
-92.815
-92.956
-92.946
-93.018
-93.225
-93.063
-93.084
-92.896
-93.26
-93.292
-93.236
-93.272
-93.224
-93.493
-93.648
-93.578
-93.798
-93.763
-93.742
-93.668
-93.811
-93.814
-93.929
-94.1
-94.07
-94.242
-94.192
-94.239
-94.166
-94.101
-94.303
-94.511
-94.45
-94.515
-94.555
-94.428
-94.365
-94.154
-94.171
-94.097
-94.034
-94.074
-94.058
-94.053
-94.173
-94.2
-94.194
-94.038
-94.113
-94.027
-93.802
-93.664
-93.747
-93.73
-93.614
-93.805
-93.891
-94.124
-94.039
-94.183
-94.192
-94.207
-94.311
-93.861
-94.019
-94.166
-94.339
-94.47
-94.624
-94.784
-94.978
-95.112
-95.056
-95.013
-95.078
-95.175
-95.101
-94.969
