-84.345
-84.691
-84.684
-84.344
-84.542
-84.524
-84.425
-84.499
-84.53
-84.124
-84.121
-83.414
-82.678
-82.052
-81.606
-81.305
-80.713
-80.493
-80.249
-79.549
-79.051
-78.723
-78.457
-78.392
-78.322
-77.932
-78.014
-77.843
-77.395
-77.646
-77.219
-77.153
-77.053
-76.958
-76.664
-76.546
-76.153
-76.031
-75.877
-75.511
-75.32
-75.063
-74.792
-74.564
-74.112
-73.901
-73.518
-73.194
-72.707
-72.541
-72.227
-71.711
-71.37
-70.73
-70.449
-70.145
-69.84
-69.561
-69.132
-69.075
-68.77
-68.557
-68.306
-67.919
-67.439
-67.373
-67.059
-66.98
-66.508
-65.954
-65.784
-65.459
-65.11
-64.492
-64.018
-63.463
-63.251
-63.074
-62.87
-62.131
-61.599
-61.32
-60.871
-60.432
-59.971
-59.314
-59.058
-58.443
-57.814
-57.157
-56.484
-55.599
-55.066
-54.357
-53.115
-52.115
-50.323
-47.65
-45
-45
-45
-45
-45
-45
-45
-45
-45
-45
-45
-45
-45
-45
-48.889
-55.313
-60.514
-64.075
-66.575
-68.109
-68.749
-69.182
-69.339
-69.436
-69.24
-69.08
-68.757
-68.409
-67.784
-67.681
-67.48
-67.354
-66.857
-66.338
-66.079
-65.687
-65.195
-64.882
-64.829
-64.676
-64.437
-63.952
-63.449
-63.491
-62.902
-62.761
-62.021
-61.79
-61.583
-61.458
-61.194
-60.96
-60.981
-60.681
-60.443
-60.624
-60.301
-60.064
-59.818
-59.554
-59.341
-59.104
-59.131
-58.838
-58.638
-58.305
-58.128
-57.802
-57.844
-57.924
-57.436
-57.128
-56.896
-56.545
-56.313
-55.853
-55.882
-55.539
-55.026
-54.252
-53.264
-52.329
-50.815
-48.649
-45
-45
-45
-45
-45
-45
-45
-45
-45
-45
-45
-45
-45
-45
-47.417
-54.165
-59.716
-63.392
-65.996
-67.975
-69.214
-69.818
-70.648
-70.913
-71.24
-71.4
-71.692
-71.654
-71.431
-71.269
-70.86
-70.661
-70.386
-70.568
-70.412
-70.226
-69.942
-69.739
-68.897
-68.499
-68.066
-68.012
-67.78
-67.519
-67.482
-67.071
-66.773
-66.724
-66.475
-66.328
-65.952
-65.489
-65.29
-65.202
-65.457
-65.406
-65.599
-65.674
-65.682
-65.547
-65.493
-65.531
-65.239
-65.578
-65.814
-66.088
-66.117
-66.346
-66.609
-66.712
-66.706
-66.925
-66.987
-67.146
-67.197
-67.389
-67.397
-67.374
-67.588
-67.453
-67.565
-67.379
-67.619
-67.657
-67.632
-67.786
-67.806
-67.676
-67.645
-67.376
-66.945
-67.029
-66.586
-66.159
-65.95
-65.713
-65.731
-65.563
-65.452
-65.188
-65.104
-64.902
-64.841
-65.086
-65.256
-65.303
-65.252
-64.929
-64.902
-64.788
-64.917
-64.889
-64.837
-64.837
-64.611
-64.616
-64.654
-64.991
-65.077
-64.736
-65.165
-65.226
-65.252
-65.16
-65.424
-65.501
-65.344
-65.384
-65.751
-65.708
-65.839
-66.183
-66.265
-66.214
-66.483
-66.415
-66.425
-66.477
-66.377
-66.523
-66.054
-65.824
-65.604
-64.889
-64.41
-63.588
-63.273
-62.497
-62.182
-61.702
-61.605
-61.352
-61.223
-61.089
-60.677
-60.197
-60.062
-59.866
-59.599
-59.386
-59.066
-59.367
-59.167
-58.786
-58.981
-59.025
-58.588
-58.468
-58.386
-58.168
-58.079
-58.017
-58.244
-58.358
-58.553
-58.634
-58.519
-58.682
-58.917
-58.936
-58.789
-58.829
-58.923
-58.946
-58.863
-58.842
-59.283
-59.234
-59.515
-59.579
-59.519
-59.461
-59.563
-59.241
-59.555
-59.572
-59.494
-59.478
-59.654
-59.66
-59.694
-59.793
-60.048
-60.166
-60.231
-60.535
-60.892
-60.785
-60.858
-61.084
-61.176
-61.156
-61.214
-61.181
-61.216
-61.51
-61.681
-61.931
-62.256
-62.467
-62.597
-62.941
-63.226
-63.298
-63.274
-63.538
-63.536
-63.547
-63.648
-63.729
-63.768
-64.081
-64.054
-64.358
-64.489
-64.958
-64.935
-65.048
-65.194
-65.148
-65.302
-65.632
-65.934
-65.815
-65.951
-66.163
-66.282
-66.388
-66.714
-66.681
-66.658
-66.684
-66.766
-66.642
-66.602
-66.386
-66.325
-65.989
-65.394
-64.801
-64.333
-63.737
-63.314
-62.992
-62.634
-62.127
-61.708
-61.811
-61.457
-61.222
-60.651
-60.314
-60.053
-59.773
-59.431
-58.985
-58.761
-58.8
-58.628
-58.765
-58.973
-58.99
-58.783
-58.619
-58.423
-57.962
-58.378
-61.372
-64.961
-68.368
-71.449
-73.639
-74.99
-75.62
-76.126
-76.729
-76.889
-76.939
-77.336
-77.221
-77.117
-77.189
-77.291
-77.561
-77.601
-77.834
-77.843
-77.832
-77.901
-77.946
-78.213
-78.146
-78.311
-78.348
-78.151
-78.523
-78.22
-78.186
-78.285
-78.517
-78.606
-78.654
-79.14
-79.071
-79.016
-78.793
-78.681
-78.565
-78.639
-78.907
-78.744
-79.143
-79.222
-79.245
-79.374
-79.633
-79.492
-79.573
-79.459
-79.273
-79.325
-78.989
-78.811
-78.613
-78.709
-78.712
-78.536
-78.599
-78.396
-78.543
-78.308
-78.311
-78.427
-78.301
-78.237
-78.405
-78.548
-78.72
-78.525
-78.588
-78.483
-78.757
-78.911
-79.049
-79.251
-79.131
-78.998
-78.987
-78.845
-78.825
-78.869
-79.076
-79.315
-79.445
-79.287
-79.337
-79.235
-79.391
-79.498
-79.521
-79.557
-79.31
-79.336
-79.483
-79.632
-79.722
-79.78
-79.827
-79.88
-79.766
-79.839
-79.696
-79.55
-79.681
-79.426
-79.582
-79.451
-79.39
-79.728
-79.995
-79.993
-79.799
-79.727
-79.617
-79.802
-79.646
-79.956
-79.748
-79.77
-79.987
-79.941
-79.99
-79.901
-79.83
-79.645
-79.751
-80.127
-79.93
-79.941
-79.458
-79.344
-79.072
-78.93
-78.872
-78.758
-78.737
-78.924
-78.846
-79.093
-78.969
-78.688
-78.702
-78.616
-78.885
-79.169
-78.981
-79.345
-79.462
-79.468
-79.436
-79.458
-79.41
-79.494
-79.565
-79.51
-79.688
-79.621
-79.708
-80.066
-80.241
-80.472
-80.413
-80.447
-80.46
-80.305
-80.428
-80.193
-80.205
-80.071
-80.055
-79.941
-79.985
-79.992
-80.153
-80.109
-79.783
-79.725
-79.844
-79.783
-79.963
-79.936
-79.953
-80.178
-79.973
-80.056
-80.196
-80.074
-80.161
-80.001
-80.236
-80.369
-80.349
-80.065
-80.24
-80.107
-80.216
-80.221
-80.066
-80.132
-80.217
-80.211
-80.045
-80.074
-80.025
-79.854
-79.773
-79.941
-80.103
-80.124
-80.102
-80.165
-80.178
-79.949
-79.797
-79.693
-79.497
-79.44
-79.692
-79.66
-79.664
-79.657
-79.781
-79.735
-79.762
-79.995
-79.971
-79.997
-80.208
-80.55
-80.404
-80.337
-80.23
-80.211
-80.212
-80.164
-80.37
-80.282
-80.389
-80.207
-80.104
-80.044
-79.843
-79.803
-79.99
-80.122
-80.088
-80.055
-79.924
-80.239
-80.179
-80.081
-80.031
-80.339
-80.38
-80.174
-80.123
-79.914
-80.122
-79.913
-79.832
-79.967
-79.944
-79.86
-79.948
-80.135
-79.952
-80.044
-79.974
-79.747
-79.798
-80.09
-80.043
-80.252
-80.146
-80.112
-79.924
-80.014
-79.95
-79.883
-80.175
-80.288
-80.303
-80.517
-80.5
-80.642
-80.369
-80.293
-80.112
-79.988
-80.144
-80.302
-80.422
-80.455
-80.734
-80.713
-80.774
-80.773
-80.941
-80.71
-80.496
-80.74
-80.835
-80.665
-80.423
-80.408
-80.298
-80.328
-80.648
-80.697
-80.797
-80.878
-80.817
-80.875
-80.554
-80.525
-80.401
-80.306
-80.157
-80.068
-79.961
-80.272
-80.264
-80.436
-80.404
-80.388
-80.372
-80.271
-79.932
-80.082
-80.304
-80.576
-80.674
-80.905
-80.666
-80.399
-80.393
-80.447
-80.579
-80.749
-80.629
-80.504
-80.475
-80.549
-80.355
-80.631
-80.553
-80.516
-80.689
-80.394
-80.558
-80.493
-80.617
-80.702
-80.664
-80.621
-80.714
-80.829
-80.596
-80.421
-80.555
-80.413
-80.488
-80.414
-80.5
-80.565
-80.597
-80.583
-80.511
-80.288
-80.306
-80.201
-80.033
-80.438
-80.527
-80.609
-80.565
-80.803
-80.878
-80.823
-80.764
-80.621
-80.91
-80.945
-81.178
-81.132
-80.755
-80.785
-80.746
-80.651
-80.54
-80.643
-80.786
-80.731
-80.807
-80.708
-80.521
-80.581
-80.521
-80.622
-80.928
-80.638
-80.475
-80.446
-80.383
-80.569
-80.473
-80.63
-80.838
-80.763
-80.983
-80.967
-81.047
-81.164
-80.998
-81.086
-80.736
-80.755
-80.563
-80.85
-80.674
-80.509
-80.42
-80.172
-80.294
-80.128
-80.043
-80.104
-79.898
-79.98
-80.004
-80.046
-80.085
-80.174
-80.43
-80.313
-80.332
-80.463
-80.328
-80.165
-80.511
-80.728
-80.874
-81.071
-81.173
-81.092
-81.319
-81.288
-81.524
-81.489
-81.656
-81.664
-81.602
-81.805
-81.807
-82.048
-82.027
-82.015
-81.792
-81.736
-81.248
-81.487
-81.51
-81.474
-81.561
-81.485
-81.335
-81.413
-81.155
-81.413
-81.219
-81.346
-81.33
-81.267
-81.206
-81.158
-81.247
-81.282
-81.249
-81.389
-81.58
-81.911
-81.795
-81.728
-81.614
-81.614
-82.001
-82.091
-82.092
-82.062
-82.099
-82.03
-82.115
-82.148
-81.995
-82.219
-82.361
-82.272
-82.326
-82.485
-82.259
-82.298
-82.187
-82.177
-82.367
-82.29
-82.454
-82.727
-82.535
-82.617
-82.572
-82.487
-82.586
-82.503
-82.776
-82.781
-82.688
-82.642
-83.173
-83.486
-83.313
-82.959
-83.129
-83.264
-83.348
-83.344
-83.326
-83.07
-83.014
-83.102
