-79.196
-79.443
-79.252
-79.007
-79.273
-79.186
-78.839
-78.96
-79.163
-79.294
-79.209
-79.06
-79.23
-78.967
-79.045
-78.999
-79.097
-78.95
-78.984
-79.01
-78.985
-78.881
-78.773
-78.714
-78.953
-79.206
-79.255
-79.292
-79.419
-79.036
-78.852
-78.784
-78.544
-78.385
-78.438
-78.277
-78.263
-78.051
-77.999
-77.851
-77.784
-77.261
-76.501
-75.646
-74.617
-73.931
-73.117
-72.198
-71.559
-70.605
-70.206
-69.228
-68.737
-67.923
-67.121
-65.94
-64.847
-63.933
-63.01
-61.886
-60.765
-59.649
-58.71
-57.885
-57.425
-56.656
-56.005
-55.325
-54.686
-54.109
-53.571
-53.072
-52.569
-51.925
-51.832
-51.499
-50.772
-50.268
-49.911
-49.218
-48.52
-48.031
-47.369
-46.337
-45.123
-45
-45
-45
-45
-45
-45
-45
-45
-45
-45
-45
-45
-45
-45
-45
-45
-45
-45
-45
-48.745
-52.002
-54.232
-55.461
-56.231
-56.795
-56.98
-56.804
-56.744
-56.613
-56.524
-56.289
-56.062
-55.626
-55.244
-54.947
-54.471
-54.331
-53.918
-53.643
-53.466
-53.231
-53.162
-52.977
-52.511
-52.256
-51.896
-51.723
-51.695
-51.7
-51.543
-51.413
-51.381
-51.408
-51.442
-51.254
-51.019
-50.969
-50.938
-50.883
-50.744
-50.791
-50.658
-50.475
-49.688
-49.23
-48.88
-47.962
-47.235
-46.096
-45.023
-45
-45
-45
-45
-45
-45
-45
-45
-45
-45
-45
-45
-45
-45
-45
-45
-45
-45
-45.57
-49.719
-53.399
-55.97
-58.034
-59.491
-60.284
-61.027
-61.524
-61.998
-62.109
-62.348
-62.662
-62.922
-62.734
-62.814
-63.067
-62.964
-63.367
-63.439
-63.134
-63.121
-63.207
-63.249
-63.052
-62.879
-62.949
-62.757
-62.873
-62.936
-62.779
-62.55
-62.719
-62.693
-62.593
-62.431
-61.942
-61.277
-60.518
-59.87
-59.555
-59.069
-58.535
-58.124
-57.751
-57.482
-57.181
-56.937
-56.482
-55.659
-55.172
-54.939
-54.961
-54.573
-54.218
-54.323
-53.967
-53.61
-53.458
-53.311
-53.014
-53.062
-52.708
-52.831
-52.626
-52.508
-52.284
-52.097
-52.113
-52.035
-52.054
-51.853
-51.658
-51.836
-51.807
-51.45
-51.681
-51.9
-52.269
-52.182
-52.166
-52.083
-51.997
-52.15
-51.992
-52.087
-51.899
-51.593
-51.577
-51.554
-51.638
-51.733
-51.945
-52.187
-52.221
-52.168
-52.091
-52.25
-51.986
-51.904
-52.122
-52.084
-52.485
-52.397
-52.49
-52.63
-52.458
-52.49
-52.666
-52.755
-52.801
-53.067
-53.08
-53.102
-53.257
-53.216
-53.195
-53.196
-53.56
-53.702
-53.868
-53.778
-54.033
-53.97
-54.095
-54.19
-54.46
-54.435
-54.549
-54.632
-54.893
-55.07
-55.54
-55.63
-55.809
-56.099
-56.376
-56.786
-56.925
-57.122
-57.183
-57.483
-57.348
-57.897
-58.045
-58.452
-58.547
-58.346
-58.475
-58.754
-59.04
-58.936
-59.239
-59.297
-59.419
-59.444
-59.747
-59.948
-59.859
-60.025
-60.034
-60.265
-60.617
-60.851
-61.002
-61.164
-61.22
-61.27
-61.297
-61.298
-61.456
-61.585
-61.727
-61.944
-61.955
-62.034
-62.02
-61.964
-61.932
-61.712
-61.825
-62.21
-62.259
-62.195
-62.456
-62.4
-62.228
-62.256
-62.545
-62.733
-62.737
-62.837
-63.201
-63.302
-63.256
-63.24
-63.249
-63.338
-63.632
-63.402
-63.288
-63.489
-63.519
-63.63
-63.58
-63.452
-63.482
-63.567
-63.682
-63.501
-63.562
-63.827
-63.891
-63.844
-63.989
-64.148
-64.265
-64.289
-64.184
-64.348
-64.479
-64.364
-64.762
-64.908
-64.85
-64.681
-64.84
-64.878
-64.981
-65.299
-65.43
-65.344
-65.022
-64.518
-64.119
-63.305
-62.778
-62.197
-61.444
-60.356
-59.547
-58.82
-58.009
-57.833
-57.426
-57.239
-56.766
-56.312
-55.879
-55.682
-55.283
-54.99
-54.941
-54.745
-54.568
-54.178
-54.176
-53.913
-53.772
-53.563
-53.595
-53.552
-53.513
-53.529
-53.442
-53.395
-53.474
-53.473
-53.291
-53.663
-53.677
-53.437
-53.057
-53.201
-53.021
-53.064
-53.276
-53.395
-53.241
-53.296
-53.136
-52.957
-52.996
-52.738
-52.746
-52.817
-52.53
-52.64
-52.713
-52.38
-52.42
-52.201
-51.717
-50.899
-50.24
-49.451
-48.632
-47.96
-47.011
-45.801
-45
-45
-45
-45
-45
-45
-45
-45
-45
-45
-45
-45
-45
-45
-45
-45
-45
-45
-45
-48.411
-52.257
-55.282
-57.516
-59.269
-60.399
-61.438
-62.12
-62.428
-62.691
-62.872
-62.933
-63.136
-63.28
-63.193
-63.153
-62.949
-62.824
-62.593
-62.724
-62.645
-62.857
-62.958
-62.891
-63.152
-63.432
-63.488
-63.622
-63.598
-63.517
-63.844
-64.011
-63.961
-63.951
-64.112
-64.057
-64.032
-64.399
-64.377
-64.573
-64.802
-65.16
-65.339
-65.255
-65.673
-65.997
-66.028
-65.666
-65.865
-65.92
-66.3
-66.15
-66.128
-66.39
-66.491
-66.661
-66.696
-67.016
-67.144
-67.255
-67.261
-67.522
-67.58
-67.646
-67.709
-67.878
-68.244
-68.173
-68.57
-68.554
-68.616
-68.606
-68.523
-68.442
-68.406
-68.299
-68.556
-68.376
-68.465
-68.72
-69.027
-69.254
-69.032
-69.386
-69.705
-69.715
-69.836
-69.803
-69.791
-69.73
-69.534
-69.519
-69.821
-70.179
-70.098
-70.122
-70.483
-70.772
-71.241
-71.292
-71.215
-71.306
-71.625
-71.709
-71.348
-71.586
-71.711
-71.509
-71.419
-71.173
-71.194
-71.249
-71.292
-71.166
-71.118
-70.948
-71
-71.024
-71.325
-71.507
-71.554
-71.843
-71.686
-72.058
-72.203
-72.163
-72.16
-72.054
-71.954
-71.936
-71.875
-72.092
-72.359
-72.106
-72.139
-72.243
-72.376
-72.521
-72.404
-72.533
-72.784
-72.599
-72.484
-72.214
-72.376
-72.654
-72.647
-72.691
-73.118
-73.438
-73.166
-73.117
-72.934
-72.992
-72.699
-72.407
-72.301
-72.407
-72.454
-72.583
-72.571
-72.912
-72.812
-72.613
-72.896
-72.975
-73.102
-73.018
-73.076
-73.355
-73.354
-73.426
-73.603
-73.746
-73.964
-73.91
-73.789
-73.751
-73.934
-73.782
-74.226
-74.266
-74.412
-74.138
-74.506
-74.593
-74.847
-74.755
-74.893
-74.868
-75.052
-75.218
-75.638
-75.792
-76.076
-76.046
-75.988
-76.239
-76.169
-76.239
-76.304
-76.131
-76.11
-76.153
-76.192
-76.252
-76.28
-76.475
-76.806
-76.876
-77.096
-76.902
-77.106
-77.166
-77.293
-76.985
-77.107
-77.418
-77.384
-77.36
-77.621
-77.799
-77.772
-77.901
-77.942
-78.04
-78.042
-77.975
-78.117
-78.15
-78.095
-77.878
-78.042
-78.138
-77.907
-77.699
-77.775
-77.7
-77.522
-77.528
-77.626
-77.694
-77.926
-77.97
-78.078
-78.29
-78.332
-78.564
-78.439
-78.478
-78.281
-78.028
-78.119
-77.913
-77.921
-77.963
-78.125
-77.957
-78.159
-78.363
-78.335
-78.471
-78.506
-78.432
-78.504
-78.528
-78.771
-78.877
-78.633
-78.482
-78.239
-78.117
-78.05
-77.937
-77.843
-78.23
-78.252
-78.364
-78.515
-78.653
-78.604
-78.929
-79.051
-79.156
-79.325
-79.022
-79.002
-78.811
-78.777
-78.666
-78.792
-78.72
-78.69
-78.777
-79.167
-79.247
-79.457
-79.318
-79.318
-79.455
-79.342
-79.215
-79.197
-79.211
-79.319
-79.364
-79.335
-79.399
-79.622
-79.452
-79.439
-79.564
-79.54
-79.35
-79.609
-79.388
-79.293
-79.098
-78.745
-78.679
-78.567
-78.616
-78.298
-78.275
-78.327
-78.265
-78.43
-78.572
-78.589
-78.226
-78.191
-78.179
-78.316
-78.358
-77.97
-77.819
-77.602
-77.635
-77.572
-77.553
-77.674
-77.415
-77.569
-77.635
-77.784
-77.785
-77.928
-77.703
-78.039
-78.139
-77.972
-78.199
-78.316
-78.658
-78.867
-78.727
-78.856
-78.859
-78.71
-79.003
-78.856
-78.97
-78.936
-78.797
-78.891
-79.014
-79.044
-79.125
-78.996
-79.052
-79.21
-79.415
-79.333
-79.422
-79.562
-79.542
-79.464
-79.358
-79.268
-79.083
-78.937
-78.957
-78.875
-78.871
-78.923
-78.842
-78.713
-78.736
-78.579
-78.696
-78.93
-78.873
-79.025
-79.327
-79.037
-79.281
-79.047
-79.187
-79.484
-79.351
-79.682
-79.675
-79.478
-79.54
-79.683
-79.802
-79.683
-79.461
-79.338
-79.301
-79.201
-79.173
-79.354
-78.905
-79.077
-79.203
-79.131
-79.113
-79.288
-79.24
-78.957
-78.789
-78.878
-78.652
-78.65
-78.649
-78.696
-78.771
-78.924
-78.404
-78.554
-78.465
-78.474
-78.389
-78.259
-78.149
-78.129
-78.285
-78.333
-78.442
-78.243
-78.454
-78.554
-78.532
-78.221
-78.405
-78.426
-78.149
-78.099
-78.275
-78.082
-77.908
-77.814
-78.096
-78.115
-78.127
-78.116
-78.076
-77.99
-78.101
-78.081
-77.956
-77.734
-77.546
-77.441
-77.496
-77.562
-77.546
-77.574
-77.3
-77.423
-77.568
-77.427
-77.419
-77.563
-77.592
-77.349
-77.638
-77.939
-77.816
-77.437
-77.495
-77.597
-77.748
-77.767
-77.743
-77.575
-77.684
-77.91
-77.801
-78.002
-78.067
-77.921
-78.092
-78.152
-78.164
-78.061
-77.875
-77.901
-78.02
-77.962
-77.962
-77.933
-78.175
-78.014
-78.148
-78.388
-78.224
-78.377
