-78.881
-78.576
-78.645
-78.934
-79.236
-79.337
-79.33
-79.444
-79.411
-79.316
-79.36
-79.599
-79.651
-79.576
-79.558
-79.401
-79.246
-79.288
-79.375
-79.549
-79.523
-79.621
-79.532
-79.741
-79.505
-79.676
-79.754
-79.548
-79.414
-79.203
-78.881
-78.616
-78.415
-78.061
-77.85
-77.534
-77.543
-77.776
-77.808
-77.828
-77.715
-77.429
-77.072
-76.678
-76.317
-76.229
-75.794
-75.777
-75.774
-75.585
-75.277
-75.444
-75.606
-75.608
-75.892
-75.9
-76.147
-76.439
-76.522
-76.42
-76.222
-76.156
-76.041
-75.791
-75.631
-75.382
-75.11
-74.756
-75.072
-75.033
-75.151
-75.299
-75.053
-75.116
-75.228
-75.036
-74.811
-74.683
-74.577
-74.235
-74.329
-74.21
-74.104
-73.943
-73.676
-73.957
-73.881
-73.72
-73.527
-73.462
-73.254
-73.344
-73.395
-73.804
-73.753
-73.85
-73.969
-74.197
-74.379
-74.201
-74.205
-74.377
-74.398
-74.377
-74.162
-74.055
-73.715
-73.238
-73.203
-73.101
-72.969
-72.868
-72.757
-72.764
-72.809
-73.038
-72.862
-72.747
-72.827
-72.976
-73.388
-73.48
-73.859
-73.994
-74
-73.96
-73.637
-73.633
-73.47
-72.965
-72.611
-72.394
-72.348
-72.322
-72.075
-72.116
-72.213
-72.203
-72.133
-72.086
-71.864
-71.646
-71.752
-71.701
-71.67
-71.458
-71.217
-71.221
-71.059
-70.488
-70.311
-70.384
-70.156
-70.468
-70.011
-70.061
-70.298
-70.606
-70.777
-70.872
-71.051
-71.07
-71.378
-71.477
-71.788
-72.222
-72.546
-72.663
-72.897
-72.792
-72.87
-73.02
-73.208
-73.216
-73.665
-73.647
-73.357
-73.521
-73.515
-73.33
-73.174
-72.634
-72.539
-72.622
-72.554
-72.817
-72.96
-72.973
-73.205
-73.1
-73.237
-73.356
-73.319
-73.197
-72.947
-72.735
-72.449
-72.191
-71.775
-71.647
-71.565
-71.037
-70.652
-70.211
-70.085
-69.973
-70.156
-69.807
-69.645
-69.699
-69.899
-69.651
-69.736
-69.746
-69.815
-69.914
-69.857
-70.124
-70.368
-70.341
-70.699
-70.775
-70.897
-71.072
-71.314
-71.403
-71.384
-71.629
-71.771
-71.835
-71.946
-72.125
-72.075
-72.209
-72.533
-72.623
-73.029
-73.371
-73.744
-73.736
-74.033
-74.323
-74.542
-74.698
-75.013
-75.153
-75.428
-75.56
-75.862
-75.871
-75.939
-75.804
-75.879
-75.957
-75.854
-75.614
-75.336
-75.105
-74.987
-74.544
-74.347
-74.344
-73.997
-73.825
-73.519
-73.769
-73.68
-73.592
-73.326
-73.051
-72.506
-72.164
-72.04
-71.796
-71.576
-71.366
-71.426
-71.513
-71.537
-71.005
-70.856
-70.533
-70.389
-70.462
-70.333
-70.459
-70.286
-70.087
-70.275
-70.295
-70.284
-70.629
-70.508
-70.673
-70.804
-71.129
-71
-71.051
-71.108
-71.177
-71.11
-71.23
-71.133
-71.287
-71.289
-71.417
-71.466
-71.423
-71.714
-72.062
-72.452
-72.382
-72.476
-72.593
-72.773
-72.763
-72.925
-73.241
-73.684
-73.638
-73.587
-73.763
-73.61
-73.52
-73.224
-72.99
-72.984
-72.664
-72.447
-72.168
-72.18
-72.125
-71.864
-71.848
-71.568
-71.193
-70.77
-70.883
-70.75
-70.441
-70.248
-70.333
-70.639
-70.695
-70.707
-70.533
-70.593
-70.533
-70.713
-70.794
-70.694
-70.682
-70.56
-70.328
-70.332
-70.334
-70.435
-70.313
-70.346
-70.271
-70.552
-70.807
-70.772
-70.98
-71.08
-71.125
-71.431
-71.398
-71.334
-71.527
-71.412
-71.549
-71.747
-71.772
-71.762
-71.743
-71.747
-71.618
-71.988
-71.875
-71.954
-71.787
-71.916
-72.114
-72.253
-72.42
-72.457
-72.773
-72.476
-72.581
-72.781
-72.835
-72.882
-72.825
-73.015
-73.215
-73.387
-73.5
-73.677
-73.443
-73.153
-72.587
-71.564
-70.457
-68.669
-66.436
-64.028
-61.513
-58.907
-56.84
-54.234
-51.882
-48.927
-45
-45
-45
-45
-45
-45
-45
-45
-45
-45
-45
-45
-45
-45
-45.211
-51.493
-56.588
-60.775
-62.759
-63.895
-64.357
-64.257
-63.9
-63.17
-62.12
-61.021
-60.279
-59.516
-58.264
-57.379
-56.418
-55.23
-54.298
-53.569
-52.443
-51.419
-50.066
-48.442
-45.675
-45
-45
-45
-45
-45
-45
-45
-45
-45
-45
-45
-45
-45
-46.1
-50.28
-53.941
-56.676
-60.422
-64.415
-67.07
-68.995
-70.206
-70.931
-71.415
-71.495
-71.841
-72.017
-71.986
-72.199
-72.086
-72.233
-72.39
-72.344
-72.388
-72.487
-72.832
-72.946
-73.265
-73.42
-73.704
-73.99
-73.958
-74.076
-74.503
-74.256
-74.351
-74.359
-74.56
-74.575
-74.753
-75.04
-75.022
-75.144
-75.39
-75.301
-75.446
-76.055
-76.058
-76.069
-76.537
-76.521
-76.748
-77.123
-77.286
-77.465
-77.638
-77.305
-77.208
-77.167
-76.941
-77.138
-77.065
-77.217
-77.319
-77.288
-77.622
-77.519
-77.624
-77.838
-77.786
-77.501
-77.331
-77.391
-77.512
-77.471
-77.255
-76.853
-76.277
-75.852
-75.779
-75.905
-75.911
-75.928
-75.805
-76.169
-76.382
-76.283
-76.515
-76.47
-76.718
-76.868
-76.87
-76.797
-76.922
-77.032
-77.215
-77.33
-77.508
-77.629
-77.751
-77.945
-78.125
-78.143
-78.257
-78.446
-78.798
-79.056
-78.734
-78.71
-78.949
-78.969
-78.959
-78.903
-78.774
-78.61
-78.469
-78.47
-78.206
-78.298
-78.219
-78.313
-78.44
-78.486
-78.551
-78.43
-78.464
-78.858
-78.748
-78.737
-78.751
-78.787
-78.962
-79.157
-79.051
-79.121
-79.161
-79.347
-79.317
-79.275
-79.546
-79.777
-79.917
-80.131
-80.213
-80.046
-79.762
-79.491
-79.509
-79.64
-79.634
-79.7
-79.742
-79.636
-79.458
-79.531
-79.449
-79.639
-79.371
-79.649
-79.62
-79.863
-79.778
-79.474
-79.391
-79.147
-79.165
-78.918
-78.907
-78.841
-78.55
-78.558
-78.458
-78.35
-78.21
-78.381
-78.542
-78.722
-78.9
-78.688
-78.68
-78.682
-78.735
-78.974
-78.951
-78.764
-79.029
-79.227
-79.171
-79.124
-78.999
-79.021
-79.075
-79.079
-79.002
-79.083
-79.124
-79.333
-79.406
-79.513
-79.599
-79.617
-79.917
-80.084
-80.122
-80.294
-80.421
-80.411
-79.923
-80.05
-80.318
-80.053
-80.038
-80.43
-80.304
-80.578
-80.421
-80.444
-80.238
-80.412
-80.224
-80.23
-80.208
-80.258
-80.121
-79.741
-79.727
-79.642
-79.411
-79.038
-78.966
-79.24
-79.168
-79.107
-78.903
-79.069
-78.901
-79.019
-78.983
-79.092
-79.055
-79.109
-78.902
-78.968
-79.252
-79.112
-79.402
-79.323
-79.346
-79.169
-79.217
-79.534
-79.626
-79.651
-79.618
-79.545
-79.587
-79.696
-79.803
-79.869
-80.033
-80.229
-80.327
-80.082
-80.055
-80.065
-80.126
-79.914
-79.743
-79.781
-79.787
-79.904
-79.686
-79.634
-79.24
-79.281
-79.288
-79.386
-79.355
-79.373
-79.435
-79.228
-79.533
-80.008
-80.221
-80.299
-80.471
-80.264
-80.024
-79.996
-79.693
-79.538
-79.2
-79.144
-78.72
-78.443
-78.507
-78.383
-78.441
-78.354
-78.267
-78.328
-78.208
-78.41
-78.414
-78.656
-78.596
-78.746
-78.993
-78.977
-78.837
-78.918
-79.193
-79.164
-79.064
-79.077
-78.859
-78.904
-79.286
-79.357
-79.392
-79.232
-79.525
-79.46
-79.894
-79.774
-79.847
-79.937
-79.836
-79.893
-80.037
-80.204
-80.272
-80.022
-80.3
-80.003
-80.035
-80.005
-80.028
-80.133
-80.122
-80.067
-80.125
-80.074
-80.264
-80.173
-80.301
-80.25
-79.999
-80.072
-80.064
-80.232
-80.183
-80.201
-80.137
-80.235
-80.442
-80.585
-80.605
-80.335
-80.219
-80.184
-80.199
-80.239
-80.229
-80.026
-80.098
-79.88
-79.686
-79.977
-80.048
-80.148
-80.225
-79.814
-79.553
-79.504
-79.197
-79.026
-79.035
-78.944
-78.941
-78.778
-78.848
-78.902
-78.996
-79.098
-78.923
-78.885
-78.852
-78.77
-78.847
-78.892
-78.611
-78.664
-78.883
-78.863
-79.191
-79.209
-79.298
-79.365
-79.608
-79.272
-79.38
-79.459
-79.583
-79.485
-79.7
-79.326
-79.327
-79.433
-79.571
-79.459
-79.6
-79.622
-79.667
-79.695
-79.619
-79.385
-79.451
-79.391
-79.362
-79.435
-79.68
-79.683
-79.584
-79.919
-80.198
-80.285
-80.494
-80.283
-80.02
-80.017
-79.781
-79.743
-79.772
-80.118
-80.236
-80.339
-80.234
-80.007
-80.162
-80.146
-80.191
-80.204
-80.193
-80.374
-80.245
-80.26
-80.3
-80.013
-79.856
-79.928
-79.984
-80.085
-80.129
-80.038
-80.075
-80.124
-80.291
-80.007
-80.119
-80.162
-80.394
-80.33
-80.466
-80.68
-80.453
-80.271
-80.372
-79.964
-80.035
-80.378
-80.174
-80.303
-79.996
-79.841
-80.04
-79.919
-79.895
-80.17
-80.136
-80.236
-80.297
-80.22
-80.133
-80.17
-80.272
-80.263
-80.17
-80.356
-80.528
-80.498
-80.389
-80.7
-80.761
-80.652
-80.654
-80.637
-80.536
-80.519
-80.389
-80.455
-80.387
-80.264
-80.176
-80.253
-80.316
-80.297
-80.458
-80.355
-80.303
-80.374
-80.337
-80.302
-80.658
-81.001
-81.073
-80.915
-80.769
-81.04
-80.978
-81.04
-81.187
-81.007
-80.751
-80.674
-80.5
-80.273
-79.955
-79.984
-79.925
-79.899
-79.877
-79.844
-79.993
-80.06
-79.879
-80.019
-79.768
-79.978
