-59.124
-58.373
-57.526
-56.911
-56.336
-55.472
-54.834
-54.106
-53.267
-52.218
-51.05
-49.692
-47.838
-45
-45
-45
-45
-45
-45
-45
-45
-45
-45
-45
-45
-45
-45
-48.439
-53.599
-57.327
-60.1
-61.777
-62.597
-62.67
-62.436
-62.396
-61.763
-60.843
-60.175
-59.614
-58.691
-57.645
-57
-56.141
-55.648
-54.978
-54.102
-53.305
-52.503
-51.515
-50.471
-48.786
-46.409
-45
-45
-45
-45
-45
-45
-45
-45
-45
-45
-45
-45
-45
-47.658
-53.839
-58.321
-61.719
-64.039
-65.748
-66.636
-67.237
-67.468
-66.883
-66.194
-65.174
-63.635
-62.176
-60.659
-58.97
-57.639
-56.134
-54.889
-53.345
-51.711
-50.196
-47.718
-45
-45
-45
-45
-45
-45
-45
-45
-45
-45
-45
-45
-45
-45
-50.353
-55.52
-59.31
-61.859
-63.344
-64.217
-64.37
-64.258
-63.98
-63.41
-63.216
-62.935
-62.29
-61.634
-60.669
-60.18
-59.244
-58.423
-57.804
-56.944
-56.069
-55.226
-54.672
-53.849
-53.477
-52.508
-51.415
-50.3
-48.494
-45.832
-45
-45
-45
-45
-45
-45
-45
-45
-45
-45
-45
-45
-45
-49.043
-55.332
-60.363
-64.13
-66.412
-68.346
-69.613
-70.425
-71.105
-71.371
-71.972
-72.392
-72.536
-72.529
-72.557
-72.775
-73.001
-73.063
-73.116
-73.153
-73.086
-73
-72.877
-72.697
-72.42
-72.104
-71.922
-71.705
-71.308
-71.09
-70.947
-70.894
-70.667
-70.474
-70.228
-70.334
-70.373
-69.922
-69.681
-69.566
-69.19
-68.882
-68.394
-68.115
-68.054
-67.955
-67.713
-67.419
-67.139
-66.917
-66.557
-66.419
-66.344
-66.229
-66.106
-65.665
-65.216
-65.122
-64.616
-64.308
-63.753
-63.378
-63.284
-62.849
-62.529
-62.618
-62.286
-62.013
-62.004
-61.771
-61.574
-60.749
-60.287
-59.85
-59.446
-59.123
-58.775
-58.319
-57.912
-57.853
-57.731
-57.462
-57.099
-56.852
-56.605
-56.31
-55.832
-55.498
-55.127
-55.017
-54.776
-54.492
-53.731
-53.344
-52.778
-51.591
-49.831
-47.228
-45
-45
-45
-45
-45
-45
-45
-45
-45
-45
-45
-45
-45
-45
-51.352
-57.932
-62.766
-66.042
-68.554
-70.175
-71.48
-72.452
-72.857
-73.164
-73.517
-73.975
-73.894
-74.093
-74.732
-74.887
-74.822
-74.975
-75.064
-75.109
-75.211
-74.975
-74.851
-75.213
-75.449
-75.582
-75.491
-75.56
-75.157
-75.156
-75.477
-75.988
-76.201
-76.498
-76.697
-76.72
-76.846
-77.174
-77.363
-77.312
-77.464
-77.517
-77.891
-78.22
-78.465
-78.364
-78.521
-78.506
-78.939
-78.879
-78.945
-79.213
-79.225
-79.359
-79.596
-79.646
-79.849
-79.777
-80.085
-80.05
-80.209
-80.378
-80.891
-81.058
-81.43
-81.487
-81.542
-81.831
-81.957
-82.512
-83.021
-83.16
-83.254
-83.521
-83.85
-83.77
-83.931
-84.146
-84.458
-84.26
-84.447
-84.612
-84.694
-84.811
-84.788
-84.876
-85.359
-85.395
-85.098
-85.331
-85.772
-85.863
-85.816
-85.989
-85.86
-86.086
-86.133
-86.012
-85.805
-85.983
-86.067
-86.385
-86.152
-86.365
-86.488
-86.602
-87.029
-86.888
-86.951
-87.169
-87.016
-87.045
-86.95
-87.183
-87.255
-87.139
-86.777
-85.709
-84.241
-82.449
-80.75
-79.145
-77.738
-76.394
-75.201
-73.878
-72.608
-71.484
-70.412
-69.447
-68.401
-67.505
-66.794
-65.984
-65.075
-64.201
-62.997
-61.621
-60.276
-59.007
-57.309
-55.773
-54.508
-53.232
-53.409
-56.474
-60.561
-64.728
-67.965
-70.57
-72.26
-73.325
-73.717
-74.25
-74.8
-75.01
-75.489
-75.81
-76.172
-76.059
-76.123
-76.348
-76.339
-76.658
-77.044
-77.005
-76.898
-76.715
-76.642
-76.725
-76.501
-76.121
-75.685
-75.026
-74.58
-73.91
-73.485
-73.037
-72.452
-72.093
-71.908
-71.696
-71.607
-71.588
-71.337
-71.587
-71.485
-71.389
-71.117
-71.246
-71.546
-71.813
-72.148
-72.203
-72.259
-72.28
-72.418
-72.599
-72.581
-72.637
-72.452
-72.991
-73.652
-74.163
-74.498
-74.889
-75.325
-75.922
-76.217
-76.282
-76.496
-76.583
-76.485
-76.584
-76.865
-77.059
-77.168
-77.155
-77.299
-77.048
-77.175
-77.326
-77.36
-76.99
-76.877
-76.952
-76.873
-76.918
-77.014
-76.826
-76.578
-76.265
-76.42
-76.339
-76.448
-76.456
-76.449
-76.398
-76.389
-76.511
-76.341
-76.167
-76.254
-76.14
-76.101
-76.209
-76.526
-76.908
-76.986
-77.249
-77.552
-78.017
-77.889
-77.952
-78.054
-78.128
-78.277
-78.076
-78.194
-78.482
-78.765
-78.488
-78.779
-78.893
-78.856
-78.746
-78.763
-78.486
-78.522
-78.324
-78.478
-78.505
-78.252
-78.352
-77.989
-78.221
-78.31
-78.412
-78.39
-78.496
-78.468
-79.033
-79.321
-79.365
-79.315
-79.24
-79.131
-79.254
-79.491
-79.562
-79.72
-79.731
-79.879
-79.658
-79.364
-79.244
-79.4
-79.631
-79.698
-79.784
-79.93
-79.813
-79.843
-79.7
-79.389
-79.212
-79.214
-78.849
-78.787
-78.943
-79.059
-78.815
-78.973
-78.876
-78.83
-78.474
-78.428
-78.366
-78.281
-78.132
-78.127
-78.195
-78.169
-78.348
-78.423
-78.537
-78.736
-78.962
-79.104
-78.862
-78.859
-78.958
-78.992
-79.106
-79.117
-79.164
-79.036
-79.204
-79.459
-79.711
-79.761
-79.549
-79.696
-79.804
-79.658
-79.894
-79.665
-79.538
-79.271
-79.259
-79.468
-79.601
-79.528
-79.438
-79.597
-79.766
-79.753
-79.641
-79.739
-79.758
-79.773
-79.77
-79.788
-79.796
-79.771
-79.964
-80.173
-80.28
-80.347
-80.132
-79.966
-79.978
-80.118
-80.166
-80.343
-80.271
-80.191
-80.427
-80.525
-80.422
-80.276
-80.071
-80.501
-80.274
-80.219
-80.074
-79.86
-79.906
-79.739
-80.03
-80.383
-80.483
-80.32
-80.371
-80.208
-80.455
-80.469
-80.415
-80.416
-80.56
-80.482
-80.192
-80.143
-79.966
-80.096
-80.017
-80.149
-80.054
-80.285
-80.394
-80.332
-80.51
-80.413
-80.333
-80.329
-80.167
-79.967
-80.021
-79.905
-79.91
-80.06
-80.134
-80.361
-80.517
-80.458
-80.206
-80.457
-80.164
-80.313
-80.259
-80.328
-80.258
-80.214
-80.308
-80.112
-80.089
-80.374
-80.279
-80.242
-80.28
-80.422
-80.639
-80.536
-80.384
-80.485
-80.433
-80.458
-80.487
-80.241
-80.05
-80.218
-80.174
-80.159
-80.004
-80.185
-80.212
-80.335
-80.466
-80.35
-80.137
-80.092
-80.24
-80.443
-80.432
-80.309
-80.652
-80.711
-80.919
-80.806
-80.854
-80.828
-81.044
-80.857
-80.767
-81.022
-80.895
-80.864
-80.904
-80.858
-80.868
-80.495
-80.398
-80.209
-80.246
-80.325
-80.207
-80.112
-79.932
-79.962
-79.758
-79.862
-79.979
-79.814
-79.992
-79.948
-80.327
-80.624
-80.688
-80.553
-80.623
-80.395
-80.444
-80.362
-80.568
-80.508
-80.622
-80.691
-80.242
-80.486
-80.132
-80.216
-80.463
-80.359
-79.932
-79.953
-79.78
-79.969
-79.968
-80.195
-80.208
-80.316
-80.457
-80.332
-80.643
-80.483
-80.412
-80.237
-80.316
-80.294
-80.481
-80.605
-80.544
-80.885
-80.949
-81.092
-80.978
-80.866
-81.14
-80.749
-80.686
-80.647
-80.575
-80.712
-80.713
-80.68
-80.704
-80.549
-80.549
-80.558
-80.448
-80.375
-80.327
-80.629
-80.689
-80.524
-80.591
-80.642
-80.592
-80.724
-80.65
-80.537
-80.848
-80.819
-80.7
-80.635
-80.566
-80.395
-80.517
-80.247
-80.286
-80.423
-80.615
-80.847
-80.941
-80.801
-80.609
-80.913
-80.879
-81.059
-81.149
-81.197
-81.334
-81.136
-81.208
-81.103
-81.018
-81.094
-81.329
-81.319
-81.343
-81.402
-81.504
-81.541
-81.669
-81.487
-81.397
-81.184
-80.847
-80.836
-80.676
-80.474
-80.34
-80.157
-79.931
-79.77
-79.493
-79.311
-79.157
-79.411
-79.356
-79.467
-79.305
-79.413
-79.376
-79.473
-79.448
-79.724
-79.412
-79.466
-79.555
-79.864
-79.755
-79.733
-79.603
-79.756
-79.655
-79.484
-79.655
-79.775
-79.805
-79.793
-79.754
-79.784
-80.034
-80.196
-80.326
-80.17
-79.939
-79.726
-79.678
-79.643
-79.746
-79.859
-80.041
-80.067
-80.07
-80.108
-80.423
-80.396
-80.174
-80.136
-80.237
-80.204
-80.005
-80.077
-79.99
-80.1
-80.06
-79.855
-79.753
-79.785
-79.76
-79.946
-80.045
-80.204
-80.242
-80.263
-80.256
-80.192
-80.384
-80.361
-80.279
-80.284
-80.387
-80.42
-80.527
-80.684
-80.795
-80.748
-80.727
-80.668
-80.427
-80.219
-80.207
-80.137
-80.39
-80.447
-80.431
-80.619
-80.631
-80.437
-80.262
-80.262
-80.239
-80.2
-79.849
-79.85
-79.835
-79.694
-79.864
-80.118
-80.007
-80.185
-80.371
-80.244
-80.647
-80.733
-80.723
-81.053
-81.096
-81.26
-81.117
-81.034
-80.964
-80.925
-80.419
-80.2
-80.276
-80.26
-80.443
-80.547
-80.341
-80.199
-80.49
-80.411
-80.324
-80.265
-80.549
-80.655
-80.727
-80.88
-80.964
-80.805
-80.786
-80.913
-80.952
-80.97
-80.925
-80.953
-80.884
-80.99
-81.176
-81.402
