-62.095
-61.739
-61.435
-60.987
-60.45
-60.2
-60.015
-59.887
-59.544
-59.166
-58.962
-58.498
-57.867
-57.473
-57.072
-56.514
-56.269
-55.801
-55.588
-55.466
-54.77
-54.276
-53.739
-52.695
-51.711
-49.466
-45.928
-45
-45
-45
-45
-45
-45
-45
-45
-45
-45
-45
-45
-45
-45.042
-51.645
-57.456
-61.897
-65.003
-67.103
-68.08
-68.789
-68.876
-69.303
-69.134
-68.994
-69.052
-68.864
-68.664
-68.493
-67.948
-67.381
-66.817
-66.075
-65.657
-64.724
-64.353
-63.785
-63.293
-62.995
-62.56
-62.381
-61.734
-61.285
-61.361
-61.166
-61.078
-61.085
-60.383
-60.312
-59.866
-59.872
-59.72
-59.541
-59.027
-59.219
-59.442
-59.353
-59.462
-59.468
-59.395
-59.457
-59.369
-58.64
-58.467
-57.935
-57.217
-56.573
-55.642
-54.757
-54.42
-53.758
-52.992
-52.196
-52.468
-55.899
-61.095
-65.48
-68.99
-71.654
-73.264
-74.406
-75.445
-76.048
-76.455
-76.646
-76.969
-76.957
-77.116
-77.519
-77.408
-77.767
-77.781
-78.007
-77.987
-78.064
-78.207
-78.383
-78.705
-78.701
-78.465
-78.428
-78.248
-78.368
-78.422
-78.709
-78.532
-78.706
-78.576
-78.662
-78.714
-78.761
-78.662
-78.809
-78.533
-78.611
-78.395
-78.343
-78.192
-78.304
-78.371
-78.277
-78.378
-78.561
-78.576
-78.685
-78.708
-78.521
-78.155
-77.912
-77.684
-77.013
-76.834
-76.905
-76.707
-76.599
-76.78
-76.738
-76.837
-76.809
-76.824
-76.709
-76.681
-76.653
-76.885
-76.818
-76.823
-76.944
-77.153
-77.277
-77.471
-77.749
-78.116
-78.353
-78.495
-78.373
-78.648
-78.298
-78.622
-78.975
-79.041
-78.976
-78.922
-79.026
-79.241
-79.257
-79.022
-79.107
-78.769
-78.942
-78.893
-78.637
-78.683
-78.71
-79.045
-79.202
-79.369
-79.484
-79.453
-79.67
-79.709
-79.623
-79.559
-79.427
-79.276
-78.787
-78.812
-78.646
-78.324
-77.967
-77.472
-77.21
-76.854
-76.526
-76.393
-75.981
-75.776
-75.681
-75.575
-75.734
-75.785
-76.084
-76.132
-76.142
-75.835
-75.997
-76.124
-76.307
-76.494
-76.687
-76.844
-76.883
-77.188
-77.129
-77.198
-77.333
-77.402
-77.391
-77.665
-77.562
-77.866
-77.541
-77.686
-77.733
-77.733
-77.867
-77.685
-77.788
-77.886
-78.04
-78.113
-78.149
-78.385
-78.269
-77.945
-78.307
-78.707
-78.877
-78.992
-79.023
-79.075
-79.213
-79.262
-79.157
-79.141
-79.042
-78.922
-78.901
-79.294
-79.361
-79.707
-79.594
-79.786
-79.617
-79.856
-80.028
-80.118
-80.185
-80.448
-80.405
-80.668
-80.726
-80.801
-80.418
-80.228
-79.705
-79.421
-79.222
-78.81
-78.487
-78.347
-78.169
-77.818
-77.537
-77.042
-76.342
-75.978
-75.738
-75.397
-75.111
-74.999
-74.95
-74.924
-74.676
-74.655
-74.609
-74.596
-74.379
-74.157
-74.163
-74.089
-74.109
-74.087
-74.016
-74.071
-74.101
-74.392
-74.614
-74.628
-74.473
-74.661
-74.659
-74.8
-75.091
-75.301
-75.677
-75.604
-75.619
-75.761
-76.026
-75.713
-75.671
-75.739
-75.808
-75.602
-75.838
-75.883
-76.16
-76.321
-76.527
-76.441
-76.439
-76.492
-76.491
-76.389
-76.552
-76.777
-76.801
-77.223
-77.342
-77.44
-77.575
-77.91
-77.886
-78.058
-78.019
-77.891
-77.717
-78.011
-77.999
-78.312
-78.419
-78.842
-78.839
-78.996
-78.75
-78.612
-78.734
-78.166
-77.594
-76.645
-75.438
-74.212
-72.901
-71.642
-70.316
-69.047
-68.189
-67.014
-66.102
-65.399
-64.777
-64.141
-63.591
-63.23
-62.913
-62.432
-62.065
-61.439
-61.357
-60.919
-60.338
-59.699
-59.246
-58.902
-58.594
-58.19
-57.757
-57.436
-57.063
-56.752
-56.63
-56.291
-56.299
-56.259
-56.186
-56.162
-56.174
-56.02
-55.826
-55.598
-54.817
-54.086
-52.998
-50.997
-48.218
-45
-45
-45
-45
-45
-45
-45
-45
-45
-45
-45
-45
-45
-45
-45.884
-51.66
-56.307
-59.517
-61.628
-62.814
-63.483
-63.567
-63.23
-62.948
-62.638
-61.929
-61.411
-60.997
-60.566
-60.224
-59.787
-59.171
-58.699
-58.153
-57.559
-57.351
-56.785
-56.215
-55.652
-55.36
-54.957
-54.915
-54.477
-54.025
-53.843
-53.29
-52.398
-51.937
-50.868
-49.494
-47.846
-45
-45
-45
-45
-45
-45
-45
-45
-45
-45
-45
-45
-45
-45
-49.712
-55.325
-59.143
-61.735
-63.381
-64.062
-63.843
-63.46
-63.333
-62.467
-61.824
-61.221
-60.642
-59.646
-58.542
-57.696
-56.613
-55.72
-54.876
-53.974
-53.294
-52.445
-51.093
-49.723
-47.918
-45
-45
-45
-45
-45
-45
-45
-45
-45
-45
-45
-45
-45
-45
-51.395
-57.457
-61.785
-65.205
-67.107
-68.158
-69.074
-69.642
-69.968
-70.201
-70.176
-70.128
-70.16
-70.465
-70.35
-70.361
-70.584
-70.389
-70.566
-70.601
-70.728
-70.821
-70.945
-70.91
-71.009
-70.969
-71.219
-71.11
-71.303
-71.239
-71.304
-71.466
-71.541
-71.41
-71.346
-71.548
-71.589
-71.449
-71.592
-71.765
-71.984
-72.064
-72.098
-72.406
-72.681
-72.731
-72.869
-72.721
-72.567
-72.221
-72.146
-71.831
-71.733
-71.284
-71.223
-70.822
-70.587
-70.389
-70.265
-70.159
-70.24
-70.246
-70.109
-70.142
-69.945
-70.177
-70.026
-69.994
-69.967
-70.204
-70.364
-70.496
-70.419
-70.484
-70.314
-69.647
-68.521
-67.299
-65.872
-64.742
-63.421
-62.408
-61.101
-59.962
-58.817
-58.213
-57.036
-56.072
-55.208
-54.132
-53.211
-51.801
-50.07
-47.319
-45
-45
-45
-45
-45
-45
-45
-45
-45
-45
-45
-45
-45
-45
-49.953
-56.402
-61.542
-65.125
-67.823
-69.61
-70.452
-71.077
-71.704
-72.047
-72.483
-72.736
-72.626
-72.603
-72.541
-72.797
-72.717
-72.822
-72.633
-72.722
-72.47
-72.051
-71.302
-70.148
-69.128
-67.814
-66.609
-65.59
-64.328
-63.448
-62.756
-62.031
-60.811
-59.85
-59.115
-58.581
-58.136
-57.653
-57.137
-56.564
-56.092
-55.857
-55.414
-54.938
-54.114
-53.361
-52.366
-50.958
-49.273
-46.276
-45
-45
-45
-45
-45
-45
-45
-45
-45
-45
-45
-45
-45
-46.608
-53.437
-59.485
-63.992
-66.747
-68.608
-69.453
-69.823
-69.696
-69.165
-68.337
-67.502
-66.48
-65.609
-64.528
-63.739
-62.609
-61.828
-60.996
-60.637
-59.873
-59.495
-58.987
-58.522
-58.267
-57.771
-57.478
-57.198
-56.94
-56.75
-56.793
-56.652
-56.383
-56.169
-56.179
-55.776
-55.604
-55.583
-55.295
-55.117
-54.81
-54.584
-54.384
-53.805
-53.741
-53.391
-52.681
-51.862
-50.729
-49.515
-46.943
-45
-45
-45
-45
-45
-45
-45
-45
-45
-45
-45
-45
-45
-46.025
-53.304
-59.227
-63.57
-66.499
-68.763
-70.203
-71.28
-72.119
-72.946
-73.616
-73.78
-74.055
-74.328
-74.735
-74.873
-74.979
-75.44
-75.516
-75.738
-75.825
-76.286
-76.622
-76.722
-76.802
-77.312
-77.543
-77.463
-77.936
-78.074
-78.224
-78.556
-78.768
-79.051
-79.472
-79.327
-79.339
-79.736
-79.846
-79.978
-79.873
-80.123
-80.374
-80.679
-80.568
-80.687
-80.94
-80.91
-80.788
-81.109
-81.145
-81.141
-81.258
-80.489
-79.277
-77.97
-76.718
-75.341
-74.159
-72.853
-71.587
-70.185
-68.831
-67.921
-67.197
-66.232
-65.255
-64.569
-63.86
-63.368
-62.963
-62.357
-61.673
-61.227
-60.862
-60.481
-59.95
-59.698
-59.359
-59.409
-59.365
-59.227
-59.379
-59.084
-59.015
-58.96
-59.029
-59.256
-59.422
-59.272
-59.151
-58.95
-59.037
-59.086
-59.345
-59.241
-59.167
-59.179
-59.25
-59.613
-59.661
-59.642
-59.503
-59.608
-59.818
-59.809
-60.01
-60.025
-60.255
-60.333
-60.455
-60.497
-60.894
-61.101
-61.17
-61.242
-61.522
-61.559
-61.527
-61.893
-62.315
-62.4
-62.601
-63.044
-63.16
-63.194
-63.635
-64.124
-64.279
-64.621
-64.969
-65.239
-65.238
-65.478
-65.354
-65.671
-65.817
-66.386
-66.648
-67.174
-67.506
-67.774
-67.781
-68.188
-68.451
-68.656
-69.111
-69.274
-69.591
-69.761
-69.816
-69.869
-70.205
-70.304
-70.427
-70.7
-70.897
-71.257
-71.086
-71.346
-71.458
-71.766
-72.109
-71.92
-72.288
-72.46
-72.64
-72.69
-72.908
-73.281
-73.676
-74.102
-74.542
-74.405
-74.675
-75.112
-74.899
-75.362
-75.597
-75.898
-75.946
-75.926
-75.991
-75.802
-76.011
-76.075
-76.229
-76.328
-76.666
-76.782
-76.758
-77.184
-77.323
-77.568
-77.818
-77.747
-77.872
-78.379
-78.391
-78.537
-78.61
-79.035
-79.213
-79.44
-79.551
-80.038
-80.21
-80.244
-80.504
-80.761
-80.781
-80.723
-80.659
-80.996
-81.138
-81.563
-81.521
-81.447
-81.784
-81.87
-82.09
-82.315
-82.725
-82.743
-82.926
-82.818
-83.179
-83.464
-83.462
-83.553
-83.848
-83.803
-83.707
-83.831
-83.824
-83.874
-83.906
-84.068
-83.917
-83.834
