-80.155
-80.179
-80.155
-80.027
-80.12
-79.764
-79.483
-79.353
-79.289
-79.273
-79.045
-78.826
-78.594
-78.165
-78.218
-77.949
-77.582
-77.198
-77.074
-76.723
-76.643
-76.617
-76.339
-76.518
-76.284
-76.381
-76.521
-76.498
-76.576
-76.523
-76.56
-76.507
-76.413
-76.428
-76.567
-76.581
-76.377
-76.598
-76.429
-76.409
-76.46
-76.348
-76.221
-76.17
-76.221
-76.329
-76.309
-76.074
-75.973
-76.205
-76.489
-76.516
-76.569
-76.692
-76.67
-76.761
-76.52
-76.452
-76.439
-76.093
-75.771
-75.952
-76.225
-76.187
-76.482
-76.58
-76.569
-76.598
-76.646
-76.926
-77.139
-76.949
-77.136
-76.977
-76.799
-76.746
-76.486
-76.478
-76.339
-76.01
-75.818
-75.134
-74.791
-74.369
-74.218
-73.962
-73.397
-72.707
-72.369
-72.006
-71.976
-71.901
-72.009
-71.832
-71.778
-72.102
-72.447
-72.545
-72.66
-72.745
-72.723
-73.175
-73.29
-73.367
-72.899
-72.884
-72.961
-72.894
-72.904
-73.266
-73.129
-73.302
-73.416
-73.582
-73.902
-73.865
-74.101
-74.424
-74.636
-74.37
-74.381
-74.247
-74.379
-74.361
-74.368
-74.099
-73.941
-73.87
-74.137
-73.78
-74.033
-74.077
-74.262
-74.179
-74.203
-74.326
-74.487
-74.31
-73.957
-73.527
-73.116
-72.636
-71.96
-71.629
-71.334
-70.586
-70.121
-69.625
-69.179
-68.707
-68.334
-68.104
-67.702
-67.382
-67.368
-67.275
-67.394
-67.164
-67.118
-67.373
-67.563
-67.927
-68.306
-68.15
-68.501
-68.68
-68.854
-69.211
-69.518
-69.914
-70.315
-70.493
-70.557
-70.83
-71.146
-71.021
-71.185
-71.657
-71.782
-71.895
-72.14
-72.069
-72.178
-72.262
-72.375
-72.702
-72.969
-73.184
-73.408
-73.828
-74.035
-74.104
-74.079
-74.207
-74.283
-74.519
-74.298
-74.151
-74.047
-74.045
-74.145
-73.899
-73.695
-73.495
-73.467
-73.433
-73.476
-73.526
-73.268
-73.287
-73.033
-72.65
-72.279
-71.726
-71.188
-70.698
-70.19
-69.881
-69.765
-69.492
-69.292
-68.901
-68.332
-68.007
-67.493
-67.294
-66.832
-66.369
-65.896
-65.598
-65.421
-64.906
-64.602
-64.406
-64.252
-64.035
-64.081
-63.861
-63.799
-63.973
-63.993
-63.934
-63.987
-64.033
-64.306
-64.581
-64.956
-65.038
-65.084
-65.284
-65.519
-65.568
-65.897
-66.291
-66.435
-66.839
-66.789
-66.86
-67.14
-67.569
-68.082
-68.432
-68.66
-68.642
-68.704
-68.477
-68.46
-68.554
-68.725
-68.961
-69.181
-69.287
-69.637
-69.686
-69.803
-69.857
-69.884
-70.254
-70.444
-70.354
-70.133
-70.245
-69.888
-69.617
-69.74
-69.552
-69.691
-69.448
-69.156
-69.148
-69.11
-69.253
-69.315
-69.319
-69.501
-69.782
-69.66
-69.678
-69.628
-69.674
-70.128
-69.976
-70.148
-70.121
-70.208
-69.887
-69.734
-69.611
-69.86
-70.033
-69.955
-70.172
-70.641
-70.638
-70.641
-71.028
-71.171
-71.137
-71.21
-71.344
-71.477
-71.967
-72.245
-72.083
-72.264
-72.404
-72.402
-72.574
-72.59
-72.655
-73.151
-73.097
-73.218
-73.332
-73.538
-73.71
-73.768
-73.616
-74.04
-74.069
-74.052
-73.987
-74.262
-74.617
-74.749
-74.934
-74.553
-74.325
-74.614
-74.72
-74.979
-75.019
-75.072
-74.905
-74.776
-75.338
-75.525
-75.553
-75.769
-76.029
-76.017
-76.047
-75.933
-75.797
-75.848
-75.903
-75.693
-75.847
-75.722
-76.08
-76.171
-76.089
-76.222
-76.704
-76.996
-77.017
-77.371
-77.522
-77.653
-77.672
-78.046
-78.056
-78.129
-78.002
-78.259
-78.045
-77.951
-77.716
-77.52
-77.695
-77.602
-77.968
-77.565
-77.405
-77.53
-77.502
-77.549
-77.678
-77.556
-77.675
-77.584
-77.608
-77.513
-77.755
-77.862
-77.522
-77.509
-77.137
-76.97
-76.497
-76.268
-75.996
-75.589
-75.222
-75.011
-75.105
-74.981
-74.793
-74.612
-74.432
-74.433
-74.277
-73.966
-74.106
-74.094
-74.112
-74.013
-73.834
-73.549
-73.281
-72.906
-72.16
-71.322
-70.667
-69.732
-68.555
-67.192
-66.372
-65.182
-63.965
-63.164
-62.145
-61.117
-60.359
-59.503
-58.977
-58.079
-57.394
-56.587
-55.906
-55.328
-54.973
-54.111
-53.345
-52.262
-50.903
-48.421
-45
-45
-45
-45
-45
-45
-45
-45
-45
-45
-45
-45
-45
-45
-46.6
-52.794
-58.203
-61.938
-64.375
-65.748
-66.42
-67.096
-67.264
-67.29
-67.383
-67.255
-66.73
-66.536
-65.918
-65.139
-64.313
-63.452
-62.873
-62.131
-60.994
-59.628
-58.622
-57.768
-57.027
-56.458
-55.804
-54.918
-53.723
-52.996
-51.941
-50.713
-49.246
-46.361
-45
-45
-45
-45
-45
-45
-45
-45
-45
-45
-45
-45
-45
-47.05
-53.228
-58.123
-62.03
-64.352
-66.137
-67.225
-67.659
-67.925
-67.929
-67.811
-67.632
-67.566
-67.218
-66.877
-66.397
-65.978
-65.679
-65.289
-64.868
-64.085
-63.914
-63.502
-62.817
-62.413
-61.981
-61.827
-61.751
-61.617
-61.642
-61.729
-61.71
-61.597
-61.182
-60.939
-60.739
-60.793
-60.772
-60.507
-60.466
-60.082
-59.95
-60.062
-59.956
-60.032
-59.814
-59.703
-59.999
-60.076
-60.045
-60.076
-59.984
-60.071
-60.099
-60.277
-60.036
-60.206
-60.381
-60.337
-60.526
-60.457
-60.474
-60.411
-60.425
-60.498
-60.53
-60.447
-60.379
-60.205
-60.471
-60.426
-60.602
-60.37
-60.199
-59.584
-59.111
-58.689
-58.119
-57.718
-56.977
-56.236
-55.325
-54.667
-53.848
-52.029
-49.991
-46.284
-45
-45
-45
-45
-45
-45
-45
-45
-45
-45
-45
-45
-45
-45
-50.355
-56.061
-60.396
-63.152
-65.121
-66.197
-66.855
-67.352
-67.617
-67.612
-67.526
-67.279
-67.073
-66.956
-66.674
-66.623
-66.331
-66.057
-65.76
-65.355
-64.716
-64.382
-64.382
-63.989
-63.759
-63.56
-63.333
-63.496
-63.398
-63.204
-63.056
-62.934
-62.673
-63.161
-63.362
-63.456
-63.317
-63.381
-63.551
-63.537
-63.44
-63.443
-63.451
-63.451
-63.679
-64.14
-64.067
-63.921
-64.183
-64.321
-64.357
-64.397
-64.309
-64.516
-64.467
-64.626
-64.674
-65.008
-65.152
-65.48
-65.625
-65.415
-65.542
-65.662
-65.977
-66.207
-66.613
-66.79
-67.271
-66.951
-67.205
-67.313
-67.411
-67.723
-67.912
-68.001
-68.008
-68.301
-68.419
-68.357
-68.347
-68.554
-68.662
-68.631
-68.661
-68.702
-68.493
-68.492
-68.719
-68.693
-68.88
-68.898
-69.117
-69.426
-69.647
-69.645
-69.935
-70.002
-70.085
-70.452
-70.65
-70.779
-70.771
-70.982
-71.228
-71.499
-71.553
-71.763
-72.064
-71.975
-71.778
-71.843
-71.84
-72.045
-71.909
-72.153
-72.335
-72.512
-72.214
-72.237
-72.24
-72.439
-72.557
-72.658
-72.459
-72.262
-72.15
-72.28
-72.256
-72.02
-71.895
-71.557
-71.554
-71.401
-71.273
-71.516
-71.445
-71.346
-71.558
-71.592
-71.75
-71.671
-71.634
-71.622
-71.407
-71.517
-71.764
-71.523
-71.701
-71.844
-71.911
-72.003
-71.956
-72.238
-72.777
-72.843
-72.986
-73.117
-73.185
-73.092
-72.967
-73.144
-73.131
-72.965
-72.862
-72.738
-72.82
-72.844
-72.876
-72.722
-72.977
-72.976
-73.113
-73.484
-73.586
-73.679
-73.694
-73.758
-73.722
-73.721
-74.009
-73.829
-73.745
-73.96
-74.102
-74.097
-74.322
-74.38
-74.537
-74.371
-74.434
-74.405
-74.412
-74.518
-74.706
-74.948
-75.253
-75.52
-75.622
-75.476
-75.564
-75.709
-75.575
-75.722
-75.694
-75.767
-76.085
-76.227
-76.001
-75.994
-76.069
-76.237
-76.278
-76.459
-76.61
-76.962
-77.143
-77.438
-77.542
-77.938
-78.09
-77.761
-77.817
-77.705
-77.908
-77.838
-78.094
-77.909
-77.966
-78.043
-78.368
-78.379
-78.471
-78.624
-78.557
-78.533
-78.926
-78.998
-79.348
-79.261
-79.297
-79.209
-78.803
-78.346
-78.336
-78.094
-77.933
-77.536
-77.223
-76.873
-76.309
-76.213
-75.835
-75.665
-75.637
-75.419
-75.373
-75.458
-75.045
-74.85
-74.969
-74.978
-74.756
-74.565
-74.524
-74.353
-74.352
-74.28
-74.365
-74.105
-74.339
-74.302
-74.482
-74.391
-74.54
-74.945
-75.049
-74.908
-74.846
-74.86
-75.078
-74.84
-74.814
-75.091
-74.957
-75.23
-75.305
-75.361
-75.538
-75.593
-75.522
-75.454
-75.657
-75.328
-75.582
-75.46
-75.643
-75.525
-75.565
-75.421
-75.77
-75.915
-76.139
-76.374
-76.589
-76.759
-77.036
-76.967
-76.744
-76.886
-76.731
-76.742
-76.711
-76.965
-77.005
-77.069
-77.094
-76.856
-76.757
-76.803
-76.735
-76.646
-76.602
-76.672
-76.694
-77.157
-77.401
-77.457
-77.695
-77.985
-78.112
-78.076
-78.363
-78.265
-78.401
-78.679
-78.701
-78.517
-78.79
-78.947
-79.408
-79.336
-79.126
-78.976
-79.088
-78.834
-78.898
-78.713
-78.682
-78.903
-79.142
-79.212
-79.23
-79.557
-79.316
-79.043
-79.28
-79.149
-79.324
-79.317
-79.031
-79.033
-79.081
-79.277
-79.442
-79.33
-79.307
-79.177
-79.373
-79.342
-79.492
-79.702
-79.416
-79.51
-79.769
-80.21
-80.231
-80.503
-80.251
-80.284
-80.304
-80.398
