-79.946
-80.061
-80.193
-80.206
-79.992
-80.083
-80.234
-80.539
-80.326
-80.012
-79.941
-80.07
-80.071
-80.03
-80.253
-80.136
-79.877
-79.758
-79.995
-79.949
-80.049
-80.199
-80.407
-80.435
-80.365
-80.301
-80.365
-80.397
-80.22
-80.043
-79.868
-79.972
-79.937
-79.887
-79.913
-80.293
-80.124
-80.154
-80.094
-80.036
-80.046
-80.315
-80.445
-80.277
-80.168
-80.068
-79.883
-79.82
-79.514
-79.772
-80.168
-80.255
-80.086
-80.017
-80.084
-79.944
-79.941
-79.942
-79.871
-79.938
-79.835
-79.948
-79.906
-80.193
-80.442
-80.389
-80.275
-80.355
-80.094
-80.33
-80.465
-80.474
-80.642
-80.559
-80.719
-80.568
-80.808
-80.815
-80.709
-80.399
-80.278
-80.243
-80.051
-80.192
-80.113
-79.869
-80.057
-80.213
-80.327
-80.487
-80.26
-80.514
-80.385
-80.374
-80.543
-80.593
-80.621
-80.504
-80.61
-80.409
-80.285
-80.335
-80.429
-80.639
-80.632
-80.557
-80.615
-80.681
-80.558
-80.558
-80.389
-80.184
-80.17
-80.259
-80.193
-80.089
-80.12
-80.018
-79.992
-79.825
-79.968
-79.975
-79.851
-79.832
-79.702
-79.873
-80.099
-80.454
-80.449
-80.501
-80.592
-80.573
-80.308
-80.283
-80.383
-80.359
-80.192
-80.21
-80.156
-80.038
-79.774
-79.734
-79.775
-79.6
-79.477
-79.588
-79.806
-79.917
-80.139
-80.17
-80.142
-80.184
-80.333
-80.457
-80.444
-80.471
-80.834
-80.935
-80.874
-80.836
-80.931
-80.626
-81.164
-81.018
-80.912
-81.077
-80.861
-80.577
-80.525
-80.732
-80.646
-80.63
-80.757
-80.523
-80.574
-80.592
-80.611
-80.757
-80.971
-81.025
-81.079
-80.913
-81.041
-80.956
-81.075
-80.984
-81.127
-81.378
-81.032
-81.276
-81.2
-80.914
-80.909
-80.848
-80.59
-80.481
-80.086
-80.126
-80.065
-80.136
-80.394
-80.366
-80.531
-80.702
-80.815
-80.806
-80.769
-80.494
-80.229
-80.215
-80.513
-80.695
-80.875
-80.706
-80.788
-80.903
-80.825
-80.894
-80.888
-80.96
-80.669
-81.049
-81.032
-81.077
-80.98
-81.064
-80.983
-80.834
-80.745
-80.784
-81.163
-81.251
-81.08
-80.896
-81.017
-81.057
-81.035
-80.869
-80.887
-81.179
-80.995
-80.788
-80.722
-80.601
-80.697
-80.872
-80.763
-80.8
-80.684
-80.846
-80.967
-80.987
-80.612
-80.422
-80.517
-80.469
-80.192
-80.429
-80.548
-80.756
-80.712
-80.417
-80.639
-80.587
-80.548
-80.51
-80.4
-80.29
-79.911
-79.847
-79.861
-79.96
-80.068
-80.252
-80.44
-80.273
-80.241
-80.509
-80.684
-80.894
-80.503
-80.224
-79.734
-79.264
-78.907
-78.33
-78.066
-77.744
-77.469
-77.43
-77.526
-77.367
-76.905
-76.929
-76.605
-76.481
-76.547
-76.601
-76.519
-76.43
-76.62
-76.596
-76.467
-76.261
-76.107
-76.003
-76.039
-75.963
-76.194
-76.044
-75.875
-75.947
-75.977
-76.173
-76.309
-76.301
-76.078
-75.836
-75.71
-75.463
-75.307
-75.21
-75.092
-75.058
-75.511
-75.485
-75.343
-75.668
-75.516
-75.406
-75.339
-75.049
-75.048
-75.287
-75.767
-76.295
-76.955
-77.533
-78.292
-78.729
-78.971
-79.282
-79.4
-79.345
-79.353
-79.231
-79.174
-79.546
-79.491
-79.303
-79.296
-79.661
-79.538
-79.62
-79.591
-79.627
-79.662
-79.57
-79.33
-79.468
-79.261
-79.713
-79.45
-79.541
-79.654
-79.455
-79.473
-79.268
-79.572
-79.527
-79.634
-79.909
-79.738
-79.62
-79.993
-79.997
-80.11
-79.83
-79.981
-79.982
-79.879
-79.976
-80.014
-80.141
-80.059
-80.143
-80.119
-79.927
-79.944
-79.83
-79.781
-80.186
-80.266
-80.145
-80.141
-80.146
-80.103
-80.109
-80.083
-79.778
-79.786
-79.95
-80.153
-80.384
-80.214
-80.34
-80.167
-80.454
-80.443
-80.291
-80.399
-80.472
-80.206
-80.011
-79.995
-79.931
-80.107
-80.266
-80.34
-80.367
-80.452
-80.249
-80.09
-79.617
-79.252
-79.425
-79.442
-79.261
-79.191
-79.034
-78.882
-78.95
-79.001
-78.84
-78.647
-78.335
-78.297
-78.46
-78.556
-78.373
-78.093
-77.739
-77.633
-77.663
-77.633
-77.676
-77.295
-77.52
-77.555
-77.535
-77.574
-77.372
-77.321
-77.188
-77.297
-77.539
-77.588
-77.612
-77.663
-77.686
-77.817
-78.049
-77.959
-78.196
-78.046
-77.917
-78.015
-78.324
-78.329
-78.22
-78.149
-77.953
-77.819
-77.661
-77.345
-77.198
-76.956
-77.047
-76.692
-76.301
-75.809
-75.742
-75.861
-75.868
-75.875
-76.095
-76.252
-76.168
-76.34
-76.401
-76.668
-76.471
-76.669
-76.796
-76.882
-77.054
-76.912
-77.038
-77.213
-76.962
-77.138
-77.156
-77.265
-77.394
-77.53
-77.629
-77.414
-77.678
-77.704
-77.655
-77.451
-77.317
-77.263
-77.317
-77.48
-77.437
-77.519
-77.579
-77.48
-77.256
-77.127
-77.114
-76.862
-76.728
-76.652
-76.707
-76.688
-76.368
-76.446
-76.082
-76.245
-75.97
-75.683
-75.634
-75.158
-75.348
-75.336
-74.954
-74.956
-74.938
-74.368
-74.166
-73.524
-72.886
-72.129
-71.603
-71.447
-70.85
-70.826
-70.688
-70.662
-70.558
-71.093
-71.403
-71.724
-71.946
-72.183
-72.296
-72.38
-72.653
-72.969
-72.775
-72.667
-72.705
-72.641
-72.545
-72.31
-72.394
-72.465
-72.614
-72.663
-72.744
-72.632
-72.497
-72.437
-72.719
-72.825
-72.865
-73.204
-73.165
-73.505
-73.811
-73.943
-74.291
-74.411
-74.485
-74.452
-74.777
-75.144
-75.389
-75.492
-75.274
-74.896
-74.809
-74.615
-74.506
-74.278
-74.053
-73.834
-74.031
-74.053
-74.282
-74.492
-74.182
-74.204
-74.041
-74.053
-74.086
-74.035
-73.796
-73.828
-73.799
-73.874
-74.166
-74.363
-74.528
-74.69
-74.818
-74.745
-74.691
-75.106
-75.164
-75.142
-75.533
-75.571
-75.609
-75.696
-75.862
-75.986
-75.884
-76.312
-76.227
-76.572
-77.007
-77.36
-77.456
-77.336
-77.778
-77.726
-77.986
-77.973
-77.495
-77.341
-77.277
-77.215
-77.064
-76.605
-76.423
-76.31
-75.945
-75.784
-75.434
-75.37
-75.245
-75.185
-75.033
-75.051
-74.903
-74.643
-74.79
-74.769
-75.026
-75.339
-75.399
-75.549
-75.42
-75.407
-75.304
-75.489
-75.381
-75.62
-75.658
-75.777
-75.886
-75.929
-76.092
-76.157
-76.058
-76.383
-76.447
-76.544
-76.363
-76.875
-76.714
-76.603
-76.563
-76.796
-76.854
-77.141
-76.838
-76.763
-76.868
-76.761
-76.642
-76.739
-76.75
-76.786
-76.733
-76.948
-77.004
-77.029
-77.046
-77.157
-77.135
-77.184
-77.543
-77.908
-77.915
-78.027
-77.974
-78.207
-78.195
-78.314
-78.457
-78.317
-78.486
-78.562
-78.562
-78.249
-78.092
-78.18
-78.356
-78.537
-78.555
-78.529
-79.148
-79.36
-79.262
-79.135
-79.365
-79.727
-79.79
-79.739
-79.765
-80.286
-80.24
-80.408
-80.114
-80.187
-80.429
-80.55
-80.757
-80.774
-80.853
-80.759
-80.835
-80.66
-80.789
-81.025
-80.994
-80.665
-80.559
-80.882
-80.75
-80.885
-80.878
-80.936
-80.859
-81.073
-81.173
-81.199
-81.071
-81.146
-81.042
-81.225
-81.317
-81.426
-81.141
-80.887
-80.811
-80.7
-80.838
-81.192
-81.415
-81.53
-81.525
-81.278
-81.272
-81.476
-81.527
-81.671
-81.698
-81.57
-81.532
-81.404
-81.287
-81.23
-81.044
-81.175
-81.023
-81.177
-81.167
-81.098
-81.245
-80.938
-81.016
-81.079
-81.141
-81.161
-81.192
-81.26
-81.007
-81.092
-81.188
-81.195
-80.987
-81.067
-81.07
-80.88
-81.039
-81.105
-81.082
-81.43
-81.52
-81.551
-81.366
-81.291
-81.37
-81.454
-81.118
-81.247
-81.404
-81.584
-81.563
-81.622
-81.701
-81.492
-81.546
-81.53
-81.514
-81.625
-81.701
-81.654
-81.884
-81.793
-81.759
-81.616
-81.445
-81.664
-81.36
-81.172
-81.162
-81.043
-80.868
-80.702
-80.458
-80.477
-80.505
-80.572
-80.619
-80.766
-80.537
-80.693
-80.798
-80.685
-80.88
-80.853
-80.876
-80.45
-80.391
-80.566
-80.772
-81.016
-81.452
-81.17
-81.484
-81.269
-81.275
-81.403
-81.325
-81.296
-81.205
-81.048
-81.012
-80.728
-80.546
-80.458
-80.305
-80.107
-80.043
-79.908
-79.508
-79.561
-79.324
-79.343
-79.598
-79.334
-79.403
-79.411
-79.432
-79.597
-79.747
-79.853
-79.698
-79.391
-79.558
-79.638
-79.591
-79.928
-79.939
-79.869
-79.829
-79.832
-80.054
-79.957
-80.163
-80.026
-79.932
-79.833
-79.668
-79.659
-79.731
-79.883
-79.959
-79.901
-80.152
-80.413
-80.194
-80.153
-80.183
-80.363
-80.267
-80.492
-80.673
-80.277
-80.323
-80.435
-80.344
-80.445
-80.816
-80.724
-80.835
-81.037
-81.132
-81.009
-81.173
-81.437
-81.539
-81.426
-81.542
-81.601
-81.465
-81.509
-81.59
-81.183
-81.384
-81.511
-81.461
-81.316
-81.114
-81.118
-81.325
-81.326
-81.408
-81.471
-81.544
-81.408
-81.387
-81.42
-81.396
-81.747
-81.691
-81.516
-81.549
-81.641
-81.755
-81.59
-81.823
-81.822
-81.986
-82.208
-82.475
-82.358
-82.568
-82.57
-82.303
-82.369
-82.413
-82.555
-82.524
-82.59
-82.916
-82.909
-82.781
-82.551
-82.481
-82.393
-82.327
-82.386
-82.274
-82.63
-82.854
-82.944
-83.062
-83.154
-83.193
-83.354
-83.386
-83.571
-83.546
-83.701
