-83.468
-83.541
-83.646
-83.605
-83.541
-83.437
-83.467
-83.386
-83.745
-83.866
-83.984
-83.683
-83.986
-84.14
-84.301
-84.371
-84.171
-84.147
-84.149
-84.456
-84.635
-84.766
-84.796
-84.789
-85.077
-85.099
-85.31
-85.188
-85.244
-84.766
-84.168
-83.205
-82.421
-81.803
-81.422
-81.153
-80.914
-80.866
-80.752
-80.397
-80.343
-80.259
-80.345
-80.205
-80.229
-80.123
-80.29
-80.434
-80.381
-80.026
-80.082
-80.153
-80.143
-80.29
-80.065
-79.749
-79.647
-79.809
-79.975
-80.191
-80.136
-80.095
-80.06
-80.059
-80.034
-80.35
-80.424
-80.499
-80.269
-80.366
-80.27
-80.21
-80.437
-80.453
-80.54
-80.226
-79.863
-80.032
-79.842
-79.839
-79.65
-80.074
-79.828
-80.004
-80.167
-79.842
-79.885
-80.03
-80.088
-80.314
-80.086
-79.816
-79.944
-79.99
-80.193
-80.144
-80.203
-80.057
-80.196
-80.172
-80.291
-80.298
-80.163
-80.048
-80.006
-80.199
-80.135
-80.117
-80.307
-80.187
-80.079
-80.163
-80.275
-80.18
-80.285
-80.685
-80.588
-80.608
-80.259
-80.474
-80.449
-80.487
-80.339
-80.149
-80.105
-80.114
-79.989
-80.039
-80.163
-79.969
-79.979
-79.879
-79.804
-80.239
-80.021
-80.096
-80.278
-80.257
-80.179
-80.293
-80.491
-80.637
-80.462
-80.307
-80.102
-80.298
-80.252
-80.036
-80.278
-80.164
-80.137
-80.192
-79.924
-79.924
-80.065
-80.268
-80.463
-80.497
-80.438
-80.483
-80.653
-80.616
-80.474
-80.582
-80.53
-80.544
-80.73
-80.848
-80.634
-80.325
-80.316
-80.359
-80.304
-80.271
-80.4
-80.335
-80.35
-80.146
-80.009
-80.15
-80.128
-80.294
-80.163
-80.369
-80.718
-80.511
-80.338
-80.583
-80.465
-80.438
-80.285
-80.627
-80.566
-80.374
-80.137
-80.275
-80.325
-80.314
-80.276
-80.24
-80.232
-80.233
-79.915
-79.943
-79.588
-79.764
-79.699
-79.714
-79.974
-79.83
-79.871
-80.083
-79.964
-79.852
-80.066
-80.232
-80.369
-80.363
-80.268
-80.305
-80.074
-80.548
-80.894
-80.967
-80.944
-81.057
-80.982
-81.176
-81.244
-81.125
-81.085
-80.928
-80.712
-80.543
-80.439
-80.649
-80.789
-80.599
-80.683
-80.43
-80.451
-80.495
-80.73
-80.449
-80.274
-80.234
-80.414
-80.56
-80.782
-80.98
-81.129
-81.036
-81.019
-81.132
-81.117
-81.113
-81.365
-81.223
-81.317
-81.089
-81.033
-81.162
-80.997
-80.849
-80.507
-80.568
-80.378
-80.356
-80.105
-79.971
-79.745
-79.972
-79.954
-79.499
-79.157
-79.005
-78.583
-78.571
-78.19
-78.009
-77.5
-77.409
-77.515
-77.383
-77.188
-77.073
-76.603
-76.599
-76.57
-76.58
-76.732
-76.906
-76.951
-77.148
-77.051
-76.919
-76.699
-76.654
-76.439
-76.311
-76.398
-76.694
-76.759
-76.912
-77.094
-77.027
-76.973
-77.242
-77.31
-77.277
-77.482
-77.667
-77.905
-77.86
-77.738
-77.854
-77.646
-77.298
-77.356
-77.447
-77.246
-77.227
-77.43
-77.474
-77.685
-77.528
-77.762
-77.577
-77.638
-77.541
-77.766
-77.777
-78.045
-78.516
-78.549
-78.399
-78.488
-78.429
-78.603
-78.654
-78.682
-78.51
-78.594
-78.551
-78.693
-78.527
-78.776
-78.812
-78.931
-78.683
-78.872
-78.849
-79.037
-79.168
-79.143
-79.204
-79.546
-79.524
-79.851
-79.724
-79.78
-79.672
-79.973
-79.942
-79.925
-79.858
-79.671
-79.665
-79.674
-79.868
-80.419
-80.269
-80.333
-80.306
-80.254
-80.334
-80.281
-80.187
-80.158
-80.317
-80.281
-80.498
-80.513
-80.316
-79.966
-79.963
-79.792
-79.609
-79.465
-79.472
-79.216
-79.083
-79.154
-79.43
-79.183
-79.202
-79.356
-79.32
-79.327
-79.237
-79.119
-78.978
-79.072
-78.981
-79.066
-79.506
-78.869
-78.212
-77.469
-76.836
-76.471
-76.031
-75.859
-75.837
-75.843
-75.707
-75.572
-75.628
-75.441
-75.39
-75.115
-75.066
-75.055
-74.768
-74.655
-74.506
-74.407
-74.463
-74.214
-74.209
-74.158
-74.056
-74.078
-74.344
-74.443
-74.543
-74.591
-74.199
-73.612
-73.174
-73.424
-73.83
-74.156
-74.378
-74.594
-74.675
-74.856
-75.126
-75.381
-75.438
-75.626
-75.747
-75.619
-75.738
-75.684
-75.876
-75.898
-76.102
-76.451
-76.42
-76.56
-76.54
-76.161
-75.674
-74.973
-74.924
-74.687
-74.396
-74.19
-73.987
-73.993
-74.129
-74.367
-74.272
-74.451
-74.609
-74.955
-74.982
-75.044
-74.883
-74.751
-74.964
-75.03
-74.827
-75.112
-75.264
-75.531
-75.707
-75.972
-76.127
-76.121
-76.388
-76.547
-76.775
-77.003
-77.014
-77.254
-77.531
-77.64
-77.665
-77.828
-77.743
-77.869
-77.727
-77.692
-78.023
-77.834
-77.694
-77.749
-77.898
-77.903
-77.887
-78.01
-77.94
-77.76
-77.775
-78.126
-78.129
-78.229
-78.191
-78.288
-78.208
-78.101
-78.099
-78.388
-78.35
-78.278
-78.764
-78.501
-78.415
-78.817
-79.022
-78.921
-79.014
-79.022
-79.124
-79.147
-79.282
-79.468
-79.387
-79.229
-79.264
-79.246
-79.169
-79.488
-79.483
-79.296
-79.067
-79.093
-79.298
-78.871
-78.573
-78.181
-78.219
-78.093
-78.016
-77.971
-77.768
-77.381
-77.805
-78.157
-78.194
-78.168
-77.98
-77.598
-77.63
-77.861
-77.661
-77.645
-77.629
-77.641
-77.798
-77.977
-77.982
-78.002
-78.212
-78.268
-78.306
-78.572
-78.634
-78.791
-78.737
-78.791
-78.796
-78.642
-78.673
-78.456
-78.438
-78.228
-78.37
-78.452
-78.436
-78.44
-78.669
-78.514
-78.583
-78.637
-78.762
-78.977
-79.054
-79.01
-79.288
-79.14
-78.89
-78.504
-78.407
-78.243
-78.375
-78.39
-78.487
-78.585
-78.584
-78.651
-78.796
-78.672
-78.701
-78.874
-78.874
-79.129
-79.048
-78.858
-78.838
-78.991
-79.144
-79.154
-79.27
-79.348
-79.403
-79.505
-79.48
-78.904
-78.969
-79.356
-79.347
-79.204
-79.49
-79.525
-79.459
-79.673
-79.741
-79.679
-79.963
-79.835
-79.854
-79.84
-79.974
-80.08
-80.029
-79.882
-79.899
-79.872
-80.156
-80.102
-80.012
-79.954
-80.198
-80.204
-80.012
-80.081
-80.084
-80.18
-80.103
-80.137
-80.013
-79.905
-79.956
-79.949
-79.874
-79.737
-79.747
-79.699
-79.743
-79.504
-79.543
-79.524
-79.318
-79.505
-79.868
-79.932
-79.709
-79.774
-79.918
-80.143
-79.796
-79.844
-79.811
-79.719
-79.986
-79.941
-79.864
-80.008
-80.051
-80.004
-80.116
-79.969
-80.054
-80.379
-80.609
-80.474
-80.155
-80.181
-80.004
-79.768
-79.983
-80.045
-80.007
-80.068
-79.915
-79.778
-79.944
-80.04
-80.176
-79.928
-79.814
-79.92
-80.033
-79.812
-79.755
-79.719
-80.01
-80.155
-80.057
-80.404
-80.419
-80.339
-80.247
-80.319
-80.422
-80.47
-80.606
-80.522
-80.57
-80.273
-80.186
-80.085
-79.998
-80.162
-79.991
-80.157
-80.469
-80.249
-80.212
-80.254
-80.129
-80.178
-80.527
-80.267
-80.165
-79.827
-79.718
-79.736
-79.606
-79.803
-80.015
-80.031
-80.344
-80.727
-80.765
-80.502
-80.489
-80.433
-80.205
-80.226
-80.397
-80.208
-80.193
-79.828
-79.965
-79.705
-79.789
-79.912
-80.003
-80.161
-80.172
-80.259
-80.015
-79.777
-79.879
-79.894
-79.805
-79.899
-79.863
-79.788
-79.956
-79.744
-79.991
-80.177
-80.331
-80.253
-80.271
-80.082
-80.291
-80.177
-80.132
-80.158
-80.056
-79.943
-79.869
-79.753
-79.769
-79.833
-79.719
-79.594
-79.635
-79.953
-79.805
-79.469
-79.5
-79.675
-79.863
-79.919
-79.982
-79.823
-79.918
-79.784
-79.779
-79.819
-79.722
-79.786
-79.564
-79.566
-79.422
-79.512
-79.71
-79.731
-79.49
-79.624
-79.818
-80.077
-80.124
-80.317
-80.47
-80.429
-80.533
-80.693
-80.678
-80.651
-80.755
-80.719
-80.606
-80.441
-80.481
-80.467
-80.629
-80.505
-80.361
-80.078
-79.791
-79.942
-79.873
-79.885
-79.874
-79.974
-80.028
-80.087
-80.211
-80.306
-80.548
-80.552
-80.459
-80.491
-80.667
-80.645
-80.237
-80.051
-80.133
-80.619
-80.633
-80.68
-80.572
-80.455
-80.468
-80.501
-80.635
-80.685
-80.7
-80.663
-80.499
-80.239
-80.373
-80.175
-80.108
-80.162
-79.679
-78.869
-78.073
-76.883
-75.695
-74.277
-72.948
-71.616
-70.578
-69.524
-68.524
-67.449
-66.399
-65.716
-65.031
-64.348
-64.203
-63.509
-63.153
-62.846
-62.537
-62.298
-62.19
-61.994
-61.921
-61.81
-61.688
-61.58
-61.725
-61.862
-62.101
-62.04
-62.081
-62.246
-62.32
-62.462
-62.404
-62.594
-62.731
-62.913
-62.964
-63.106
-63.137
-63.523
-63.604
-63.775
-64.17
-64.393
-64.823
-65.045
-65.146
-65.36
-65.757
-65.885
-66.173
-66.274
-66.529
-66.881
-67.072
-67.277
-67.426
-67.504
-67.927
-68.127
-68.299
-68.767
-68.913
-69.036
-69.215
-69.513
-69.536
-69.556
-69.521
-69.465
-69.334
-69.533
-69.783
-69.789
-70.261
-70.217
-70.371
-70.727
-70.951
-70.839
-71.035
-71.183
-71.305
-71.166
-71.125
-71.143
-71.163
-71.346
-71.468
-71.587
-71.909
-71.896
-72.043
-72.222
-72.224
-72.213
-72.249
-72.502
-72.591
-72.774
-72.816
-72.828
-73.119
-73.405
-73.433
-73.606
-73.477
-73.712
-73.497
-73.385
-73.258
-73.437
-73.688
-73.97
