-80.178
-80.099
-80.127
-80.28
-80.422
-80.471
-80.395
-80.246
-79.901
-80.061
-80.046
-80.05
-80.288
-80.213
-80.338
-80.573
-80.262
-79.98
-79.949
-79.873
-79.579
-79.733
-79.642
-79.708
-79.81
-79.968
-80.124
-80.286
-80.139
-80.162
-80.255
-80.034
-80.254
-80.262
-80.138
-80.053
-79.706
-80.047
-80.141
-80.185
-80.244
-80.195
-80.051
-80.147
-80.511
-80.419
-80.418
-80.532
-80.658
-80.726
-80.638
-80.258
-80.133
-80.306
-80.581
-80.729
-80.485
-80.344
-80.159
-80.324
-80.303
-80.419
-80.786
-80.311
-80.407
-80.226
-80.251
-80.11
-80.075
-80.159
-80.115
-80.148
-80.216
-80
-79.94
-80.131
-80.31
-80.341
-80.372
-80.283
-80.248
-80.135
-80.016
-80.107
-80.146
-79.895
-79.969
-80.094
-80.13
-79.997
-80.127
-80.164
-80.199
-80.323
-80.629
-80.853
-80.874
-80.611
-80.471
-80.415
-80.171
-80.441
-80.459
-80.531
-80.526
-80.66
-80.542
-80.7
-80.461
-80.469
-80.521
-80.572
-80.456
-80.337
-80.168
-80.315
-80.198
-80.171
-80.113
-80.204
-80.444
-80.459
-80.469
-80.556
-80.636
-80.76
-80.782
-80.519
-80.656
-80.641
-80.694
-80.549
-80.688
-80.951
-80.996
-80.882
-80.884
-81.281
-81.09
-81.066
-80.865
-80.798
-80.599
-80.471
-80.342
-80.333
-80.406
-80.379
-80.398
-80.384
-80.6
-80.46
-80.374
-80.378
-80.396
-80.284
-80.486
-80.609
-80.463
-80.213
-80.286
-80.122
-80.076
-80.347
-80.459
-80.377
-80.427
-80.364
-80.231
-80.265
-80.346
-80.284
-80.062
-80.096
-79.962
-79.959
-80.239
-80.236
-80.137
-80.018
-80.151
-79.988
-80.046
-80.151
-80.264
-80.454
-80.388
-80.222
-80.261
-80.271
-80.117
-80.114
-79.925
-80.16
-80.304
-80.476
-80.573
-80.484
-80.188
-80.365
-80.303
-80.358
-80.277
-80.346
-80.325
-80.356
-80.448
-80.193
-80.361
-80.34
-80.391
-80.52
-80.439
-80.461
-80.326
-80.337
-80.189
-80.21
-80.636
-80.587
-80.57
-80.547
-80.643
-80.64
-80.757
-80.689
-80.719
-80.825
-81.038
-80.943
-80.878
-80.951
-80.695
-80.666
-80.622
-80.89
-80.868
-80.721
-80.912
-80.761
-80.771
-80.934
-81.056
-81.147
-81.006
-81.019
-80.741
-80.722
-80.99
-80.93
-80.871
-80.846
-80.991
-80.949
-80.945
-80.75
-81.026
-81.051
-80.965
-81.223
-81.154
-81.534
-81.597
-81.331
-81.015
-81.254
-81.51
-81.55
-81.54
-81.558
-81.326
-81.054
-81.149
-81.057
-80.95
-81.108
-81.202
-81.222
-81.182
-81.419
-81.366
-81.479
-81.421
-80.958
-80.99
-80.879
-80.699
-80.387
-80.063
-79.909
-79.747
-79.062
-78.578
-78.12
-78.084
-77.875
-77.665
-77.57
-77.316
-77.03
-76.836
-76.361
-75.978
-75.493
-75.101
-74.627
-74.232
-74.177
-73.796
-73.766
-73.322
-73.049
-73.008
-73.005
-72.779
-72.583
-72.496
-72.39
-72.76
-72.539
-72.516
-72.595
-72.453
-72.438
-72.67
-72.35
-72.414
-72.701
-72.655
-72.811
-72.751
-72.823
-72.554
-72.838
-73.95
-74.926
-76.022
-76.984
-77.714
-78.374
-78.479
-78.654
-78.606
-78.728
-78.802
-78.902
-79.109
-79.099
-79.372
-79.307
-79.229
-79.323
-79.166
-79.409
-79.311
-79.526
-79.418
-79.371
-79.311
-79.565
-79.679
-79.547
-79.662
-79.756
-79.625
-79.794
-79.626
-79.69
-79.514
-79.465
-79.285
-79.225
-79.119
-79.113
-78.997
-79.039
-78.922
-78.881
-78.793
-78.746
-78.296
-78.505
-78.52
-78.466
-78.437
-78.643
-78.696
-78.897
-79.166
-79
-79.134
-79.278
-79.187
-79.104
-79.355
-79.19
-78.975
-79.138
-78.971
-79.031
-79.076
-79.05
-79.116
-79.394
-79.552
-79.501
-79.652
-79.33
-79.217
-79.122
-78.863
-78.388
-78.11
-78.135
-78.143
-77.265
-76.852
-76.417
-76.047
-75.907
-75.656
-75.688
-75.897
-76.03
-75.95
-76.28
-76.33
-76.623
-76.659
-76.652
-76.728
-76.773
-76.708
-76.682
-76.286
-75.741
-75.179
-74.356
-73.897
-73.712
-73.873
-74.115
-74.274
-74.515
-74.629
-74.771
-74.78
-74.963
-75.061
-75.062
-74.983
-75.349
-75.934
-76.056
-76.112
-76.397
-76.616
-76.713
-76.558
-76.457
-76.571
-76.785
-76.789
-76.948
-76.819
-76.885
-77.001
-77.171
-76.928
-77.156
-77.123
-77.234
-77.254
-77.369
-77.515
-77.636
-77.685
-77.596
-77.872
-78.054
-78.095
-78.048
-78.38
-78.237
-78.348
-78.369
-78.194
-77.741
-77.131
-77.091
-76.577
-76.615
-76.652
-76.867
-76.975
-76.983
-76.986
-77.103
-77.199
-77.23
-77.312
-77.502
-77.61
-77.48
-77.719
-77.605
-77.623
-77.861
-77.922
-78.268
-78.339
-78.331
-78.212
-78.261
-78.115
-78.04
-78.503
-78.227
-78.379
-78.282
-78.197
-78.422
-78.234
-78.049
-78.071
-78.051
-77.926
-77.931
-78.074
-77.921
-78.13
-78.265
-78.379
-78.225
-78.316
-78.197
-78.195
-78.134
-78.226
-78.301
-78.32
-78.455
-78.656
-78.574
-78.793
-78.631
-78.66
-78.757
-78.81
-79.042
-79.222
-79.349
-79.087
-79.211
-79.034
-79.134
-79.005
-79.007
-79.141
-79.258
-79.516
-79.564
-79.46
-79.721
-79.718
-79.522
-79.266
-79.34
-79.166
-78.912
-79.25
-78.9
-78.491
-77.878
-77.31
-76.853
-76.84
-76.504
-76.565
-76.659
-76.96
-76.98
-77.166
-77.169
-77.531
-77.45
-77.556
-77.471
-77.622
-77.849
-77.915
-77.936
-78.039
-78.201
-78.535
-78.574
-78.334
-78.445
-78.405
-78.284
-78.673
-78.717
-78.879
-78.726
-78.721
-78.672
-78.454
-78.541
-78.685
-78.682
-78.676
-78.543
-78.747
-78.825
-78.756
-78.685
-78.955
-79.157
-79.188
-79.118
-79.085
-79.361
-79.573
-79.128
-79.33
-79.441
-79.247
-79.234
-79.167
-79.309
-79.27
-79.326
-79.351
-79.14
-79.158
-79.213
-79.284
-79.742
-79.433
-79.59
-79.974
-79.806
-79.712
-79.652
-79.768
-79.634
-79.661
-79.778
-79.894
-79.79
-79.868
-79.954
-79.852
-79.72
-79.404
-79.329
-79.409
-79.571
-79.403
-79.324
-79.223
-79.223
-79.074
-79.376
-79.467
-79.324
-79.452
-79.576
-79.535
-79.648
-79.498
-79.367
-79.439
-79.444
-79.512
-79.463
-79.484
-79.53
-79.739
-79.994
-79.926
-79.732
-79.82
-79.992
-79.913
-79.93
-79.849
-79.916
-79.888
-79.67
-79.59
-79.663
-79.803
-79.796
-79.993
-80.189
-80.071
-79.79
-80.03
-80.042
-79.939
-79.732
-79.973
-79.881
-79.933
-79.82
-79.733
-79.89
-79.79
-80.022
-79.818
-79.836
-79.945
-79.892
-79.985
-79.907
-80.006
-80.163
-80.191
-80.187
-80.227
-80.041
-79.99
-80.146
-79.821
-79.777
-79.788
-79.881
-79.953
-80.083
-80.091
-79.891
-79.814
-79.942
-80.016
-79.959
-80.086
-79.922
-79.963
-79.703
-79.592
-79.943
-80.067
-79.85
-80.102
-79.979
-79.733
-79.513
-79.442
-79.574
-79.537
-79.576
-79.755
-79.497
-79.707
-79.875
-79.898
-80.101
-80.043
-80.001
-80.239
-80.221
-80.141
-79.971
-80.144
-80.079
-80.138
-80.175
-80.393
-80.437
-80.306
-80.086
-79.892
-79.716
-79.678
-79.949
-80.073
-80.169
-79.927
-79.967
-80.011
-79.886
-79.889
-79.766
-80.06
-79.981
-79.657
-79.917
-79.849
-80.077
-79.926
-80.011
-80.154
-79.993
-79.932
-80.162
-80.133
-80.156
-80.183
-80.11
-80.064
-80.131
-80.029
-80.145
-80.203
-80.05
-80.039
-79.822
-79.676
-79.854
-79.891
-80.214
-79.92
-79.811
-79.955
-79.864
-79.857
-79.918
-79.89
-79.918
-79.689
-79.563
-79.406
-79.501
-79.648
-79.523
-79.591
-79.53
-79.73
-79.624
-79.635
-79.657
-79.616
-79.57
-79.332
-79.366
-79.564
-79.625
-79.532
-79.382
-79.464
-79.304
-79.092
-79.276
-78.906
-79.107
-78.949
-79.191
-79.099
-79.248
-79.429
-79.752
-79.791
-79.984
-79.915
-79.753
-79.561
-80.017
-79.833
-79.642
-79.909
-80.056
-80.121
-80.183
-80.237
-80.167
-80.045
-79.884
-79.966
-79.821
-80.071
-80.233
-80.254
-80.342
-80.562
-80.645
-80.528
-80.746
-80.816
-80.803
-80.715
-80.545
-80.359
-80.209
-80.38
-80.319
-80.164
-80.038
-79.889
-79.861
-79.812
-79.774
-79.96
-79.985
-79.755
-79.547
-79.423
-79.362
-79.298
-79.484
-79.594
-79.741
-79.76
-79.666
-79.923
-80.102
-79.828
-79.81
-80.151
-80.449
-80.381
-80.518
-80.386
-80.507
-80.595
-80.51
-80.34
-80.585
-80.724
-80.683
-80.402
-80.539
-80.6
-80.53
-80.762
-80.702
-80.6
-80.528
-80.903
-80.622
-80.529
-80.672
-80.851
-80.951
-81.138
-81.063
-80.764
-80.665
-80.589
-80.628
-80.5
-80.39
-80.491
-80.368
-80.089
-80.075
-80.301
-80.151
-80.294
-80.697
-80.976
-81.181
-81.362
-81.409
-81.205
-81.377
-81.381
-81.185
-81.2
-81.27
-81.285
-81.395
-81.503
-81.7
-81.64
-81.48
-81.364
-81.347
-81.188
-81.318
-81.113
-81.068
-81.092
-80.624
-80.62
-80.793
-80.625
-80.566
-80.736
-80.731
-80.757
-80.737
-81.024
-80.858
-80.771
-80.819
-80.778
-80.699
-80.744
-80.698
-80.596
-80.908
-80.973
-81.118
-81.271
-81.249
-81.203
-81.145
-81.299
-81.235
-81.228
