-80.509
-80.746
-80.819
-80.805
-80.927
-80.919
-80.927
-81.165
-80.956
-80.872
-80.643
-80.802
-80.97
-80.982
-80.889
-80.814
-80.911
-81.116
-81.412
-81.567
-81.573
-81.924
-82.017
-82.289
-82.312
-82.287
-82.668
-82.654
-82.623
-82.795
-82.728
-82.383
-82.517
-82.42
-82.488
-82.54
-82.539
-82.793
-82.678
-82.836
-82.869
-82.946
-82.609
-82.568
-82.634
-82.694
-82.808
-82.886
-83.186
-83.052
-82.728
-82.469
-82.465
-82.266
-82.339
-82.203
-82.038
-82.214
-82.204
-82.257
-82.141
-82.021
-81.889
-81.726
-81.971
-82.137
-82.165
-82.07
-82.062
-82.096
-81.951
-81.628
-81.618
-81.589
-81.686
-81.725
-81.383
-81.244
-81.288
-81.067
-80.955
-81.213
-81.29
-81.214
-81.362
-81.386
-81.613
-81.357
-81.507
-81.408
-81.522
-81.474
-81.403
-81.707
-81.525
-81.525
-81.496
-81.754
-81.925
-82.167
-82.109
-82.148
-82.341
-82.515
-82.48
-82.218
-82.074
-81.945
-82.212
-82.018
-81.86
-81.67
-81.559
-81.789
-82.129
-82.29
-82.019
-81.964
-82.22
-82.381
-82.362
-82.556
-82.384
-82.532
-82.622
-82.516
-82.39
-82.383
-82.189
-82.282
-82.217
-82.402
-82.483
-82.498
-82.358
-82.465
-82.469
-82.49
-82.632
-82.553
-82.603
-82.762
-82.866
-82.797
-82.744
-82.282
-82.188
-81.949
-82.071
-82.165
-81.947
-81.671
-81.676
-81.84
-81.685
-81.763
-81.92
-82.01
-81.965
-81.89
-81.909
-81.777
-81.697
-82.079
-81.877
-81.82
-81.77
-81.742
-81.737
-81.91
-81.885
-81.814
-81.906
-81.594
-81.619
-81.723
-81.951
-82.101
-82.052
-82.029
-82.041
-81.882
-82.023
-81.896
-82.044
-82.119
-81.998
-82.055
-82.045
-82.248
-82.327
-82.467
-82.701
-82.934
-83.049
-83.035
-82.782
-82.824
-82.874
-82.984
-82.911
-82.835
-82.872
-82.937
-83.08
-82.792
-82.714
-82.683
-82.742
-82.565
-82.604
-82.609
-82.804
-82.885
-83.086
-83.175
-83.293
-83.44
-83.803
-83.846
-83.67
-83.669
-83.469
-83.243
-83.313
-83.103
-83.25
-83.191
-83.124
-83.41
-83.272
-83.348
-83.415
-83.424
-83.261
-83.13
-83.064
-82.942
-82.74
-82.919
-82.852
-82.933
-83.293
-83.329
-83.287
-83.268
-83.548
-83.331
-83.053
-83.35
-83.224
-83.327
-83.262
-83.255
-83.339
-83.464
-83.351
-83.219
-83.254
-82.936
-82.927
-82.969
-83.45
-83.644
-83.444
-83.473
-83.675
-83.683
-83.428
-83.241
-83.049
-82.829
-82.542
-82.255
-81.748
-81.12
-81.024
-80.862
-80.678
-80.525
-80.188
-79.792
-79.427
-79.278
-78.932
-78.891
-78.744
-78.677
-78.399
-78.251
-77.7
-77.389
-77.057
-77.078
-76.585
-76.578
-76.507
-76.52
-76.321
-76.252
-75.904
-76.058
-76.326
-76.201
-75.906
-75.638
-75.615
-75.724
-75.568
-75.313
-74.948
-75.149
-75.28
-75.364
-75.2
-75.251
-75.353
-75.315
-75.154
-75.428
-75.534
-75.241
-75.207
-75.22
-75.224
-75.098
-75.079
-75.2
-75.346
-75.674
-75.442
-75.259
-75.433
-75
-74.953
-74.999
-75.078
-75.113
-75.248
-75.367
-75.744
-75.936
-75.776
-75.998
-75.903
-75.994
-76.058
-75.995
-75.821
-75.897
-75.839
-75.507
-75.593
-75.706
-75.723
-75.942
-76.001
-76.076
-76.035
-75.933
-76.051
-76.176
-76.037
-75.736
-75.762
-75.82
-75.834
-75.828
-75.416
-75.312
-75.275
-75.142
-75.406
-75.422
-75.425
-75.142
-75.034
-74.972
-74.991
-74.966
-75.1
-75.259
-75.216
-75.106
-75.057
-74.789
-74.51
-73.991
-73.748
-73.308
-73.021
-72.696
-72.295
-72.297
-71.954
-71.487
-71.339
-71.353
-71.267
-70.685
-70.323
-69.777
-69.147
-68.527
-67.822
-66.98
-66.61
-66.34
-65.884
-65.393
-65.038
-64.875
-64.722
-64.34
-63.99
-63.981
-63.686
-63.118
-62.904
-62.626
-62.418
-62.304
-62.503
-62.121
-61.784
-61.498
-61.044
-60.815
-60.361
-59.93
-59.558
-59.158
-58.607
-58.029
-57.528
-57.244
-56.697
-56.391
-55.748
-55.27
-54.562
-54.266
-53.728
-52.608
-50.92
-48.929
-45
-45
-45
-45
-45
-45
-45
-45
-45
-45
-45
-45
-54.349
-66.095
-72.886
-76.351
-78.056
-78.65
-79.222
-79.425
-79.228
-79.362
-79.072
-79.121
-79.331
-79.217
-79.143
-79.065
-79.042
-78.955
-78.815
-78.79
-78.904
-79.011
-79.211
-79.26
-79.066
-79.212
-79.175
-79.275
-79.131
-79.239
-79.405
-79.289
-79.378
-79.475
-79.509
-79.402
-79.779
-79.847
-79.836
-79.83
-79.822
-79.768
-79.713
-79.894
-79.792
-79.739
-79.631
-79.738
-80.051
-80.101
-80.102
-79.83
-79.887
-79.573
-79.548
-79.576
-79.697
-79.481
-79.3
-79.233
-78.983
-78.965
-78.616
-78.671
-78.695
-78.465
-78.56
-78.64
-78.789
-79.027
-78.803
-78.498
-78.41
-78.164
-78.023
-78.187
-78.059
-78.181
-78.195
-78.245
-78.248
-78.202
-78.18
-78.518
-78.446
-78.622
-78.75
-78.874
-79.176
-79.251
-79.332
-79.378
-79.359
-79.288
-79.264
-79.309
-79.425
-79.298
-79.358
-79.207
-79.306
-79.44
-79.401
-79.582
-79.514
-79.687
-79.946
-79.886
-79.923
-79.638
-79.913
-79.746
-79.908
-79.831
-79.905
-79.823
-80.004
-79.874
-79.639
-79.755
-79.721
-79.769
-80.027
-80.145
-80.113
-79.84
-80.112
-80.311
-80.424
-80.438
-80.337
-80.342
-79.887
-80.06
-79.774
-79.923
-80.114
-80.147
-80.132
-79.845
-79.898
-80.304
-80.209
-80.151
-80.105
-79.985
-79.944
-79.798
-79.655
-79.613
-79.767
-79.943
-79.927
-79.91
-79.785
-79.868
-79.942
-80.131
-79.982
-79.833
-79.806
-79.864
-79.984
-80.021
-80.153
-80.077
-79.918
-79.822
-79.884
-80.076
-80.164
-80.237
-80.073
-80.114
-80.326
-80.372
-80.252
-80.235
-80.119
-80.208
-80.164
-80.266
-80.412
-80.417
-80.21
-79.914
-79.661
-80.042
-80.108
-79.862
-79.756
-79.608
-79.797
-79.842
-79.898
-80.226
-80.164
-80.003
-80.104
-80.039
-79.89
-80.141
-80.108
-80.029
-79.988
-79.906
-80.005
-79.865
-79.915
-79.905
-79.961
-79.865
-79.806
-79.908
-79.709
-79.773
-79.915
-80.125
-80.059
-79.961
-79.883
-79.963
-79.929
-79.892
-80.343
-80.183
-79.997
-80.033
-79.984
-79.932
-79.747
-79.846
-79.614
-79.66
-79.905
-79.962
-80.231
-80.293
-80.536
-80.443
-80.19
-80.371
-80.166
-79.969
-79.915
-79.986
-79.875
-80.003
-79.904
-80.002
-79.96
-79.732
-79.58
-79.699
-79.637
-79.633
-79.757
-79.86
-80.148
-80.033
-79.971
-79.971
-80.074
-80.197
-80.107
-80.364
-80.572
-80.181
-79.925
-79.987
-80.191
-80.145
-80.122
-79.959
-80.069
-79.963
-80.105
-79.967
-80.004
-79.715
-79.603
-79.819
-79.76
-79.782
-79.912
-79.905
-79.943
-80.024
-79.977
-80.197
-80.392
-80.335
-80.267
-80.171
-80.247
-80.366
-80.283
-80.238
-80.436
-80.247
-79.877
-79.674
-79.751
-79.926
-79.987
-79.961
-79.907
-79.735
-79.682
-79.705
-79.625
-79.781
-79.689
-80.04
-80.083
-79.908
-80.15
-79.898
-79.999
-80.167
-79.931
-80.083
-79.892
-79.882
-79.817
-79.403
-79.63
-79.975
-79.926
-79.726
-79.656
-79.598
-79.853
-79.862
-79.761
-79.601
-79.851
-79.789
-79.71
-79.778
-79.778
-79.62
-79.643
-79.837
-79.815
-79.736
-79.665
-79.779
-80.053
-80.119
-79.972
-80.13
-80.177
-80.368
-80.312
-80.049
-79.949
-79.941
-79.706
-79.756
-80.108
-80.055
-80.287
-80.091
-80.048
-80.034
-80.156
-80.287
-80.408
-80.375
-80.288
-80.497
-80.564
-80.359
-80.013
-80.071
-80.322
-80.323
-80.384
-80.392
-80.495
-80.317
-80.466
-80.579
-80.303
-80.099
-80.017
-79.887
-80.098
-79.946
-80.013
-80.147
-80.04
-79.802
-80.081
-80.042
-80.136
-80.316
-80.61
-80.498
-80.429
-80.612
-80.544
-80.667
-80.677
-80.378
-80.474
-80.455
-80.501
-80.613
-80.455
-80.349
-80.039
-80.122
-80.386
-80.438
-80.763
-80.899
-80.749
-80.561
-80.569
-80.853
-81.02
-80.893
-80.642
-80.542
-80.696
-80.719
-80.699
-80.765
-80.808
-80.684
-80.421
-80.493
-80.772
-80.893
-81.042
-81.405
-81.646
-81.527
-82.039
-82.16
-82.026
-81.921
-81.952
-82.055
-82.064
-82.143
-82.067
-81.893
-81.969
-81.979
-82.176
-82.111
-82.033
-81.939
-81.844
-81.82
-81.82
-81.88
-81.812
-81.629
-81.482
-81.535
-81.464
-81.673
-81.632
-81.661
-81.6
-81.65
-81.727
-81.607
-81.405
-81.344
-81.57
-81.645
-81.506
-81.506
-81.444
-81.333
-81.112
-81.156
-81.102
-81.125
-81.024
-80.854
-80.801
-80.972
-80.93
-80.798
-80.885
-80.82
-80.708
-80.798
-80.841
-80.695
-80.991
-81.098
-81.305
-81.095
-81.299
-81.426
-81.392
-81.369
-81.284
-81.252
-80.882
-80.56
-80.542
-80.661
-80.771
-81.015
-80.946
-81.188
-81.253
-81.24
-81.496
-81.659
-81.543
-81.618
-81.695
-81.785
-81.657
-81.88
-81.964
-81.806
-81.803
-81.686
-81.606
-81.618
-81.474
-81.811
-81.891
-81.907
-81.84
-81.868
-81.639
-81.641
-81.129
-80.945
-81.062
-80.983
-80.707
