-78.037
-77.612
-77.353
-76.94
-77.018
-76.673
-76.321
-75.969
-75.777
-75.623
-75.555
-75.302
-75.153
-75.057
-74.881
-75.106
-75.267
-75.124
-75.004
-75.209
-75.299
-75.321
-75.315
-75.251
-74.898
-74.789
-75.086
-74.887
-74.969
-74.877
-74.515
-74.187
-74.185
-74.349
-74.14
-74.034
-73.967
-73.878
-73.941
-73.907
-74.178
-74.184
-74.426
-74.691
-74.757
-74.885
-74.729
-74.735
-74.963
-75.17
-74.894
-74.802
-74.794
-74.848
-75.17
-75.25
-75.074
-75.198
-75.206
-75.109
-75.329
-75.369
-75.382
-75.668
-75.514
-75.594
-76.015
-76.112
-76.252
-76.285
-76.363
-76.524
-76.542
-76.555
-76.389
-76.422
-76.503
-76.717
-76.822
-76.604
-76.704
-76.78
-76.793
-76.812
-77.084
-77.134
-77.366
-77.429
-77.312
-77.693
-77.477
-77.459
-77.733
-77.555
-77.574
-77.473
-77.752
-77.924
-77.991
-78.064
-78.086
-78.128
-78.103
-78.132
-78.585
-78.45
-78.439
-78.634
-78.322
-78.437
-78.588
-78.755
-78.547
-78.683
-78.432
-78.169
-78.084
-78.125
-77.803
-77.926
-77.662
-77.783
-77.93
-78.022
-78.132
-78.261
-78.141
-78.313
-78.122
-78.372
-78.465
-78.633
-78.365
-78.397
-78.373
-78.176
-78.492
-78.339
-78.257
-78.13
-78.4
-78.602
-78.778
-79.093
-79.29
-79.37
-79.605
-79.824
-79.988
-80.11
-79.942
-80.29
-80.407
-80.561
-80.687
-80.484
-80.582
-80.811
-80.672
-80.277
-80.364
-80.697
-80.868
-80.936
-80.981
-80.992
-80.962
-80.806
-81.063
-81.252
-81.28
-81.358
-81.396
-81.27
-81.551
-81.417
-81.462
-81.309
-81.494
-81.533
-81.413
-81.628
-81.461
-81.331
-81.449
-81.343
-80.958
-81.195
-81.281
-81.435
-81.848
-81.886
-81.849
-81.736
-81.518
-81.713
-82.097
-82.181
-82.253
-82.531
-82.6
-82.664
-82.585
-82.61
-82.793
-82.812
-83.046
-83.481
-83.627
-83.609
-83.539
-83.496
-83.741
-83.822
-83.844
-83.916
-84.085
-84.148
-84.572
-84.428
-84.602
-84.608
-84.328
-84.303
-84.242
-84.69
-84.745
-84.713
-84.681
-84.46
-84.559
-84.555
-84.527
-84.443
-84.524
-84.41
-84.586
-84.733
-84.746
-84.595
-84.856
-85.042
-85.34
-85.503
-85.797
-85.78
-85.924
-86.106
-86.367
-86.343
-86.439
-86.59
-86.606
-86.566
-86.608
-86.534
-86.734
-86.828
-86.946
-86.92
-86.668
-86.577
-86.515
-86.658
-86.864
-87.014
-87.009
-87.026
-87.046
-87.141
-87.063
-86.621
-86.224
-85.572
-85.164
-84.635
-84.236
-83.93
-83.357
-82.845
-82.372
-81.998
-81.942
-81.664
-81.1
-81.033
-80.988
-80.947
-80.89
-80.537
-80.534
-80.651
-80.464
-80.425
-80.535
-80.21
-80.029
-79.963
-79.876
-79.604
-79.738
-79.407
-79.384
-79.406
-79.456
-79.438
-79.482
-79.385
-79.371
-79.266
-79.403
-79.355
-79.361
-79.591
-79.409
-79.461
-79.609
-79.75
-79.961
-79.772
-79.695
-79.206
-78.792
-78.341
-78.086
-78.024
-77.717
-77.626
-77.097
-76.519
-76.434
-76.42
-76.127
-75.846
-75.625
-75.637
-75.473
-75.436
-75.124
-75.101
-74.965
-75.003
-74.791
-74.805
-74.668
-74.344
-74.449
-74.294
-74.136
-74.244
-74.082
-74.185
-74.124
-73.751
-73.414
-73.329
-73.154
-73.053
-73.129
-73.23
-73.183
-72.811
-73.103
-72.967
-73.115
-73.045
-72.962
-73.304
-73.027
-72.799
-72.895
-73.364
-73.355
-73.276
-73.36
-73.353
-73.302
-73.039
-73.087
-72.902
-72.909
-72.972
-73.252
-73.096
-73.084
-73.017
-73.11
-72.959
-73.078
-73.156
-73.11
-73.177
-72.7
-72.28
-71.682
-71.392
-71.106
-70.406
-69.046
-67.285
-65.508
-63.597
-61.835
-60.236
-58.205
-56.421
-54.178
-51.666
-48.233
-45
-45
-45
-45
-45
-45
-45
-45
-45
-45
-45
-45
-45
-45
-46.048
-51.892
-56.789
-60.288
-62.367
-63.351
-64.081
-64.374
-64.089
-63.608
-63.292
-62.656
-62.398
-61.994
-61.38
-60.853
-59.929
-59.437
-58.717
-57.936
-56.782
-55.513
-54.143
-52.461
-50.747
-48.511
-45.118
-45
-45
-45
-45
-45
-45
-45
-45
-45
-45
-45
-45
-45
-47.408
-52.696
-56.961
-59.903
-61.844
-62.981
-63.578
-63.996
-64.122
-63.99
-63.756
-63.423
-63.202
-62.66
-62.4
-62.237
-61.647
-61.19
-60.676
-60.185
-59.79
-59.197
-58.878
-58.412
-57.757
-57.181
-56.738
-56.717
-55.863
-55.284
-54.819
-54.214
-53.346
-52.394
-50.957
-49.366
-46.836
-45
-45
-45
-45
-45
-45
-45
-45
-45
-45
-45
-45
-45
-45
-50.055
-54.995
-58.788
-61.358
-63.062
-63.917
-64.395
-64.559
-64.285
-64.144
-64.03
-63.48
-63.334
-62.645
-62.102
-61.668
-61.082
-60.685
-60.405
-60.113
-59.861
-59.322
-58.744
-58.35
-58.123
-57.692
-57.391
-56.97
-56.751
-56.374
-55.701
-55.49
-54.871
-54.277
-53.566
-52.695
-51.483
-50.461
-48.637
-45.715
-45
-45
-45
-45
-45
-45
-45
-45
-45
-45
-45
-45
-45
-48.339
-54.722
-59.846
-63.608
-66.119
-67.81
-68.855
-69.607
-70.059
-70.143
-70.258
-70.268
-70.245
-69.987
-69.85
-69.581
-69.271
-69.035
-68.851
-68.518
-68.217
-68.1
-67.866
-67.803
-67.597
-67.518
-67.395
-67.467
-67.742
-67.898
-67.911
-68.101
-68.285
-68.385
-68.459
-68.246
-68.463
-68.524
-68.342
-68.235
-68.255
-68.696
-68.754
-68.829
-68.861
-68.67
-68.408
-68.357
-67.954
-67.568
-67.543
-67.759
-67.718
-67.679
-67.549
-67.605
-67.709
-67.856
-67.948
-67.746
-67.981
-67.893
-67.879
-67.893
-68.447
-68.526
-68.598
-68.977
-69.202
-69.36
-69.302
-69.304
-69.095
-69.305
-69.397
-69.478
-69.586
-69.699
-69.808
-70.124
-70.234
-70.34
-70.815
-70.786
-70.696
-70.742
-71.079
-71.405
-71.218
-71.454
-71.293
-71.633
-71.628
-71.545
-71.918
-72.172
-72.226
-72.111
-72.208
-72.385
-72.865
-72.903
-72.764
-72.992
-72.986
-73.03
-73.006
-73.068
-73.436
-73.777
-73.956
-74.088
-74.321
-74.285
-74.302
-74.487
-74.767
-75.28
-75.172
-75.326
-75.316
-75.257
-75.344
-75.711
-75.804
-75.986
-76.079
-76.095
-76.245
-76.418
-76.661
-76.467
-76.563
-76.648
-76.912
-76.411
-76.488
-76.684
-76.871
-76.959
-76.862
-76.98
-76.553
-76.653
-76.661
-76.609
-76.496
-76.514
-76.81
-77.303
-77.554
-77.806
-77.989
-78.354
-78.416
-78.618
-78.557
-78.742
-78.845
-78.902
-79.058
-78.82
-79.031
-78.877
-78.807
-79.064
-79.171
-79.436
-79.595
-79.796
-79.791
-79.785
-79.638
-79.536
-79.692
-79.717
-79.666
-79.73
-79.981
-80.365
-80.548
-80.573
-80.795
-81.081
-81.153
-81.37
-81.674
-81.586
-81.679
-82.129
-82.229
-82.02
-82.237
-82.506
-82.466
-82.577
-82.761
-82.936
-83.24
-83.578
-83.244
-83.25
-83.321
-83.562
-83.589
-83.567
-83.753
-83.832
-83.879
-83.53
-83.533
-83.734
-83.729
-83.907
-83.864
-83.766
-83.849
-83.839
-84.002
-84.031
-84.13
-84.334
-84.611
-84.795
-84.931
-84.796
-85.179
-85.159
-85.155
-85.41
-85.526
-85.53
-85.459
-85.417
-85.536
-85.618
-85.868
-85.751
-85.875
-86.012
-85.839
-85.735
-85.933
-85.892
-86.086
-86.169
-86.17
-86.127
-86.289
-86.425
-86.552
-86.673
-86.839
-86.848
-86.898
-86.844
-87.043
-87.185
-87.609
-88.075
-87.961
-87.83
-87.758
-87.659
-87.742
-87.965
-88.02
-88.083
-87.699
-87.815
-87.922
-87.955
-88.009
-87.906
-88.012
-88.001
-87.925
-87.723
-87.757
-87.848
-87.794
-87.54
-87.516
-87.448
-87.609
-87.702
-87.719
-87.681
-87.625
-87.388
-87.44
-87.629
-87.699
-87.717
-87.488
-87.42
-87.447
-87.586
-87.393
-87.456
-87.464
-87.813
-88.104
-88.209
-88.69
-89.036
-88.852
-88.862
-88.99
-89.17
-89.29
-89.571
-89.924
-89.869
-90.014
-90.115
-90.366
-90.771
-90.395
-90.515
-90.857
-91.004
-91.298
-91.262
-91.005
-91.057
-90.863
-90.962
-91.054
-91.064
-91.089
-91.292
-91.302
-91.343
-91.291
-91.175
-91.104
-91.159
-91.364
-91.414
-91.452
-91.4
-91.453
-91.223
-91.406
-91.533
-91.612
-91.33
-91.464
-91.349
-91.338
-91.458
-91.389
-91.443
-91.317
-91.349
-91.439
-91.559
-91.696
-91.465
-91.486
-91.584
-91.95
-91.93
-92.132
-92.012
-91.67
-91.583
-91.669
-91.552
-91.417
-91.495
-91.289
-91.085
-91.152
-91.016
-90.497
-90.16
-89.919
-89.507
-89.294
-88.799
-88.348
-88.224
-87.889
-87.333
-86.87
-87.049
-86.869
-86.381
-86.23
-86.043
-85.834
-85.701
-86.122
-86.008
-85.828
-85.721
-85.771
-85.61
-85.283
-85.201
-84.93
-84.879
-84.567
-84.54
-84.63
-84.367
-84.277
-84.28
-84.072
-84.164
-84.054
-83.973
-83.944
-83.609
-83.68
-83.589
-83.416
-83.621
-83.489
-83.368
-83.309
-83.315
-83.695
-83.427
-83.445
-83.452
-83.721
-83.681
-83.535
-83.353
-83.538
-83.577
