-96.067
-95.977
-96.145
-95.995
-95.805
-95.484
-95.348
-95.35
-95.312
-95.58
-95.284
-95.105
-95.004
-94.73
-94.762
-94.625
-94.353
-94.251
-94.123
-94.317
-94.403
-94.232
-93.93
-93.821
-93.721
-93.669
-93.432
-93.254
-93.182
-93.268
-93.096
-93.316
-93.412
-93.593
-93.43
-93.191
-93.186
-93.14
-93.324
-93.746
-93.705
-93.803
-93.696
-93.745
-93.878
-93.808
-93.947
-93.988
-93.884
-93.854
-93.585
-93.503
-93.5
-93.234
-93.707
-93.893
-93.815
-94.042
-94.161
-94.231
-94.386
-94.286
-94.293
-94.206
-94.508
-94.369
-94.366
-94.534
-94.597
-94.512
-94.551
-94.772
-94.938
-94.787
-94.645
-94.571
-94.373
-94.353
-94.261
-94.483
-94.298
-93.83
-93.927
-94.11
-93.977
-93.896
-94.045
-94.102
-94
-93.941
-93.746
-93.729
-93.996
-94.021
-94.211
-94.513
-94.552
-94.578
-94.422
-94.37
-94.556
-94.862
-94.845
-94.773
-94.98
-94.945
-94.872
-94.77
-94.658
-94.803
-94.778
-94.537
-94.73
-94.607
-94.792
-94.511
-94.694
-94.657
-95.05
-94.883
-94.764
-95.012
-94.696
-94.337
-94.72
-94.549
-94.631
-94.563
-94.401
-94.242
-94.07
-94.068
-94.332
-94.623
-94.531
-94.932
-95.05
-95.161
-95.084
-95.164
-95.192
-95.081
-95.106
-94.94
-94.884
-94.891
-94.778
-94.704
-94.71
-94.752
-94.716
-94.723
-94.903
-95.008
-94.993
-95.164
-95.095
-94.956
-94.881
-94.874
-94.779
-94.889
-94.955
-95.057
-94.874
-94.859
-94.917
-94.741
-94.621
-94.835
-95.136
-94.71
-94.706
-94.8
-94.9
-94.813
-94.776
-94.713
-94.711
-94.542
-94.623
-94.703
-94.415
-94.394
-94.523
-94.38
-94.468
-94.45
-94.727
-94.604
-94.466
-94.528
-94.61
-94.776
-94.51
-94.366
-94.56
-94.662
-94.377
-94.357
-94.221
-94.43
-94.741
-94.691
-94.759
-94.441
-94.452
-94.621
-94.565
-94.442
-94.579
-94.528
-94.38
-94.388
-94.155
-94.073
-94.068
-93.937
-94.254
-94.123
-93.881
-93.766
-93.873
-94.022
-93.726
-93.835
-93.717
-94.214
-94.111
-94.227
-94.278
-94.184
-94.17
-94.29
-94.121
-93.987
-93.987
-93.743
-93.861
-93.948
-94.252
-94.502
-94.381
-94.608
-94.575
-94.869
-95.044
-95.138
-95.28
-95.504
-95.497
-95.679
-95.804
-95.861
-95.776
-95.747
-95.429
-95.372
-95.452
-95.472
-95.606
-95.74
-95.905
-96.081
-96.291
-96.202
-96.029
-96.09
-95.66
-95.378
-95.718
-95.851
-95.68
-95.577
-95.361
-95.287
-94.994
-95.069
-95.002
-94.869
-94.663
-94.607
-94.529
-94.653
-94.614
-94.335
-94.562
-94.673
-94.756
-94.805
-94.947
-95.11
-94.91
-94.634
-94.765
-94.959
-94.86
-94.778
-94.6
-94.571
-94.328
-93.818
-93.467
-92.929
-92.383
-91.898
-91.488
-91.143
-90.749
-90.388
-89.958
-89.507
-88.973
-88.785
-88.655
-88.282
-88.106
-87.693
-87.375
-87.026
-86.839
-86.808
-86.616
-86.751
-86.673
-86.554
-86.204
-86.121
-86.026
-85.868
-85.982
-85.781
-85.615
-85.419
-85.227
-85.152
-85.517
-85.417
-85.293
-85.078
-85.159
-85.191
-85.067
-84.912
-84.944
-84.591
-84.308
-84.221
-84.161
-83.958
-84.183
-84.15
-84.124
-83.974
-84.255
-84.431
-84.659
-84.586
-84.633
-84.657
-84.654
-84.822
-84.465
-84.365
-84.412
-84.518
-84.44
-84.651
-84.623
-84.383
-84.377
-84.385
-84.035
-83.68
-83.254
-82.953
-82.324
-82.245
-81.821
-81.872
-81.352
-80.782
-80.654
-80.533
-80.388
-80.245
-80.236
-79.942
-79.811
-79.701
-79.611
-79.459
-79.162
-79.122
-79.136
-79.112
-78.949
-78.66
-78.517
-78.284
-77.821
-77.629
-77.719
-77.642
-77.628
-77.338
-77.269
-77.122
-76.979
-77.127
-76.921
-76.942
-77.194
-76.731
-76.736
-76.268
-75.728
-75.226
-74.951
-74.773
-74.254
-73.814
-73.21
-72.414
-71.549
-70.265
-69.048
-67.614
-65.8
-64.467
-63.174
-61.847
-60.043
-58.121
-56.029
-53.806
-51.314
-47.967
-45
-45
-45
-45
-45
-45
-45
-45
-45
-45
-45
-48.024
-58.703
-66.117
-69.952
-71.857
-72.706
-72.884
-73.172
-73.338
-73.267
-73.102
-73.114
-73.031
-72.991
-72.916
-72.679
-72.749
-72.705
-72.888
-73.008
-73.274
-73.466
-73.695
-74.161
-74.059
-74.169
-74.504
-74.428
-74.555
-74.982
-75.141
-75.154
-75.311
-75.209
-75.022
-75.307
-75.377
-75.361
-75.504
-75.677
-75.461
-75.072
-74.948
-74.632
-74.709
-74.576
-74.62
-74.232
-74.485
-74.81
-75.171
-75.344
-75.442
-75.462
-75.43
-75.542
-75.701
-75.891
-75.855
-76.032
-75.919
-75.604
-75.607
-75.473
-75.422
-75.365
-75.264
-75.208
-75.289
-75.355
-75.449
-75.456
-75.713
-75.831
-75.845
-76.12
-76.56
-76.922
-77.105
-77.334
-77.667
-77.659
-77.816
-77.608
-77.391
-77.391
-77.637
-77.483
-77.714
-77.81
-77.685
-77.58
-77.831
-77.892
-77.852
-78.056
-77.872
-77.912
-77.708
-77.847
-77.682
-77.642
-77.508
-77.472
-77.579
-77.797
-77.755
-77.941
-77.98
-77.953
-78.271
-78.232
-78.167
-78.194
-78.418
-78.49
-78.433
-78.409
-78.705
-78.538
-78.542
-78.464
-78.37
-78.46
-78.429
-78.206
-78.203
-77.991
-77.944
-77.926
-78.302
-78.337
-78.571
-78.636
-78.53
-78.617
-78.825
-78.934
-79.067
-78.984
-79.144
-79.147
-79.255
-79.316
-79.621
-79.573
-79.428
-79.426
-79.582
-79.571
-79.591
-79.335
-79.59
-79.777
-79.62
-79.663
-79.677
-79.904
-79.842
-79.856
-79.609
-79.526
-79.575
-79.72
-79.494
-79.627
-79.849
-80.128
-79.998
-79.913
-79.392
-79.388
-78.974
-79.138
-78.992
-78.891
-78.996
-78.881
-79.042
-79.04
-79.3
-79.087
-79.098
-79.067
-79.19
-79.068
-79.094
-79.257
-78.922
-79.364
-79.412
-79.542
-79.451
-79.269
-79.426
-79.317
-79.354
-79.418
-79.443
-79.643
-79.514
-79.56
-79.734
-79.908
-79.64
-79.645
-79.973
-79.927
-79.775
-79.821
-79.728
-79.669
-79.758
-79.503
-79.551
-79.742
-79.669
-79.835
-79.656
-79.783
-79.873
-79.793
-79.733
-80.018
-80.035
-80.018
-79.876
-79.938
-80.03
-79.893
-79.91
-79.976
-80.005
-80.071
-80.116
-80.078
-79.926
-79.979
-79.915
-80.04
-79.988
-80.011
-79.962
-79.695
-79.68
-79.765
-79.592
-80.074
-80.305
-80.214
-80.047
-79.915
-80.101
-80.171
-79.867
-79.734
-80.135
-79.858
-80.155
-80.128
-80.108
-80.046
-79.859
-80.051
-80.314
-80.256
-80.068
-80.089
-80.237
-80.334
-80.569
-80.539
-80.559
-80.508
-80.444
-80.384
-80.564
-80.598
-80.707
-80.821
-80.717
-80.426
-80.27
-80.416
-80.315
-80.225
-80.577
-80.465
-80.446
-80.183
-79.909
-79.719
-79.578
-79.818
-79.961
-79.877
-80.27
-80.455
-80.39
-80.228
-80.131
-80.018
-80.053
-80.178
-80.08
-80.285
-80.449
-80.493
-80.753
-80.702
-80.725
-80.587
-80.494
-80.389
-80.257
-80.524
-80.38
-80.583
-80.483
-80.313
-80.147
-80.152
-79.998
-79.94
-80.074
-80.161
-79.965
-79.727
-79.635
-79.728
-79.894
-80.138
-80.316
-80.462
-80.475
-80.539
-80.559
-80.624
-80.673
-80.504
-80.482
-80.778
-80.546
-80.751
-80.729
-80.322
-80.251
-80.083
-80.166
-80.083
-79.908
-79.929
-79.88
-80.272
-80.277
-80.41
-80.123
-80.309
-80.123
-80.206
-80.294
-80.171
-80.18
-80.309
-80.391
-80.555
-80.725
-80.77
-80.754
-80.797
-80.774
-80.647
-80.615
-80.687
-80.591
-80.489
-80.532
-80.381
-80.383
-80.358
-80.187
-80.007
-80.351
-80.331
-80.231
-80.255
-80.281
-80.163
-80.233
-79.967
-80.056
-80.446
-80.375
-80.221
-79.972
-80.38
-80.311
-80.147
-80.318
-80.091
-80.413
-80.505
-80.683
-80.399
-80.122
-79.924
-79.842
-79.755
-79.913
-79.837
-79.776
-79.539
-79.25
-79.303
-79.359
-79.147
-79.359
-79.37
-79.362
-79.487
-79.922
-80.143
-79.941
-79.909
-79.744
-79.857
-80.025
-79.795
-79.858
-79.978
-80.093
-80.214
-80.233
-80.049
-80.087
-79.94
-80.302
-80.087
-79.978
-79.872
-79.966
-80.28
-79.989
-80.153
-80.417
-80.731
-80.686
-80.487
-80.566
-80.569
-80.47
-80.646
-80.499
-80.447
-80.431
-80.249
-80.501
-80.423
-80.33
-80.598
-80.64
-80.754
-80.753
-80.958
-80.872
-80.702
-80.593
-80.567
-80.58
-80.475
-80.768
-81.031
-80.969
-81.092
-80.953
-81.078
-80.891
-80.757
-80.735
-80.664
-80.879
-80.991
-81.245
-81.297
-81.21
-81.393
-81.503
-81.594
-81.345
-81.151
-81.102
-81.142
-80.829
-80.496
-80.128
-79.636
-79.38
-78.89
-78.255
-78.103
-77.777
-77.48
-77.437
-77.497
-77.502
-77.217
-76.88
-76.78
-76.392
-76.318
-76.093
-75.88
-75.954
-75.797
-75.802
-75.865
-75.817
-75.827
-75.683
-75.793
-75.916
-75.825
-75.678
-75.562
-75.311
-75.335
-75.305
-75.142
-74.871
-74.898
-75.109
-74.806
-74.796
-74.689
-74.595
-74.887
-75.203
-74.922
-75.212
-75.209
-75.391
-75.38
-75.334
-75.551
-75.556
-75.846
-75.979
-75.916
-75.871
-75.822
-75.931
-75.815
