-74.342
-74.297
-74.266
-74.234
-74.075
-73.97
-73.76
-73.616
-73.426
-73.338
-73.245
-73.238
-73.003
-72.949
-72.757
-72.684
-72.431
-72.331
-72.466
-72.575
-72.525
-72.46
-72.372
-72.543
-72.861
-73.013
-73.181
-73.174
-72.967
-73.021
-72.975
-72.98
-72.849
-72.943
-72.667
-72.472
-72.23
-72.192
-71.895
-71.782
-71.756
-71.905
-72.038
-72.008
-72.229
-72.264
-72.221
-72.192
-72.352
-72.343
-72.385
-72.257
-71.93
-71.703
-72.06
-72.387
-72.315
-72.183
-72.381
-72.545
-72.619
-72.747
-72.633
-72.908
-72.974
-72.846
-72.828
-72.883
-72.933
-73.062
-73.052
-73.153
-73.141
-73.33
-73.368
-73.21
-73.37
-73.419
-73.373
-73.497
-73.588
-73.392
-73.444
-73.254
-73.184
-73.362
-73.529
-73.197
-73.455
-73.499
-73.551
-74.078
-74.347
-74.381
-74.269
-74.285
-74.154
-74.008
-74.003
-73.953
-74.038
-73.967
-74.093
-74.222
-74.518
-74.461
-74.302
-74.337
-74.201
-74.171
-74.306
-74.42
-74.491
-74.49
-74.366
-74.489
-74.681
-74.662
-74.83
-74.905
-74.993
-75.188
-75.141
-75.357
-75.235
-75.284
-75.168
-75.17
-75.235
-75.309
-75.381
-75.601
-75.519
-75.779
-75.924
-76.23
-76.581
-76.59
-76.331
-76.418
-76.264
-76.601
-76.632
-76.342
-76.488
-76.387
-76.628
-76.19
-76.263
-76.203
-76.21
-76.15
-76.372
-76.437
-76.491
-76.44
-76.421
-76.31
-76.266
-76.656
-76.835
-76.912
-76.755
-76.766
-76.629
-76.532
-76.358
-76.427
-76.205
-76.486
-76.442
-76.398
-76.354
-76.194
-76.58
-76.459
-76.293
-76.484
-76.845
-76.995
-76.9
-76.717
-76.907
-76.895
-76.979
-77.004
-77.05
-77.07
-77.173
-76.973
-77.298
-77.13
-77.045
-77.363
-77.499
-77.518
-77.351
-77.41
-77.602
-77.434
-77.486
-77.272
-77.058
-77.084
-76.595
-76.852
-77.092
-77.123
-77.167
-77.074
-77.144
-77.255
-77.308
-77.162
-77.345
-77.267
-77.202
-77.234
-77.283
-77.161
-77.002
-77.253
-77.321
-77.23
-77.272
-77.588
-78.015
-77.872
-78.054
-77.85
-77.86
-77.685
-77.737
-77.938
-77.995
-77.894
-77.769
-77.597
-77.543
-77.61
-77.629
-77.793
-77.727
-77.58
-77.708
-77.674
-77.429
-77.486
-77.191
-77.062
-77.031
-77.012
-77.037
-77.288
-77.33
-77.395
-77.4
-77.141
-77.134
-77.409
-77.443
-77.403
-77.633
-77.645
-77.568
-77.749
-77.763
-77.863
-77.922
-77.971
-78.007
-78.122
-78.13
-77.969
-78.133
-78.381
-78.682
-78.813
-78.709
-78.482
-78.054
-77.799
-77.53
-77.774
-77.508
-77.18
-77.331
-77.263
-77.356
-77.636
-77.752
-77.86
-77.953
-78.047
-77.936
-77.946
-78.115
-78.198
-78.306
-78.11
-77.869
-77.689
-77.176
-77.082
-76.687
-76.212
-75.705
-75.423
-75.195
-74.802
-74.557
-74.3
-74.151
-73.677
-73.418
-73.158
-72.752
-72.681
-72.615
-72.277
-71.984
-71.766
-71.765
-71.817
-71.689
-71.44
-71.49
-71.411
-71.125
-70.932
-71.096
-71.195
-71.264
-71.143
-71.073
-71.093
-71.28
-71.298
-71.055
-71.163
-71.051
-70.561
-70.4
-70.312
-70.167
-70.288
-70.649
-70.695
-71.035
-71.198
-71.316
-71.377
-71.288
-71.152
-71.253
-71.031
-71.118
-71.039
-71.2
-71.165
-71.142
-71.163
-71.524
-71.463
-71.37
-71.433
-71.549
-71.447
-71.213
-71.192
-71.372
-71.499
-71.243
-71.142
-70.709
-70.415
-70.272
-70.074
-69.291
-68.799
-68.62
-68.146
-68.161
-68.126
-67.69
-67.335
-67.156
-66.869
-67.056
-66.96
-66.907
-66.48
-66.171
-65.979
-65.709
-65.471
-65.384
-65.157
-64.815
-64.497
-64.25
-64.208
-64.247
-64.233
-64.352
-64.256
-64.034
-63.967
-63.851
-63.781
-63.665
-63.755
-63.951
-63.937
-63.543
-63.453
-63.337
-63.193
-63.076
-62.618
-62.187
-61.696
-60.807
-60.113
-59.635
-59.326
-58.799
-58.501
-57.859
-57.246
-56.753
-56.031
-55.394
-54.909
-56.963
-61.191
-65.578
-69.22
-71.934
-73.942
-75.311
-76.092
-76.741
-77.343
-77.75
-78.044
-77.981
-78.138
-78.147
-77.828
-77.643
-77.611
-77.642
-77.706
-77.832
-77.688
-77.62
-77.541
-77.191
-77.088
-77.238
-77.296
-77.47
-77.381
-77.683
-77.792
-77.432
-77.473
-77.486
-77.598
-77.822
-78.048
-78.129
-78.087
-77.913
-77.984
-78.186
-78.329
-78.365
-78.22
-78.142
-78.316
-78.382
-78.663
-78.906
-78.813
-78.573
-78.532
-78.558
-78.722
-78.855
-78.691
-78.531
-78.113
-78.161
-78.189
-78.191
-78.454
-78.499
-78.612
-78.526
-78.51
-78.663
-78.726
-78.752
-79.075
-78.976
-79.134
-79.294
-79.202
-79.077
-79.28
-79.11
-79.274
-79.402
-79.369
-79.414
-79.493
-79.838
-79.91
-80.019
-79.79
-79.794
-79.651
-79.613
-79.494
-79.381
-79.443
-79.45
-79.473
-79.635
-79.724
-79.367
-79.027
-79.115
-78.921
-78.595
-78.353
-78.15
-78.481
-78.336
-78.501
-78.346
-78.161
-78.338
-78.52
-78.606
-78.746
-78.6
-78.528
-78.528
-78.491
-78.657
-78.636
-78.401
-78.505
-78.588
-78.552
-78.666
-78.641
-78.541
-78.845
-78.836
-78.764
-78.842
-78.935
-78.998
-79.259
-79.326
-79.242
-79.557
-79.571
-79.548
-79.78
-79.54
-79.105
-78.818
-78.745
-78.578
-78.445
-78.146
-78.346
-78.305
-78.256
-78.139
-78.212
-78.502
-78.565
-78.642
-78.657
-78.804
-78.697
-78.654
-78.595
-78.781
-78.805
-78.918
-79.079
-79.289
-79.389
-79.348
-79.521
-79.489
-79.606
-79.743
-79.452
-79.76
-79.849
-79.917
-79.757
-79.715
-79.844
-79.699
-79.654
-79.536
-79.378
-79.687
-79.648
-79.81
-79.751
-79.712
-79.644
-79.522
-79.521
-79.627
-79.345
-79.351
-79.561
-79.685
-79.729
-79.757
-79.949
-79.981
-80.215
-80.139
-80.073
-80.099
-80.227
-79.922
-79.768
-79.572
-79.422
-79.709
-79.7
-79.989
-80.236
-80.249
-80.018
-79.883
-79.846
-79.772
-79.902
-79.705
-79.843
-79.665
-79.676
-79.627
-79.505
-79.69
-79.786
-79.953
-79.835
-79.9
-79.76
-79.905
-79.589
-79.61
-79.68
-79.59
-79.746
-79.778
-79.857
-79.976
-79.89
-79.982
-79.789
-79.797
-79.865
-79.793
-79.88
-79.767
-79.8
-79.915
-80.045
-80.063
-80.009
-80.109
-80.146
-80.34
-80.211
-80.275
-80.383
-80.236
-80.206
-80.346
-80.353
-80.315
-80.718
-80.498
-80.463
-80.552
-80.632
-80.29
-80.059
-80.13
-79.985
-80.103
-80.289
-80.262
-80.209
-80.378
-80.271
-80.028
-79.9
-79.912
-80.025
-80.013
-79.824
-80.145
-79.909
-79.859
-79.903
-79.924
-79.683
-79.752
-79.831
-79.863
-79.768
-79.733
-79.541
-79.429
-79.391
-79.514
-79.412
-79.306
-79.344
-79.534
-79.29
-79.118
-78.994
-78.937
-79.38
-79.609
-79.774
-79.751
-79.796
-79.907
-79.88
-79.756
-79.635
-79.681
-79.723
-79.765
-79.556
-79.521
-79.633
-79.584
-79.206
-79.39
-79.402
-79.595
-79.368
-79.751
-79.847
-79.786
-79.76
-79.967
-80.274
-80.155
-80.146
-80.386
-80.376
-80.381
-80.191
-80.068
-79.832
-79.73
-79.629
-79.884
-80.098
-79.87
-79.818
-79.782
-79.846
-79.688
-79.8
-79.636
-79.617
-79.691
-79.446
-79.701
-80.062
-79.856
-79.791
-80.056
-80.221
-80.153
-79.92
-80.187
-80.026
-80.094
-80.3
-79.967
-79.895
-80.169
-79.978
-79.9
-79.77
-79.598
-79.631
-80.015
-79.842
-79.612
-79.301
-79.343
-79.434
-79.694
-79.54
-79.521
-79.633
-79.68
-79.637
-79.196
-79.442
-79.636
-79.281
-79.51
-79.374
-79.501
-79.565
-79.906
-79.721
-79.879
-79.803
-79.898
-79.816
-80.057
-80.147
-80.213
-80.05
-80.003
-79.846
-79.785
-79.772
-79.869
-79.856
-80.092
-80.006
-79.755
-79.497
-79.573
-79.784
-80.005
-80.142
-80.128
-80.172
-79.757
-80.014
-79.89
-79.649
-79.591
-79.209
-79.471
-79.547
-79.842
-79.816
-79.806
-79.403
-79.38
-79.517
-79.336
-79.482
-79.586
-79.541
-79.638
-79.823
-79.947
-80.12
-80.352
-80.202
-80.082
-79.954
-79.993
-79.769
-80.003
-79.916
-79.866
-79.962
-79.83
-79.938
-80.109
-79.77
-80.101
-80.095
-80.183
-80.271
-80.642
-80.804
-80.568
-80.461
-80.507
-80.415
-80.534
-80.531
-80.426
-80.212
-80.122
-80.101
-80.026
-79.87
-79.785
-79.731
-79.715
-79.46
-79.414
-79.27
-79.223
-79.268
-79.435
-79.818
-79.509
-79.231
-79.287
-78.995
-79.039
-79.05
-79.112
-78.996
-79.093
-79.134
-79.097
-79.096
-79.035
-78.987
-78.782
-78.983
-78.918
-78.999
-79.079
-79.265
-79.143
-78.912
-79.093
-78.846
-78.516
-78.668
-78.575
-78.208
-78.3
-78.537
-78.572
-78.28
-78.395
-78.243
-78.39
-78.389
-78.507
-78.413
-78.596
-78.464
-78.488
-78.617
-78.379
-78.441
-78.374
-78.608
-78.493
-78.469
-78.312
-78.498
-78.429
-78.284
-78.491
-78.469
-78.596
-78.652
-78.569
-78.484
-78.84
-78.861
-79.046
-79.019
-79.192
-79.187
-78.888
-79.011
-79.058
-79.164
-79.388
-79.155
-79.384
-79.555
-79.541
-79.758
-79.687
-79.545
-79.513
-79.801
-79.783
-79.707
-79.814
