-95.923
-95.828
-95.818
-96.022
-96.07
-96.178
-96.343
-96.628
-96.764
-96.682
-96.782
-96.919
-96.963
-97.047
-96.951
-97.113
-97.051
-97.015
-97.013
-96.914
-96.828
-96.846
-97.07
-96.883
-96.898
-96.717
-96.674
-96.605
-96.505
-96.88
-96.982
-96.717
-96.665
-96.628
-96.505
-96.256
-96.159
-95.986
-96.064
-96.128
-96.279
-96.109
-96.055
-95.828
-95.771
-95.406
-95.35
-95.481
-95.407
-95.274
-95.071
-94.973
-94.956
-95.09
-95.15
-95.135
-95.272
-95.321
-95.182
-95.337
-95.404
-95.362
-95.509
-95.486
-95.545
-95.636
-95.588
-95.606
-95.468
-95.413
-95.464
-95.674
-95.85
-95.599
-95.409
-95.076
-95.093
-94.943
-94.732
-94.901
-94.992
-95.069
-95.007
-94.995
-95
-95.03
-95.202
-94.856
-94.583
-94.7
-94.809
-94.923
-94.886
-95.061
-95.236
-95.434
-95.294
-95.171
-95.292
-95.268
-95.231
-95.32
-94.991
-95.008
-95.053
-94.957
-94.856
-94.809
-94.924
-94.825
-94.625
-94.557
-94.618
-94.747
-94.848
-94.673
-94.769
-94.825
-94.813
-94.771
-94.766
-94.794
-94.837
-95.011
-95.386
-95.66
-95.979
-95.855
-95.671
-95.166
-95.057
-95.082
-95.22
-94.9
-95.107
-95.271
-95.752
-95.944
-95.592
-95.582
-95.376
-95.404
-95.39
-95.719
-95.886
-95.702
-95.706
-95.767
-95.946
-95.698
-95.388
-95.513
-95.663
-96.142
-96.15
-95.961
-96.029
-96.199
-96.415
-96.526
-96.439
-96.414
-96.729
-97.013
-97.142
-97.34
-97.534
-97.438
-97.756
-97.478
-97.478
-97.252
-97.1
-97.054
-96.982
-97.027
-96.922
-97.043
-97.013
-97.036
-97.005
-97.033
-96.938
-96.912
-96.982
-96.753
-96.244
-96.224
-96.355
-96.237
-96.289
-96.168
-96.283
-96.524
-96.334
-96.614
-96.621
-96.858
-96.68
-96.444
-96.371
-96.198
-96.172
-96.166
-96.178
-96.147
-96.199
-96.194
-96.423
-96.371
-96.557
-96.769
-96.593
-96.687
-96.478
-96.721
-96.886
-96.969
-96.988
-97.085
-97.367
-97.496
-97.361
-97.572
-97.748
-97.774
-97.802
-97.72
-97.968
-97.815
-97.69
-97.79
-97.874
-98.05
-97.828
-97.905
-97.835
-97.612
-97.573
-97.848
-97.574
-97.677
-97.839
-97.906
-97.908
-98.02
-98.263
-98.057
-98.214
-98.34
-98.338
-97.979
-97.962
-98.039
-98.188
-98.261
-98.122
-98.397
-98.41
-98.363
-98.7
-98.887
-98.956
-98.723
-98.719
-98.598
-98.632
-98.588
-98.78
-98.601
-98.627
-98.545
-98.558
-98.331
-98.389
-98.513
-98.478
-98.425
-98.461
-98.281
-98.481
-98.25
-98.158
-97.884
-97.722
-97.429
-97.217
-96.532
-95.789
-94.788
-93.796
-92.633
-92.077
-90.908
-90.079
-89.449
-89.04
-88.355
-87.661
-86.92
-86.169
-85.115
-84.541
-83.93
-83.673
-83.05
-82.874
-82.778
-82.152
-82.124
-81.852
-81.709
-81.161
-80.971
-80.567
-80.381
-80.4
-80.244
-80.085
-79.929
-80.146
-79.884
-79.779
-79.501
-79.463
-79.424
-79.337
-79.056
-78.898
-78.596
-78.471
-78.216
-78.021
-78.098
-77.847
-77.588
-77.574
-77.042
-76.354
-75.669
-75.163
-74.908
-74.437
-74.149
-74.297
-73.964
-73.622
-73.521
-73.446
-73.207
-72.915
-73.018
-73.167
-73.045
-72.679
-72.525
-72.718
-72.465
-72.223
-72.026
-72.227
-71.74
-71.513
-71.276
-71.449
-71.269
-71.453
-71.118
-70.964
-71.043
-70.847
-71.192
-71.118
-71.241
-71.197
-70.98
-70.682
-70.693
-70.476
-70.417
-69.968
-70.105
-69.799
-69.979
-69.907
-69.647
-69.62
-69.266
-69.193
-68.791
-68.502
-68.054
-67.97
-68.009
-68.016
-67.779
-67.597
-67.231
-66.941
-66.766
-66.652
-66.385
-65.95
-65.662
-65.559
-65.454
-65.316
-65.11
-64.63
-64.1
-63.817
-63.305
-63.161
-62.86
-62.411
-62.223
-62.118
-62.056
-61.911
-61.72
-61.062
-60.832
-60.226
-59.647
-59.092
-58.39
-57.583
-56.804
-55.875
-54.716
-53.781
-52.594
-50.832
-48.129
-45
-45
-45
-45
-45
-45
-45
-45
-45
-45
-45
-45
-45
-45
-47.144
-53.507
-58.59
-62.363
-64.789
-66.314
-67.064
-67.542
-67.783
-67.558
-67.436
-67.152
-67.14
-66.88
-66.465
-66.042
-65.512
-65.217
-64.454
-64.091
-63.551
-63.138
-62.614
-62.128
-61.877
-61.268
-61.197
-61.123
-60.409
-60.249
-60.133
-59.734
-59.162
-58.418
-57.504
-56.512
-55.541
-54.57
-53.633
-52.433
-51.153
-49.271
-45.869
-45
-45
-45
-45
-45
-45
-45
-45
-45
-45
-45
-45
-45
-46.438
-52.997
-58.219
-62.207
-64.936
-66.752
-67.94
-68.354
-68.966
-69.234
-69.289
-69.498
-69.146
-69.184
-68.819
-68.857
-68.708
-68.535
-68.822
-68.572
-68.569
-68.303
-68.221
-68.057
-68.05
-67.999
-67.829
-67.735
-67.756
-67.868
-68.058
-68.093
-67.989
-68.116
-68.155
-67.989
-68.111
-68.271
-68.559
-68.651
-68.54
-68.516
-68.376
-68.231
-67.956
-67.693
-67.198
-66.694
-65.915
-65.284
-64.809
-64.332
-63.837
-63.568
-63.242
-63.033
-62.895
-63.008
-62.559
-62.385
-62.453
-62.291
-62.367
-61.862
-61.559
-61.545
-61.302
-61.37
-61.121
-61.212
-61.008
-61.082
-61.221
-61.135
-61.266
-61.508
-61.756
-62.079
-62.047
-61.834
-61.999
-62.103
-62.17
-62.288
-62.461
-62.694
-62.423
-62.441
-62.423
-62.672
-62.716
-62.62
-62.625
-62.74
-63.007
-63.077
-63.233
-63.272
-63.495
-63.668
-63.935
-63.94
-63.847
-63.998
-64.152
-64.26
-64.478
-64.779
-64.704
-64.871
-64.93
-65.06
-65.25
-65.536
-65.731
-65.719
-65.899
-66.311
-66.311
-66.432
-66.143
-66.112
-66.459
-66.748
-67.286
-67.65
-67.858
-67.762
-67.573
-67.589
-67.767
-67.947
-67.921
-68.258
-68.508
-68.543
-68.67
-69.227
-69.464
-69.38
-69.451
-69.758
-69.614
-69.523
-69.627
-70.177
-70.173
-70.31
-70.268
-70.649
-70.895
-70.845
-70.936
-71.053
-71.115
-71.229
-71.246
-71.685
-71.788
-71.825
-72.232
-72.258
-72.687
-72.734
-73.054
-73.146
-73.033
-72.99
-72.745
-72.882
-72.943
-72.819
-72.793
-73.037
-73.008
-72.99
-72.991
-73.117
-73.187
-73.003
-73.37
-73.195
-73.47
-73.848
-73.898
-74.198
-74.229
-74.099
-74.328
-74.427
-74.519
-74.66
-74.947
-75.283
-75.506
-75.527
-75.671
-75.757
-75.931
-76.066
-76.079
-76.12
-76.227
-76.552
-76.861
-76.869
-76.709
-77.185
-77.206
-77.324
-77.433
-77.519
-77.646
-77.759
-77.785
-77.92
-77.704
-77.617
-77.659
-77.922
-78.05
-78.105
-78.133
-78.113
-78.289
-78.21
-78.155
-78.091
-78.178
-78.01
-78.022
-77.931
-78.077
-78.348
-78.309
-78.71
-78.754
-78.763
-78.882
-79.116
-79.218
-78.875
-79.143
-79.24
-79.163
-79.183
-79.119
-79.363
-79.716
-79.59
-79.667
-79.79
-79.866
-79.839
-80.051
-80.056
-80.424
-80.184
-80.457
-80.573
-80.795
-80.943
-80.696
-80.735
-80.814
-81.061
-81.382
-81.588
-81.702
-82.106
-81.865
-81.917
-81.977
-81.786
-81.483
-81.406
-81.542
-81.622
-81.627
-81.744
-81.555
-82.065
-82.23
-82.224
-82.059
-82.331
-82.515
-82.383
-82.403
-82.6
-82.381
-82.38
-82.524
-82.732
-82.955
-83.011
-82.885
-82.991
-83.045
-83.389
-83.547
-83.583
-83.322
-83.52
-83.797
-83.82
-83.752
-83.502
-83.442
-83.577
-83.921
-83.797
-83.836
-83.968
-84.055
-83.898
-84.126
-83.918
-83.83
-83.981
-84.02
-84.079
-84.23
-84.111
-84.008
-83.928
-84.09
-83.899
-84.084
-84.192
-84.097
-84.398
-84.611
-84.567
-84.647
-84.45
-84.518
-84.542
-84.495
-84.577
-84.943
-85.031
-85.164
-85.12
-85.32
-85.483
-85.306
-85.276
-85.229
-85.079
-85.091
-85.349
-85.795
-86.083
-86.244
-86.417
-86.544
-86.608
-86.599
-86.442
-86.546
-86.794
-86.966
-87.063
-87.09
-87.208
-87.161
-86.924
-86.963
-86.886
-86.93
-86.868
-86.663
-86.878
-87.119
-87.536
-87.565
-87.814
-88.116
-87.729
-88.005
-88.113
-88.148
-88.418
-88.798
-88.906
-88.644
-88.477
-88.318
-88.184
-88.259
-88.253
-88.376
-88.562
-88.601
-88.586
-88.666
-88.594
-88.816
-88.889
-89.165
-89.148
-89.336
-89.461
-89.585
-89.543
-89.666
-89.578
-89.68
-89.759
-90.022
-89.951
-89.959
-89.917
-89.966
-89.77
-89.609
-89.823
-89.879
-90.075
-89.808
-89.777
-89.905
-90.101
-90.101
-90.065
-89.991
-90.073
-90.17
-90.282
-90.268
-90.185
-90.096
-90.132
-90.251
-90.204
-90.254
-90.314
-90.395
-90.059
-89.984
-89.906
-89.885
-89.854
-89.843
-89.861
-89.946
-90.117
-89.9
-89.69
-89.473
-89.456
-89.622
-89.605
-89.644
-89.953
-89.913
-89.964
-90.054
-90.214
-90.119
-90.145
-90.032
-89.898
-89.996
-89.921
-89.882
-89.675
-89.733
-89.742
-89.696
-89.576
-89.912
-89.698
-89.508
-89.756
-89.938
-89.778
-89.744
-89.992
-89.883
-90.009
-90.143
-90.067
-90.335
-90.367
-90.417
-90.353
-90.351
-90.068
-90.335
-90.081
-90.119
-90.323
-90.294
-90.337
-90.28
