-74.906
-74.349
-74.031
-73.748
-73.452
-72.995
-72.521
-72.263
-71.84
-71.628
-71.146
-70.675
-69.995
-69.349
-68.626
-68.073
-67.755
-66.882
-66.103
-65.088
-64.02
-63.383
-62.5
-61.985
-61.313
-60.917
-60.361
-59.985
-59.802
-59.343
-58.63
-57.848
-57.36
-56.663
-56.061
-57.412
-61.192
-65.121
-68.724
-71.251
-73.136
-74.538
-75.554
-76.279
-76.481
-76.768
-76.767
-76.742
-76.512
-76.358
-76.081
-75.997
-75.756
-75.723
-75.624
-75.538
-75.417
-75.493
-75.436
-75.025
-75.156
-75.246
-75.193
-75.409
-75.405
-75.498
-75.286
-75.22
-75.117
-75.179
-75.392
-75.502
-75.341
-75.574
-75.474
-75.266
-75.21
-75.116
-75.461
-75.64
-75.188
-74.828
-74.333
-73.906
-73.474
-73.378
-73.358
-73.211
-73.213
-73.201
-73.351
-73.44
-73.557
-73.857
-74.281
-74.381
-74.25
-74.229
-74.309
-74.026
-74.136
-74.344
-74.387
-74.763
-74.97
-74.749
-74.81
-75.081
-74.924
-75.325
-75.643
-75.949
-76.257
-76.454
-76.471
-76.249
-76.417
-76.548
-76.159
-75.983
-75.995
-75.879
-75.96
-75.649
-75.843
-76.013
-76.184
-75.833
-75.773
-75.836
-75.717
-75.692
-75.608
-75.508
-75.319
-75.652
-75.563
-75.602
-75.776
-75.858
-75.853
-76.212
-76.122
-76.198
-75.915
-75.581
-75.457
-75.25
-75.511
-75.266
-75.36
-75.311
-75.568
-75.568
-75.639
-75.434
-75.447
-75.391
-75.569
-75.831
-76.056
-75.907
-76.154
-76.148
-76.031
-75.848
-75.605
-75.798
-75.759
-75.664
-75.523
-75.171
-75.401
-75.242
-74.902
-74.829
-74.641
-74.515
-74.539
-74.181
-74.068
-73.972
-74.03
-73.837
-73.843
-73.997
-73.973
-73.894
-74.09
-73.941
-74.131
-74.346
-74.666
-74.82
-74.892
-74.953
-75.209
-75.432
-75.074
-75.001
-74.981
-74.537
-74.644
-74.415
-74.374
-74.182
-74.057
-73.999
-73.561
-73.139
-72.961
-72.753
-72.256
-71.955
-71.683
-71.195
-70.873
-70.369
-70.172
-70.432
-70.48
-70.614
-70.495
-70.684
-71.243
-71.365
-71.514
-71.626
-71.534
-71.356
-71.559
-71.835
-71.885
-71.991
-71.933
-71.977
-72.284
-72.613
-72.847
-72.981
-73.022
-73.288
-73.47
-73.764
-73.863
-73.981
-74.263
-74.242
-74.518
-74.672
-75.245
-75.45
-75.697
-76.001
-76.089
-76.251
-76.525
-76.523
-76.761
-76.838
-76.644
-76.78
-77.024
-77.162
-77.127
-76.845
-77.012
-77.175
-77.022
-77.252
-77.319
-77.366
-77.374
-77.151
-77.162
-77.022
-77.207
-77.385
-77.134
-77.221
-77.116
-77.013
-77.195
-77.206
-77.122
-77.36
-77.319
-77.438
-77.557
-77.549
-77.564
-77.701
-77.927
-78.042
-77.971
-78.011
-78.303
-78.124
-78.254
-78.595
-78.421
-78.577
-78.478
-78.721
-78.723
-78.586
-78.648
-78.617
-78.264
-78.212
-78.227
-78.388
-78.364
-78.282
-78.603
-78.318
-78.492
-78.673
-78.818
-78.896
-78.981
-79.096
-78.938
-78.866
-78.683
-78.603
-78.701
-78.819
-78.872
-78.831
-78.978
-79.125
-79.255
-78.945
-78.969
-78.914
-79.078
-79.107
-79.24
-79.286
-78.938
-79.022
-79.353
-79.364
-79.446
-79.409
-79.652
-79.657
-79.681
-79.584
-79.326
-79.471
-79.298
-79.176
-79.476
-79.449
-79.621
-79.872
-79.818
-79.896
-79.9
-80.394
-80.388
-80.714
-80.589
-80.53
-80.558
-80.806
-80.756
-80.692
-80.61
-80.837
-81.094
-81.157
-81.362
-81.506
-81.442
-81.508
-81.324
-81.142
-81.338
-81.315
-81.379
-81.44
-81.598
-81.763
-81.734
-81.614
-81.687
-81.61
-81.779
-81.784
-82.071
-81.883
-81.899
-81.924
-82.075
-81.981
-82.112
-82.455
-82.599
-82.562
-82.776
-82.7
-82.672
-82.757
-82.898
-83.214
-83.121
-83.165
-83.144
-83.218
-82.91
-82.93
-82.971
-82.832
-82.826
-83.158
-83.174
-82.654
-82.423
-82.063
-81.672
-81.407
-80.881
-79.785
-78.442
-76.947
-75.585
-73.58
-71.689
-69.729
-67.863
-66.2
-64.487
-63.033
-61.644
-59.93
-58.237
-56.551
-55.335
-53.309
-51.074
-47.791
-45
-45
-45
-45
-45
-45
-45
-45
-45
-45
-45
-45
-50.074
-63.947
-72.841
-76.489
-77.961
-78.488
-78.85
-78.837
-78.943
-78.756
-78.659
-78.719
-78.826
-78.606
-78.737
-78.706
-78.838
-78.855
-78.871
-79.048
-78.912
-79.145
-79.03
-79.1
-78.888
-78.492
-78.185
-77.628
-77.367
-77.754
-77.885
-77.886
-77.802
-77.811
-77.877
-77.756
-77.897
-78.013
-78.225
-78.182
-78.362
-78.334
-78.447
-78.329
-78.364
-78.535
-78.528
-78.643
-78.76
-78.975
-78.672
-78.651
-78.646
-78.566
-78.542
-78.613
-78.796
-78.777
-78.659
-78.726
-78.884
-78.898
-78.559
-78.439
-78.549
-78.463
-78.609
-78.724
-78.59
-78.37
-78.698
-78.903
-79.041
-78.967
-79.051
-78.966
-78.859
-78.886
-79.063
-78.946
-79.135
-79.137
-79.155
-79.253
-79.16
-79.493
-79.549
-79.465
-79.796
-79.733
-79.674
-79.747
-79.618
-79.824
-79.618
-79.548
-79.594
-79.858
-79.773
-79.828
-79.697
-79.775
-79.662
-79.644
-79.843
-79.926
-79.751
-79.636
-79.763
-79.811
-79.99
-79.713
-79.749
-79.648
-79.842
-79.931
-79.901
-79.874
-80.025
-79.955
-79.695
-80.06
-79.982
-80.03
-80.119
-80.195
-80.159
-79.888
-79.996
-79.747
-79.806
-79.863
-79.862
-79.88
-80.102
-80.15
-80.167
-80.118
-80.055
-80.168
-80.149
-80.212
-80.219
-79.987
-79.799
-79.688
-79.744
-79.907
-79.852
-79.982
-79.888
-79.491
-78.802
-78.126
-77.521
-77.147
-76.889
-76.448
-76.145
-76.136
-76.169
-76.04
-76.192
-76.156
-76.705
-77.036
-76.883
-76.901
-76.89
-76.965
-76.847
-76.742
-76.639
-76.635
-76.691
-76.683
-76.786
-76.795
-77.086
-77.018
-77.09
-77.135
-77.129
-77.38
-77.289
-77.429
-77.64
-77.731
-77.546
-77.769
-78.151
-78.006
-78.306
-78.182
-78.212
-78.298
-78.39
-78.424
-78.639
-78.876
-78.53
-78.635
-78.6
-78.682
-78.881
-78.961
-78.88
-79.117
-79.241
-79.203
-79.298
-79.641
-79.444
-79.444
-79.228
-79.515
-79.234
-79.581
-79.717
-79.301
-79.424
-79.619
-79.541
-79.584
-79.733
-79.525
-79.614
-79.561
-79.74
-79.683
-79.725
-79.832
-79.501
-79.418
-79.382
-79.561
-79.673
-79.813
-79.749
-79.967
-79.824
-80.042
-79.94
-79.763
-79.651
-79.536
-79.514
-79.526
-79.752
-79.906
-79.801
-79.907
-79.736
-79.415
-79.697
-79.867
-80.099
-79.982
-79.742
-79.466
-79.411
-79.616
-79.596
-79.649
-79.447
-79.622
-79.724
-80.002
-80.036
-80.149
-80.174
-80.159
-79.851
-80.075
-80.166
-80.017
-80.209
-80.111
-80.546
-80.413
-80.485
-80.589
-80.739
-80.586
-80.503
-80.468
-80.587
-80.673
-80.789
-80.781
-80.688
-80.532
-80.454
-80.3
-80.019
-79.718
-79.888
-79.887
-80.006
-80.195
-80.409
-80.372
-80.493
-80.322
-80.398
-80.133
-80.091
-79.971
-80.125
-79.994
-79.592
-79.612
-79.599
-79.648
-79.316
-79.475
-79.377
-79.175
-79.166
-79.09
-79.243
-79.344
-79.469
-79.3
-79.019
-78.175
-77.146
-75.74
-74.679
-73.564
-72.386
-71.413
-70.816
-69.736
-69.073
-68.589
-68.103
-67.953
-67.548
-67.231
-66.894
-66.731
-66.384
-66.157
-66.021
-66.014
-66.038
-66.043
-66.038
-66.004
-66.162
-66.326
-66.412
-66.512
-66.614
-66.715
-66.831
-66.951
-67.133
-67.275
-67.753
-68.26
-68.648
-68.786
-68.747
-68.9
-68.948
-68.963
-69.153
-69.469
-69.769
-69.94
-70.617
-70.836
-71.241
-71.247
-71.494
-71.474
-71.784
-71.653
-71.616
-71.261
-70.937
-70.407
-70.286
-70.204
-70.209
-70.157
-70.329
-70.598
-70.639
-70.563
-70.613
-70.418
-70.147
-70.403
-70.38
-70.801
-70.858
-70.94
-71.242
-71.617
-71.793
-72.174
-72.295
-72.304
-72.452
-72.741
-72.753
-72.88
-73.073
-73.295
-73.562
-73.729
-73.958
-74.368
-74.43
-74.409
-74.242
-74.409
-74.602
-74.281
-74.503
-74.765
-74.801
-75
-75.006
-75.22
-75.152
-75.193
-75.365
-75.49
-75.789
-75.594
-76.065
-76.156
-76.244
-76.246
-76.508
-76.331
-76.401
-76.474
-76.449
-76.472
-76.421
-76.637
-76.745
-76.976
-76.905
-77.157
-77.308
-77.392
-77.568
-77.608
-77.822
-77.739
-77.725
-77.953
-78.207
-78.208
-78.166
-78.093
-77.918
-77.798
-77.814
-77.748
-77.893
-77.657
-77.728
-77.457
-77.574
-77.572
-77.684
-77.757
-77.877
-77.887
-77.782
-77.508
-77.858
-77.963
-78.316
-78.223
-78.253
-78.273
-78.104
-78.217
-78.446
-78.482
-78.376
-78.175
-78.164
-78.08
-78.025
-78.141
-77.747
-77.583
-77.658
-77.701
-78.032
-78.096
-78.096
-78.324
-78.081
-78.42
-78.452
-78.643
-78.668
-78.851
-79.084
-79.227
-79.361
-79.751
-79.711
-79.605
-79.613
-79.727
-79.477
-79.515
-79.605
-79.825
-79.765
-79.713
-79.864
-79.96
-80.226
-80.467
-80.504
-80.221
-80.387
-80.252
-80.266
-80.08
-80.42
-80.155
-80.451
-80.601
-80.781
-81.051
-81.1
-81.037
-80.939
-80.861
-80.955
-81.13
-80.914
