-62.76
-62.46
-61.655
-60.904
-59.967
-59.305
-58.597
-57.968
-57.047
-56
-54.902
-53.651
-52.159
-50.387
-47.273
-45
-45
-45
-45
-45
-45
-45
-45
-45
-45
-45
-45
-45
-45
-49.77
-59.644
-67.12
-71.704
-74.153
-75.593
-76.121
-76.562
-76.76
-76.998
-76.984
-76.868
-77.033
-77.148
-77.021
-76.805
-76.834
-76.847
-76.546
-76.163
-75.654
-74.888
-74.34
-74.043
-73.679
-73.129
-73.323
-72.861
-72.901
-73.2
-73.292
-73.363
-73.181
-73.027
-72.933
-72.96
-73.517
-74.505
-75.39
-76.096
-76.476
-76.644
-76.827
-77.007
-77.101
-77.045
-77.161
-77.418
-77.53
-77.529
-77.42
-77.226
-77.065
-77.16
-77.154
-76.882
-76.763
-76.511
-76.418
-76.308
-76.124
-76.111
-76.133
-76.129
-76.181
-76.249
-76.486
-76.448
-76.585
-76.584
-76.779
-76.917
-77.083
-77.385
-77.143
-77.028
-76.902
-77.02
-77.089
-77.144
-77.532
-77.549
-77.842
-77.999
-78.193
-78.44
-78.515
-78.566
-78.402
-78.292
-78.099
-78.244
-78.363
-78.366
-78.347
-78.436
-78.489
-78.472
-78.353
-78.29
-78.132
-78.167
-78.149
-78.095
-77.997
-77.849
-77.766
-77.907
-77.699
-77.582
-77.553
-77.299
-77.285
-77.3
-77.584
-77.477
-77.535
-77.637
-77.577
-77.51
-77.652
-77.873
-78.035
-78.104
-78.223
-77.89
-77.825
-77.752
-77.747
-77.827
-77.667
-77.776
-77.837
-77.441
-77.833
-77.938
-77.993
-78.208
-78.236
-78.282
-78.474
-78.445
-78.748
-78.581
-78.513
-78.392
-78.258
-78.47
-78.186
-78.319
-78.352
-78.35
-78.409
-78.172
-78.361
-78.438
-78.586
-78.47
-78.872
-78.957
-78.901
-78.756
-78.927
-78.881
-79.008
-79.027
-79.101
-79.198
-79.104
-79.211
-79.164
-78.966
-78.964
-79.007
-79.098
-78.976
-79.063
-78.956
-79.193
-78.89
-78.76
-78.709
-78.706
-78.412
-78.287
-78.117
-77.89
-77.93
-77.855
-77.75
-77.876
-77.824
-77.937
-78.138
-78.131
-77.84
-78.016
-78.278
-78.452
-78.233
-78.373
-78.471
-78.383
-78.427
-78.572
-78.538
-78.765
-78.74
-78.672
-78.69
-78.754
-78.729
-78.706
-79.013
-79.124
-79.384
-79.3
-79.35
-79.534
-79.586
-79.514
-79.324
-79.454
-79.445
-79.551
-79.693
-79.632
-79.662
-79.653
-79.563
-79.507
-79.795
-79.549
-79.791
-79.759
-79.762
-79.729
-79.622
-79.44
-79.345
-79.724
-79.605
-79.81
-79.664
-79.977
-79.806
-79.988
-79.825
-79.962
-80.1
-80.306
-80.264
-80.122
-79.879
-79.559
-79.621
-79.69
-79.64
-79.809
-79.824
-79.709
-79.662
-79.804
-79.69
-79.651
-79.746
-79.472
-79.731
-79.664
-79.756
-79.694
-79.654
-79.744
-79.831
-79.866
-79.731
-79.768
-79.969
-80.089
-80.101
-80.277
-80.2
-80.116
-79.943
-79.913
-79.945
-80.002
-80.077
-80.254
-80.171
-80.17
-79.954
-79.961
-79.892
-80.062
-80.055
-80.109
-80.032
-80.194
-80.23
-80.359
-80.209
-80.265
-80.221
-80.293
-80.172
-80.216
-80.321
-80.154
-80.166
-80.074
-80.059
-80.227
-80.363
-80.36
-80.359
-80.371
-80.085
-79.998
-79.873
-80.059
-79.996
-79.809
-79.881
-80.002
-79.962
-80.093
-80.281
-80.257
-80.174
-80.011
-79.879
-80.184
-80.303
-80.509
-80.779
-80.688
-80.461
-80.281
-80.316
-80.361
-80.193
-79.93
-80.046
-80.284
-79.948
-80.102
-79.779
-79.753
-79.635
-79.835
-79.744
-79.877
-79.649
-79.874
-79.829
-79.763
-79.671
-79.812
-80.008
-79.962
-80.073
-80.134
-80.056
-80.018
-79.986
-79.953
-80.029
-79.936
-79.728
-79.706
-79.75
-79.673
-79.741
-79.805
-79.808
-79.923
-79.963
-79.89
-79.833
-79.958
-79.944
-80.024
-79.824
-80.046
-79.979
-79.955
-79.899
-79.873
-79.607
-79.726
-79.584
-79.679
-79.749
-79.346
-78.35
-77.39
-75.98
-74.894
-73.642
-72.759
-71.765
-70.936
-70.402
-70.089
-69.761
-69.445
-68.962
-68.518
-68.029
-67.701
-67.417
-67.134
-66.932
-66.94
-66.918
-66.857
-66.431
-65.837
-65.253
-64.751
-64.479
-64.178
-64.131
-63.785
-63.721
-64.002
-64.205
-64.481
-64.455
-64.332
-64.731
-65.325
-65.575
-65.839
-66.091
-66.286
-66.65
-67.209
-67.463
-67.663
-67.91
-68.05
-68.305
-68.208
-68.15
-68.042
-67.697
-67.362
-67.342
-67.29
-67.483
-67.667
-67.587
-67.626
-67.474
-67.379
-67.157
-67.276
-67.323
-67.323
-67.457
-67.809
-67.726
-67.577
-67.799
-68.179
-68.179
-68.141
-68.098
-68.03
-68.183
-68.121
-68.389
-68.287
-68.055
-68.486
-68.576
-68.942
-68.749
-69.057
-69.066
-68.988
-68.962
-69.495
-69.861
-69.917
-70.036
-70.304
-70.519
-70.147
-70.146
-69.847
-70.038
-70.145
-70.148
-69.95
-69.807
-69.808
-69.65
-69.765
-69.61
-69.222
-68.964
-69.218
-69.206
-69.235
-69.133
-69.023
-68.878
-68.435
-68.393
-67.933
-67.748
-67.544
-67.319
-67.311
-67.433
-67.494
-67.695
-67.581
-67.564
-67.943
-68.119
-68.146
-68.27
-68.336
-68.455
-68.252
-67.963
-67.978
-67.841
-67.579
-67.628
-67.798
-67.919
-67.776
-67.654
-67.594
-67.571
-67.845
-68.094
-68.497
-68.432
-68.551
-68.825
-68.911
-68.948
-68.94
-69.062
-69.225
-69.232
-69.334
-69.593
-69.566
-69.59
-69.639
-70.113
-70.418
-70.643
-70.654
-70.632
-70.562
-71.005
-71.358
-71.701
-71.862
-72.067
-72.061
-72.464
-72.678
-72.615
-72.745
-72.962
-73.178
-73.271
-73.3
-73.395
-73.599
-73.949
-74.253
-74.386
-74.41
-74.668
-74.997
-75.078
-75.069
-75.189
-75.314
-75.426
-75.801
-75.876
-76.177
-76.092
-76.101
-75.735
-75.593
-75.252
-75.124
-74.956
-74.75
-74.341
-74.08
-73.951
-74.049
-73.742
-73.623
-73.578
-73.233
-73.454
-73.424
-73.292
-73.119
-72.988
-72.967
-73.126
-73.143
-72.924
-72.58
-72.121
-71.624
-71.352
-71.065
-70.848
-70.426
-70.078
-69.926
-69.922
-69.852
-69.47
-69.376
-69.491
-69.439
-69.184
-69.058
-69.132
-69.282
-69.177
-69.26
-69.091
-69.008
-69.006
-69.273
-69.205
-69.114
-69.024
-69.091
-69.294
-69.491
-69.635
-69.822
-69.913
-69.768
-69.873
-69.738
-69.738
-69.874
-70.03
-70.135
-70.311
-70.451
-70.523
-70.393
-70.265
-70.388
-70.358
-70.541
-70.423
-70.427
-70.692
-70.827
-70.659
-70.747
-70.775
-70.91
-71.204
-71.291
-71.567
-71.709
-72.092
-71.984
-71.836
-71.837
-71.865
-72.075
-72.244
-71.995
-72.201
-72.218
-72.35
-72.2
-71.864
-72.002
-72.29
-72.226
-72.23
-72.274
-72.509
-72.835
-72.95
-72.877
-72.929
-72.977
-73.157
-73.109
-72.926
-72.99
-72.847
-72.912
-73.17
-73.352
-73.38
-73.566
-73.625
-73.664
-73.902
-73.727
-74.021
-74.228
-74.181
-74.393
-74.257
-74.449
-74.544
-74.57
-74.676
-74.835
-74.961
-74.943
-75.061
-75.283
-75.681
-75.675
-75.467
-75.585
-75.689
-75.752
-75.569
-75.433
-75.507
-75.608
-75.648
-75.681
-75.792
-75.82
-75.965
-75.962
-75.814
-75.797
-75.912
-76.114
-76.294
-76.279
-76.152
-76.371
-76.651
-76.729
-76.913
-77.255
-77.281
-77.234
-77.317
-76.98
-77.444
-77.581
-77.766
-77.883
-77.843
-77.647
-77.712
-77.391
-77.102
-76.618
-76.463
-76.221
-75.782
-75.695
-75.531
-75.339
-74.71
-74.175
-73.898
-73.85
-73.432
-73.171
-72.888
-72.694
-72.88
-72.643
-72.911
-72.9
-72.742
-72.62
-72.808
-72.474
-72.531
-72.411
-72.037
-72.259
-72.239
-72.216
-72.344
-72.232
-72.083
-72.18
-72.34
-72.034
-71.829
-71.356
-71.054
-70.606
-70.445
-69.91
-69.866
-69.63
-69.292
-68.931
-68.494
-68.206
-67.898
-67.694
-67.549
-67.425
-67.509
-67.113
-66.867
-66.64
-66.791
-66.864
-67.19
-67.301
-67.078
-67.029
-66.829
-66.838
-66.99
-66.983
-66.92
-66.827
-66.843
-66.759
-66.581
-66.707
-66.463
-66.307
-66.434
-66.335
-66.025
-66.02
-66.289
-66.379
-66.219
-66.724
-66.91
-67.031
-66.967
-67.016
-67.064
-67.105
-66.994
-66.939
-66.586
-66.838
-67.068
-66.843
-66.537
-66.428
-66.229
-66.191
-66.246
-66.265
-66.306
-66.37
-66.428
-66.455
-66.675
-66.649
-66.707
-66.902
-67.211
-67.204
-67.38
-67.672
-67.69
-67.746
-67.861
-67.897
-67.837
-68.072
-68.288
-68.307
-68.49
-68.338
-68.361
-68.338
-68.663
-68.708
-68.921
-69.016
-69.239
-68.989
-68.774
-69.001
-68.89
-69.002
-68.853
-68.761
-68.846
-68.955
-69.098
-69.082
-69.026
-69.044
-69.143
-69.26
-69.315
-69.461
-69.634
-69.577
-69.514
-69.587
-69.682
-69.671
-69.59
-69.576
-69.879
-70.282
-70.356
-70.361
-70.441
-70.55
-70.674
-70.694
-70.844
-71.015
-71.117
-71.103
-71.115
-71.295
-71.218
-71.431
-71.489
-71.68
-71.279
-71.298
-71.463
-71.682
-71.539
-71.655
-71.896
-71.772
-71.95
-71.74
-71.65
-71.366
-71.096
-70.733
-70.168
-69.979
-69.729
-69.603
-69.266
-69.047
-68.829
-68.82
-68.377
-68.224
-68.17
-68.007
-67.854
-67.574
-67.657
