-83.848
-83.633
-83.782
-83.405
-83.549
-83.424
-83.513
-83.253
-83.353
-83.524
-83.566
-83.378
-83.365
-83.532
-83.75
-83.529
-83.576
-83.391
-83.067
-82.694
-81.984
-81.628
-81.2
-80.778
-80.531
-80.266
-79.964
-79.867
-79.485
-79.252
-79.263
-78.807
-78.853
-78.624
-78.117
-77.621
-77.254
-76.526
-76.033
-75.33
-74.381
-73.486
-72.819
-71.818
-70.842
-70.333
-69.721
-69.045
-68.255
-67.666
-67.171
-66.612
-66.452
-66.034
-65.553
-65.017
-64.349
-63.982
-63.456
-62.945
-62.509
-61.86
-61.23
-60.765
-60.043
-59.255
-58.344
-57.341
-56.457
-55.344
-54.383
-53.217
-51.664
-49.417
-45.773
-45
-45
-45
-45
-45
-45
-45
-45
-45
-45
-45
-45
-45
-45
-52.023
-57.899
-62.27
-65.343
-67.448
-68.902
-69.875
-70.414
-70.694
-70.978
-71.159
-71.503
-71.529
-71.528
-71.527
-71.629
-71.665
-71.292
-71.104
-70.764
-70.566
-70.407
-70.056
-69.626
-69.161
-68.81
-68.167
-67.268
-66.501
-65.61
-65.043
-64.373
-63.342
-62.91
-62.222
-61.599
-60.867
-60.505
-59.991
-59.385
-58.956
-58.718
-58.329
-58.408
-58.003
-57.676
-57.414
-57.232
-56.686
-56.135
-55.765
-55.385
-55.308
-55.076
-54.534
-53.898
-53.11
-52.152
-50.882
-48.976
-45.044
-45
-45
-45
-45
-45
-45
-45
-45
-45
-45
-45
-45
-45
-47.444
-54.256
-59.993
-64.161
-67.142
-69.238
-70.686
-71.833
-72.383
-72.648
-72.75
-72.825
-72.694
-72.683
-72.933
-72.707
-72.219
-72.268
-72.377
-72.113
-71.674
-71.055
-70.575
-69.735
-69.485
-68.819
-68.295
-67.595
-66.862
-66.225
-65.466
-64.935
-64.26
-63.625
-63.308
-62.617
-62.296
-62.08
-62.09
-61.777
-61.419
-61.04
-60.772
-60.661
-60.309
-60.053
-59.605
-59.284
-59.25
-59.15
-59.291
-59.213
-59.324
-59.429
-59.153
-59.391
-59.311
-59.543
-59.558
-59.316
-59.102
-59.235
-59.202
-59.155
-59.033
-58.955
-58.835
-58.846
-59.034
-59.192
-59.388
-59.395
-59.228
-59.497
-59.468
-59.322
-59.191
-59.144
-59.391
-59.628
-59.558
-59.802
-59.554
-60.064
-60.132
-60.413
-60.453
-60.384
-60.608
-60.661
-60.836
-61.129
-61.299
-61.06
-61.192
-61.232
-61.462
-61.587
-61.947
-61.942
-61.989
-62.335
-62.82
-62.738
-62.736
-62.785
-62.879
-63.1
-63.553
-63.576
-63.696
-63.877
-63.902
-63.874
-63.843
-63.879
-63.854
-63.997
-63.824
-63.579
-63.624
-63.451
-63.258
-63.12
-63.299
-63.103
-62.287
-62.035
-61.633
-61.188
-60.774
-60.191
-59.765
-59.584
-59.13
-59.006
-58.661
-58.229
-57.938
-57.496
-57.384
-57.281
-57.052
-56.688
-56.481
-56.232
-56.133
-56.05
-55.789
-55.645
-55.538
-55.277
-54.973
-54.559
-53.79
-53.118
-52.162
-51.308
-49.644
-46.548
-45
-45
-45
-45
-45
-45
-45
-45
-45
-45
-45
-45
-45
-45.274
-52.522
-58.903
-63.382
-66.844
-69.374
-71.077
-71.976
-72.722
-73.352
-73.828
-74.113
-74.226
-74.314
-74.258
-74.331
-74.667
-75.084
-75.465
-75.618
-75.941
-75.614
-75.374
-75.331
-75.848
-75.993
-76.229
-76.646
-76.815
-76.791
-76.699
-76.951
-76.907
-76.879
-77.084
-77.048
-77.205
-77.398
-77.468
-77.238
-77.583
-77.337
-77.645
-77.949
-78.272
-78.548
-78.782
-78.8
-78.762
-78.859
-79.147
-79.468
-79.97
-79.612
-79.678
-79.81
-79.631
-79.751
-80.135
-80.423
-80.753
-80.7
-80.516
-80.525
-80.774
-80.652
-80.776
-80.712
-80.601
-80.301
-80.504
-80.363
-80.167
-79.767
-78.958
-77.781
-76.322
-74.873
-73.039
-70.863
-68.417
-65.964
-63.439
-60.691
-58.17
-55.83
-53.503
-50.866
-47.23
-45
-45
-45
-45
-45
-45
-45
-45
-45
-45
-45
-45
-45
-45
-48.725
-54.597
-59.489
-62.851
-64.796
-66.282
-67.254
-67.571
-68.057
-68.054
-67.905
-68.094
-67.866
-67.467
-66.993
-66.193
-65.634
-65.189
-65.939
-67.812
-69.994
-72.162
-73.629
-74.579
-75.536
-76.111
-76.414
-76.093
-76.114
-76.094
-76.28
-76.177
-76.145
-76.021
-76.179
-76.24
-76.473
-76.661
-76.77
-76.98
-76.995
-76.912
-76.876
-76.944
-77.039
-77.273
-77.523
-77.437
-77.694
-77.809
-77.897
-77.906
-77.856
-78.068
-78.162
-78.284
-78.59
-78.752
-78.535
-78.677
-78.538
-78.902
-78.97
-78.995
-78.938
-78.836
-78.902
-79.02
-79.123
-79.119
-79.237
-79.252
-79.231
-79.146
-79.282
-79.26
-79.385
-79.352
-79.313
-79.577
-79.469
-79.317
-79.375
-79.563
-79.485
-79.436
-79.438
-79.543
-79.315
-79.301
-79.009
-78.857
-78.696
-78.407
-78.295
-78.419
-78.213
-78.228
-78.395
-78.529
-78.494
-78.369
-78.081
-78.107
-78.335
-78.54
-78.45
-78.715
-78.584
-78.7
-78.629
-78.64
-78.563
-78.562
-78.655
-78.756
-78.8
-78.147
-77.084
-76.18
-75.041
-74.377
-73.9
-73.474
-72.816
-72.353
-71.947
-71.589
-71.36
-71.322
-71.201
-71.006
-71.092
-71.346
-71.41
-71.573
-71.503
-71.753
-71.901
-72.22
-72.706
-72.913
-73.358
-73.654
-73.882
-74.124
-74.288
-74.426
-74.941
-75.209
-75.213
-75.448
-75.463
-75.571
-75.799
-76.009
-76.329
-76.485
-76.576
-76.638
-76.947
-77.266
-77.538
-77.458
-77.415
-77.531
-77.695
-77.9
-78.095
-78.155
-78.34
-78.642
-78.878
-78.861
-78.697
-78.764
-79.036
-78.991
-78.989
-79.079
-79.23
-79.482
-79.465
-79.625
-79.622
-79.641
-79.626
-79.607
-79.834
-79.837
-79.877
-80.101
-80.023
-79.907
-80
-80.062
-80.212
-80.291
-80.492
-80.578
-80.495
-80.253
-80.448
-80.482
-80.375
-80.285
-80.318
-80.249
-79.969
-79.989
-80.048
-80.064
-80.154
-80.381
-80.439
-80.774
-80.863
-80.728
-80.741
-80.44
-80.379
-80.567
-80.66
-80.784
-80.909
-81.047
-81.049
-81.039
-81.016
-81.285
-81.403
-81.368
-81.362
-81.363
-81.497
-81.661
-81.995
-82.201
-82.07
-82.103
-81.962
-81.821
-81.595
-81.385
-81.301
-81.181
-81.127
-81.078
-81.058
-81.169
-81.109
-81.336
-81.598
-81.624
-81.604
-81.425
-81.534
-81.108
-80.853
-81.112
-81.116
-81.286
-81.594
-81.607
-81.541
-81.667
-81.527
-81.675
-81.355
-81.347
-81.245
-81.079
-80.917
-81.274
-81.397
-81.023
-80.98
-81.317
-81.391
-81.756
-81.916
-82.071
-81.945
-82.034
-81.791
-81.753
-81.762
-81.781
-81.86
-81.927
-82.099
-81.919
-81.921
-81.714
-81.717
-81.872
-81.775
-81.853
-81.781
-81.882
-81.926
-82.207
-82.203
-82.505
-82.275
-82.165
-82.187
-82.403
-82.362
-82.669
-82.783
-82.741
-82.478
-82.798
-82.942
-83.013
-82.921
-82.79
-82.62
-83
-82.821
-82.892
-82.927
-82.919
-83.322
-83.103
-83.171
-83.778
-83.828
-83.789
-83.719
-84.067
-84.058
-84.38
-84.236
-84.078
-83.953
-83.952
-84.034
-83.985
-84.09
-84.086
-83.913
-84.064
-84.012
-84.152
-83.941
-83.998
-84.193
-84.369
-84.189
-84.122
-84.083
-83.92
-83.875
-83.841
-84.059
-83.942
-83.986
-83.982
-84.038
-84.214
-84.016
-84.305
-84.315
-84.451
-84.302
-84.235
-84.169
-84.126
-84.296
-84.168
-84.174
-84.288
-84.386
-84.65
-84.533
-84.296
-84.295
-84.057
-84.071
-84.313
-84.052
-84.221
-84.126
-84.373
-84.243
-84.068
-84.065
-83.886
-83.886
-83.89
-83.978
-83.939
-83.981
-84.118
-84.174
-84.193
-84.181
-84.181
-83.957
-84.319
-84.196
-84.374
-84.194
-84.093
-84.199
-84.285
-84.204
-84.389
-84.289
-84.048
-83.751
-83.921
-84.017
-84.017
-83.902
-83.609
-83.723
-83.788
-83.579
-83.553
-83.607
-83.452
-83.645
-83.809
-84.026
-83.947
-84.11
-84.147
-83.938
-83.601
-83.663
-83.919
-84.138
-84.295
-84.225
-84.292
-84.159
-84.185
-84.155
-84.202
-84.389
-84.401
-84.718
-84.679
-84.667
-84.657
-84.779
-84.592
-84.768
-84.848
-84.54
-84.438
-84.566
-84.797
-84.693
-84.878
-84.926
-84.841
-84.504
-84.372
-84.495
-84.433
-84.312
-84.452
-84.708
-84.611
-84.679
-84.8
-84.797
-84.855
-84.878
-84.799
-84.544
-84.526
-84.654
-84.839
-84.92
-85.012
-85.236
-85.441
-85.314
-84.96
-84.829
-84.958
-85.129
-85.133
-85.415
-85.237
-85.582
-85.349
-85.686
-85.399
-85.519
-85.565
-85.583
-85.639
-85.658
-85.503
-85.478
-85.318
-85.365
-85.651
-85.797
-85.441
-85.387
-85.461
-85.631
-85.785
-86.021
-86.091
-86.053
-85.795
-85.593
-85.911
-85.583
-85.29
-85.345
-85.361
-85.329
-85.038
-85.224
-85.366
-85.667
-85.867
-86.137
-86.078
-86.452
-86.505
-86.404
-86.652
-86.545
-86.6
-86.634
-86.332
-86.288
-86.294
-86.284
-86.406
-86.43
-86.462
-86.657
-86.46
-86.389
-86.387
-86.357
-86.49
-86.491
-86.546
-86.769
-86.408
-86.441
-86.6
-86.451
-86.142
-86.105
-85.875
-85.341
-84.93
-84.359
-83.872
