-77.268
-77.311
-77.348
-77.461
-77.72
-77.753
-77.883
-78.013
-78.216
-78.225
-78.381
-78.447
-78.424
-78.379
-78.64
-78.4
-78.376
-78.511
-78.872
-79.119
-79.265
-79.006
-78.896
-78.794
-78.911
-79.011
-78.893
-78.887
-78.694
-78.433
-78.23
-77.996
-78.112
-77.752
-77.207
-76.814
-76.363
-75.985
-75.812
-75.761
-75.534
-75.205
-75.162
-75.104
-74.751
-74.332
-74.349
-73.744
-73.425
-72.846
-72.489
-71.892
-71.658
-71.484
-71.525
-71.623
-71.453
-71.158
-70.845
-70.756
-70.452
-70.178
-70.105
-70.109
-69.827
-69.919
-70.04
-70.051
-70.136
-70.099
-70.052
-70.39
-70.341
-70.64
-70.901
-70.711
-71.081
-71.279
-71.248
-71.146
-71.321
-71.151
-70.863
-70.531
-70.345
-70.187
-70.106
-69.808
-69.751
-69.674
-69.74
-69.616
-69.727
-69.368
-69.061
-69.08
-68.81
-68.729
-68.684
-68.405
-68.432
-68.336
-68.423
-68.541
-68.487
-68.48
-68.165
-68.55
-68.814
-69.015
-69.092
-69.195
-69.624
-69.851
-70.042
-70.299
-70.482
-70.818
-70.524
-70.754
-70.747
-70.676
-70.694
-70.445
-70.658
-70.716
-70.839
-70.938
-70.789
-70.638
-70.844
-70.988
-71.132
-70.942
-70.907
-70.608
-70.347
-70.298
-70.351
-70.268
-70.303
-70.469
-70.358
-70.482
-70.437
-69.993
-69.684
-69.341
-68.966
-68.709
-68.772
-68.684
-68.42
-68.583
-68.306
-68.077
-68.145
-68.232
-68.159
-68.121
-68.135
-68.007
-67.644
-67.889
-68.039
-68.057
-68.049
-68.461
-68.743
-69.195
-69.333
-69.002
-69.01
-69.063
-68.707
-68.51
-68.717
-68.821
-69.14
-69.377
-69.436
-69.511
-69.247
-69.38
-69.557
-70.043
-70.189
-70.512
-70.528
-69.713
-69.149
-68.749
-68.187
-67.599
-66.795
-66.374
-65.612
-65.008
-64.577
-63.987
-63.765
-63.353
-63.069
-62.778
-62.637
-62.639
-62.952
-63.294
-63.398
-63.348
-63.445
-63.568
-63.244
-63.419
-63.135
-63.02
-63.363
-63.272
-63.591
-63.865
-63.803
-63.9
-64.361
-64.168
-64.192
-64.081
-64.273
-64.589
-64.847
-65.003
-65.017
-65.352
-65.359
-65.327
-65.525
-65.622
-65.953
-66.069
-66.324
-66.629
-66.882
-67.188
-67.574
-67.627
-67.701
-68.079
-68.221
-68.637
-69.034
-69.06
-69.286
-69.391
-69.578
-69.89
-69.892
-70.391
-70.651
-70.832
-70.956
-71.09
-70.993
-70.976
-71.151
-71.254
-71.142
-71.281
-71.273
-71.832
-72.092
-71.944
-72.058
-72.108
-72.413
-72.721
-72.829
-72.681
-72.891
-73.267
-73.631
-73.816
-73.783
-73.738
-74.084
-74.028
-74.306
-74.326
-74.474
-74.686
-74.537
-74.662
-75.069
-75.191
-75.058
-75.185
-75.275
-75.58
-75.697
-75.733
-75.45
-75.231
-75.437
-75.577
-75.65
-75.658
-75.8
-75.977
-76.117
-76.234
-76.206
-76.412
-76.383
-76.419
-76.472
-76.228
-76.322
-76.232
-76.314
-76.329
-76.281
-76.41
-76.546
-76.45
-76.576
-76.788
-76.739
-76.879
-76.584
-76.51
-76.273
-76.506
-76.683
-76.79
-77.031
-76.853
-76.729
-76.965
-77.058
-77.174
-77.011
-76.936
-77.074
-76.945
-77.094
-77.079
-77.029
-77.015
-77.168
-77.232
-77.348
-77.264
-77.302
-77.451
-77.425
-77.508
-77.324
-77.109
-77.215
-77.223
-77.174
-77.451
-77.399
-77.423
-77.457
-77.688
-77.537
-77.509
-77.91
-77.985
-78.052
-78.074
-78.103
-78.272
-78.233
-78.055
-77.716
-77.013
-75.639
-74.465
-73.076
-71.606
-70.297
-69.145
-67.756
-66.354
-65.463
-64.368
-63.396
-62.252
-60.834
-60.121
-59.362
-58.561
-57.662
-56.829
-56.038
-55.33
-54.718
-53.928
-53.054
-51.714
-50.141
-46.795
-45
-45
-45
-45
-45
-45
-45
-45
-45
-45
-45
-45
-45
-50.712
-64.628
-72.935
-76.445
-77.829
-78.224
-78.269
-78.127
-78.122
-78.165
-78.099
-77.966
-78.014
-77.902
-77.904
-77.522
-77.006
-76.796
-76.581
-76.421
-76.362
-76.201
-76.131
-76.01
-75.84
-75.602
-75.473
-75.343
-75.241
-75.078
-75.127
-74.812
-75.209
-75.392
-75.518
-75.301
-75.271
-75.445
-75.572
-75.748
-75.871
-76.167
-76
-76.161
-76.066
-76.169
-76.252
-76.254
-76.211
-75.904
-75.296
-74.933
-74.63
-74.521
-74.288
-74.109
-73.837
-73.949
-73.988
-73.897
-74.016
-74.316
-74.428
-74.516
-74.808
-74.939
-75.318
-75.433
-75.541
-76.262
-76.579
-77.147
-77.492
-77.566
-77.486
-77.369
-77.415
-77.252
-77.594
-77.446
-77.377
-77.548
-77.432
-77.699
-77.865
-77.71
-77.623
-77.605
-77.715
-77.65
-77.676
-77.974
-77.971
-78.15
-77.949
-78.006
-77.982
-78.233
-78.198
-78.5
-78.574
-78.414
-78.279
-78.3
-78.285
-78.181
-78.352
-78.222
-78.251
-78.278
-78.025
-78.22
-78.44
-78.556
-78.356
-78.512
-78.265
-78.418
-78.582
-78.752
-78.506
-78.437
-78.458
-78.126
-78.271
-78.369
-78.282
-77.964
-78.045
-78.448
-78.444
-78.448
-77.96
-78.058
-77.786
-77.844
-77.839
-77.928
-78.128
-78.307
-78.159
-78.241
-78.419
-78.471
-78.375
-78.389
-78.475
-78.556
-78.368
-78.793
-78.918
-79.007
-78.846
-78.955
-78.673
-78.923
-79.15
-79.228
-79.42
-79.329
-79.166
-79.277
-79.419
-79.386
-79.34
-79.402
-79.94
-79.529
-79.663
-79.768
-79.884
-79.845
-79.606
-79.63
-79.581
-79.526
-79.637
-79.607
-79.655
-79.764
-79.699
-79.921
-79.753
-79.751
-79.606
-79.541
-79.276
-79.296
-79.456
-79.429
-79.925
-79.669
-79.787
-79.842
-79.966
-79.772
-79.85
-79.961
-79.824
-79.866
-80.14
-80.055
-80.319
-80.163
-80.163
-80.074
-80.098
-80.136
-80.192
-80.005
-79.418
-79.328
-79.234
-79.277
-79.052
-78.588
-78.655
-78.712
-78.202
-78.415
-78.255
-78.384
-78.499
-78.543
-78.419
-78.248
-78.193
-78.311
-78.218
-78.495
-78.53
-78.325
-78.196
-77.778
-78.114
-78.46
-78.272
-78.287
-78.062
-78.017
-78.337
-78.375
-78.561
-78.705
-78.835
-78.905
-79.084
-79.193
-79.139
-79.136
-78.953
-79.122
-79.088
-79.367
-79.297
-79.311
-79.279
-79.317
-79.376
-79.647
-79.75
-79.921
-79.715
-79.525
-79.493
-79.417
-79.558
-79.471
-79.468
-79.636
-79.676
-79.47
-79.67
-79.685
-79.574
-79.543
-79.679
-79.711
-80.039
-79.92
-80.074
-80.034
-80.164
-80.476
-80.566
-80.512
-80.474
-80.343
-80.433
-80.257
-79.915
-80.147
-80.393
-80.502
-80.326
-80.499
-80.407
-80.291
-80.499
-80.269
-80.101
-79.998
-79.778
-79.656
-79.684
-79.845
-79.869
-80.059
-79.856
-79.92
-79.816
-79.579
-79.608
-79.703
-79.779
-79.889
-79.846
-79.878
-80.142
-80.208
-80.342
-80.411
-80.324
-80.23
-80.417
-80.52
-80.45
-80.588
-80.218
-80.208
-80.095
-80.079
-80.075
-80.184
-80.482
-80.562
-80.528
-80.907
-80.617
-80.711
-80.745
-80.488
-80.518
-80.73
-80.715
-80.721
-80.702
-80.681
-80.715
-80.691
-80.572
-80.615
-80.663
-80.728
-81.046
-81.209
-81.191
-81.481
-81.286
-81.152
-81.127
-81.152
-81.028
-80.929
-80.834
-80.856
-81.282
-81.432
-81.437
-81.376
-81.314
-81.4
-81.31
-81.077
-80.826
-80.787
-80.823
-80.974
-81.007
-81.131
-80.806
-80.723
-80.265
-79.753
-79.519
-78.97
-78.522
-78.168
-77.751
-77.355
-76.931
-76.935
-76.666
-76.354
-76.123
-75.984
-75.852
-75.573
-75.487
-75.439
-75.475
-75.373
-75.237
-75.191
-75.071
-75.094
-75.012
-75.104
-75.129
-75.345
-75.576
-75.848
-76.323
-76.153
-76.079
-76.178
-76.14
-76.431
-76.558
-76.682
-76.736
-76.837
-76.482
-76.653
-76.547
-76.848
-76.936
-77.118
-77.232
-77.429
-77.319
-77.51
-77.449
-77.553
-77.245
-77.303
-77.287
-77.34
-77.122
-77.011
-77.222
-77.156
-77.167
-77.361
-77.468
-77.637
-77.713
-77.85
-77.912
-78.003
-78.173
-78.453
-78.377
-78.333
-78.243
-78.216
-78.385
-78.212
-78.259
-78.335
-78.354
-78.369
-78.186
-78.046
-78.066
-78.103
-78.294
-78.476
-78.916
-78.95
-79.082
-79.393
-79.449
-79.406
-79.698
-79.807
-79.855
-79.857
-79.734
-79.604
-79.555
-79.598
-79.435
-79.813
-79.747
-79.549
-79.567
-79.492
-79.762
-79.639
-79.657
-79.49
-79.595
-79.727
-79.963
-79.975
-80.182
-80.266
-80.186
-80.222
-80.142
-80.039
-80
-79.854
-80.199
-80.157
-79.864
-79.967
-79.912
-80.09
-80.007
-80.198
-80.167
-80.238
-80.45
-80.65
-80.778
-80.65
-80.527
-80.681
-80.636
-80.596
-80.537
-80.667
-81.139
-81.155
-81.229
-81.426
-81.411
-81.228
-81.188
-80.996
-80.815
-80.747
-80.764
-80.971
-81.195
-80.89
-81.022
-81.112
-80.962
-80.956
-80.737
-81.037
-81.078
-81.419
-81.506
-81.549
-81.571
-81.591
-81.519
-81.653
-81.523
-81.431
-81.448
-81.36
-81.33
-80.994
-81.024
-81.003
-80.828
-80.663
-80.364
-80.248
-80.264
-80.305
-80.408
-80.517
-80.68
-80.641
-81.012
-80.764
-80.733
-80.035
-79.506
-79.352
-79.085
-78.413
-78.1
-78.001
-77.53
-77.148
-76.812
-76.277
-76.108
-75.727
