-73.786
-73.408
-73.084
-72.282
-72.023
-71.552
-71.093
-70.777
-70.695
-70.738
-70.446
-70.263
-69.914
-69.221
-68.932
-68.856
-68.419
-68.353
-68.096
-67.624
-66.847
-66.948
-66.504
-66.248
-65.831
-65.701
-65.397
-65.359
-64.986
-64.566
-64.257
-63.83
-63.872
-63.766
-63.605
-64.437
-66.899
-69.329
-71.958
-73.678
-74.922
-75.807
-76.757
-77.097
-77.423
-77.66
-78.008
-78.145
-77.906
-78.015
-78.239
-78.536
-78.61
-78.64
-78.349
-77.954
-77.409
-76.957
-76.258
-75.831
-75.26
-74.95
-74.604
-74.337
-74.389
-74.12
-74.29
-74.093
-74.231
-74.398
-74.387
-74.473
-74.612
-74.68
-74.582
-74.54
-74.677
-74.721
-74.692
-74.551
-74.378
-74.397
-74.845
-74.752
-75.03
-75.086
-74.811
-75.104
-75.217
-75.346
-75.258
-75.509
-75.752
-75.997
-75.974
-76.176
-76.187
-76.319
-76.31
-76.126
-76.182
-76.077
-75.868
-75.913
-75.832
-75.682
-75.367
-75.155
-74.697
-74.379
-73.985
-73.877
-73.364
-73.186
-72.825
-72.699
-72.63
-72.642
-73.026
-72.976
-73.075
-73.295
-73.23
-73.558
-73.643
-73.758
-73.838
-73.826
-73.977
-74.293
-74.717
-75
-75.35
-75.661
-75.841
-75.643
-75.741
-75.865
-75.967
-76.228
-76.3
-76.306
-76.375
-76.674
-76.833
-76.746
-76.712
-76.933
-77.066
-77.094
-77.297
-77.333
-76.955
-77.08
-76.951
-76.665
-76.443
-76.351
-75.98
-75.839
-75.445
-75.131
-74.702
-74.609
-74.382
-74.203
-73.828
-73.365
-73.316
-73.442
-73.152
-73.07
-73.149
-73.254
-73.195
-73.341
-73.547
-73.585
-73.714
-73.743
-73.902
-74.21
-74.3
-74.124
-73.955
-73.781
-73.492
-73.371
-73.085
-72.826
-72.956
-73.115
-73.185
-72.996
-72.523
-71.755
-71.634
-71.155
-70.626
-70.34
-70.195
-69.879
-69.605
-69.502
-69.104
-69.27
-69.325
-69.602
-69.384
-69.502
-69.406
-69.524
-69.481
-69.533
-69.246
-69.142
-68.882
-68.92
-69.233
-69.447
-69.539
-69.528
-69.528
-69.041
-68.597
-68.396
-68.335
-68.073
-67.873
-67.958
-68.407
-68.608
-68.629
-68.888
-69.095
-69.051
-69.486
-69.379
-69.496
-69.498
-69.428
-69.481
-69.755
-70.22
-70.131
-69.909
-70.316
-70.474
-70.484
-70.56
-70.964
-71.347
-71.479
-71.712
-72.103
-72.224
-72.101
-72.279
-72.534
-72.768
-73.153
-73.531
-73.599
-73.972
-73.997
-73.991
-73.712
-73.584
-74.01
-74.19
-74.35
-74.493
-74.662
-74.997
-75.093
-74.739
-75.125
-75.224
-74.828
-74.837
-74.621
-74.431
-74.036
-73.896
-73.611
-73.595
-73.617
-73.477
-73.39
-73.156
-73.376
-73.368
-73.666
-73.293
-73.282
-73.393
-72.97
-73.022
-73.147
-72.916
-72.969
-73.098
-73.352
-73.511
-73.488
-73.726
-73.937
-74.106
-73.899
-74.007
-74.01
-74.426
-74.545
-74.261
-74.383
-74.562
-74.643
-74.588
-74.651
-74.537
-74.408
-74.655
-74.925
-75.216
-75.456
-75.74
-75.307
-75.101
-74.696
-74.567
-74.277
-73.871
-73.663
-73.225
-72.953
-72.556
-72.626
-72.495
-72.409
-72.155
-71.634
-71.526
-71.336
-71.206
-71.038
-70.965
-71.014
-70.769
-70.498
-70.401
-70.543
-70.819
-70.951
-71.317
-71.388
-71.546
-71.534
-71.426
-71.42
-71.463
-71.567
-71.79
-71.914
-72.007
-72.15
-72.278
-72.488
-72.642
-72.405
-72.432
-72.607
-72.522
-72.669
-72.479
-72.751
-72.832
-72.691
-72.724
-72.855
-72.993
-72.832
-72.649
-71.84
-70.526
-69.472
-68.455
-67.214
-65.955
-64.853
-63.574
-62.788
-61.465
-60.513
-59.721
-59.114
-58.493
-57.652
-56.814
-56.115
-55.148
-54.199
-53.15
-52.057
-50.466
-47.916
-45
-45
-45
-45
-45
-45
-45
-45
-45
-45
-45
-45
-45
-45
-46.252
-52.116
-56.608
-59.533
-61.589
-62.342
-62.576
-62.822
-62.444
-61.584
-60.484
-59.649
-58.894
-57.36
-55.965
-54.645
-53.501
-52.413
-51.221
-49.641
-47.498
-45
-45
-45
-45
-45
-45
-45
-45
-45
-45
-45
-45
-45
-45
-49.634
-58.043
-64.599
-68.903
-71.618
-73.247
-73.837
-74.298
-74.208
-73.886
-73.31
-72.735
-72.504
-72.38
-71.964
-71.981
-71.829
-71.981
-72.083
-72.031
-71.96
-71.99
-72.151
-72.188
-72.546
-72.589
-72.878
-72.936
-72.98
-73.17
-73.198
-73.519
-74.05
-73.972
-74.127
-74.736
-74.616
-75.027
-74.994
-75.27
-75.604
-75.584
-75.41
-75.061
-74.775
-74.67
-74.293
-74.08
-73.983
-73.997
-73.822
-73.757
-73.49
-73.26
-73.238
-73.356
-73.66
-73.718
-73.763
-74.027
-74.111
-74.453
-74.711
-74.886
-74.966
-75.26
-75.424
-75.25
-75.54
-75.529
-75.717
-76.102
-76.323
-76.398
-76.496
-76.59
-76.815
-76.935
-76.91
-76.908
-76.957
-77.068
-77.174
-77.557
-77.643
-77.558
-77.567
-77.64
-77.557
-77.831
-77.947
-78.058
-78.402
-78.524
-78.44
-78.615
-78.604
-78.669
-78.719
-78.59
-78.703
-78.549
-78.778
-78.882
-78.919
-79.099
-78.97
-79.013
-79.069
-79.099
-78.973
-79.22
-79.109
-79.053
-79.139
-78.869
-79.12
-79.309
-79.18
-79.271
-79.402
-79.374
-79.617
-79.632
-79.555
-79.498
-79.68
-79.691
-79.757
-79.892
-79.896
-79.827
-79.648
-79.31
-79.271
-79.156
-79.03
-78.908
-78.938
-78.863
-78.816
-78.756
-78.695
-78.575
-78.646
-78.735
-78.873
-79.086
-79.028
-78.751
-78.658
-78.683
-78.737
-78.549
-78.756
-78.883
-79.074
-79.191
-79.275
-79.518
-79.666
-79.502
-79.527
-79.724
-79.809
-79.946
-80.145
-79.945
-79.839
-79.978
-79.835
-79.722
-79.616
-79.698
-79.694
-79.694
-79.641
-79.704
-79.882
-79.79
-80.04
-80.302
-80.334
-80.047
-79.953
-79.925
-79.953
-80.009
-80.339
-80.275
-80.178
-80.04
-79.973
-80.347
-80.211
-80.153
-80.255
-80.356
-80.413
-80.176
-80.339
-80.189
-80.084
-80.037
-80.046
-80.296
-80.391
-80.459
-80.522
-80.306
-80.106
-80.066
-80.187
-80.219
-80.188
-80.125
-80.246
-80.259
-80.469
-80.198
-80.305
-80.634
-80.61
-80.65
-80.532
-80.473
-80.672
-80.778
-81.073
-80.977
-80.829
-80.65
-80.716
-80.694
-80.848
-80.531
-80.355
-80.439
-80.261
-80.439
-80.233
-80.54
-80.376
-80.487
-80.112
-80.174
-80.163
-79.978
-80.059
-79.918
-79.976
-80.081
-79.911
-79.989
-80.143
-80.284
-80.291
-80.58
-80.578
-80.615
-80.562
-80.403
-80.433
-80.348
-80.261
-80.238
-80.607
-80.528
-80.504
-80.322
-80.153
-80.358
-80.43
-80.227
-80.343
-80.339
-80.233
-80.289
-80.525
-80.362
-80.301
-80.31
-80.478
-80.463
-80.521
-80.746
-80.717
-80.743
-80.76
-80.446
-80.582
-80.702
-80.966
-81.316
-81.074
-80.38
-80.372
-80.347
-80.51
-80.317
-80.417
-80.598
-80.506
-80.494
-80.631
-80.638
-80.868
-81.054
-80.875
-81.012
-80.913
-81.04
-81.006
-80.891
-80.969
-81.008
-81.286
-81.052
-81.121
-81.278
-81.335
-81.363
-81.631
-81.43
-81.233
-81.087
-80.983
-80.939
-80.88
-81.178
-81.147
-81.302
-81.454
-81.543
-81.522
-81.581
-81.67
-81.814
-81.772
-81.898
-81.586
-81.437
-81.434
-81.339
-81.242
-81.423
-81.093
-80.961
-80.914
-80.838
-80.818
-80.882
-80.936
-81.118
-81.077
-81.025
-81.127
-81.367
-81.427
-81.309
-81.225
-81.316
-81.213
-81.238
-80.884
-80.96
-80.794
-81.005
-81.123
-81.05
-80.892
-80.867
-80.921
-80.785
-80.621
-80.787
-80.84
-80.72
-80.597
-80.18
-80.093
-79.986
-79.819
-80.046
-79.983
-80.1
-80.202
-80.442
-80.654
-80.707
-80.751
-80.536
-80.828
-80.793
-81.167
-81.135
-81.053
-80.764
-80.924
-81.047
-80.936
-80.978
-80.837
-80.931
-80.893
-80.933
-80.961
-80.699
-80.624
-80.544
-80.335
-80.226
-80.36
-80.729
-80.604
-80.385
-80.338
-80.397
-80.403
-80.376
-80.297
-80.386
-80.611
-80.528
-80.667
-80.791
-80.963
-81.083
-81.081
-81.367
-81.481
-81.226
-81.11
-80.989
-81.072
-81.145
-81.116
-81.01
-81.061
-81.097
-81.038
-80.789
-80.57
-80.385
-80.583
-80.757
-80.635
-80.506
-80.299
-80.293
-80.325
-80.402
-80.341
-80.298
-80.488
-80.649
-80.329
-80.375
-80.145
-80.252
-80.362
-80.75
-80.909
-81.115
-81.13
-81.02
-80.996
-81.166
-81.664
-81.939
-81.993
-81.911
-81.984
-82.069
-82.134
-82.16
-82.262
-82.449
-82.42
-82.31
-82.372
-82.429
-82.407
-82.516
-82.861
-82.914
-83.129
-83.28
-83.28
-83.441
-83.45
-83.389
-83.047
-83.1
-83.005
-82.735
-82.914
-83.193
-83.294
-83.735
-83.966
-84.072
-84.001
-84.161
-83.951
-84.023
-83.862
-83.928
-83.779
-83.661
-83.848
-83.633
-83.533
-83.733
-83.66
-83.888
-83.95
-83.884
-83.712
-83.782
-83.542
-83.659
-83.673
-83.686
-83.475
-83.792
-83.699
-83.46
-83.23
-83.149
-83.069
-82.837
-82.313
-82.142
-81.925
-81.623
-81.348
-80.874
-80.569
-80.231
-79.962
-79.621
-78.973
-78.403
-77.573
-77.231
-76.806
