-81.066
-80.839
-80.351
-79.868
-79.339
-78.733
-78.331
-77.818
-77.405
-76.854
-76.694
-76.055
-75.515
-75.023
-74.483
-73.812
-73.733
-73.181
-72.646
-72.589
-72.207
-72.04
-72.003
-71.496
-71.563
-71.269
-71.199
-70.997
-70.832
-70.754
-70.424
-70.383
-70.225
-69.956
-69.361
-68.547
-67.762
-67.482
-66.895
-66.198
-65.717
-65.16
-64.581
-63.848
-63.351
-62.367
-61.83
-61.341
-60.871
-60.161
-59.532
-58.836
-58.181
-57.91
-57.232
-56.595
-56.318
-55.651
-54.706
-53.715
-52.39
-50.861
-48.109
-45
-45
-45
-45
-45
-45
-45
-45
-45
-45
-45
-45
-45
-45
-47.341
-53.599
-58.472
-62.055
-64.187
-65.48
-66.113
-66.556
-66.39
-66.263
-65.836
-65.281
-64.608
-63.98
-63.555
-63.18
-62.769
-62.124
-61.225
-60.866
-60.235
-59.939
-59.508
-59.044
-58.575
-58.05
-57.451
-56.871
-56.261
-55.641
-54.993
-54.267
-53.621
-52.57
-51.257
-49.58
-46.983
-45
-45
-45
-45
-45
-45
-45
-45
-45
-45
-45
-45
-45
-45.252
-51.802
-56.994
-61.263
-63.674
-65.468
-66.437
-66.927
-67.13
-66.962
-67.022
-67.009
-66.829
-66.674
-66.6
-66.271
-65.776
-65.451
-65.385
-64.792
-64.214
-63.772
-63.52
-63.472
-63.05
-63.049
-62.709
-62.684
-62.3
-61.637
-61.42
-61.281
-61.124
-60.579
-60.476
-60.479
-60.116
-59.482
-58.798
-58.03
-57.416
-56.984
-56.497
-55.835
-55.178
-54.517
-53.889
-52.761
-51.272
-49.249
-45.94
-45
-45
-45
-45
-45
-45
-45
-45
-45
-45
-45
-45
-45
-46.291
-52.69
-58.308
-62.143
-64.667
-66.143
-67.306
-67.958
-68.127
-67.861
-67.683
-67.341
-66.791
-66.447
-65.89
-65.249
-64.924
-64.726
-64.301
-63.71
-63.224
-62.878
-62.245
-61.725
-61.206
-60.916
-60.62
-59.91
-59.488
-58.931
-58.652
-58.157
-57.93
-57.657
-57.371
-57.243
-56.968
-56.685
-55.943
-55.28
-54.888
-54.339
-53.99
-53.33
-52.924
-51.821
-50.458
-48.498
-45
-45
-45
-45
-45
-45
-45
-45
-45
-45
-45
-45
-45
-45
-49.079
-55.431
-60.713
-64.4
-67.194
-68.762
-70.055
-70.635
-71.353
-71.821
-72.238
-72.65
-72.955
-73.184
-73.28
-73.229
-73.298
-73.454
-73.794
-73.927
-74.116
-73.859
-73.771
-73.691
-73.517
-73.247
-73.195
-72.788
-72.67
-72.554
-72.313
-72.243
-72.125
-71.895
-71.447
-71.154
-70.66
-70.217
-69.848
-69.37
-69.026
-68.751
-68.208
-67.995
-67.829
-67.395
-67.199
-66.93
-66.58
-66.548
-66.466
-66.482
-66.315
-65.85
-65.884
-65.656
-65.42
-65.555
-65.259
-65.441
-65.38
-65.24
-65.224
-65.276
-64.76
-64.754
-64.685
-64.658
-64.803
-64.81
-64.474
-64.538
-64.552
-64.329
-64.487
-64.721
-64.637
-64.784
-65.064
-65.439
-65.433
-65.645
-65.526
-65.759
-66.116
-66.268
-66.594
-66.741
-66.921
-66.97
-67.092
-67.646
-67.809
-67.897
-68.535
-68.595
-68.448
-68.54
-69.223
-69.388
-69.263
-69.284
-69.356
-69.642
-70.142
-70.271
-70.521
-70.743
-71.029
-71.207
-71.281
-71.643
-71.713
-71.801
-71.846
-71.671
-71.852
-72.024
-72.57
-72.847
-72.949
-73.06
-73.099
-73.374
-73.283
-73.313
-73.874
-74.233
-74.446
-74.735
-74.851
-74.958
-75.523
-75.72
-75.942
-76.024
-76.19
-76.032
-76.141
-76.463
-76.591
-76.681
-76.657
-76.815
-77.081
-77.242
-77.28
-77.361
-77.574
-77.695
-77.899
-78.242
-78.274
-78.322
-78.382
-78.425
-78.322
-78.619
-78.696
-78.79
-78.924
-78.572
-77.915
-76.588
-75.186
-73.842
-72.3
-70.592
-68.49
-66.339
-64.101
-61.763
-59.69
-57.589
-55.531
-53.395
-50.981
-47.903
-45
-45
-45
-45
-45
-45
-45
-45
-45
-45
-45
-45
-45
-45
-46.071
-51.937
-56.432
-59.92
-61.961
-63.596
-64.3
-64.513
-64.369
-63.962
-63.484
-62.956
-61.814
-61.022
-59.838
-58.639
-57.614
-56.425
-55.01
-53.538
-51.799
-49.699
-47.228
-45
-45
-45
-45
-45
-45
-45
-45
-45
-45
-45
-45
-45
-45.942
-51.736
-56.382
-60.228
-62.562
-64.111
-64.914
-64.955
-64.529
-64.104
-63.409
-62.93
-62.332
-61.598
-61.282
-60.673
-59.757
-59.317
-58.687
-58
-57.303
-56.685
-56.212
-55.517
-54.905
-54.672
-54.168
-53.514
-52.811
-52.268
-51.293
-50.371
-48.859
-46.127
-45
-45
-45
-45
-45
-45
-45
-45
-45
-45
-45
-45
-45
-46.188
-51.924
-56.543
-59.758
-61.844
-62.929
-63.347
-63.706
-63.75
-63.735
-63.606
-63.016
-62.728
-62.508
-61.871
-61.431
-61.031
-60.321
-59.605
-59.087
-58.327
-57.617
-57.114
-56.443
-55.815
-55.506
-55.068
-54.536
-53.92
-53.32
-52.866
-51.916
-51.307
-49.958
-48.249
-45.038
-45
-45
-45
-45
-45
-45
-45
-45
-45
-45
-45
-45
-45
-49.603
-55.895
-61.003
-64.576
-66.714
-68.155
-69.304
-70.048
-70.711
-70.904
-71.215
-70.786
-70.713
-70.767
-70.589
-70.868
-70.842
-70.545
-70.476
-70.679
-71.028
-71.282
-71.47
-71.623
-71.551
-71.263
-71.327
-71.292
-71.493
-71.552
-71.518
-71.527
-71.783
-71.991
-72.253
-72.384
-72.583
-72.755
-73.103
-73.285
-73.372
-73.312
-73.76
-73.663
-73.761
-74.179
-74.25
-74.202
-74.178
-74.262
-74.232
-74.479
-74.532
-74.48
-74.758
-75.171
-75.472
-75.738
-76.239
-76.233
-76.586
-76.788
-76.846
-76.943
-77.063
-77.38
-77.491
-77.738
-77.661
-77.647
-77.769
-77.617
-77.745
-78.18
-78.175
-78.312
-78.355
-78.543
-78.609
-78.488
-78.48
-78.614
-78.512
-78.7
-78.529
-78.842
-79.038
-79.28
-79.419
-79.436
-79.327
-79.276
-79.575
-79.979
-80.119
-80.106
-80.367
-80.627
-80.718
-80.877
-80.909
-81.392
-81.616
-81.757
-81.706
-81.985
-82.416
-82.487
-82.564
-82.89
-83.144
-83.18
-83.26
-83.35
-83.615
-83.662
-83.712
-83.499
-83.331
-83.735
-84.015
-84.096
-84.5
-84.588
-84.702
-84.656
-84.746
-84.946
-84.657
-84.424
-84.39
-84.095
-84.102
-83.963
-84.192
-84.371
-84.59
-84.558
-84.84
-85.066
-85.278
-85.457
-85.486
-85.696
-85.647
-85.601
-85.754
-85.945
-86.048
-86.322
-86.398
-86.177
-86.367
-86.505
-86.7
-86.881
-86.685
-86.61
-86.56
-86.62
-87.039
-87.286
-87.351
-87.392
-87.638
-87.701
-87.735
-87.666
-87.703
-87.801
-87.927
-87.792
-87.611
-87.437
-87.602
-87.486
-87.604
-87.743
-88.063
-88.18
-87.958
-88.2
-87.904
-87.851
-87.929
-87.865
-87.829
-87.871
-87.667
-87.886
-87.745
-87.582
-87.747
-88.079
-88.239
-88.177
-88.001
-88.381
-88.443
-88.252
-88.266
-88.409
-88.779
-88.925
-89.026
-89.035
-88.96
-88.927
-89.274
-89.376
-88.96
-89.151
-89.295
-89.275
-89.321
-89.314
-89.099
-89.276
-89.51
-89.771
-89.988
-90.074
-90.331
-90.226
-90.073
-90.247
-90.219
-90.555
-90.479
-90.569
-90.721
-89.717
-88.067
-86.086
-84.477
-83.221
-82.204
-81.499
-81.201
-81.054
-80.836
-80.667
-80.381
-80.413
-80.596
-80.573
-80.63
-80.507
-80.366
-80.321
-80.242
-80.184
-80.253
-80.309
-80.337
-80.195
-80.141
-80.316
-80.501
-80.557
-80.326
-80.079
-80.111
-80.143
-80.125
-80.136
-80.127
-80.169
-80.383
-80.381
-80.333
-80.465
-80.237
-80.337
-80.263
-80.359
-80.255
-80.372
-80.289
-80.618
-80.804
-80.773
-80.488
-80.318
-80.328
-80.387
-80.587
-80.426
-80.686
-80.908
-80.644
-81.086
-80.953
-80.863
-80.769
-80.648
-80.651
-80.539
-80.596
-80.891
-80.578
-80.368
-80.351
-80.203
-80.214
-80.132
-80.065
-80.295
-80.625
-80.724
-80.856
-80.531
-80.399
-80.566
-80.627
-80.985
-80.871
-80.783
-80.991
-81.074
-80.879
-80.799
-80.902
-80.732
-80.802
-80.717
-80.466
-80.69
-80.402
-80.602
-80.805
-80.749
-80.747
-80.911
-80.703
-80.71
-80.65
-80.749
-80.618
-80.413
-80.388
-80.56
-80.634
-80.859
-80.948
-80.782
-80.927
-80.938
-80.745
-80.904
-80.891
-80.652
-80.746
-80.845
-80.676
-80.593
-80.874
-80.565
-80.725
-80.766
-80.599
-80.569
-80.781
-80.663
-80.763
-80.887
-80.707
-80.585
-80.404
-80.155
-80.464
-80.371
-80.479
-80.512
-80.359
-80.219
-80.544
-80.499
-80.601
-80.387
-80.52
-80.64
-80.673
-80.664
-80.518
-80.489
-80.424
-80.454
-80.472
-80.31
-80.303
-80.557
-80.715
-80.796
-80.894
-80.878
-80.661
-80.784
-80.904
-80.972
-80.943
-81.19
-81.194
-81.105
-80.93
-81.041
-81.089
-81.256
-81.238
-81.404
-81.158
-80.961
-80.668
-80.334
-80.049
-79.544
-79.336
-78.892
-78.56
-78.376
-78.089
-77.973
-77.544
-77.871
