-45
-45
-45
-45
-45
-45
-45
-45
-45
-49.931
-56.301
-61.526
-65.05
-67.735
-69.295
-70.098
-70.763
-70.884
-70.634
-69.988
-69.259
-68.949
-68.038
-67.469
-66.751
-66.048
-65.019
-64.604
-63.89
-63.151
-62.486
-61.736
-61.412
-60.535
-59.63
-59.004
-58.478
-57.828
-57.358
-57.118
-56.74
-56.166
-55.767
-55.132
-54.518
-53.935
-53.203
-52.701
-51.71
-50.553
-48.594
-45.332
-45
-45
-45
-45
-45
-45
-45
-45
-45
-45
-45
-45
-45
-49.741
-60.162
-68.04
-72.657
-75.428
-77.132
-77.583
-77.831
-77.975
-77.844
-77.976
-78.158
-78.072
-78.066
-77.903
-77.796
-77.572
-77.173
-76.973
-76.92
-76.606
-76.67
-76.462
-76.487
-76.711
-76.948
-76.951
-77.154
-77.488
-77.714
-77.72
-77.735
-77.79
-77.59
-77.634
-77.915
-78.184
-78.135
-77.953
-78.079
-77.984
-77.8
-77.805
-78.008
-78.312
-78.275
-78.063
-78.083
-78.404
-78.375
-78.286
-78.263
-78.062
-78.258
-78.364
-78.34
-78.238
-78.386
-78.535
-78.298
-78.22
-78.402
-78.581
-78.305
-78.613
-78.754
-78.859
-78.769
-78.824
-78.828
-78.587
-78.559
-78.586
-78.524
-78.79
-78.792
-79.235
-79.138
-79.061
-78.963
-79.257
-79.374
-79.312
-79.171
-79.257
-79.352
-79.319
-79.524
-79.686
-79.616
-79.801
-79.8
-79.778
-79.762
-79.751
-79.685
-79.579
-79.37
-79.514
-79.15
-79.045
-78.708
-78.216
-78.125
-77.86
-77.884
-77.904
-77.898
-78.031
-78.098
-77.887
-77.682
-77.842
-77.541
-77.636
-77.794
-77.629
-77.864
-77.968
-77.908
-78.025
-77.993
-77.86
-77.916
-77.768
-77.812
-77.942
-77.83
-77.951
-77.962
-78.299
-77.977
-77.834
-77.921
-77.662
-77.577
-77.661
-77.758
-77.88
-77.714
-78.073
-78.39
-78.52
-78.555
-78.444
-78.531
-78.848
-78.965
-79.014
-79.189
-79.231
-79.299
-79.343
-79.337
-79.365
-79.564
-79.541
-79.407
-79.286
-79.541
-79.577
-79.478
-79.543
-79.607
-79.409
-79.423
-79.269
-79.289
-79.09
-79.044
-79.143
-79.015
-79.034
-79.044
-79.259
-79.354
-79.263
-79.394
-79.414
-79.657
-79.375
-79.501
-79.165
-79.143
-79.492
-79.381
-79.513
-79.526
-79.605
-79.632
-79.556
-79.357
-79.509
-79.822
-79.69
-79.528
-79.601
-79.636
-79.654
-79.678
-79.592
-79.626
-79.763
-79.783
-79.756
-79.96
-79.961
-79.983
-79.73
-79.799
-79.646
-79.631
-79.704
-79.443
-79.495
-79.569
-79.424
-79.031
-78.615
-78.495
-78.456
-78.164
-78.141
-77.992
-78.015
-78.218
-78.181
-77.901
-77.88
-78.01
-78.114
-78.402
-78.651
-78.635
-78.895
-79.156
-79.237
-79.459
-79.604
-79.574
-79.643
-79.731
-79.496
-79.492
-79.668
-79.596
-79.609
-79.401
-79.797
-79.95
-79.651
-79.773
-79.621
-79.722
-79.681
-79.531
-79.755
-79.804
-79.941
-79.785
-79.667
-79.782
-79.889
-80.05
-80.15
-80.178
-80.034
-80.115
-80.008
-79.863
-79.938
-80.084
-80.029
-79.9
-80.057
-80.103
-80.078
-80.106
-79.954
-79.81
-79.814
-80.047
-80.158
-80.321
-79.953
-80.059
-79.914
-79.89
-79.866
-79.923
-79.94
-79.986
-79.962
-79.994
-79.845
-79.966
-80.196
-80.328
-80.201
-80.231
-80.051
-80.106
-80.256
-80.132
-80.081
-80.336
-80.358
-80.282
-80.415
-80.47
-80.316
-80.459
-80.61
-80.552
-80.567
-80.241
-80.382
-80.06
-80.046
-80.036
-80.206
-80.123
-80.229
-80.21
-80.439
-80.242
-80.287
-80.377
-80.412
-80.634
-80.541
-80.493
-80.223
-80.289
-80.346
-80.168
-80.049
-80.057
-79.638
-78.908
-77.95
-77.07
-75.906
-75.303
-74.646
-73.753
-73.066
-72.428
-72.114
-71.47
-70.283
-69.46
-68.655
-67.876
-67.044
-66.602
-65.903
-65.395
-64.848
-64.667
-64.438
-64.424
-64.548
-64.825
-64.799
-65.084
-65.399
-65.67
-65.966
-66.566
-66.661
-67.005
-67.267
-67.391
-67.634
-67.629
-67.808
-67.959
-68.081
-67.976
-68.32
-68.256
-68.411
-68.534
-68.424
-67.976
-67.636
-66.924
-66.273
-65.592
-64.986
-64.353
-63.742
-63.232
-62.509
-62.115
-61.914
-61.74
-61.666
-61.671
-61.824
-61.932
-61.839
-61.589
-61.325
-61.505
-61.641
-61.882
-62.146
-62.492
-62.5
-62.712
-62.868
-63.375
-63.608
-63.988
-64.435
-64.725
-64.972
-65.391
-65.752
-65.871
-66.099
-66.216
-66.437
-66.591
-66.657
-66.465
-66.109
-66.115
-66.222
-66.186
-66.64
-66.935
-67.25
-67.414
-67.661
-67.579
-67.702
-68.051
-68.253
-68.352
-68.603
-68.853
-69.06
-68.908
-69.01
-69.135
-69.061
-68.887
-68.786
-68.696
-68.701
-68.545
-68.498
-68.528
-68.44
-68.529
-68.724
-69.094
-69.525
-69.545
-69.495
-69.351
-69.071
-68.887
-69.053
-68.738
-68.772
-68.86
-68.737
-69.085
-69.051
-69.265
-69.396
-69.25
-69.317
-69.233
-69.283
-69.238
-69.278
-69.385
-69.268
-69.328
-69.631
-69.982
-70.009
-70.183
-70.245
-70.233
-70.208
-69.724
-68.678
-67.788
-66.887
-65.957
-65.179
-64.266
-63.287
-62.242
-61.408
-60.301
-59.79
-59.019
-58.3
-57.69
-57.143
-56.8
-56.172
-55.709
-55.291
-54.75
-54.415
-53.792
-53.177
-52.392
-51.515
-49.756
-46.652
-45
-45
-45
-45
-45
-45
-45
-45
-45
-45
-45
-45
-45
-45
-52.659
-59.239
-63.864
-66.889
-68.917
-70.314
-71.522
-72.462
-73.164
-73.4
-73.693
-73.959
-73.845
-73.805
-73.981
-74.096
-73.943
-73.772
-73.84
-74.024
-73.91
-73.882
-74.236
-74.39
-74.283
-74.416
-74.735
-74.783
-74.969
-75.061
-75.237
-75.419
-75.624
-75.61
-75.852
-75.904
-76.109
-76.35
-76.473
-76.539
-76.785
-76.84
-76.874
-76.858
-76.94
-76.716
-76.748
-76.74
-76.709
-77.195
-77.21
-77.252
-77.205
-77.355
-77.559
-77.406
-77.599
-77.866
-77.909
-78.027
-77.928
-77.893
-77.619
-77.866
-78.226
-78.061
-78.582
-78.541
-78.413
-78.587
-78.516
-78.329
-78.252
-78.165
-78.109
-78.207
-78.227
-78.421
-78.506
-78.695
-78.471
-78.684
-78.614
-78.599
-78.637
-78.633
-78.82
-78.865
-78.715
-78.4
-78.416
-78.865
-78.997
-79.125
-79.427
-79.296
-79.28
-79.38
-79.28
-78.984
-79.053
-79.089
-79.28
-79.243
-79.348
-79.651
-79.703
-79.841
-79.737
-79.953
-79.808
-79.978
-79.867
-79.801
-80.141
-80.591
-80.515
-80.561
-80.704
-80.412
-80.822
-80.827
-80.816
-81.064
-81.073
-81.345
-81.64
-81.645
-81.856
-81.684
-82.075
-82.079
-82.113
-82.048
-81.904
-82.002
-82.162
-82.378
-82.58
-82.36
-82.621
-82.364
-82.385
-82.47
-82.546
-82.504
-82.25
-82.352
-82.438
-82.626
-82.897
-83.194
-83.157
-82.986
-83.086
-83.073
-82.9
-82.881
-82.796
-82.978
-82.707
-82.893
-82.853
-82.729
-82.664
-82.916
-83.172
-83.598
-83.987
-84.131
-84.2
-84.319
-84.105
-84.272
-84.553
-84.683
-84.537
-84.808
-84.709
-84.876
-84.523
-84.647
-84.455
-84.628
-84.338
-84.442
-84.319
-84.419
-84.325
-84.136
-84.256
-84.025
-83.927
-83.828
-84.191
-84.598
-84.454
-84.229
-84.22
-84.155
-84.027
-84.014
-83.908
-83.97
-84.166
-84.424
-84.345
-84.29
-83.881
-83.922
-83.814
-84.1
-83.933
-83.849
-83.996
-83.939
-83.816
-83.771
-83.645
-83.777
-83.894
-84.193
-84.375
-84.44
-84.252
-84.421
-84.702
-84.965
-84.843
-84.872
-84.941
-85.091
-85.123
-85.265
-85.346
-85.304
-85.201
-85.247
-85.405
-85.5
-85.378
-85.173
-84.802
-84.411
-84.259
-84.319
-83.929
-83.778
-83.69
-83.404
-82.892
-82.631
-82.253
-81.958
-81.529
-81.636
-81.365
-81.158
-81.025
-80.89
-80.86
-80.852
-80.92
-80.394
-80.33
-79.885
-79.777
-79.785
-79.87
-79.514
-79.354
-79.048
-79.161
-79.13
-79.193
-79.204
-79.3
-79.47
-79.375
-79.296
-79.227
-79.243
-79.141
-79.133
-79.082
-79.008
-79.105
-79.062
-78.987
-79.043
-79.297
-79.278
-79.125
-79.116
-78.997
-78.94
-78.856
-79.101
-79.089
-79.1
-79.313
-79.163
-78.817
-78.767
-78.579
-78.641
-78.732
-78.998
-78.977
-79.048
-79.267
-79.138
-78.631
-78.561
-78.492
-78.464
-78.699
-78.689
-78.825
-78.823
-78.802
-78.847
-79.147
-79.508
-79.771
-79.577
-79.479
-79.488
-79.788
-79.382
-79.534
-79.537
-79.78
-79.41
-79.234
-79.555
-79.786
-80.052
-80.093
-80.131
-80.084
-80.156
-80.084
-80.207
-80.097
-80.437
-80.675
-80.469
-80.834
-80.642
-80.405
-80.396
-80.563
-80.422
-80.71
-80.838
-80.781
-81.171
-81.09
-81.448
-81.809
-81.853
-82.088
-82.386
-82.591
-82.75
-82.683
-82.975
-83.043
-83.327
-83.488
-83.508
-83.331
-83.364
-83.569
-83.405
-83.556
-83.793
-83.962
-83.756
-83.702
-83.655
-83.912
-83.743
-83.878
-83.878
-83.975
-83.853
-83.846
-83.742
-83.381
-83.256
-83.432
-83.489
-83.533
-83.922
-83.856
-84.189
-84.251
-84.4
-84.388
-84.239
-84.437
