-82.869
-82.85
-82.92
-83.099
-83.355
-83.708
-83.448
-83.497
-83.514
-83.374
-83.314
-83.336
-83.422
-83.685
-83.878
-83.794
-84.101
-83.877
-84.092
-83.77
-83.757
-83.914
-83.877
-83.995
-83.932
-83.997
-84.017
-84.13
-84.18
-83.743
-83.769
-83.821
-84.224
-84.405
-84.531
-84.517
-84.568
-84.62
-84.635
-84.639
-84.974
-85.012
-85.12
-84.973
-85.434
-85.387
-85.573
-85.665
-85.283
-85.586
-85.605
-85.555
-85.795
-85.597
-85.672
-85.534
-85.426
-85.337
-85.561
-85.55
-85.478
-85.477
-85.515
-85.673
-85.485
-85.67
-85.542
-85.576
-85.744
-85.873
-85.856
-85.762
-85.787
-86.11
-86.431
-86.417
-86.54
-86.366
-86.437
-86.36
-86.25
-86.427
-86.496
-86.516
-86.408
-86.481
-86.554
-86.669
-86.588
-86.414
-86.321
-86.673
-86.599
-86.395
-86.138
-86.029
-86.061
-86.039
-85.93
-86.138
-86.374
-86.22
-86.27
-86.263
-86.208
-85.478
-84.683
-83.409
-82.085
-81.103
-80.543
-80.073
-79.847
-79.476
-79.559
-79.267
-79.218
-79.336
-79.457
-79.636
-79.383
-79.489
-79.533
-79.5
-79.327
-79.297
-79.102
-79.013
-79.166
-79.645
-79.254
-79.374
-79.539
-79.382
-79.281
-78.8
-78.793
-78.831
-78.752
-78.511
-77.997
-77.629
-77.36
-77.247
-77.389
-77.466
-77.514
-77.657
-77.645
-77.496
-77.789
-78.172
-78.346
-78.56
-78.552
-78.687
-78.933
-78.802
-78.957
-78.767
-78.707
-78.397
-78.286
-78.17
-77.963
-77.801
-77.975
-77.902
-78.078
-78.114
-78.272
-78.645
-78.389
-78.635
-78.533
-78.467
-78.606
-78.678
-78.81
-78.591
-78.516
-78.355
-78.365
-78.509
-78.194
-78.259
-78.195
-78.193
-78.049
-78.319
-78.222
-78.248
-78.178
-78.559
-78.695
-78.552
-78.342
-78.415
-78.445
-78.618
-78.448
-78.655
-78.346
-78.44
-78.43
-78.731
-78.84
-79.237
-79.157
-78.808
-78.612
-78.534
-79.038
-78.995
-78.882
-78.847
-78.883
-78.724
-78.866
-79.282
-79.283
-79.152
-79.025
-79.369
-79.353
-79.364
-79.592
-79.613
-79.452
-79.39
-79.239
-78.95
-78.472
-78.031
-77.696
-77.152
-77.101
-76.779
-76.463
-76.109
-76.304
-75.808
-75.726
-75.455
-75.36
-74.87
-74.959
-75.095
-75.379
-75.44
-75.189
-75.072
-75.226
-75.138
-74.861
-74.845
-75.1
-75.627
-75.895
-76.122
-76.457
-76.537
-76.507
-76.252
-76.438
-76.462
-76.663
-76.894
-76.754
-77.001
-77.03
-77.182
-77.159
-76.716
-76.914
-77.011
-76.77
-77.121
-77.183
-77.374
-77.431
-77.447
-77.332
-77.266
-77.268
-77.741
-77.846
-77.927
-77.934
-78.153
-78.236
-78.354
-78.338
-78.301
-78.34
-78.707
-78.971
-79.074
-79.016
-79.031
-79.152
-79.163
-79.171
-78.885
-78.958
-78.894
-78.807
-78.917
-78.999
-78.681
-78.573
-78.916
-78.968
-78.855
-78.788
-78.872
-79.055
-79.121
-79.201
-79.386
-79.336
-79.275
-79.275
-79.408
-79.335
-79.669
-79.67
-79.765
-79.526
-79.772
-79.75
-79.993
-79.867
-80.016
-79.893
-79.732
-79.683
-79.131
-79.178
-78.972
-78.981
-79.269
-79.528
-79.425
-79.463
-79.59
-79.626
-79.586
-79.326
-79.136
-78.93
-78.338
-78.147
-77.865
-77.554
-77.066
-76.636
-76.562
-76.569
-76.572
-76.502
-76.298
-75.965
-75.671
-75.461
-75.099
-74.797
-74.547
-74.178
-73.813
-73.459
-73.49
-73.461
-73.223
-72.926
-72.885
-72.665
-72.776
-72.742
-72.451
-72.511
-72.391
-72.484
-72.504
-72.43
-72.343
-72.237
-72.635
-72.612
-72.609
-72.66
-72.808
-73.113
-73.188
-73.357
-73.268
-73.43
-73.189
-73.068
-72.871
-72.675
-72.515
-72.195
-72.383
-72.314
-72.119
-71.832
-71.731
-71.851
-71.665
-71.393
-71.206
-70.832
-70.738
-70.674
-70.288
-70.24
-70.034
-69.709
-69.207
-68.971
-68.718
-68.594
-68.086
-67.531
-67.539
-66.866
-66.497
-66.341
-65.941
-65.4
-64.982
-64.425
-64.049
-63.814
-63.322
-63.165
-62.797
-62.678
-62.303
-62.227
-61.888
-61.71
-61.443
-61.172
-60.571
-60.07
-59.339
-59.009
-58.562
-58.221
-57.763
-57.309
-56.734
-56.274
-55.591
-54.873
-53.946
-53.088
-52.049
-50.148
-47.427
-45
-45
-45
-45
-45
-45
-45
-45
-45
-45
-45
-45
-45
-45
-50.211
-56.738
-61.478
-64.619
-66.969
-67.937
-68.505
-68.911
-68.957
-68.816
-68.516
-68.647
-68.431
-68.131
-67.776
-67.474
-67.089
-66.962
-66.554
-66.422
-66.284
-65.653
-65.165
-64.548
-64.332
-64
-63.413
-62.972
-62.692
-62.256
-61.935
-61.594
-61.411
-61.005
-60.753
-60.518
-59.991
-59.992
-59.715
-59.571
-59.257
-58.87
-58.512
-58.445
-58.413
-58.076
-57.791
-57.689
-57.262
-57.252
-56.761
-56.204
-55.841
-55.441
-55.026
-54.411
-53.819
-52.754
-51.39
-49.488
-46.091
-45
-45
-45
-45
-45
-45
-45
-45
-45
-45
-45
-45
-45
-46.682
-56.863
-65.549
-71.245
-74.542
-76.366
-77.322
-77.565
-78
-78.056
-78.259
-78.182
-78.405
-78.426
-78.284
-78.133
-77.957
-77.793
-77.682
-77.669
-77.609
-77.604
-77.834
-77.788
-77.726
-77.787
-77.692
-77.49
-77.209
-77.061
-77.071
-76.972
-76.982
-76.935
-76.697
-76.682
-76.703
-76.983
-77.045
-77.123
-77.238
-77.59
-77.8
-78.06
-78.17
-78.237
-78.225
-78.262
-78.271
-78.054
-78.174
-78.043
-78.073
-78.078
-77.906
-77.735
-77.88
-78.051
-78.272
-78.352
-78.071
-78.083
-78.226
-78.253
-78.242
-78.048
-77.682
-77.566
-77.729
-77.499
-77.563
-77.053
-76.795
-76.426
-76.484
-76.755
-76.907
-76.912
-76.774
-76.783
-76.891
-76.719
-76.774
-76.911
-76.979
-77.411
-77.744
-77.626
-77.794
-77.777
-77.689
-77.877
-78.099
-78.092
-78.144
-78.499
-78.489
-78.262
-78.369
-78.285
-78.332
-78.272
-78.234
-78.498
-78.582
-78.649
-78.917
-79.072
-78.784
-78.331
-77.978
-77.858
-77.829
-77.51
-77.456
-77.187
-77.099
-77.021
-76.773
-76.784
-76.587
-76.868
-77.004
-77.12
-77.292
-77.187
-77.28
-77.464
-77.652
-77.564
-77.73
-77.78
-77.894
-78.054
-78.03
-78.32
-78.175
-78.158
-77.93
-78.42
-78.61
-78.663
-78.582
-78.999
-78.921
-79.053
-79.225
-79.085
-79.156
-79.197
-79.487
-79.343
-79.736
-79.54
-79.268
-79.101
-78.784
-78.675
-78.419
-78.586
-78.565
-78.28
-78.453
-78.329
-78.387
-78.659
-78.637
-78.609
-78.491
-78.465
-78.363
-78.34
-78.701
-78.644
-78.529
-78.31
-78.528
-78.685
-78.86
-78.953
-78.728
-78.92
-78.72
-78.763
-78.651
-78.619
-78.349
-78.362
-78.089
-77.932
-77.714
-77.552
-77.526
-77.343
-77.408
-77.599
-77.301
-77.416
-77.387
-77.443
-77.51
-77.543
-77.498
-77.57
-77.46
-77.471
-77.28
-77.368
-77.284
-77.315
-77.571
-77.672
-77.59
-77.512
-77.658
-77.904
-78.028
-78.335
-78.06
-78.248
-78.106
-78.154
-78.582
-78.65
-78.48
-78.37
-78.158
-78.254
-78.416
-78.485
-78.622
-78.888
-78.722
-78.875
-78.601
-78.867
-78.791
-79.231
-79.402
-79.574
-79.646
-79.888
-80.21
-80.402
-80.26
-80.376
-80.403
-80.486
-80.134
-80.152
-80.069
-79.777
-79.763
-79.691
-79.512
-79.832
-79.766
-79.747
-79.571
-79.818
-79.965
-80.125
-80.344
-80.549
-80.309
-80.099
-80.414
-80.12
-80.207
-80.055
-79.979
-79.925
-80.332
-80.214
-80.294
-80.444
-80.733
-80.987
-80.975
-80.798
-80.759
-80.915
-80.827
-80.519
-80.394
-80.351
-80.384
-80.401
-80.27
-80.405
-80.656
-80.82
-80.931
-80.793
-80.928
-80.722
-80.589
-80.54
-80.515
-80.428
-80.395
-80.615
-80.749
-80.922
-80.706
-80.639
-80.632
-80.616
-80.546
-80.574
-80.736
-80.843
-80.821
-80.68
-80.675
-80.893
-81.126
-80.949
-80.846
-81.071
-81.186
-81.286
-81.34
-80.954
-81.084
-80.802
-80.872
-80.99
-81.132
-81.231
-81.211
-81.288
-81.414
-81.451
-81.617
-81.828
-81.584
-81.627
-81.911
-81.762
-81.684
-81.761
-81.922
-81.933
-82.056
-82.117
-82.002
-81.801
-81.667
-81.568
-81.816
-81.986
-82.192
-82.284
-82.224
-82.257
-82.17
-82.385
-82.491
-82.554
-82.699
-82.81
-82.781
-82.798
-82.752
-82.874
-82.887
-82.927
-82.947
-82.902
-83.215
-82.977
-82.825
-82.611
-82.681
-82.899
-83.077
-83.148
-82.772
-82.922
-83.183
-83.205
-83.4
-83.345
-83.239
-83.295
-83.204
-82.97
-82.882
-82.726
-82.567
-82.692
-82.426
-82.285
-82.146
-82.198
-82.055
-81.983
-82.181
-82.36
-82.388
-82.475
-82.4
-82.51
-82.728
-82.659
-82.517
-82.482
-82.685
-82.548
-82.749
-82.48
-82.391
-82.303
-82.202
-82.209
-82.188
-82.249
-82.2
-82.278
-82.39
-82.638
-82.656
-82.761
-82.587
-82.796
-82.758
-82.791
-82.76
-82.896
-82.891
-82.92
-82.769
-82.833
-82.932
-82.976
-83.069
-83.019
-83.396
-83.47
-83.624
-83.387
-83.4
-83.096
-82.968
-82.911
-83.068
-83.003
-83.352
-82.987
-82.524
