-80.681
-80.888
-80.871
-81.088
-81.093
-80.586
-80.613
-80.585
-80.64
-80.559
-80.475
-80.517
-80.59
-80.384
-80.191
-80.138
-80.099
-80.066
-80.121
-80.235
-80.126
-79.892
-80.04
-80.293
-80.079
-79.959
-79.998
-79.758
-79.646
-79.462
-79.567
-79.39
-79.158
-79.078
-79.056
-79.07
-79.23
-79.026
-79.131
-79.177
-79.331
-79.183
-78.912
-78.79
-78.646
-78.836
-78.583
-78.424
-78.291
-78.447
-78.48
-78.395
-78.366
-78.343
-78.375
-78.623
-78.564
-78.157
-77.585
-76.464
-74.904
-73.372
-71.885
-70.426
-69.132
-67.752
-66.404
-65.105
-63.923
-62.772
-61.697
-60.481
-59.139
-58.087
-57.111
-56.086
-55.156
-54.277
-52.97
-51.383
-49.256
-45.152
-45
-45
-45
-45
-45
-45
-45
-45
-45
-45
-45
-45
-45
-45.175
-51.916
-57.554
-61.865
-64.805
-66.489
-67.645
-68.095
-68.46
-68.7
-69.848
-71.844
-73.648
-75.065
-75.902
-76.754
-77.351
-77.403
-77.087
-76.6
-76.08
-76.325
-76.451
-76.682
-76.984
-77.381
-77.551
-77.379
-77.69
-77.708
-77.768
-77.811
-77.785
-77.917
-78.202
-78.09
-78.218
-78.499
-78.169
-78.412
-78.552
-78.731
-78.486
-78.708
-78.835
-78.878
-78.837
-78.686
-78.573
-78.87
-78.91
-78.799
-79.107
-79.283
-79.297
-79.162
-79.268
-79.309
-79.192
-79.193
-79.342
-79.028
-79.008
-79.077
-78.976
-78.608
-78.407
-78.384
-78.029
-78.085
-77.758
-77.938
-78.231
-78.324
-78.324
-78.371
-78.418
-78.521
-78.766
-78.843
-78.951
-78.845
-78.777
-78.897
-78.834
-78.787
-78.969
-79.191
-79.468
-79.528
-79.749
-79.745
-79.789
-79.517
-79.598
-79.726
-79.669
-79.694
-79.708
-79.752
-79.666
-79.86
-79.827
-79.903
-79.796
-79.794
-79.725
-79.738
-79.639
-79.831
-79.659
-79.682
-79.911
-79.829
-79.621
-79.559
-79.518
-79.524
-79.598
-79.445
-79.557
-79.285
-79.446
-79.565
-79.547
-79.619
-79.489
-79.736
-79.859
-79.582
-79.508
-79.677
-79.697
-79.643
-79.728
-79.543
-79.518
-79.593
-79.455
-79.491
-79.567
-79.369
-79.252
-79.472
-79.405
-79.649
-79.665
-79.647
-79.497
-79.632
-79.453
-79.435
-79.568
-79.811
-79.765
-79.665
-79.536
-79.692
-79.66
-79.692
-79.71
-79.57
-79.832
-79.936
-79.827
-79.8
-79.821
-79.781
-79.803
-79.796
-79.842
-79.669
-79.601
-79.638
-79.736
-79.74
-79.826
-79.853
-79.866
-79.731
-79.815
-79.68
-79.669
-79.381
-79.326
-79.168
-79.287
-79.385
-79.415
-79.347
-79.369
-79.491
-79.423
-79.478
-79.606
-79.851
-79.558
-79.645
-79.758
-79.638
-79.68
-79.741
-79.535
-79.726
-79.733
-79.647
-79.783
-79.706
-79.716
-79.709
-79.68
-79.81
-79.868
-79.673
-79.678
-79.851
-79.995
-79.914
-80.069
-79.912
-79.678
-79.927
-79.971
-80.01
-79.914
-80.063
-80.093
-80.107
-79.782
-79.838
-79.769
-79.831
-79.968
-80.023
-80.202
-80.027
-80.12
-79.984
-79.948
-79.886
-80.169
-80.018
-80.053
-79.833
-79.984
-80.204
-80.256
-80.207
-80.11
-80.051
-79.881
-79.925
-79.927
-79.7
-79.719
-79.644
-79.436
-79.445
-79.704
-79.752
-79.498
-79.341
-79.478
-79.562
-79.647
-79.621
-79.434
-79.522
-79.54
-79.593
-79.474
-79.614
-79.744
-79.723
-79.48
-79.434
-79.8
-79.668
-79.473
-79.616
-79.865
-79.647
-79.776
-79.752
-79.947
-79.776
-79.783
-79.913
-79.779
-79.752
-79.883
-79.986
-79.987
-79.906
-79.995
-79.895
-79.827
-80.134
-80.105
-80.223
-79.908
-79.966
-79.959
-79.99
-80.088
-80.002
-79.764
-79.753
-79.958
-79.965
-79.688
-79.911
-80.129
-80.087
-80.029
-79.958
-80.062
-79.967
-79.938
-80.111
-80.074
-80.025
-79.969
-79.701
-79.532
-79.672
-79.44
-79.477
-79.668
-79.626
-79.437
-79.313
-79.698
-79.438
-79.865
-80.042
-79.829
-79.743
-79.712
-79.969
-79.93
-79.863
-79.634
-79.862
-79.956
-79.832
-79.848
-79.842
-79.721
-79.669
-79.69
-79.679
-79.606
-79.665
-79.717
-79.72
-79.657
-79.897
-79.668
-79.683
-79.567
-79.43
-79.488
-79.693
-79.572
-79.519
-79.567
-79.508
-79.609
-79.664
-79.475
-79.513
-79.45
-79.285
-79.575
-79.526
-79.326
-79.319
-79.253
-79.283
-79.128
-79.222
-79.075
-78.95
-78.99
-78.846
-78.771
-78.84
-78.826
-78.989
-79.189
-79.077
-79.182
-79.267
-79.229
-79.281
-79.275
-79.315
-79.25
-79.379
-79.165
-79.241
-79.208
-79.353
-79.065
-79.312
-79.342
-79.245
-79.531
-79.456
-79.455
-79.506
-79.362
-79.606
-79.635
-79.782
-79.67
-79.866
-79.611
-79.76
-79.808
-79.68
-79.89
-79.623
-79.654
-79.71
-79.804
-79.696
-79.448
-79.731
-79.723
-79.572
-79.813
-79.591
-79.633
-79.433
-79.456
-79.128
-79.04
-79.085
-79.252
-79.28
-79.222
-79.115
-79.128
-79.244
-79.338
-79.235
-79.162
-79.204
-79.166
-79.21
-79.285
-79.283
-79.407
-79.155
-79.252
-79.413
-79.325
-79.287
-79.408
-79.522
-79.475
-79.499
-79.402
-79.63
-79.675
-79.699
-79.715
-79.737
-79.741
-79.764
-79.575
-79.657
-79.651
-79.354
-79.308
-79.233
-79.412
-79.207
-78.894
-78.947
-78.996
-78.919
-78.782
-78.715
-78.733
-78.924
-79.094
-79.308
-79.219
-79.196
-79.105
-79.293
-79.236
-79.265
-79.277
-79.387
-79.529
-79.38
-79.595
-79.683
-79.881
-79.644
-79.618
-79.425
-79.669
-79.747
-79.742
-79.501
-79.596
-79.624
-79.733
-79.793
-79.669
-79.585
-79.451
-79.411
-79.262
-79.357
-79.481
-79.152
-79.101
-79.156
-79.047
-79.109
-78.993
-79.059
-79.194
-79.282
-79.397
-79.498
-79.469
-79.42
-79.342
-79.34
-79.463
-79.392
-79.555
-79.566
-79.652
-79.68
-79.857
-79.842
-79.563
-79.599
-79.854
-79.813
-79.82
-79.765
-79.586
-79.587
-79.685
-79.635
-79.511
-79.851
-79.799
-79.929
-79.808
-79.935
-79.749
-79.687
-79.898
-79.41
-79.442
-79.27
-79.56
-79.547
-79.438
-79.435
-79.618
-79.66
-79.508
-79.484
-79.594
-79.612
-79.332
-79.687
-79.789
-79.852
-79.695
-79.561
-79.473
-79.655
-79.642
-79.425
-79.594
-79.498
-79.841
-79.878
-79.787
-79.76
-79.832
-79.634
-79.923
-80.03
-80.149
-80.101
-80.21
-79.84
-79.918
-79.846
-79.775
-79.766
-79.841
-79.974
-79.984
-80.082
-80.002
-79.662
-79.764
-79.408
-79.452
-79.464
-79.589
-79.578
-79.251
-79.218
-79.166
-79.315
-79.541
-79.537
-79.426
-79.504
-79.531
-79.679
-79.703
-79.677
-79.577
-79.583
-79.5
-79.472
-79.422
-79.171
-79.314
-79.506
-79.77
-79.839
-79.751
-79.725
-79.933
-79.811
-79.66
-79.465
-79.398
-79.5
-79.692
-79.703
-79.848
-79.877
-79.9
-80.137
-79.905
-79.949
-80.105
-80.113
-79.934
-79.92
-79.912
-79.837
-79.676
-79.796
-79.839
-80.066
-80.185
-80.204
-80.29
-80.318
-80.409
-80.289
-80.203
-80.24
-80.258
-80.244
-80.29
-80.031
-79.88
-79.911
-79.846
-79.77
-79.614
-79.618
-79.91
-80.062
-80.259
-80.145
-80.135
-80.069
-79.856
-79.784
-80.187
-80.214
-80.211
-80.262
-80.122
-80.026
-80.356
-80.372
-80.404
-80.387
-80.342
-80.294
-80.102
-79.829
-79.896
-79.857
-79.824
-80.072
-79.902
-79.789
-79.741
-79.828
-80.2
-80.007
-80.017
-79.893
-79.692
-79.917
-79.809
-79.607
-79.825
-79.78
-79.842
-79.778
-79.335
-79.485
-79.571
-79.598
-79.579
-79.838
-79.823
-80.004
-79.708
-79.636
-79.551
-79.638
-79.662
-79.648
-79.575
-79.463
-79.348
-79.257
-79.367
-79.328
-78.911
-79.102
-79.52
-79.583
-79.864
-79.798
-80.164
-80.186
-80.268
-80.306
-80.427
-80.548
-80.355
-80.446
-80.112
-79.917
-79.93
-79.969
-79.907
-80.151
-80.073
-80.009
-80.013
-79.768
-80.097
-79.99
-80.028
-80.169
-79.786
-79.932
-79.926
-79.819
-80.022
-79.64
-79.485
-79.411
-79.736
-79.82
-79.631
-79.638
-79.518
-79.587
-79.393
-79.556
-79.653
-79.62
-79.606
-79.509
-79.781
-79.683
-79.759
-79.843
-79.952
-79.778
-79.861
-79.779
-79.663
-79.677
-79.889
-80.02
-80.189
-80.276
-80.452
-80.184
-80.215
-80.099
-80.106
-80.008
-79.868
-79.992
-79.961
-80.101
-80.104
-80.184
-80.049
-79.794
-79.964
-79.873
-80.029
-80.142
-80.17
-80.429
-80.416
-80.32
-80.307
-80.239
-80.351
-80.458
-80.293
-79.942
-79.764
-79.866
-79.991
-80.094
-80.016
-79.934
-79.951
-79.957
-79.973
-80.041
-79.713
-79.785
-79.932
-79.989
-80.168
-80.202
-80.018
-79.901
-80.098
-80.38
-80.556
-80.343
-80.178
-79.819
-79.792
-79.88
-79.993
-80.173
-80.252
-80.41
-80.625
-80.303
-80.521
-80.477
-80.48
-80.347
-80.27
-80.03
-79.754
-79.925
-80.048
-79.943
-80.089
-80.152
-80.247
-80.251
-80.169
-79.714
-79.929
-79.88
-80.01
-79.813
-79.7
-79.472
-79.572
-79.506
-79.582
-79.781
-79.638
-79.636
-79.535
-79.428
-79.54
-79.635
-79.599
-79.776
-79.519
-79.496
-79.617
-79.606
-79.732
-79.596
