-93.666
-93.706
-93.677
-93.845
-93.855
-93.804
-93.73
-94
-94.206
-94.172
-93.951
-93.857
-93.746
-93.851
-93.768
-93.646
-93.661
-93.577
-93.649
-93.816
-93.711
-93.851
-94.04
-93.931
-94.066
-94.271
-94.377
-94.115
-94.154
-94.251
-93.853
-93.914
-94
-93.826
-93.861
-93.798
-93.662
-93.718
-93.755
-93.626
-93.753
-93.837
-93.905
-93.983
-93.909
-94.194
-94.133
-94.003
-94.121
-93.905
-93.934
-93.92
-93.924
-93.852
-93.696
-93.595
-93.557
-93.576
-93.452
-93.582
-93.611
-93.701
-93.687
-93.991
-93.985
-94.073
-93.901
-93.908
-93.771
-93.737
-93.701
-93.851
-93.877
-93.748
-93.707
-93.866
-93.948
-93.974
-94.214
-94.15
-94.351
-94.39
-94.193
-94.254
-94.204
-93.968
-94.23
-94.383
-94.278
-94.378
-94.318
-94.29
-94.405
-94.311
-94.272
-94.465
-94.627
-94.678
-94.668
-94.673
-94.616
-94.866
-94.942
-95.065
-95.093
-94.848
-95.35
-95.249
-95.359
-95.353
-95.41
-95.307
-95.279
-95.544
-95.627
-95.725
-96.03
-95.932
-95.95
-95.848
-95.721
-95.474
-95.304
-95.121
-95.12
-94.906
-94.962
-95.105
-94.958
-94.807
-94.885
-94.924
-94.856
-94.344
-93.758
-93.043
-92.689
-91.622
-90.741
-89.717
-88.742
-88.097
-87.162
-86.534
-85.787
-85.141
-84.548
-83.699
-83.154
-82.581
-81.905
-81.229
-80.781
-80.467
-79.694
-79.313
-79.083
-78.852
-78.693
-78.331
-77.734
-76.754
-76.27
-75.253
-74.175
-73.624
-72.399
-71.166
-70.447
-69.733
-69.303
-68.76
-68.291
-67.514
-66.905
-66.136
-65.874
-65.596
-65.026
-64.459
-64.081
-63.437
-62.92
-62.547
-61.728
-60.828
-60.055
-59.413
-58.732
-57.889
-57.352
-56.539
-55.858
-55.156
-54.465
-53.856
-52.886
-51.612
-49.856
-46.244
-45
-45
-45
-45
-45
-45
-45
-45
-45
-45
-45
-45
-45
-45
-51.264
-57.412
-62.155
-65.186
-67.267
-68.564
-69.208
-69.744
-69.795
-69.564
-69.198
-68.618
-67.794
-67.253
-66.561
-65.636
-64.776
-64.16
-63.122
-62.286
-61.192
-60.505
-59.772
-58.964
-58.599
-57.754
-57.038
-56.694
-56.204
-55.232
-54.209
-53.252
-51.886
-50.288
-48.016
-45
-45
-45
-45
-45
-45
-45
-45
-45
-45
-45
-45
-45
-45
-49.026
-55.334
-60.108
-63.052
-65.118
-67.017
-68.169
-68.842
-69.321
-69.47
-69.588
-69.604
-69.469
-69.266
-69.287
-69.063
-69.002
-68.816
-68.712
-68.426
-68.549
-68.477
-68.376
-68.061
-68.115
-67.817
-67.839
-67.738
-67.85
-67.92
-67.865
-67.71
-67.536
-67.842
-67.711
-67.75
-67.573
-67.616
-67.554
-67.37
-67.397
-67.505
-67.528
-67.592
-67.608
-67.783
-67.501
-67.668
-67.753
-68.001
-68.032
-68.224
-68.446
-68.289
-68.102
-67.782
-67.329
-67.113
-66.647
-66.389
-66.091
-65.966
-65.632
-65.617
-65.368
-65.193
-65.021
-64.707
-64.501
-64.115
-63.815
-63.513
-63.358
-63.03
-62.566
-62.004
-61.732
-61.378
-61.319
-61.04
-60.955
-60.932
-60.64
-60.504
-60.379
-60.076
-60.572
-60.267
-60.191
-59.922
-59.969
-59.944
-59.747
-59.997
-60.012
-60.214
-60.106
-60.227
-60.249
-60.164
-60.192
-60.248
-60.396
-60.501
-60.332
-60.222
-60.244
-60.625
-60.508
-60.843
-60.732
-61.152
-60.884
-60.96
-61.025
-60.87
-61.101
-61.161
-61.557
-61.927
-61.816
-61.19
-60.654
-59.443
-58.432
-57.535
-56.135
-55.011
-53.836
-52.024
-50.131
-46.769
-45
-45
-45
-45
-45
-45
-45
-45
-45
-45
-45
-45
-45
-45
-49.416
-55.338
-59.903
-62.801
-65.025
-66.511
-67.163
-67.108
-66.838
-66.531
-66.225
-65.823
-65.187
-64.761
-64.118
-63.72
-63.078
-62.256
-61.89
-61.307
-60.576
-59.206
-58.183
-56.867
-55.325
-53.89
-52.162
-50.211
-47.154
-45
-45
-45
-45
-45
-45
-45
-45
-45
-45
-45
-45
-45
-45
-49.942
-54.983
-58.807
-61.051
-62.585
-63.369
-63.457
-63.25
-62.595
-62.514
-61.957
-61.401
-60.819
-60.12
-59.65
-59.121
-58.661
-57.957
-57.263
-56.211
-54.963
-54.142
-53.158
-51.94
-50.725
-49.056
-46.498
-45
-45
-45
-45
-45
-45
-45
-45
-45
-45
-45
-45
-45
-45.533
-50.902
-55.166
-58.217
-60.312
-61.322
-61.71
-61.507
-61.236
-61.149
-60.486
-59.946
-59.539
-59.253
-58.783
-58.027
-57.456
-56.975
-56.104
-55.846
-55.542
-54.721
-53.923
-52.939
-51.616
-50.109
-48.472
-45.739
-45
-45
-45
-45
-45
-45
-45
-45
-45
-45
-45
-45
-45
-48.499
-53.986
-58.329
-61.434
-63.447
-64.683
-65.22
-65.584
-65.531
-65.453
-65.093
-65.029
-64.762
-64.728
-64.558
-63.912
-63.773
-63.196
-62.597
-62.165
-61.558
-61.156
-60.394
-60.038
-59.669
-59.4
-58.95
-58.781
-58.587
-58.124
-57.782
-57.384
-56.432
-55.329
-53.932
-52.595
-50.824
-48.412
-45
-45
-45
-45
-45
-45
-45
-45
-45
-45
-45
-45
-45
-45
-46.985
-52.639
-56.93
-59.438
-61.485
-62.781
-63.041
-63.449
-63.276
-62.836
-62.416
-61.836
-61.429
-60.74
-60.083
-59.229
-58.599
-58.193
-57.419
-56.923
-56.193
-55.395
-54.233
-53.306
-52.248
-51.316
-49.847
-48.102
-45.141
-45
-45
-45
-45
-45
-45
-45
-45
-45
-45
-45
-45
-45
-49.871
-55.585
-59.981
-63.015
-65.335
-66.771
-67.563
-68.007
-68.532
-68.889
-68.758
-68.505
-68.618
-68.424
-68.101
-67.164
-66.212
-64.898
-63.654
-62.808
-61.589
-60.306
-59.055
-57.823
-56.765
-55.438
-54.576
-53.531
-52.369
-50.876
-49.019
-45.781
-45
-45
-45
-45
-45
-45
-45
-45
-45
-45
-45
-45
-45
-47.522
-53.361
-58.359
-62.115
-64.618
-66.001
-67.044
-67.713
-68.173
-68.039
-67.88
-67.8
-67.429
-67.242
-66.907
-66.491
-66.104
-65.877
-65.802
-65.698
-65.626
-65.656
-65.445
-65.084
-64.541
-64.054
-63.392
-62.9
-62.441
-61.999
-61.372
-60.772
-60.016
-59.66
-59.013
-58.213
-57.32
-56.681
-55.988
-55.137
-54.579
-53.639
-52.819
-51.53
-49.967
-47.895
-45
-45
-45
-45
-45
-45
-45
-45
-45
-45
-45
-45
-45
-45
-50.555
-56.773
-61.627
-65.414
-67.707
-69.247
-70.398
-71.515
-72.224
-72.569
-72.769
-72.783
-72.931
-73.011
-73.385
-73.708
-73.848
-74.166
-74.228
-74.363
-74.362
-74.533
-74.593
-74.673
-74.718
-75
-75.016
-75.432
-75.666
-75.964
-76.028
-75.841
-75.964
-75.937
-76.17
-76.135
-76.218
-76.51
-76.495
-76.773
-76.992
-76.868
-77.089
-77.192
-77.428
-77.721
-77.752
-77.811
-77.958
-77.944
-78.411
-78.739
-78.847
-79.092
-79.198
-79.238
-79.101
-79.277
-79.365
-79.461
-79.786
-80.11
-80.265
-80.306
-80.391
-80.545
-80.839
-80.798
-81.174
-81.5
-81.633
-82
-82.325
-82.309
-82.45
-82.693
-82.929
-82.825
-82.899
-83.089
-83.332
-83.594
-83.567
-83.467
-83.756
-83.694
-84.106
-84.254
-84.242
-84.177
-84.244
-84.524
-84.758
-84.992
-85.058
-85.419
-85.415
-85.655
-85.493
-85.553
-85.61
-85.673
-86.142
-86.467
-86.817
-86.974
-87.174
-87.753
-87.897
-87.983
-87.832
-87.865
-88.195
-88.542
-88.59
-88.625
-88.764
-88.716
-88.799
-89.006
-89.355
-89.599
-89.512
-89.598
-89.394
-89.52
-89.698
-89.818
-89.739
-89.82
-90.025
-90.1
-90.026
-90.225
-90.227
-90.217
-90.501
-90.546
-90.709
-90.947
-90.825
-90.923
-91.035
-91.117
-91.11
-91.178
-91.18
-90.99
-91.072
-91.116
-91.225
-91.279
-91.144
-91.118
-91.232
-91.054
-91.356
-91.409
-91.123
-91.091
-90.961
-90.911
-90.967
-90.978
-91.194
-91.358
-91.388
-91.364
-91.803
-91.975
-91.999
-92.074
-92.134
-92.309
-92.174
-92.517
-92.745
-92.935
-93.18
-93.044
-92.84
-92.802
-92.944
-92.759
-92.559
-92.814
-92.854
-92.866
-93.103
-93.19
-93.316
-93.127
-92.959
-93.05
-93.332
-93.616
-93.274
-93.244
-93.479
-93.908
-93.736
-93.666
-93.808
-93.969
-94.3
-94.082
-93.94
-93.921
-93.959
-93.866
-93.647
-93.7
-93.482
-93.703
-93.825
-93.916
-94.02
-94.138
-93.808
-93.768
-93.97
-93.875
-94.007
-93.944
-93.932
-93.921
-93.951
-94.023
-94.049
-94.214
-94.004
-94.06
-94.218
-94.302
-94.398
-94.154
-94.145
-94.307
-94.226
-94.292
-94.278
-94.147
-94.154
-93.926
-93.491
-93.22
-92.791
-92.341
-91.933
-91.573
-90.916
-90.733
-90.205
-89.794
-89.75
-89.916
-89.418
-89.353
-89.155
-88.889
-88.534
-88.369
-88.27
-88.164
-87.956
-88.03
-87.899
-87.839
-87.729
