-88.86
-88.662
-88.537
-88.37
-87.94
-87.904
-87.884
-87.713
-87.833
-87.645
-87.339
-87.238
-87.153
-87.334
-87.152
-86.924
-86.974
-87.319
-87.286
-87.217
-86.928
-86.885
-86.95
-86.842
-86.698
-86.718
-86.797
-86.817
-86.753
-86.908
-86.601
-86.241
-86.361
-86.328
-86.353
-86.293
-86.468
-86.393
-86.081
-86.343
-86.489
-86.431
-86.494
-86.351
-86.314
-86.056
-85.999
-85.654
-85.482
-85.273
-84.999
-85.076
-85.198
-85.096
-84.875
-84.951
-85.155
-85.339
-85.365
-85.09
-85.003
-84.701
-83.978
-82.46
-80.967
-79.303
-77.878
-76.169
-74.795
-73.219
-71.493
-69.822
-68.176
-66.966
-65.623
-64.512
-63.354
-62.52
-61.574
-60.538
-60.136
-59.558
-58.84
-58.257
-57.613
-56.829
-55.932
-55.355
-54.669
-53.931
-52.726
-51.55
-49.71
-46.317
-45
-45
-45
-45
-45
-45
-45
-45
-45
-45
-45
-45
-45
-45
-50.662
-56.857
-61.822
-64.884
-66.886
-68.607
-69.597
-70.268
-70.432
-70.305
-70.293
-70.041
-70.123
-70.404
-70.454
-69.925
-69.933
-69.664
-69.545
-69.542
-69.465
-69.676
-69.715
-69.679
-69.46
-69.331
-69.175
-69.02
-68.929
-68.378
-68.241
-68.218
-68.099
-67.676
-67.519
-67.407
-67.164
-67.297
-67.366
-67.262
-66.975
-66.687
-66.461
-66.372
-66.252
-66.265
-66.296
-65.966
-65.679
-65.728
-65.931
-65.799
-65.415
-65.116
-65.218
-65.18
-65.123
-65.181
-65.195
-65.21
-65.246
-65.163
-64.818
-64.851
-64.984
-65.311
-65.175
-65.528
-65.597
-65.543
-65.506
-65.499
-65.597
-65.554
-65.565
-65.504
-65.468
-65.489
-65.839
-66.09
-66.053
-65.794
-65.566
-65.328
-65.097
-64.832
-64.568
-64.181
-64.023
-63.919
-63.78
-63.429
-63.192
-63.088
-62.966
-62.707
-62.641
-62.581
-62.546
-62.266
-62.028
-61.758
-61.437
-61.361
-61.041
-60.703
-60.5
-60.364
-60.25
-59.847
-59.165
-58.708
-58.245
-57.903
-57.442
-57.076
-56.849
-56.249
-55.848
-55.511
-54.863
-54.275
-53.797
-52.674
-51.603
-49.834
-46.381
-45
-45
-45
-45
-45
-45
-45
-45
-45
-45
-45
-45
-45
-45
-50.667
-56.72
-61.323
-64.83
-67.076
-68.353
-69.145
-69.584
-70.033
-70.07
-70.019
-69.911
-69.792
-69.387
-69.195
-69.075
-69.136
-69.005
-68.977
-69.065
-68.781
-68.734
-68.522
-68.18
-68.028
-67.73
-67.744
-67.767
-67.537
-67.527
-67.477
-67.407
-67.441
-67.688
-67.788
-67.777
-67.784
-67.97
-68.092
-68.485
-68.337
-68.589
-68.834
-68.695
-68.603
-68.682
-68.761
-68.918
-69.158
-68.672
-68.92
-68.912
-68.93
-68.573
-68.334
-68.017
-67.616
-67.33
-67.225
-66.795
-66.237
-66.366
-66.077
-65.978
-65.769
-65.8
-65.782
-65.612
-65.461
-65.304
-65.196
-64.797
-64.897
-64.723
-64.986
-64.9
-64.73
-64.776
-64.721
-64.923
-65.19
-65.168
-65.118
-64.838
-65.129
-65.357
-65.625
-65.538
-65.585
-65.921
-66.089
-66.146
-66.218
-66.094
-66.01
-65.871
-66.016
-66.077
-66.068
-66.404
-66.57
-66.738
-67.071
-67.103
-67.453
-67.366
-67.538
-67.52
-67.574
-67.613
-67.787
-67.742
-67.671
-67.847
-67.79
-67.914
-67.977
-68.145
-68.245
-68.245
-68.329
-68.224
-68.044
-68.449
-68.597
-68.618
-68.778
-68.806
-68.845
-69.046
-69.11
-69.133
-69.233
-69.007
-68.728
-68.811
-68.953
-69.211
-69.391
-69.479
-69.441
-69.221
-69.526
-69.55
-69.721
-69.483
-69.877
-70.182
-70.207
-70.374
-70.51
-70.566
-70.569
-70.694
-70.97
-71.19
-71.423
-71.52
-71.419
-71.596
-71.649
-72.003
-72.018
-72.056
-72.017
-72.248
-71.999
-71.637
-71.185
-71.254
-70.974
-70.871
-70.538
-70.243
-70.108
-69.693
-69.629
-69.669
-69.394
-69.053
-69.008
-69.171
-69.19
-69.116
-68.963
-68.911
-68.713
-68.92
-68.667
-68.568
-68.583
-68.887
-68.471
-68.132
-67.971
-67.767
-67.418
-67.237
-66.872
-66.627
-66.184
-66.006
-66.039
-66.233
-66.016
-65.739
-65.721
-65.552
-65.47
-65.501
-65.295
-64.892
-64.355
-64.369
-63.934
-63.462
-63.17
-62.986
-62.382
-61.686
-61.673
-60.939
-60.007
-58.81
-57.981
-56.518
-55.258
-53.986
-52.238
-49.911
-46.269
-45
-45
-45
-45
-45
-45
-45
-45
-45
-45
-45
-45
-45
-45
-49.713
-56.108
-60.676
-63.701
-66.132
-67.399
-68.15
-68.59
-68.835
-68.961
-68.692
-68.532
-67.944
-67.132
-66.627
-66.102
-65.271
-64.895
-64.113
-63.623
-63.494
-63.309
-62.984
-62.466
-62.331
-62.258
-61.761
-61.446
-60.805
-60.755
-60.641
-60.704
-60.359
-60.166
-60.058
-60.013
-59.923
-59.853
-59.551
-59.277
-59.192
-59.137
-58.946
-58.63
-58.421
-58.126
-57.873
-57.707
-57.617
-57.395
-57.338
-56.765
-56.584
-56.349
-56.057
-55.962
-55.708
-55.205
-54.909
-54.373
-53.284
-52.234
-50.869
-48.813
-45.196
-45
-45
-45
-45
-45
-45
-45
-45
-45
-45
-45
-45
-45
-47.095
-54.143
-59.862
-64.11
-66.881
-68.796
-69.949
-71.115
-71.443
-71.593
-72.062
-72.004
-72.269
-72.244
-72.31
-72.455
-72.425
-72.383
-72.673
-72.784
-72.771
-72.784
-72.952
-72.933
-73.181
-73.286
-73.332
-73.452
-73.653
-73.208
-73.127
-73.276
-73.528
-73.473
-73.317
-73.083
-72.864
-72.882
-72.611
-72.309
-71.829
-71.381
-71.096
-70.761
-70.197
-69.824
-69.402
-69.435
-69.077
-68.69
-68.62
-68.224
-68.043
-67.856
-67.818
-67.649
-67.41
-67.195
-67.307
-67.374
-67.123
-67.2
-66.858
-67.036
-66.871
-66.82
-66.785
-66.94
-66.882
-66.904
-66.853
-67.066
-67.268
-67.497
-67.608
-67.574
-67.674
-67.788
-67.881
-68.005
-68.373
-68.503
-68.766
-68.919
-68.965
-69.046
-69.047
-68.659
-68.521
-68.37
-68.147
-67.903
-67.704
-67.74
-67.836
-67.982
-68.038
-68.138
-67.91
-68
-67.891
-67.962
-67.986
-67.98
-68.127
-68.381
-68.57
-68.65
-68.793
-68.77
-68.94
-69.187
-69.469
-69.651
-69.993
-70.001
-70.232
-70.651
-70.584
-70.354
-70.28
-70.342
-69.699
-69.318
-69.35
-69.257
-69.169
-68.904
-68.799
-68.674
-68.661
-68.402
-68.304
-67.856
-67.73
-67.663
-67.797
-67.753
-67.764
-67.893
-67.384
-67.309
-67.357
-67.355
-67.564
-67.751
-67.934
-67.805
-67.941
-67.769
-67.861
-68.16
-68.39
-68.494
-68.435
-68.686
-68.806
-69.063
-69.143
-69.443
-69.588
-69.757
-69.575
-69.537
-69.737
-69.843
-70.23
-70.142
-70.438
-70.473
-70.216
-70.524
-70.713
-70.75
-71.029
-71.002
-71.032
-70.626
-70.828
-71.056
-71.01
-71.382
-71.591
-71.623
-71.796
-72.096
-72.291
-72.488
-72.603
-72.555
-72.632
-72.575
-72.72
-72.91
-72.807
-72.822
-72.947
-73.072
-73.406
-73.437
-73.58
-73.51
-73.797
-73.541
-73.789
-73.838
-73.877
-74.006
-74.145
-74.662
-74.659
-74.543
-74.85
-74.808
-74.896
-75.164
-75.282
-75.439
-75.416
-75.65
-75.806
-75.905
-76.169
-76.455
-76.469
-76.582
-77.04
-77.185
-77.176
-77.264
-77.359
-77.727
-77.739
-77.92
-78.094
-78.035
-78.048
-78.431
-78.704
-78.871
-79.248
-79.595
-79.81
-80.077
-80.309
-80.511
-80.478
-80.988
-80.919
-81.277
-81.2
-81.275
-81.312
-81.356
-81.523
-81.459
-81.612
-81.776
-82.031
-81.954
-82.217
-82.085
-82.479
-82.377
-82.438
-82.627
-82.923
-82.764
-82.561
-82.65
-82.685
-82.85
-82.923
-83.099
-82.868
-82.644
-82.653
-82.662
-82.848
-82.76
-83.051
-83.349
-83.2
-83.385
-83.284
-83.426
-83.662
-83.762
-83.916
-84.267
-84.438
-84.637
-84.943
-85.107
-85.191
-85.137
-85.401
-85.623
-85.768
-86.14
-86.43
-86.323
-86.195
-86.077
-86.177
-86.115
-86.229
-86.231
-85.892
-85.994
-86.112
-86.355
-86.243
-86.412
-86.401
-86.517
-86.369
-86.529
-86.727
-86.793
-86.881
-86.956
-87.153
-87.168
-87.403
-87.151
-87.211
-87.511
-87.611
-87.449
-87.568
-87.599
-87.82
-87.812
-88.159
-88.042
-88.329
-88.27
-88.282
-88.408
-88.484
-88.487
-88.668
-88.617
-88.427
-88.488
-88.67
-88.654
-88.609
-88.835
-88.791
-88.981
-89.097
-89.395
-89.492
-89.347
-89.297
-89.743
-90.009
-89.981
-89.851
-89.909
-89.748
-89.931
-90.044
-90.028
-90.075
-90.188
-90.292
-90.498
-90.671
-90.587
-90.481
-90.795
-90.773
-90.962
-90.704
-90.747
-90.712
-90.629
-90.298
-90.284
-90.323
-90.337
-90.154
-90.265
-90.261
-89.879
-89.88
-89.622
-89.764
-89.711
-89.792
-89.892
-89.923
-90.061
-90.219
-90.055
-90.209
-90.439
-90.691
-90.934
-91.238
-91.188
-91.438
-91.451
-91.519
-91.763
-91.829
-91.834
-91.91
-91.753
-91.569
-91.246
-91.356
-91.382
-91.494
-91.338
-91.249
-91.285
-91.156
-91.24
-91.197
-91.467
-91.827
-91.52
-91.532
-91.433
-91.468
