-78.666
-78.587
-78.659
-78.645
-78.621
-78.425
-78.61
-78.868
-79.018
-78.928
-78.704
-78.508
-78.368
-78.257
-78.174
-78.098
-78.298
-78.42
-78.129
-78.076
-77.928
-78.048
-78.295
-78.142
-78.01
-77.916
-77.744
-77.849
-77.755
-77.618
-77.71
-77.571
-77.163
-77.113
-77.035
-77.179
-77.305
-77.279
-77.14
-77.246
-77.34
-77.399
-77.507
-77.574
-77.314
-77.173
-76.959
-76.931
-77.012
-77.179
-77.409
-77.087
-77.124
-76.872
-76.748
-76.667
-76.695
-76.717
-76.552
-76.658
-76.72
-76.409
-76.342
-76.305
-76.076
-76.282
-76.467
-76.501
-76.353
-76.414
-76.193
-75.923
-76.15
-76.214
-76.327
-76.116
-76.076
-76.387
-76.612
-77.118
-77.122
-77.32
-77.22
-77.14
-76.895
-76.733
-76.751
-76.556
-76.018
-75.681
-75.459
-75.02
-74.355
-74.279
-74.142
-73.898
-73.582
-73.598
-73.361
-73.031
-73.135
-73.311
-72.984
-72.637
-72.498
-73.114
-73.988
-75.379
-76.173
-76.916
-77.373
-77.841
-78.174
-78.268
-78.389
-78.582
-78.616
-78.475
-78.39
-78.147
-78.286
-78.141
-78.243
-78.129
-78.221
-78.311
-78.312
-78.7
-79.02
-79.228
-79.322
-79.076
-79.113
-79.038
-78.838
-78.677
-78.478
-78.569
-78.57
-78.565
-78.479
-78.354
-78.445
-78.359
-78.609
-78.65
-78.766
-78.824
-78.959
-78.689
-78.4
-78.572
-78.577
-78.892
-79.005
-78.964
-79.022
-79.284
-79.259
-79.34
-79.218
-79.31
-79.295
-79.267
-79.515
-79.357
-79.438
-79.447
-79.495
-79.44
-79.705
-79.843
-79.592
-79.5
-79.543
-79.609
-79.296
-79.445
-79.442
-79.234
-79.077
-79.074
-79.085
-78.981
-78.99
-78.867
-78.884
-78.935
-79.067
-79.077
-79.104
-78.906
-78.8
-78.713
-78.735
-78.819
-78.811
-78.95
-78.955
-78.969
-78.787
-78.843
-78.827
-78.829
-79.018
-79.054
-79.206
-79.246
-78.814
-78.729
-78.751
-79.042
-79.048
-79.019
-79.103
-79.049
-78.751
-78.671
-78.256
-78.152
-77.844
-77.734
-77.658
-77.306
-77.107
-77.038
-76.661
-76.613
-76.651
-76.393
-76.261
-76.451
-76.533
-76.561
-76.702
-76.568
-76.872
-76.981
-77.029
-77.236
-77.531
-77.586
-77.668
-77.728
-77.458
-77.089
-76.793
-76.773
-76.564
-76.702
-76.915
-77.135
-77.008
-77.032
-76.74
-76.853
-77.049
-77.157
-77.417
-77.452
-77.407
-77.481
-77.681
-77.751
-77.604
-77.667
-77.904
-77.724
-77.792
-77.741
-77.641
-77.789
-77.91
-78.293
-78.369
-78.438
-78.626
-78.413
-78.263
-78.463
-78.107
-77.602
-77.606
-76.982
-76.74
-76.587
-76.993
-76.871
-77.045
-77.209
-77.513
-77.402
-77.461
-77.508
-77.178
-77.233
-76.976
-77.228
-77.22
-77.275
-77.146
-77.075
-76.598
-76.598
-76.689
-76.468
-76.413
-76.58
-76.371
-76.502
-76.365
-76.279
-76.351
-76.238
-75.864
-76.061
-76.192
-75.99
-75.955
-76.046
-76.297
-76.291
-76.537
-76.745
-77.115
-77.12
-77.301
-77.366
-77.164
-77.28
-77.097
-77.257
-77.111
-77.219
-77.552
-77.7
-77.695
-77.698
-77.758
-77.733
-77.902
-78.033
-78.084
-78.047
-78.131
-78.195
-78.397
-78.738
-78.884
-79
-78.869
-78.955
-79.143
-79.247
-79.189
-79.171
-78.887
-78.887
-78.947
-78.652
-78.39
-78.458
-78.574
-78.585
-78.42
-78.38
-78.128
-77.926
-77.741
-77.534
-76.725
-76.453
-76.117
-75.272
-74.126
-72.419
-70.825
-69.753
-68.341
-67.023
-65.245
-63.521
-61.97
-60.193
-58.489
-57.287
-55.86
-54.697
-53.434
-52.202
-50.522
-48.142
-45
-45
-45
-45
-45
-45
-45
-45
-45
-45
-45
-45
-45
-45
-47.18
-53.005
-57.59
-60.529
-62.426
-63.496
-63.969
-63.972
-64.1
-64.233
-63.916
-63.603
-63.313
-63.071
-62.44
-61.804
-61.336
-60.949
-60.655
-60.167
-59.901
-59.019
-58.795
-60.595
-63.197
-65.7
-67.257
-68.765
-69.398
-69.551
-69.818
-69.784
-69.604
-69.357
-68.998
-68.445
-68.261
-68.109
-68.057
-68.047
-67.859
-67.747
-67.906
-68.191
-68.193
-68.55
-68.748
-69.12
-68.974
-68.967
-69.146
-69.27
-69.495
-69.583
-69.931
-70.152
-70.382
-70.809
-71.099
-71.573
-71.916
-72.203
-72.59
-72.81
-73.571
-73.925
-74.555
-74.965
-75.426
-75.824
-75.966
-76.224
-76.47
-76.514
-76.691
-76.828
-76.478
-76.411
-76.171
-76.384
-76.414
-76.467
-76.445
-76.422
-76.088
-75.708
-75.406
-75.198
-75.07
-75.034
-74.738
-74.279
-74.324
-74.157
-74.28
-74.339
-74.606
-75.013
-75.376
-75.461
-75.699
-76.059
-76.006
-75.062
-74.067
-72.868
-71.643
-70.329
-69.323
-68.464
-67.977
-67.425
-66.997
-67.228
-67.064
-67.013
-67.182
-67.329
-67.852
-68.145
-68.224
-68.432
-68.642
-68.919
-69.287
-69.566
-69.949
-70.162
-70.421
-70.63
-71.124
-71.304
-71.606
-72.046
-71.948
-71.973
-72.475
-72.643
-72.966
-73.506
-73.921
-74.366
-74.75
-75.262
-75.588
-76.094
-76.226
-76.459
-76.532
-76.74
-76.489
-76.364
-76.307
-76.148
-76.175
-76.448
-76.299
-76.315
-75.863
-75.965
-75.74
-74.946
-74.354
-73.684
-73.368
-72.972
-72.812
-72.417
-72.581
-72.547
-72.507
-72.117
-71.26
-70.628
-69.834
-69.293
-68.927
-68.681
-68.777
-68.598
-68.751
-68.672
-68.49
-68.355
-68.543
-68.818
-69.117
-69.53
-69.737
-70
-70.393
-70.473
-70.974
-71.047
-71.003
-71.157
-71.592
-71.7
-71.905
-72.365
-72.496
-72.669
-72.969
-73.144
-73.429
-73.717
-73.777
-74.149
-74.491
-74.697
-74.83
-75.142
-75.097
-75.312
-75.278
-75.474
-75.373
-75.548
-75.566
-75.631
-75.735
-75.892
-75.886
-76.023
-76.181
-76.148
-76.305
-76.375
-76.417
-76.334
-76.92
-76.711
-76.753
-76.784
-76.665
-76.78
-76.661
-76.721
-76.689
-76.915
-76.878
-76.911
-76.694
-76.458
-75.649
-75.301
-74.728
-74.525
-74.182
-73.629
-73.489
-73.308
-73.296
-73.129
-73.091
-73.23
-73.236
-73.047
-73.198
-73.184
-73.342
-73.519
-73.581
-73.902
-74.628
-75.641
-76.46
-77.122
-77.525
-77.716
-77.823
-77.942
-78.038
-78.216
-78.218
-78.359
-78.405
-78.548
-78.712
-78.848
-78.917
-79.129
-79.11
-79.003
-78.993
-78.946
-78.864
-78.949
-78.975
-78.699
-78.689
-78.838
-78.651
-78.767
-78.961
-78.844
-79.076
-78.846
-78.913
-78.945
-78.964
-79.122
-78.894
-78.941
-78.707
-78.849
-79.08
-79.37
-79.282
-79.281
-79.083
-79.117
-79.067
-79.187
-79.139
-79.244
-79.3
-79.111
-79.291
-79.014
-78.939
-78.698
-78.647
-78.351
-78.501
-78.597
-78.678
-78.813
-78.731
-78.89
-78.867
-78.672
-78.724
-78.833
-79.014
-79.297
-79.061
-78.985
-78.928
-79.118
-79.239
-79.248
-79.213
-79.108
-79.161
-79.189
-79.298
-79.16
-79.285
-79.49
-79.596
-79.779
-79.896
-79.894
-79.973
-80.075
-79.982
-80.2
-80.02
-79.823
-79.523
-79.723
-79.637
-79.675
-79.466
-79.55
-79.429
-79.459
-79.726
-79.838
-79.743
-79.742
-80.053
-80.033
-79.95
-80.201
-80.269
-80.211
-80.002
-79.853
-79.929
-80.011
-79.825
-79.937
-80.006
-80.033
-80.004
-80
-79.905
-79.789
-79.977
-79.729
-79.879
-79.609
-79.518
-79.49
-79.577
-79.485
-79.732
-79.788
-79.732
-79.864
-79.901
-80.157
-79.872
-80.138
-80.123
-80.095
-80.041
-80.15
-80.134
-80.323
-80.169
-80.021
-80.026
-80.042
-79.835
-79.844
-79.951
-80.054
-80.185
-80.066
-80.137
-80.147
-80.314
-80.255
-80.627
-80.468
-80.532
-80.372
-80.062
-80.31
-80.24
-80.206
-80.409
-80.379
-80.215
-80.106
-79.972
-80.079
-80.171
-80.324
-80.553
-80.532
-80.428
-80.487
-80.879
-80.604
-80.49
-80.566
-80.713
-80.996
-80.81
-80.719
-80.472
-80.325
-80.062
-80.182
-80.152
-80.36
-80.356
-80.343
-80.531
-80.466
-80.402
-80.084
-80.061
-80.227
-80.127
-80.101
-79.968
-80.008
-80.014
-80.066
-80.105
-79.905
-80.032
-79.964
-79.772
-79.484
-79.559
-79.624
-79.618
-79.667
-79.378
-79.388
-79.476
-79.771
-79.553
-79.807
-80.05
-80.076
-80.22
-80.35
-80.332
-80.305
-80.328
-80.441
-80.349
-80.089
-80.229
-80.639
-80.809
-80.825
-80.683
-80.548
-80.587
-80.411
-80.345
-80.555
-80.456
-80.872
-81.025
-80.905
-80.926
-80.56
-80.63
-80.552
-80.563
-80.913
-80.808
-80.657
-80.601
-80.475
-80.453
-80.325
-79.855
-79.829
-79.478
-79.212
-78.934
-78.798
-78.377
-78.124
-77.691
-77.578
-77.449
-77.285
-77.351
-77.167
-77.136
-77.265
-77.134
-76.924
-76.991
-76.946
-76.995
-76.615
-76.513
-76.76
-76.778
-76.923
-76.911
-77.079
-77.226
-76.908
-76.94
-77.208
-77.268
-77.141
-77.06
-77.095
-77.077
-77.024
-77.188
-77.584
-77.348
-77.458
-77.513
-77.5
-77.406
-77.388
-77.622
-77.813
-78.071
-78.062
-78.089
-78.406
-78.586
-78.485
-78.346
-78.515
-78.67
-78.548
-78.501
-78.5
-78.629
-78.551
-78.679
-78.688
-78.836
-79.093
-79.375
-79.021
-79.306
