-90.678
-90.675
-90.661
-90.828
-91.097
-91.476
-91.353
-91.404
-91.549
-91.558
-91.651
-91.549
-91.638
-91.689
-91.894
-91.944
-91.92
-91.923
-92.1
-92.046
-92.116
-92.314
-92.369
-92.378
-92.513
-92.501
-92.478
-92.553
-92.69
-92.795
-92.483
-92.341
-92.567
-92.291
-92.327
-92.356
-92.458
-92.697
-92.512
-92.732
-92.63
-92.837
-92.885
-92.961
-92.987
-92.901
-93.142
-92.903
-93.041
-93.032
-93.215
-93.325
-93.287
-93.28
-93.327
-93.16
-93.284
-93.454
-93.549
-93.553
-93.554
-93.502
-93.346
-93.271
-93.292
-93.374
-93.307
-93.246
-93.43
-93.519
-93.738
-93.802
-94.075
-94.07
-93.914
-94.169
-94.029
-93.788
-93.402
-93.269
-93.262
-93.115
-93.012
-93
-92.98
-93.064
-93.07
-92.969
-92.724
-92.897
-92.801
-92.732
-92.415
-92.503
-92.434
-92.554
-92.608
-92.602
-92.355
-92.291
-92.226
-91.915
-91.568
-91.01
-90.44
-90.105
-89.951
-89.496
-89.075
-88.475
-88.201
-87.746
-87.534
-86.869
-86.542
-86.339
-85.926
-85.582
-85.32
-84.975
-84.7
-84.372
-84.115
-83.725
-83.528
-83.18
-83.009
-82.928
-82.828
-82.779
-82.589
-82.369
-82.279
-81.83
-81.791
-81.95
-81.585
-81.463
-81.366
-81.029
-81.153
-81.037
-80.966
-80.866
-80.757
-80.549
-80.047
-79.726
-79.477
-79.189
-78.73
-78.074
-77.515
-77.076
-76.916
-75.908
-75.351
-74.751
-74.239
-73.806
-73.174
-72.614
-71.853
-71.239
-70.854
-70.477
-70.07
-69.716
-69.463
-69.021
-68.806
-68.518
-68.42
-67.981
-67.589
-67.35
-66.79
-66.696
-66.01
-65.573
-64.952
-64.445
-63.974
-63.586
-63.392
-62.865
-62.338
-62.159
-61.832
-61.212
-60.725
-59.961
-59.285
-58.345
-57.547
-56.869
-55.948
-55.069
-54.148
-52.891
-51.092
-48.963
-45
-45
-45
-45
-45
-45
-45
-45
-45
-45
-45
-45
-45
-45
-45.054
-51.413
-57.062
-61.362
-63.815
-65.475
-66.642
-67.245
-67.77
-67.85
-67.918
-67.86
-67.808
-67.914
-67.666
-67.37
-66.971
-66.501
-65.969
-65.746
-65.693
-65.257
-65.167
-64.632
-64.428
-64.238
-63.674
-63.487
-63.923
-64.017
-63.992
-63.767
-63.697
-63.572
-63.555
-63.654
-63.424
-63.414
-63.455
-63.423
-63.437
-63.762
-63.476
-63.409
-63.318
-63.254
-62.857
-62.813
-62.724
-62.645
-62.202
-61.82
-61.419
-61.084
-60.746
-60.393
-60.059
-59.982
-59.703
-59.396
-58.948
-58.812
-58.81
-58.837
-58.624
-58.519
-58.142
-57.928
-57.68
-57.332
-57.012
-56.405
-56.016
-55.458
-54.718
-54.363
-53.784
-52.81
-51.767
-49.806
-46.836
-45
-45
-45
-45
-45
-45
-45
-45
-45
-45
-45
-45
-45
-45
-51.163
-57.112
-61.589
-64.898
-67.518
-68.938
-69.962
-70.211
-70.493
-70.877
-71.128
-71.086
-71.043
-70.792
-70.915
-70.906
-70.846
-70.786
-70.874
-70.853
-70.751
-70.765
-70.77
-70.609
-70.613
-70.4
-70.58
-70.422
-70.117
-69.95
-70.157
-70.287
-70.269
-70.479
-70.625
-70.818
-70.491
-70.542
-70.901
-70.829
-70.714
-69.965
-69.66
-68.936
-68.508
-67.976
-67.341
-66.704
-66.42
-66.099
-65.923
-65.508
-65.108
-64.85
-64.772
-64.549
-64.168
-64.414
-64.229
-64.037
-63.463
-63.019
-62.647
-62.422
-61.879
-61.539
-61.192
-60.772
-60.493
-60.42
-60.191
-59.695
-59.662
-59.774
-59.509
-59.355
-59.565
-59.134
-58.777
-58.203
-57.94
-57.868
-57.505
-57.574
-57.364
-57.185
-57.007
-57.505
-57.276
-57.086
-56.82
-56.282
-55.641
-55.156
-54.635
-53.946
-52.764
-51.494
-49.442
-46.145
-45
-45
-45
-45
-45
-45
-45
-45
-45
-45
-45
-45
-45
-45
-50.707
-56.488
-61.133
-64.107
-65.789
-66.805
-67.534
-67.677
-67.594
-67.173
-66.281
-65.714
-64.754
-63.977
-63.401
-62.796
-61.739
-60.747
-60.504
-59.625
-58.58
-57.829
-57.058
-56.025
-55.57
-54.606
-53.538
-52.534
-51.483
-50.107
-48.161
-45
-45
-45
-45
-45
-45
-45
-45
-45
-45
-45
-45
-45
-45
-49.329
-54.869
-59.306
-62.354
-64.067
-64.968
-65.555
-65.788
-66.037
-65.9
-65.52
-65.032
-64.42
-63.801
-62.941
-62.308
-61.347
-60.774
-59.924
-59.024
-58.522
-58.074
-57.235
-56.541
-55.695
-55.085
-54.276
-53.426
-52.533
-51.471
-50.232
-48.595
-45.361
-45
-45
-45
-45
-45
-45
-45
-45
-45
-45
-45
-45
-45
-47.763
-53.938
-58.555
-61.859
-64.01
-65.311
-66.327
-66.711
-67.285
-67.498
-67.385
-67.211
-66.928
-66.125
-65.371
-64.169
-63.154
-62.059
-61.19
-60.185
-59.234
-58.59
-57.733
-57.074
-56.613
-56.161
-55.644
-55.169
-54.7
-53.895
-53.028
-51.987
-50.972
-49.517
-47.127
-45
-45
-45
-45
-45
-45
-45
-45
-45
-45
-45
-45
-45
-45.168
-51.474
-56.962
-60.813
-63.854
-65.705
-66.94
-67.639
-68.209
-68.307
-68.098
-67.309
-66.893
-66.298
-65.534
-64.709
-63.838
-63.104
-62.612
-62.001
-61.41
-60.878
-60.31
-59.828
-59.735
-59.377
-58.65
-58.27
-57.739
-57.333
-56.693
-56.294
-55.316
-54.368
-53.507
-52.496
-51.145
-49.23
-46.296
-45
-45
-45
-45
-45
-45
-45
-45
-45
-45
-45
-45
-45
-46.327
-52.691
-58.161
-61.914
-64.387
-65.98
-67.087
-67.793
-68.099
-67.988
-67.682
-67.179
-66.529
-65.844
-65.18
-64.039
-63.042
-61.83
-60.72
-59.8
-59.056
-58.306
-57.797
-57.161
-56.734
-56.152
-55.821
-55.14
-54.833
-54.361
-53.989
-53.57
-52.957
-52.221
-51.413
-50.252
-48.759
-46.028
-45
-45
-45
-45
-45
-45
-45
-45
-45
-45
-45
-45
-45
-47.89
-54.361
-59.549
-63.322
-65.608
-66.761
-67.608
-67.717
-67.68
-67.47
-67.083
-66.787
-66.126
-65.658
-65.416
-65.164
-64.452
-63.816
-63.752
-63.733
-63.557
-63.424
-63.272
-62.776
-62.427
-62.39
-62.469
-62.452
-62.017
-61.693
-61.56
-61.421
-61.316
-61.504
-61.79
-61.903
-61.935
-61.902
-62.101
-62.168
-62.136
-62.147
-62.225
-62.105
-61.943
-61.69
-61.659
-61.604
-61.54
-61.361
-61.162
-61.201
-60.988
-60.984
-60.752
-60.531
-60.29
-60.082
-59.862
-59.606
-59.458
-59.214
-59.427
-59.532
-59.489
-59.51
-59.323
-59.066
-59.066
-58.965
-59.092
-58.944
-58.887
-58.891
-58.722
-59.102
-59.299
-59.394
-59.548
-59.77
-59.932
-60.098
-60.155
-60.365
-60.58
-60.779
-61.065
-61.003
-61.09
-61.205
-61.067
-60.953
-60.949
-60.872
-60.793
-60.856
-61.166
-61.145
-61.331
-61.112
-61.179
-61.141
-61.451
-61.455
-61.659
-61.926
-61.609
-61.765
-61.811
-62.137
-62.177
-62.238
-62.189
-62.264
-62.56
-62.898
-63.207
-63.386
-63.806
-64.077
-64.318
-64.685
-65.157
-65.405
-65.444
-65.992
-66.446
-66.507
-66.739
-66.612
-66.994
-67.146
-67.586
-68.128
-68.439
-68.695
-68.958
-69.45
-69.821
-69.922
-70.494
-70.552
-70.879
-71.213
-71.33
-71.517
-71.754
-71.845
-72.044
-72.474
-72.577
-73.023
-73.411
-73.79
-74.126
-74.55
-74.666
-75.2
-75.318
-75.446
-75.209
-75.415
-75.63
-75.858
-75.848
-76.003
-76.197
-76.544
-76.718
-76.562
-76.85
-76.987
-76.988
-77.271
-77.307
-77.248
-77.399
-77.261
-77.052
-77.361
-77.753
-78.004
-78.356
-78.331
-78.607
-78.795
-78.999
-79.462
-79.473
-79.479
-79.525
-79.709
-79.999
-80.241
-80.669
-80.808
-81.008
-81.216
-81.414
-81.444
-81.669
-81.781
-81.795
-82.015
-82.033
-81.985
-82.306
-82.579
-82.622
-82.805
-82.855
-82.742
-82.903
-82.697
-82.747
-82.8
-83.042
-83.459
-83.723
-83.616
-83.532
-83.718
-83.966
-84.267
-84.701
-84.796
-85.224
-85.518
-85.438
-85.454
-85.318
-85.434
-85.186
-85.303
-85.437
-85.517
-85.597
-85.674
-85.825
-85.947
-86.118
-86.29
-86.402
-86.481
-86.593
-86.869
-87.097
-87.089
-87.015
-87.287
-87.521
-87.37
-87.279
-87.497
-87.575
-87.8
-87.949
-87.884
-87.921
-87.723
-87.885
-87.798
-87.571
-87.622
-87.803
-87.962
-88.214
-88.276
-88.263
-88.452
-88.383
-88.484
-88.717
-89.045
-89.097
-89.031
-89.152
-89.287
-89.413
-89.268
-89.591
-90.106
-90.157
-89.881
-90.378
-90.283
-90.408
-90.635
-90.822
-91.154
-91.075
-91.178
-91.106
-90.929
-90.829
-90.566
-90.272
-90.255
-89.941
-90.078
-90.3
-90.449
-90.321
-90.464
-90.373
-90.601
-90.588
-90.71
-90.509
-90.42
-90.14
-90.128
-90.163
-90.083
-89.83
-90.054
-90.397
-90.25
-90.163
-90.59
-90.475
-90.59
-90.607
-90.452
-90.36
-90.648
-90.489
-90.684
-90.915
-90.967
-90.773
-90.791
-90.671
-90.705
