-80.358
-80.384
-80.355
-80.473
-80.414
-80.458
-80.448
-80.51
-80.49
-80.412
-80.378
-80.364
-80.408
-80.335
-80.393
-80.429
-80.484
-80.576
-80.489
-80.492
-80.53
-80.562
-80.565
-80.571
-80.555
-80.505
-80.476
-80.417
-80.467
-80.545
-80.682
-80.604
-80.576
-80.598
-80.609
-80.537
-80.515
-80.516
-80.515
-80.433
-80.435
-80.439
-80.452
-80.519
-80.557
-80.454
-80.458
-80.485
-80.497
-80.539
-80.512
-80.521
-80.481
-80.566
-80.617
-80.634
-80.611
-80.561
-80.601
-80.602
-80.614
-80.512
-80.588
-80.596
-80.618
-80.647
-80.646
-80.62
-80.59
-80.582
-80.601
-80.583
-80.623
-80.64
-80.634
-80.596
-80.616
-80.645
-80.7
-80.646
-80.645
-80.62
-80.603
-80.548
-80.559
-80.537
-80.556
-80.475
-80.567
-80.546
-80.589
-80.532
-80.593
-80.609
-80.625
-80.671
-80.733
-80.806
-80.781
-80.705
-80.703
-80.692
-80.684
-80.613
-80.634
-80.725
-80.647
-80.613
-80.684
-80.707
-80.66
-80.689
-80.676
-80.65
-80.654
-80.617
-80.505
-80.5
-80.435
-80.449
-80.47
-80.532
-80.585
-80.716
-80.726
-80.794
-80.774
-80.737
-80.767
-80.784
-80.742
-80.746
-80.674
-80.624
-80.646
-80.603
-80.698
-80.673
-80.77
-80.801
-80.799
-80.752
-80.73
-80.718
-80.655
-80.694
-80.634
-80.615
-80.579
-80.585
-80.574
-80.518
-80.526
-80.487
-80.497
-80.529
-80.546
-80.533
-80.492
-80.532
-80.557
-80.533
-80.55
-80.471
-80.452
-80.437
-80.515
-80.463
-80.499
-80.517
-80.495
-80.631
-80.611
-80.618
-80.594
-80.533
-80.544
-80.477
-80.459
-80.426
-80.415
-80.346
-80.353
-80.433
-80.506
-80.452
-80.458
-80.366
-80.44
-80.348
-80.357
-80.389
-80.438
-80.488
-80.453
-80.454
-80.364
-80.389
-80.492
-80.469
-80.348
-80.321
-80.272
-80.252
-80.223
-80.184
-80.134
-80.039
-80.018
-80.042
-80.12
-80.139
-80.216
-80.164
-80.171
-80.158
-80.12
-80.133
-80.157
-80.103
-80.137
-80.187
-80.213
-80.232
-80.221
-80.249
-80.104
-80.104
-80.038
-79.951
-79.968
-80.055
-80.018
-79.943
-79.985
-79.947
-80.021
-80.112
-80.135
-80.212
-80.197
-80.194
-80.183
-80.118
-80.058
-80.055
-80.123
-80.082
-80.089
-80.128
-80.241
-80.252
-80.158
-80.25
-80.228
-80.172
-80.099
-80.015
-80.11
-80.083
-80.04
-79.991
-80.038
-80.122
-80.111
-80.127
-80.112
-80.108
-80.138
-80.148
-80.027
-79.925
-79.943
-79.961
-80.007
-80.002
-79.923
-79.896
-79.959
-79.992
-79.929
-79.88
-79.918
-79.804
-79.815
-79.83
-79.779
-79.8
-79.765
-79.712
-79.715
-79.661
-79.691
-79.621
-79.634
-79.734
-79.719
-79.678
-79.559
-79.518
-79.565
-79.603
-79.544
-79.546
-79.587
-79.539
-79.645
-79.684
-79.728
-79.723
-79.731
-79.728
-79.799
-79.738
-79.71
-79.717
-79.742
-79.77
-79.764
-79.789
-79.754
-79.814
-79.85
-79.847
-79.852
-79.799
-79.812
-79.906
-79.902
-79.892
-79.877
-79.87
-79.905
-79.934
-79.906
-79.906
-80.015
-79.966
-79.981
-80.091
-80.117
-80.105
-80.158
-80.241
-80.348
-80.261
-80.33
-80.374
-80.388
-80.372
-80.365
-80.337
-80.378
-80.36
-80.326
-80.358
-80.32
-80.325
-80.304
-80.282
-80.299
-80.228
-80.263
-80.244
-80.252
-80.259
-80.304
-80.23
-80.222
-80.332
-80.275
-80.287
-80.293
-80.252
-80.235
-80.172
-80.261
-80.332
-80.407
-80.32
-80.344
-80.431
-80.449
-80.528
-80.641
-80.617
-80.563
-80.575
-80.614
-80.624
-80.684
-80.683
-80.664
-80.594
-80.598
-80.526
-80.437
-80.388
-80.481
-80.54
-80.563
-80.536
-80.553
-80.631
-80.624
-80.621
-80.678
-80.676
-80.629
-80.614
-80.616
-80.674
-80.619
-80.641
-80.669
-80.652
-80.576
-80.51
-80.406
-80.312
-80.293
-80.262
-80.235
-80.264
-80.192
-80.205
-80.275
-80.333
-80.32
-80.346
-80.295
-80.417
-80.463
-80.494
-80.457
-80.457
-80.466
-80.368
-80.328
-80.371
-80.494
-80.555
-80.615
-80.601
-80.551
-80.586
-80.561
-80.545
-80.523
-80.532
-80.556
-80.515
-80.562
-80.563
-80.583
-80.583
-80.529
-80.501
-80.406
-80.474
-80.495
-80.579
-80.527
-80.604
-80.554
-80.546
-80.521
-80.574
-80.504
-80.427
-80.479
-80.469
-80.538
-80.53
-80.591
-80.615
-80.5
-80.497
-80.539
-80.608
-80.577
-80.538
-80.609
-80.611
-80.62
-80.603
-80.549
-80.509
-80.605
-80.508
-80.397
-80.522
-80.523
-80.614
-80.587
-80.481
-80.48
-80.509
-80.534
-80.492
-80.509
-80.46
-80.391
-80.346
-80.308
-80.291
-80.29
-80.233
-80.239
-80.34
-80.316
-80.331
-80.334
-80.4
-80.326
-80.305
-80.295
-80.285
-80.357
-80.327
-80.308
-80.333
-80.321
-80.324
-80.222
-80.246
-80.214
-80.259
-80.225
-80.297
-80.331
-80.256
-80.336
-80.393
-80.328
-80.315
-80.25
-80.164
-80.097
-80.191
-80.315
-80.339
-80.324
-80.375
-80.379
-80.386
-80.36
-80.262
-80.237
-80.251
-80.293
-80.302
-80.227
-80.3
-80.268
-80.374
-80.375
-80.363
-80.405
-80.401
-80.396
-80.373
-80.305
-80.308
-80.374
-80.36
-80.417
-80.473
-80.556
-80.491
-80.595
-80.644
-80.702
-80.791
-80.687
-80.639
-80.65
-80.711
-80.702
-80.655
-80.672
-80.617
-80.648
-80.569
-80.503
-80.501
-80.532
-80.546
-80.589
-80.628
-80.588
-80.487
-80.498
-80.443
-80.458
-80.538
-80.557
-80.55
-80.468
-80.518
-80.48
-80.502
-80.48
-80.444
-80.566
-80.614
-80.636
-80.699
-80.692
-80.686
-80.708
-80.693
-80.725
-80.741
-80.68
-80.691
-80.704
-80.734
-80.814
-80.745
-80.704
-80.682
-80.693
-80.629
-80.631
-80.621
-80.619
-80.65
-80.525
-80.474
-80.558
-80.524
-80.448
-80.467
-80.399
-80.438
-80.46
-80.458
-80.382
-80.41
-80.325
-80.331
-80.33
-80.297
-80.274
-80.264
-80.315
-80.332
-80.387
-80.38
-80.439
-80.393
-80.415
-80.385
-80.266
-80.168
-80.18
-80.232
-80.308
-80.319
-80.357
-80.356
-80.433
-80.39
-80.401
-80.361
-80.412
-80.38
-80.39
-80.479
-80.345
-80.288
-80.372
-80.318
-80.346
-80.359
-80.364
-80.341
-80.339
-80.313
-80.379
-80.348
-80.369
-80.354
-80.322
-80.233
-80.344
-80.372
-80.335
-80.36
-80.372
-80.383
-80.305
-80.314
-80.274
-80.187
-80.173
-80.175
-80.177
-80.176
-80.251
-80.284
-80.384
-80.413
-80.366
-80.336
-80.289
-80.352
-80.363
-80.322
-80.317
-80.354
-80.318
-80.298
-80.304
-80.251
-80.362
-80.452
-80.51
-80.489
-80.491
-80.504
-80.427
-80.387
-80.436
-80.382
-80.432
-80.476
-80.535
-80.54
-80.521
-80.479
-80.516
-80.514
-80.502
-80.501
-80.48
-80.447
-80.467
-80.609
-80.663
-80.7
-80.772
-80.807
-80.807
-80.815
-80.743
-80.857
-80.926
-80.958
-80.879
-80.885
-80.975
-80.978
-81.039
-81.059
-81.179
-81.187
-81.171
-81.135
-81.152
-81.18
-81.136
-81.107
-81.064
-81.126
-81.131
-81.137
-81.034
-80.928
-80.898
-80.885
-80.95
-81.012
-80.984
-80.996
-80.925
-80.959
-80.981
-80.938
-81.006
-80.935
-80.943
-80.9
-80.839
-80.821
-80.877
-80.856
-80.863
-80.874
-80.855
-80.866
-80.885
-80.926
-80.935
-80.883
-80.826
-80.847
-80.882
-80.861
-80.873
-80.86
-80.816
-80.851
-80.937
-80.926
-80.887
-80.832
-80.778
-80.719
-80.844
-80.886
-80.829
-80.844
-80.859
-80.917
-80.906
-80.949
-80.94
-80.944
-80.94
-80.862
-80.886
-80.897
-80.879
-80.913
-80.949
-80.922
-80.884
-80.941
-80.905
-80.885
-81.019
-81.087
-81.083
-81.041
-81.018
-81.045
-81.016
-81.011
-81.108
-81.077
-81.188
-81.085
-81.122
-81.11
-81.084
-81.099
-81.117
-81.089
-81.114
-80.964
-81.009
-81.008
-81.069
-81.007
-81.047
-81.107
-81.126
-80.989
-81.017
-81.113
-81.183
-81.166
-81.17
-81.193
-81.215
-81.261
-81.254
-81.25
-81.281
-81.324
-81.302
-81.301
-81.329
-81.388
-81.447
-81.51
-81.531
-81.463
-81.378
-81.393
-81.325
-81.402
-81.34
-81.382
-81.333
-81.333
-81.353
-81.403
-81.395
-81.421
-81.456
-81.457
-81.463
-81.517
-81.533
-81.549
-81.557
-81.5
-81.479
-81.421
-81.488
-81.49
-81.488
-81.558
-81.572
-81.619
-81.664
-81.628
-81.627
-81.619
-81.631
-81.526
-81.55
-81.515
-81.52
-81.541
-81.508
-81.372
-81.453
-81.524
-81.558
-81.528
-81.537
-81.545
-81.587
-81.571
-81.524
-81.523
-81.561
-81.477
-81.462
-81.465
-81.471
-81.512
-81.459
-81.453
-81.493
-81.51
-81.531
-81.466
-81.457
-81.435
-81.455
-81.512
-81.533
-81.561
-81.583
-81.659
-81.719
-81.705
-81.704
-81.728
-81.803
-81.935
-81.962
-82.024
-82.014
-82.08
-82.214
-82.264
-82.236
-82.189
-82.21
-82.128
-82.114
-82.038
-82.009
-82.045
-82.04
-82.046
-82.052
-82.013
-82.015
-82.016
-82.051
-82.055
-82.049
-82.016
-82.017
-81.987
-81.987
-82.054
-82.065
-82.097
-82.144
-82.149
-82.14
-82.163
-82.242
-82.267
-82.304
-82.338
-82.324
-82.291
-82.317
-82.412
-82.545
-82.476
-82.49
-82.537
-82.618
-82.614
-82.668
-82.693
-82.79
-82.85
-82.743
-82.717
-82.806
-82.784
-82.778
-82.789
-82.773
-82.8
-82.787
-82.724
-82.707
-82.759
-82.812
-82.809
-82.755
-82.765
-82.883
-82.89
-82.867
-82.927
-83.005
-83.063
-83.041
-82.952
-82.91
-82.929
-82.91
-82.928
-82.981
-82.981
-83.072
-83.101
-83.115
-83.182
-83.137
-83.165
-83.153
-83.086
-83.08
-83.067
-83.143
-83.138
-83.152
-83.206
-83.125
-83.12
-83.122
-83.152
-83.143
-83.196
-83.311
-83.274
-83.337
-83.382
-83.327
-83.225
-83.222
-83.217
-83.192
-83.164
-83.157
-83.209
-83.131
-83.074
-83.129
-83.129
-83.029
-83.078
-83.075
-83.145
-83.156
-83.212
-83.098
-83.151
-83.139
-83.066
-82.922
-82.85
-82.878
-82.861
-82.81
-82.755
-82.797
-82.8
-82.815
-82.878
-82.776
-82.719
-82.741
-82.702
-82.69
-82.67
-82.714
-82.723
-82.719
-82.8
-82.807
-82.849
-82.821
-82.902
-82.934
-82.882
-82.971
-82.973
-82.891
-82.957
-82.956
-82.932
-83.034
-83.018
-83.102
-83.159
-83.16
-83.19
-83.153
-83.21
-83.144
-83.185
-83.223
-83.261
-83.302
-83.311
-83.427
-83.38
-83.393
-83.451
-83.482
-83.443
-83.396
-83.328
-83.308
-83.29
-83.282
-83.298
-83.318
-83.354
-83.362
-83.306
-83.307
-83.355
-83.331
-83.321
-83.292
-83.241
-83.284
-83.219
-83.159
-83.099
-83.079
-83.126
-83.082
-83.122
-83.108
-83.067
-83.102
-83.083
-83.015
-83.089
-83.137
-83.209
-83.217
-83.195
-83.226
-83.223
-83.22
-83.19
-83.184
-83.237
-83.208
-83.252
-83.223
-83.284
-83.342
-83.284
-83.184
-83.178
-83.22
-83.23
-83.223
-83.15
-83.128
-83.127
-83.136
-83.111
-83.068
-83.13
-83.112
-83.143
-83.125
-83.136
-83.113
-83.071
-83.065
-83.15
-83.109
-83.012
-83.037
-83.073
-83.084
-83.15
-83.178
-83.184
-83.17
-83.156
-83.16
-83.284
-83.302
-83.291
-83.329
-83.363
-83.303
-83.406
-83.389
-83.471
-83.505
-83.609
-83.517
-83.533
-83.589
-83.465
-83.445
-83.411
-83.288
-83.217
-83.24
-83.197
-83.12
-83.063
-83.072
-83.147
-83.124
-83.104
-83.019
-83.06
-83.197
-83.216
-83.129
-83.14
-83.196
-83.2
-83.157
-83.144
-83.085
-83.101
-83.097
-83.05
-83.028
-82.964
-82.978
-82.988
-83.053
-83.046
-83.059
-83.122
-83.081
-83.01
-83.045
-82.913
-82.928
-82.9
-82.867
-82.917
-82.899
-82.845
-82.831
-82.848
-82.924
-82.865
-82.9
-83.033
-83.059
-83.034
-83.076
-83.125
-83.229
-83.18
-83.181
-83.188
-83.18
-83.088
-83.153
-83.14
-83.216
-83.263
-83.275
-83.321
-83.22
-83.154
-83.199
-83.171
-83.216
-83.286
-83.277
-83.328
-83.419
-83.389
-83.455
-83.386
-83.357
-83.364
-83.337
-83.322
-83.32
-83.25
-83.18
-83.14
-83.153
-83.078
-83.073
-83.056
-83.026
-83.017
-83.086
-83.096
-83.128
-83.178
-83.137
-83.242
-83.235
-83.258
-83.259
-83.265
-83.291
-83.277
-83.31
-83.308
-83.334
-83.378
-83.33
-83.391
-83.422
-83.418
-83.432
-83.447
-83.448
-83.573
-83.553
-83.581
-83.577
-83.592
-83.641
-83.674
-83.69
-83.727
-83.71
-83.688
-83.665
-83.66
-83.649
-83.641
-83.59
-83.595
-83.474
-83.421
-83.412
-83.338
-83.356
-83.382
-83.434
-83.447
-83.419
-83.5
-83.494
-83.493
-83.446
-83.429
-83.464
-83.49
-83.453
-83.425
-83.394
-83.259
-83.339
-83.26
-83.321
-83.409
-83.506
-83.567
-83.637
-83.68
-83.723
-83.733
-83.733
-83.651
-83.602
-83.599
-83.558
-83.537
-83.582
-83.643
-83.589
-83.594
-83.633
-83.744
-83.788
-83.779
-83.703
-83.733
-83.751
-83.742
-83.772
-83.796
-83.755
-83.738
-83.736
-83.8
-83.731
-83.789
-83.783
-83.752
-83.798
-83.735
-83.817
-83.767
-83.719
-83.713
-83.753
-83.752
-83.709
-83.688
-83.654
-83.653
-83.686
-83.72
-83.697
-83.655
-83.579
-83.573
-83.613
-83.706
-83.807
-83.742
-83.712
-83.704
-83.672
-83.683
-83.654
-83.676
-83.579
-83.634
-83.636
-83.608
-83.563
-83.525
-83.59
-83.559
-83.481
-83.406
-83.375
-83.42
-83.451
-83.401
-83.377
-83.406
-83.446
-83.412
-83.529
-83.561
-83.607
-83.653
-83.615
-83.525
-83.491
-83.501
-83.564
-83.524
-83.577
-83.569
-83.528
-83.496
-83.421
-83.47
-83.461
-83.492
-83.541
-83.485
-83.567
-83.547
-83.546
-83.608
-83.563
-83.555
-83.552
-83.536
-83.428
-83.475
-83.509
-83.488
-83.521
-83.57
-83.518
-83.458
-83.431
-83.451
-83.443
-83.409
-83.478
-83.494
-83.504
-83.461
-83.459
-83.433
-83.422
-83.402
-83.405
-83.366
-83.386
-83.405
-83.464
-83.439
-83.42
-83.393
-83.348
-83.298
-83.247
-83.223
-83.29
-83.34
-83.39
-83.358
-83.367
-83.291
-83.284
-83.251
-83.271
-83.269
-83.287
-83.278
-83.209
-83.214
-83.25
-83.253
-83.15
-83.182
-83.212
-83.185
-83.261
-83.273
-83.235
-83.232
-83.255
-83.215
-83.232
-83.207
-83.244
-83.29
-83.23
-83.214
-83.221
-83.216
-83.188
-83.298
-83.315
-83.298
-83.249
-83.261
-83.227
-83.177
-83.135
-83.142
-83.139
-83.191
-83.176
-83.207
-83.239
-83.206
-83.136
-83.174
-83.177
-83.121
-83.112
-83.002
-83.008
-83.055
-83.035
-82.949
-82.916
-82.859
-82.877
-82.863
-82.878
-82.822
-82.855
-82.911
-82.944
-82.964
-82.934
-82.923
-83.01
-83.033
-83.024
-82.994
-82.995
-82.984
-82.952
-82.97
-83.007
-83.065
-83.105
-83.176
-83.232
-83.21
-83.241
-83.209
-83.273
-83.182
-83.26
-83.24
-83.253
-83.17
-83.152
-83.061
-83.07
-83.008
-82.958
-82.96
-83.016
-83.106
-83.123
-83.066
-83.072
-82.949
-82.91
-82.906
-82.906
-82.855
-82.95
-82.878
-82.87
-82.875
-82.897
-82.878
-82.92
-82.977
-82.956
-83.084
-83.069
-82.998
-83.001
-83.103
-83.136
-83.185
-83.202
-83.234
-83.175
-83.147
-83.159
-83.225
-83.217
-83.205
-83.24
-83.202
-83.193
-83.156
-83.186
-83.14
-83.114
-83.025
-82.951
-82.979
-82.974
-82.903
-82.961
-83.01
-82.982
-82.892
-82.958
-82.927
-82.936
-82.893
-82.975
-83.122
-83.164
-83.14
-83.161
-83.24
-83.303
-83.33
-83.354
-83.305
-83.325
-83.425
-83.497
-83.535
-83.476
-83.507
-83.5
-83.533
-83.624
-83.622
-83.591
-83.569
-83.554
-83.531
-83.55
-83.441
-83.392
-83.343
-83.298
-83.248
-83.18
-83.241
-83.318
-83.4
-83.448
-83.44
-83.43
-83.525
-83.572
-83.507
-83.469
-83.462
-83.475
-83.506
-83.624
-83.73
-83.755
-83.748
-83.739
-83.791
-83.753
-83.724
-83.675
-83.685
-83.668
-83.649
-83.742
-83.714
-83.743
-83.638
-83.588
-83.605
-83.608
-83.595
-83.687
-83.599
-83.554
-83.551
-83.638
-83.558
-83.543
-83.601
-83.6
-83.659
-83.603
-83.565
-83.505
-83.561
-83.52
-83.573
-83.505
-83.561
-83.587
-83.653
-83.612
-83.659
-83.746
-83.719
-83.774
-83.772
-83.909
-83.901
-83.888
-83.884
-83.819
-83.811
-83.865
-83.807
-83.824
-83.907
-83.969
-83.996
-83.98
-84.001
-84.028
-84.167
-84.178
-84.161
-84.097
-84.073
-84.073
-84.131
-84.172
-84.177
-84.164
-84.209
-84.283
-84.305
-84.284
-84.299
-84.295
-84.349
-84.384
-84.313
-84.237
-84.308
-84.291
-84.214
-84.278
-84.277
-84.25
-84.217
-84.199
-84.208
-84.152
-84.064
-84.011
-83.945
-84.024
-84.021
-83.975
-83.93
-83.965
-83.939
-83.896
-83.908
-83.932
-83.925
-83.998
-84.05
-83.968
-84.04
-84.036
-84.015
-84.001
-84.026
-83.984
-83.986
-84.1
-84.082
-84.138
-84.055
-84.146
-84.151
-84.043
-84.012
-84.004
-83.95
-83.947
-83.981
-84.018
-84
-84.009
-84.019
-84.103
-84.114
-84.108
-84.068
-84.074
-84.024
-84.007
-83.992
-84.033
-83.987
-83.952
-83.945
-83.958
-84.002
-84.027
-83.945
-83.938
-84.011
-83.938
-83.936
-83.885
-83.873
-83.851
-83.78
-83.725
-83.727
-83.693
-83.679
-83.683
-83.73
-83.685
-83.634
-83.73
-83.77
-83.726
-83.687
-83.678
-83.706
-83.652
-83.699
-83.66
-83.665
-83.664
-83.677
-83.755
-83.782
-83.909
-83.914
-83.854
-83.984
-83.895
-83.875
-83.832
-83.726
-83.723
-83.777
-83.818
-83.832
-83.877
-83.91
-83.918
-83.889
-83.897
-83.941
-83.93
-83.833
-83.81
-83.816
-83.901
-83.905
-83.941
-83.918
-83.887
-83.898
-83.992
-83.995
-83.942
-83.916
-83.877
-83.877
-83.814
-83.845
-83.837
-83.838
-83.858
-83.795
-83.853
-83.901
-83.995
-83.919
-83.9
-83.946
-83.993
-83.91
-83.926
-83.809
-83.868
-83.893
-83.874
-83.95
-84.026
-84.042
-83.985
-83.957
-83.951
-83.918
-83.943
-83.923
-84.009
-84.007
-84.081
-84.045
-84.045
-84.024
-84.025
-84.088
-84.139
-84.114
-84.062
-84.064
-84.023
-83.965
-83.982
-83.942
-83.9
-83.92
-83.924
-83.986
-83.965
-83.939
-83.797
-83.795
-83.722
-83.668
-83.599
-83.554
-83.606
-83.682
-83.677
-83.754
-83.778
-83.745
-83.726
-83.688
-83.696
-83.625
-83.638
-83.596
-83.593
-83.579
-83.558
-83.492
-83.492
-83.504
-83.469
-83.508
-83.431
-83.403
-83.406
-83.306
-83.275
-83.327
-83.347
-83.297
-83.325
-83.349
-83.332
-83.314
-83.318
-83.317
-83.24
-83.331
-83.339
-83.363
-83.34
-83.357
-83.252
-83.313
-83.379
-83.334
-83.326
-83.327
-83.379
-83.392
-83.426
-83.487
-83.516
-83.561
-83.615
-83.655
-83.583
-83.563
-83.591
-83.635
-83.578
-83.581
-83.676
-83.69
-83.66
-83.716
-83.72
-83.757
-83.635
-83.698
-83.666
-83.734
-83.712
-83.767
-83.823
-83.779
-83.751
-83.755
-83.832
-83.829
-83.79
-83.726
-83.816
-83.777
-83.851
-83.945
-83.929
-83.959
-83.98
-84.001
-84.002
-83.906
-83.851
-83.876
-83.768
-83.839
-83.738
-83.691
-83.775
-83.763
-83.748
-83.703
-83.764
-83.792
-83.749
-83.773
-83.748
-83.718
-83.751
-83.753
-83.785
-83.825
-83.955
-83.939
-83.96
-84.039
-84.114
-84.051
-84.079
-84.11
-84.106
-84.185
-84.203
-84.156
-84.178
-84.176
-84.235
-84.2
-84.292
-84.328
-84.263
-84.333
-84.252
-84.38
-84.437
-84.409
-84.426
-84.442
-84.452
-84.504
-84.479
-84.397
-84.394
-84.415
-84.349
-84.331
-84.335
-84.359
-84.342
-84.233
-84.149
-84.108
-84.117
-84.069
-84.045
-84.099
-84.095
-84.171
-84.067
-84.015
-83.934
-83.946
-83.824
-83.895
-83.888
-83.848
-83.806
-83.857
-83.896
-83.92
-83.861
-83.78
-83.812
-83.802
-83.844
-83.844
-83.811
-83.87
-83.811
-83.911
-83.957
-83.945
-83.923
-83.882
-83.782
-83.713
-83.738
-83.741
-83.718
-83.696
-83.622
-83.634
-83.52
-83.503
-83.511
-83.436
-83.443
-83.503
-83.471
-83.394
-83.383
-83.327
-83.362
-83.381
-83.341
-83.285
-83.314
-83.274
-83.262
-83.305
-83.283
-83.33
-83.355
-83.298
-83.248
-83.175
-83.098
-83.13
-83.144
-83.197
-83.199
-83.22
-83.265
-83.191
-83.197
-83.179
-83.176
-83.128
-83.149
-83.164
-83.146
-83.111
-83.099
-83.108
-83.201
-83.155
-83.071
-83.07
-83.034
-83.029
-83.054
-83.065
-83.061
-83.121
-83.12
-83.084
-83.048
-83.077
-83.094
-83.04
-83.029
-83.07
-83.014
-83.043
-82.967
-82.925
-82.958
-82.885
-82.899
-82.884
-82.954
-82.997
-83.14
-83.155
-83.131
-83.07
-83.012
-82.988
-83.01
-83.096
-83.127
-83.167
-83.219
-83.201
-83.143
-83.089
-83.076
-83.1
-83.136
-83.151
-83.107
-83.137
-83.175
-83.216
-83.178
-83.078
-83.112
-83.218
-83.326
-83.247
-83.247
-83.296
-83.157
-83.186
-83.196
-83.31
-83.385
-83.361
-83.365
-83.456
-83.445
-83.473
-83.523
-83.483
-83.452
-83.556
-83.562
-83.526
-83.601
-83.596
-83.501
-83.595
-83.599
-83.564
-83.578
-83.548
-83.481
-83.58
-83.576
-83.474
-83.473
-83.461
-83.415
-83.432
-83.48
-83.551
-83.565
-83.556
-83.598
-83.591
-83.583
-83.548
-83.546
-83.519
-83.531
-83.586
-83.546
-83.637
-83.614
-83.613
-83.606
-83.574
-83.68
-83.625
-83.622
-83.631
-83.633
-83.62
-83.599
-83.611
-83.66
-83.64
-83.622
-83.701
-83.729
-83.723
-83.762
-83.82
-83.754
-83.765
-83.853
-83.877
-83.841
-83.852
-83.749
-83.637
-83.707
-83.698
-83.669
-83.633
-83.675
-83.703
-83.632
-83.676
-83.591
-83.61
-83.679
-83.731
-83.811
-83.915
-83.947
-83.962
-83.996
-83.984
-84.013
-84.023
-84.023
-83.948
-83.839
-83.815
-83.856
-83.88
-83.955
-83.982
-84.014
-83.994
-83.917
-83.98
-84.052
-83.963
-83.966
-83.984
-84.056
-84.03
-83.979
-83.958
-83.857
-83.839
-83.906
-83.886
-83.915
-83.877
-83.967
-84.05
-84.036
-83.984
-83.955
-83.931
-83.942
-83.998
-84.072
-84.004
-83.937
-83.931
-84.024
-84.04
-84.046
-84.043
-84.029
-84.001
-83.982
-83.961
-83.992
-84.035
-84.05
-84.091
-84.093
-84.178
-84.164
-84.154
-84.186
-84.173
-84.295
-84.289
-84.336
-84.41
-84.438
-84.43
-84.419
-84.527
-84.471
-84.497
-84.494
-84.479
-84.436
-84.476
-84.491
-84.493
-84.491
-84.527
-84.614
-84.684
-84.655
-84.615
-84.646
-84.633
-84.658
-84.751
-84.811
-84.742
-84.787
-84.731
-84.766
-84.747
-84.669
-84.771
-84.749
-84.749
-84.739
-84.732
-84.798
-84.736
-84.678
-84.64
-84.622
-84.683
-84.697
-84.754
-84.853
-84.821
-84.811
-84.837
-84.796
-84.842
-84.825
-84.851
-84.843
-84.9
-84.894
-84.966
-85.091
-85.153
-85.119
-85.069
-85.003
-85.025
-84.979
-84.941
-84.923
-84.921
-84.861
-84.931
-84.955
-84.907
-84.92
-84.889
-84.841
-84.798
-84.749
-84.688
-84.544
-84.559
-84.605
-84.65
-84.735
-84.746
-84.691
-84.718
-84.751
-84.764
-84.788
-84.83
-84.837
-84.847
-84.747
-84.677
-84.709
-84.785
-84.841
-84.805
-84.708
-84.79
-84.739
-84.772
-84.777
-84.722
-84.662
-84.568
-84.432
-84.423
-84.423
-84.475
-84.439
-84.43
-84.459
-84.504
-84.537
-84.497
-84.524
-84.495
-84.338
-84.393
-84.367
-84.429
-84.481
-84.501
-84.499
-84.519
-84.462
-84.571
-84.559
-84.554
-84.583
-84.55
-84.516
-84.572
-84.544
-84.482
-84.41
-84.398
-84.442
-84.332
-84.367
-84.348
-84.293
-84.3
-84.321
-84.326
-84.338
-84.285
-84.385
-84.313
-84.361
-84.297
-84.25
-84.289
-84.279
-84.256
-84.305
-84.299
-84.35
-84.309
-84.363
-84.346
-84.414
-84.531
-84.497
-84.546
-84.548
-84.559
-84.62
-84.594
-84.636
-84.674
-84.684
-84.67
-84.633
-84.595
-84.553
-84.612
-84.661
-84.706
-84.702
-84.633
-84.591
-84.664
-84.706
-84.735
-84.719
-84.673
-84.751
-84.717
-84.735
-84.741
-84.731
-84.732
-84.751
-84.744
-84.703
-84.772
-84.78
-84.798
-84.784
-84.774
-84.846
-84.844
-84.825
-84.864
-84.864
-84.858
-84.788
-84.721
-84.715
-84.787
-84.747
-84.681
-84.772
-84.822
-84.853
-84.843
-84.871
-84.895
-84.874
-84.874
-84.884
-84.959
-84.987
-84.988
-85.02
-84.949
-84.954
-84.902
-84.914
-84.848
-84.879
-84.909
-84.867
-84.845
-84.906
-84.959
-84.932
-84.955
-84.85
-84.895
-84.807
-84.771
-84.645
-84.673
-84.683
-84.683
-84.585
-84.641
-84.619
-84.608
-84.73
-84.773
-84.764
-84.778
-84.776
-84.786
-84.755
-84.728
-84.777
-84.789
-84.748
-84.775
-84.833
-84.772
-84.753
-84.726
-84.661
-84.644
-84.65
-84.63
-84.711
-84.688
-84.706
-84.72
-84.674
-84.672
-84.714
-84.611
-84.589
-84.584
-84.496
-84.469
-84.47
-84.401
-84.371
-84.368
-84.325
-84.332
-84.263
-84.186
-84.327
-84.348
-84.314
-84.314
-84.311
-84.267
-84.383
-84.455
-84.469
-84.476
-84.558
-84.555
-84.544
-84.431
-84.412
-84.354
-84.396
-84.361
-84.298
-84.254
-84.299
-84.292
-84.218
-84.269
-84.362
-84.317
-84.251
-84.344
-84.38
-84.324
-84.362
-84.379
-84.313
-84.273
-84.281
-84.354
-84.339
-84.391
-84.356
-84.314
-84.367
-84.35
-84.406
-84.401
-84.379
-84.371
-84.427
-84.338
-84.387
-84.377
-84.353
-84.416
-84.368
-84.347
-84.362
-84.436
-84.47
-84.456
-84.469
-84.407
-84.361
-84.344
-84.378
-84.249
-84.282
-84.282
-84.208
-84.184
-84.094
-83.979
-83.785
-83.73
-83.654
-83.545
-83.512
-83.395
-83.246
-83.091
-82.873
-82.773
-82.61
-82.433
-82.336
-82.123
-81.953
-81.739
-81.594
-81.419
-81.178
-80.978
-80.808
-80.638
-80.518
-80.325
-80.146
-79.964
-79.834
-79.616
-79.435
-79.295
-79.116
-78.858
-78.664
-78.402
-78.249
-78.068
-77.893
-77.739
-77.538
-77.331
-77.085
-76.866
-76.637
-76.462
-76.314
-76.172
-75.993
-75.86
-75.591
-75.391
-75.208
-75.038
-74.842
-74.628
-74.325
-74.155
-73.892
-73.666
-73.365
-73.225
-73.016
-72.849
-72.597
-72.349
-72.18
-72.007
-71.821
-71.594
-71.336
-71.207
-71.05
-70.84
-70.618
-70.444
-70.27
-70.161
-69.996
-69.804
-69.626
-69.478
-69.282
-69.088
-68.906
-68.681
-68.552
-68.324
-68.195
-67.92
-67.61
-67.416
-67.251
-67.043
-66.789
-66.602
-66.327
-66.089
-65.949
-65.775
-65.673
-65.414
-65.167
-65.002
-64.906
-64.659
-64.424
-64.23
-64.029
-63.779
-63.544
-63.31
-62.986
-62.6
-62.309
-62.079
-61.786
-61.582
-61.4
-61.219
-60.985
-60.737
-60.523
-60.294
-60.007
-59.818
-59.621
-59.474
-59.302
-59.052
-58.843
-58.591
-58.327
-58.037
-57.795
-57.558
-57.297
-57.174
-57.028
-56.814
-56.623
-56.345
-56.079
-55.833
-55.638
-55.466
-55.317
-55.098
-54.833
-54.692
-54.361
-54.128
-53.824
-53.553
-53.288
-53.083
-52.886
-52.629
-52.318
-52.172
-51.937
-51.599
-51.346
-51.196
-50.927
-50.684
-50.328
-50.101
-49.708
-49.343
-49.026
-48.644
-48.242
-47.988
-47.517
-47.068
-46.5
-46.022
-45.377
-45
-45
-45
-45
-45
-45
-45
-45
-45
-45
-45
-45
-45
-45
-45
-45
-45
-45
-45
-45
-45
-45
-45
-45
-45
-45
-45
-45
-45
-45
-45
-45
-45
-45
-45
-45
-45
-45
-45
-45
-45
-45
-45
-45
-45
-45
-45
-45
-45
-45
-45
-45
-45
-45
-45
-45
-45
-45
-45
-45
-45
-45
-45
-45
-45
-45
-45
-45
-45
-45
-45
-45
-45
-45
-45
-45
-45
-45
-45
-45
-45
-45
-45
-45
-45
-45
-45
-45
-45
-45
-45
-45
-45
-45
-45
-45
-45
-45
-45
-45
-45
-45
-45
-45
-45
-45
-45
-45
-45
-45
-45
-45
-45
-45
-45
-45
-45
-45
-45
-45
-45
-45
-45
-45
-45
-45
-45
-45
-45
-45
-45
-45
-45
-45
-45
-45
-45
-45
-45
-45
-45
-45
-45.332
-45.997
-46.596
-47.344
-47.929
-48.546
-49.137
-49.621
-50.219
-50.816
-51.371
-51.881
-52.347
-52.935
-53.469
-53.988
-54.54
-55.072
-55.58
-55.974
-56.417
-56.905
-57.399
-58.002
-58.493
-59.043
-59.6
-60.21
-60.765
-61.269
-61.862
-62.361
-62.999
-63.653
-64.21
-64.713
-65.256
-65.727
-66.225
-66.724
-67.151
-67.505
-67.997
-68.499
-68.937
-69.334
-69.614
-69.921
-70.255
-70.538
-70.755
-71.118
-71.402
-71.649
-71.898
-72.162
-72.417
-72.548
-72.725
-72.953
-73.175
-73.382
-73.616
-73.85
-73.97
-74.127
-74.292
-74.384
-74.624
-74.769
-74.918
-74.998
-75.134
-75.309
-75.466
-75.546
-75.611
-75.622
-75.706
-75.761
-75.918
-75.85
-75.917
-75.933
-75.996
-76.102
-76.102
-76.285
-76.336
-76.351
-76.428
-76.474
-76.45
-76.447
-76.453
-76.591
-76.725
-76.811
-76.851
-76.894
-76.883
-76.901
-76.871
-77.021
-77.057
-77.033
-77.142
-77.143
-77.142
-77.094
-77.062
-77.13
-77.135
-77.07
-77.022
-76.94
-76.905
-76.852
-76.885
-76.885
-76.893
-76.932
-77.02
-77.067
-77.111
-77.129
-77.153
-77.181
-77.156
-77.226
-77.245
-77.272
-77.294
-77.331
-77.352
-77.44
-77.485
-77.513
-77.548
-77.507
-77.434
-77.445
-77.443
-77.426
-77.474
-77.491
-77.563
-77.559
-77.561
-77.571
-77.589
-77.555
-77.557
-77.623
-77.612
-77.727
-77.763
-77.739
-77.746
-77.769
-77.785
-77.738
-77.733
-77.715
-77.722
-77.752
-77.766
-77.754
-77.804
-77.845
-77.825
-77.797
-77.729
-77.8
-77.713
-77.75
-77.808
-77.764
-77.803
-77.849
-77.795
-77.837
-77.888
-77.97
-77.889
-77.912
-77.873
-77.83
-77.834
-77.756
-77.739
-77.659
-77.627
-77.579
-77.524
-77.517
-77.401
-77.284
-77.224
-77.195
-77.158
-77.065
-76.997
-76.916
-76.924
-76.886
-76.889
-76.894
-76.799
-76.719
-76.662
-76.594
-76.526
-76.458
-76.384
-76.36
-76.33
-76.283
-76.145
-76.04
-76.025
-75.993
-75.82
-75.728
-75.699
-75.685
-75.609
-75.593
-75.527
-75.431
-75.354
-75.27
-75.226
-75.249
-75.179
-75.156
-75.058
-75.02
-74.89
-74.914
-74.872
-74.97
-74.945
-74.926
-74.946
-74.884
-74.88
-74.896
-74.86
-74.907
-74.888
-74.825
-74.797
-74.732
-74.713
-74.573
-74.523
-74.409
-74.453
-74.406
-74.35
-74.373
-74.477
-74.3
-74.413
-74.393
-74.376
-74.376
-74.319
-74.322
-74.334
-74.263
-74.284
-74.27
-74.214
-74.216
-74.16
-74.082
-74.101
-74.09
-74.099
-74.07
-74.102
-74.123
-74.007
-74.043
-73.979
-74.007
-74.078
-74.021
-73.97
-73.971
-73.963
-73.976
-73.942
-73.941
-73.901
-73.849
-73.803
-73.735
-73.685
-73.671
-73.628
-73.557
-73.54
-73.534
-73.534
-73.569
-73.502
-73.563
-73.565
-73.554
-73.595
-73.659
-73.692
-73.653
-73.63
-73.593
-73.574
-73.552
-73.507
-73.551
-73.54
-73.544
-73.557
-73.522
-73.578
-73.543
-73.568
-73.478
-73.474
-73.448
-73.486
-73.379
-73.405
-73.415
-73.264
-73.227
-73.224
-73.182
-73.107
-73.143
-73.09
-73.002
-72.979
-72.938
-72.879
-72.833
-72.889
-72.719
-72.643
-72.691
-72.578
-72.522
-72.425
-72.332
-72.264
-72.162
-72.161
-72.086
-72.038
-71.99
-71.902
-71.786
-71.702
-71.756
-71.575
-71.618
-71.558
-71.533
-71.465
-71.481
-71.536
-71.488
-71.526
-71.47
-71.492
-71.425
-71.493
-71.489
-71.476
-71.52
-71.562
-71.513
-71.429
-71.387
-71.322
-71.335
-71.206
-71.22
-71.208
-71.208
-71.182
-71.237
-71.266
-71.32
-71.274
-71.234
-71.328
-71.385
-71.373
-71.411
-71.444
-71.396
-71.39
-71.319
-71.266
-71.185
-71.192
-71.163
-71.029
-71.065
-71.045
-71.06
-71.092
-71.053
-71.152
-71.107
-71.171
-71.135
-71.19
-71.171
-71.186
-71.209
-71.246
-71.284
-71.312
-71.316
-71.283
-71.313
-71.285
-71.313
-71.333
-71.326
-71.349
-71.229
-71.261
-71.33
-71.32
-71.382
-71.438
-71.593
-71.498
-71.475
-71.483
-71.516
-71.568
-71.575
-71.615
-71.616
-71.598
-71.573
-71.549
-71.544
-71.581
-71.653
-71.656
-71.712
-71.691
-71.672
-71.705
-71.688
-71.648
-71.757
-71.819
-71.683
-71.834
-71.922
-71.903
-71.898
-72
-72.057
-72.085
-72.085
-72.06
-72.119
-72.113
-72.153
-72.275
-72.392
-72.466
-72.496
-72.474
-72.489
-72.496
-72.475
-72.463
-72.531
-72.566
-72.608
-72.561
-72.641
-72.712
-72.726
-72.699
-72.727
-72.629
-72.611
-72.658
-72.728
-72.716
-72.717
-72.738
-72.823
-72.897
-72.953
-72.956
-72.871
-72.825
-72.778
-72.914
-72.943
-72.942
-72.972
-73.069
-73.022
-73.165
-73.2
-73.151
-73.214
-73.206
-73.303
-73.357
-73.299
-73.337
-73.384
-73.425
-73.449
-73.535
-73.541
-73.527
-73.605
-73.575
-73.585
-73.626
-73.666
-73.673
-73.76
-73.721
-73.772
-73.793
-73.765
-73.758
-73.756
-73.825
-73.789
-73.836
-73.852
-73.88
-73.926
-73.948
-73.917
-73.877
-73.946
-73.942
-73.993
-73.955
-73.893
-73.916
-73.929
-73.876
-73.871
-73.841
-73.877
-73.989
-74.028
-74.118
-74.121
-74.2
-74.167
-74.231
-74.204
-74.246
-74.179
-74.105
-74.061
-74.103
-74.128
-74.262
-74.291
-74.339
-74.354
-74.402
-74.435
-74.524
-74.492
-74.416
-74.424
-74.44
-74.437
-74.56
-74.592
-74.624
-74.604
-74.586
-74.664
-74.708
-74.679
-74.709
-74.57
-74.606
-74.644
-74.661
-74.659
-74.683
-74.691
-74.78
-74.798
-74.811
-74.905
-74.976
-74.966
-74.952
-74.942
-74.98
-74.978
-75.13
-75.176
-75.222
-75.188
-75.133
-75.183
-75.148
-75.252
-75.293
-75.257
-75.303
-75.308
-75.267
-75.347
-75.394
-75.407
-75.401
-75.525
-75.567
-75.572
-75.538
-75.617
-75.666
-75.64
-75.557
-75.56
-75.535
-75.657
-75.706
-75.654
-75.637
-75.699
-75.701
-75.739
-75.718
-75.767
-75.815
-75.849
-75.846
-75.827
-75.831
-75.889
-75.989
-75.997
-76.006
-76.019
-76.028
-76.113
-76.103
-76.116
-76.057
-76.038
-76.077
-76.003
-75.944
-75.917
-75.956
-76.057
-76.025
-76.014
-76.076
-76.133
-76.144
-76.209
-76.177
-76.169
-76.175
-76.159
-76.185
-76.24
-76.172
-76.189
-76.308
-76.329
-76.343
-76.315
-76.27
-76.275
-76.282
-76.326
-76.386
-76.402
-76.485
-76.457
-76.463
-76.485
-76.529
-76.571
-76.592
-76.686
-76.679
-76.614
-76.658
-76.776
-76.732
-76.821
-76.858
-76.901
-76.93
-76.962
-76.995
-77.008
-76.994
-76.98
-77.036
-76.991
-77.07
-77.035
-77.027
-77.136
-77.142
-77.124
-77.151
-77.072
-77.154
-77.15
-77.182
-77.168
-77.118
-77.191
-77.125
-77.1
-77.073
-77.063
-76.941
-76.97
-77.016
-77.054
-77.005
-76.997
-77.018
-76.896
-76.856
-76.799
-76.868
-76.943
-76.935
-76.953
-76.915
-76.914
-76.915
-76.865
-76.912
-76.858
-76.819
-76.869
-76.874
-76.92
-76.908
-76.863
-76.97
-76.99
-76.996
-77.072
-77.095
-77.057
-77.034
-77.007
-76.989
-77.019
-77.097
-77.161
-77.156
-77.2
-77.17
-77.214
-77.313
-77.314
-77.275
-77.245
-77.232
-77.149
-77.103
-77.123
-77.156
-77.138
-77.135
-77.278
-77.19
-77.162
-77.229
-77.263
-77.24
-77.216
-77.205
-77.215
-77.265
-77.213
-77.263
-77.233
-77.235
-77.318
-77.304
-77.381
-77.422
-77.471
-77.473
-77.446
-77.475
-77.493
-77.525
-77.621
-77.672
-77.632
-77.582
-77.62
-77.679
-77.643
-77.635
-77.557
-77.644
-77.716
-77.694
-77.705
-77.653
-77.567
-77.562
-77.561
-77.472
-77.539
-77.557
-77.576
-77.623
-77.753
-77.837
-77.886
-77.87
-77.923
-78.032
-78.103
-78.113
-78.145
-78.139
-78.117
-78.165
-78.148
-78.154
-78.193
-78.138
-78.22
-78.186
-78.18
-78.15
-78.179
-78.199
-78.226
-78.17
-78.177
-78.157
-78.222
-78.143
-78.166
-78.142
-78.084
-78.118
-78.139
-78.2
-78.257
-78.315
-78.352
-78.412
-78.363
-78.417
-78.357
-78.4
-78.372
-78.374
-78.429
-78.421
-78.44
-78.444
-78.539
-78.545
-78.496
-78.568
-78.506
-78.496
-78.57
-78.652
-78.753
-78.811
-78.771
-78.831
-78.875
-78.869
-78.932
-79.012
-78.981
-78.947
-78.977
-79.03
-79.02
-78.906
-78.905
-78.912
-78.909
-78.818
-78.794
-78.811
-78.756
-78.713
-78.69
-78.722
-78.76
-78.697
-78.78
-78.759
-78.79
-78.731
-78.82
-78.78
-78.752
-78.83
-78.855
-78.791
-78.803
-78.831
-78.825
-78.799
-78.896
-78.825
-78.866
-78.93
-78.952
-78.976
-78.97
-78.955
-78.951
-78.911
-78.978
-78.991
-79.072
-79.037
-78.951
-78.961
-79.058
-79.111
-79.093
-79.115
-78.994
-78.969
-79.034
-78.997
-78.997
-79.044
-79.061
-79.013
-79.043
-78.914
-78.94
-78.979
-79.006
-79.046
-79.08
-79.031
-78.942
-78.853
-78.879
-78.882
-78.911
-78.903
-78.909
-78.974
-78.971
-78.916
-78.848
-78.9
-78.859
-78.824
-78.739
-78.73
-78.845
-78.861
-78.77
-78.698
-78.712
-78.742
-78.665
-78.691
-78.653
-78.59
-78.533
-78.597
-78.582
-78.532
-78.513
-78.476
-78.416
-78.461
-78.411
-78.393
-78.44
-78.483
-78.5
-78.458
-78.367
-78.356
-78.408
-78.377
-78.41
-78.455
-78.361
-78.296
-78.277
-78.176
-78.174
-77.998
-78.019
-78.074
-78.068
-78.074
-78.028
-78.051
-78.072
-78.051
-78.063
-78.051
-78.003
-77.895
-77.897
-77.894
-77.846
-77.79
-77.768
-77.745
-77.728
-77.662
-77.666
-77.638
-77.704
-77.756
-77.693
-77.692
-77.661
-77.702
-77.655
-77.612
-77.661
-77.68
-77.703
-77.795
-77.759
-77.762
-77.849
-77.888
-77.889
-77.842
-77.893
-78.004
-78.064
-78.008
-78.072
-78.067
-78.044
-78.055
-77.908
-77.932
-77.888
-77.896
-77.919
-77.926
-77.879
-77.898
-77.898
-77.918
-77.933
-77.863
-77.855
-77.83
-77.747
-77.688
-77.725
-77.775
-77.665
-77.565
-77.603
-77.634
-77.615
-77.669
-77.645
-77.565
-77.593
-77.585
-77.506
-77.549
-77.577
-77.57
-77.564
-77.555
-77.566
-77.618
-77.724
-77.679
-77.693
-77.629
-77.588
-77.631
-77.673
-77.685
-77.762
-77.778
-77.707
-77.727
-77.693
-77.693
-77.797
-77.778
-77.777
-77.756
-77.74
-77.745
-77.783
-77.684
-77.648
-77.507
-77.478
-77.479
-77.473
-77.347
-77.315
-77.334
-77.434
-77.29
-77.372
-77.334
-77.366
-77.394
-77.399
-77.393
-77.524
-77.508
-77.532
-77.578
-77.603
-77.571
-77.556
-77.533
-77.527
-77.454
-77.468
-77.456
-77.488
-77.473
-77.393
-77.396
-77.463
-77.476
-77.517
-77.527
-77.527
-77.521
-77.513
-77.581
-77.622
-77.546
-77.617
-77.667
-77.612
-77.703
-77.67
-77.642
-77.573
-77.628
-77.684
-77.646
-77.636
-77.653
-77.648
-77.583
-77.598
-77.636
-77.685
-77.669
-77.726
-77.741
-77.753
-77.708
-77.773
-77.704
-77.819
-77.9
-77.902
-77.944
-77.939
-77.847
-77.823
-77.787
-77.872
-77.888
-77.908
-77.948
-77.952
-77.999
-78.067
-78.096
-78.147
-78.112
-78.18
-78.172
-78.192
-78.253
-78.201
-78.183
-78.186
-78.19
-78.236
-78.208
-78.244
-78.187
-78.26
-78.355
-78.382
-78.521
-78.504
-78.575
-78.579
-78.644
-78.561
-78.454
-78.461
-78.413
-78.481
-78.486
-78.497
-78.522
-78.558
-78.55
-78.614
-78.608
-78.548
-78.565
-78.559
-78.566
-78.632
-78.71
-78.712
-78.751
-78.826
-78.792
-78.734
-78.615
-78.564
-78.566
-78.68
-78.664
-78.563
-78.486
-78.447
-78.484
-78.394
-78.413
-78.337
-78.321
-78.398
-78.397
-78.331
-78.346
-78.323
-78.322
-78.338
-78.304
-78.265
-78.237
-78.239
-78.331
-78.399
-78.376
-78.345
-78.394
-78.376
-78.324
-78.423
-78.488
-78.443
-78.545
-78.504
-78.531
-78.501
-78.562
-78.548
-78.555
-78.572
-78.545
-78.506
-78.462
-78.47
-78.473
-78.553
-78.522
-78.551
-78.646
-78.714
-78.805
-78.798
-78.831
-78.858
-78.845
-78.851
-78.876
-78.94
-78.922
-78.98
-79.017
-79.071
-79.021
-78.922
-78.938
-78.877
-78.939
-78.954
-79.034
-79.027
-78.963
-78.975
-79.002
-79.06
-79.061
-79.094
-79.128
-79.161
-79.186
-79.149
-79.224
-79.135
-79.159
-79.166
-79.181
-79.167
-79.2
-79.142
-79.186
-79.227
-79.296
-79.25
-79.249
-79.12
-79.11
-79.126
-79.098
-79.131
-79.123
-79.149
-79.02
-79.025
-79.044
-79.141
-79.072
-79.057
-79.157
-79.182
-79.202
-79.281
-79.308
-79.308
-79.315
-79.312
-79.198
-79.222
-79.186
-79.092
-79.099
-79.119
-79.182
-79.213
-79.174
-79.17
-79.106
-79.18
-79.284
-79.18
-79.162
-79.169
-79.107
-79.018
-78.974
-78.994
-78.981
-78.883
-78.88
-78.87
-78.841
-78.841
-78.759
-78.736
-78.84
-78.738
-78.67
-78.658
-78.726
-78.754
-78.725
-78.725
-78.795
-78.748
-78.737
-78.67
-78.668
-78.701
-78.754
-78.756
-78.759
-78.798
-78.789
-78.795
-78.72
-78.675
-78.715
-78.628
-78.649
-78.629
-78.653
-78.645
-78.623
-78.616
-78.619
-78.583
-78.551
-78.564
-78.586
-78.461
-78.596
-78.576
-78.577
-78.512
-78.51
-78.602
-78.641
-78.725
-78.828
-78.855
-78.864
-78.944
-78.969
-78.961
-79.015
-78.963
-79.129
-79.139
-79.193
-79.219
-79.22
-79.147
-79.158
-79.112
-79.092
-79.113
-79.139
-79.067
-79.082
-79.049
-79.041
-78.973
-79.003
-78.986
-78.965
-78.858
-78.848
-78.843
-78.865
-78.883
-78.959
-79.049
-79.102
-79.099
-79.165
-79.143
-79.185
-79.14
-79.171
-79.177
-79.308
-79.353
-79.34
-79.302
-79.321
-79.389
-79.441
-79.52
-79.44
-79.488
-79.492
-79.44
-79.447
-79.495
-79.506
-79.477
-79.566
-79.583
-79.512
-79.642
-79.707
-79.721
-79.731
-79.744
-79.782
-79.779
-79.74
-79.723
-79.729
-79.7
-79.67
-79.684
-79.694
-79.768
-79.726
-79.757
-79.769
-79.756
-79.732
-79.745
-79.799
-79.804
-79.907
-79.946
-79.939
-79.986
-79.876
-79.862
-79.817
-79.884
-79.877
-79.789
-79.84
-79.822
-79.777
-79.711
-79.735
-79.722
-79.642
-79.668
-79.694
-79.704
-79.657
-79.692
-79.618
-79.631
-79.622
-79.658
-79.574
-79.621
-79.643
-79.644
-79.67
-79.679
-79.66
-79.664
-79.662
-79.676
-79.625
-79.635
-79.635
-79.61
-79.632
-79.654
-79.667
-79.737
-79.635
-79.692
-79.624
-79.659
-79.728
-79.697
-79.754
-79.757
-79.79
-79.838
-79.864
-79.849
-79.809
-79.734
-79.768
-79.829
-79.747
-79.737
-79.747
-79.719
-79.76
-79.764
-79.805
-79.846
-79.819
-79.876
-79.892
-79.831
-79.757
-79.828
-79.772
-79.831
-79.818
-79.773
-79.794
-79.855
-79.819
-79.766
-79.844
-79.858
-79.929
-79.913
-79.822
-79.818
-79.726
-79.736
-79.762
-79.776
-79.777
-79.775
-79.727
-79.697
-79.761
-79.755
-79.724
-79.831
-79.806
-79.849
-79.839
-79.75
-79.706
-79.757
-79.76
-79.793
-79.773
-79.747
-79.819
-79.775
-79.715
-79.687
-79.711
-79.744
-79.725
-79.722
-79.697
-79.719
-79.589
-79.528
-79.467
-79.432
-79.405
-79.394
-79.382
-79.385
-79.335
-79.331
-79.378
-79.436
-79.47
-79.476
-79.49
-79.52
-79.558
-79.563
-79.526
-79.651
-79.602
-79.617
-79.659
-79.68
-79.594
-79.617
-79.667
-79.774
-79.761
-79.81
-79.804
-79.77
-79.776
-79.768
-79.844
-79.801
-79.739
-79.744
-79.673
-79.735
-79.804
-79.758
-79.669
-79.693
-79.616
-79.646
-79.697
-79.786
-79.774
-79.783
-79.757
-79.757
-79.725
-79.736
-79.759
-79.799
-79.783
-79.92
-79.913
-79.88
-79.848
-79.782
-79.822
-79.839
-79.894
-79.863
-79.815
-79.857
-79.889
-79.887
-79.862
-79.765
-79.729
-79.74
-79.695
-79.711
-79.619
-79.616
-79.66
-79.697
-79.691
-79.786
-79.687
-79.702
-79.733
-79.735
-79.775
-79.727
-79.756
-79.684
-79.68
-79.656
-79.625
-79.636
-79.551
-79.543
-79.539
-79.53
-79.561
-79.583
-79.566
-79.624
-79.724
-79.641
-79.593
-79.633
-79.524
-79.536
-79.543
-79.539
-79.546
-79.65
-79.751
-79.725
-79.671
-79.647
-79.613
-79.521
-79.555
-79.546
-79.416
-79.456
-79.462
-79.485
-79.419
-79.316
-79.423
-79.353
-79.297
-79.4
-79.411
-79.284
-79.295
-79.321
-79.371
-79.358
-79.363
-79.32
-79.413
-79.331
-79.211
-79.25
-79.359
-79.376
-79.378
-79.387
-79.363
-79.394
-79.394
-79.371
-79.324
-79.319
-79.374
-79.517
-79.583
-79.641
-79.575
-79.632
-79.662
-79.64
-79.744
-79.761
-79.824
-79.799
-79.829
-79.81
-79.848
-79.908
-79.916
-79.928
-79.958
-79.928
-79.961
-80.024
-79.999
-80.051
-80.063
-80.111
-80.178
-80.133
-80.097
-80.05
-80.074
-80.062
-80.059
-80.081
-80.097
-80.046
-80.114
-80.232
-80.11
-80.152
-80.105
-80.161
-80.04
-80.117
-80.162
-80.242
-80.238
-80.183
-80.2
-80.254
-80.307
-80.245
-80.261
-80.217
-80.161
-80.15
-80.218
-80.21
-80.202
-80.113
-80.118
-80.079
-80.077
-80.005
-80.009
-80.078
-80.105
-80.08
-80.03
-80.028
-80.02
-79.956
-79.968
-80.047
-80.12
-80.102
-80.078
-80.093
-80.004
-79.848
-79.823
-79.789
-79.752
-79.736
-79.755
-79.866
-79.862
-79.897
-79.876
-79.97
-79.978
-79.946
-80.02
-79.954
-79.968
-79.989
-80.068
-80.073
-80.015
-80.016
-79.955
-79.916
-80.001
-79.927
-79.872
-79.949
-79.945
-79.987
-79.957
-79.855
-79.871
-79.914
-79.889
-79.923
-79.911
-79.99
-80.05
-80.11
-80.138
-80.049
-80.05
-79.986
-80.049
-80.049
-80.138
-80.144
-80.121
-80.148
-80.084
-80.09
-80.031
-80.034
-80.048
-80.011
-79.934
-79.914
-79.927
-80.015
-80.084
-80.053
-80.005
-79.932
-79.951
-80.006
-79.969
-80.042
-80.04
-79.991
-80.066
-80.13
-80.096
-80.092
-80.064
-79.98
-80.016
-80.027
-80.098
-80.159
-80.14
-80.189
-80.272
-80.278
-80.294
-80.253
-80.251
-80.3
-80.3
-80.278
-80.299
-80.26
-80.227
-80.318
-80.339
-80.335
-80.394
-80.396
-80.367
-80.374
-80.393
-80.418
-80.492
-80.496
-80.531
-80.438
-80.423
-80.473
-80.531
-80.591
-80.655
-80.762
-80.728
-80.691
-80.729
-80.725
-80.752
-80.804
-80.725
-80.646
-80.664
-80.686
-80.784
-80.844
-80.848
-80.91
-80.86
-80.804
-80.851
-80.735
-80.69
-80.655
-80.7
-80.816
-80.785
-80.777
-80.801
-80.794
-80.798
-80.793
-80.742
-80.806
-80.715
-80.788
-80.756
-80.69
-80.653
-80.573
-80.603
-80.6
-80.538
-80.493
-80.421
-80.322
-80.239
-80.206
-80.179
-80.158
-80.082
-80.083
-79.958
-79.951
-79.881
-79.944
-79.995
-79.988
-79.945
-80.004
-79.928
-79.954
-79.968
-79.94
-79.913
-79.91
-79.924
-79.869
-79.83
-79.783
-79.79
-79.771
-79.754
-79.764
-79.792
-79.742
-79.714
-79.762
-79.768
-79.79
-79.709
-79.677
-79.692
-79.684
-79.78
-79.724
-79.717
-79.777
-79.827
-79.921
-79.949
-79.954
-79.916
-79.964
-80.011
-79.993
-80.08
-80.133
-80.122
-80.121
-80.144
-80.084
-80.1
-80.223
-80.304
-80.243
-80.235
-80.198
-80.215
-80.286
-80.32
-80.439
-80.448
-80.494
-80.488
-80.435
-80.419
-80.412
-80.359
-80.202
-80.232
-80.305
-80.322
-80.435
-80.482
-80.494
-80.523
-80.561
-80.529
-80.538
-80.595
-80.653
-80.66
-80.71
-80.693
-80.654
-80.541
-80.55
-80.479
-80.437
-80.417
-80.304
-80.276
-80.348
-80.326
-80.202
-80.219
-80.177
-80.147
-80.087
-80.031
-80.047
-80.044
-80.146
-80.234
-80.253
-80.27
-80.218
-80.193
-80.235
-80.24
-80.165
-80.211
-80.219
-80.309
-80.231
-80.213
-80.147
-80.238
-80.22
-80.185
-80.095
-80.164
-80.159
-80.149
-80.172
-80.144
-80.147
-80.096
-80.115
-80.071
-80.095
-80.11
-80.286
-80.348
-80.422
-80.418
-80.437
-80.372
-80.381
-80.371
-80.374
-80.411
-80.4
-80.485
-80.462
-80.483
-80.479
-80.42
-80.426
-80.411
-80.396
-80.388
-80.361
-80.359
-80.337
-80.349
-80.354
-80.379
-80.364
-80.392
-80.408
-80.478
-80.553
-80.546
-80.602
-80.655
-80.618
-80.637
-80.612
-80.636
-80.607
-80.625
-80.671
-80.671
-80.719
-80.72
-80.736
-80.746
-80.769
-80.745
-80.742
-80.68
-80.641
-80.654
-80.652
-80.535
-80.543
-80.524
-80.46
-80.469
-80.451
-80.415
-80.415
-80.328
-80.336
-80.302
-80.345
-80.305
-80.413
-80.331
-80.406
-80.473
-80.51
-80.525
-80.537
-80.532
-80.534
-80.587
-80.523
-80.487
-80.575
-80.594
-80.584
-80.606
-80.605
-80.61
-80.552
-80.54
-80.484
-80.475
-80.487
-80.471
-80.55
-80.545
-80.55
-80.607
-80.531
-80.452
-80.55
-80.55
-80.625
-80.582
-80.62
-80.627
-80.634
-80.638
-80.645
-80.592
-80.532
-80.531
-80.529
-80.461
-80.519
-80.549
-80.573
-80.492
-80.469
-80.438
-80.465
-80.443
-80.514
-80.468
-80.412
-80.41
-80.43
-80.412
-80.496
-80.545
-80.658
-80.662
-80.634
-80.59
-80.574
-80.608
-80.697
-80.634
-80.583
-80.553
-80.646
-80.703
-80.701
-80.697
-80.678
-80.661
-80.62
-80.623
-80.643
-80.601
-80.617
-80.674
-80.67
-80.656
-80.603
-80.524
-80.555
-80.502
-80.557
-80.635
-80.597
-80.658
-80.669
-80.691
-80.78
-80.8
-80.694
-80.707
-80.643
-80.677
-80.735
-80.737
-80.718
-80.747
-80.779
-80.787
-80.846
-80.833
-80.863
-80.86
-80.917
-80.923
-80.891
-80.907
-80.957
-80.903
-80.915
-80.938
-80.962
-80.951
-80.909
-80.882
-80.874
-80.779
-80.88
-80.797
-80.735
-80.673
-80.599
-80.613
-80.626
-80.604
-80.621
-80.598
-80.58
-80.536
-80.5
-80.491
-80.449
-80.479
-80.439
-80.422
-80.422
-80.5
-80.633
-80.725
-80.735
-80.772
-80.643
-80.748
-80.748
-80.846
-80.913
-80.932
-80.934
-80.877
-80.88
-80.794
-80.782
-80.85
-80.76
-80.68
-80.669
-80.733
-80.681
-80.735
-80.836
-80.853
-80.797
-80.869
-80.789
-80.85
-80.715
-80.709
-80.742
-80.695
-80.712
-80.752
-80.785
-80.676
-80.642
-80.604
-80.592
-80.67
-80.725
-80.754
-80.776
-80.632
-80.656
-80.622
-80.631
-80.643
-80.639
-80.644
-80.624
-80.603
-80.564
-80.533
-80.544
-80.504
-80.514
-80.52
-80.482
-80.509
-80.487
-80.466
-80.503
-80.423
-80.407
-80.376
-80.408
-80.421
-80.456
-80.527
-80.505
-80.46
-80.434
-80.522
-80.514
-80.504
-80.553
-80.489
-80.407
-80.375
-80.311
-80.382
-80.376
-80.224
-80.203
-80.184
-80.23
-80.287
-80.298
-80.337
-80.357
-80.367
-80.37
-80.447
-80.425
-80.442
-80.423
-80.417
-80.416
-80.437
-80.472
-80.49
-80.544
-80.543
-80.558
-80.693
-80.775
-80.707
-80.656
-80.637
-80.613
-80.68
-80.668
-80.679
-80.655
-80.577
-80.577
-80.568
-80.554
-80.578
-80.582
-80.591
-80.662
-80.692
-80.696
-80.713
-80.714
-80.754
-80.781
-80.716
-80.649
-80.663
-80.742
-80.793
-80.82
-80.853
-80.811
-80.863
-80.87
-80.905
-80.915
-80.864
-80.842
-80.833
-80.856
-80.875
-80.832
-80.786
-80.847
-80.882
-80.914
-80.964
-80.915
-80.952
-80.892
-80.897
-80.896
-80.836
-80.804
-80.892
-80.905
-80.913
-80.921
-80.932
-80.985
-80.947
-80.975
-80.901
-80.957
-81.07
-81.071
-81.106
-81.115
-81.094
-81.111
-81.166
-81.156
-81.159
-81.157
-81.197
-81.195
-81.194
-81.174
-81.158
-81.107
-81.074
-81.049
-81.014
-81.023
-81.091
-81.124
-81.173
-81.224
-81.317
-81.365
-81.357
-81.368
-81.308
-81.389
-81.4
-81.406
-81.406
-81.395
-81.392
-81.469
-81.406
-81.426
-81.456
-81.485
-81.561
-81.58
-81.52
-81.447
-81.361
-81.41
-81.494
-81.375
-81.381
-81.382
-81.359
-81.323
-81.332
-81.384
-81.479
-81.505
-81.521
-81.547
-81.496
-81.456
-81.491
-81.454
-81.556
-81.575
-81.52
-81.48
-81.462
-81.426
-81.285
-81.296
-81.383
-81.382
-81.4
-81.367
-81.393
-81.361
-81.351
-81.376
-81.349
-81.422
-81.432
-81.378
-81.324
-81.257
-81.298
-81.299
-81.246
-81.24
-81.305
-81.312
-81.371
-81.383
-81.425
-81.429
-81.425
-81.358
-81.338
-81.348
-81.368
-81.38
-81.44
-81.526
-81.563
-81.583
-81.594
-81.578
-81.577
-81.537
-81.453
-81.447
-81.366
-81.325
-81.339
-81.425
-81.444
-81.475
-81.498
-81.508
-81.58
-81.524
-81.452
-81.404
-81.357
-81.426
-81.466
-81.458
-81.374
-81.394
-81.48
-81.421
-81.449
-81.442
-81.397
-81.499
-81.447
-81.392
-81.334
-81.295
-81.324
-81.285
-81.256
-81.308
-81.343
-81.339
-81.309
-81.251
-81.204
-81.265
-81.291
-81.347
-81.368
-81.379
-81.296
-81.245
-81.239
-81.231
-81.188
-81.283
-81.227
-81.18
-81.229
-81.2
-81.111
-81.114
-81.043
-81.07
-81.098
-81.049
-80.986
-81.011
-81.11
-81.098
-81.093
-81.026
-81.015
-81.029
-80.882
-80.837
-80.835
-80.792
-80.847
-80.929
-80.893
-80.873
-80.907
-81.01
-81.041
-81.15
-81.196
-81.088
-81.081
-81.08
-81.026
-81.014
-81
-81.029
-81.068
-81.053
-81.005
-80.985
-81.036
-81.05
-81.054
-80.998
-81.047
-81.038
-81.021
-81.008
-81.031
-80.986
-80.995
-80.981
-80.992
-81
-80.979
-80.996
-80.974
-80.936
-80.953
-80.908
-80.949
-80.967
-81.017
-80.905
-80.968
-80.904
-80.942
-80.961
-81.038
-81.024
-80.99
-81.029
-80.998
-80.997
-80.957
-80.93
-80.909
-80.873
-80.84
-80.86
-80.816
-80.68
-80.649
-80.623
-80.597
-80.623
-80.628
-80.668
-80.767
-80.668
-80.612
-80.612
-80.517
-80.453
-80.396
-80.292
-80.116
-80.004
-79.997
-79.86
-79.754
-79.625
-79.524
-79.481
-79.359
-79.274
-79.145
-79.113
-78.968
-78.809
-78.712
-78.568
-78.432
-78.29
-78.122
-77.982
-77.804
-77.688
-77.646
-77.49
-77.381
-77.276
-77.134
-76.988
-76.744
-76.55
-76.487
-76.343
-76.2
-76.021
-75.754
-75.603
-75.508
-75.422
-75.322
-75.206
-75.068
-75.003
-74.844
-74.616
-74.452
-74.369
-74.32
-74.364
-74.183
-74.031
-73.847
-73.666
-73.479
-73.375
-73.235
-73.151
-73.101
-72.945
-72.82
-72.691
-72.487
-72.303
-72.193
-72.055
-71.949
-71.825
-71.727
-71.595
-71.418
-71.32
-71.179
-70.916
-70.798
-70.64
-70.53
-70.388
-70.31
-70.101
-69.946
-69.774
-69.471
-69.32
-69.179
-69.073
-68.986
-68.797
-68.722
-68.65
-68.633
-68.483
-68.36
-68.14
-68.02
-67.921
-67.855
-67.896
-67.748
-67.679
-67.671
-67.602
-67.464
-67.357
-67.243
-67.108
-67.089
-66.934
-66.932
-66.885
-66.795
-66.68
-66.514
-66.426
-66.356
-66.184
-66.151
-66.011
-65.907
-65.854
-65.738
-65.711
-65.49
-65.304
-65.234
-65.076
-64.95
-64.911
-64.834
-64.773
-64.748
-64.762
-64.69
-64.64
-64.474
-64.381
-64.261
-64.301
-64.222
-64.147
-64.094
-64.11
-64.058
-64.052
-64.084
-64.083
-64.072
-64.061
-64.017
-63.984
-64.005
-64.009
-64.007
-63.863
-63.787
-63.719
-63.719
-63.629
-63.612
-63.496
-63.503
-63.444
-63.42
-63.361
-63.38
-63.298
-63.226
-63.211
-63.141
-63.123
-63.132
-63.151
-63.055
-62.971
-62.818
-62.781
-62.673
-62.674
-62.643
-62.647
-62.591
-62.443
-62.44
-62.295
-62.21
-62.23
-62.24
-62.223
-62.23
-62.245
-62.234
-62.145
-62.058
-62.064
-62.057
-61.982
-61.886
-61.904
-61.765
-61.702
-61.714
-61.597
-61.467
-61.418
-61.509
-61.513
-61.381
-61.419
-61.375
-61.27
-61.295
-61.311
-61.239
-61.321
-61.23
-61.201
-61.219
-61.305
-61.299
-61.23
-61.281
-61.212
-61.157
-61.209
-61.12
-61.083
-61.057
-61.055
-61.009
-60.932
-60.885
-60.908
-60.934
-60.931
-60.873
-60.824
-60.786
-60.729
-60.693
-60.63
-60.647
-60.699
-60.621
-60.582
-60.517
-60.567
-60.484
-60.498
-60.547
-60.586
-60.627
-60.597
-60.56
-60.462
-60.443
-60.469
-60.452
-60.479
-60.518
-60.445
-60.472
-60.57
-60.512
-60.469
-60.414
-60.424
-60.408
-60.332
-60.309
-60.308
-60.334
-60.333
-60.326
-60.381
-60.42
-60.372
-60.279
-60.234
-60.237
-60.207
-60.228
-60.16
-60.145
-60.167
-60.165
-60.134
-60.165
-60.25
-60.348
-60.331
-60.375
-60.448
-60.4
-60.341
-60.354
-60.455
-60.566
-60.457
-60.353
-60.285
-60.329
-60.376
-60.416
-60.445
-60.412
-60.437
-60.496
-60.447
-60.436
-60.405
-60.424
-60.458
-60.501
-60.544
-60.61
-60.596
-60.614
-60.569
-60.508
-60.558
-60.574
-60.595
-60.619
-60.627
-60.804
-60.786
-60.792
-60.76
-60.738
-60.712
-60.748
-60.716
-60.641
-60.608
-60.666
-60.674
-60.658
-60.654
-60.647
-60.693
-60.646
-60.65
-60.669
-60.654
-60.662
-60.688
-60.655
-60.606
-60.635
-60.574
-60.543
-60.559
-60.574
-60.498
-60.525
-60.494
-60.554
-60.564
-60.556
-60.571
-60.565
-60.617
-60.674
-60.632
-60.547
-60.517
-60.485
-60.512
-60.567
-60.508
-60.521
-60.481
-60.491
-60.601
-60.666
-60.735
-60.796
-60.83
-60.844
-60.963
-60.894
-60.932
-60.874
-60.911
-60.967
-60.976
-60.96
-60.975
-60.899
-60.919
-60.914
-60.871
-60.935
-60.845
-60.91
-60.931
-60.984
-61.069
-60.991
-61.018
-60.942
-61.018
-60.988
-61.039
-61.078
-61.159
-61.127
-61.132
-61.13
-61.14
-61.163
-61.22
-61.271
-61.318
-61.397
-61.429
-61.463
-61.422
-61.406
-61.445
-61.537
-61.498
-61.576
-61.52
-61.539
-61.531
-61.519
-61.469
-61.511
-61.489
-61.525
-61.576
-61.657
-61.737
-61.728
-61.727
-61.788
-61.857
-61.805
-61.776
-61.78
-61.839
-61.865
-61.875
-61.872
-61.871
-61.861
-61.94
-61.965
-62.03
-62.024
-62.102
-62.11
-62.148
-62.109
-62.172
-62.184
-62.264
-62.272
-62.37
-62.384
-62.41
-62.411
-62.494
-62.524
-62.442
-62.5
-62.553
-62.651
-62.584
-62.637
-62.701
-62.699
-62.749
-62.725
-62.761
-62.787
-62.802
-62.776
-62.821
-62.802
-62.772
-62.768
-62.711
-62.647
-62.707
-62.729
-62.778
-62.772
-62.805
-62.847
-62.835
-62.889
-62.985
-63.054
-62.985
-63.051
-63.03
-63.003
-63.054
-63.105
-63.09
-63.091
-63.179
-63.172
-63.294
-63.26
-63.25
-63.267
-63.254
-63.24
-63.289
-63.35
-63.386
-63.382
-63.436
-63.475
-63.475
-63.544
-63.526
-63.655
-63.669
-63.592
-63.589
-63.591
-63.671
-63.65
-63.753
-63.751
-63.748
-63.698
-63.754
-63.747
-63.718
-63.794
-63.85
-63.757
-63.796
-63.847
-63.965
-64.044
-64.063
-64.112
-64.137
-64.2
-64.186
-64.109
-64.16
-64.25
-64.247
-64.274
-64.326
-64.348
-64.364
-64.293
-64.258
-64.196
-64.273
-64.216
-64.261
-64.261
-64.306
-64.27
-64.329
-64.313
-64.348
-64.345
-64.398
-64.35
-64.342
-64.389
-64.45
-64.399
-64.383
-64.368
-64.403
-64.408
-64.454
-64.481
-64.57
-64.557
-64.556
-64.622
-64.582
-64.697
-64.776
-64.765
-64.794
-64.857
-64.887
-64.887
-64.907
-64.942
-64.954
-64.934
-64.978
-65.082
-65.163
-65.201
-65.14
-65.134
-65.108
-65.075
-65.246
-65.364
-65.374
-65.449
-65.487
-65.506
-65.483
-65.528
-65.457
-65.462
-65.502
-65.444
-65.426
-65.429
-65.423
-65.369
-65.394
-65.44
-65.526
-65.54
-65.535
-65.61
-65.54
-65.573
-65.481
-65.484
-65.492
-65.384
-65.368
-65.309
-65.318
-65.317
-65.362
-65.402
-65.459
-65.496
-65.59
-65.602
-65.619
-65.575
-65.567
-65.601
-65.718
-65.753
-65.738
-65.751
-65.8
-65.788
-65.901
-65.96
-65.917
-65.882
-65.876
-66
-65.907
-65.935
-65.974
-66.097
-66.137
-66.114
-66.209
-66.268
-66.357
-66.286
-66.312
-66.352
-66.422
-66.476
-66.507
-66.701
-66.597
-66.665
-66.687
-66.742
-66.698
-66.782
-66.742
-66.754
-66.782
-66.801
-66.742
-66.754
-66.796
-66.86
-66.826
-66.89
-66.934
-66.912
-67.041
-67.082
-67.064
-67.067
-67.104
-67.131
-67.141
-67.18
-67.275
-67.288
-67.297
-67.334
-67.335
-67.411
-67.438
-67.483
-67.57
-67.568
-67.56
-67.55
-67.488
-67.549
-67.571
-67.538
-67.605
-67.566
-67.621
-67.682
-67.78
-67.865
-67.93
-67.934
-67.886
-67.831
-67.772
-67.864
-67.897
-67.93
-67.88
-67.862
-67.865
-67.931
-67.927
-67.824
-67.932
-67.933
-67.91
-67.922
-67.948
-67.941
-68.048
-68.069
-68.021
-68.063
-68.099
-68.041
-68.085
-68.12
-68.061
-68.105
-68.147
-68.108
-68.134
-68.102
-68.262
-68.265
-68.263
-68.23
-68.241
-68.247
-68.272
-68.286
-68.349
-68.328
-68.352
-68.4
-68.389
-68.472
-68.484
-68.483
-68.501
-68.516
-68.504
-68.581
-68.58
-68.602
-68.67
-68.673
-68.699
-68.717
-68.727
-68.702
-68.73
-68.732
-68.727
-68.734
-68.739
-68.781
-68.876
-68.856
-68.851
-68.861
-68.842
-68.882
-68.875
-68.929
-68.941
-68.918
-68.863
-68.854
-68.9
-68.85
-68.926
-68.991
-69.03
-69.002
-68.998
-69.025
-69.069
-69.183
-69.166
-69.122
-69.149
-69.032
-69.131
-69.222
-69.194
-69.203
-69.267
-69.317
-69.28
-69.321
-69.356
-69.318
-69.374
-69.251
-69.2
-69.194
-69.265
-69.257
-69.379
-69.397
-69.358
-69.297
-69.276
-69.265
-69.338
-69.359
-69.411
-69.369
-69.354
-69.311
-69.177
-69.184
-69.312
-69.337
-69.421
-69.342
-69.383
-69.369
-69.406
-69.384
-69.442
-69.524
-69.5
-69.497
-69.462
-69.397
-69.344
-69.374
-69.424
-69.406
-69.448
-69.506
-69.497
-69.514
-69.492
-69.56
-69.552
-69.526
-69.506
-69.44
-69.494
-69.525
-69.497
-69.518
-69.54
-69.636
-69.636
-69.66
-69.706
-69.678
-69.698
-69.679
-69.738
-69.681
-69.682
-69.697
-69.688
-69.624
-69.664
-69.681
-69.736
-69.655
-69.577
-69.555
-69.626
-69.575
-69.577
-69.548
-69.618
-69.664
-69.62
-69.656
-69.687
-69.682
-69.592
-69.47
-69.463
-69.422
-69.373
-69.383
-69.411
-69.404
-69.4
-69.478
-69.487
-69.437
-69.395
-69.424
-69.446
-69.467
-69.503
-69.532
-69.688
-69.758
-69.831
-69.891
-69.904
-69.924
-69.971
-70.089
-70.11
-70.134
-70.168
-70.247
-70.259
-70.332
-70.336
-70.333
-70.282
-70.29
-70.348
-70.319
-70.346
-70.394
-70.434
-70.354
-70.336
-70.285
-70.343
-70.302
-70.358
-70.385
-70.387
-70.369
-70.369
-70.35
-70.299
-70.255
-70.169
-70.145
-70.062
-70.094
-70.131
-70.142
-70.087
-69.998
-70.009
-70.041
-70.149
-70.2
-70.268
-70.218
-70.221
-70.257
-70.244
-70.202
-70.13
-70.103
-70.289
-70.256
-70.297
-70.267
-70.322
-70.311
-70.301
-70.253
-70.28
-70.345
-70.384
-70.385
-70.262
-70.25
-70.336
-70.287
-70.316
-70.289
-70.375
-70.392
-70.407
-70.475
-70.507
-70.52
-70.607
-70.714
-70.728
-70.777
-70.838
-70.824
-70.795
-70.79
-70.737
-70.629
-70.542
-70.555
-70.594
-70.629
-70.658
-70.69
-70.684
-70.709
-70.651
-70.642
-70.615
-70.655
-70.677
-70.688
-70.691
-70.738
-70.819
-70.891
-70.954
-70.897
-70.807
-70.898
-70.908
-70.939
-70.979
-70.991
-71.098
-71.147
-71.173
-71.216
-71.189
-71.172
-71.157
-71.114
-71.15
-71.159
-71.183
-71.161
-71.168
-71.124
-71.147
-71.038
-71.052
-71.049
-71.127
-71.133
-71.049
-71.038
-71.072
-71.165
-71.129
-71.142
-71.235
-71.228
-71.213
-71.236
-71.18
-71.228
-71.249
-71.305
-71.301
-71.362
-71.346
-71.36
-71.351
-71.406
-71.281
-71.328
-71.38
-71.406
-71.437
-71.473
-71.513
-71.635
-71.709
-71.764
-71.74
-71.742
-71.678
-71.763
-71.744
-71.749
-71.664
-71.71
-71.747
-71.732
-71.809
-71.825
-71.876
-71.879
-71.894
-71.841
-71.845
-71.882
-71.846
-71.854
-71.898
-71.998
-71.967
-71.943
-71.992
-71.948
-71.97
-72.066
-72.086
-72.102
-72.095
-72.048
-72.056
-72.093
-72.143
-72.159
-72.142
-72.185
-72.292
-72.347
-72.342
-72.34
-72.407
-72.38
-72.369
-72.422
-72.385
-72.482
-72.59
-72.539
-72.513
-72.507
-72.579
-72.692
-72.683
-72.735
-72.704
-72.734
-72.796
-72.835
-72.87
-72.83
-72.854
-72.811
-72.902
-72.855
-72.892
-72.882
-72.895
-72.805
-72.747
-72.743
-72.608
-72.655
-72.666
-72.706
-72.603
-72.538
-72.547
-72.559
-72.535
-72.565
-72.596
-72.589
-72.689
-72.642
-72.626
-72.637
-72.697
-72.747
-72.729
-72.748
-72.716
-72.709
-72.717
-72.618
-72.617
-72.687
-72.717
-72.888
-72.829
-72.875
-72.843
-72.81
-72.831
-72.817
-72.824
-72.847
-72.857
-72.846
-72.868
-72.941
-73.025
-72.942
-72.945
-72.963
-72.869
-72.824
-72.783
-72.786
-72.768
-72.79
-72.804
-72.807
-72.765
-72.743
-72.762
-72.794
-72.847
-72.818
-72.906
-72.864
-72.888
-72.951
-72.961
-72.901
-72.822
-72.946
-72.898
-72.824
-72.829
-72.791
-72.734
-72.735
-72.79
-72.785
-72.773
-72.808
-72.824
-72.836
-72.901
-72.862
-72.878
-72.912
-72.997
-73.054
-73.008
-73.065
-72.935
-72.897
-72.922
-72.905
-72.906
-72.865
-72.937
-72.912
-72.883
-72.865
-72.837
-72.796
-72.79
-72.735
-72.887
-72.873
-72.961
-72.973
-72.972
-72.961
-72.955
-72.948
-72.961
-72.974
-73.103
-73.041
-73.054
-73.133
-73.128
-73.175
-73.166
-73.139
-73.077
-73.057
-73.151
-73.185
-73.233
-73.261
-73.242
-73.316
-73.195
-73.273
-73.29
-73.351
-73.328
-73.377
-73.357
-73.372
-73.392
-73.476
-73.434
-73.415
-73.4
-73.346
-73.405
-73.454
-73.421
-73.514
-73.429
-73.484
-73.563
-73.564
-73.71
-73.79
-73.848
-73.857
-73.826
-73.864
-73.943
-74.032
-73.992
-74.019
-74.005
-73.967
-73.96
-73.964
-73.942
-73.951
-74.005
-73.983
-73.994
-73.968
-73.947
-74.025
-73.949
-74.043
-73.94
-73.949
-73.942
-73.817
-73.844
-73.877
-73.93
-73.969
-73.991
-74.019
-73.99
-73.957
-73.983
-73.944
-73.951
-74.015
-74.03
-74.049
-74.17
-74.207
-74.23
-74.211
-74.205
-74.3
-74.36
-74.34
-74.392
-74.377
-74.408
-74.401
-74.428
-74.352
-74.356
-74.364
-74.395
-74.412
-74.352
-74.335
-74.417
-74.37
-74.347
-74.371
-74.287
-74.258
-74.298
-74.333
-74.282
-74.326
-74.345
-74.351
-74.397
-74.411
-74.39
-74.441
-74.447
-74.407
-74.444
-74.42
-74.435
-74.553
-74.623
-74.494
-74.575
-74.634
-74.723
-74.657
-74.604
-74.662
-74.746
-74.834
-74.814
-74.784
-74.762
-74.703
-74.765
-74.704
-74.701
-74.678
-74.657
-74.614
-74.502
-74.599
-74.568
-74.615
-74.692
-74.803
-74.736
-74.753
-74.754
-74.731
-74.664
-74.593
-74.636
-74.653
-74.581
-74.551
-74.653
-74.562
-74.571
-74.566
-74.546
-74.583
-74.532
-74.554
-74.508
-74.483
-74.509
-74.568
-74.559
-74.551
-74.515
-74.501
-74.444
-74.459
-74.502
-74.504
-74.511
-74.516
-74.49
-74.502
-74.438
-74.527
-74.597
-74.639
-74.643
-74.646
-74.643
-74.622
-74.665
-74.676
-74.578
-74.597
-74.496
-74.554
-74.527
-74.42
-74.506
-74.543
-74.562
-74.487
-74.454
-74.531
-74.521
-74.613
-74.599
-74.627
-74.628
-74.657
-74.669
-74.734
-74.784
-74.832
-74.821
-74.83
-74.809
-74.782
-74.767
-74.743
-74.833
-74.808
-74.793
-74.794
-74.77
-74.799
-74.733
-74.768
-74.803
-74.791
-74.699
-74.664
-74.638
-74.617
-74.604
-74.633
-74.636
-74.68
-74.692
-74.714
-74.656
-74.674
-74.61
-74.608
-74.574
-74.485
-74.484
-74.461
-74.501
-74.566
-74.542
-74.51
-74.543
-74.588
-74.63
-74.756
-74.891
-74.845
-74.838
-74.828
-74.83
-74.868
-74.746
-74.679
-74.627
-74.599
-74.538
-74.488
-74.458
-74.399
-74.376
-74.375
-74.329
-74.27
-74.247
-74.2
-74.236
-74.307
-74.27
-74.268
-74.24
-74.238
-74.201
-74.222
-74.264
-74.346
-74.331
-74.371
-74.325
-74.354
-74.388
-74.369
-74.389
-74.357
-74.312
-74.339
-74.33
-74.449
-74.51
-74.559
-74.53
-74.533
-74.536
-74.508
-74.449
-74.497
-74.455
-74.375
-74.335
-74.308
-74.343
-74.285
-74.256
-74.195
-74.163
-74.155
-74.213
-74.256
-74.263
-74.344
-74.35
-74.314
-74.363
-74.367
-74.383
-74.46
-74.436
-74.505
-74.471
-74.491
-74.455
-74.41
-74.465
-74.49
-74.543
-74.564
-74.485
-74.427
-74.489
-74.448
-74.532
-74.493
-74.496
-74.407
-74.365
-74.343
-74.405
-74.412
-74.442
-74.477
-74.601
-74.595
-74.575
-74.579
-74.633
-74.746
-74.761
-74.764
-74.792
-74.802
-74.759
-74.714
-74.74
-74.706
-74.713
-74.728
-74.707
-74.743
-74.717
-74.713
-74.592
-74.646
-74.635
-74.68
-74.661
-74.738
-74.844
-74.904
-74.953
-74.909
-74.966
-75.103
-75.09
-75.151
-75.195
-75.198
-75.167
-75.182
-75.201
-75.163
-75.214
-75.281
-75.277
-75.322
-75.31
-75.278
-75.318
-75.331
-75.274
-75.32
-75.341
-75.335
-75.3
-75.302
-75.376
-75.338
-75.428
-75.462
-75.511
-75.558
-75.538
-75.536
-75.415
-75.361
-75.431
-75.36
-75.476
-75.387
-75.34
-75.361
-75.327
-75.397
-75.391
-75.35
-75.286
-75.369
-75.365
-75.355
-75.384
-75.4
-75.421
-75.38
-75.264
-75.236
-75.29
-75.294
-75.391
-75.35
-75.369
-75.367
-75.425
-75.45
-75.413
-75.376
-75.455
-75.355
-75.38
-75.345
-75.225
-75.247
-75.236
-75.208
-75.266
-75.346
-75.385
-75.384
-75.444
-75.451
-75.511
-75.574
-75.649
-75.677
-75.742
-75.851
-75.788
-75.732
-75.8
-75.677
-75.531
-75.536
-75.594
-75.501
-75.431
-75.429
-75.416
-75.431
-75.328
-75.336
-75.336
-75.416
-75.405
-75.437
-75.426
-75.387
-75.352
-75.356
-75.322
-75.354
-75.333
-75.309
-75.407
-75.437
-75.404
-75.412
-75.306
-75.303
-75.359
-75.411
-75.41
-75.508
-75.517
-75.609
-75.688
-75.656
-75.656
-75.677
-75.776
-75.877
-75.883
-75.815
-75.754
-75.691
-75.663
-75.642
-75.629
-75.729
-75.704
-75.7
-75.68
-75.665
-75.681
-75.737
-75.728
-75.707
-75.751
-75.793
-75.793
-75.805
-75.788
-75.755
-75.691
-75.632
-75.577
-75.615
-75.547
-75.582
-75.667
-75.708
-75.733
-75.638
-75.586
-75.604
-75.725
-75.706
-75.695
-75.74
-75.719
-75.772
-75.768
-75.778
-75.772
-75.816
-75.841
-75.866
-75.901
-75.897
-75.846
-75.744
-75.746
-75.709
-75.762
-75.621
-75.685
-75.718
-75.854
-75.803
-75.745
-75.735
-75.657
-75.632
-75.645
-75.688
-75.785
-75.74
-75.656
-75.608
-75.637
-75.614
-75.643
-75.678
-75.714
-75.669
-75.66
-75.725
-75.627
-75.66
-75.671
-75.573
-75.673
-75.6
-75.545
-75.409
-75.405
-75.487
-75.476
-75.478
-75.602
-75.677
-75.585
-75.66
-75.698
-75.759
-75.643
-75.673
-75.745
-75.761
-75.754
-75.787
-75.748
-75.655
-75.708
-75.709
-75.678
-75.653
-75.602
-75.535
-75.58
-75.616
-75.529
-75.523
-75.52
-75.432
-75.422
-75.363
-75.456
-75.409
-75.363
-75.371
-75.356
-75.382
-75.378
-75.382
-75.459
-75.487
-75.486
-75.534
-75.402
-75.52
-75.521
-75.513
-75.491
-75.447
-75.482
-75.509
-75.47
-75.543
-75.547
-75.516
-75.602
-75.623
-75.624
-75.63
-75.718
-75.667
-75.539
-75.564
-75.586
-75.681
-75.716
-75.742
-75.685
-75.663
-75.594
-75.58
-75.553
-75.519
-75.504
-75.472
-75.542
-75.51
-75.533
-75.45
-75.386
-75.365
-75.378
-75.366
-75.398
-75.372
-75.422
-75.45
-75.336
-75.304
-75.345
-75.254
-75.226
-75.192
-75.18
-75.156
-75.127
-75.127
-75.093
-75.066
-75.16
-75.102
-75.073
-75.082
-75.124
-75.178
-75.158
-75.235
-75.241
-75.334
-75.312
-75.323
-75.322
-75.249
-75.281
-75.324
-75.314
-75.291
-75.258
-75.234
-75.21
-75.283
-75.255
-75.277
-75.278
-75.425
-75.479
-75.466
-75.578
-75.554
-75.543
-75.606
-75.684
-75.699
-75.641
-75.627
-75.644
-75.542
-75.505
-75.562
-75.612
-75.612
-75.662
-75.684
-75.652
-75.618
-75.648
-75.593
-75.651
-75.655
-75.657
-75.629
-75.646
-75.615
-75.564
-75.585
-75.537
-75.499
-75.492
-75.559
-75.49
-75.519
-75.508
-75.512
-75.595
-75.637
-75.707
-75.575
-75.576
-75.588
-75.598
-75.58
-75.674
-75.681
-75.698
-75.72
-75.775
-75.754
-75.781
-75.705
-75.705
-75.706
-75.674
-75.683
-75.769
-75.671
-75.662
-75.697
-75.675
-75.631
-75.706
-75.682
-75.662
-75.654
-75.718
-75.779
-75.811
-75.766
-75.745
-75.755
-75.816
-75.857
-75.842
-75.827
-75.757
-75.741
-75.761
-75.708
-75.683
-75.607
-75.589
-75.612
-75.687
-75.747
-75.684
-75.681
-75.676
-75.66
-75.685
-75.657
-75.574
-75.511
-75.448
-75.503
-75.531
-75.53
-75.517
-75.555
-75.589
-75.596
-75.633
-75.701
-75.784
-75.699
-75.637
-75.602
-75.539
-75.58
-75.563
-75.567
-75.506
-75.384
-75.416
-75.453
-75.407
-75.489
-75.556
-75.564
-75.523
-75.561
-75.516
-75.513
-75.45
-75.367
-75.325
-75.348
-75.387
-75.346
-75.361
-75.324
-75.333
-75.267
-75.25
-75.284
-75.233
-75.29
-75.167
-75.163
-75.131
-75.127
-75.102
-75.117
-75.208
-75.205
-75.178
-75.249
-75.277
-75.259
-75.248
-75.229
-75.3
-75.246
-75.227
-75.298
-75.355
-75.404
-75.416
-75.423
-75.406
-75.47
-75.474
-75.464
-75.497
-75.438
-75.46
-75.427
-75.354
-75.45
-75.48
-75.507
-75.592
-75.57
-75.553
-75.555
-75.555
-75.65
-75.681
-75.658
-75.709
-75.72
-75.739
-75.762
-75.784
-75.792
-75.813
-75.734
-75.687
-75.639
-75.669
-75.635
-75.646
-75.644
-75.651
-75.645
-75.553
-75.624
-75.56
-75.561
-75.664
-75.619
-75.625
-75.618
-75.556
-75.483
-75.504
-75.497
-75.435
-75.418
-75.405
-75.539
-75.536
-75.536
-75.564
-75.617
-75.593
-75.556
-75.548
-75.512
-75.548
-75.489
-75.526
-75.453
-75.458
-75.509
-75.547
-75.562
-75.568
-75.713
-75.708
-75.748
-75.783
-75.744
-75.728
-75.817
-75.855
-75.715
-75.736
-75.688
-75.64
-75.621
-75.646
-75.696
-75.623
-75.538
-75.557
-75.569
-75.521
-75.54
-75.591
-75.567
-75.581
-75.486
-75.494
-75.494
-75.549
-75.589
-75.624
-75.63
-75.65
-75.638
-75.725
-75.662
-75.698
-75.715
-75.729
-75.739
-75.697
-75.593
-75.575
-75.529
-75.653
-75.584
-75.564
-75.521
-75.513
-75.463
-75.509
-75.551
-75.619
-75.667
-75.757
-75.746
-75.724
-75.695
-75.706
-75.772
-75.793
-75.765
-75.793
-75.842
-75.804
-75.819
-75.816
-75.899
-75.807
-75.817
-75.798
-75.764
-75.754
-75.71
-75.714
-75.649
-75.577
-75.636
-75.554
-75.616
-75.586
-75.542
-75.617
-75.587
-75.642
-75.63
-75.562
-75.529
-75.521
-75.505
-75.544
-75.546
-75.489
-75.458
-75.456
-75.418
-75.404
-75.375
-75.399
-75.382
-75.374
-75.441
-75.444
-75.562
-75.599
-75.648
-75.629
-75.694
-75.634
-75.601
-75.564
-75.569
-75.566
-75.604
-75.611
-75.644
-75.675
-75.711
-75.626
-75.605
-75.526
-75.492
-75.63
-75.613
-75.673
-75.682
-75.674
-75.687
-75.674
-75.632
-75.578
-75.455
-75.402
-75.45
-75.427
-75.402
-75.425
-75.384
-75.462
-75.546
-75.51
-75.496
-75.514
-75.483
-75.493
-75.533
-75.571
-75.61
-75.612
-75.653
-75.672
-75.649
-75.646
-75.621
-75.609
-75.643
-75.642
-75.639
-75.737
-75.763
-75.619
-75.648
-75.64
-75.628
-75.645
-75.658
-75.625
-75.588
-75.651
-75.607
-75.576
-75.602
-75.558
-75.509
-75.537
-75.512
-75.506
-75.491
-75.421
-75.402
-75.444
-75.502
-75.567
-75.549
-75.53
-75.625
-75.603
-75.6
-75.544
-75.556
-75.518
-75.458
-75.479
-75.491
-75.435
-75.486
-75.389
-75.431
-75.523
-75.554
-75.565
-75.581
-75.579
-75.577
-75.613
-75.566
-75.551
-75.592
-75.688
-75.694
-75.718
-75.737
-75.716
-75.738
-75.745
-75.779
-75.792
-75.753
-75.676
-75.633
-75.676
-75.65
-75.722
-75.757
-75.765
-75.79
-75.829
-75.816
-75.758
-75.687
-75.636
-75.682
-75.621
-75.567
-75.535
-75.581
-75.542
-75.519
-75.582
-75.56
-75.624
-75.536
-75.515
-75.44
-75.395
-75.351
-75.353
-75.41
-75.496
-75.57
-75.572
-75.737
-75.693
-75.682
-75.76
-75.74
-75.749
-75.691
-75.664
-75.759
-75.805
-75.952
-75.97
-75.981
-75.987
-76.017
-76.044
-76.095
-76.115
-76.056
-76.134
-76.111
-76.066
-76.151
-76.122
-76.118
-76.204
-76.213
-76.155
-76.209
-76.154
-76.228
-76.199
-76.224
-76.241
-76.178
-76.094
-76.225
-76.18
-76.176
-76.24
-76.273
-76.298
-76.33
-76.267
-76.188
-76.254
-76.256
-76.145
-76.253
-76.196
-76.185
-76.165
-76.207
-76.273
-76.21
-76.233
-76.247
-76.291
-76.325
-76.236
-76.267
-76.293
-76.316
-76.305
-76.327
-76.38
-76.374
-76.376
-76.411
-76.399
-76.46
-76.41
-76.439
-76.433
-76.478
-76.503
-76.435
-76.462
-76.51
-76.478
-76.561
-76.508
-76.507
-76.535
-76.486
-76.518
-76.558
-76.589
-76.566
-76.501
-76.537
-76.532
-76.569
-76.605
-76.593
-76.612
-76.72
-76.737
-76.696
-76.754
-76.711
-76.741
-76.827
-76.791
-76.813
-76.82
-76.784
-76.794
-76.822
-76.799
-76.851
-76.771
-76.823
-76.809
-76.702
-76.727
-76.82
-76.77
-76.811
-76.746
-76.742
-76.764
-76.784
-76.723
-76.706
-76.651
-76.7
-76.697
-76.628
-76.64
-76.676
-76.668
-76.721
-76.746
-76.796
-76.794
-76.838
-76.895
-76.969
-76.951
-76.881
-76.943
-76.939
-76.917
-76.896
-76.892
-76.929
-76.935
-76.974
-76.909
-76.971
-77.002
-76.992
-76.988
-77.115
-77.179
-77.157
-77.171
-77.198
-77.328
-77.268
-77.348
-77.356
-77.462
-77.45
-77.503
-77.54
-77.564
-77.551
-77.595
-77.584
-77.591
-77.559
-77.544
-77.478
-77.419
-77.412
-77.41
-77.385
-77.431
-77.578
-77.578
-77.622
-77.669
-77.721
-77.731
-77.731
-77.791
-77.77
-77.676
-77.728
-77.696
-77.695
-77.702
-77.722
-77.698
-77.708
-77.682
-77.738
-77.735
-77.817
-77.844
-77.972
-77.967
-77.966
-77.941
-77.94
-77.974
-78.005
-78.021
-78.031
-78.001
-77.965
-77.893
-77.832
-77.79
-77.721
-77.713
-77.781
-77.756
-77.747
-77.679
-77.698
-77.735
-77.729
-77.717
-77.67
-77.658
-77.663
-77.625
-77.623
-77.577
-77.532
-77.504
-77.494
-77.462
-77.433
-77.441
-77.444
-77.486
-77.536
-77.535
-77.565
-77.48
-77.525
-77.562
-77.623
-77.696
-77.554
-77.53
-77.554
-77.595
-77.602
-77.638
-77.614
-77.626
-77.579
-77.605
-77.625
-77.573
-77.539
-77.55
-77.586
-77.611
-77.66
-77.77
-77.855
-77.898
-77.925
-77.914
-77.923
-77.919
-77.975
-78.016
-78.049
-78.228
-78.165
-78.155
-78.076
-78.103
-78.167
-78.141
-78.192
-78.106
-78.126
-78.217
-78.203
-78.119
-77.963
-77.957
-77.976
-77.991
-77.934
-77.91
-77.89
-77.865
-77.888
-77.928
-77.884
-77.906
-77.974
-78.011
-78.086
-78.066
-78.052
-78.089
-78.102
-78.079
-78.118
-78.267
-78.288
-78.27
-78.343
-78.403
-78.327
-78.421
-78.415
-78.396
-78.452
-78.371
-78.405
-78.423
-78.405
-78.436
-78.448
-78.431
-78.376
-78.439
-78.474
-78.39
-78.282
-78.354
-78.388
-78.502
-78.469
-78.472
-78.448
-78.386
-78.344
-78.354
-78.33
-78.283
-78.277
-78.196
-78.219
-78.276
-78.245
-78.171
-78.174
-78.143
-78.196
-78.173
-78.142
-78.141
-78.128
-78.164
-78.117
-78.121
-78.15
-78.172
-78.255
-78.288
-78.307
-78.329
-78.359
-78.344
-78.408
-78.305
-78.28
-78.327
-78.344
-78.311
-78.226
-78.241
-78.269
-78.287
-78.203
-78.14
-78.187
-78.243
-78.275
-78.382
-78.384
-78.397
-78.369
-78.372
-78.338
-78.42
-78.462
-78.375
-78.399
-78.4
-78.421
-78.407
-78.441
-78.468
-78.45
-78.522
-78.576
-78.569
-78.578
-78.592
-78.669
-78.62
-78.601
-78.589
-78.609
-78.712
-78.756
-78.795
-78.721
-78.757
-78.725
-78.713
-78.677
-78.655
-78.747
-78.794
-78.827
-78.837
-78.845
-78.814
-78.834
-78.77
-78.743
-78.685
-78.617
-78.667
-78.597
-78.59
-78.666
-78.696
-78.734
-78.722
-78.719
-78.691
-78.6
-78.631
-78.628
-78.566
-78.677
-78.588
-78.571
-78.598
-78.717
-78.64
-78.627
-78.617
-78.574
-78.57
-78.491
-78.528
-78.533
-78.478
-78.45
-78.406
-78.403
-78.455
-78.474
-78.541
-78.562
-78.497
-78.447
-78.423
-78.515
-78.484
-78.426
-78.427
-78.356
-78.362
-78.428
-78.419
-78.324
-78.245
-78.225
-78.218
-78.146
-78.083
-78.107
-78.057
-78.106
-78.145
-78.156
-78.158
-78.109
-78.143
-78.115
-78.102
-78.101
-78.123
-78.062
-78.033
-77.988
-77.948
-78.005
-77.987
-77.94
-77.887
-77.751
-77.761
-77.737
-77.688
-77.635
-77.604
-77.547
-77.531
-77.533
-77.49
-77.448
-77.39
-77.315
-77.275
-77.291
-77.328
-77.355
-77.341
-77.285
-77.215
-77.164
-77.2
-77.217
-77.153
-77.136
-77.074
-76.957
-76.956
-76.912
-76.949
-76.889
-76.955
-76.906
-76.93
-76.944
-77.006
-77.035
-77.086
-77.105
-77.145
-77.182
-77.138
-77.221
-77.241
-77.268
-77.241
-77.336
-77.277
-77.251
-77.252
-77.328
-77.385
-77.393
-77.426
-77.402
-77.348
-77.445
-77.462
-77.489
-77.511
-77.487
-77.434
-77.565
-77.516
-77.644
-77.644
-77.568
-77.521
-77.492
-77.473
-77.52
-77.573
-77.629
-77.596
-77.648
-77.731
-77.685
-77.671
-77.71
-77.746
-77.818
-77.878
-77.892
-77.968
-77.962
-77.809
-77.809
-77.841
-77.834
-77.827
-77.767
-77.744
-77.726
-77.829
-77.877
-77.87
-77.865
-77.864
-77.904
-77.81
-77.95
-78.023
-78.01
-77.974
-77.975
-78.068
-78.033
-78.01
-78.021
-78.026
-77.99
-77.985
-77.968
-78.008
-78.012
-78.168
-78.157
-78.243
-78.222
-78.279
-78.24
-78.244
-78.211
-78.248
-78.296
-78.328
-78.423
-78.435
-78.363
-78.444
-78.384
-78.364
-78.305
-78.185
-78.182
-78.121
-78.11
-78.077
-78.038
-77.956
-77.942
-77.864
-77.856
-77.916
-77.91
-77.937
-77.991
-77.967
-77.917
-77.966
-77.943
-77.981
-77.968
-78.005
-77.929
-77.953
-77.979
-77.96
-77.936
-77.997
-78.024
-78.062
-78.054
-78.085
-78.143
-78.145
-78.141
-78.093
-78.109
-78.154
-78.024
-78.004
-77.914
-77.915
-78.019
-77.961
-78.057
-78.077
-78.172
-78.237
-78.301
-78.326
-78.352
-78.396
-78.443
-78.434
-78.396
-78.376
-78.334
-78.271
-78.198
-78.194
-78.152
-78.113
-78.076
-78.1
-77.955
-77.99
-77.969
-77.981
-77.843
-77.845
-77.966
-77.938
-77.942
-77.944
-77.86
-77.888
-77.917
-77.835
-77.879
-77.828
-77.799
-77.782
-77.76
-77.775
-77.8
-77.793
-77.859
-77.823
-77.813
-77.79
-77.855
-77.835
-77.781
-77.784
-77.867
-77.904
-77.795
-77.867
-77.93
-77.987
-77.984
-78.042
-78.037
-78.034
-77.961
-77.888
-77.819
-77.805
-77.796
-77.798
-77.829
-77.827
-77.825
-77.843
-77.779
-77.836
-77.858
-77.769
-77.789
-77.795
-77.818
-77.881
-77.876
-77.813
-77.865
-77.851
-77.905
-77.87
-78.006
-78.044
-77.997
-78.054
-78.069
-78.077
-78.081
-78.083
-78.069
-78.124
-78.019
-77.985
-78.045
-78.092
-78.001
-78.063
-78.085
-78.049
-78.114
-78.146
-78.124
-78.17
-78.26
-78.289
-78.231
-78.245
-78.285
-78.283
-78.26
-78.22
-78.116
-78.143
-78.109
-78.169
-78.218
-78.214
-78.203
-78.181
-78.266
-78.264
-78.14
-78.169
-78.198
-78.178
-78.142
-78.163
-78.187
-78.166
-78.202
-78.203
-78.189
-78.247
-78.284
-78.236
-78.256
-78.257
-78.273
-78.325
-78.323
-78.295
-78.318
-78.327
-78.405
-78.404
-78.478
-78.419
-78.433
-78.44
-78.401
-78.393
-78.373
-78.452
-78.449
-78.377
-78.415
-78.41
-78.433
-78.435
-78.381
-78.316
-78.372
-78.402
-78.313
-78.273
-78.283
-78.355
-78.387
-78.336
-78.26
-78.291
-78.315
-78.354
-78.323
-78.373
-78.42
-78.397
-78.461
-78.501
-78.481
-78.409
-78.444
-78.422
-78.355
-78.321
-78.346
-78.38
-78.365
-78.33
-78.329
-78.268
-78.278
-78.299
-78.443
-78.414
-78.425
-78.413
-78.435
-78.583
-78.673
-78.65
-78.711
-78.769
-78.707
-78.703
-78.726
-78.779
-78.698
-78.707
-78.77
-78.756
-78.711
-78.746
-78.729
-78.752
-78.763
-78.846
-78.809
-78.815
-78.782
-78.804
-78.706
-78.709
-78.691
-78.645
-78.659
-78.792
-78.851
-78.857
-78.837
-78.798
-78.856
-78.918
-78.831
-78.842
-78.784
-78.846
-78.867
-78.765
-78.818
-78.831
-78.758
-78.757
-78.772
-78.733
-78.768
-78.785
-78.774
-78.805
-78.81
-78.807
-78.804
-78.793
-78.817
-78.907
-78.981
-78.98
-78.861
-78.874
-78.878
-78.892
-78.857
-78.919
-78.946
-79.017
-78.959
-78.921
-78.959
-78.903
-78.892
-78.839
-78.774
-78.769
-78.776
-78.763
-78.703
-78.688
-78.704
-78.788
-78.745
-78.68
-78.755
-78.767
-78.704
-78.687
-78.687
-78.71
-78.635
-78.735
-78.736
-78.778
-78.864
-78.881
-78.867
-78.905
-78.932
-78.95
-78.911
-78.963
-79.051
-79.044
-79.003
-78.989
-79.024
-79.066
-79.067
-79.07
-79.166
-79.238
-79.26
-79.242
-79.264
-79.301
-79.359
-79.358
-79.364
-79.367
-79.369
-79.414
-79.48
-79.456
-79.594
-79.515
-79.554
-79.491
-79.55
-79.498
-79.464
-79.434
-79.488
-79.335
-79.308
-79.318
-79.327
-79.335
-79.374
-79.363
-79.376
-79.36
-79.424
-79.45
-79.412
-79.303
-79.224
-79.254
-79.27
-79.175
-79.219
-79.238
-79.192
-79.206
-79.25
-79.269
-79.296
-79.302
-79.212
-79.279
-79.253
-79.272
-79.354
-79.354
-79.407
-79.455
-79.42
-79.419
-79.486
-79.428
-79.486
-79.482
-79.42
-79.419
-79.447
-79.369
-79.273
-79.178
-79.239
-79.253
-79.162
-79.219
-79.274
-79.233
-79.316
-79.408
-79.423
-79.429
-79.493
-79.445
-79.396
-79.466
-79.465
-79.485
-79.476
-79.478
-79.557
-79.623
-79.584
-79.624
-79.596
-79.586
-79.614
-79.706
-79.686
-79.709
-79.692
-79.669
-79.651
-79.737
-79.725
-79.744
-79.779
-79.818
-79.805
-79.844
-79.883
-79.956
-80.035
-80.024
-80.137
-80.077
-80.143
-80.178
-80.205
-80.207
-80.209
-80.132
-80.093
-80.106
-80.116
-80.195
-80.153
-80.114
-80.201
-80.202
-80.11
-80.094
-80.054
-79.973
-79.953
-79.957
-80.007
-79.985
-79.932
-79.864
-79.879
-79.888
-79.914
-79.837
-79.833
-79.907
-79.891
-79.894
-79.823
-79.872
-79.91
-79.909
-79.915
-79.882
-79.821
-79.865
-79.783
-79.795
-79.912
-79.871
-79.834
-79.83
-79.941
-79.906
-79.819
-79.846
-79.816
-79.812
-79.807
-79.792
-79.849
-79.944
-79.889
-79.931
-80.001
-80.122
-80.149
-80.251
-80.345
-80.305
-80.325
-80.419
-80.474
-80.455
-80.454
-80.412
-80.551
-80.587
-80.587
-80.523
-80.601
-80.64
-80.588
-80.673
-80.646
-80.584
-80.627
-80.582
-80.617
-80.637
-80.574
-80.685
-80.701
-80.755
-80.8
-80.775
-80.754
-80.78
-80.81
-80.896
-80.926
-80.846
-80.897
-80.963
-81.011
-81.095
-81.037
-81.062
-81.12
-81.085
-81.094
-81.129
-81.152
-81.098
-81.096
-81.057
-81.019
-80.902
-80.858
-80.832
-80.826
-80.855
-80.787
-80.871
-80.856
-80.856
-80.851
-80.848
-80.887
-81.014
-81.031
-81.019
-80.989
-80.858
-80.935
-80.939
-80.922
-80.863
-80.815
-80.853
-80.822
-80.883
-80.907
-80.938
-80.924
-80.926
-80.958
-80.956
-80.902
-80.975
-80.856
-80.795
-80.774
-80.787
-80.908
-80.793
-80.869
-80.979
-80.909
-80.889
-80.962
-80.991
-81.016
-80.985
-81.012
-80.912
-80.928
-80.849
-80.906
-80.792
-80.779
-80.763
-80.867
-80.888
-80.945
-80.942
-80.988
-81.007
-81.041
-80.992
-80.959
-81.052
-81.031
-80.955
-80.974
-80.981
-80.997
-81.01
-81.012
-81.044
-81.038
-80.941
-80.866
-80.967
-80.916
-80.867
-80.889
-80.875
-80.959
-81.016
-81.043
-80.971
-80.938
-80.855
-80.805
-80.747
-80.739
-80.762
-80.743
-80.74
-80.75
-80.801
-80.786
-80.821
-80.812
-80.808
-80.816
-80.798
-80.831
-80.742
-80.729
-80.855
-80.772
-80.758
-80.787
-80.776
-80.691
-80.657
-80.561
-80.601
-80.616
-80.611
-80.551
-80.598
-80.591
-80.658
-80.604
-80.612
-80.638
-80.578
-80.583
-80.608
-80.596
-80.58
-80.566
-80.557
-80.497
-80.443
-80.439
-80.534
-80.586
-80.684
-80.719
-80.825
-80.846
-80.837
-80.799
-80.807
-80.82
-80.888
-80.795
-80.773
-80.816
-80.8
-80.772
-80.713
-80.708
-80.661
-80.612
-80.67
-80.81
-80.726
-80.74
-80.703
-80.63
-80.693
-80.764
-80.748
-80.688
-80.668
-80.538
-80.437
-80.443
-80.462
-80.538
-80.442
-80.371
-80.421
-80.411
-80.381
-80.403
-80.418
-80.451
-80.421
-80.348
-80.379
-80.36
-80.398
-80.388
-80.317
-80.293
-80.274
-80.162
-80.116
-80.148
-80.193
-80.19
-80.117
-80.079
-79.92
-79.811
-79.727
-79.678
-79.621
-79.599
-79.621
-79.525
-79.543
-79.474
-79.386
-79.424
-79.374
-79.364
-79.317
-79.35
-79.268
-79.19
-79.138
-79.189
-79.038
-79.079
-79.076
-79.032
-78.912
-78.868
-78.753
-78.698
-78.703
-78.693
-78.67
-78.708
-78.749
-78.628
-78.592
-78.657
-78.582
-78.523
-78.519
-78.46
-78.458
-78.34
-78.271
-78.256
-78.188
-78.181
-78.166
-78.149
-78.079
-77.995
-77.912
-77.787
-77.745
-77.733
-77.642
-77.529
-77.497
-77.522
-77.618
-77.553
-77.481
-77.542
-77.436
-77.417
-77.362
-77.264
-77.218
-77.136
-77.162
-77.186
-77.057
-77.049
-76.933
-76.93
-76.991
-76.871
-76.802
-76.82
-76.822
-76.895
-76.837
-76.787
-76.859
-76.773
-76.724
-76.656
-76.562
-76.582
-76.595
-76.54
-76.443
-76.36
-76.334
-76.254
-76.247
-76.298
-76.316
-76.249
-76.218
-76.184
-76.14
-76.155
-76.114
-76.079
-76.016
-76.002
-75.986
-75.973
-75.897
-75.853
-75.836
-75.864
-75.931
-75.877
-75.821
-75.737
-75.733
-75.738
-75.683
-75.733
-75.755
-75.814
-75.745
-75.763
-75.649
-75.631
-75.645
-75.585
-75.65
-75.589
-75.521
-75.476
-75.456
-75.445
-75.393
-75.442
-75.519
-75.452
-75.379
-75.353
-75.249
-75.244
-75.175
-75.181
-75.214
-75.115
-75.173
-75.151
-75.121
-75.026
-75.014
-75.024
-75.036
-75.069
-75.102
-75.137
-75.177
-75.043
-74.997
-74.964
-74.997
-74.931
-74.865
-74.761
-74.875
-74.851
-74.732
-74.773
-74.71
-74.647
-74.696
-74.674
-74.623
-74.628
-74.71
-74.652
-74.665
-74.682
-74.658
-74.757
-74.672
-74.761
-74.682
-74.678
-74.692
-74.634
-74.566
-74.481
-74.41
-74.454
-74.454
-74.451
-74.382
-74.424
-74.413
-74.452
-74.462
-74.422
-74.42
-74.392
-74.382
-74.375
-74.415
-74.414
-74.48
-74.43
-74.41
-74.457
-74.352
-74.274
-74.181
-74.092
-74.121
-74.069
-74.031
-73.887
-73.847
-73.929
-73.82
