-79.143
-79.159
-79.149
-79.116
-79.136
-79.105
-79.11
-79.127
-79.128
-79.086
-79.091
-79.047
-79.102
-79.111
-79.113
-79.139
-79.132
-79.128
-79.152
-79.079
-79.088
-79.065
-78.952
-78.988
-79.111
-79.073
-79.052
-79.052
-79.02
-78.951
-78.895
-78.84
-78.809
-78.779
-78.753
-78.698
-78.759
-78.776
-78.726
-78.769
-78.772
-78.714
-78.613
-78.606
-78.695
-78.609
-78.678
-78.603
-78.649
-78.547
-78.539
-78.509
-78.543
-78.63
-78.694
-78.717
-78.583
-78.592
-78.583
-78.519
-78.492
-78.541
-78.531
-78.458
-78.404
-78.381
-78.433
-78.366
-78.373
-78.335
-78.347
-78.382
-78.412
-78.342
-78.317
-78.386
-78.334
-78.38
-78.375
-78.387
-78.353
-78.389
-78.327
-78.262
-78.289
-78.372
-78.314
-78.323
-78.333
-78.389
-78.409
-78.393
-78.444
-78.434
-78.397
-78.376
-78.389
-78.345
-78.301
-78.335
-78.43
-78.431
-78.411
-78.526
-78.577
-78.511
-78.58
-78.531
-78.57
-78.579
-78.578
-78.694
-78.669
-78.699
-78.691
-78.648
-78.694
-78.771
-78.761
-78.752
-78.836
-78.846
-78.887
-78.947
-79.043
-79.081
-79.039
-79.042
-79.218
-79.234
-79.242
-79.221
-79.298
-79.405
-79.374
-79.41
-79.439
-79.433
-79.456
-79.5
-79.598
-79.71
-79.673
-79.701
-79.72
-79.665
-79.683
-79.705
-79.76
-79.777
-79.787
-79.775
-79.782
-79.787
-79.848
-79.904
-79.825
-79.816
-79.786
-79.696
-79.738
-79.789
-79.757
-79.846
-79.944
-80.025
-79.971
-79.976
-79.924
-79.97
-80.007
-80
-79.985
-79.996
-79.951
-79.909
-79.887
-79.909
-79.795
-79.721
-79.686
-79.739
-79.785
-79.834
-79.833
-79.857
-79.888
-79.818
-79.832
-79.75
-79.76
-79.727
-79.714
-79.801
-79.804
-79.823
-79.833
-79.9
-79.953
-79.933
-80.003
-79.983
-80.008
-80.01
-80.044
-80.031
-80.041
-80.058
-79.949
-79.987
-80.014
-80.019
-80.023
-80.108
-80.033
-80.089
-80.054
-80.031
-80.022
-80.009
-80.035
-80.116
-80.107
-80.101
-80.15
-80.188
-80.185
-80.203
-80.157
-80.156
-80.178
-80.179
-80.253
-80.243
-80.263
-80.19
-80.158
-80.093
-80.079
-80.152
-80.241
-80.229
-80.094
-80.057
-80.052
-80.032
-80.039
-80.005
-79.976
-79.917
-79.973
-79.944
-79.944
-79.91
-79.897
-79.904
-79.925
-79.981
-79.952
-80.083
-80.071
-80.122
-80.113
-80.117
-80.056
-80.032
-79.993
-80.058
-79.979
-79.903
-79.913
-79.931
-79.832
-79.774
-79.881
-79.927
-79.911
-79.928
-79.969
-80.028
-79.987
-79.988
-80.002
-80.018
-80.01
-79.98
-79.985
-80.057
-80.177
-80.13
-80.158
-80.162
-80.187
-80.12
-80.135
-80.185
-80.155
-80.197
-80.176
-80.086
-80.097
-80.086
-80.076
-80.086
-80.075
-80.101
-80.065
-80.107
-80.055
-80.173
-80.214
-80.2
-80.239
-80.21
-80.261
-80.226
-80.26
-80.302
-80.312
-80.363
-80.288
-80.28
-80.363
-80.368
-80.358
-80.37
-80.373
-80.42
-80.404
-80.407
-80.326
-80.287
-80.318
-80.34
-80.348
-80.308
-80.246
-80.17
-80.097
-80.158
-80.242
-80.234
-80.269
-80.183
-80.23
-80.189
-80.147
-80.166
-80.13
-80.109
-80.115
-80.12
-80.137
-80.112
-80.161
-80.139
-80.116
-80.18
-80.11
-80.054
-80.06
-80.069
-80.153
-80.167
-80.156
-80.186
-80.125
-80.025
-80.02
-80.026
-80.068
-80.017
-80.105
-80.108
-80.068
-80.017
-80.026
-80.029
-80.076
-80.096
-80.14
-80.187
-80.18
-80.164
-80.128
-79.977
-79.94
-80.064
-80.061
-80.031
-79.945
-80.007
-80.062
-80.047
-79.988
-79.926
-79.94
-79.954
-79.982
-79.937
-80.025
-80.092
-80.11
-80.072
-80.059
-80.097
-80.109
-80.106
-80.148
-80.234
-80.252
-80.271
-80.303
-80.231
-80.238
-80.197
-80.254
-80.259
-80.288
-80.382
-80.332
-80.278
-80.257
-80.167
-80.179
-80.197
-80.219
-80.183
-80.162
-79.981
-80.031
-80.019
-80.078
-80.074
-80.015
-80.027
-80.022
-80.031
-80.031
-79.954
-79.938
-79.945
-79.982
-80.04
-79.988
-79.938
-80.029
-79.908
-79.985
-79.976
-79.984
-79.956
-80.033
-80.095
-80.115
-80.118
-80.051
-80.044
-80.028
-79.979
-79.914
-79.945
-79.973
-79.973
-79.966
-80.09
-80.073
-80.093
-80.106
-80.106
-80.177
-80.122
-80.092
-80.063
-80.071
-80.083
-80.061
-80.027
-80.022
-80.03
-80.032
-80.079
-79.957
-79.906
-79.874
-79.964
-79.933
-79.951
-79.976
-80.015
-79.895
-79.926
-79.908
-79.969
-79.954
-79.894
-79.907
-79.931
-79.948
-79.997
-79.964
-79.971
-79.952
-79.915
-79.906
-79.909
-79.913
-79.981
-79.985
-79.978
-80.019
-80.028
-79.99
-79.986
-79.951
-79.972
-79.941
-79.924
-79.94
-79.908
-79.931
-79.863
-79.827
-79.931
-80.018
-80.019
-79.951
-80.009
-80.008
-80.028
-79.994
-80.013
-79.981
-79.937
-79.931
-79.977
-80.045
-80.017
-80.017
-79.935
-80.056
-80.094
-80.171
-80.079
-80.115
-80.104
-80.156
-80.138
-80.198
-80.142
-80.17
-80.184
-80.205
-80.164
-80.14
-80.226
-80.239
-80.334
-80.245
-80.156
-80.223
-80.176
-80.079
-80.049
-80.069
-80.114
-80.131
-80.168
-80.222
-80.244
-80.225
-80.202
-80.172
-80.149
-80.047
-80.022
-79.962
-79.939
-79.991
-79.996
-79.993
-80.027
-79.945
-79.884
-79.831
-79.837
-79.914
-79.875
-79.909
-79.9
-79.806
-79.743
-79.763
-79.702
-79.726
-79.796
-79.842
-79.848
-79.915
-79.9
-79.939
-79.942
-79.926
-79.983
-79.947
-79.87
-79.882
-79.92
-79.91
-79.936
-79.948
-79.899
-79.957
-80.042
-80.068
-79.997
-79.986
-80.076
-80.054
-80.069
-80.075
-80.057
-80.036
-79.97
-79.986
-80.03
-79.986
-79.971
-79.892
-79.907
-80.009
-80.123
-80.164
-80.077
-79.969
-80.024
-79.94
-79.944
-79.924
-80.023
-80.042
-80.023
-79.943
-79.953
-79.916
-79.864
-79.786
-79.815
-79.888
-79.917
-79.878
-79.952
-79.894
-79.866
-79.862
-79.867
-79.904
-79.923
-79.976
-79.986
-80.005
-80.045
-80.114
-80.093
-80.201
-80.261
-80.162
-80.167
-80.203
-80.186
-80.194
-80.195
-80.169
-80.094
-80.064
-80.123
-80.1
-80.09
-79.98
-80.001
-80.052
-80.013
-80.093
-80.095
-80.141
-80.155
-80.067
-80.007
-80.118
-80.108
-80.109
-80.074
-80.079
-80.03
-79.966
-79.935
-79.926
-79.905
-79.871
-79.892
-79.924
-79.912
-79.943
-79.941
-79.877
-79.902
-79.924
-79.934
-79.866
-79.898
-79.85
-79.793
-79.791
-79.743
-79.805
-79.863
-79.866
-79.81
-79.828
-79.954
-79.96
-79.998
-80.066
-80.073
-80.137
-80.199
-80.255
-80.253
-80.212
-80.247
-80.288
-80.257
-80.315
-80.295
-80.26
-80.199
-80.189
-80.14
-80.185
-80.238
-80.187
-80.118
-80.08
-80.159
-80.175
-80.198
-80.184
-80.149
-80.157
-80.079
-80.052
-80.018
-79.999
-79.924
-79.931
-79.867
-79.744
-79.756
-79.827
-79.789
-79.824
-79.849
-79.835
-79.867
-79.928
-79.888
-79.927
-79.966
-80.011
-79.974
-80.03
-79.905
-79.918
-79.909
-79.898
-80.005
-80.05
-80.077
-80.057
-80.026
-80.051
-79.996
-79.937
-79.954
-79.944
-79.94
-79.969
-79.987
-79.978
-80.028
-80.101
-80.16
-80.086
-80.09
-80.122
-80.159
-80.118
-80.104
-80.109
-80.071
-79.96
-80.038
-80.041
-79.998
-80.022
-79.968
-79.965
-80.002
-79.98
-79.997
-80.026
-79.995
-79.923
-79.92
-79.972
-79.963
-79.968
-79.914
-79.93
-79.835
-79.859
-79.989
-80.007
-79.945
-79.979
-79.96
-80.022
-80.005
-80.025
-79.964
-79.958
-79.991
-79.991
-80.076
-80.006
-79.961
-79.992
-79.944
-79.879
-79.925
-79.831
-79.944
-79.927
-80.005
-80.031
-79.984
-80.025
-80.019
-80.011
-80.05
-80.101
-80.046
-80.058
-80.027
-80.04
-80.076
-80.026
-79.994
-79.981
-79.955
-80.035
-80.054
-80.064
-80.058
-80.066
-80.041
-80.042
-80.044
-79.987
-79.993
-79.922
-79.888
-79.837
-79.923
-79.994
-80.001
-80.006
-80.121
-80.117
-80.116
-80.036
-80.022
-80.022
-80.009
-79.957
-79.889
-79.913
-79.992
-80.02
-79.972
-80.047
-80.028
-80.062
-80.04
-80.098
-80.042
-80.061
-80.082
-80.046
-80.058
-80.046
-80.127
-80.127
-80.095
-80.095
-80.093
-80.062
-80.045
-79.969
-80.005
-80.013
-80.063
-79.961
-79.916
-79.979
-79.962
-79.842
-79.757
-79.784
-79.842
-79.864
-79.934
-79.986
-80.015
-79.984
-79.963
-79.962
-79.893
-79.962
-80.073
-80.093
-80.079
-80.029
-80.033
-80.065
-80.015
-79.985
-79.955
-79.852
-79.901
-79.876
-79.898
-79.923
-79.911
-79.948
-79.843
-79.926
-79.849
-79.803
-79.855
-79.751
-79.799
-79.887
-79.885
-79.829
-79.824
-79.868
-79.818
-79.803
-79.838
-79.918
-79.81
-79.733
-79.677
-79.727
-79.687
-79.748
-79.838
-79.804
-79.82
-79.845
-79.802
-79.674
-79.641
-79.576
-79.598
-79.512
-79.553
-79.599
-79.587
-79.583
-79.506
-79.454
-79.511
-79.519
-79.517
-79.47
-79.511
-79.462
-79.536
-79.54
-79.53
-79.538
-79.593
-79.558
-79.579
-79.545
-79.538
-79.523
-79.515
-79.474
-79.513
-79.461
-79.433
-79.441
-79.382
-79.39
-79.396
-79.401
-79.415
-79.295
-79.288
-79.351
-79.399
-79.361
-79.37
-79.388
-79.355
-79.42
-79.384
-79.31
-79.245
-79.232
-79.258
-79.38
-79.326
-79.141
-79.086
-79.183
-79.16
-79.233
-79.165
-79.164
-79.146
-79.236
-79.177
-79.175
-79.166
-79.117
-79.172
-79.226
-79.168
-79.154
-79.238
-79.249
-79.364
-79.357
-79.344
-79.412
-79.436
-79.511
-79.544
-79.488
-79.494
-79.532
-79.488
-79.506
-79.491
-79.448
-79.496
-79.423
-79.381
-79.421
-79.421
-79.408
-79.453
-79.372
-79.332
-79.37
-79.324
-79.38
-79.394
-79.493
-79.462
-79.422
-79.454
-79.495
-79.61
-79.466
-79.44
-79.485
-79.533
-79.542
-79.501
-79.554
-79.565
-79.55
-79.498
-79.52
-79.499
-79.463
-79.392
-79.492
-79.529
-79.601
-79.618
-79.597
-79.648
-79.651
-79.657
-79.649
-79.676
-79.806
-79.822
-79.851
-79.826
-79.763
-79.775
-79.811
-79.839
-79.789
-79.716
-79.737
-79.849
-79.843
-79.834
-79.784
-79.787
-79.702
-79.704
-79.67
-79.675
-79.646
-79.62
-79.562
-79.519
-79.611
-79.678
-79.693
-79.679
-79.628
-79.556
-79.557
-79.491
-79.458
-79.565
-79.541
-79.591
-79.579
-79.626
-79.644
-79.593
-79.694
-79.647
-79.602
-79.53
-79.577
-79.564
-79.6
-79.568
-79.632
-79.629
-79.671
-79.701
-79.74
-79.78
-79.766
-79.762
-79.734
-79.784
-79.815
-79.802
-79.728
-79.776
-79.77
-79.736
-79.741
-79.689
-79.711
-79.739
-79.842
-79.862
-79.818
-79.854
-79.896
-79.83
-79.854
-79.931
-79.84
-79.92
-79.998
-79.851
-79.769
-79.775
-79.791
-79.866
-79.883
-79.797
-79.796
-79.813
-79.792
-79.795
-79.842
-79.709
-79.673
-79.664
-79.636
-79.723
-79.772
-79.825
-79.898
-79.854
-79.776
-79.806
-79.819
-79.826
-79.762
-79.726
-79.742
-79.793
-79.881
-79.818
-79.805
-79.778
-79.793
-79.813
-79.817
-79.787
-79.765
-79.777
-79.679
-79.722
-79.678
-79.678
-79.622
-79.613
-79.62
-79.53
-79.589
-79.629
-79.725
-79.735
-79.743
-79.725
-79.76
-79.729
-79.739
-79.786
-79.712
-79.826
-79.928
-79.855
-79.813
-79.854
-79.823
-79.837
-79.872
-79.787
-79.75
-79.745
-79.815
-79.795
-79.8
-79.82
-79.792
-79.849
-79.864
-79.887
-79.943
-79.927
-79.962
-79.956
-79.877
-79.854
-79.85
-79.739
-79.746
-79.771
-79.816
-79.804
-79.797
-79.899
-79.885
-79.853
-79.784
-79.786
-79.787
-79.887
-79.947
-79.951
-79.952
-79.934
-79.909
-79.941
-79.951
-79.905
-79.936
-79.936
-79.989
-79.948
-80.036
-79.907
-79.897
-79.881
-79.966
-79.976
-80.082
-80.135
-80.172
-80.089
-80.128
-80.093
-80.106
-80.082
-80.027
-79.947
-79.959
-79.857
-79.887
-79.988
-80.067
-80.064
-80.051
-79.991
-80.082
-79.999
-80.071
-80.059
-80.127
-80.097
-80.274
-80.279
-80.213
-80.22
-80.207
-80.193
-80.106
-79.995
-80.005
-80.041
-80.122
-80.134
-80.143
-80.148
-80.122
-80.124
-80.07
-80.043
-79.951
-80.013
-80.099
-80.063
-80.073
-80.115
-80.019
-79.99
-80.062
-79.976
-79.935
-79.95
-79.99
-80.034
-80.135
-80.164
-80.11
-80.047
-79.986
-79.99
-80.033
-80.083
-80.045
-80.033
-80.019
-80.066
-80.086
-80.054
-80.016
-79.995
-80.064
-80.031
-80.093
-80.111
-80.158
-80.271
-80.265
-80.263
-80.239
-80.218
-80.224
-80.092
-80.012
-79.978
-79.938
-79.996
-79.995
-79.964
-79.895
-79.94
-79.919
-79.971
-79.892
-79.807
-79.818
-79.805
-79.77
-79.823
-79.831
-79.784
-79.841
-79.844
-79.91
-79.875
-79.828
-79.812
-79.789
-79.838
-79.799
-79.852
-79.807
-79.725
-79.761
-79.782
-79.809
-79.753
-79.774
-79.809
-79.865
-79.864
-79.811
-79.83
-79.813
-79.845
-79.787
-79.753
-79.772
-79.788
-79.863
-79.82
-79.77
-79.768
-79.871
-79.88
-79.883
-79.861
-79.805
-79.777
-79.787
-79.787
-79.781
-79.816
-79.791
-79.765
-79.753
-79.731
-79.822
-79.788
-79.797
-79.83
-79.817
-79.797
-79.74
-79.763
-79.731
-79.713
-79.613
-79.584
-79.525
-79.615
-79.633
-79.663
-79.687
-79.642
-79.657
-79.698
-79.69
-79.651
-79.679
-79.704
-79.65
-79.663
-79.662
-79.607
-79.605
-79.614
-79.626
-79.643
-79.602
-79.628
-79.571
-79.614
-79.622
-79.579
-79.499
-79.586
-79.603
-79.698
-79.623
-79.704
-79.726
-79.765
-79.727
-79.699
-79.739
-79.692
-79.708
-79.777
-79.769
-79.721
-79.719
-79.787
-79.733
-79.685
-79.698
-79.765
-79.737
-79.863
-79.808
-79.859
-79.815
-79.891
-79.936
-80.003
-80.017
-79.936
-79.951
-79.954
-79.958
-80.09
-80.064
-80.125
-80.138
-80.121
-80.101
-80.144
-80.117
-80.059
-80.032
-79.977
-79.968
-79.935
-79.852
-79.904
-79.92
-79.899
-79.895
-79.904
-79.88
-79.877
-79.929
-79.924
-79.883
-79.909
-79.878
-79.934
-79.802
-79.758
-79.745
-79.785
-79.786
-79.662
-79.687
-79.772
-79.784
-79.777
-79.716
-79.698
-79.658
-79.79
-79.826
-79.772
-79.821
-79.84
-79.86
-79.928
-79.889
-79.786
-79.857
-79.855
-79.805
-79.767
-79.927
-79.924
-79.815
-79.84
-79.848
-79.883
-79.983
-80.023
-79.962
-80.02
-79.948
-79.881
-79.869
-79.859
-79.821
-79.83
-79.773
-79.866
-79.885
-79.86
-79.851
-79.834
-79.915
-79.919
-79.915
-79.891
-79.822
-79.874
-79.862
-79.79
-79.824
-79.826
-79.923
-79.935
-79.933
-79.885
-79.902
-79.935
-79.996
-79.945
-80.025
-80.065
-80.053
-80.009
-79.948
-79.944
-79.854
-79.865
-79.971
-79.965
-79.966
-79.937
-79.929
-79.904
-79.989
-79.966
-80.037
-80.019
-80.005
-79.894
-79.867
-79.893
-79.946
-79.983
-79.906
-79.892
-79.81
-79.895
-80.011
-79.975
-79.93
-79.945
-79.957
-80.018
-80.026
-80.003
-80.031
-80.087
-80.028
-80.023
-80.029
-80.113
-80.164
-80.202
-80.176
-80.177
-80.228
-80.299
-80.338
-80.395
-80.466
-80.456
-80.437
-80.34
-80.294
-80.288
-80.234
-80.284
-80.219
-80.161
-80.193
-80.159
-80.075
-80.054
-80.068
-80.096
-80.151
-80.119
-80.085
-80.094
-80.004
-79.955
-80.014
-80.091
-80.089
-80.116
-80.106
-80.082
-80.041
-80.015
-80.018
-79.96
-79.957
-79.922
-79.962
-79.995
-79.979
-79.932
-79.952
-80.057
-80.067
-80.091
-80.102
-80.085
-80.115
-80.092
-80.105
-80.197
-80.227
-80.2
-80.257
-80.253
-80.249
-80.24
-80.19
-80.204
-80.175
-80.125
-80.105
-80.042
-80.119
-80.118
-80.14
-80.159
-80.136
-80.061
-80.035
-79.988
-80.027
-80.039
-79.946
-79.903
-79.884
-79.896
-79.999
-79.981
-80.006
-80.071
-80.098
-80.079
-80.111
-80.092
-80.087
-80.035
-80.056
-80.032
-79.946
-79.914
-79.837
-79.86
-79.774
-79.839
-79.838
-79.812
-79.934
-79.887
-79.843
-79.911
-79.961
-79.955
-79.927
-79.977
-79.993
-80.036
-79.951
-79.976
-79.99
-80.063
-80.091
-80.104
-80.08
-80.121
-80.081
-80.076
-80.093
-80.04
-80.032
-79.975
-79.967
-79.939
-80.02
-80.066
-80.162
-80.222
-80.182
-80.2
-80.283
-80.311
-80.421
-80.364
-80.406
-80.335
-80.381
-80.345
-80.305
-80.33
-80.285
-80.233
-80.152
-80.158
-80.058
-80.098
-80.076
-80.075
-80.021
-80.064
-80.104
-80.13
-80.151
-80.121
-79.994
-80.004
-79.972
-79.968
-79.941
-79.868
-79.887
-79.844
-79.857
-79.842
-79.823
-79.874
-79.916
-79.991
-79.986
-80.102
-80.226
-80.172
-80.127
-80.197
-80.193
-80.189
-80.181
-80.116
-80.092
-79.984
-79.976
-79.991
-80.013
-80.021
-80.067
-80.039
-80.043
-80.015
-80.034
-80.16
-80.162
-80.176
-80.185
-80.176
-80.189
-80.166
-80.176
-80.093
-80.174
-80.147
-80.116
-80.111
-80.041
-80.084
-80.08
-80.082
-80.064
-80.062
-80.034
-80.082
-80.097
-80.082
-80.134
-80.181
-80.198
-80.123
-80.098
-80.026
-79.953
-80.068
-80.137
-80.071
-80.133
-80.077
-79.995
-79.971
-79.932
-79.926
-79.878
-79.829
-79.841
-79.813
-79.828
-79.874
-79.829
-79.83
-79.868
-79.843
-79.946
-79.91
-79.867
-79.889
-79.948
-79.967
-79.951
-79.994
-79.95
-79.892
-80.012
-80.083
-80.145
-80.109
-80.161
-80.188
-80.172
-80.072
-80.031
-79.942
-80.01
-80.085
-80.062
-79.961
-79.958
-79.913
-79.927
-79.896
-79.838
-79.849
-79.818
-79.891
-79.932
-79.936
-79.974
-79.977
-79.987
-80.008
-79.934
-79.903
-79.902
-79.918
-79.935
-79.991
-80.072
-80.149
-80.009
-79.957
-80.114
-79.929
-79.973
-79.991
-80.019
-79.921
-79.9
-79.88
-79.885
-79.938
-79.915
-79.839
-79.831
-79.824
-79.862
-79.956
-79.933
-80.038
-79.931
-79.95
-79.962
-79.988
-79.931
-79.951
-79.924
-79.962
-80.017
-79.924
-79.878
-79.784
-79.766
-79.838
-79.805
-79.778
-79.725
-79.713
-79.783
-79.796
-79.847
-79.932
-79.9
-79.968
-79.985
-80.029
-80.019
-80.036
-80.016
-79.948
-79.998
-80.029
-79.983
-80.044
-80.007
-80.004
-80.075
-80.015
-79.988
-79.97
-79.972
-79.963
-79.923
-79.936
-79.922
-79.994
-80.071
-80.037
-79.974
-79.936
-80.016
-79.978
-80.023
-80.101
-80.16
-80.105
-80.139
-80.148
-80.112
-80.049
-80.092
-80.191
-80.178
-80.244
-80.257
-80.276
-80.235
-80.281
-80.346
-80.293
-80.224
-80.186
-80.083
-80.053
-79.991
-79.978
-79.923
-80.032
-80.012
-79.993
-79.957
-79.996
-79.979
-79.963
-79.904
-79.793
-79.796
-79.901
-79.882
-79.88
-79.787
-79.794
-79.713
-79.758
-79.635
-79.558
-79.485
-79.521
-79.5
-79.436
-79.458
-79.403
-79.45
-79.518
-79.433
-79.413
-79.447
-79.361
-79.323
-79.302
-79.278
-79.328
-79.331
-79.3
-79.321
-79.341
-79.264
-79.26
-79.26
-79.296
-79.277
-79.222
-79.234
-79.22
-79.168
-79.164
-79.14
-79.255
-79.167
-79.145
-79.134
-79.157
-79.135
-79.095
-79.165
-79.216
-79.184
-79.239
-79.232
-79.204
-79.219
-79.201
-79.166
-79.2
-79.271
-79.312
-79.283
-79.227
-79.268
-79.237
-79.228
-79.329
-79.378
-79.322
-79.274
-79.299
-79.344
-79.295
-79.32
-79.396
-79.381
-79.436
-79.484
-79.458
-79.436
-79.418
-79.394
-79.371
-79.455
-79.522
-79.542
-79.558
-79.524
-79.53
-79.617
-79.626
-79.639
-79.659
-79.693
-79.624
-79.556
-79.468
-79.429
-79.429
-79.367
-79.382
-79.388
-79.386
-79.339
-79.393
-79.351
-79.351
-79.432
-79.383
-79.389
-79.375
-79.37
-79.311
-79.349
-79.496
-79.491
-79.552
-79.501
-79.497
-79.398
-79.371
-79.416
-79.417
-79.389
-79.364
-79.322
-79.264
-79.284
-79.267
-79.36
-79.382
-79.275
-79.315
-79.309
-79.32
-79.321
-79.398
-79.341
-79.427
-79.471
-79.45
-79.432
-79.378
-79.362
-79.282
-79.362
-79.377
-79.359
-79.354
-79.296
-79.273
-79.269
-79.235
-79.204
-79.234
-79.195
-79.2
-79.226
-79.247
-79.331
-79.326
-79.277
-79.326
-79.378
-79.369
-79.303
-79.346
-79.392
-79.479
-79.502
-79.432
-79.417
-79.423
-79.507
-79.506
-79.49
-79.463
-79.439
-79.465
-79.559
-79.583
-79.557
-79.585
-79.614
-79.672
-79.672
-79.561
-79.557
-79.6
-79.607
-79.559
-79.543
-79.437
-79.381
-79.364
-79.36
-79.378
-79.316
-79.315
-79.285
-79.306
-79.264
-79.399
-79.338
-79.297
-79.367
-79.429
-79.414
-79.351
-79.269
-79.282
-79.313
-79.286
-79.297
-79.326
-79.354
-79.388
-79.346
-79.421
-79.448
-79.439
-79.479
-79.473
-79.468
-79.503
-79.55
-79.538
-79.46
-79.446
-79.46
-79.391
-79.378
-79.276
-79.322
-79.289
-79.268
-79.358
-79.359
-79.462
-79.492
-79.378
-79.362
-79.406
-79.545
-79.481
-79.51
-79.513
-79.482
-79.444
-79.371
-79.492
-79.499
-79.507
-79.505
-79.534
-79.549
-79.546
-79.513
-79.556
-79.659
-79.646
-79.609
-79.594
-79.474
-79.555
-79.541
-79.522
-79.489
-79.511
-79.572
-79.606
-79.54
-79.514
-79.573
-79.49
-79.475
-79.451
-79.479
-79.503
-79.586
-79.615
-79.681
-79.707
-79.748
-79.741
-79.735
-79.803
-79.786
-79.777
-79.774
-79.862
-79.837
-79.777
-79.828
-79.824
-79.779
-79.781
-79.735
-79.673
-79.773
-79.862
-79.906
-79.896
-79.862
-79.8
-79.795
-79.695
-79.739
-79.666
-79.694
-79.68
-79.701
-79.661
-79.675
-79.609
-79.728
-79.716
-79.689
-79.748
-79.642
-79.75
-79.756
-79.791
-79.869
-79.835
-79.824
-79.757
-79.742
-79.81
-79.739
-79.667
-79.625
-79.536
-79.532
-79.512
-79.444
-79.523
-79.55
-79.479
-79.402
-79.346
-79.299
-79.236
-79.219
-79.197
-79.171
-79.219
-79.267
-79.306
-79.312
-79.379
-79.376
-79.422
-79.445
-79.417
-79.4
-79.471
-79.448
-79.532
-79.631
-79.512
-79.536
-79.545
-79.509
-79.525
-79.607
-79.643
-79.675
-79.527
-79.543
-79.644
-79.728
-79.691
-79.795
-79.797
-79.772
-79.771
-79.771
-79.775
-79.775
-79.776
-79.814
-79.766
-79.787
-79.818
-79.759
-79.8
-79.835
-79.835
-79.808
-79.775
-79.808
-79.796
-79.859
-79.779
-79.821
-79.976
-80.007
-80.084
-80.041
-80.094
-80.14
-80.166
-80.175
-80.266
-80.269
-80.286
-80.299
-80.25
-80.223
-80.227
-80.162
-80.13
-80.109
-80.142
-80.186
-80.163
-80.093
-80.045
-80.055
-80.046
-79.933
-80.071
-80.089
-80.049
-80.079
-80.029
-79.992
-79.944
-79.967
-79.876
-79.808
-79.798
-79.766
-79.705
-79.783
-79.777
-79.723
-79.66
-79.618
-79.719
-79.656
-79.677
-79.668
-79.598
-79.691
-79.672
-79.655
-79.695
-79.677
-79.676
-79.707
-79.732
-79.703
-79.688
-79.754
-79.757
-79.869
-79.837
-79.814
-79.801
-79.762
-79.711
-79.687
-79.681
-79.617
-79.503
-79.59
-79.542
-79.492
-79.563
-79.521
-79.558
-79.605
-79.718
-79.703
-79.746
-79.824
-79.893
-79.89
-79.9
-79.888
-79.816
-79.749
-79.835
-79.876
-79.9
-79.865
-79.821
-79.777
-79.813
-79.743
-79.625
-79.649
-79.677
-79.668
-79.658
-79.65
-79.628
-79.55
-79.544
-79.589
-79.622
-79.707
-79.717
-79.684
-79.756
-79.701
-79.662
-79.683
-79.594
-79.558
-79.671
-79.636
-79.618
-79.642
-79.624
-79.512
-79.529
-79.502
-79.539
-79.577
-79.565
-79.605
-79.575
-79.548
-79.551
-79.572
-79.577
-79.563
-79.489
-79.459
-79.436
-79.5
-79.506
-79.479
-79.43
-79.422
-79.401
-79.478
-79.473
-79.48
-79.535
-79.492
-79.434
-79.415
-79.465
-79.383
-79.307
-79.347
-79.284
-79.262
-79.261
-79.247
-79.174
-79.194
-79.333
-79.334
-79.24
-79.243
-79.283
-79.219
-79.277
-79.296
-79.366
-79.294
-79.331
-79.315
-79.232
-79.218
-79.198
-79.241
-79.28
-79.276
-79.181
-79.267
-79.235
-79.224
-79.159
-79.131
-79.196
-79.238
-79.33
-79.35
-79.293
-79.28
-79.282
-79.241
-79.352
-79.46
-79.435
-79.482
-79.528
-79.45
-79.473
-79.4
-79.396
-79.341
-79.335
-79.32
-79.26
-79.118
-79.117
-79.009
-78.939
-78.872
-78.912
-78.839
-78.816
-78.82
-78.88
-78.886
-78.854
-78.873
-78.85
-78.782
-78.652
-78.613
-78.631
-78.604
-78.707
-78.704
-78.664
-78.653
-78.6
-78.594
-78.645
-78.643
-78.637
-78.685
-78.608
-78.534
-78.521
-78.496
-78.428
-78.395
-78.471
-78.512
-78.476
-78.521
-78.535
-78.511
-78.5
-78.383
-78.471
-78.565
-78.48
-78.462
-78.494
-78.475
-78.486
-78.52
-78.505
-78.531
-78.486
-78.536
-78.549
-78.542
-78.552
-78.499
-78.409
-78.378
-78.381
-78.375
-78.391
-78.39
-78.371
-78.393
-78.476
-78.326
-78.311
-78.309
-78.312
-78.251
-78.198
-78.269
-78.274
-78.278
-78.249
-78.154
-78.167
-78.116
-78.067
-78.075
-78.126
-78.078
-78.079
-78.045
-78.059
-78.031
-77.974
-78.006
-78.005
-77.965
-77.949
-77.923
-77.922
-77.953
-78.049
-77.989
-78.01
-78.015
-77.995
-77.973
-78.022
-78.115
-78.132
-78.18
-78.174
-78.147
-78.21
-78.299
-78.33
-78.372
-78.309
-78.34
-78.31
-78.352
-78.325
-78.299
-78.297
-78.286
-78.247
-78.21
-78.224
-78.248
-78.309
-78.283
-78.355
-78.428
-78.412
-78.347
-78.349
-78.423
-78.483
-78.519
-78.542
-78.48
-78.467
-78.472
-78.471
-78.507
-78.546
-78.589
-78.529
-78.551
-78.528
-78.462
-78.481
-78.453
-78.49
-78.473
-78.493
-78.466
-78.418
-78.448
-78.411
-78.501
-78.494
-78.494
-78.446
-78.514
-78.476
-78.535
-78.522
-78.614
-78.629
-78.605
-78.544
-78.579
-78.586
-78.652
-78.64
-78.673
-78.705
-78.751
-78.734
-78.725
-78.755
-78.77
-78.84
-78.825
-78.933
-78.948
-78.938
-78.998
-78.977
-78.963
-78.933
-78.929
-78.83
-78.84
-78.813
-78.827
-78.864
-78.92
-78.892
-79.001
-78.97
-78.986
-78.958
-78.848
-78.872
-78.869
-78.835
-78.914
-78.889
-78.937
-78.944
-78.97
-79.043
-79.013
-79.031
-79.03
-79.093
-79.145
-79.086
-79.057
-79.148
-79.151
-79.185
-79.187
-79.136
-79.124
-79.09
-78.972
-78.947
-78.94
-78.944
-78.932
-78.97
-79.026
-79.073
-79.02
-78.875
-79.015
-78.992
-78.969
-78.954
-78.938
-79.016
-79.001
-79.066
-79.024
-78.997
-79.07
-79.065
-79.052
-79.048
-79.054
-79.053
-78.975
-78.877
-78.921
-78.926
-78.857
-78.829
-78.737
-78.743
-78.718
-78.638
-78.45
-78.392
-78.344
-78.245
-78.256
-78.265
-78.176
-78.034
-77.883
-77.887
-77.915
-77.799
-77.702
-77.683
-77.617
-77.49
-77.435
-77.376
-77.327
-77.255
-77.187
-77.148
-77.111
-76.935
-76.895
-76.826
-76.736
-76.72
-76.669
-76.534
-76.45
-76.318
-76.22
-76.076
-76.008
-75.916
-75.794
-75.651
-75.547
-75.452
-75.419
-75.269
-75.156
-75.057
-75.013
-74.875
-74.804
-74.71
-74.647
-74.595
-74.443
-74.397
-74.309
-74.182
-74.058
-74.096
-73.981
-73.925
-73.781
-73.632
-73.541
-73.524
-73.453
-73.404
-73.302
-73.294
-73.242
-73.255
-73.223
-73.181
-73.054
-73.059
-73.073
-73.009
-72.904
-72.813
-72.848
-72.867
-72.787
-72.621
-72.714
-72.748
-72.651
-72.592
-72.546
-72.526
-72.406
-72.421
-72.371
-72.412
-72.543
-72.537
-72.518
-72.421
-72.321
-72.357
-72.378
-72.44
-72.416
-72.339
-72.377
-72.354
-72.364
-72.325
-72.32
-72.26
-72.25
-72.204
-72.284
-72.252
-72.309
-72.224
-72.136
-72.104
-72.125
-72.165
-72.139
-72.193
-72.182
-72.279
-72.336
-72.298
-72.281
-72.255
-72.201
-72.169
-72.089
-72.027
-71.984
-72.014
-72.001
-72.008
-72.064
-72.132
-72.14
-72.176
-72.149
-72.24
-72.343
-72.398
-72.44
-72.392
-72.357
-72.398
-72.232
-72.248
-72.267
-72.313
-72.285
-72.342
-72.344
-72.365
-72.417
-72.446
-72.423
-72.484
-72.495
-72.529
-72.432
-72.442
-72.553
-72.5
-72.527
-72.579
-72.592
-72.608
-72.634
-72.583
-72.537
-72.542
-72.559
-72.5
-72.554
-72.479
-72.381
-72.431
-72.486
-72.463
-72.445
-72.497
-72.624
-72.621
-72.633
-72.603
-72.566
-72.632
-72.597
-72.661
-72.712
-72.786
-72.86
-72.942
-72.868
-72.836
-72.856
-72.901
-72.928
-72.983
-73.059
-73.162
-73.145
-73.189
-73.154
-73.166
-73.229
-73.185
-73.156
-73.173
-73.246
-73.238
-73.233
-73.148
-73.205
-73.213
-73.269
-73.34
-73.448
-73.452
-73.527
-73.619
-73.669
-73.631
-73.536
-73.567
-73.587
-73.64
-73.605
-73.609
-73.611
-73.711
-73.835
-73.908
-73.936
-74.086
-74.111
-74.123
-74.349
-74.39
-74.506
-74.653
-74.756
-74.945
-75.037
-75.087
-75.17
-75.26
-75.389
-75.419
-75.541
-75.607
-75.602
-75.643
-75.683
-75.834
-75.871
-75.984
-76.085
-76.07
-76.251
-76.345
-76.388
-76.448
-76.536
-76.505
-76.46
-76.461
-76.482
-76.449
-76.468
-76.472
-76.497
-76.465
-76.534
-76.504
-76.549
-76.592
-76.556
-76.662
-76.688
-76.709
-76.786
-76.837
-76.903
-76.871
-76.927
-76.88
-76.966
-77.064
-77.132
-77.188
-77.209
-77.36
-77.472
-77.621
-77.695
-77.78
-77.71
-77.762
-77.761
-77.775
-77.844
-77.821
-77.865
-77.848
-77.87
-77.837
-77.936
-77.911
-77.971
-78.016
-78.071
-78.057
-78.11
-78.226
-78.257
-78.241
-78.209
-78.202
-78.305
-78.353
-78.3
-78.349
-78.299
-78.256
-78.285
-78.37
-78.33
-78.328
-78.382
-78.41
-78.459
-78.425
-78.351
-78.281
-78.211
-78.249
-78.144
-78.111
-78.129
-78.126
-78.189
-78.163
-78.204
-78.26
-78.238
-78.237
-78.196
-78.17
-78.191
-78.262
-78.237
-78.202
-78.159
-78.199
-78.143
-78.196
-78.223
-78.26
-78.308
-78.301
-78.363
-78.363
-78.327
-78.421
-78.411
-78.305
-78.346
-78.358
-78.355
-78.345
-78.358
-78.439
-78.491
-78.405
-78.41
-78.391
-78.353
-78.426
-78.346
-78.404
-78.491
-78.578
-78.571
-78.557
-78.559
-78.619
-78.582
-78.503
-78.502
-78.477
-78.473
-78.533
-78.475
-78.521
-78.515
-78.428
-78.546
-78.592
-78.528
-78.533
-78.558
-78.528
-78.506
-78.548
-78.503
-78.567
-78.6
-78.657
-78.732
-78.777
-78.739
-78.698
-78.673
-78.68
-78.65
-78.564
-78.612
-78.571
-78.621
-78.608
-78.595
-78.579
-78.553
-78.582
-78.618
-78.63
-78.682
-78.607
-78.611
-78.564
-78.623
-78.585
-78.55
-78.631
-78.758
-78.704
-78.726
-78.79
-78.797
-78.798
-78.74
-78.802
-78.745
-78.708
-78.737
-78.73
-78.85
-78.869
-78.817
-78.795
-78.768
-78.796
-78.737
-78.887
-78.833
-78.75
-78.69
-78.67
-78.692
-78.701
-78.69
-78.684
-78.669
-78.682
-78.675
-78.698
-78.708
-78.764
-78.815
-78.824
-78.799
-78.753
-78.687
-78.735
-78.623
-78.564
-78.547
-78.564
-78.56
-78.561
-78.542
-78.645
-78.575
-78.635
-78.594
-78.496
-78.467
-78.404
-78.337
-78.379
-78.318
-78.36
-78.374
-78.358
-78.442
-78.457
-78.587
-78.706
-78.727
-78.685
-78.633
-78.676
-78.616
-78.624
-78.609
-78.537
-78.453
-78.396
-78.356
-78.386
-78.359
-78.307
-78.331
-78.345
-78.436
-78.362
-78.284
-78.435
-78.426
-78.313
-78.32
-78.378
-78.316
-78.306
-78.342
-78.251
-78.229
-78.262
-78.289
-78.314
-78.37
-78.501
-78.503
-78.511
-78.566
-78.5
-78.551
-78.661
-78.627
-78.588
-78.578
-78.609
-78.641
-78.649
-78.678
-78.706
-78.714
-78.696
-78.727
-78.709
-78.687
-78.6
-78.623
-78.626
-78.612
-78.636
-78.642
-78.637
-78.622
-78.456
-78.463
-78.454
-78.469
-78.468
-78.497
-78.542
-78.6
-78.704
-78.671
-78.672
-78.746
-78.852
-78.778
-78.817
-78.79
-78.808
-78.739
-78.805
-78.755
-78.744
-78.759
-78.738
-78.795
-78.75
-78.682
-78.659
-78.721
-78.743
-78.791
-78.756
-78.774
-78.717
-78.725
-78.744
-78.748
-78.755
-78.809
-78.822
-78.847
-78.831
-78.837
-78.828
-78.8
-78.746
-78.748
-78.762
-78.772
-78.804
-78.771
-78.745
-78.748
-78.754
-78.63
-78.592
-78.537
-78.584
-78.687
-78.656
-78.702
-78.626
-78.616
-78.668
-78.73
-78.781
-78.715
-78.647
-78.67
-78.762
-78.718
-78.746
-78.737
-78.745
-78.81
-78.911
-78.979
-78.932
-78.868
-78.833
-78.831
-78.834
-78.815
-78.829
-78.945
-78.981
-78.949
-78.927
-78.867
-78.94
-78.892
-78.973
-78.996
-79.009
-79.011
-79.056
-79.091
-79.064
-79.115
-79.103
-79.186
-79.136
-79.134
-79.105
-79.023
-79.026
-78.98
-79.012
-79.017
-79.005
-79.093
-79.062
-79.057
-79.062
-79.133
-79.148
-79.215
-79.339
-79.33
-79.327
-79.293
-79.226
-79.203
-79.207
-79.224
-79.125
-79.139
-79.145
-79.192
-79.163
-79.221
-79.208
-79.284
-79.255
-79.29
-79.273
-79.282
-79.249
-79.205
-79.139
-79.134
-79.122
-79.092
-79.099
-79.167
-79.222
-79.168
-79.188
-79.13
-79.136
-79.165
-79.163
-79.163
-79.236
-79.166
-79.199
-79.195
-79.211
-79.215
-79.222
-79.243
-79.203
-79.195
-79.218
-79.191
-79.159
-79.235
-79.256
-79.291
-79.336
-79.362
-79.35
-79.348
-79.31
-79.324
-79.316
-79.32
-79.342
-79.372
-79.326
-79.249
-79.345
-79.35
-79.336
-79.297
-79.26
-79.304
-79.324
-79.254
-79.279
-79.25
-79.29
-79.323
-79.373
-79.358
-79.34
-79.318
-79.336
-79.365
-79.358
-79.357
-79.297
-79.242
-79.256
-79.218
-79.317
-79.212
-79.252
-79.198
-79.234
-79.36
-79.425
-79.437
-79.474
-79.406
-79.412
-79.357
-79.328
-79.342
-79.368
-79.325
-79.371
-79.418
-79.397
-79.4
-79.359
-79.334
-79.297
-79.275
-79.327
-79.255
-79.302
-79.284
-79.22
-79.186
-79.184
-79.202
-79.169
-79.199
-79.121
-79.054
-79.085
-79.025
-79.067
-79.108
-79.139
-79.208
-79.114
-79.065
-79.122
-79.108
-79.167
-79.142
-79.113
-79.228
-79.187
-79.154
-79.256
-79.232
-79.202
-79.297
-79.262
-79.235
-79.214
-79.328
-79.299
-79.342
-79.291
-79.341
-79.436
-79.445
-79.479
-79.443
-79.353
-79.264
-79.172
-79.197
-79.215
-79.124
-79.117
-79.08
-79.073
-79.046
-79.135
-79.109
-79.197
-79.137
-79.142
-79.215
-79.219
-79.29
-79.257
-79.317
-79.295
-79.257
-79.212
-79.239
-79.242
-79.242
-79.135
-79.119
-79.078
-79.037
-78.999
-78.964
-78.92
-79.002
-79.036
-79.059
-79.069
-79.105
-79.12
-79.085
-79.077
-79.123
-79.126
-79.121
-79.149
-79.237
-79.277
-79.195
-79.233
-79.227
-79.272
-79.24
-79.257
-79.2
-79.197
-79.164
-79.07
-79.117
-79.116
-79.099
-79.125
-79.238
-79.167
-79.193
-79.161
-79.143
-79.163
-79.18
-79.162
-79.236
-79.251
-79.239
-79.226
-79.261
-79.184
-79.219
-79.189
-79.181
-79.285
-79.317
-79.355
-79.374
-79.328
-79.3
-79.364
-79.397
-79.464
-79.426
-79.446
-79.453
-79.309
-79.24
-79.238
-79.221
-79.337
-79.247
-79.251
-79.221
-79.189
-79.185
-79.293
-79.279
-79.284
-79.26
-79.289
-79.41
-79.371
-79.444
-79.431
-79.425
-79.427
-79.404
-79.495
-79.54
-79.517
-79.514
-79.456
-79.451
-79.538
-79.531
-79.498
-79.517
-79.68
-79.685
-79.701
-79.702
-79.779
-79.677
-79.652
-79.618
-79.563
-79.555
-79.495
-79.393
-79.374
-79.3
-79.337
-79.314
-79.321
-79.337
-79.311
-79.263
-79.279
-79.302
-79.243
-79.242
-79.25
-79.264
-79.299
-79.438
-79.423
-79.365
-79.354
-79.39
-79.459
-79.393
-79.257
-79.324
-79.368
-79.413
-79.36
-79.346
-79.31
-79.263
-79.271
-79.319
-79.299
-79.251
-79.301
-79.242
-79.267
-79.178
-79.302
-79.388
-79.377
-79.355
-79.36
-79.444
-79.485
-79.492
-79.498
-79.507
-79.48
-79.484
-79.5
-79.505
-79.52
-79.499
-79.511
-79.458
-79.504
-79.532
-79.528
-79.455
-79.567
-79.654
-79.715
-79.666
-79.608
-79.559
-79.534
-79.457
-79.461
-79.453
-79.47
-79.441
-79.453
-79.471
-79.367
-79.383
-79.393
-79.321
-79.278
-79.321
-79.391
-79.407
-79.406
-79.471
-79.462
-79.378
-79.378
-79.348
-79.435
-79.471
-79.465
-79.396
-79.467
-79.496
-79.513
-79.596
-79.544
-79.557
-79.609
-79.738
-79.776
-79.708
-79.708
-79.678
-79.649
-79.666
-79.716
-79.691
-79.67
-79.643
-79.668
-79.69
-79.811
-79.819
-79.802
-79.81
-79.806
-79.812
-79.905
-79.833
-79.868
-79.837
-79.868
-79.82
-79.718
-79.73
-79.751
-79.726
-79.766
-79.852
-79.766
-79.711
-79.687
-79.608
-79.668
-79.649
-79.672
-79.612
-79.648
-79.666
-79.511
-79.598
-79.637
-79.706
-79.704
-79.794
-79.749
-79.656
-79.613
-79.594
-79.62
-79.579
-79.63
-79.635
-79.619
-79.624
-79.633
-79.564
-79.615
-79.622
-79.619
-79.587
-79.662
-79.695
-79.643
-79.637
-79.651
-79.625
-79.568
-79.621
-79.626
-79.666
-79.643
-79.624
-79.581
-79.598
-79.558
-79.555
-79.625
-79.666
-79.609
-79.596
-79.64
-79.551
-79.532
-79.542
-79.555
-79.537
-79.438
-79.471
-79.496
-79.53
-79.463
-79.466
-79.422
-79.428
-79.45
-79.394
-79.45
-79.506
-79.512
-79.575
-79.488
-79.412
-79.451
-79.414
-79.386
-79.387
-79.351
-79.368
-79.376
-79.525
-79.516
-79.627
-79.607
-79.645
-79.698
-79.798
-79.703
-79.694
-79.634
-79.573
-79.556
-79.587
-79.55
-79.51
-79.603
-79.64
-79.624
-79.671
-79.713
-79.744
-79.709
-79.774
-79.765
-79.712
-79.755
-79.728
-79.724
-79.688
-79.714
-79.666
-79.717
-79.721
-79.729
-79.778
-79.805
-79.85
-79.913
-79.916
-79.921
-79.965
-79.889
-79.879
-80.023
-80.021
-79.976
-79.92
-79.827
-79.931
-79.96
-79.873
-79.803
-79.854
-79.84
-79.869
-79.922
-79.869
-79.894
-79.94
-79.884
-79.968
-79.916
-79.87
-79.767
-79.79
-79.833
-79.762
-79.762
-79.803
-79.84
-79.979
-80.01
-79.985
-79.94
-79.958
-79.899
-79.908
-79.901
-79.859
-79.795
-79.682
-79.738
-79.773
-79.756
-79.759
-79.749
-79.743
-79.73
-79.614
-79.66
-79.692
-79.619
-79.574
-79.584
-79.572
-79.523
-79.515
-79.411
-79.378
-79.388
-79.449
-79.51
-79.446
-79.405
-79.422
-79.478
-79.549
-79.594
-79.671
-79.642
-79.703
-79.731
-79.659
-79.673
-79.613
-79.7
-79.643
-79.577
-79.494
-79.435
-79.527
-79.51
-79.545
-79.488
-79.502
-79.449
-79.32
-79.311
-79.344
-79.309
-79.329
-79.244
-79.274
-79.256
-79.23
-79.266
-79.217
-79.228
-79.255
-79.169
-79.197
-79.228
-79.255
-79.294
-79.226
-79.253
-79.335
-79.404
-79.378
-79.262
-79.203
-79.186
-79.196
-79.22
-79.195
-79.037
-79.069
-79.024
-78.986
-78.988
-78.97
-78.995
-79.015
-78.985
-78.86
-78.848
-78.906
-78.957
-78.955
-79.059
-79.047
-79.101
-79.105
-79.058
-79.084
-79.06
-79.101
-79.148
-79.237
-79.174
-79.17
-79.182
-79.2
-79.271
-79.318
-79.274
-79.268
-79.256
-79.298
-79.283
-79.286
-79.277
-79.261
-79.231
-79.198
-79.231
-79.257
-79.269
-79.29
-79.351
-79.371
-79.397
-79.404
-79.312
-79.278
-79.273
-79.209
-79.287
-79.334
-79.361
-79.23
-79.176
-79.162
-79.094
-79.145
-79.183
-79.284
-79.362
-79.347
-79.361
-79.298
-79.233
-79.259
-79.31
-79.292
-79.3
-79.248
-79.233
-79.217
-79.158
-79.154
-79.163
-79.205
-79.181
-79.249
-79.211
-79.145
-79.143
-79.153
-79.19
-79.166
-79.265
-79.32
-79.275
-79.242
-79.19
-79.132
-79.119
-79.152
-79.241
-79.272
-79.316
-79.301
-79.249
-79.225
-79.15
-79.208
-79.218
-79.242
-79.318
-79.256
-79.292
-79.303
-79.246
-79.26
-79.231
-79.361
-79.323
-79.305
-79.382
-79.369
-79.35
-79.34
-79.327
-79.337
-79.312
-79.219
-79.234
-79.254
-79.283
-79.351
-79.345
-79.276
-79.3
-79.253
-79.262
-79.18
-79.206
-79.158
-79.229
-79.349
-79.282
-79.188
-79.124
-79.164
-79.154
-79.196
-79.136
-79.08
-79.127
-79.083
-79.048
-79.091
-78.993
-79.041
-79.087
-79.139
-79.113
-79.146
-79.046
-79.049
-79.085
-79.139
-79.101
-79.184
-79.252
-79.37
-79.403
-79.398
-79.359
-79.399
-79.405
-79.49
-79.453
-79.404
-79.414
-79.365
-79.395
-79.373
-79.415
-79.362
-79.487
-79.473
-79.513
-79.499
-79.426
-79.468
-79.384
-79.363
-79.42
-79.431
-79.481
-79.542
-79.57
-79.57
-79.684
-79.7
-79.667
-79.664
-79.728
-79.694
-79.691
-79.76
-79.792
-79.775
-79.808
-79.824
-79.827
-79.799
-79.867
-79.911
-79.949
-79.904
-79.904
-79.856
-79.804
-79.834
-79.822
-79.781
-79.796
-79.84
-79.821
-79.866
-79.76
-79.866
-79.731
-79.767
-79.683
-79.582
-79.559
-79.558
-79.564
-79.5
-79.56
-79.628
-79.638
-79.597
-79.684
-79.688
-79.725
-79.682
-79.734
-79.768
-79.768
-79.84
-79.693
-79.651
-79.678
-79.747
-79.79
-79.828
-79.794
-79.749
-79.681
-79.644
-79.582
-79.573
-79.598
-79.572
-79.573
-79.558
-79.556
-79.527
-79.476
-79.41
-79.376
-79.381
-79.37
-79.337
-79.335
-79.361
-79.312
-79.329
-79.251
-79.242
-79.288
-79.32
-79.308
-79.337
-79.419
-79.396
-79.506
-79.455
-79.541
-79.543
-79.545
-79.456
-79.402
-79.43
-79.421
-79.416
-79.333
-79.259
-79.283
-79.297
-79.294
-79.313
-79.401
-79.446
-79.415
-79.286
-79.392
-79.413
-79.397
-79.511
-79.603
-79.604
-79.596
-79.507
-79.508
-79.592
-79.635
-79.655
-79.643
-79.736
-79.715
-79.652
-79.607
-79.642
-79.604
-79.562
-79.581
-79.566
-79.57
-79.625
-79.679
-79.637
-79.599
-79.56
-79.567
-79.599
-79.68
-79.721
-79.663
-79.605
-79.668
-79.641
-79.595
-79.724
-79.726
-79.776
-79.889
-79.826
-79.895
-79.915
-79.92
-79.913
-79.954
-79.882
-79.886
-79.87
-79.868
-79.967
-79.899
-79.799
-79.82
-79.789
-79.691
-79.755
-79.759
-79.818
-79.852
-79.866
-79.822
-79.765
-79.82
-79.915
-79.996
-79.967
-79.997
-79.99
-79.962
-79.907
-79.904
-79.892
-79.79
-79.677
-79.594
-79.561
-79.494
-79.444
-79.393
-79.439
-79.406
-79.452
-79.358
-79.355
-79.354
-79.381
-79.343
-79.364
-79.329
-79.398
-79.432
-79.338
-79.351
-79.271
-79.278
-79.268
-79.216
-79.215
-79.217
-79.165
-79.059
-78.967
-78.854
-78.824
-78.812
-78.769
-78.797
-78.761
-78.788
-78.755
-78.734
-78.726
-78.621
-78.642
-78.608
-78.655
-78.65
-78.674
-78.689
-78.634
-78.561
-78.494
-78.444
-78.427
-78.461
-78.468
-78.45
-78.461
-78.544
-78.58
-78.591
-78.593
-78.621
-78.631
-78.64
-78.649
-78.59
-78.582
-78.69
-78.706
-78.672
-78.663
-78.736
-78.717
-78.717
-78.689
-78.676
-78.772
-78.718
-78.75
-78.686
-78.697
-78.694
-78.632
-78.712
-78.65
-78.616
-78.623
-78.645
-78.759
-78.73
-78.711
-78.778
-78.819
-78.816
-78.917
-78.882
-78.945
-78.887
-78.823
-78.818
-78.818
-78.774
-78.784
-78.939
-78.951
-79.005
-78.957
-78.893
-78.83
-78.87
-78.977
-78.963
-78.942
-78.992
-79.056
-79.181
-79.176
-79.1
-79.074
-79.05
-79.068
-78.951
-78.856
-78.849
-78.899
-78.857
-78.852
-78.886
-78.92
-78.957
-78.994
-79.019
-78.948
-78.894
-78.886
-78.851
-78.836
-78.995
-78.985
-79.023
-78.994
-78.888
-78.897
-78.866
-78.945
-78.917
-78.846
-78.895
-78.822
-78.836
-78.86
-78.927
-79.003
-78.974
-79.033
-79.037
-79.088
-79.189
-79.147
-79.185
-79.228
-79.261
-79.308
-79.326
-79.407
-79.283
-79.325
-79.326
-79.297
-79.297
-79.346
-79.366
-79.334
-79.275
-79.234
-79.242
-79.309
-79.281
-79.159
-79.117
-79.148
-79.255
-79.312
-79.301
-79.363
-79.321
-79.306
-79.188
-79.166
-79.159
-79.096
-79.007
-78.977
-78.918
-78.863
-78.855
-78.767
-78.727
-78.694
-78.668
-78.697
-78.591
-78.617
-78.597
-78.683
-78.701
-78.598
-78.581
-78.642
-78.669
-78.646
-78.665
-78.676
-78.707
-78.674
-78.777
-78.711
-78.78
-78.635
-78.648
-78.68
-78.74
-78.729
-78.757
-78.676
-78.632
-78.716
-78.618
-78.622
-78.702
-78.671
-78.695
-78.63
-78.633
-78.684
-78.691
-78.685
-78.666
-78.667
-78.741
-78.759
-78.878
-78.906
-78.894
-78.811
-78.878
-78.931
-78.947
-79.004
-79.003
-79.029
-78.959
-79.043
-79.001
-79.006
-78.989
-78.945
-78.947
-78.973
-78.872
-78.883
-78.836
-78.752
-78.681
-78.726
-78.785
-78.775
-78.761
-78.883
-78.925
-78.938
-78.934
-78.968
-79.005
-79.022
-78.992
-79
-78.964
-79.038
-79.065
-79
-78.986
-78.921
-78.989
-79.017
-78.948
-78.946
-78.959
-78.993
-78.907
-78.88
-78.866
-78.909
-78.882
-78.96
-79.095
-79.051
-78.998
-79.051
-79.032
-79.029
-78.969
-78.987
-79.005
-79.007
-78.925
-78.916
-78.889
-78.975
-78.949
-78.995
-78.968
-79.02
-79.04
-79.143
-79.183
-79.23
-79.347
-79.309
-79.252
-79.178
-79.227
-79.406
-79.433
-79.47
-79.56
-79.629
-79.546
-79.501
-79.465
-79.432
-79.423
-79.357
-79.294
-79.378
-79.354
-79.363
-79.291
-79.234
-79.239
-79.236
-79.194
-79.218
-79.262
-79.256
-79.312
-79.256
-79.302
-79.402
-79.426
-79.514
-79.606
-79.679
-79.744
-79.728
-79.679
-79.672
-79.599
-79.593
-79.543
-79.509
-79.46
-79.453
-79.412
-79.39
-79.357
-79.397
-79.44
-79.458
-79.446
-79.486
-79.526
-79.491
-79.427
-79.464
-79.563
-79.669
-79.696
-79.769
-79.799
-79.713
-79.654
-79.642
-79.646
-79.695
-79.607
-79.644
-79.753
-79.706
-79.763
-79.785
-79.82
-79.881
-79.922
-79.988
-79.916
-79.908
-79.936
-79.896
-79.906
-80
-80.077
-80.067
-80.061
-79.917
-79.866
-79.922
-79.869
-79.759
-79.786
-79.746
-79.692
-79.744
-79.788
-79.857
-79.869
-79.841
-79.841
-79.819
-79.791
-79.794
-79.787
-79.777
-79.773
-79.693
-79.743
-79.663
-79.632
-79.679
-79.679
-79.661
-79.639
-79.624
-79.555
-79.57
-79.602
-79.64
-79.661
-79.764
-79.795
-79.752
-79.646
-79.511
-79.48
-79.432
-79.49
-79.373
-79.358
-79.344
-79.396
-79.378
-79.296
-79.243
-79.209
-79.185
-79.121
-79.132
-79.162
-79.087
-79.096
-79.097
-79.063
-79.011
-78.968
-78.993
-78.97
-79.046
-78.974
-79.003
-78.908
-78.891
-78.919
-78.845
-78.897
-78.86
-78.823
-78.79
-78.728
-78.699
-78.779
-78.738
-78.741
-78.679
-78.601
-78.566
-78.549
-78.429
-78.464
-78.459
-78.413
-78.366
-78.357
-78.343
-78.373
-78.345
-78.283
-78.238
-78.217
-78.246
-78.155
-78.197
-78.275
-78.194
-78.178
-78.147
-78.197
-78.132
-78.178
-78.155
-78.125
-78.043
-77.911
-77.837
-77.822
-77.72
-77.718
-77.711
-77.763
-77.778
-77.772
-77.748
-77.805
-77.837
-77.839
-77.871
-77.855
-77.868
-77.88
-77.761
-77.777
-77.787
-77.801
-77.837
-77.831
-77.947
-77.906
-77.909
-77.947
-77.863
-77.817
-77.776
-77.835
-77.913
-77.89
-77.889
-77.938
-77.944
-77.905
-77.938
-77.921
-77.831
-77.867
-77.857
-77.831
-77.789
-77.812
-77.791
-77.812
-77.777
-77.783
-77.857
-77.893
-77.911
-77.888
-77.838
-77.813
-77.785
-77.755
-77.764
-77.725
-77.768
-77.83
-77.825
-77.822
-77.932
-77.88
-77.947
-77.987
-77.999
-78.053
-78.057
-77.996
-78.09
-78.049
-78.076
-78.152
-78.12
-78.124
-78.074
-78.045
-78.025
-78.065
-78.044
-78.068
-78.121
-78.135
-78.164
-78.163
-78.195
-78.191
-78.245
-78.278
-78.273
-78.3
-78.24
-78.276
-78.318
-78.407
-78.435
-78.399
-78.409
-78.413
-78.364
-78.396
-78.384
-78.36
-78.31
-78.244
-78.288
-78.236
-78.321
-78.355
-78.324
-78.383
-78.332
-78.291
-78.335
-78.29
-78.255
-78.256
-78.183
-78.246
-78.242
-78.242
-78.266
-78.29
-78.303
-78.302
-78.312
-78.279
-78.287
-78.24
-78.316
-78.278
-78.213
-78.227
-78.218
-78.255
-78.201
-78.177
-78.139
-78.132
-78.033
-78.097
-78.041
-78.131
-78.141
-78.152
-78.13
-78.132
-78.177
-78.125
-78.066
-78.123
-78.055
-78.045
-78.08
-78.086
-78.042
-78.08
-78.05
-78.133
-78.156
-78.16
-78.155
-78.241
-78.286
-78.247
-78.295
-78.209
-78.213
-78.233
-78.211
-78.384
-78.409
-78.283
-78.254
-78.252
-78.277
-78.299
-78.228
-78.198
-78.279
-78.218
-78.245
-78.216
-78.277
-78.332
-78.304
-78.326
-78.318
-78.35
-78.338
-78.494
-78.47
-78.459
-78.486
-78.54
-78.51
-78.562
-78.527
-78.5
-78.612
-78.681
-78.674
-78.633
-78.634
-78.644
-78.624
-78.59
-78.495
-78.471
-78.597
-78.617
-78.695
-78.744
-78.724
-78.754
-78.726
-78.785
-78.788
-78.8
-78.83
-78.855
-78.952
-78.886
-78.964
-78.981
-78.956
-78.949
-78.901
-78.878
-78.952
-78.983
-79.055
-78.963
-79.015
-79.031
-79.02
-79.016
-78.999
-79.083
-79.142
-79.145
-79.215
-79.132
-79.052
-79.079
-79.092
-79.064
-79.106
-79.087
-79.105
-79.123
-79.115
-79.131
-79.18
-79.158
-79.188
-79.131
-79.083
-79.072
-79.061
-79.095
-79.157
-79.132
-79.168
-79.149
-79.208
-79.255
-79.286
-79.247
-79.216
-79.186
-79.241
-79.219
-79.167
-79.212
-79.273
-79.256
-79.192
-79.268
-79.361
-79.342
-79.271
-79.273
-79.324
-79.302
-79.273
-79.328
-79.365
-79.368
-79.385
-79.411
-79.448
-79.422
-79.446
-79.411
-79.378
-79.374
-79.444
-79.499
-79.528
-79.54
-79.536
-79.591
-79.534
-79.5
-79.578
-79.612
-79.586
-79.518
-79.57
-79.502
-79.543
-79.494
-79.414
-79.43
-79.402
-79.436
-79.451
-79.316
-79.366
-79.272
-79.168
-79.111
-79.08
-79.072
-79.011
-79.08
-79.064
-79.132
-79.093
-79.116
-79.162
-79.224
-79.216
-79.174
-79.191
-79.19
-79.32
-79.313
-79.325
-79.262
-79.371
-79.359
-79.33
-79.377
-79.483
-79.533
-79.421
-79.452
-79.446
-79.546
-79.61
-79.549
-79.677
-79.701
-79.764
-79.786
-79.748
-79.74
-79.722
-79.648
-79.54
-79.564
-79.571
-79.615
-79.625
-79.623
-79.715
-79.727
-79.78
-79.752
-79.686
-79.708
-79.766
-79.706
-79.679
-79.652
-79.636
-79.636
-79.535
-79.471
-79.476
-79.563
-79.504
-79.449
-79.531
-79.561
-79.558
-79.521
-79.57
-79.542
-79.518
-79.535
-79.527
-79.509
-79.464
-79.455
-79.483
-79.497
-79.454
-79.393
-79.464
-79.449
-79.458
-79.446
-79.458
-79.461
-79.404
-79.46
-79.514
-79.5
-79.505
-79.426
-79.437
-79.487
-79.482
-79.522
-79.536
-79.516
-79.386
-79.394
-79.383
-79.463
-79.421
-79.484
-79.567
-79.605
-79.597
-79.608
-79.589
-79.558
-79.579
-79.542
-79.537
-79.579
-79.551
-79.586
-79.607
-79.654
-79.646
-79.625
-79.59
-79.619
-79.741
-79.688
-79.656
-79.604
-79.529
-79.478
-79.685
-79.699
-79.672
-79.682
-79.752
-79.696
-79.671
-79.672
-79.655
-79.63
-79.605
-79.664
-79.603
-79.602
-79.599
-79.661
-79.793
-79.834
-79.794
-79.757
-79.716
-79.742
-79.737
-79.656
-79.649
-79.743
-79.673
-79.694
-79.7
-79.745
-79.737
-79.81
-79.848
-79.753
-79.84
-79.838
-79.758
-79.82
-79.854
-79.845
-79.802
-79.797
-79.72
-79.722
-79.663
-79.666
-79.773
-79.705
-79.719
-79.706
-79.691
-79.555
-79.565
-79.521
-79.635
-79.517
-79.477
-79.477
-79.493
-79.555
-79.529
-79.522
-79.567
-79.544
-79.686
-79.715
-79.638
-79.584
-79.45
-79.504
-79.389
-79.423
-79.419
-79.42
-79.445
-79.407
-79.451
-79.486
-79.478
-79.469
-79.469
-79.437
-79.351
-79.257
-79.21
-79.284
-79.294
-79.29
-79.338
-79.356
-79.267
-79.31
-79.3
-79.269
-79.254
-79.255
-79.235
-79.332
-79.395
-79.399
-79.402
-79.345
-79.357
-79.31
-79.356
-79.282
-79.367
-79.315
-79.342
-79.378
-79.387
-79.371
-79.43
-79.51
-79.407
-79.419
-79.452
-79.543
-79.505
-79.498
-79.482
-79.482
-79.457
-79.534
-79.656
-79.623
-79.621
-79.695
-79.763
-79.867
-79.829
-79.701
-79.736
-79.693
-79.789
-79.813
-79.855
-79.859
-79.834
-79.849
-79.843
-79.722
-79.732
-79.738
-79.71
-79.598
-79.624
-79.764
-79.814
-79.775
-79.788
-79.766
-79.746
-79.752
-79.824
-79.795
-79.777
-79.695
-79.684
-79.737
-79.694
-79.673
-79.603
-79.601
-79.638
-79.628
-79.634
-79.638
-79.692
-79.631
-79.71
-79.712
-79.711
-79.741
-79.739
-79.674
-79.731
-79.77
-79.785
-79.841
-79.915
-79.925
-79.83
-79.889
-79.836
-79.843
-79.828
-79.876
-79.92
-79.997
-80.023
-80.03
-80.011
-79.931
-79.825
-79.844
-79.843
-79.773
-79.836
-79.887
-79.902
-79.956
-79.933
-79.815
-79.809
-79.806
-79.819
-79.798
-79.807
-79.732
-79.635
-79.675
-79.72
-79.715
-79.653
-79.605
-79.654
-79.61
-79.612
-79.6
-79.664
-79.693
-79.621
-79.634
-79.664
-79.706
-79.785
-79.782
-79.755
-79.678
-79.611
-79.56
-79.599
-79.634
-79.631
-79.646
-79.643
-79.662
-79.637
-79.663
-79.72
-79.743
-79.752
-79.682
-79.695
-79.681
-79.66
-79.674
-79.604
-79.483
-79.421
-79.457
-79.46
-79.497
-79.53
-79.56
-79.678
-79.691
-79.668
-79.644
-79.593
-79.655
-79.657
-79.621
-79.548
-79.582
-79.611
-79.661
-79.611
-79.608
-79.559
-79.495
-79.543
-79.556
-79.524
-79.446
-79.478
-79.589
-79.57
-79.591
-79.629
-79.656
-79.768
-79.751
-79.676
-79.702
-79.625
-79.58
-79.647
-79.664
-79.669
-79.614
-79.665
-79.713
-79.718
-79.597
-79.58
-79.61
-79.568
-79.467
-79.515
-79.471
-79.419
-79.431
-79.436
-79.498
-79.523
-79.483
-79.534
-79.558
-79.523
-79.421
-79.46
-79.455
-79.52
-79.454
-79.444
-79.429
-79.441
-79.486
-79.513
-79.528
-79.487
-79.464
-79.456
-79.466
-79.5
-79.462
-79.425
-79.366
-79.238
-79.213
-79.19
-79.199
-79.137
-79.189
-79.007
-79.018
-79.103
-79.145
-79.223
-79.188
-79.179
-79.227
-79.297
-79.282
-79.213
-79.238
-79.321
-79.203
-79.232
-79.333
-79.366
-79.332
-79.391
-79.317
-79.239
-79.216
-79.222
-79.163
-79.172
-79.107
-79.064
-78.949
-78.955
-78.859
-78.864
-78.925
-79.065
-79.076
-79.094
-79.001
-78.917
-78.944
-78.903
-78.962
-79.036
-79.058
-79.056
-79.097
-79.076
-79.031
-78.954
-78.984
-78.998
-79.039
-79.042
-78.991
-78.953
-78.905
-78.797
-78.827
-78.827
-78.876
-78.793
-78.775
-78.753
-78.714
-78.737
-78.692
-78.661
-78.681
-78.619
-78.69
-78.729
-78.652
-78.662
-78.725
-78.778
-78.791
-78.65
-78.736
-78.688
-78.781
-78.797
-78.681
-78.768
-78.74
-78.619
-78.665
-78.725
-78.725
-78.736
-78.687
-78.667
-78.746
-78.727
-78.805
-78.83
-78.858
-78.828
-78.882
-78.918
-78.903
-78.916
-78.882
-78.85
-78.929
-78.83
-78.75
-78.733
-78.65
-78.602
-78.61
-78.627
-78.62
-78.62
-78.646
-78.664
-78.681
-78.767
-78.772
-78.749
-78.696
-78.666
-78.606
-78.479
-78.526
-78.574
-78.607
-78.532
-78.414
-78.421
-78.498
-78.548
-78.544
-78.467
-78.565
-78.532
-78.531
-78.565
-78.583
-78.554
-78.592
-78.696
-78.764
-78.76
-78.821
-78.723
-78.73
-78.798
-78.775
-78.802
-78.813
-78.79
-78.811
-78.788
-78.802
-78.82
-78.77
-78.812
-78.922
-78.931
-78.852
-78.842
-78.842
-78.907
-78.961
-78.985
-79.071
-79.014
-78.982
-79.058
-79.017
-78.993
-78.955
-78.958
-78.969
-78.993
-79.019
-79.109
-79.076
-79.023
-79.051
-79.045
-78.984
-79.036
-78.96
-79.031
-79.037
-79.054
-79.024
-79.015
-79.073
-79.087
-79.204
-79.25
-79.298
-79.401
-79.48
-79.588
-79.555
-79.631
-79.547
-79.535
-79.596
-79.569
-79.526
-79.592
-79.571
-79.533
-79.556
-79.55
-79.594
-79.571
-79.599
-79.67
-79.666
-79.729
-79.738
-79.637
-79.622
-79.597
-79.566
-79.612
-79.592
-79.585
-79.64
-79.643
-79.715
-79.723
-79.853
-79.799
-79.733
-79.799
-79.824
-79.883
-79.877
-79.88
-79.867
-79.796
-79.848
-79.884
-79.812
-79.844
-79.876
-79.812
-79.897
-79.892
-79.907
-80.021
-80.013
-79.993
-80.058
-79.98
-80.054
-79.964
-80.015
-80.015
-79.99
-79.947
-79.909
-79.97
-79.961
-80.057
-80.015
-79.938
-79.892
-79.9
-79.973
-79.887
-79.935
-79.984
-79.958
-79.917
-79.929
-79.966
-80.015
-80.03
-80.031
-79.942
-79.871
-79.885
-79.895
-79.876
-79.927
-79.884
-79.994
-79.882
-79.853
-79.801
-79.907
-79.95
-79.974
-79.901
-79.869
-79.824
-79.794
-79.696
-79.75
-79.726
-79.75
-79.798
-79.886
-79.891
-79.864
-79.892
-79.855
-79.892
-79.809
-79.752
-79.806
-79.851
-79.852
-79.822
-79.909
-79.923
-80.01
-79.972
-79.864
-79.844
-79.827
-79.72
-79.7
-79.699
-79.668
-79.73
-79.694
-79.725
-79.703
-79.837
-79.814
-79.832
-79.87
-79.832
-79.793
-79.899
-79.853
-79.824
-79.909
-79.897
-79.921
-79.828
-79.788
-79.843
-79.838
-79.882
-79.881
-79.98
-79.979
-79.984
-79.965
-79.992
-80.04
-80.063
-80.075
-80.039
-80.067
-80.081
-80.114
-80.017
-80.024
-80.026
-80.04
-80.078
-80.061
-80.078
-80.047
-80.137
-80.147
-80.07
-80.118
-80.048
-80.005
-79.979
-79.965
-79.937
-79.965
-80.03
-79.988
-79.936
-80.057
-80.051
-80.125
-80.117
-80.161
-80.21
-80.148
-80.157
-80.223
-80.122
-80.018
-80.046
-80.019
-80.072
-80.006
-79.912
-79.892
-79.886
-79.905
-79.873
-79.906
-79.963
-79.879
-79.887
-79.858
-79.933
-79.972
-80.026
-80.073
-80.131
-80.156
-80.155
-80.209
-80.353
-80.366
-80.313
-80.408
-80.45
-80.441
-80.382
-80.421
-80.452
-80.419
-80.4
-80.357
-80.458
-80.434
-80.372
-80.444
-80.54
-80.554
-80.542
-80.596
-80.52
-80.567
-80.6
-80.506
-80.513
-80.536
-80.567
-80.531
-80.558
-80.474
-80.4
-80.437
-80.393
-80.404
-80.377
-80.483
-80.52
-80.5
-80.504
-80.52
-80.51
-80.486
-80.524
-80.557
-80.579
-80.535
-80.545
-80.475
-80.414
-80.32
-80.388
-80.246
-80.265
-80.208
-80.244
-80.251
-80.244
-80.208
-80.247
-80.251
-80.233
-80.308
-80.333
-80.439
-80.37
-80.352
-80.477
-80.425
-80.515
-80.489
-80.469
-80.518
-80.491
-80.503
-80.509
-80.492
-80.498
-80.496
-80.403
-80.42
-80.325
-80.321
-80.366
-80.435
-80.418
-80.369
-80.375
-80.378
-80.456
-80.534
-80.513
-80.517
-80.467
-80.463
-80.404
-80.393
-80.472
-80.497
-80.494
-80.377
-80.346
-80.454
-80.411
-80.358
-80.359
-80.336
-80.404
-80.344
-80.405
-80.331
-80.267
-80.205
-80.158
-80.148
-80.07
-80.091
-80.047
-79.945
-79.99
-79.861
-79.882
-79.92
-79.826
-79.853
-79.806
-79.782
-79.777
-79.721
-79.675
-79.612
-79.637
-79.63
-79.595
-79.538
-79.515
-79.453
-79.445
-79.374
-79.274
-79.24
-79.318
-79.323
-79.236
-79.256
-79.189
-79.242
-79.271
-79.236
-79.191
-79.222
-79.13
-79.073
-78.933
-78.948
-78.898
-78.889
-78.889
-78.862
-78.773
-78.765
-78.61
-78.615
-78.636
-78.626
-78.68
-78.59
-78.556
-78.522
-78.519
-78.546
-78.52
-78.447
-78.455
-78.388
-78.404
-78.34
-78.29
-78.332
-78.314
-78.299
-78.113
-78.083
-78.064
-78.004
-77.99
-77.988
-77.945
-77.869
-77.909
-77.834
-77.826
-77.695
-77.698
-77.679
-77.694
-77.727
-77.726
-77.801
-77.733
-77.728
-77.75
-77.678
-77.715
-77.587
-77.543
-77.496
-77.485
-77.358
-77.293
-77.294
-77.204
-77.155
-77.113
-77.111
-77.184
-77.131
-77.127
-77.124
-77.145
-77.062
-77.01
-76.925
-76.914
-76.931
-77.002
-76.94
-76.967
-76.916
-76.829
-76.903
-76.873
-76.756
-76.726
-76.725
-76.69
-76.625
-76.58
-76.658
-76.59
-76.546
-76.581
-76.6
-76.443
-76.418
-76.353
-76.335
-76.365
-76.264
-76.247
-76.141
-76.151
-76.211
-76.288
-76.253
-76.258
-76.264
-76.3
-76.304
-76.317
-76.255
-76.195
-76.155
-76.094
-76.064
-75.917
-75.892
-75.893
-75.97
-75.984
-75.999
-76
-75.993
-75.99
-75.907
-76.016
-75.849
-75.796
-75.823
-75.869
-75.828
-75.92
-75.894
-75.868
-75.829
-75.789
-75.761
-75.814
-75.815
-75.853
-75.953
-75.904
-75.882
-75.878
-75.792
-75.759
-75.667
-75.737
-75.77
-75.731
-75.784
-75.802
-75.797
-75.821
-75.813
-75.883
-75.875
-75.866
-75.907
-75.867
-75.912
-75.958
-75.918
-75.925
-75.886
-75.977
-75.983
-76.01
-76.022
-75.992
-75.997
-75.977
-75.873
-75.828
-75.822
-75.822
-75.804
-75.849
-75.849
-75.864
-75.907
-75.937
-76.003
-75.949
-75.914
-75.87
-75.817
-75.86
-75.825
-75.873
-75.839
-75.834
-75.783
-75.822
-75.863
-75.883
-75.867
-75.985
-75.891
-75.984
-76.007
-75.962
-76.052
-76.037
-75.998
-75.973
-75.964
-76.019
-76.069
-75.97
-76.032
-76
-75.983
-75.996
-76.022
-75.969
-76.065
-76.103
-76.101
-76.18
-76.184
-76.213
-76.291
-76.341
-76.268
-76.212
-76.231
-76.213
-76.206
-76.176
-76.118
-76.066
-76.09
-76.095
-76.044
-76.019
-76.027
-75.98
-75.871
-75.772
-75.809
-75.792
-75.778
-75.713
-75.769
-75.794
-75.953
-75.959
-75.89
-75.977
-75.99
-76.018
-76.068
-76.073
-76.135
-76.147
-76.193
-76.277
-76.336
-76.266
-76.314
-76.288
-76.31
-76.317
-76.249
-76.283
-76.3
-76.257
-76.218
-76.271
-76.245
-76.229
-76.142
-76.115
-76.096
-76.08
-76.186
-76.114
-76.148
-76.142
-76.222
-76.306
-76.261
-76.281
-76.268
-76.332
-76.368
-76.334
-76.242
-76.202
-76.241
-76.195
-76.208
-76.26
-76.207
-76.232
-76.173
-76.246
-76.218
-76.245
-76.197
-76.184
-76.173
-76.202
-76.228
-76.166
-76.151
-76.102
-76.153
-76.163
-76.141
-76.099
-76.062
-76.027
-76.031
-76.004
-76.05
-75.984
-75.959
-75.91
-75.93
-75.995
-75.993
-75.963
-76.006
-76.074
-76.156
-76.159
-76.072
-75.982
-76.019
-76.056
-76.101
-76.153
-76.252
-76.222
-76.285
-76.253
-76.216
-76.229
-76.25
-76.264
-76.292
-76.281
-76.351
-76.421
-76.41
-76.394
-76.396
-76.391
-76.422
-76.392
-76.472
-76.529
-76.516
-76.546
-76.528
-76.447
-76.461
-76.592
-76.535
-76.59
-76.579
-76.533
-76.479
-76.482
-76.414
-76.38
-76.338
-76.309
-76.258
-76.151
-76.072
-76.085
-76.042
-76.08
-76.073
-76.103
-76.118
-76.109
-76.06
-76.106
-76.297
-76.265
-76.31
-76.299
-76.361
-76.46
-76.335
-76.323
-76.324
-76.275
-76.253
-76.217
-76.278
-76.338
-76.296
-76.306
-76.316
-76.348
-76.38
-76.273
-76.219
-76.291
-76.271
-76.226
-76.141
-76.154
-76.111
-76.14
-76.159
-76.147
-76.114
-76.173
-76.242
-76.199
-76.231
-76.187
-76.281
-76.277
-76.294
-76.288
-76.262
-76.263
-76.254
-76.242
-76.283
-76.206
-76.229
-76.13
-76.086
-76.007
-76.039
-75.994
-76.017
-76.022
-76.099
-76.149
-76.183
-76.225
-76.212
-76.235
-76.242
-76.213
-76.31
-76.296
-76.256
-76.236
-76.214
-76.289
-76.35
-76.376
-76.392
-76.441
-76.427
-76.513
-76.526
-76.582
-76.593
-76.626
-76.69
-76.748
-76.776
-76.774
-76.741
-76.772
-76.636
-76.62
-76.634
-76.635
-76.747
-76.758
-76.715
-76.711
-76.702
-76.696
-76.718
-76.78
-76.754
-76.696
-76.761
-76.746
-76.723
-76.694
-76.748
-76.772
-76.859
-76.891
-76.921
-76.928
-76.908
-76.891
-76.854
-76.867
-76.831
-76.827
-76.879
-76.933
-76.923
-76.842
-76.772
-76.827
-76.942
-76.986
-77.018
-77.038
-77.013
-77.081
-76.97
-76.941
-77.04
-77.089
-77.095
-77.166
-77.138
-77.18
-77.187
-77.231
-77.246
-77.241
-77.236
-77.226
-77.229
-77.22
-77.204
-77.274
-77.325
-77.263
-77.28
-77.338
-77.377
-77.406
-77.452
-77.473
-77.477
-77.443
-77.456
-77.436
-77.388
-77.387
-77.377
-77.397
-77.413
-77.43
-77.47
-77.473
-77.497
-77.425
-77.452
-77.391
-77.404
-77.358
-77.378
-77.382
-77.331
-77.359
-77.454
-77.438
-77.426
-77.425
-77.448
-77.397
-77.375
-77.371
-77.391
-77.439
-77.417
-77.409
-77.534
-77.56
-77.509
-77.392
-77.442
-77.507
-77.496
-77.472
-77.571
-77.552
-77.508
-77.616
-77.681
-77.74
-77.744
-77.692
-77.621
-77.553
-77.51
-77.565
-77.575
-77.598
-77.577
-77.671
-77.705
-77.664
-77.608
-77.628
-77.619
-77.607
-77.669
-77.713
-77.762
-77.791
-77.725
-77.803
-77.798
-77.779
-77.861
-77.908
-77.934
-78.022
-78.075
-78.16
-78.151
-78.088
-78.174
-78.154
-78.238
-78.243
-78.265
-78.281
-78.319
-78.313
-78.272
-78.356
-78.39
-78.371
-78.428
-78.421
-78.47
-78.395
-78.416
-78.462
-78.535
-78.457
-78.44
-78.467
-78.465
-78.544
-78.638
-78.672
-78.699
-78.727
-78.689
-78.679
-78.653
-78.705
-78.583
-78.512
-78.5
-78.475
-78.463
-78.418
-78.511
-78.609
-78.584
-78.567
-78.559
-78.65
-78.673
-78.658
-78.636
-78.67
-78.664
-78.509
-78.528
-78.455
-78.423
-78.457
-78.565
-78.629
-78.609
-78.636
-78.64
-78.676
-78.681
-78.78
-78.806
-78.859
-78.889
-78.782
-78.73
-78.703
-78.649
-78.697
-78.649
-78.715
-78.756
-78.727
-78.742
-78.772
-78.914
-78.858
-78.87
-78.828
-78.829
-78.862
-78.89
-78.862
-78.879
-78.882
-78.931
-78.975
-79.024
-78.995
-79.006
-79.03
-78.947
-78.893
-78.865
-78.824
-78.83
-78.8
-78.866
-78.864
-78.824
-78.765
-78.818
-78.894
-78.846
-78.883
-79.007
-78.989
-78.939
-79.016
-79.1
-79.145
-79.164
-79.224
-79.275
-79.229
-79.157
-79.186
-79.252
-79.175
-79.057
-79.011
-78.986
-79.071
-79.017
-79.023
-78.957
-78.896
-78.796
-78.81
-78.797
-78.838
-78.735
-78.79
-78.769
-78.765
-78.668
-78.629
-78.686
-78.667
-78.659
-78.691
-78.694
-78.63
-78.705
-78.701
-78.682
-78.642
-78.73
-78.818
-78.75
-78.824
-78.85
-78.891
-78.906
-78.934
-78.873
-79.005
-79.152
-79.161
-79.08
-79.065
-79.032
-79.045
-79.033
-79.037
-79.034
-79.094
-78.999
-78.966
-78.909
-78.884
-78.935
-78.902
-78.921
-78.869
-78.861
-78.776
-78.866
-78.873
-78.826
-78.777
-78.711
-78.683
-78.634
-78.721
-78.784
-78.815
-78.967
-79.047
-79.064
-79.121
-79.106
-79.164
-79.053
-79.023
-79.136
-79.182
-79.181
-79.161
-79.142
-79.099
-79.179
-79.213
-79.21
-79.225
-79.184
-79.159
-79.177
-79.185
-79.237
-79.232
-79.223
-79.297
-79.323
-79.311
-79.373
-79.355
-79.38
-79.412
-79.425
-79.503
-79.527
-79.538
-79.447
-79.386
-79.324
-79.287
-79.317
-79.349
-79.372
-79.368
-79.372
-79.331
-79.3
-79.274
-79.267
-79.184
-79.163
-79.163
-79.162
-79.154
-79.115
-79.133
-79.158
-79.142
-79.135
-79.112
-79.165
-79.115
-79.111
-79.066
-79.037
-78.989
-78.952
-78.923
-78.94
-79.008
-78.934
-78.887
-78.885
-79.001
-79.071
-79.119
-79.146
-79.086
-78.985
-78.964
-78.961
-79.034
-79.062
-79.071
-79.004
-78.95
-78.956
-78.97
-78.948
-78.995
-79.064
-78.965
-78.922
-78.934
-78.9
-78.862
-78.944
-79.014
-79.031
-79.017
-78.979
-79.046
-79.06
-79.162
-79.1
-79.108
-79.081
-79.1
-79.136
-79.142
-79.109
-79.027
-79.096
-79.099
-79.141
-79.037
-79.009
-79.041
-79.021
-79.022
-78.934
-78.841
-78.892
-78.888
-78.864
-78.799
-78.826
-78.847
-78.799
-78.917
-78.905
-78.862
-78.858
-78.873
-78.836
-78.842
-78.94
-78.959
-79.025
-79.017
-79.038
-79.003
-78.99
-79.055
-79.01
-78.971
-79.021
-79.02
-79.027
-78.914
-78.879
-78.82
-78.8
-78.875
-78.803
-78.801
-78.711
-78.619
-78.547
-78.521
-78.598
-78.547
-78.513
-78.538
-78.56
-78.605
-78.631
-78.655
-78.73
-78.781
-78.767
-78.772
-78.886
-78.868
-78.868
-78.769
-78.724
-78.673
-78.661
-78.77
-78.884
-78.957
-79.033
-79.051
-78.964
-78.944
-79.006
-78.943
-78.938
-78.938
-78.93
-78.938
-79.052
-79.018
-78.996
-79.043
-79.091
-79.122
-79.169
-79.21
-79.231
-79.229
-79.159
-79.188
-79.179
-79.119
-79.166
-79.177
-79.218
-79.264
-79.238
-79.203
-79.288
-79.287
-79.241
-79.238
-79.182
-79.188
-79.209
-79.184
-79.157
-79.177
-79.181
-79.192
-79.181
-79.201
-79.263
-79.196
-79.14
-79.172
-79.248
-79.147
-79.223
-79.202
-79.256
-79.153
-79.132
-79.169
-79.185
-79.219
-79.305
-79.261
-79.264
-79.314
-79.282
-79.192
-79.239
-79.28
-79.328
-79.308
-79.385
-79.461
-79.468
-79.497
-79.451
-79.497
-79.529
-79.519
-79.419
-79.517
-79.519
-79.544
-79.462
-79.536
-79.422
-79.37
-79.335
-79.24
-79.201
-79.145
-79.108
-79.012
-79.022
-79.004
-79.078
-79.013
-79.102
-79.077
-79.065
-79.118
-79.143
-79.141
-79.203
-79.214
-79.251
-79.271
-79.329
-79.258
-79.27
-79.17
-79.148
-79.287
-79.291
-79.351
-79.359
-79.271
-79.295
-79.263
-79.277
-79.21
-79.2
-79.188
-79.176
-79.284
-79.352
-79.391
-79.394
-79.309
-79.277
-79.223
-79.185
-79.116
-79.068
-79.068
-79.07
-79.07
-79.102
-79.148
-79.177
-79.162
-79.153
-79.089
-79.104
-79.057
-79.003
-79.024
-78.951
-78.976
-78.912
-78.876
-78.824
-78.798
-78.666
-78.714
-78.752
-78.845
-78.895
-78.977
-78.85
-78.826
-78.862
-78.866
-78.947
-78.985
-78.948
-78.935
-78.943
-78.915
-78.926
-78.954
-78.972
-78.937
-78.95
-78.959
-78.914
-78.91
-78.904
-78.919
-78.97
-78.933
-78.954
-78.99
-78.9
-78.949
-78.92
-78.921
-78.914
-78.961
-79.076
-79.041
-79.123
-79.118
-79.069
-79.003
-79.006
-79.09
-78.991
-79.078
-79.173
-79.166
-79.168
-79.188
-79.151
-79.213
-79.3
-79.342
-79.312
-79.264
-79.274
-79.271
-79.292
-79.373
-79.373
-79.317
-79.417
-79.483
-79.431
-79.439
-79.427
-79.425
-79.472
-79.411
-79.335
-79.36
-79.298
-79.318
-79.338
-79.381
-79.358
-79.264
-79.26
-79.199
-79.281
-79.201
-79.269
-79.258
-79.267
-79.33
-79.169
-79.171
-79.184
-79.239
-79.267
-79.342
-79.314
-79.346
-79.349
-79.39
-79.334
-79.389
-79.385
-79.446
-79.423
-79.419
-79.388
-79.443
-79.503
-79.529
-79.554
-79.58
-79.601
-79.579
-79.617
-79.589
-79.615
-79.624
-79.671
-79.689
-79.699
-79.699
-79.69
-79.624
-79.632
-79.62
-79.592
-79.531
-79.638
-79.611
-79.679
-79.654
-79.721
-79.812
-79.754
-79.783
-79.763
-79.698
-79.686
-79.667
-79.595
-79.54
-79.467
-79.405
-79.322
-79.35
-79.337
-79.319
-79.372
-79.368
-79.329
-79.297
-79.308
-79.431
-79.417
-79.389
-79.464
-79.501
-79.564
-79.547
-79.608
-79.642
-79.746
-79.736
-79.775
-79.822
-79.856
-79.846
-79.822
-79.723
-79.702
-79.618
-79.637
-79.551
-79.52
-79.503
-79.406
-79.397
-79.382
-79.407
-79.44
-79.403
-79.341
-79.357
-79.397
-79.314
-79.34
-79.38
-79.305
-79.395
-79.395
-79.358
-79.267
-79.351
-79.452
-79.488
-79.429
-79.358
-79.42
-79.35
-79.352
-79.37
-79.344
-79.327
-79.286
-79.265
-79.173
-79.167
-79.155
-79.104
-79.019
-79.108
-79.09
-79.045
-79.044
-78.974
-78.928
-78.917
-78.874
-78.868
-78.964
-78.963
-78.988
-78.96
-79.025
-78.997
-78.994
-79.034
-79.055
-79.007
-78.936
-78.929
-78.924
-78.922
-78.965
-79.009
-79.056
-79.059
-79.011
-78.999
-79.119
-79.039
-79.12
-79.13
-79.06
-79.084
-79.122
-79.189
-79.231
-79.242
-79.22
-79.305
-79.223
-79.323
-79.36
-79.356
-79.309
-79.353
-79.322
-79.29
-79.32
-79.275
-79.297
-79.319
-79.359
-79.362
-79.378
-79.43
-79.351
-79.383
-79.503
-79.498
-79.438
-79.489
-79.507
-79.57
-79.541
-79.693
-79.614
-79.632
-79.703
-79.713
-79.708
-79.675
-79.715
-79.743
-79.708
-79.724
-79.81
-79.891
-79.939
-79.961
-79.898
-79.991
-80.072
-80.135
-80.184
-80.161
-80.156
-80.131
-80.182
-80.142
-80.059
-80.04
-80.041
-80.058
-80.06
-80.027
-80.004
-79.975
-79.927
-79.956
-79.964
-79.936
-79.951
-79.924
-79.996
-80.053
-80.008
-79.974
-80.02
-80.093
-80.035
-80.053
-80.052
-80.056
-79.966
-79.883
-79.876
-79.817
-79.776
-79.667
-79.658
-79.538
-79.622
-79.644
-79.701
-79.7
-79.774
-79.779
-79.826
-79.824
-79.698
-79.643
-79.642
-79.671
-79.656
-79.675
-79.682
-79.654
-79.645
-79.655
-79.687
-79.62
-79.607
-79.584
-79.579
-79.573
-79.469
-79.473
-79.446
-79.415
-79.433
-79.414
-79.408
-79.496
-79.487
-79.538
-79.575
-79.487
-79.486
-79.51
-79.539
-79.563
-79.596
-79.684
-79.708
-79.78
-79.777
-79.816
-79.857
-79.855
-79.93
-79.971
-79.93
-79.896
-79.949
-79.86
-79.979
-80.014
-79.97
-79.946
-79.909
-79.984
-79.974
-79.905
-79.953
-79.916
-79.935
-79.885
-79.832
-79.876
-79.877
-79.895
-79.928
-79.969
-79.987
-80.012
-80.013
-80.038
-80.07
-80.006
-79.972
-79.935
-79.89
-79.813
-79.627
-79.72
-79.716
-79.679
-79.741
-79.656
-79.643
-79.634
-79.599
-79.564
-79.621
-79.626
-79.622
-79.638
-79.693
-79.707
-79.66
-79.661
-79.696
-79.639
-79.612
-79.541
-79.494
-79.442
-79.385
-79.283
-79.282
-79.213
-79.245
-79.235
-79.246
-79.274
-79.354
-79.328
-79.344
-79.341
-79.284
-79.315
-79.161
-79.049
-78.973
-78.906
-78.944
-78.864
-78.829
-78.752
-78.869
-78.872
-78.897
-79.007
-79.032
-79.081
-79.153
-79.036
-79.132
-79.209
-79.231
-79.267
-79.322
-79.308
-79.416
-79.438
-79.396
-79.272
-79.384
-79.385
-79.442
-79.475
-79.441
-79.302
-79.251
-79.339
-79.302
-79.256
-79.212
-79.198
-79.219
-79.174
-79.155
-79.176
-79.215
-79.187
-79.118
-79.162
-79.189
-79.134
-79.146
-79.181
-79.139
-79.163
-79.095
-79.064
-78.985
-78.957
-78.825
-78.733
-78.69
-78.732
-78.765
-78.838
-78.944
-78.935
-78.925
-78.845
-78.849
-78.875
-78.831
-78.775
-78.69
-78.705
-78.794
-78.801
-78.812
-78.901
-78.842
-78.81
-78.831
-78.746
-78.747
-78.801
-78.851
-78.841
-78.861
-78.929
-78.899
-78.902
-78.971
-78.969
-78.998
-78.975
-78.916
-78.907
-78.914
-78.822
-78.852
-78.84
-78.853
-78.807
-78.792
-78.825
-78.82
-78.681
-78.761
-78.788
-78.892
-78.838
-78.819
-78.869
-78.957
-78.96
-78.978
-78.83
-78.968
-78.939
-78.932
-78.985
-79.033
-79.001
-79.015
-78.965
-78.992
-79.061
-79.036
-79.086
-79.088
-79.03
-78.979
-78.854
-78.8
-78.761
-78.752
-78.804
-78.818
-78.839
-78.838
-78.847
-78.858
-78.852
-78.829
-78.85
-78.895
-78.894
-78.925
-78.925
-78.988
-78.943
-78.956
-78.927
-78.972
-78.888
-78.888
-78.84
-78.991
-78.915
-78.898
-78.89
-78.884
-78.831
-78.708
-78.729
-78.812
-78.802
-78.742
-78.799
-78.826
-78.836
-78.92
-78.946
-78.901
-78.857
-79.038
-78.988
-78.987
-78.92
-78.873
-78.894
-78.973
-79.002
-78.915
-78.909
-78.919
-78.95
-79.005
-79.04
-79.051
-79.057
-78.987
-78.956
-79.049
-79.087
-79.022
-79.087
-79.076
-79.08
-79.09
-79.063
-79.045
-79.112
-79.094
-79.07
-79.138
-79.135
-79.1
-79.129
-79.177
-79.207
-79.128
-79.192
-79.235
-79.351
-79.341
-79.387
-79.347
-79.305
-79.325
-79.265
-79.254
-79.3
-79.236
-79.222
-79.2
-79.079
-79.173
-79.244
-79.257
-79.177
-79.096
-79.011
-79.05
-79.04
-79.021
-78.984
-79.035
-79.057
-79.058
-79.093
-79.064
-79.046
-79.071
-79.115
-79.156
-79.214
-79.198
-79.181
-79.235
-79.249
-79.202
-79.197
-79.19
-79.209
-79.136
-79.063
-79.101
-79.105
-79.176
-79.21
-79.194
-79.115
-79.085
-79.112
-79.155
-79.182
-79.285
-79.312
-79.239
-79.265
-79.322
-79.343
-79.293
-79.281
-79.215
-79.309
-79.196
-79.208
-79.267
-79.364
-79.44
-79.395
-79.407
-79.444
-79.495
-79.471
-79.54
-79.572
-79.529
-79.542
-79.65
-79.687
-79.75
-79.712
-79.725
-79.779
-79.809
-79.813
-79.853
-79.87
-79.939
-79.944
-79.86
-79.771
-79.743
-79.761
-79.695
-79.658
-79.622
-79.564
-79.581
-79.537
-79.534
-79.425
-79.303
-79.315
-79.359
-79.408
-79.424
-79.342
-79.325
-79.309
-79.361
-79.341
-79.368
-79.314
-79.384
-79.422
-79.531
-79.524
-79.415
-79.453
-79.539
-79.66
-79.762
-79.756
-79.802
-79.796
-79.867
-79.874
-79.859
-79.798
-79.77
-79.655
-79.739
-79.794
-79.811
-79.755
-79.75
-79.738
-79.683
-79.752
-79.773
-79.698
-79.691
-79.619
-79.63
-79.601
-79.697
-79.744
-79.769
-79.774
-79.797
-79.798
-79.683
-79.72
-79.713
-79.605
-79.587
-79.617
-79.599
-79.619
-79.697
-79.72
-79.763
-79.845
-79.749
-79.692
-79.826
-79.859
-79.905
-79.892
-79.951
-79.922
-79.943
-79.806
-79.728
-79.705
-79.761
-79.791
-79.79
-79.762
-79.77
-79.679
-79.643
-79.666
-79.66
-79.648
-79.526
-79.565
-79.488
-79.454
-79.46
-79.467
-79.417
-79.31
-79.309
-79.313
-79.354
-79.307
-79.259
-79.168
-79.131
-79.167
-79.208
-79.207
-79.177
-79.148
-79.21
-79.27
-79.244
-79.297
-79.296
-79.294
-79.285
-79.238
-79.239
-79.298
-79.325
-79.31
-79.318
-79.29
-79.327
-79.318
-79.38
-79.438
-79.407
-79.386
-79.374
-79.325
-79.363
-79.263
-79.269
-79.262
-79.294
-79.375
-79.407
-79.393
-79.426
-79.3
-79.269
-79.239
-79.287
-79.177
-79.227
-79.168
-79.203
-79.104
-79.083
-79.126
-79.155
-79.15
-79.197
-79.181
-79.153
-79.182
-79.174
-79.197
-79.164
-79.12
-79.128
-79.153
-79.082
-79.162
-79.096
-79.126
-79.142
-79.204
-79.15
-79.13
-79.123
-79.154
-79.122
-79.153
-79.182
-79.186
-79.158
-79.178
-79.135
-79.024
-79.031
-79.071
-79.064
-79.119
-79.016
-79.015
-78.97
-78.977
-79.075
-79.089
-79.062
-79.027
-79.03
-78.984
-78.956
-78.972
-79.004
-79.058
-78.988
-78.948
-78.95
-78.898
-78.958
-78.964
-78.964
-78.987
-78.976
-79.062
-79.014
-79.036
-78.957
-79.022
-78.958
-78.947
-79.004
-79.088
-79.187
-79.13
-79.143
-79.199
-79.251
-79.295
-79.267
-79.257
-79.277
-79.167
-79.252
-79.234
-79.148
-79.065
-79.106
-79.007
-79.024
-78.968
-78.999
-79.07
-79.018
-78.938
-78.94
-78.984
-79.042
-79.112
-79.091
-79.148
-79.163
-79.16
-79.157
-79.183
-79.134
-79.161
-79.168
-79.119
-79.149
-78.931
-78.957
-78.998
-78.998
-79
-78.937
-78.959
-78.906
-78.92
-78.948
-78.864
-78.872
-78.799
-78.849
-78.969
-78.856
-78.808
-78.722
-78.732
-78.765
-78.597
-78.599
-78.602
-78.617
-78.567
-78.636
-78.612
-78.661
-78.548
-78.588
-78.537
-78.512
-78.511
-78.502
-78.495
-78.393
-78.401
-78.457
-78.412
-78.501
-78.471
-78.468
-78.39
-78.329
-78.454
-78.542
-78.589
-78.468
-78.502
-78.528
-78.607
-78.621
-78.558
-78.575
-78.615
-78.609
-78.656
-78.753
-78.692
-78.612
-78.709
-78.706
-78.701
-78.646
-78.718
-78.702
-78.694
-78.642
-78.646
-78.722
-78.683
-78.682
-78.707
-78.721
-78.84
-78.831
-78.922
-78.907
-78.985
-79.024
-78.982
-79.006
-79.015
-79.036
-79.076
-79.093
-79.01
-79.054
-78.976
-78.918
-78.828
-78.716
-78.765
-78.751
-78.879
-79.005
-78.971
-78.896
-78.875
-78.796
-78.814
-78.901
-78.871
-78.787
-78.856
-78.761
-78.696
-78.671
-78.651
-78.68
-78.702
-78.711
-78.782
-78.772
-78.743
-78.648
-78.714
-78.742
-78.641
-78.598
-78.444
-78.473
-78.403
-78.436
-78.357
-78.308
-78.331
-78.355
-78.384
-78.395
-78.353
-78.428
-78.37
-78.351
-78.291
-78.323
-78.251
-78.209
-78.288
-78.293
-78.314
-78.35
-78.371
-78.366
-78.376
-78.356
-78.355
-78.394
-78.475
-78.419
-78.521
-78.572
-78.625
-78.575
-78.604
-78.634
-78.677
-78.692
-78.713
-78.689
-78.66
-78.628
-78.741
-78.722
-78.754
-78.699
-78.648
-78.637
-78.616
-78.636
-78.6
-78.623
-78.699
-78.625
-78.585
-78.557
-78.603
-78.612
-78.617
-78.621
-78.68
-78.666
-78.636
-78.572
-78.533
-78.462
-78.415
-78.4
-78.456
-78.576
-78.618
-78.587
-78.567
-78.52
-78.456
-78.466
-78.455
-78.474
-78.353
-78.419
-78.458
-78.489
-78.501
-78.392
-78.317
-78.382
-78.35
-78.403
-78.343
-78.316
-78.441
-78.405
-78.378
-78.408
-78.35
-78.299
-78.283
-78.236
-78.19
-78.173
-78.161
-78.166
-78.295
-78.233
-78.207
-78.203
-78.236
-78.214
-78.369
-78.349
-78.296
-78.285
-78.275
-78.296
-78.184
-78.212
-78.242
-78.281
-78.395
-78.39
-78.432
-78.444
-78.518
-78.618
-78.699
-78.656
-78.641
-78.562
-78.6
-78.547
-78.556
-78.561
-78.62
-78.627
-78.647
-78.596
-78.624
-78.665
-78.68
-78.741
-78.661
-78.721
-78.682
-78.589
-78.609
-78.546
-78.527
-78.511
-78.459
-78.452
-78.452
-78.393
-78.242
-78.326
-78.38
-78.344
-78.341
-78.357
-78.37
-78.33
-78.422
-78.398
-78.359
-78.315
-78.32
-78.257
-78.253
-78.227
-78.249
-78.254
-78.236
-78.128
-78.217
-78.176
-78.125
-78.082
-78.089
-78.15
-78.251
-78.27
-78.3
-78.289
-78.071
-78.041
-78.065
-78.107
-78.106
-78.172
-78.214
-78.301
-78.307
-78.308
-78.31
-78.393
-78.502
-78.484
-78.491
-78.468
-78.642
-78.669
-78.634
-78.668
-78.709
-78.694
-78.637
-78.644
-78.693
-78.729
-78.806
-78.833
-78.883
-78.829
-78.821
-78.806
-78.774
-78.8
-78.823
-78.784
-78.771
-78.75
-78.711
-78.695
-78.681
-78.7
-78.787
-78.748
-78.759
-78.838
-78.823
-78.844
-78.826
-78.954
-78.977
-78.966
-78.912
-78.837
-78.85
-78.919
-78.887
-78.861
-78.874
-78.828
-78.797
-78.742
-78.776
-78.923
-78.893
-78.949
-78.975
-79.006
-78.995
-79.102
-79.062
-79.115
-79.164
-79.159
-79.225
-79.191
-79.242
-79.26
-79.259
-79.308
-79.343
-79.431
-79.373
-79.346
-79.266
-79.303
-79.23
-79.232
-79.169
-79.303
-79.383
-79.352
-79.39
-79.412
-79.403
-79.416
-79.442
-79.486
-79.504
-79.522
-79.527
-79.481
-79.474
-79.408
-79.407
-79.484
-79.41
-79.403
-79.32
-79.401
-79.453
-79.47
-79.484
-79.612
-79.633
-79.731
-79.702
-79.672
-79.585
-79.678
-79.818
-79.818
-79.791
-79.816
-79.747
-79.786
-79.825
-79.854
-79.862
-79.931
-79.994
-79.935
-79.914
-79.98
-79.914
-79.983
-80.09
-80.248
-80.375
-80.409
-80.414
-80.423
-80.46
-80.463
-80.394
-80.463
-80.439
-80.333
-80.319
-80.349
-80.385
-80.432
-80.492
-80.466
-80.436
-80.379
-80.31
-80.216
-80.189
-80.308
-80.242
-80.223
-80.232
-80.194
-80.105
-80.055
-80.065
-80.111
-80.152
-80.194
-80.17
-80.243
-80.271
-80.277
-80.323
-80.337
-80.2
-80.143
-80.155
-80.121
-80.149
-80.14
-80.149
-80.16
-80.227
-80.146
-80.203
-80.263
-80.325
-80.364
-80.352
-80.306
-80.3
-80.218
-80.195
-80.131
-80.11
-80.127
-80.134
-80.031
-80.078
-80.026
-80.102
-80.084
-80.074
-80.033
-79.959
-79.975
-79.947
-79.942
-79.858
-79.824
-79.874
-79.954
-80.007
-80.078
-80.139
-80.214
-80.185
-80.169
-80.212
-80.164
-80.079
-80.059
-79.988
-79.85
-79.824
-79.824
-79.862
-79.777
-79.777
-79.726
-79.783
-79.693
-79.621
-79.559
-79.631
-79.671
-79.699
-79.677
-79.704
-79.671
-79.683
-79.695
-79.676
-79.608
-79.619
-79.638
-79.657
-79.616
-79.558
-79.566
-79.617
-79.671
-79.631
-79.696
-79.749
-79.716
-79.712
-79.702
-79.766
-79.809
-79.765
-79.799
-79.798
-79.828
-79.87
-79.911
-79.893
-79.934
-79.985
-79.933
-79.898
-79.967
-80.017
-79.961
-79.96
-79.96
-79.977
-79.914
-79.915
-79.968
-79.982
-79.875
-79.878
-79.802
-79.754
-79.775
-79.755
-79.788
-79.781
-79.766
-79.706
-79.697
-79.551
-79.554
-79.553
-79.547
-79.442
-79.405
-79.424
-79.486
-79.396
-79.414
-79.459
-79.433
-79.405
-79.338
-79.322
-79.437
-79.444
-79.547
-79.583
-79.55
-79.572
-79.57
-79.522
-79.594
-79.594
-79.704
-79.626
-79.603
-79.708
-79.696
-79.715
-79.67
-79.741
-79.71
-79.705
-79.671
-79.602
-79.571
-79.611
-79.626
-79.638
-79.65
-79.735
-79.645
-79.664
-79.717
-79.74
-79.683
-79.694
-79.655
-79.732
-79.762
-79.733
-79.79
-79.781
-79.813
-79.896
-79.848
-79.78
-79.702
-79.754
-79.708
-79.772
-79.745
-79.695
-79.725
-79.669
-79.543
-79.579
-79.553
-79.558
-79.545
-79.491
-79.409
-79.391
-79.414
-79.413
-79.407
-79.399
-79.339
-79.285
-79.23
-79.152
-79.111
-79.145
-79.103
-79.138
-79.002
-78.952
-79.037
-79.033
-79.011
-79.017
-79.068
-79.055
-79.001
-79.004
-78.968
-79.004
-78.943
-79.001
-79.049
-79.103
-79.072
-79.194
-79.135
-79.086
-78.999
-79.012
-78.959
-78.835
-78.845
-78.733
-78.834
-78.844
-78.798
-78.765
-78.721
-78.679
-78.701
-78.645
-78.674
-78.637
-78.621
-78.69
-78.664
-78.67
-78.6
-78.578
-78.541
-78.519
-78.568
-78.555
-78.541
-78.594
-78.518
-78.536
-78.53
-78.562
-78.437
-78.531
-78.546
-78.583
-78.596
-78.536
-78.501
-78.497
-78.473
-78.493
-78.439
-78.417
-78.379
-78.348
-78.469
-78.551
-78.504
-78.511
-78.515
-78.485
-78.502
-78.544
-78.496
-78.518
-78.521
-78.507
-78.501
-78.559
-78.593
-78.629
-78.745
-78.785
-78.788
-78.71
-78.733
-78.747
-78.802
-78.812
-78.912
-78.891
-78.806
-78.76
-78.695
-78.663
-78.719
-78.734
-78.765
-78.703
-78.749
-78.761
-78.755
-78.783
-78.741
-78.705
-78.698
-78.666
-78.735
-78.66
-78.704
-78.727
-78.698
-78.719
-78.795
-78.83
-78.919
-78.905
-78.886
-78.866
-78.818
-78.867
-78.858
-78.79
-78.756
-78.775
-78.661
-78.712
-78.625
-78.595
-78.532
-78.441
-78.38
-78.368
-78.36
-78.417
-78.407
-78.334
-78.254
-78.219
-78.147
-78.179
-78.153
-78.157
-78.16
-78.109
-78.033
-78.028
-78.042
-78.008
-78.114
-78.068
-78.045
-78.017
-77.99
-77.996
-77.965
-78.009
-77.977
-77.949
-78.095
-78.161
-78.066
-78.148
-78.149
-78.239
-78.203
-78.217
-78.258
-78.256
-78.161
-78.196
-78.162
-78.23
-78.185
-78.158
-78.168
-78.2
-78.239
-78.312
-78.261
-78.269
-78.285
-78.257
-78.277
-78.371
-78.383
-78.426
-78.467
-78.56
-78.572
-78.57
-78.488
-78.536
-78.59
-78.591
-78.683
-78.626
-78.649
-78.621
-78.629
-78.57
-78.605
-78.542
-78.485
-78.503
-78.53
-78.505
-78.561
-78.577
-78.569
-78.654
-78.63
-78.588
-78.578
-78.611
-78.751
-78.608
-78.64
-78.588
-78.663
-78.646
-78.726
-78.752
-78.754
-78.668
-78.672
-78.813
-78.822
-78.893
-78.894
-78.925
-78.887
-78.977
-78.99
-79.062
-79.065
-79.144
-79.16
-79.086
-79.216
-79.231
-79.186
-79.154
-79.135
-79.1
-79.037
-78.931
-79.027
-78.986
-78.957
-78.976
-78.959
-78.935
-78.961
-78.985
-78.983
-78.842
-78.8
-78.661
-78.622
-78.606
-78.578
-78.543
-78.552
-78.552
-78.534
-78.547
-78.515
-78.485
-78.554
-78.549
-78.534
-78.456
-78.425
-78.474
-78.478
-78.473
-78.48
-78.486
-78.53
-78.563
-78.641
-78.785
-78.853
-78.922
-78.966
-78.944
-78.899
-78.885
-78.823
-78.784
-78.774
-78.757
-78.809
-78.708
-78.69
-78.712
-78.745
-78.758
-78.797
-78.712
-78.699
-78.619
-78.713
-78.685
-78.653
-78.621
-78.519
-78.527
-78.522
-78.526
-78.59
-78.577
-78.563
-78.48
-78.451
-78.441
-78.358
-78.366
-78.348
-78.287
-78.321
-78.329
-78.302
-78.222
-78.205
-78.261
-78.314
-78.323
-78.378
-78.418
-78.473
-78.437
-78.511
-78.472
-78.443
-78.564
-78.644
-78.601
-78.514
-78.439
-78.348
-78.321
-78.363
-78.385
-78.342
-78.409
-78.468
-78.477
-78.513
-78.524
-78.497
-78.505
-78.525
-78.583
-78.598
-78.725
-78.675
-78.574
-78.593
-78.618
-78.643
-78.65
-78.652
-78.714
-78.718
-78.717
-78.74
-78.747
-78.731
-78.726
-78.776
-78.774
-78.743
-78.712
-78.652
-78.633
-78.667
-78.671
-78.62
-78.67
-78.671
-78.715
-78.781
-78.826
-78.86
-78.827
-78.84
-78.96
-78.924
-78.95
-78.986
-79.013
-79.028
-79.091
-79.146
-79.202
-79.235
-79.302
-79.255
-79.274
-79.249
-79.173
-79.141
-79.138
-79.118
-79.054
-79.101
-79.055
-79.12
-79.096
-79.03
-79.1
-79.182
-79.22
-79.143
-79.046
-79.012
-78.938
-78.969
-79.074
-79.156
-79.134
-79.103
-79.207
-79.181
-79.074
-79.015
-78.933
-78.958
-78.954
-78.94
-78.961
-78.96
-79.014
-79.057
-78.966
-78.931
-78.966
-78.885
-78.846
-78.8
-78.745
-78.849
-78.885
-78.951
-78.968
-78.946
-78.838
-78.802
-78.835
-78.846
-78.924
-78.903
-78.958
-78.96
-78.955
-78.956
-78.915
-78.851
-78.897
-78.888
-78.785
-78.832
-78.83
-78.85
-78.778
-78.744
-78.637
-78.61
-78.672
-78.594
-78.56
-78.522
-78.546
-78.522
-78.496
-78.561
-78.549
-78.492
-78.471
-78.458
-78.445
-78.325
-78.409
-78.471
-78.496
-78.495
-78.429
-78.468
-78.475
-78.542
-78.55
-78.548
-78.601
-78.532
-78.561
-78.507
-78.53
-78.499
-78.41
-78.414
-78.44
-78.333
-78.331
-78.311
-78.37
-78.306
-78.29
-78.323
-78.231
-78.147
-78.187
-78.107
-78.121
-78.133
-78.184
-78.18
-78.227
-78.214
-78.241
-78.171
-78.134
-78.114
-78.155
-78.208
-78.31
-78.201
-78.261
-78.224
-78.253
-78.228
-78.245
-78.235
-78.257
-78.308
-78.339
-78.296
-78.231
-78.25
-78.239
-78.228
-78.168
-78.179
-78.185
-78.198
-78.202
-78.205
-78.121
-78.137
-78.14
-78.083
-78.086
-78.089
-78.158
-78.165
-78.194
-78.278
-78.283
-78.22
-78.194
-78.246
-78.242
-78.242
-78.314
-78.266
-78.243
-78.211
-78.308
-78.405
-78.355
-78.356
-78.329
-78.29
-78.288
-78.246
-78.285
-78.264
-78.253
-78.164
-78.114
-78.156
-78.132
-78.032
-78.005
-77.948
-77.917
-77.898
-77.978
-77.902
-77.911
-77.893
-77.939
-77.943
-77.904
-77.958
-77.979
-77.958
-77.915
-77.997
-78.022
-78.072
-78.109
-78.094
-78.062
-78.12
-78.102
-78.207
-78.226
-78.242
-78.364
-78.321
-78.338
-78.264
-78.37
-78.309
-78.361
-78.387
-78.295
-78.321
-78.359
-78.364
-78.334
-78.208
-78.3
-78.285
-78.354
-78.508
-78.482
-78.457
-78.437
-78.494
-78.497
-78.481
-78.596
-78.576
-78.522
-78.524
-78.56
-78.645
-78.552
-78.585
-78.63
-78.498
-78.526
-78.578
-78.605
-78.573
-78.598
-78.556
-78.545
-78.51
-78.503
-78.502
-78.611
-78.709
-78.702
-78.645
-78.542
-78.538
-78.554
-78.547
-78.592
-78.638
-78.594
-78.615
-78.582
-78.622
-78.602
-78.672
-78.737
-78.793
-78.913
-78.946
-79.139
-79.122
-79.165
-79.13
-79.141
-79.042
-79.055
-79.077
-79.129
-79.034
-79.128
-79.144
-79.116
-79.136
-79.107
-79.014
-79.01
-79.006
-79.068
-79.053
-79.137
-79.156
-79.19
-79.156
-79.066
-79.065
-79.05
-79.066
-79.081
-79.161
-79.217
-79.197
-79.215
-79.226
-79.108
-79.092
-79.011
