-79.189
-79.12
-79.141
-79.173
-79.156
-79.172
-79.188
-79.147
-79.072
-79.071
-79.068
-79.103
-79.065
-78.995
-78.963
-78.915
-78.981
-78.967
-78.935
-78.836
-78.772
-78.709
-78.698
-78.754
-78.728
-78.663
-78.633
-78.624
-78.591
-78.585
-78.593
-78.471
-78.311
-78.345
-78.301
-78.203
-78.193
-78.109
-78.158
-78.165
-78.171
-78.234
-78.247
-78.256
-78.15
-78.164
-78.13
-78.129
-77.996
-77.903
-77.875
-77.892
-77.923
-77.974
-77.984
-77.918
-77.791
-77.695
-77.66
-77.63
-77.64
-77.744
-77.678
-77.606
-77.563
-77.474
-77.432
-77.375
-77.383
-77.407
-77.264
-77.192
-77.202
-77.146
-77.176
-77.148
-77.149
-77.055
-76.987
-77.053
-77.022
-76.909
-76.903
-76.922
-76.869
-76.976
-76.878
-76.874
-76.815
-76.802
-76.766
-76.797
-76.694
-76.634
-76.568
-76.482
-76.467
-76.452
-76.373
-76.414
-76.367
-76.312
-76.268
-76.21
-76.162
-76.083
-76.097
-76.033
-76.037
-75.934
-75.957
-75.939
-75.93
-75.922
-75.845
-75.937
-75.854
-75.904
-75.901
-75.866
-75.843
-75.732
-75.705
-75.761
-75.687
-75.65
-75.659
-75.662
-75.678
-75.596
-75.541
-75.542
-75.481
-75.536
-75.508
-75.458
-75.317
-75.267
-75.241
-75.154
-75.135
-74.998
-74.924
-74.929
-74.878
-74.889
-74.893
-74.847
-74.897
-74.94
-74.921
-74.821
-74.822
-74.803
-74.929
-74.832
-74.766
-74.742
-74.756
-74.714
-74.619
-74.621
-74.599
-74.617
-74.589
-74.637
-74.565
-74.587
-74.578
-74.479
-74.415
-74.418
-74.4
-74.383
-74.457
-74.42
-74.325
-74.268
-74.211
-74.205
-74.182
-74.174
-74.206
-74.231
-74.125
-74.075
-74.037
-74.114
-74.08
-74.156
-74.177
-74.192
-74.19
-74.163
-74.181
-74.103
-74.072
-74.009
-73.988
-74.014
-74.1
-74.009
-73.987
-73.953
-73.902
-73.957
-73.922
-73.955
-73.863
-73.953
-73.921
-73.893
-73.873
-73.778
-73.755
-73.681
-73.741
-73.679
-73.687
-73.631
-73.599
-73.643
-73.598
-73.479
-73.433
-73.464
-73.374
-73.46
-73.379
-73.407
-73.41
-73.354
-73.418
-73.334
-73.411
-73.404
-73.34
-73.36
-73.397
-73.367
-73.368
-73.416
-73.4
-73.486
-73.513
-73.567
-73.533
-73.392
-73.357
-73.345
-73.399
-73.301
-73.295
-73.277
-73.292
-73.358
-73.341
-73.339
-73.274
-73.394
-73.455
-73.507
-73.495
-73.518
-73.569
-73.512
-73.587
-73.607
-73.682
-73.722
-73.685
-73.617
-73.568
-73.471
-73.453
-73.379
-73.409
-73.316
-73.331
-73.379
-73.385
-73.39
-73.34
-73.314
-73.257
-73.221
-73.2
-73.141
-73.235
-73.142
-73.119
-73.243
-73.341
-73.403
-73.575
-73.479
-73.518
-73.477
-73.404
-73.415
-73.457
-73.468
-73.527
-73.498
-73.421
-73.424
-73.475
-73.492
-73.473
-73.468
-73.466
-73.476
-73.47
-73.441
-73.487
-73.396
-73.455
-73.492
-73.522
-73.412
-73.493
-73.531
-73.583
-73.528
-73.565
-73.532
-73.55
-73.561
-73.504
-73.55
-73.624
-73.565
-73.59
-73.654
-73.654
-73.661
-73.651
-73.587
-73.578
-73.654
-73.686
-73.614
-73.573
-73.637
-73.665
-73.6
-73.728
-73.723
-73.666
-73.617
-73.651
-73.597
-73.589
-73.538
-73.514
-73.52
-73.546
-73.437
-73.445
-73.549
-73.635
-73.69
-73.728
-73.872
-73.812
-73.854
-73.879
-73.914
-73.93
-73.916
-73.905
-73.905
-74.047
-74.073
-74.13
-74.118
-74.125
-74.19
-74.248
-74.241
-74.267
-74.234
-74.333
-74.355
-74.365
-74.278
-74.344
-74.253
-74.22
-74.186
-74.212
-74.179
-74.19
-74.168
-74.159
-74.159
-74.137
-74.196
-74.21
-74.202
-74.315
-74.353
-74.36
-74.38
-74.382
-74.262
-74.344
-74.352
-74.302
-74.237
-74.311
-74.31
-74.265
-74.262
-74.268
-74.282
-74.29
-74.276
-74.324
-74.313
-74.333
-74.281
-74.386
-74.343
-74.334
-74.321
-74.401
-74.391
-74.39
-74.4
-74.452
-74.446
-74.489
-74.565
-74.619
-74.579
-74.585
-74.537
-74.52
-74.525
-74.564
-74.612
-74.568
-74.632
-74.626
-74.71
-74.69
-74.679
-74.756
-74.829
-74.828
-74.88
-74.909
-74.966
-74.971
-74.971
-74.979
-74.941
-74.965
-74.97
-74.989
-74.868
-74.893
-74.897
-75.067
-75.043
-75.095
-75.101
-75.214
-75.177
-75.193
-75.263
-75.244
-75.135
-75.211
-75.241
-75.175
-75.181
-75.174
-75.196
-75.3
-75.326
-75.333
-75.332
-75.337
-75.381
-75.401
-75.326
-75.338
-75.364
-75.36
-75.343
-75.347
-75.401
-75.429
-75.389
-75.523
-75.571
-75.575
-75.469
-75.553
-75.54
-75.544
-75.579
-75.548
-75.633
-75.634
-75.628
-75.625
-75.585
-75.515
-75.548
-75.579
-75.582
-75.653
-75.741
-75.654
-75.656
-75.696
-75.668
-75.721
-75.849
-75.939
-75.877
-75.97
-75.909
-75.911
-75.889
-75.911
-76.003
-75.981
-76.005
-75.972
-76.021
-76.115
-76.094
-76.132
-76.121
-76.192
-76.115
-76.064
-76.101
-76.008
-75.896
-75.83
-75.72
-75.68
-75.678
-75.706
-75.673
-75.597
-75.538
-75.498
-75.498
-75.482
-75.406
-75.388
-75.375
-75.304
-75.38
-75.317
-75.33
-75.311
-75.32
-75.394
-75.39
-75.368
-75.33
-75.307
-75.258
-75.206
-75.177
-75.123
-75.069
-75.028
-75.032
-74.929
-75.04
-75.008
-74.992
-74.999
-74.992
-75.006
-75.017
-75.044
-75.051
-75.026
-74.986
-74.966
-75.006
-74.998
-74.963
-75.041
-74.99
-75.037
-75.03
-75.049
-74.966
-74.858
-74.955
-74.885
-74.902
-74.912
-74.952
-74.962
-75.009
-74.996
-74.97
-74.907
-74.875
-74.864
-74.843
-74.765
-74.767
-74.767
-74.688
-74.651
-74.553
-74.485
-74.418
-74.403
-74.485
-74.566
-74.643
-74.635
-74.524
-74.466
-74.467
-74.515
-74.487
-74.472
-74.429
-74.414
-74.352
-74.347
-74.317
-74.304
-74.33
-74.254
-74.314
-74.301
-74.315
-74.289
-74.257
-74.247
-74.236
-74.164
-74.217
-74.212
-74.264
-74.295
-74.271
-74.232
-74.169
-74.134
-74.084
-74.093
-74.136
-74.103
-74.047
-74.053
-74.092
-74.079
-74.119
-74.123
-74.063
-74.083
-74.031
-74.03
-74.041
-74.041
-74.012
-74.012
-74.024
-74.01
-74.012
-74.048
-74.054
-74.033
-74.021
-73.994
-74.05
-73.992
-74.043
-73.988
-74.039
-74.081
-74.1
-74.091
-74.133
-74.085
-74.041
-74.08
-74.057
-73.984
-74.064
-74.004
-73.952
-74.015
-73.986
-73.885
-73.892
-73.88
-73.83
-73.812
-73.737
-73.75
-73.714
-73.745
-73.753
-73.758
-73.79
-73.813
-73.836
-73.809
-73.847
-73.862
-73.828
-73.867
-73.93
-73.936
-73.89
-73.911
-73.8
-73.816
-73.83
-73.91
-73.972
-74.061
-74.08
-74.142
-74.117
-74.151
-74.241
-74.221
-74.222
-74.275
-74.175
-74.248
-74.257
-74.303
-74.286
-74.275
-74.33
-74.278
-74.288
-74.269
-74.284
-74.302
-74.203
-74.187
-74.131
-74.202
-74.185
-74.277
-74.168
-74.122
-74.107
-74.047
-74.081
-74.073
-74.124
-74.117
-74.148
-74.167
-74.198
-74.161
-74.205
-74.299
-74.211
-74.183
-74.275
-74.233
-74.235
-74.247
-74.301
-74.295
-74.253
-74.323
-74.376
-74.486
-74.5
-74.505
-74.503
-74.492
-74.501
-74.462
-74.434
-74.442
-74.317
-74.384
-74.423
-74.446
-74.438
-74.402
-74.345
-74.365
-74.513
-74.496
-74.465
-74.461
-74.477
-74.498
-74.377
-74.39
-74.441
-74.468
-74.458
-74.397
-74.419
-74.522
-74.606
-74.582
-74.616
-74.611
-74.648
-74.666
-74.721
-74.672
-74.671
-74.551
-74.501
-74.494
-74.435
-74.378
-74.402
-74.492
-74.46
-74.42
-74.419
-74.443
-74.458
-74.538
-74.518
-74.499
-74.524
-74.467
-74.471
-74.483
-74.476
-74.467
-74.504
-74.567
-74.548
-74.545
-74.481
-74.486
-74.475
-74.417
-74.439
-74.508
-74.519
-74.519
-74.364
-74.409
-74.44
-74.471
-74.488
-74.572
-74.674
-74.657
-74.752
-74.699
-74.756
-74.74
-74.716
-74.729
-74.711
-74.623
-74.548
-74.655
-74.598
-74.586
-74.622
-74.701
-74.743
-74.777
-74.79
-74.784
-74.823
-74.802
-74.867
-74.878
-74.955
-74.96
-75.038
-75.07
-75.092
-75.01
-74.939
-74.928
-74.944
-74.945
-74.912
-74.893
-74.856
-74.833
-74.842
-74.823
-74.775
-74.728
-74.752
-74.671
-74.695
-74.762
-74.768
-74.871
-74.922
-74.963
-74.954
-75.039
-75.137
-75.194
-75.28
-75.248
-75.327
-75.302
-75.256
-75.263
-75.292
-75.281
-75.267
-75.221
-75.264
-75.151
-75.18
-75.242
-75.358
-75.344
-75.415
-75.462
-75.444
-75.416
-75.422
-75.523
-75.496
-75.518
-75.54
-75.64
-75.592
-75.66
-75.737
-75.679
-75.704
-75.667
-75.732
-75.792
-75.703
-75.67
-75.664
-75.661
-75.617
-75.716
-75.673
-75.614
-75.612
-75.621
-75.67
-75.751
-75.72
-75.805
-75.787
-75.761
-75.721
-75.668
-75.674
-75.698
-75.617
-75.619
-75.75
-75.745
-75.699
-75.701
-75.729
-75.782
-75.805
-75.844
-75.81
-75.855
-75.775
-75.725
-75.756
-75.738
-75.773
-75.774
-75.807
-75.872
-75.855
-75.911
-75.977
-75.983
-76.053
-76.068
-76.138
-76.11
-76.162
-76.201
-76.124
-76.148
-76.151
-76.254
-76.236
-76.23
-76.277
-76.281
-76.327
-76.272
-76.196
-76.18
-76.254
-76.376
-76.346
-76.326
-76.332
-76.375
-76.454
-76.534
-76.458
-76.488
-76.549
-76.507
-76.533
-76.579
-76.645
-76.644
-76.765
-76.821
-76.778
-76.682
-76.702
-76.672
-76.742
-76.698
-76.857
-76.956
-76.917
-76.942
-76.95
-76.929
-76.88
-76.877
-76.909
-76.925
-76.881
-76.981
-77.03
-77.068
-77.119
-77.063
-77.083
-77.005
-77.043
-76.989
-76.97
-76.944
-76.919
-76.837
-76.826
-76.794
-76.834
-76.77
-76.762
-76.78
-76.681
-76.659
-76.566
-76.541
-76.606
-76.571
-76.529
-76.455
-76.415
-76.398
-76.363
-76.281
-76.207
-76.207
-76.104
-76.049
-76.004
-75.983
-76.037
-75.948
-75.919
-75.834
-75.759
-75.664
-75.63
-75.557
-75.412
-75.301
-75.209
-75.164
-75.122
-75.126
-75.184
-75.111
-75.06
-75.056
-75.045
-75.036
-75.017
-74.894
-74.819
-74.776
-74.694
-74.656
-74.638
-74.617
-74.618
-74.547
-74.437
-74.373
-74.318
-74.229
-74.189
-74.121
-74.175
-74.183
-74.173
-74.083
-73.96
-73.959
-73.89
-73.807
-73.705
-73.567
-73.613
-73.536
-73.598
-73.515
-73.38
-73.329
-73.235
-73.183
-73.012
-72.934
-72.888
-72.792
-72.68
-72.577
-72.548
-72.546
-72.512
-72.38
-72.307
-72.343
-72.314
-72.321
-72.273
-72.244
-72.313
-72.242
-72.222
-72.081
-72.055
-72.019
-71.913
-71.817
-71.697
-71.697
-71.585
-71.538
-71.608
-71.513
-71.476
-71.332
-71.257
-71.181
-71.143
-71.154
-71.138
-71.118
-71.005
-70.998
-70.874
-70.79
-70.616
-70.545
-70.597
-70.567
-70.63
-70.489
-70.4
-70.323
-70.284
-70.206
-70.085
-69.998
-69.923
-69.923
-69.922
-69.748
-69.671
-69.572
-69.534
-69.401
-69.36
-69.35
-69.293
-69.337
-69.254
-69.091
-69.109
-69.06
-69.008
-69.002
-68.867
-68.834
-68.734
-68.696
-68.703
-68.655
-68.617
-68.545
-68.537
-68.479
-68.418
-68.346
-68.274
-68.235
-68.087
-68.035
-68.028
-67.955
-67.979
-67.922
-67.918
-67.85
-67.812
-67.75
-67.732
-67.679
-67.636
-67.644
-67.679
-67.685
-67.647
-67.613
-67.522
-67.469
-67.447
-67.462
-67.359
-67.336
-67.288
-67.231
-67.162
-67.115
-67.05
-67.045
-67.037
-67.054
-67.067
-67.034
-67.064
-67.006
-67.004
-66.943
-66.915
-66.907
-66.78
-66.795
-66.747
-66.677
-66.583
-66.647
-66.573
-66.543
-66.495
-66.5
-66.477
-66.543
-66.503
-66.533
-66.57
-66.55
-66.47
-66.408
-66.364
-66.356
-66.299
-66.304
-66.39
-66.304
-66.295
-66.377
-66.31
-66.176
-66.147
-66.113
-66.009
-66.012
-65.913
-65.864
-65.847
-65.847
-65.88
-65.851
-65.804
-65.772
-65.784
-65.801
-65.815
-65.788
-65.751
-65.802
-65.793
-65.776
-65.707
-65.657
-65.62
-65.702
-65.728
-65.674
-65.65
-65.602
-65.501
-65.501
-65.465
-65.328
-65.372
-65.364
-65.325
-65.279
-65.158
-65.162
-65.167
-65.222
-65.203
-65.154
-65.051
-64.959
-65.045
-65.038
-64.996
-65.075
-64.941
-64.928
-64.948
-64.937
-64.948
-64.942
-64.86
-64.823
-64.74
-64.733
-64.703
-64.708
-64.795
-64.745
-64.772
-64.786
-64.715
-64.803
-64.718
-64.72
-64.669
-64.725
-64.706
-64.629
-64.611
-64.526
-64.455
-64.455
-64.36
-64.371
-64.37
-64.322
-64.279
-64.228
-64.233
-64.251
-64.308
-64.229
-64.208
-64.233
-64.234
-64.131
-64.108
-64.095
-64.07
-64.068
-64.028
-64.048
-63.972
-63.938
-63.924
-63.954
-64.03
-64.097
-64.164
-64.222
-64.142
-64.157
-64.13
-64.164
-64.155
-64.169
-64.127
-64.212
-64.185
-64.222
-64.246
-64.28
-64.341
-64.31
-64.353
-64.454
-64.412
-64.378
-64.381
-64.361
-64.425
-64.538
-64.55
-64.561
-64.612
-64.668
-64.697
-64.745
-64.739
-64.753
-64.766
-64.839
-64.903
-64.983
-65.019
-64.988
-64.987
-65.014
-65.018
-65.07
-65.11
-65.105
-65.135
-65.19
-65.219
-65.243
-65.216
-65.28
-65.316
-65.381
-65.362
-65.484
-65.51
-65.5
-65.488
-65.422
-65.446
-65.422
-65.358
-65.305
-65.279
-65.202
-65.186
-65.309
-65.349
-65.409
-65.396
-65.391
-65.424
-65.397
-65.347
-65.374
-65.397
-65.553
-65.518
-65.542
-65.677
-65.69
-65.68
-65.696
-65.598
-65.537
-65.604
-65.581
-65.614
-65.615
-65.602
-65.641
-65.65
-65.698
-65.656
-65.639
-65.739
-65.85
-65.9
-65.906
-65.912
-65.888
-65.921
-65.919
-65.938
-65.954
-65.991
-66.127
-66.072
-66.104
-66.082
-66.048
-66.061
-66.048
-66.044
-66.093
-66.116
-66.142
-66.098
-66.114
-66.044
-66.017
-65.978
-66.038
-66.151
-66.104
-66.022
-65.974
-65.952
-65.965
-66.054
-66.11
-66.083
-66.079
-66.079
-66.054
-66.125
-66.143
-66.139
-66.106
-66.079
-66.1
-66.176
-66.233
-66.218
-66.17
-66.194
-66.154
-66.164
-66.239
-66.338
-66.309
-66.328
-66.404
-66.403
-66.342
-66.359
-66.48
-66.465
-66.47
-66.468
-66.522
-66.608
-66.678
-66.703
-66.727
-66.766
-66.779
-66.786
-66.738
-66.767
-66.845
-66.846
-66.794
-66.82
-66.85
-66.942
-66.944
-66.984
-67.012
-66.954
-66.906
-66.943
-66.956
-67.02
-67.021
-67.084
-67.062
-67.044
-67.106
-67.14
-67.192
-67.286
-67.336
-67.315
-67.414
-67.355
-67.354
-67.364
-67.294
-67.161
-67.129
-67.125
-67.135
-67.096
-67.147
-67.131
-67.121
-67.089
-67.178
-67.162
-67.23
-67.303
-67.266
-67.263
-67.255
-67.332
-67.361
-67.422
-67.452
-67.481
-67.498
-67.43
-67.462
-67.442
-67.546
-67.477
-67.436
-67.428
-67.367
-67.363
-67.387
-67.437
-67.505
-67.576
-67.519
-67.556
-67.55
-67.555
-67.552
-67.553
-67.517
-67.497
-67.576
-67.665
-67.648
-67.594
-67.623
-67.538
-67.581
-67.577
-67.532
-67.435
-67.41
-67.452
-67.456
-67.367
-67.438
-67.564
-67.548
-67.562
-67.576
-67.583
-67.519
-67.514
-67.539
-67.515
-67.507
-67.613
-67.695
-67.646
-67.613
-67.62
-67.656
-67.719
-67.742
-67.638
-67.71
-67.741
-67.757
-67.772
-67.77
-67.713
-67.654
-67.77
-67.731
-67.717
-67.687
-67.735
-67.689
-67.703
-67.678
-67.719
-67.719
-67.775
-67.777
-67.773
-67.693
-67.816
-67.79
-67.894
-67.943
-67.932
-68.021
-68.025
-68.024
-68
-68.014
-67.985
-67.96
-67.825
-67.796
-67.827
-67.771
-67.765
-67.714
-67.767
-67.806
-67.828
-67.87
-67.832
-67.857
-67.809
-67.852
-67.884
-67.964
-68.025
-68.078
-68.069
-68.013
-67.93
-67.883
-67.93
-67.897
-67.9
-67.937
-67.948
-67.952
-68.011
-68.035
-68.041
-68.023
-67.934
-67.905
-67.86
-68.041
-67.998
-67.975
-67.919
-68.036
-68.059
-68.021
-68.004
-68.019
-67.959
-67.949
-68.07
-68.048
-67.956
-67.992
-68.039
-68.123
-68.112
-68.138
-68.195
-68.164
-68.144
-68.203
-68.143
-68.094
-68.144
-68.116
-68.144
-68.099
-68.059
-67.968
-68.027
-68.051
-68.007
-68.046
-68.09
-68.021
-68.069
-68.015
-68.01
-67.972
-67.894
-67.928
-67.809
-67.722
-67.672
-67.599
-67.664
-67.677
-67.716
-67.709
-67.738
-67.723
-67.747
-67.771
-67.721
-67.745
-67.779
-67.69
-67.577
-67.436
-67.291
-67.239
-67.181
-67.267
-67.273
-67.195
-67.182
-67.13
-67.065
-67.015
-66.979
-66.897
-66.808
-66.837
-66.783
-66.628
-66.612
-66.685
-66.623
-66.517
-66.426
-66.311
-66.223
-66.165
-66.099
-65.993
-65.969
-65.873
-65.812
-65.728
-65.652
-65.621
-65.61
-65.541
-65.534
-65.441
-65.423
-65.391
-65.334
-65.272
-65.181
-65.102
-65.023
-65.009
-65.006
-64.952
-64.884
-64.792
-64.738
-64.711
-64.639
-64.686
-64.659
-64.596
-64.54
-64.433
-64.423
-64.334
-64.27
-64.155
-64.235
-64.147
-64.13
-64.039
-64.057
-64.035
-63.994
-63.921
-63.898
-63.903
-63.831
-63.729
-63.638
-63.598
-63.607
-63.491
-63.517
-63.542
-63.491
-63.359
-63.318
-63.314
-63.264
-63.267
-63.253
-63.156
-63.17
-63.142
-63.167
-63.06
-62.967
-62.947
-62.956
-62.945
-62.825
-62.725
-62.749
-62.784
-62.675
-62.694
-62.733
-62.758
-62.738
-62.678
-62.778
-62.779
-62.718
-62.737
-62.726
-62.667
-62.6
-62.517
-62.537
-62.536
-62.392
-62.337
-62.337
-62.357
-62.329
-62.292
-62.292
-62.343
-62.272
-62.185
-62.249
-62.304
-62.311
-62.309
-62.268
-62.249
-62.25
-62.134
-61.966
-61.99
-61.991
-61.943
-61.892
-61.917
-61.823
-61.757
-61.703
-61.679
-61.676
-61.52
-61.547
-61.521
-61.547
-61.527
-61.507
-61.473
-61.425
-61.403
-61.323
-61.346
-61.339
-61.301
-61.281
-61.404
-61.417
-61.342
-61.376
-61.445
-61.574
-61.746
-61.89
-62.138
-62.213
-62.408
-62.675
-62.857
-63.183
-63.519
-63.858
-64.094
-64.481
-64.83
-65.175
-65.484
-65.853
-66.243
-66.694
-66.98
-67.45
-67.725
-68.037
-68.412
-68.747
-69.061
-69.369
-69.586
-69.93
-70.206
-70.433
-70.702
-70.876
-71.174
-71.532
-71.79
-72.065
-72.282
-72.506
-72.717
-72.927
-73.205
-73.456
-73.617
-73.768
-73.879
-74.072
-74.192
-74.387
-74.598
-74.766
-74.88
-75.062
-75.228
-75.352
-75.599
-75.83
-76
-76.11
-76.259
-76.324
-76.456
-76.459
-76.615
-76.77
-76.813
-76.904
-76.976
-77.041
-77.129
-77.204
-77.252
-77.298
-77.343
-77.323
-77.311
-77.404
-77.422
-77.428
-77.496
-77.673
-77.707
-77.753
-77.749
-77.697
-77.717
-77.737
-77.852
-78.033
-78.195
-78.263
-78.26
-78.282
-78.43
-78.448
-78.566
-78.573
-78.672
-78.651
-78.613
-78.597
-78.717
-78.733
-78.708
-78.708
-78.708
-78.722
-78.727
-78.757
-78.799
-78.864
-78.918
-78.867
-78.891
-78.947
-78.987
-79
-79.069
-79.094
-79.119
-79.009
-79.164
-79.215
-79.286
-79.347
-79.303
-79.299
-79.278
-79.347
-79.363
-79.365
-79.325
-79.315
-79.361
-79.4
-79.391
-79.387
-79.413
-79.429
-79.504
-79.45
-79.416
-79.411
-79.253
-79.155
-79.133
-79.16
-79.181
-79.27
-79.244
-79.284
-79.348
-79.394
-79.409
-79.37
-79.303
-79.37
-79.37
-79.418
-79.411
-79.314
-79.247
-79.133
-79.213
-79.251
-79.247
-79.21
-79.212
-79.247
-79.323
-79.253
-79.218
-79.271
-79.246
-79.272
-79.326
-79.363
-79.367
-79.308
-79.357
-79.362
-79.333
-79.332
-79.347
-79.384
-79.411
-79.473
-79.526
-79.6
-79.585
-79.509
-79.405
-79.411
-79.424
-79.369
-79.469
-79.543
-79.629
-79.689
-79.737
-79.715
-79.585
-79.619
-79.754
-79.779
-79.862
-79.97
-79.876
-79.885
-79.832
-79.783
-79.859
-79.979
-80.023
-80.068
-80.09
-80.033
-80.1
-80.138
-80.212
-80.164
-80.203
-80.179
-80.229
-80.275
-80.199
-80.295
-80.302
-80.257
-80.194
-80.105
-80.16
-80.231
-80.21
-80.195
-80.236
-80.184
-80.112
-80.137
-80.118
-80.106
-80.191
-80.185
-80.147
-80.178
-80.104
-80.045
-80.039
-80.025
-79.998
-79.932
-79.972
-79.92
-79.954
-79.902
-79.871
-79.867
-79.801
-79.897
-79.981
-79.924
-79.981
-80.05
-80.027
-80.069
-80.079
-80.162
-80.154
-80.172
-80.109
-80.131
-80.071
-80.046
-80.013
-80.034
-80.03
-80.049
-80.093
-80.068
-80.011
-80.045
-80.009
-80.012
-80.026
-80.009
-80.061
-80.016
-79.921
-79.992
-79.988
-80.011
-79.935
-79.999
-79.982
-80.038
-79.983
-79.953
-79.999
-79.898
-79.902
-79.99
-79.952
-79.964
-79.89
-79.919
-79.856
-79.839
-79.834
-79.77
-79.827
-79.852
-79.836
-79.89
-79.826
-79.888
-79.849
-79.913
-80.007
-79.98
-80.031
-80.046
-80.003
-79.971
-79.902
-79.871
-79.856
-79.819
-79.837
-79.82
-79.88
-79.897
-79.867
-79.864
-79.919
-79.897
-79.839
-79.79
-79.904
-79.852
-79.817
-79.757
-79.82
-79.867
-79.9
-79.902
-79.928
-79.967
-79.888
-79.862
-79.878
-79.874
-79.876
-79.926
-79.993
-79.85
-79.805
-79.829
-79.811
-79.873
-79.895
-79.898
-79.903
-79.843
-79.854
-79.832
-79.909
-79.913
-79.943
-79.838
-79.893
-79.944
-79.9
-79.933
-79.873
-79.756
-79.779
-79.863
-79.855
-79.861
-79.83
-79.866
-79.788
-79.716
-79.669
-79.609
-79.519
-79.599
-79.544
-79.575
-79.626
-79.683
-79.691
-79.722
-79.718
-79.712
-79.691
-79.675
-79.619
-79.554
-79.589
-79.642
-79.701
-79.673
-79.733
-79.76
-79.684
-79.64
-79.735
-79.708
-79.699
-79.66
-79.715
-79.699
-79.735
-79.783
-79.769
-79.777
-79.805
-79.906
-79.878
-79.89
-79.936
-79.92
-79.833
-79.816
-79.803
-79.809
-79.802
-79.805
-79.731
-79.765
-79.785
-79.757
-79.821
-79.825
-79.913
-79.933
-79.905
-79.877
-79.899
-79.755
-79.789
-79.813
-79.828
-79.849
-79.899
-79.897
-79.849
-79.809
-79.833
-79.85
-79.853
-79.824
-79.8
-79.78
-79.815
-79.821
-79.814
-79.749
-79.683
-79.746
-79.752
-79.73
-79.6
-79.616
-79.623
-79.63
-79.643
-79.66
-79.663
-79.602
-79.506
-79.537
-79.499
-79.455
-79.464
-79.48
-79.395
-79.297
-79.394
-79.384
-79.375
-79.447
-79.416
-79.486
-79.533
-79.541
-79.457
-79.449
-79.499
-79.528
-79.577
-79.498
-79.506
-79.488
-79.475
-79.442
-79.384
-79.353
-79.338
-79.435
-79.491
-79.405
-79.479
-79.453
-79.453
-79.51
-79.577
-79.555
-79.496
-79.517
-79.445
-79.377
-79.339
-79.369
-79.427
-79.46
-79.416
-79.405
-79.484
-79.343
-79.313
-79.205
-79.192
-79.262
-79.176
-79.157
-79.11
-79.045
-79.095
-78.999
-78.991
-78.916
-78.931
-78.907
-78.911
-78.818
-78.823
-78.786
-78.709
-78.645
-78.582
-78.566
-78.542
-78.604
-78.592
-78.579
-78.61
-78.612
-78.541
-78.562
-78.456
-78.436
-78.521
-78.542
-78.597
-78.633
-78.6
-78.638
-78.566
-78.626
-78.711
-78.685
-78.655
-78.662
-78.536
-78.511
-78.531
-78.57
-78.556
-78.485
-78.505
-78.43
-78.493
-78.562
-78.532
-78.539
-78.51
-78.38
-78.35
-78.42
-78.387
-78.361
-78.319
-78.249
-78.16
-78.022
-78.017
-78.023
-77.956
-77.912
-77.898
-77.823
-77.796
-77.801
-77.774
-77.872
-77.853
-77.79
-77.816
-77.774
-77.749
-77.722
-77.697
-77.756
-77.773
-77.695
-77.675
-77.769
-77.797
-77.755
-77.812
-77.836
-77.865
-77.861
-77.87
-77.906
-77.88
-77.857
-77.824
-77.827
-77.735
-77.748
-77.697
-77.681
-77.647
-77.608
-77.534
-77.483
-77.443
-77.372
-77.352
-77.349
-77.355
-77.483
-77.381
-77.381
-77.317
-77.266
-77.252
-77.192
-77.19
-77.194
-77.187
-77.186
-77.142
-77.106
-77.088
-77.104
-77.06
-77.002
-76.938
-77.016
-76.967
-76.972
-77.002
-76.959
-76.905
-76.898
-76.875
-76.917
-76.799
-76.818
-76.761
-76.727
-76.676
-76.66
-76.665
-76.636
-76.623
-76.634
-76.587
-76.525
-76.502
-76.493
-76.453
-76.428
-76.376
-76.362
-76.32
-76.257
-76.13
-76.146
-76.131
-76.132
-76.057
-76.086
-76.104
-76.065
-76.06
-76.052
-76.095
-76.135
-76.163
-76.195
-76.288
-76.285
-76.283
-76.273
-76.26
-76.264
-76.254
-76.292
-76.373
-76.391
-76.422
-76.415
-76.324
-76.36
-76.393
-76.43
-76.387
-76.436
-76.459
-76.591
-76.666
-76.658
-76.785
-76.76
-76.744
-76.798
-76.739
-76.754
-76.871
-76.981
-76.996
-76.999
-76.999
-77.065
-77.096
-77.097
-77.18
-77.22
-77.249
-77.229
-77.346
-77.417
-77.523
-77.545
-77.542
-77.583
-77.697
-77.772
-77.844
-77.82
-77.878
-77.936
-77.995
-78.009
-77.962
-78.085
-78.003
-78.05
-78.054
-78.103
-78.17
-78.2
-78.226
-78.336
-78.274
-78.34
-78.468
-78.532
-78.554
-78.625
-78.603
-78.632
-78.587
-78.628
-78.594
-78.567
-78.568
-78.583
-78.663
-78.666
-78.691
-78.702
-78.864
-78.872
-78.798
-78.876
-78.933
-78.988
-79.015
-78.979
-79.007
-79.072
-79.145
-79.076
-79.14
-79.155
-79.136
-79.105
-78.989
-78.994
-79.068
-79.069
-79.068
-79.134
-79.191
-79.219
-79.114
-79.027
-78.961
-78.856
-78.915
-78.905
-78.885
-78.926
-78.932
-79.007
-78.967
-78.948
-78.955
-78.885
-78.97
-78.995
-78.978
-79.028
-79.06
-79.045
-79.076
-79.077
-79.039
-79.101
-79.148
-79.112
-79.213
-79.173
-79.095
-79.128
-79.125
-79.141
-79.136
-79.128
-79.157
-79.121
-79.171
-79.215
-79.345
-79.336
-79.245
-79.171
-79.23
-79.263
-79.291
-79.27
-79.233
-79.201
-79.246
-79.218
-79.297
-79.214
-79.158
-79.173
-79.219
-79.268
-79.232
-79.19
-79.155
-79.167
-79.195
-79.186
-79.14
-79.13
-79.111
-79.11
-79.083
-79.123
-79.215
-79.205
-79.255
-79.205
-79.246
-79.284
-79.331
-79.236
-79.235
-79.306
-79.358
-79.346
-79.219
-79.314
-79.314
-79.365
-79.294
-79.228
-79.239
-79.228
-79.284
-79.266
-79.301
-79.279
-79.237
-79.27
-79.339
-79.354
-79.348
-79.318
-79.29
-79.249
-79.301
-79.282
-79.267
-79.27
-79.363
-79.398
-79.429
-79.465
-79.516
-79.468
-79.43
-79.363
-79.317
-79.362
-79.323
-79.266
-79.256
-79.162
-79.107
-79.104
-79.088
-79.02
-79.036
-78.972
-78.912
-78.797
-78.804
-78.695
-78.556
-78.454
-78.388
-78.311
-78.233
-78.138
-78.11
-78.08
-77.993
-77.96
-77.855
-77.785
-77.857
-77.831
-77.841
-77.739
-77.755
-77.629
-77.597
-77.601
-77.664
-77.698
-77.713
-77.606
-77.493
-77.525
-77.452
-77.376
-77.321
-77.274
-77.243
-77.139
-77.103
-77.056
-76.995
-76.985
-76.94
-76.946
-76.985
-77.067
-77.11
-77.119
-77.133
-77.147
-77.122
-77.051
-77.006
-76.93
-76.94
-76.907
-76.971
-76.914
-76.91
-76.928
-76.865
-76.857
-76.762
-76.743
-76.728
-76.764
-76.716
-76.624
-76.597
-76.538
-76.578
-76.491
-76.466
-76.485
-76.47
-76.383
-76.304
-76.274
-76.353
-76.337
-76.38
-76.41
-76.463
-76.39
-76.351
-76.281
-76.182
-76.166
-76.21
-76.183
-76.12
-76.125
-76.156
-76.175
-76.111
-76.056
-75.978
-76.036
-76.1
-76.101
-76.114
-76.141
-76.127
-76.094
-76.164
-76.06
-76.021
-76.009
-76.003
-76.014
-76.002
-75.955
-75.868
-75.975
-75.985
-76.013
-76.054
-76.015
-76.08
-76.054
-76.075
-76.09
-76.007
-76.093
-76.094
-76.103
-76.182
-76.151
-76.191
-76.119
-76.132
-76.138
-76.178
-76.113
-76.122
-76.126
-76.11
-76.141
-76.164
-76.094
-76.117
-76.07
-76.052
-76.088
-76.063
-76.088
-76.115
-76.059
-76.036
-75.977
-76.008
-75.999
-75.947
-75.981
-76.037
-76.086
-76.042
-76.098
-76.049
-76.122
-76.161
-76.222
-76.204
-76.17
-76.214
-76.224
-76.2
-76.079
-76.017
-76.012
-76.022
-76.055
-76.035
-75.98
-76.007
-76.057
-75.965
-75.968
-76.01
-75.947
-75.934
-75.969
-75.963
-75.993
-76.07
-76.032
-76.092
-76.112
-76.152
-76.157
-76.184
-76.17
-76.213
-76.264
-76.341
-76.369
-76.331
-76.394
-76.36
-76.391
-76.513
-76.518
-76.555
-76.524
-76.554
-76.567
-76.568
-76.531
-76.628
-76.567
-76.554
-76.525
-76.599
-76.621
-76.633
-76.67
-76.637
-76.677
-76.7
-76.701
-76.698
-76.579
-76.573
-76.554
-76.629
-76.632
-76.634
-76.522
-76.579
-76.532
-76.605
-76.601
-76.597
-76.591
-76.566
-76.572
-76.491
-76.51
-76.472
-76.455
-76.443
-76.502
-76.466
-76.514
-76.531
-76.524
-76.604
-76.615
-76.702
-76.785
-76.779
-76.769
-76.796
-76.801
-76.705
-76.739
-76.654
-76.632
-76.632
-76.654
-76.649
-76.601
-76.713
-76.727
-76.736
-76.675
-76.704
-76.697
-76.533
-76.666
-76.641
-76.621
-76.655
-76.807
-76.841
-76.84
-76.841
-76.776
-76.793
-76.856
-76.924
-76.887
-76.86
-76.809
-76.777
-76.746
-76.671
-76.741
-76.721
-76.722
-76.764
-76.737
-76.764
-76.663
-76.75
-76.791
-76.758
-76.791
-76.791
-76.852
-76.897
-76.905
-76.952
-76.968
-76.897
-76.9
-76.947
-77.012
-76.979
-76.945
-76.883
-76.852
-76.848
-76.827
-76.804
-76.762
-76.769
-76.877
-76.875
-76.954
-76.88
-76.919
-76.879
-76.789
-76.749
-76.847
-76.866
-76.951
-76.925
-76.909
-76.997
-76.893
-76.881
-76.854
-76.914
-76.894
-76.933
-76.925
-76.938
-76.937
-76.818
-76.782
-76.781
-76.772
-76.849
-76.869
-76.794
-76.758
-76.793
-76.875
-76.881
-76.95
-76.957
-76.946
-77
-76.926
-77.039
-77.072
-77.123
-77.105
-77.044
-77.057
-77.15
-77.123
-77.223
-77.335
-77.389
-77.411
-77.493
-77.41
-77.511
-77.443
-77.429
-77.424
-77.372
-77.376
-77.362
-77.39
-77.4
-77.473
-77.449
-77.412
-77.493
-77.558
-77.539
-77.557
-77.544
-77.578
-77.7
-77.726
-77.821
-77.839
-77.839
-77.869
-77.784
-77.92
-77.882
-77.846
-77.9
-77.936
-77.905
-77.916
-77.913
-77.88
-77.867
-77.84
-77.884
-77.836
-77.823
-77.751
-77.737
-77.681
-77.717
-77.669
-77.638
-77.583
-77.521
-77.562
-77.534
-77.454
-77.543
-77.59
-77.702
-77.666
-77.686
-77.691
-77.665
-77.635
-77.676
-77.594
-77.606
-77.652
-77.586
-77.571
-77.504
-77.534
-77.52
-77.453
-77.444
-77.507
-77.526
-77.476
-77.356
-77.368
-77.387
-77.428
-77.445
-77.457
-77.521
-77.547
-77.613
-77.576
-77.542
-77.577
-77.616
-77.646
-77.671
-77.566
-77.576
-77.494
-77.582
-77.531
-77.48
-77.545
-77.469
-77.477
-77.498
-77.389
-77.413
-77.399
-77.37
-77.408
-77.389
-77.352
-77.382
-77.438
-77.506
-77.427
-77.459
-77.548
-77.525
-77.556
-77.529
-77.472
-77.436
-77.388
-77.327
-77.38
-77.287
-77.205
-77.154
-77.177
-77.173
-77.156
-77.103
-77.05
-77.056
-77.015
-77.027
-76.998
-76.98
-76.881
-77.009
-76.908
-76.895
-76.792
-76.843
-76.8
-76.861
-76.814
-76.896
-76.906
-76.874
-76.828
-76.834
-76.824
-76.788
-76.755
-76.74
-76.824
-76.768
-76.672
-76.668
-76.676
-76.602
-76.534
-76.508
-76.517
-76.488
-76.437
-76.406
-76.401
-76.376
-76.324
-76.312
-76.348
-76.446
-76.353
-76.34
-76.326
-76.365
-76.28
-76.211
-76.14
-76.048
-76.063
-76.106
-76.072
-76.117
-76.07
-76.084
-76.042
-76.117
-76.174
-76.24
-76.187
-76.197
-76.195
-76.193
-76.137
-76.117
-76.149
-76.118
-76.114
-76.003
-75.998
-75.924
-75.966
-75.839
-75.932
-75.97
-76.085
-75.997
-75.923
-75.902
-75.893
-75.85
-75.721
-75.701
-75.797
-75.82
-75.76
-75.722
-75.743
-75.717
-75.732
-75.722
-75.774
-75.705
-75.803
-75.801
-75.812
-75.869
-75.9
-75.925
-75.946
-76.072
-76.117
-76.181
-76.205
-76.181
-76.116
-76.019
-76.035
-76.04
-76.104
-76.166
-76.171
-76.166
-76.083
-76.07
-76.095
-76.131
-76.15
-76.122
-76.223
-76.252
-76.185
-76.218
-76.292
-76.288
-76.241
-76.26
-76.228
-76.26
-76.368
-76.297
-76.296
-76.28
-76.273
-76.352
-76.373
-76.329
-76.387
-76.304
-76.301
-76.28
-76.314
-76.323
-76.362
-76.327
-76.356
-76.318
-76.314
-76.283
-76.22
-76.245
-76.283
-76.25
-76.294
-76.335
-76.35
-76.294
-76.216
-76.267
-76.286
-76.241
-76.142
-76.125
-76.208
-76.141
-76.114
-76.131
-76.131
-76.129
-76.12
-76.088
-76.106
-76.028
-76.029
-76.007
-75.999
-76.029
-75.989
-76.036
-76.045
-75.988
-75.931
-75.893
-75.759
-75.663
-75.62
-75.633
-75.516
-75.489
-75.44
-75.31
-75.239
-75.136
-75.095
-75.006
-74.931
-74.844
-74.851
-74.852
-74.804
-74.758
-74.827
-74.834
-74.805
-74.737
-74.742
-74.725
-74.617
-74.691
-74.735
-74.629
-74.58
-74.612
-74.622
-74.544
-74.526
-74.511
-74.59
-74.609
-74.526
-74.5
-74.5
-74.493
-74.406
-74.427
-74.497
-74.519
-74.527
-74.603
-74.547
-74.584
-74.581
-74.546
-74.462
-74.497
-74.567
-74.674
-74.677
-74.679
-74.679
-74.766
-74.727
-74.781
-74.768
-74.825
-74.81
-74.833
-74.867
-74.921
-74.968
-74.96
-75.022
-74.981
-75.029
-75.015
-74.963
-74.969
-74.933
-74.877
-74.971
-74.981
-75.003
-75.064
-75.148
-75.154
-75.069
-75.09
-75.068
-75.142
-75.167
-75.124
-75.09
-75.013
-75.042
-75.025
-75.032
-75.009
-74.928
-75.068
-75.127
-75.149
-75.075
-75.101
-75.027
-74.952
-74.926
-74.938
-74.882
-74.877
-74.85
-74.809
-74.844
-74.91
-74.924
-74.94
-74.961
-75.053
-75.06
-75.081
-75.032
-75.074
-75.159
-75.137
-75.054
-75.083
-75.179
-75.173
-75.167
-75.204
-75.223
-75.215
-75.099
-75.174
-75.205
-75.237
-75.199
-75.199
-75.271
-75.253
-75.275
-75.334
-75.3
-75.271
-75.381
-75.364
-75.325
-75.358
-75.326
-75.343
-75.307
-75.383
-75.408
-75.287
-75.336
-75.272
-75.184
-75.21
-75.137
-75.111
-75.034
-75.039
-74.983
-74.998
-75.01
-74.987
-75.011
-75.031
-75.102
-75.117
-75.124
-75.076
-75.048
-75.035
-75.05
-75.078
-75.105
-75.119
-75.218
-75.192
-75.194
-75.317
-75.272
-75.274
-75.314
-75.34
-75.355
-75.366
-75.417
-75.391
-75.407
-75.414
-75.423
-75.41
-75.452
-75.436
-75.491
-75.534
-75.517
-75.602
-75.685
-75.672
-75.705
-75.659
-75.662
-75.661
-75.7
-75.713
-75.683
-75.599
-75.58
-75.664
-75.666
-75.725
-75.667
-75.726
-75.831
-75.939
-75.977
-75.982
-76.058
-76.02
-76.032
-76.079
-76.155
-76.156
-76.096
-76.084
-76.086
-76.085
-76.126
-76.124
-76.175
-76.147
-76.122
-76.185
-76.188
-76.195
-76.19
-76.2
-76.235
-76.261
-76.201
-76.225
-76.174
-76.209
-76.282
-76.251
-76.281
-76.278
-76.351
-76.385
-76.408
-76.423
-76.364
-76.393
-76.377
-76.318
-76.241
-76.25
-76.319
-76.263
-76.254
-76.193
-76.246
-76.314
-76.375
-76.442
-76.464
-76.46
-76.462
-76.485
-76.533
-76.535
-76.478
-76.528
-76.478
-76.551
-76.684
-76.65
-76.579
-76.564
-76.487
-76.55
-76.647
-76.702
-76.653
-76.633
-76.683
-76.694
-76.705
-76.73
-76.83
-76.779
-76.751
-76.795
-76.834
-76.851
-76.81
-76.909
-76.943
-76.995
-76.959
-76.987
-77.026
-77.086
-77.156
-77.193
-77.224
-77.296
-77.247
-77.292
-77.27
-77.268
-77.271
-77.266
-77.128
-77.044
-77.016
-76.971
-76.959
-76.962
-76.926
-76.992
-77.017
-77.011
-76.991
-77.042
-77.049
-77.091
-77.178
-77.218
-77.248
-77.31
-77.378
-77.405
-77.533
-77.535
-77.47
-77.511
-77.572
-77.558
-77.575
-77.593
-77.59
-77.646
-77.702
-77.665
-77.732
-77.731
-77.753
-77.754
-77.717
-77.665
-77.717
-77.726
-77.727
-77.735
-77.714
-77.693
-77.671
-77.63
-77.597
-77.571
-77.549
-77.6
-77.646
-77.608
-77.635
-77.612
-77.626
-77.576
-77.613
-77.541
-77.48
-77.315
-77.267
-77.23
-77.228
-77.239
-77.374
-77.331
-77.265
-77.22
-77.195
-77.247
-77.252
-77.317
-77.356
-77.396
-77.353
-77.372
-77.44
-77.345
-77.351
-77.297
-77.274
-77.28
-77.225
-77.171
-77.239
-77.169
-77.183
-77.241
-77.216
-77.179
-77.253
-77.321
-77.311
-77.239
-77.346
-77.298
-77.347
-77.332
-77.269
-77.303
-77.355
-77.261
-77.324
-77.315
-77.424
-77.423
-77.368
-77.397
-77.285
-77.332
-77.316
-77.289
-77.272
-77.326
-77.297
-77.253
-77.184
-77.184
-77.199
-77.133
-77.122
-77.177
-77.178
-77.113
-77.164
-77.117
-77.22
-77.231
-77.286
-77.337
-77.389
-77.422
-77.465
-77.564
-77.598
-77.665
-77.647
-77.725
-77.736
-77.741
-77.684
-77.665
-77.668
-77.649
-77.677
-77.623
-77.609
-77.657
-77.743
-77.815
-77.85
-77.855
-77.908
-77.892
-77.935
-77.911
-77.933
-77.877
-77.866
-77.872
-77.86
-77.923
-77.826
-77.873
-77.849
-77.813
-77.851
-77.808
-77.86
-77.865
-77.838
-77.82
-77.843
-77.829
-77.841
-77.884
-77.91
-77.921
-77.976
-77.992
-78.017
-78.027
-78.028
-78.117
-78.068
-78.02
-78.067
-78.11
-78.179
-78.144
-78.167
-78.105
-78.163
-78.251
-78.203
-78.283
-78.239
-78.131
-78.103
-78.051
-78.127
-78.14
-78.191
-78.212
-78.257
-78.289
-78.299
-78.294
-78.312
-78.398
-78.372
-78.478
-78.5
-78.517
-78.455
-78.544
-78.547
-78.538
-78.514
-78.467
-78.46
-78.43
-78.459
-78.421
-78.371
-78.371
-78.365
-78.401
-78.36
-78.346
-78.399
-78.449
-78.377
-78.421
-78.388
-78.417
-78.366
-78.412
-78.433
-78.482
-78.589
-78.571
-78.627
-78.682
-78.666
-78.562
-78.566
-78.641
-78.63
-78.71
-78.675
-78.598
-78.616
-78.61
-78.671
-78.605
-78.603
-78.58
-78.537
-78.518
-78.54
-78.513
-78.442
-78.454
-78.482
-78.524
-78.477
-78.526
-78.578
-78.589
-78.611
-78.601
-78.568
-78.502
-78.543
-78.495
-78.543
-78.528
-78.5
-78.512
-78.501
-78.498
-78.572
-78.607
-78.597
-78.607
-78.48
-78.477
-78.543
-78.637
-78.642
-78.572
-78.575
-78.534
-78.504
-78.578
-78.59
-78.599
-78.685
-78.802
-78.835
-78.737
-78.696
-78.723
-78.782
-78.742
-78.819
-78.932
-78.873
-78.809
-78.823
-78.828
-78.881
-78.778
-78.846
-78.872
-78.82
-78.884
-78.881
-78.834
-78.786
-78.792
-78.834
-78.868
-78.854
-78.887
-78.91
-79.007
-78.998
-78.992
-79.009
-79.042
-79.069
-79.094
-79.055
-79.054
-79.103
-79.071
-79.086
-79.039
-79.172
-79.225
-79.256
-79.222
-79.184
-79.202
-79.362
-79.347
-79.282
-79.316
-79.345
-79.31
-79.26
-79.275
-79.304
-79.287
-79.305
-79.211
-79.202
-79.139
-79.095
-79.12
-79.106
-78.992
-78.957
-78.853
-78.929
-78.87
-78.786
-78.813
-78.857
-78.835
-78.783
-78.82
-78.754
-78.639
-78.648
-78.631
-78.719
-78.63
-78.593
-78.487
-78.478
-78.522
-78.592
-78.518
-78.524
-78.612
-78.664
-78.742
-78.763
-78.699
-78.617
-78.55
-78.423
-78.305
-78.286
-78.304
-78.247
-78.408
-78.331
-78.28
-78.298
-78.324
-78.269
-78.244
-78.237
-78.283
-78.217
-78.159
-78.173
-78.162
-78.247
-78.204
-78.141
-78.106
-78.116
-78.115
-78.109
-77.983
-78.035
-78.022
-78.032
-78.152
-78.125
-78.145
-78.198
-78.11
-78.112
-78.113
-78.13
-78.106
-78.178
-78.247
-78.26
-78.149
-78.223
-78.169
-78.119
-78.15
-78.161
-78.135
-78.123
-78.183
-78.237
-78.231
-78.23
-78.29
-78.38
-78.326
-78.284
-78.265
-78.242
-78.236
-78.334
-78.393
-78.39
-78.366
-78.384
-78.411
-78.467
-78.467
-78.396
-78.388
-78.357
-78.391
-78.462
-78.487
-78.432
-78.455
-78.413
-78.393
-78.399
-78.344
-78.316
-78.317
-78.317
-78.416
-78.495
-78.502
-78.469
-78.375
-78.41
-78.359
-78.387
-78.423
-78.308
-78.343
-78.406
-78.411
-78.487
-78.55
-78.521
-78.423
-78.387
-78.399
-78.431
-78.545
-78.445
-78.496
-78.467
-78.501
-78.534
-78.531
-78.583
-78.594
-78.582
-78.654
-78.589
-78.593
-78.673
-78.535
-78.545
-78.583
-78.598
-78.665
-78.617
-78.548
-78.562
-78.625
-78.69
-78.703
-78.772
-78.757
-78.701
-78.708
-78.804
-78.82
-78.806
-78.861
-78.898
-78.867
-78.917
-78.947
-78.97
-78.822
-78.814
-78.784
-78.826
-78.846
-78.831
-78.853
-78.781
-78.761
-78.707
-78.689
-78.663
-78.672
-78.608
-78.599
-78.648
-78.587
-78.587
-78.6
-78.657
-78.794
-78.847
-78.827
-78.854
-78.754
-78.795
-78.773
-78.712
-78.699
-78.661
-78.67
-78.699
-78.71
-78.672
-78.61
-78.654
-78.738
-78.647
-78.553
-78.505
-78.542
-78.618
-78.637
-78.619
-78.571
-78.563
-78.568
-78.582
-78.546
-78.579
-78.555
-78.564
-78.503
-78.485
-78.487
-78.394
-78.445
-78.413
-78.439
-78.525
-78.466
-78.473
-78.439
-78.421
-78.436
-78.471
-78.471
-78.51
-78.506
-78.48
-78.481
-78.555
-78.561
-78.634
-78.586
-78.621
-78.666
-78.678
-78.717
-78.74
-78.674
-78.763
-78.804
-78.759
-78.83
-78.781
-78.732
-78.744
-78.764
-78.756
-78.77
-78.721
-78.648
-78.649
-78.683
-78.721
-78.64
-78.577
-78.497
-78.409
-78.423
-78.379
-78.358
-78.458
-78.355
-78.28
-78.273
-78.293
-78.329
-78.379
-78.416
-78.475
-78.424
-78.463
-78.383
-78.348
-78.372
-78.345
-78.395
-78.346
-78.295
-78.335
-78.288
-78.228
-78.271
-78.233
-78.214
-78.147
-78.102
-78.103
-78.104
-78.179
-78.204
-78.275
-78.275
-78.365
-78.322
-78.377
-78.407
-78.44
-78.439
-78.327
-78.303
-78.143
-78.245
-78.209
-78.177
-78.11
-78.141
-78.201
-78.248
-78.201
-78.227
-78.268
-78.282
-78.318
-78.303
-78.288
-78.36
-78.375
-78.226
-78.225
-78.249
-78.21
-78.194
-78.203
-78.178
-78.209
-78.187
-78.223
-78.164
-78.134
-78.079
-78.182
-78.196
-78.257
-78.25
-78.214
-78.288
-78.347
-78.372
-78.349
-78.393
-78.418
-78.524
-78.643
-78.54
-78.522
-78.525
-78.462
-78.381
-78.418
-78.494
-78.446
-78.502
-78.466
-78.507
-78.632
-78.676
-78.725
-78.668
-78.602
-78.535
-78.56
-78.529
-78.532
-78.552
-78.601
-78.694
-78.759
-78.668
-78.628
-78.617
-78.612
-78.633
-78.65
-78.611
-78.574
-78.515
-78.52
-78.528
-78.469
-78.43
-78.42
-78.403
-78.385
-78.434
-78.402
-78.427
-78.462
-78.433
-78.413
-78.346
-78.323
-78.405
-78.423
-78.498
-78.454
-78.411
-78.42
-78.435
-78.389
-78.521
-78.647
-78.737
-78.835
-78.784
-78.84
-78.824
-78.911
-78.969
-78.951
-79.024
-79.074
-79.113
-79.131
-79.117
-79.09
-79.12
-79.084
-79.045
-78.99
-79.018
-79.016
-79.071
-79.08
-79.062
-79.021
-78.984
-78.956
-78.887
-78.909
-78.901
-78.96
-78.945
-79.012
-79.043
-79.076
-79.129
-79.125
-79.075
-79.07
-79.093
-79.041
-79.059
-79.012
-79.007
-79.031
-78.928
-78.918
-78.879
-78.848
-78.845
-78.818
-78.886
-78.849
-78.832
-78.826
-78.829
-78.817
-78.815
-78.856
-78.83
-78.858
-78.766
-78.815
-78.867
-78.788
-78.793
-78.727
-78.777
-78.762
-78.709
-78.734
-78.7
-78.709
-78.697
-78.758
-78.817
-78.804
-78.843
-78.888
-78.906
-78.843
-78.874
-78.866
-78.853
-78.869
-78.876
-78.859
-78.9
-78.767
-78.789
-78.851
-78.886
-78.957
-78.941
-78.981
-78.986
-78.931
-78.999
-79.025
-79.057
-79.021
-79.013
-79.07
-79.075
-79.019
-79.042
-78.945
-79.08
-79.116
-79.126
-79.23
-79.215
-79.252
-79.213
-79.236
-79.285
-79.251
-79.295
-79.233
-79.153
-79.191
-79.302
-79.258
-79.196
-79.15
-79.187
-79.258
-79.328
-79.403
-79.35
-79.357
-79.313
-79.337
-79.299
-79.245
-79.285
-79.213
-79.258
-79.232
-79.265
-79.209
-79.184
-79.217
-79.169
-79.155
-79.112
-79.095
-78.996
-78.93
-78.869
-78.872
-78.892
-78.959
-78.978
-78.917
-78.865
-78.84
-78.865
-78.793
-78.772
-78.802
-78.767
-78.752
-78.727
-78.792
-78.76
-78.793
-78.831
-78.839
-78.831
-78.896
-78.936
-78.931
-78.932
-78.987
-79.034
-79.039
-79.016
-79.055
-79.058
-79.053
-79.026
-79.096
-79.108
-79.149
-79.164
-79.153
-79.228
-79.18
-79.158
-79.172
-79.24
-79.341
-79.404
-79.417
-79.449
-79.39
-79.412
-79.467
-79.508
-79.443
-79.481
-79.429
-79.472
-79.476
-79.497
-79.543
-79.531
-79.546
-79.608
-79.616
-79.691
-79.569
-79.501
-79.506
-79.565
-79.519
-79.488
-79.464
-79.447
-79.504
-79.418
-79.444
-79.459
-79.45
-79.488
-79.438
-79.437
-79.477
-79.422
-79.365
-79.22
-79.286
-79.331
-79.379
-79.378
-79.419
-79.498
-79.474
-79.443
-79.496
-79.48
-79.446
-79.545
-79.574
-79.598
-79.631
-79.675
-79.583
-79.661
-79.643
-79.608
-79.597
-79.607
-79.55
-79.508
-79.58
-79.531
-79.476
-79.4
-79.448
-79.393
-79.399
-79.352
-79.438
-79.459
-79.432
-79.463
-79.368
-79.337
-79.328
-79.318
-79.327
-79.287
-79.425
-79.444
-79.457
-79.519
-79.49
-79.509
-79.607
-79.549
-79.601
-79.623
-79.627
-79.596
-79.592
-79.48
-79.402
-79.405
-79.351
-79.33
-79.372
-79.281
-79.332
-79.367
-79.459
-79.371
-79.397
-79.321
-79.356
-79.361
-79.35
-79.402
-79.392
-79.379
-79.253
-79.263
-79.316
-79.394
-79.405
-79.383
-79.421
-79.488
-79.368
-79.356
-79.36
-79.45
-79.427
-79.367
-79.363
-79.291
-79.352
-79.345
-79.422
-79.42
-79.452
-79.418
-79.445
-79.485
-79.592
-79.686
-79.732
-79.729
-79.718
-79.716
-79.663
-79.647
-79.686
-79.674
-79.593
-79.535
-79.581
-79.607
-79.579
-79.505
-79.557
-79.555
-79.562
-79.505
-79.438
-79.455
-79.445
-79.471
-79.533
-79.585
-79.556
-79.582
-79.599
-79.622
-79.634
-79.741
-79.806
-79.684
-79.705
-79.707
-79.728
-79.747
-79.739
-79.782
-79.689
-79.686
-79.642
-79.644
-79.569
-79.51
-79.515
-79.452
-79.42
-79.437
-79.46
-79.359
-79.315
-79.297
-79.375
-79.387
-79.338
-79.376
-79.391
-79.449
-79.464
-79.448
-79.581
-79.525
-79.56
-79.621
-79.582
-79.587
-79.623
-79.561
-79.576
-79.548
-79.5
-79.494
-79.498
-79.473
-79.396
-79.446
-79.525
-79.458
-79.565
-79.575
-79.569
-79.652
-79.804
-79.803
-79.734
-79.73
-79.733
-79.774
-79.81
-79.877
-79.965
-79.873
-79.91
-79.899
-79.895
-79.901
-79.863
-79.909
-79.953
-79.836
-79.81
-79.848
-79.85
-79.809
-79.754
-79.811
-79.858
-79.939
-79.9
-79.82
-79.808
-79.818
-79.792
-79.749
-79.775
-79.906
-79.988
-79.924
-79.827
-79.732
-79.746
-79.709
-79.677
-79.653
-79.67
-79.699
-79.766
-79.723
-79.65
-79.727
-79.662
-79.68
-79.682
-79.596
-79.647
-79.66
-79.726
-79.836
-79.952
-80
-79.919
-79.943
-79.931
-79.899
-79.819
-79.793
-79.763
-79.779
-79.701
-79.795
-79.737
-79.729
-79.786
-79.834
-79.826
-79.856
-79.921
-79.857
-79.873
-79.876
-79.843
-79.846
-79.884
-79.922
-79.942
-79.988
-80.001
-80.003
-80.035
-80.115
-80.112
-80.161
-80.135
-80.208
-80.134
-80.037
-80.05
-80.112
-80.121
-80.135
-80.153
-80.076
-80.153
-80.081
-80.079
-80.093
-80.142
-80.107
-80.081
-80.08
-80.059
-80.068
-80.142
-80.107
-79.996
-80.065
-80.024
-80.036
-79.991
-80.065
-80.062
-80.07
-80.1
-80.098
-80.067
-80.11
-80.089
-80.15
-80.167
-80.157
-80.103
-80.16
-80.043
-79.956
-79.917
-79.851
-79.753
-79.783
-79.714
-79.69
-79.662
-79.716
-79.772
-79.754
-79.802
-79.796
-79.847
-79.859
-79.889
-79.836
-79.828
-79.937
-79.959
-79.941
-79.876
-79.924
-79.955
-79.875
-79.89
-79.938
-79.946
-79.989
-79.931
-80.025
-80.047
-79.978
-79.961
-80.038
-80.06
-80.072
-80.133
-80.178
-80.122
-80.147
-80.152
-80.137
-80.171
-80.12
-80.157
-80.209
-80.175
-80.23
-80.239
-80.312
-80.306
-80.292
-80.328
-80.335
-80.264
-80.197
-80.106
-80.059
-80.154
-80.195
-80.28
-80.292
-80.228
-80.171
-80.197
-80.193
-80.184
-80.151
-80.182
-80.196
-80.078
-80.041
-80.047
-80.09
-80.163
-80.047
-80.005
-80.028
-80.031
-80.02
-80.084
-80.102
-80.06
-80.053
-79.987
-79.939
-79.941
-79.912
-79.975
-79.991
-79.933
-79.983
-79.861
-79.898
-79.849
-79.816
-79.76
-79.701
-79.737
-79.66
-79.487
-79.44
-79.424
-79.378
-79.407
-79.353
-79.26
-79.246
-79.327
-79.271
-79.215
-79.198
-79.165
-79.205
-79.164
-79.114
-79.079
-79.039
-78.944
-78.882
-78.925
-78.811
-78.888
-78.802
-78.759
-78.699
-78.686
-78.616
-78.582
-78.526
-78.534
-78.576
-78.563
-78.521
-78.573
-78.513
-78.494
-78.491
-78.492
-78.494
-78.525
-78.452
-78.538
-78.711
-78.717
-78.701
-78.723
-78.75
-78.722
-78.738
-78.727
-78.708
-78.664
-78.675
-78.56
-78.637
-78.705
-78.584
-78.582
-78.528
-78.493
-78.621
-78.673
-78.636
-78.65
-78.618
-78.57
-78.492
-78.409
-78.417
-78.454
-78.379
-78.317
-78.357
-78.398
-78.355
-78.366
-78.282
-78.224
-78.263
-78.217
-78.234
-78.222
-78.198
-78.157
-78.163
-78.144
-78.147
-78.219
-78.202
-78.094
-78.147
-78.054
-78.027
-77.993
-77.987
-78.038
-78.083
-78.134
-78.081
-77.968
-77.976
-77.98
-77.978
-78.027
-78.062
-78.044
-78.035
-78.05
-78.002
-78.032
-78.109
-78.125
-78.089
-78.084
-78.177
-78.202
-78.185
-78.21
-78.189
-78.256
-78.356
-78.419
-78.406
-78.433
-78.402
-78.387
-78.395
-78.394
-78.422
-78.466
-78.499
-78.489
-78.502
-78.48
-78.471
-78.376
-78.397
-78.446
-78.527
-78.433
-78.438
-78.401
-78.442
-78.405
-78.502
-78.483
-78.399
-78.475
-78.521
-78.575
-78.574
-78.647
-78.611
-78.659
-78.727
-78.666
-78.648
-78.596
-78.618
-78.602
-78.605
-78.672
-78.617
-78.594
-78.585
-78.593
-78.575
-78.507
-78.541
-78.487
-78.512
-78.519
-78.563
-78.459
-78.486
-78.438
-78.482
-78.485
-78.57
-78.523
-78.472
-78.442
-78.539
-78.591
-78.601
-78.666
-78.687
-78.687
-78.685
-78.64
-78.645
-78.724
-78.692
-78.659
-78.584
-78.623
-78.639
-78.63
-78.702
-78.689
-78.684
-78.662
-78.589
-78.565
-78.647
-78.704
-78.761
-78.817
-78.843
-78.895
-78.972
-79.027
-79.008
-79.092
-79.137
-79.13
-79.202
-79.198
-79.267
-79.228
-79.207
-79.331
-79.313
-79.328
-79.223
-79.16
-79.133
-79.167
-79.127
-79.186
-79.197
-79.224
-79.273
-79.306
-79.288
-79.369
-79.385
-79.456
-79.388
-79.403
-79.333
-79.401
-79.354
-79.393
-79.368
-79.376
-79.385
-79.3
-79.187
-79.093
-79.103
-79.07
-79.13
-79.14
-79.102
-79.103
-79.024
-79.086
-79.142
-79.223
-79.255
-79.263
-79.129
-79.132
-79.214
-79.253
-79.226
-79.257
-79.277
-79.362
-79.31
-79.255
-79.13
-79.176
-79.189
-79.132
-79.056
-79.064
-79.027
-79.083
-79.026
-79.124
-79.15
-79.219
-79.201
-79.258
-79.199
-79.127
-79.128
-79.143
-79.152
-79.119
-79.011
-78.928
-78.964
-79.083
-79.014
-78.937
-78.933
-79.071
-78.999
-78.993
-78.994
-79.086
-79.078
-78.986
-78.964
-78.964
-79.055
-79.094
-79.106
-79.114
-79.058
-79.081
-79.041
-78.919
-78.946
-78.955
-78.903
-78.838
-78.918
-78.907
-78.886
-78.969
-78.94
-78.937
-78.935
-78.899
-78.96
-78.943
-78.974
-79.001
-79.037
-79.037
-79.162
-79.094
-79.15
-79.176
-79.238
-79.259
-79.205
-79.199
-79.25
-79.323
-79.344
-79.252
-79.317
-79.213
-79.208
-79.203
-79.218
-79.194
-79.199
-79.247
-79.324
-79.238
-79.245
-79.201
-79.262
-79.27
-79.356
-79.346
-79.286
-79.348
-79.451
-79.365
-79.347
-79.38
-79.465
-79.426
-79.414
-79.434
-79.381
-79.534
-79.481
-79.506
-79.535
-79.512
-79.483
-79.488
-79.488
-79.463
-79.469
-79.436
-79.4
-79.373
-79.369
-79.4
-79.267
-79.36
-79.332
-79.393
-79.375
-79.407
-79.467
-79.454
-79.389
-79.285
-79.286
-79.272
-79.229
-79.128
-79.034
-79.053
-79.157
-79.151
-79.141
-79.152
-79.214
-79.22
-79.256
-79.309
-79.346
-79.312
-79.284
-79.225
-79.09
-79.094
-79.101
-79.031
-78.993
-79.001
-78.984
-78.984
-79.011
-79.044
-79.068
-79.088
-79.11
-79.057
-79.077
-78.993
-79.017
-78.957
-78.928
-78.993
-78.976
-78.966
-78.994
-79.006
-78.981
-78.998
-79.026
-79.083
-79.099
-79.12
-79.156
-79.148
-79.257
-79.363
-79.331
-79.291
-79.282
-79.257
-79.241
-79.212
-79.255
-79.335
-79.291
-79.35
-79.324
-79.249
-79.33
-79.301
-79.349
-79.47
-79.506
-79.535
-79.569
-79.546
-79.567
-79.514
-79.487
-79.505
-79.523
-79.472
-79.508
-79.511
-79.588
-79.588
-79.672
-79.64
-79.548
-79.548
-79.59
-79.592
-79.614
-79.589
-79.624
-79.625
-79.598
-79.586
-79.505
-79.66
-79.741
-79.699
-79.672
-79.679
-79.678
-79.619
-79.593
-79.718
-79.801
-79.748
-79.746
-79.691
-79.688
-79.681
-79.652
-79.639
-79.65
-79.643
-79.592
-79.554
-79.572
-79.568
-79.517
-79.524
-79.509
-79.479
-79.489
-79.479
-79.485
-79.444
-79.512
-79.464
-79.507
-79.435
-79.578
-79.632
-79.648
-79.599
-79.48
-79.476
-79.503
-79.407
-79.346
-79.274
-79.257
-79.161
-79.138
-79.162
-79.222
-79.279
-79.265
-79.174
-79.136
-79.191
-79.241
-79.198
-79.187
-79.26
-79.225
-79.284
-79.33
-79.393
-79.441
-79.289
-79.339
-79.425
-79.473
-79.51
-79.504
-79.562
-79.574
-79.601
-79.692
-79.689
-79.627
-79.697
-79.744
-79.916
-79.925
-79.923
-79.911
-79.966
-79.941
-79.859
-79.883
-79.901
-79.902
-79.977
-80.06
-79.975
-79.972
-79.934
-79.91
-79.912
-79.895
-79.969
-79.846
-79.825
-79.792
-79.796
-79.717
-79.707
-79.743
-79.751
-79.772
-79.774
-79.827
-79.737
-79.664
-79.565
-79.578
-79.676
-79.77
-79.711
-79.751
-79.716
-79.801
-79.821
-79.913
-79.85
-79.855
-79.811
-79.811
-79.871
-79.898
-79.928
-79.936
-79.929
-80.064
-80.03
-80.128
-80.162
-80.146
-80.209
-80.142
-80.113
-80.194
-80.225
-80.19
-80.138
-80.066
-80.076
-80.082
-80.163
-80.21
-80.261
-80.216
-80.146
-80.117
-80.062
-80.044
-80.039
-80.047
-79.972
-80.023
-80.07
-80.046
-80.015
-80.04
-80
-79.931
-80.025
-79.982
-79.99
-79.874
-79.759
-79.768
-79.829
-79.776
-79.838
-79.854
-79.787
-79.663
-79.585
-79.51
-79.528
-79.436
-79.471
-79.486
-79.495
-79.566
-79.538
-79.476
-79.471
-79.548
-79.529
-79.502
-79.583
-79.554
-79.464
-79.458
-79.483
-79.509
-79.471
-79.408
-79.446
-79.454
-79.431
-79.444
-79.445
-79.431
-79.576
-79.527
-79.435
-79.391
-79.439
-79.35
-79.322
-79.385
-79.287
-79.291
-79.412
-79.403
-79.481
-79.41
-79.385
-79.373
-79.267
-79.243
-79.205
-79.204
-79.183
-79.284
-79.287
-79.266
-79.254
-79.216
-79.241
-79.249
-79.157
-79.106
-79.086
-79.146
-79.102
-79.112
-79.248
-79.197
-79.183
-79.246
-79.276
-79.461
-79.593
-79.51
-79.533
-79.492
-79.48
-79.441
-79.442
-79.432
-79.518
-79.502
-79.463
-79.524
-79.495
-79.547
-79.619
-79.61
-79.589
-79.648
-79.641
-79.651
-79.598
-79.605
-79.614
-79.642
-79.639
-79.667
-79.631
-79.635
-79.618
-79.572
-79.587
-79.599
-79.551
-79.506
-79.564
-79.445
-79.436
-79.394
-79.423
-79.496
-79.558
-79.675
-79.58
-79.509
-79.486
-79.529
-79.518
-79.469
-79.403
-79.419
-79.406
-79.348
-79.415
-79.445
-79.415
-79.392
-79.37
-79.283
-79.35
-79.32
-79.344
-79.418
-79.341
-79.443
-79.493
-79.602
-79.622
-79.621
-79.67
-79.732
-79.682
-79.715
-79.711
-79.644
-79.65
-79.625
-79.572
-79.534
-79.512
-79.448
-79.365
-79.359
-79.369
-79.534
-79.469
-79.494
-79.496
-79.413
-79.413
-79.421
-79.418
-79.463
-79.369
-79.389
-79.345
-79.353
-79.259
-79.193
-79.206
-79.224
-79.272
-79.296
-79.204
-79.278
-79.296
-79.328
-79.323
-79.338
-79.312
-79.302
-79.299
-79.316
-79.325
-79.238
-79.242
-79.345
-79.306
-79.267
-79.187
-79.279
-79.3
-79.257
-79.36
-79.357
-79.366
-79.403
-79.426
-79.388
-79.426
-79.408
-79.455
-79.48
-79.478
-79.513
-79.548
-79.537
-79.503
-79.564
-79.503
-79.498
-79.615
-79.63
-79.62
-79.598
-79.599
-79.5
-79.459
-79.47
-79.394
-79.426
-79.436
-79.426
-79.39
-79.381
-79.382
-79.338
-79.312
-79.278
-79.179
-79.3
-79.339
-79.41
-79.4
-79.309
-79.288
-79.344
-79.377
-79.321
-79.29
-79.283
-79.321
-79.146
-79.101
-79.061
-78.986
-78.994
-78.844
-78.793
-78.868
-78.899
-78.815
-78.758
-78.692
-78.663
-78.594
-78.574
-78.565
-78.528
-78.583
-78.627
-78.584
-78.501
-78.418
-78.468
-78.43
-78.436
-78.45
-78.534
-78.43
-78.468
-78.409
-78.32
-78.268
-78.251
-78.201
-78.179
-78.246
-78.307
-78.129
-78.105
-78.034
-78.029
-77.947
-77.98
-77.966
-77.992
-78.011
-78.038
-77.998
-77.998
-77.917
-77.888
-77.947
-78.052
-77.904
-77.889
-77.814
-77.846
-77.844
-77.802
-77.813
-77.69
-77.645
-77.558
-77.549
-77.563
-77.476
-77.451
-77.352
-77.363
-77.412
-77.49
-77.513
-77.51
-77.535
-77.546
-77.574
-77.525
-77.49
-77.434
-77.397
-77.321
-77.244
-77.237
-77.143
-77.101
-77.01
-77.013
-76.972
-76.945
-76.89
-76.848
-76.754
-76.803
-76.752
-76.672
-76.603
-76.603
-76.589
-76.6
-76.608
-76.648
-76.628
-76.561
-76.639
-76.578
-76.641
-76.702
-76.745
-76.778
-76.777
-76.757
-76.752
-76.725
-76.74
-76.833
-76.801
-76.766
-76.741
-76.719
-76.744
-76.699
-76.685
-76.73
-76.708
-76.804
-76.811
-76.716
-76.664
-76.585
-76.63
-76.551
-76.586
-76.571
-76.479
-76.47
-76.44
-76.477
-76.525
-76.511
-76.365
-76.374
-76.333
-76.264
-76.228
-76.225
-76.209
-76.249
-76.207
-76.244
-76.321
-76.293
-76.36
-76.386
-76.406
-76.43
-76.525
-76.538
-76.632
-76.552
-76.405
-76.435
-76.458
-76.497
-76.655
-76.696
-76.634
-76.691
-76.69
-76.7
-76.668
-76.688
-76.701
-76.789
-76.789
-76.745
-76.745
-76.746
-76.764
-76.837
-76.896
-76.948
-76.926
-76.986
-76.96
-76.928
-76.888
-76.87
-76.843
-76.889
-76.832
-76.849
-76.86
-76.785
-76.743
-76.76
-76.858
-76.884
-76.758
-76.85
-76.823
-76.784
-76.816
-76.807
-76.873
-76.808
-76.796
-76.783
-76.769
-76.779
-76.729
-76.696
-76.683
-76.702
-76.675
-76.654
-76.65
-76.697
-76.713
-76.729
-76.697
-76.637
-76.698
-76.691
-76.696
-76.733
-76.68
-76.609
-76.616
-76.718
-76.787
-76.777
-76.779
-76.82
-76.862
-76.844
-76.807
-76.799
-76.764
-76.793
-76.894
-76.782
-76.807
-76.853
-76.939
-76.972
-76.892
-76.874
-76.97
-76.961
-76.923
-76.899
-76.867
-76.892
-76.855
-76.875
-76.81
-76.74
-76.826
-76.867
-76.904
-76.865
-76.841
-76.834
-76.91
-76.832
-76.775
-76.806
-76.848
-76.797
-76.848
-76.907
-76.977
-77.025
-77.025
-76.974
-76.918
-76.998
-77.034
-76.968
-76.914
-76.904
-76.861
-76.885
-76.841
-76.823
-76.865
-76.745
-76.823
-76.815
-76.81
-76.933
-76.922
-76.798
-76.781
-76.734
-76.759
-76.795
-76.799
-76.76
-76.792
-76.839
-76.825
-76.748
-76.78
-76.725
-76.705
-76.744
-76.716
-76.777
-76.774
-76.829
-76.793
-76.93
-76.939
-77.036
-77.007
-77.04
-76.977
-77.04
-77.044
-77.005
-76.97
-76.91
-76.899
-76.807
-76.913
-76.893
-76.897
-76.865
-76.907
-76.9
-77.026
-76.987
-76.976
-77.047
-77.09
-77.074
-77.039
-77.058
-77.057
-77.05
-76.937
-76.93
-76.876
-76.876
-76.904
-76.88
-76.787
-76.716
-76.724
-76.756
-76.624
-76.694
-76.742
-76.814
-76.959
-76.93
-76.959
-76.98
-77.035
-76.979
-76.98
-76.97
-76.932
-77.061
-77.088
-77.036
-77.045
-77.035
-77.042
-77.065
-77.042
-77.147
-77.149
-77.178
-77.129
-77.104
-77.121
-77.099
-77.132
-77.182
-77.136
-77.037
-77.005
-77.048
-77.076
-76.985
-76.945
-77.06
-77.127
-77.163
-77.121
-77.085
-77.119
-77.101
-77.151
-77.166
-77.128
-77.187
-77.214
-77.211
-77.23
-77.239
-77.206
-77.168
-77.185
-77.275
-77.258
-77.195
-77.244
-77.213
-77.187
-77.27
-77.331
-77.33
-77.3
-77.326
-77.272
-77.34
-77.409
-77.413
-77.477
-77.44
-77.436
-77.455
-77.491
-77.54
-77.596
-77.576
-77.565
-77.488
-77.469
-77.492
-77.532
-77.498
-77.514
-77.481
-77.469
-77.514
-77.456
-77.426
-77.505
-77.566
-77.683
-77.718
-77.716
-77.676
-77.714
-77.756
-77.725
-77.727
-77.747
-77.71
-77.772
-77.822
-77.789
-77.853
-77.817
-77.869
-77.853
-77.875
-77.871
-77.972
-77.945
-77.899
-77.813
-77.856
-77.918
-77.877
-77.835
-77.918
-77.9
-77.875
-77.862
-77.851
-77.819
-77.746
-77.673
-77.709
-77.657
-77.728
-77.637
-77.619
-77.566
-77.566
-77.574
-77.613
-77.591
-77.61
-77.615
-77.604
-77.597
-77.682
-77.546
-77.568
-77.653
-77.634
-77.689
-77.742
-77.735
-77.675
-77.747
-77.771
-77.844
-77.871
-77.837
-77.757
-77.807
-77.887
-77.917
-77.958
-77.868
-77.922
-77.953
-77.955
-77.969
-77.999
-78.039
-78.043
-78.046
-78.06
-78.024
-78.032
-78.136
-78.172
-78.079
-78.111
-78.089
-78.052
-78.138
-78.085
-78.075
-78.133
-78.253
-78.296
-78.353
-78.327
-78.353
-78.457
-78.392
-78.456
-78.442
-78.497
-78.505
-78.467
-78.484
-78.554
-78.537
-78.443
-78.427
-78.425
-78.421
-78.413
-78.478
-78.461
-78.543
-78.604
-78.619
-78.638
-78.661
-78.674
-78.746
-78.807
-78.685
-78.692
-78.682
-78.722
-78.756
-78.784
-78.75
-78.75
-78.79
-78.748
-78.69
-78.704
-78.741
-78.679
-78.632
-78.766
-78.771
-78.801
-78.754
-78.858
-78.947
-78.9
-78.875
-78.761
-78.798
-78.897
-78.915
-78.843
-78.906
-78.896
-78.939
-78.993
-79.036
-79.017
-78.975
-79.043
-79.084
-79.013
-79.138
-79.214
-79.144
-79.223
-79.209
-79.321
-79.313
-79.349
-79.29
-79.355
-79.374
-79.412
-79.476
-79.54
-79.44
-79.413
-79.442
-79.375
-79.365
-79.367
-79.37
-79.385
-79.402
-79.396
-79.315
-79.274
-79.306
-79.377
-79.314
-79.264
-79.247
-79.166
-79.173
-79.13
-79.157
-79.134
-79.065
-79.01
-78.954
-79.045
-79.088
-79.101
-79.038
-79.071
-78.988
-79.085
-79.099
-79.127
-79.155
-79.257
-79.265
-79.338
-79.346
-79.371
-79.367
-79.386
-79.355
-79.33
-79.246
-79.299
-79.343
-79.418
-79.344
-79.395
-79.364
-79.397
-79.381
-79.426
-79.467
-79.459
-79.464
-79.372
-79.367
-79.387
-79.47
-79.496
-79.437
-79.397
-79.497
-79.495
-79.536
-79.598
-79.571
-79.671
-79.561
-79.479
-79.491
-79.4
-79.423
-79.436
-79.401
-79.451
-79.528
-79.485
-79.405
-79.364
-79.368
-79.428
-79.457
-79.515
-79.514
-79.529
-79.522
-79.494
-79.443
-79.478
-79.448
-79.417
-79.352
-79.287
-79.33
-79.325
-79.332
-79.33
-79.292
-79.283
-79.28
-79.331
-79.421
-79.444
-79.389
-79.373
-79.396
-79.409
-79.44
-79.43
-79.448
-79.497
-79.484
-79.445
-79.383
-79.323
-79.357
-79.391
-79.343
-79.388
-79.441
-79.379
-79.416
-79.397
-79.387
-79.402
-79.361
-79.351
-79.362
-79.4
-79.39
-79.388
-79.279
-79.348
-79.344
-79.34
-79.335
-79.385
-79.316
-79.241
-79.304
-79.247
-79.291
-79.375
-79.347
-79.303
-79.242
-79.312
-79.387
-79.385
-79.422
-79.494
-79.418
-79.453
-79.491
-79.426
-79.316
-79.375
-79.347
-79.389
-79.434
-79.485
-79.492
-79.621
-79.597
-79.543
-79.671
-79.629
-79.627
-79.56
-79.541
-79.507
-79.385
-79.435
-79.407
-79.558
-79.562
-79.546
-79.556
-79.552
-79.632
-79.582
-79.601
-79.617
-79.646
-79.588
-79.574
-79.566
-79.517
-79.483
-79.476
-79.426
-79.417
-79.413
-79.363
-79.374
-79.383
-79.358
-79.396
-79.327
-79.304
-79.409
-79.532
-79.551
-79.57
-79.557
-79.55
-79.514
-79.458
-79.48
-79.469
-79.444
-79.314
-79.144
-79.087
-79.031
-79.055
-79.009
-79.112
-79.157
-79.2
-79.119
-79.124
-79.095
-79.216
-79.225
-79.306
-79.307
-79.304
-79.237
-79.24
-79.242
-79.148
-79.254
-79.287
-79.274
-79.321
-79.298
-79.331
-79.264
-79.206
-79.156
-79.163
-79.096
-79.064
-79.047
-78.948
-78.94
-78.849
-78.797
-78.777
-78.704
-78.666
-78.652
-78.659
-78.66
-78.606
-78.613
-78.567
-78.536
-78.482
-78.404
-78.42
-78.413
-78.487
-78.449
-78.476
-78.508
-78.503
-78.496
-78.574
-78.531
-78.427
-78.451
-78.429
-78.43
-78.356
-78.251
-78.251
-78.152
-78.172
-78.17
-78.12
-78.089
-78.059
-78.075
-78.088
-78.052
-78.045
-77.995
-78.034
-78.045
-77.993
-78.005
-78.025
-78.012
-77.948
-77.964
-77.99
-78.073
-78.06
-78.127
-78.159
-78.161
-78.143
-78.165
-78.154
-78.193
-78.254
-78.268
-78.356
-78.346
-78.321
-78.37
-78.451
-78.476
-78.457
-78.425
-78.401
-78.385
-78.312
-78.373
-78.394
-78.373
-78.393
-78.325
-78.303
-78.344
-78.29
-78.249
-78.252
-78.356
-78.307
-78.431
-78.496
-78.439
-78.546
-78.519
-78.478
-78.412
-78.368
-78.351
-78.324
-78.365
-78.343
-78.345
-78.305
-78.308
-78.291
-78.262
-78.331
-78.294
-78.254
-78.133
-78.182
-78.208
-78.231
-78.263
-78.368
-78.309
-78.321
-78.322
-78.379
-78.476
-78.44
-78.367
-78.369
-78.359
-78.408
-78.41
-78.395
-78.386
-78.36
-78.402
-78.392
-78.343
-78.321
-78.373
-78.406
-78.314
-78.365
-78.422
-78.46
-78.501
-78.483
-78.501
-78.545
-78.499
-78.386
-78.542
-78.477
-78.518
-78.478
-78.443
-78.409
-78.412
-78.426
-78.469
-78.453
-78.367
-78.398
-78.335
-78.312
-78.372
-78.392
-78.412
-78.486
-78.461
-78.492
-78.489
-78.512
-78.492
-78.515
-78.485
-78.533
-78.558
-78.471
-78.478
-78.503
-78.534
-78.591
-78.526
-78.41
-78.489
-78.423
-78.456
-78.416
-78.468
-78.36
-78.362
-78.296
-78.351
-78.388
-78.358
-78.348
-78.283
-78.267
-78.191
-78.219
-78.173
-78.198
-78.169
-78.224
-78.275
-78.261
-78.287
-78.365
-78.395
-78.443
-78.465
-78.391
-78.344
-78.298
-78.254
-78.301
-78.184
-78.185
-78.175
-78.199
-78.14
-78.136
-78.088
-78.095
-78.027
-78.03
-78.108
-78.251
-78.221
-78.21
-78.184
-78.173
-78.198
-78.186
-78.245
-78.306
-78.259
-78.191
-78.16
-78.119
-78.03
-78.141
-78.092
-78.116
-78.11
-78.114
-78.213
-78.185
-78.117
-78.187
-78.245
-78.317
-78.336
-78.402
-78.385
-78.288
-78.234
-78.227
-78.257
-78.26
-78.206
-78.137
-78.234
-78.306
-78.333
-78.292
-78.395
-78.293
-78.288
-78.282
-78.251
-78.18
-78.147
-78.155
-78.198
-78.229
-78.197
-78.239
-78.258
-78.322
-78.329
-78.339
-78.29
-78.249
-78.258
-78.323
-78.288
-78.161
-78.215
-78.267
-78.355
-78.324
-78.373
-78.338
-78.351
-78.282
-78.184
-78.192
-78.235
-78.214
-78.185
-78.264
-78.306
-78.287
-78.239
-78.166
-78.151
-78.182
-78.242
-78.245
-78.31
-78.304
-78.273
-78.225
-78.228
-78.166
-78.202
-78.166
-78.133
-78.105
-78.15
-78.18
-78.164
-78.082
-78.078
-78.03
-77.999
-78.134
-78.129
-78.096
-78.116
-78.308
-78.278
-78.31
-78.306
-78.296
-78.365
-78.379
-78.419
-78.36
-78.356
-78.248
-78.296
-78.23
-78.282
-78.32
-78.271
-78.388
-78.364
-78.509
-78.503
-78.483
-78.504
-78.445
-78.535
-78.535
-78.57
-78.511
-78.465
-78.512
-78.58
-78.545
-78.643
-78.725
-78.799
-78.772
-78.777
-78.727
-78.689
-78.654
-78.615
-78.613
-78.599
-78.566
-78.521
-78.47
-78.424
-78.36
-78.343
-78.266
-78.228
-78.356
-78.391
-78.413
-78.274
-78.339
-78.444
-78.442
-78.548
-78.441
-78.454
-78.426
-78.404
-78.338
-78.372
-78.376
-78.379
-78.448
-78.512
-78.548
-78.583
-78.585
-78.525
-78.63
-78.661
-78.643
-78.636
-78.665
-78.69
-78.655
-78.792
-78.803
-78.814
-78.774
-78.658
-78.697
-78.686
-78.693
-78.655
-78.723
-78.692
-78.632
-78.624
-78.629
-78.678
-78.685
-78.726
-78.722
-78.71
-78.74
-78.725
-78.747
-78.814
-78.77
-78.786
-78.762
-78.637
-78.645
-78.628
-78.614
-78.546
-78.525
-78.555
-78.534
-78.559
-78.508
-78.584
-78.642
-78.62
-78.59
-78.59
-78.55
-78.653
-78.568
-78.615
-78.657
-78.73
-78.714
-78.625
-78.671
-78.635
-78.695
-78.664
-78.693
-78.707
-78.658
-78.729
-78.79
-78.743
-78.729
-78.783
-78.764
-78.778
-78.742
-78.702
-78.643
-78.702
-78.677
-78.786
-78.81
-78.855
-78.899
-78.938
-79.025
-79.068
-79.011
-78.91
-78.927
-78.864
-78.894
-78.922
-78.955
-79.058
-79.089
-79.163
-79.273
-79.259
-79.289
-79.225
-79.164
-79.157
-79.195
-79.241
-79.231
-79.243
-79.2
-79.259
-79.264
-79.206
-79.206
-79.229
-79.159
-79.15
-79.135
-79.216
-79.223
-79.215
-79.137
-79.069
-79.142
-79.081
-78.976
-78.972
-78.952
-79.037
-79.022
-79.016
-78.95
-78.948
-79
-79.022
-79.023
-78.992
-79.05
-79.044
-78.95
-79.029
-78.978
-79.053
-79.052
-79.147
-79.258
-79.203
-79.21
-79.247
-79.162
-79.092
-79.098
-79.156
-79.123
-79.067
-79.004
-78.962
-79.036
-79.085
-79.024
-79.052
-79.035
-79.027
-78.962
-78.929
-78.863
-78.881
-78.917
-78.891
-78.984
-79.001
-79.013
-79.1
-79.102
-79.222
-79.162
-79.132
-79.162
-79.109
-79.092
-79.101
-79.023
-78.966
-78.981
-78.974
-78.924
-78.952
-78.956
-79.015
-78.982
-78.941
-78.957
-78.982
-79.051
-79.069
-79.06
-79.043
-79.091
-79.074
-79.154
-79.085
-79.041
-79.068
-79.005
-78.972
-78.996
-79.038
-79.069
-79.124
-79.138
-79.237
-79.238
-79.233
-79.252
-79.157
-79.211
-79.227
-79.205
-79.122
-79.1
-79.113
-79.088
-79.041
-79.024
-79.059
-79.103
-79.156
-79.179
-79.18
-79.264
-79.243
-79.165
-79.075
-79.152
-79.221
-79.24
-79.293
-79.32
-79.27
-79.282
-79.38
-79.42
-79.428
-79.431
-79.405
-79.419
-79.415
-79.506
-79.491
-79.451
-79.496
-79.42
-79.469
-79.384
-79.359
-79.441
-79.43
-79.506
-79.532
-79.539
-79.552
-79.539
-79.492
-79.545
-79.517
-79.44
-79.396
-79.3
-79.285
-79.295
-79.385
-79.445
-79.417
-79.429
-79.393
-79.364
-79.436
-79.489
-79.61
-79.547
-79.5
-79.561
-79.646
-79.595
-79.614
-79.6
-79.532
-79.543
-79.544
-79.458
-79.575
-79.48
-79.472
-79.503
-79.515
-79.461
-79.529
-79.527
-79.4
-79.41
-79.412
-79.489
-79.546
-79.588
-79.594
-79.499
-79.454
-79.486
-79.545
-79.608
-79.582
-79.65
-79.679
-79.637
-79.568
-79.618
-79.682
-79.672
-79.568
-79.568
-79.616
-79.682
-79.733
-79.722
-79.764
-79.69
-79.605
-79.557
-79.58
-79.582
-79.588
-79.579
-79.514
-79.537
-79.485
-79.455
-79.404
-79.345
-79.351
-79.385
-79.416
-79.419
-79.333
-79.399
-79.431
-79.488
-79.499
-79.461
-79.441
-79.423
-79.437
-79.363
-79.355
-79.449
-79.448
-79.431
-79.565
-79.579
-79.473
-79.518
-79.519
-79.579
-79.61
-79.629
-79.61
-79.541
-79.497
-79.498
-79.522
-79.485
-79.439
-79.355
-79.421
-79.456
-79.341
-79.284
-79.303
-79.349
-79.303
-79.324
-79.398
-79.358
-79.357
-79.423
-79.424
-79.465
-79.47
-79.408
-79.422
-79.374
-79.346
-79.402
-79.452
-79.445
-79.458
-79.501
-79.61
-79.599
-79.656
-79.73
-79.691
-79.625
-79.656
-79.557
-79.5
-79.408
-79.488
-79.484
-79.463
-79.47
-79.472
-79.495
-79.365
-79.377
-79.432
-79.421
-79.418
-79.4
-79.448
-79.495
-79.533
-79.452
-79.424
-79.384
-79.368
-79.454
-79.497
-79.413
-79.472
-79.509
-79.607
-79.667
-79.666
-79.567
-79.652
-79.68
-79.624
-79.581
-79.556
-79.521
-79.585
-79.52
-79.525
-79.6
-79.589
-79.625
-79.626
-79.643
-79.618
-79.619
-79.629
-79.625
-79.619
-79.693
-79.631
-79.636
-79.683
-79.773
-79.684
-79.751
-79.744
-79.744
-79.687
-79.709
-79.733
-79.767
-79.807
-79.735
-79.786
-79.759
-79.755
-79.782
-79.898
-79.9
-79.981
-79.93
-80.038
-80.122
-80.099
-80.156
-80.136
-80.119
-80.148
-80.131
-80.204
-80.192
-80.253
-80.252
-80.149
-80.039
-80.048
-80.053
-80.094
-80.173
-80.097
-79.995
-80.025
-80.07
-80.101
-80.151
-80.129
-80.077
-80.185
-80.174
-80.155
-80.179
-80.16
-80.081
-80.033
-80.04
-79.975
-79.955
-80.071
-80.179
-80.214
-80.237
-80.243
-80.32
-80.294
-80.231
-80.246
-80.262
-80.287
-80.392
-80.377
-80.362
-80.277
-80.338
-80.339
-80.332
-80.422
-80.396
-80.307
-80.303
-80.295
-80.269
-80.274
-80.204
-80.145
-80.093
-80.047
-80.022
-80.052
-80.076
-80.119
-80.1
-80.084
-80.086
-80.042
-79.989
-80.003
-79.968
-79.91
-79.929
-80.016
-80.033
-80.061
-80.078
-80.084
-80.01
-79.93
-79.957
-79.976
-80.033
-80.117
-80.109
-80.103
-80.003
-79.98
-80.031
-79.925
-79.814
-79.861
-79.904
-79.907
-79.944
-79.989
-79.964
-79.969
-79.93
-79.99
-79.994
-80.045
-80.09
-80.051
-80.114
-80.166
-80.157
-80.147
-80.005
-79.938
-79.985
-79.965
-79.988
-79.897
-79.912
-79.896
-79.971
-80.037
-80.116
-80.111
-80.095
-80.16
-80.244
-80.211
-80.215
-80.268
-80.26
-80.265
-80.224
-80.121
-80.091
-80.102
-80.072
-80.142
-80.114
-79.959
-79.936
-79.94
-79.965
-79.969
-80.051
-80.052
-80.067
-80.089
-80.106
-80.059
-80.082
-80.111
-80.052
-80.096
-80.15
-80.141
-80.212
-80.204
-80.198
-80.229
-80.218
-80.261
-80.282
-80.343
-80.322
-80.258
-80.333
-80.265
-80.284
-80.334
-80.353
-80.396
-80.336
-80.349
-80.284
-80.263
-80.261
-80.198
-80.1
-80.084
-80.202
-80.217
-80.233
-80.242
-80.347
-80.335
-80.378
-80.379
-80.411
-80.366
-80.345
-80.333
-80.31
-80.367
-80.389
-80.343
-80.32
-80.25
-80.269
-80.316
-80.285
-80.268
-80.284
-80.248
-80.169
-80.232
-80.238
-80.255
-80.28
-80.222
-80.287
-80.28
-80.277
-80.268
-80.227
-80.16
-80.175
-80.22
-80.231
-80.318
-80.311
-80.18
-80.203
-80.115
-80.177
-80.11
-80.061
-80.076
-80.072
-80.018
-80.059
-80.158
-80.092
-80.128
-80.15
-80.088
-80.12
-80.119
-80.033
-80.088
-80.081
-80.119
-80.144
-80.124
-80.121
-80.166
-80.157
-80.098
-80.103
-80.015
-80.031
-79.969
-79.997
-79.996
-80.032
-80.062
-80.011
-80.044
-80.085
-80.069
-80.101
-80.043
-80.159
-80.196
-80.19
-80.218
-80.274
-80.319
-80.255
-80.174
-80.198
-80.175
-80.146
-80.083
-80.158
-80.207
-80.211
-80.261
-80.239
-80.191
-80.194
-80.165
-80.128
-80.084
-80.093
-80.147
-80.15
-80.101
-80.07
-80.024
-79.927
-80.005
-80.031
-80.034
-79.975
-79.992
-80.061
-80.085
-80.163
-80.153
-80.105
-80.03
-80.029
-80.068
-80.115
-80.102
-80.109
-80.154
-80.058
-80.041
-79.971
-79.879
-79.878
-79.859
-79.856
-79.78
-79.792
-79.824
-79.9
-79.744
-79.686
-79.655
-79.64
-79.666
-79.67
-79.681
-79.636
-79.632
-79.61
-79.69
-79.738
-79.828
-79.78
-79.862
-79.896
-79.887
-79.872
-79.839
-79.881
-79.916
-79.927
-79.885
-79.803
-79.851
-79.908
-79.977
-80.028
-80.136
-80.1
-80.166
-80.19
-80.284
-80.423
-80.511
-80.448
-80.388
-80.444
-80.383
-80.571
-80.621
-80.577
-80.531
-80.536
-80.478
-80.402
-80.445
-80.435
-80.441
-80.39
-80.357
-80.332
-80.297
-80.34
-80.289
-80.295
-80.303
-80.314
-80.27
-80.226
-80.132
-80.097
-80.021
-80.072
-80.135
-80.089
-80.11
-80.062
-79.906
-79.812
-79.836
-79.876
-79.872
-79.839
-79.786
-79.712
-79.853
-79.84
-79.95
-80.003
-80.054
-80.022
-80.029
-79.989
-79.943
-79.829
-79.805
-79.829
-79.926
-79.796
-79.904
-79.956
-79.828
-79.833
-79.86
-79.843
-79.851
-79.774
-79.698
-79.696
-79.692
-79.745
-79.781
-79.737
-79.762
-79.692
-79.685
-79.616
-79.593
-79.648
-79.552
-79.618
-79.634
-79.628
-79.616
-79.468
-79.485
-79.378
-79.366
-79.394
-79.353
-79.322
-79.33
-79.303
-79.398
-79.371
-79.348
-79.392
-79.296
-79.333
-79.358
-79.395
-79.383
-79.401
-79.377
-79.409
-79.464
-79.419
-79.356
-79.421
-79.417
-79.359
-79.346
-79.383
-79.371
-79.349
-79.355
-79.375
-79.382
-79.389
-79.371
-79.365
-79.464
-79.559
-79.495
-79.389
-79.316
-79.299
-79.362
-79.321
-79.3
-79.359
-79.341
-79.357
-79.301
-79.274
-79.267
-79.265
-79.252
-79.374
-79.419
-79.476
-79.457
-79.452
-79.42
-79.403
-79.444
-79.358
-79.463
-79.435
-79.411
-79.425
-79.421
-79.434
-79.416
-79.479
-79.475
-79.473
-79.503
-79.465
-79.538
-79.529
-79.508
-79.506
-79.484
-79.526
-79.581
-79.585
-79.586
-79.587
-79.557
-79.568
-79.521
-79.393
-79.394
-79.425
-79.475
-79.484
-79.382
-79.359
-79.391
-79.346
-79.411
-79.319
-79.405
-79.424
-79.381
-79.423
-79.509
-79.48
-79.499
-79.578
-79.561
-79.713
-79.655
-79.571
-79.516
-79.498
-79.368
-79.349
-79.271
-79.294
-79.243
-79.239
-79.318
-79.313
-79.196
-79.195
-79.089
-79.027
-78.978
-78.974
-78.903
-78.838
-78.695
-78.634
-78.634
-78.625
-78.669
-78.62
-78.594
-78.568
-78.652
-78.583
-78.53
-78.466
-78.528
-78.573
-78.602
-78.609
-78.616
-78.595
-78.637
-78.674
-78.692
-78.642
-78.603
-78.615
-78.635
-78.667
-78.76
-78.733
-78.757
-78.766
-78.867
-78.877
-78.864
-78.873
-78.949
-78.939
-78.971
-78.983
-79.013
-78.913
-78.915
-78.963
-78.972
-79.002
-78.998
-78.863
-78.907
-78.934
-78.997
-78.979
-78.994
-78.947
-78.968
-78.972
-78.885
-78.887
-78.864
-78.775
-78.731
-78.668
-78.725
-78.63
-78.695
-78.706
-78.67
-78.77
-78.797
-78.793
-78.741
-78.715
-78.727
-78.658
-78.527
-78.46
-78.496
-78.527
-78.613
-78.648
-78.594
-78.609
-78.618
-78.582
-78.527
-78.626
-78.657
-78.674
-78.689
-78.7
-78.634
-78.681
-78.736
-78.751
-78.731
-78.675
-78.679
-78.703
-78.711
-78.673
-78.657
-78.691
-78.721
-78.644
-78.644
-78.563
-78.515
-78.479
-78.399
-78.439
-78.444
-78.479
-78.503
-78.547
-78.595
-78.594
-78.6
-78.617
-78.585
-78.559
-78.519
-78.485
-78.557
-78.543
-78.465
-78.441
-78.43
-78.498
-78.537
-78.464
-78.533
-78.473
-78.46
-78.482
-78.512
-78.598
-78.626
-78.59
-78.585
-78.564
-78.556
-78.466
-78.41
-78.39
-78.403
-78.453
-78.411
-78.412
-78.378
-78.472
-78.47
-78.461
-78.44
-78.429
-78.386
-78.286
-78.333
-78.25
-78.241
-78.161
-78.195
-78.267
-78.278
-78.271
-78.275
-78.446
-78.43
-78.353
-78.334
-78.299
-78.342
-78.373
-78.304
-78.399
-78.408
-78.416
-78.388
-78.374
-78.34
-78.313
-78.46
-78.392
-78.395
-78.419
-78.407
-78.451
-78.501
-78.496
-78.509
-78.538
-78.594
-78.646
-78.64
-78.64
-78.694
-78.603
-78.623
-78.612
-78.596
-78.678
-78.598
-78.613
-78.672
-78.646
-78.669
-78.738
-78.723
-78.637
-78.693
-78.686
-78.648
-78.662
-78.673
-78.716
-78.676
-78.636
-78.611
-78.64
-78.672
-78.695
-78.606
-78.604
-78.616
-78.56
-78.601
-78.621
-78.602
-78.679
-78.681
-78.599
-78.537
-78.491
-78.401
-78.434
-78.447
-78.525
-78.496
-78.611
-78.608
-78.583
-78.532
-78.608
-78.588
-78.611
-78.62
-78.553
-78.573
-78.535
-78.547
-78.573
-78.571
-78.605
-78.678
-78.631
-78.69
-78.687
-78.715
-78.624
-78.634
-78.567
-78.605
-78.568
-78.585
-78.567
-78.57
-78.608
-78.614
-78.582
-78.565
-78.515
-78.518
-78.603
-78.599
-78.675
-78.649
-78.545
-78.566
-78.544
-78.604
-78.585
-78.613
-78.725
-78.835
-78.878
-78.914
-78.872
-78.867
-78.892
-78.956
-78.9
-78.952
-78.844
-78.857
-78.907
-78.865
-78.933
-78.851
-78.828
-78.854
-78.836
-78.835
-78.835
-78.786
-78.774
-78.778
-78.83
-78.803
-78.752
-78.733
-78.752
-78.708
-78.72
-78.752
-78.806
-78.874
-78.95
-78.907
-78.904
-78.902
-78.911
-78.809
-78.843
-78.813
-78.78
-78.694
-78.75
-78.751
-78.722
-78.786
-78.72
-78.752
-78.746
-78.725
-78.672
-78.661
-78.756
-78.764
-78.761
-78.765
-78.781
-78.793
-78.718
-78.717
-78.743
-78.657
-78.629
-78.709
-78.638
-78.536
-78.637
-78.685
-78.707
-78.738
-78.796
-78.834
-78.758
-78.725
-78.716
-78.717
-78.727
-78.561
-78.534
-78.561
-78.515
-78.625
-78.544
-78.545
-78.522
-78.516
-78.517
-78.502
-78.524
-78.479
-78.51
-78.364
-78.367
-78.458
-78.377
-78.484
-78.508
-78.456
-78.509
-78.498
-78.51
-78.44
-78.395
-78.458
-78.451
-78.424
-78.426
-78.378
-78.326
-78.294
-78.138
-78.205
-78.113
-78.097
-78.111
-78.121
-78.085
-78.138
-78.209
-78.288
-78.318
-78.346
-78.327
-78.328
-78.302
-78.258
-78.365
-78.373
-78.385
-78.348
-78.301
-78.329
-78.364
-78.412
-78.39
-78.404
-78.346
-78.29
-78.324
-78.43
-78.483
-78.468
-78.466
-78.436
-78.433
-78.359
-78.427
-78.411
-78.372
-78.343
-78.272
-78.247
-78.272
-78.215
-78.3
-78.156
-78.2
-78.201
-78.169
-78.223
-78.191
-78.135
-78.185
-78.223
-78.208
-78.264
-78.28
-78.241
-78.223
-78.246
-78.239
-78.26
-78.303
-78.286
-78.214
-78.18
-78.185
-78.133
-78.153
-78.129
-78.133
-78.142
-78.079
-78.046
-78.05
-78.05
-77.996
-77.992
-77.992
-77.98
-77.97
-77.953
-78.009
-78.059
-78.049
-78.021
-78.026
-78.058
-78.121
-78.154
-78.221
-78.181
-78.169
-78.137
-78.171
-78.27
-78.286
-78.2
-78.09
-78.048
-78.073
-78.138
-78.159
-78.152
-78.16
-78.206
-78.334
-78.35
-78.371
-78.388
-78.406
-78.385
-78.391
-78.425
-78.386
-78.448
-78.552
-78.487
-78.574
-78.624
-78.576
-78.594
-78.62
-78.684
-78.671
-78.681
-78.688
-78.728
-78.759
-78.729
-78.731
-78.711
-78.685
-78.663
-78.699
-78.81
-78.814
-78.828
-78.856
-78.752
-78.68
-78.665
-78.654
-78.687
-78.655
-78.74
-78.71
-78.774
-78.681
-78.582
-78.624
-78.692
-78.794
-78.787
-78.773
-78.83
-78.799
-78.839
-78.901
-78.898
-78.841
-78.869
-78.933
-78.986
-78.985
-78.957
-78.911
-78.835
-78.777
-78.819
-78.889
-78.864
-78.817
-78.903
-78.85
-78.844
-78.843
-78.825
-78.919
-78.911
-78.848
-78.713
-78.7
-78.707
-78.676
-78.696
-78.667
-78.608
-78.674
-78.694
-78.597
-78.587
-78.491
-78.493
-78.425
-78.419
-78.43
-78.518
-78.492
-78.438
-78.368
-78.359
-78.251
-78.266
-78.201
-78.287
-78.228
-78.302
-78.293
-78.336
-78.365
-78.397
-78.407
-78.42
-78.391
-78.365
-78.443
-78.401
-78.386
-78.354
-78.298
-78.239
-78.174
-78.174
-78.124
-78.114
-78.038
-78.05
-78.026
-78.034
-77.992
-77.909
-77.893
-77.919
-77.93
-77.888
-77.978
-77.979
-77.927
-77.816
-77.843
-77.874
-77.912
-77.931
-77.866
-77.889
-77.823
-77.781
-77.814
-77.901
-77.853
-77.844
-77.844
-77.88
-77.875
-77.854
-77.874
-77.898
-77.942
-77.959
-77.81
-77.74
-77.804
-77.847
-77.879
-77.911
-77.891
-77.929
-78.032
-78.024
-78.017
-77.971
-77.977
-77.949
-78.002
-77.979
-77.88
-77.846
-77.879
-77.922
-77.915
-77.835
-77.824
-77.845
-77.823
-77.853
-77.898
-77.801
-77.804
-77.792
-77.722
-77.72
-77.765
-77.784
-77.732
-77.733
-77.814
-77.844
-77.878
-77.802
-77.703
-77.658
-77.706
-77.749
-77.757
-77.712
-77.857
-77.963
-77.868
-77.842
-77.892
-77.939
-77.886
-77.974
-77.97
-77.963
-77.99
-78.016
-78.097
-78.095
-77.935
-77.905
-77.873
-77.835
-77.762
-77.694
-77.792
-77.9
-77.922
-77.885
-77.852
-77.873
-77.941
-77.828
-77.932
-77.891
-77.869
-77.843
-77.855
-77.857
-77.961
-77.849
-77.814
-77.772
-77.797
-77.82
-77.745
-77.802
-77.679
-77.74
-77.782
-77.784
-77.818
-77.812
-77.829
-77.822
-77.789
-77.79
-77.876
-77.959
-77.913
-77.783
-77.793
-77.865
-77.883
-77.929
-77.92
-77.86
-77.806
-77.78
-77.806
-77.832
-77.849
-77.837
-77.777
-77.758
-77.872
-77.882
-77.921
-77.933
-77.918
-77.988
-78.036
-77.948
-77.955
-78.007
-77.998
-77.964
-77.94
-77.972
-77.936
-77.963
-78.011
-77.94
-77.908
-77.888
-77.92
-78.014
-77.999
-78.007
-77.965
-77.972
-77.946
-77.926
-78.019
-77.943
-77.882
-77.95
-77.932
-77.803
-77.784
-77.748
-77.851
-77.923
-77.945
-77.878
-77.83
-77.827
-77.825
-77.767
-77.711
-77.703
-77.658
-77.62
-77.7
-77.634
-77.7
-77.699
-77.736
-77.688
-77.623
-77.632
-77.699
-77.802
-77.827
-77.852
-77.883
-77.929
-77.927
-77.944
-77.901
-77.964
-78.001
-78.041
-78.044
-78.087
-78.182
-78.157
-78.192
-78.265
-78.317
-78.384
-78.355
-78.399
-78.337
-78.317
-78.348
-78.352
-78.357
-78.318
-78.292
-78.234
-78.217
-78.217
-78.149
-78.173
-78.246
-78.215
-78.284
-78.243
-78.275
-78.244
-78.301
-78.336
-78.356
-78.313
-78.363
-78.393
-78.395
-78.366
-78.392
-78.327
-78.265
-78.227
-78.233
-78.158
-78.112
-78.154
-78.259
-78.289
-78.248
-78.236
-78.167
-78.094
-78.145
-78.089
-78.084
-78.131
-78.16
-78.217
-78.297
-78.402
-78.414
-78.496
-78.517
-78.561
-78.57
-78.599
-78.642
-78.568
-78.575
-78.576
-78.555
-78.543
-78.574
-78.55
-78.466
-78.429
-78.402
-78.414
-78.449
-78.459
-78.408
-78.384
-78.387
-78.393
-78.45
-78.412
-78.358
-78.383
-78.352
-78.473
-78.399
-78.367
-78.378
-78.395
-78.388
-78.377
-78.397
-78.467
-78.473
-78.483
-78.435
-78.437
-78.378
-78.451
-78.499
-78.564
-78.532
-78.534
-78.59
-78.538
-78.443
-78.401
-78.346
-78.41
-78.389
-78.384
-78.431
-78.509
-78.499
-78.482
-78.47
-78.543
-78.599
-78.532
-78.517
-78.572
-78.62
-78.596
-78.667
-78.677
-78.643
-78.717
-78.775
-78.778
-78.811
-78.914
-79.016
-78.982
-78.937
-79.026
-79.123
-79.141
-79.105
-79.132
-79.03
-78.872
-78.844
-78.938
-78.997
-78.956
-78.921
-78.902
-78.894
-78.876
-78.852
-78.929
-78.893
-78.881
-78.872
-78.868
-78.828
-78.815
-78.762
-78.739
-78.818
-78.806
-78.752
-78.818
-78.85
-78.881
-78.819
-78.862
-78.892
-78.879
-78.848
-78.871
-78.961
-79.036
-79.087
-79.106
-79.209
-79.204
-79.243
-79.302
-79.301
-79.339
-79.43
-79.393
-79.44
-79.415
-79.378
-79.499
-79.571
-79.51
-79.602
-79.641
-79.566
-79.556
-79.605
-79.544
-79.509
-79.524
-79.411
-79.409
-79.343
-79.417
-79.355
-79.381
-79.323
-79.375
-79.368
-79.361
-79.436
-79.466
-79.449
-79.498
-79.505
-79.404
-79.325
-79.384
-79.367
-79.299
-79.286
-79.238
-79.274
-79.257
-79.232
-79.242
-79.304
-79.324
-79.346
-79.396
-79.456
-79.475
-79.595
-79.538
-79.56
-79.509
-79.486
-79.492
-79.488
-79.454
-79.512
-79.496
-79.479
-79.518
-79.494
-79.439
-79.346
-79.356
-79.368
-79.344
-79.184
-79.18
-79.175
-79.183
-79.165
-79.179
-79.183
-79.114
-79.201
-79.286
-79.268
-79.287
-79.255
-79.257
-79.185
-79.142
-79.119
-79.115
-79.188
-79.199
-79.161
-79.156
-79.162
-79.185
-79.207
-79.253
-79.233
-79.281
-79.306
-79.318
-79.285
-79.259
-79.366
-79.385
-79.199
-79.243
-79.261
-79.203
-79.157
-79.172
-79.158
-79.127
-79.133
-79.172
-79.247
-79.333
-79.433
-79.468
-79.494
-79.511
-79.535
-79.507
-79.51
-79.508
-79.551
-79.551
-79.485
-79.389
-79.372
-79.35
-79.42
-79.396
-79.397
-79.441
-79.424
-79.545
-79.624
-79.52
-79.506
-79.529
-79.504
-79.437
-79.366
-79.387
-79.443
-79.418
-79.462
-79.405
-79.462
-79.431
-79.395
-79.373
-79.379
-79.38
-79.42
-79.396
-79.432
-79.455
-79.439
-79.421
-79.507
-79.498
-79.47
-79.512
-79.561
-79.536
-79.546
-79.568
-79.47
-79.436
-79.481
-79.586
-79.591
-79.608
-79.676
-79.711
-79.688
-79.676
-79.607
-79.566
-79.609
-79.582
-79.582
-79.582
-79.545
-79.635
-79.584
-79.508
-79.453
-79.435
-79.505
-79.513
-79.556
-79.589
-79.525
-79.487
-79.455
-79.398
-79.415
-79.424
-79.402
-79.329
-79.389
-79.485
-79.569
-79.603
-79.668
-79.709
-79.745
-79.755
-79.816
-79.82
-79.868
-79.836
-79.804
-79.755
-79.859
-79.89
-79.897
-79.846
-79.868
-79.877
-79.912
-79.935
-79.929
-79.928
-79.897
-79.938
-79.957
-79.925
-79.891
-79.864
-79.863
-79.812
-79.738
-79.656
-79.622
-79.659
-79.649
-79.61
-79.58
-79.514
-79.46
-79.379
-79.308
-79.37
-79.345
-79.347
-79.303
-79.32
-79.327
-79.243
-79.193
-79.227
-79.197
-79.148
-79.154
-78.947
-78.93
-78.951
-78.868
-78.863
-78.826
-78.789
-78.707
-78.648
-78.548
-78.54
-78.564
-78.522
-78.478
-78.428
-78.402
-78.49
-78.45
-78.475
-78.366
-78.364
-78.384
-78.356
-78.237
-78.138
-78.068
-78.093
-78.082
-78.031
-77.98
-77.969
-77.952
-77.93
-78.002
-77.903
-77.836
-77.801
-77.694
-77.692
-77.74
-77.626
-77.593
-77.524
-77.511
-77.441
-77.36
-77.224
-77.205
-77.241
-77.197
-77.19
-77.181
-77.103
-77.1
-77.087
-77.171
-77.16
-77.138
-77.126
-77.21
-77.139
-77.107
-77.021
-77.013
-76.799
-76.711
-76.713
-76.748
-76.725
-76.736
-76.696
-76.681
-76.6
-76.564
-76.517
-76.507
-76.518
-76.49
-76.466
-76.408
-76.4
-76.399
-76.345
-76.231
-76.075
-76.098
-76.132
-76.083
-76.045
-75.987
-76.027
-75.923
-75.829
-75.759
-75.719
-75.692
-75.659
-75.675
-75.655
-75.579
-75.568
-75.579
-75.561
-75.481
-75.481
-75.415
-75.371
-75.345
-75.255
-75.311
-75.238
-75.185
-75.319
-75.234
-75.241
-75.191
-75.275
-75.233
-75.125
-75.082
-75.04
-75.002
-74.989
-74.91
-74.856
-74.84
-74.712
-74.676
-74.649
-74.608
-74.607
-74.523
-74.559
-74.584
-74.556
-74.505
-74.468
-74.388
-74.373
-74.51
-74.457
-74.458
-74.395
-74.345
-74.309
-74.269
-74.329
-74.324
-74.335
-74.293
-74.231
-74.217
-74.245
-74.184
-74.137
-74.107
-74.129
-74.143
-74.189
-74.227
-74.225
-74.242
-74.222
-74.199
-74.172
-74.215
-74.216
-74.151
-74.159
-74.073
-74.071
-73.909
-73.901
-73.912
-73.931
-73.908
-73.849
-73.813
-73.825
-73.753
-73.662
-73.633
-73.663
-73.657
-73.696
-73.656
-73.681
-73.587
-73.536
-73.592
-73.583
-73.627
-73.588
-73.625
-73.526
-73.501
-73.576
-73.519
-73.464
-73.359
-73.363
-73.276
-73.092
-73.16
-73.213
-73.206
-73.203
-73.189
-73.176
-73.147
-73.101
-73.15
-73.136
-73.156
-73.086
-73.059
-73.043
-73.038
-73.029
-73.056
-73.055
-73.068
-73.052
-72.945
-72.911
-72.945
-72.877
-72.865
-72.959
-72.954
-72.85
-72.788
-72.788
-72.761
-72.665
