-82.486
-82.498
-82.455
-82.453
-82.482
-82.497
-82.499
-82.403
-82.477
-82.388
-82.338
-82.375
-82.36
-82.327
-82.308
-82.231
-82.222
-82.163
-82.039
-82.087
-82.04
-82.116
-82.137
-82.045
-82.051
-81.998
-81.993
-82.09
-82.084
-82.076
-82.081
-82.092
-82.081
-82.081
-82.034
-82.013
-81.927
-81.919
-81.887
-81.838
-81.852
-81.781
-81.771
-81.778
-81.785
-81.788
-81.775
-81.734
-81.675
-81.631
-81.691
-81.639
-81.707
-81.607
-81.568
-81.571
-81.619
-81.613
-81.575
-81.608
-81.668
-81.65
-81.591
-81.558
-81.722
-81.676
-81.692
-81.585
-81.506
-81.41
-81.424
-81.459
-81.546
-81.427
-81.442
-81.397
-81.28
-81.308
-81.319
-81.365
-81.339
-81.233
-81.258
-81.223
-81.274
-81.24
-81.268
-81.279
-81.303
-81.283
-81.257
-81.284
-81.286
-81.345
-81.315
-81.305
-81.346
-81.309
-81.223
-81.225
-81.243
-81.288
-81.318
-81.436
-81.29
-81.256
-81.128
-81.164
-81.203
-81.296
-81.256
-81.171
-81.212
-81.093
-81.044
-80.959
-80.98
-80.971
-81.03
-81.065
-81.017
-81.034
-80.98
-80.965
-80.925
-80.868
-80.878
-80.901
-80.87
-80.877
-80.869
-80.943
-80.894
-80.897
-80.907
-80.883
-80.906
-80.912
-80.966
-81.026
-81.008
-80.916
-80.914
-80.938
-80.916
-81.034
-80.961
-80.921
-80.875
-80.884
-80.83
-80.763
-80.71
-80.663
-80.581
-80.586
-80.617
-80.599
-80.616
-80.564
-80.499
-80.549
-80.64
-80.64
-80.576
-80.548
-80.584
-80.661
-80.556
-80.545
-80.547
-80.522
-80.434
-80.496
-80.479
-80.528
-80.512
-80.494
-80.564
-80.506
-80.515
-80.508
-80.55
-80.565
-80.535
-80.487
-80.529
-80.483
-80.482
-80.45
-80.417
-80.477
-80.543
-80.622
-80.721
-80.689
-80.661
-80.634
-80.658
-80.697
-80.7
-80.701
-80.739
-80.712
-80.739
-80.673
-80.576
-80.576
-80.59
-80.675
-80.582
-80.589
-80.554
-80.545
-80.445
-80.484
-80.487
-80.51
-80.413
-80.464
-80.467
-80.529
-80.577
-80.639
-80.658
-80.713
-80.708
-80.657
-80.67
-80.749
-80.795
-80.765
-80.812
-80.792
-80.765
-80.75
-80.698
-80.768
-80.721
-80.878
-80.807
-80.82
-80.848
-80.893
-80.848
-80.798
-80.82
-80.759
-80.735
-80.8
-80.745
-80.792
-80.816
-80.846
-80.77
-80.796
-80.861
-80.893
-80.857
-80.792
-80.797
-80.737
-80.77
-80.766
-80.763
-80.778
-80.636
-80.618
-80.47
-80.445
-80.485
-80.557
-80.588
-80.556
-80.498
-80.444
-80.438
-80.488
-80.527
-80.491
-80.502
-80.525
-80.568
-80.514
-80.512
-80.496
-80.437
-80.454
-80.38
-80.398
-80.45
-80.406
-80.409
-80.365
-80.316
-80.302
-80.209
-80.171
-80.197
-80.188
-80.222
-80.237
-80.167
-80.221
-80.28
-80.267
-80.175
-80.142
-80.063
-80.006
-80.015
-80.021
-80.068
-79.98
-79.939
-79.945
-79.88
-79.786
-79.767
-79.734
-79.72
-79.687
-79.648
-79.668
-79.671
-79.667
-79.646
-79.708
-79.738
-79.72
-79.752
-79.728
-79.745
-79.701
-79.709
-79.712
-79.776
-79.832
-79.875
-79.831
-79.797
-79.792
-79.797
-79.814
-79.769
-79.724
-79.717
-79.731
-79.791
-79.901
-79.918
-79.873
-79.859
-79.94
-79.895
-80.013
-80.001
-80.027
-80.105
-80.071
-80.178
-80.158
-80.185
-80.054
-79.956
-79.928
-79.975
-80.03
-80.077
-80.095
-80.004
-80.042
-80.09
-80.117
-80.105
-80.062
-80.097
-80.09
-80.123
-80.224
-80.197
-80.258
-80.292
-80.27
-80.247
-80.215
-80.194
-80.247
-80.208
-80.126
-80.098
-80.017
-79.902
-79.93
-79.962
-80.051
-80.059
-80.16
-80.073
-80.037
-80.036
-80.01
-79.972
-79.951
-79.948
-79.991
-80.018
-79.984
-79.983
-79.995
-79.959
-79.879
-79.852
-79.837
-79.831
-79.873
-79.8
-79.733
-79.7
-79.695
-79.71
-79.696
-79.737
-79.765
-79.782
-79.792
-79.817
-79.81
-79.781
-79.783
-79.914
-79.99
-79.972
-79.959
-79.971
-80.059
-80.082
-80.053
-80.021
-80.039
-79.967
-80.04
-80.181
-80.112
-80.042
-80.067
-80.174
-80.153
-80.164
-80.124
-80.022
-80.037
-80.029
-80.049
-80.091
-80.064
-80.084
-80.016
-79.946
-79.962
-80.065
-80.069
-80.079
-80.076
-80.12
-80.103
-80.092
-80.069
-80.141
-80.074
-80.007
-80.035
-80.046
-80.09
-80.178
-80.148
-80.125
-80.088
-80.064
-80.08
-80.059
-80.143
-80.098
-80.119
-80.022
-80.01
-80.008
-80.003
-79.949
-79.885
-79.856
-79.819
-79.851
-79.868
-79.865
-79.902
-79.904
-79.864
-79.901
-79.929
-79.875
-79.908
-79.917
-79.939
-79.919
-79.903
-79.954
-79.998
-80.028
-79.993
-79.962
-79.956
-79.968
-79.939
-79.989
-80.049
-80.096
-80.069
-80.133
-80.151
-80.173
-80.107
-80.102
-80.158
-80.159
-80.199
-80.218
-80.266
-80.289
-80.341
-80.314
-80.297
-80.341
-80.343
-80.286
-80.267
-80.264
-80.217
-80.202
-80.173
-80.262
-80.294
-80.278
-80.18
-80.229
-80.223
-80.291
-80.447
-80.478
-80.459
-80.516
-80.559
-80.531
-80.581
-80.657
-80.676
-80.687
-80.728
-80.756
-80.756
-80.78
-80.818
-80.812
-80.818
-80.766
-80.83
-80.861
-80.889
-80.826
-80.794
-80.8
-80.839
-80.839
-80.803
-80.754
-80.723
-80.708
-80.718
-80.809
-80.916
-80.918
-80.924
-81.006
-81.061
-81.188
-81.163
-81.289
-81.39
-81.463
-81.424
-81.468
-81.457
-81.488
-81.498
-81.502
-81.501
-81.461
-81.442
-81.369
-81.489
-81.585
-81.543
-81.461
-81.344
-81.387
-81.438
-81.457
-81.457
-81.488
-81.542
-81.541
-81.489
-81.476
-81.483
-81.468
-81.443
-81.416
-81.443
-81.438
-81.445
-81.477
-81.547
-81.635
-81.677
-81.719
-81.815
-81.808
-81.83
-81.92
-81.847
-81.839
-81.968
-81.952
-81.979
-81.956
-82.017
-82.057
-82.035
-82.048
-82.016
-82.099
-82.151
-82.205
-82.213
-82.206
-82.254
-82.213
-82.205
-82.172
-82.164
-82.251
-82.322
-82.282
-82.259
-82.258
-82.312
-82.299
-82.217
-82.273
-82.18
-82.195
-82.246
-82.29
-82.284
-82.225
-82.271
-82.288
-82.283
-82.295
-82.192
-82.214
-82.242
-82.277
-82.296
-82.309
-82.29
-82.263
-82.246
-82.231
-82.216
-82.16
-82.139
-82.166
-82.13
-82.113
-82.075
-82.114
-82.167
-82.066
-82.055
-82.011
-82.017
-81.96
-81.947
-81.966
-82.05
-82.015
-82.035
-82.035
-82.035
-81.999
-82.048
-82.097
-82.15
-82.159
-82.175
-82.256
-82.333
-82.354
-82.349
-82.362
-82.335
-82.371
-82.36
-82.406
-82.317
-82.389
-82.371
-82.451
-82.433
-82.465
-82.473
-82.439
-82.414
-82.415
-82.418
-82.357
-82.408
-82.404
-82.329
-82.323
-82.394
-82.337
-82.399
-82.291
-82.349
-82.355
-82.411
-82.374
-82.325
-82.348
-82.338
-82.48
-82.483
-82.522
-82.575
-82.559
-82.602
-82.6
-82.554
-82.586
-82.563
-82.53
-82.494
-82.582
-82.673
-82.7
-82.747
-82.73
-82.673
-82.632
-82.571
-82.583
-82.529
-82.512
-82.478
-82.484
-82.489
-82.428
-82.429
-82.483
-82.496
-82.513
-82.496
-82.411
-82.449
-82.53
-82.523
-82.515
-82.622
-82.575
-82.511
-82.592
-82.526
-82.528
-82.542
-82.496
-82.568
-82.462
-82.505
-82.565
-82.547
-82.547
-82.64
-82.642
-82.598
-82.594
-82.601
-82.506
-82.537
-82.473
-82.572
-82.569
-82.612
-82.621
-82.625
-82.668
-82.671
-82.676
-82.666
-82.666
-82.708
-82.69
-82.766
-82.79
-82.779
-82.827
-82.91
-82.876
-82.906
-82.963
-82.876
-82.872
-82.874
-82.811
-82.776
-82.817
-82.877
-82.886
-82.927
-82.918
-82.956
-82.966
-83.045
-83.042
-83.029
-83.008
-83.136
-83.141
-83.121
-83.118
-83.072
-83.065
-83.014
-83.055
-83.211
-83.206
-83.228
-83.165
-83.176
-83.134
-83.174
-83.302
-83.309
-83.262
-83.254
-83.208
-83.119
-83.149
-83.247
-83.192
-83.213
-83.202
-83.212
-83.156
-83.138
-83.297
-83.376
-83.317
-83.285
-83.229
-83.249
-83.262
-83.262
-83.262
-83.266
-83.186
-83.175
-83.221
-83.179
-83.175
-83.192
-83.168
-83.172
-83.223
-83.218
-83.219
-83.279
-83.28
-83.169
-83.18
-83.222
-83.335
-83.382
-83.345
-83.362
-83.375
-83.358
-83.45
-83.464
-83.437
-83.487
-83.428
-83.5
-83.438
-83.497
-83.477
-83.439
-83.363
-83.323
-83.295
-83.259
-83.184
-83.19
-83.274
-83.247
-83.233
-83.134
-83.128
-83.028
-83.036
-82.997
-82.957
-82.981
-82.938
-82.972
-83.003
-82.931
-82.893
-82.824
-82.74
-82.648
-82.561
-82.476
-82.469
-82.437
-82.362
-82.413
-82.447
-82.392
-82.239
-82.158
-82.101
-82.033
-82.008
-81.94
-81.966
-81.963
-81.971
-82.01
-81.962
-81.91
-82.026
-81.931
-81.89
-81.828
-81.775
-81.694
-81.625
-81.551
-81.594
-81.5
-81.425
-81.439
-81.42
-81.41
-81.321
-81.255
-81.268
-81.296
-81.354
-81.378
-81.293
-81.195
-81.209
-81.208
-81.153
-81.052
-81.064
-81.023
-81.023
-81.052
-81.036
-80.93
-80.868
-80.804
-80.74
-80.645
-80.634
-80.582
-80.553
-80.436
-80.352
-80.317
-80.283
-80.277
-80.282
-80.267
-80.313
-80.257
-80.221
-80.176
-80.162
-80.236
-80.182
-80.241
-80.169
-80.141
-80.143
-80.234
-80.175
-80.159
-80.175
-80.096
-80.049
-80.103
-80.046
-80.016
-80.052
-80.181
-80.176
-80.161
-80.148
-80.179
-80.166
-80.087
-80.078
-80.081
-80.02
-79.952
-79.915
-79.965
-79.922
-79.862
-79.76
-79.649
-79.598
-79.489
-79.45
-79.389
-79.347
-79.323
-79.322
-79.436
-79.484
-79.552
-79.461
-79.474
-79.439
-79.451
-79.522
-79.559
-79.588
-79.531
-79.381
-79.301
-79.254
-79.262
-79.207
-79.177
-79.161
-79.121
-79.146
-79.184
-79.105
-79.149
-79.187
-79.238
-79.28
-79.263
-79.316
-79.198
-79.27
-79.284
-79.331
-79.352
-79.353
-79.376
-79.307
-79.213
-79.204
-79.166
-79.172
-79.162
-79.19
-79.195
-79.198
-79.174
-79.217
-79.146
-79.224
-79.294
-79.14
-79.059
-79.033
-78.924
-78.836
-78.872
-79.033
-79.002
-79.038
-78.966
-78.935
-78.834
-78.855
-78.898
-78.902
-78.978
-79.022
-78.905
-78.908
-78.862
-78.945
-78.995
-78.933
-78.902
-78.858
-78.743
-78.728
-78.693
-78.696
-78.683
-78.612
-78.578
-78.548
-78.472
-78.431
-78.374
-78.346
-78.294
-78.256
-78.366
-78.293
-78.344
-78.316
-78.339
-78.345
-78.32
-78.294
-78.316
-78.269
-78.174
-78.124
-78.085
-78.044
-78.083
-78.106
-78.074
-78.141
-78.09
-78.108
-78.1
-78.143
-78.058
-77.94
-77.902
-77.832
-77.842
-77.927
-78.002
-77.941
-77.898
-77.931
-77.823
-77.845
-77.818
-77.849
-77.921
-77.914
-77.947
-78.027
-78.051
-78.081
-78.031
-78.041
-78.059
-78.136
-78.121
-78.086
-78.098
-78.213
-78.231
-78.194
-78.188
-78.287
-78.234
-78.19
-78.25
-78.26
-78.107
-78.054
-78.063
-78.065
-78.006
-77.94
-77.884
-77.84
-77.802
-77.773
-77.742
-77.687
-77.646
-77.588
-77.575
-77.61
-77.63
-77.679
-77.747
-77.767
-77.776
-77.781
-77.733
-77.671
-77.693
-77.74
-77.766
-77.743
-77.649
-77.578
-77.56
-77.571
-77.551
-77.528
-77.509
-77.546
-77.57
-77.568
-77.562
-77.572
-77.541
-77.546
-77.537
-77.462
-77.476
-77.457
-77.411
-77.369
-77.319
-77.238
-77.223
-77.102
-77.077
-77.053
-77.156
-77.179
-77.208
-77.209
-77.076
-77.053
-77.006
-76.967
-76.988
-76.89
-76.907
-76.877
-76.855
-76.886
-76.816
-76.741
-76.704
-76.679
-76.648
-76.681
-76.782
-76.804
-76.79
-76.749
-76.684
-76.716
-76.679
-76.703
-76.641
-76.704
-76.722
-76.759
-76.722
-76.657
-76.649
-76.598
-76.632
-76.632
-76.56
-76.497
-76.549
-76.496
-76.54
-76.582
-76.512
-76.481
-76.453
-76.504
-76.525
-76.557
-76.59
-76.608
-76.628
-76.641
-76.581
-76.643
-76.658
-76.646
-76.662
-76.692
-76.746
-76.827
-76.8
-76.71
-76.596
-76.612
-76.663
-76.593
-76.566
-76.554
-76.558
-76.58
-76.568
-76.515
-76.507
-76.329
-76.216
-76.119
-76.034
-75.983
-75.971
-75.929
-75.911
-75.834
-75.814
-75.837
-75.753
-75.717
-75.786
-75.726
-75.672
-75.692
-75.609
-75.617
-75.571
-75.487
-75.535
-75.56
-75.479
-75.515
-75.473
-75.455
-75.434
-75.506
-75.462
-75.363
-75.366
-75.382
-75.316
-75.264
-75.192
-75.167
-75.171
-75.081
-75.087
-75.058
-74.945
-74.871
-74.77
-74.674
-74.612
-74.648
-74.623
-74.61
-74.652
-74.647
-74.612
-74.527
-74.557
-74.523
-74.438
-74.338
-74.184
-74.205
-74.198
-74.172
-74.163
-74.138
-74.057
-74.054
-74.006
-74.006
-73.975
-73.899
-73.863
-73.884
-73.843
-73.784
-73.742
-73.613
-73.465
-73.419
-73.343
-73.26
-73.237
-73.18
-73.162
-73.184
-73.15
-73.1
-72.971
-72.98
-72.889
-72.981
-73.047
-73.071
-73.046
-73.029
-73.02
-72.965
-72.913
-72.865
-72.808
-72.765
-72.653
-72.609
-72.552
-72.636
-72.67
-72.649
-72.589
-72.563
-72.528
-72.472
-72.404
-72.339
-72.305
-72.264
-72.322
-72.249
-72.254
-72.186
-72.166
-72.155
-72.062
-72.038
-72.076
-72.065
-72.011
-71.992
-72.022
-72.08
-71.979
-71.938
-71.894
-71.846
-71.827
-71.845
-71.846
-71.695
-71.62
-71.704
-71.752
-71.733
-71.681
-71.8
-71.748
-71.656
-71.722
-71.655
-71.635
-71.613
-71.635
-71.54
-71.485
-71.402
-71.385
-71.323
-71.268
-71.204
-71.264
-71.32
-71.415
-71.353
-71.375
-71.41
-71.433
-71.453
-71.532
-71.542
-71.559
-71.599
-71.542
-71.605
-71.573
-71.557
-71.508
-71.535
-71.563
-71.502
-71.417
-71.433
-71.405
-71.34
-71.384
-71.374
-71.312
-71.237
-71.27
-71.26
-71.257
-71.195
-71.145
-71.167
-71.161
-71.053
-71.102
-71.01
-71.012
-70.95
-71.108
-71.078
-71.063
-71.05
-71.033
-70.914
-70.853
-70.755
-70.759
-70.794
-70.791
-70.75
-70.718
-70.703
-70.756
-70.836
-70.834
-70.765
-70.729
-70.78
-70.689
-70.641
-70.498
-70.47
-70.459
-70.504
-70.509
-70.431
-70.442
-70.487
-70.444
-70.433
-70.43
-70.46
-70.452
-70.47
-70.437
-70.459
-70.408
-70.312
-70.265
-70.284
-70.327
-70.361
-70.396
-70.397
-70.343
-70.278
-70.245
-70.288
-70.266
-70.279
-70.233
-70.179
-70.137
-70.071
-70.124
-70.117
-70.202
-70.241
-70.254
-70.198
-70.221
-70.181
-70.185
-70.178
-70.09
-70.089
-70.037
-70.124
-70.116
-70.142
-70.201
-70.185
-70.185
-70.3
-70.283
-70.187
-70.109
-70.154
-70.263
-70.289
-70.247
-70.243
-70.289
-70.293
-70.285
-70.272
-70.234
-70.274
-70.408
-70.391
-70.421
-70.553
-70.681
-70.642
-70.595
-70.576
-70.535
-70.577
-70.535
-70.599
-70.555
-70.586
-70.612
-70.636
-70.684
-70.682
-70.728
-70.723
-70.683
-70.725
-70.651
-70.631
-70.593
-70.573
-70.488
-70.444
-70.429
-70.447
-70.388
-70.392
-70.352
-70.355
-70.369
-70.437
-70.285
-70.309
-70.323
-70.321
-70.289
-70.21
-70.262
-70.39
-70.427
-70.42
-70.486
-70.421
-70.391
-70.452
-70.487
-70.425
-70.4
-70.39
-70.267
-70.268
-70.282
-70.337
-70.422
-70.422
-70.435
-70.502
-70.466
-70.482
-70.459
-70.465
-70.484
-70.511
-70.543
-70.48
-70.421
-70.413
-70.459
-70.468
-70.453
-70.362
-70.298
-70.353
-70.429
-70.443
-70.413
-70.487
-70.519
-70.543
-70.516
-70.58
-70.564
-70.601
-70.635
-70.572
-70.559
-70.522
-70.622
-70.665
-70.585
-70.544
-70.56
-70.542
-70.449
-70.44
-70.295
-70.259
-70.22
-70.241
-70.347
-70.317
-70.334
-70.265
-70.308
-70.305
-70.394
-70.442
-70.433
-70.403
-70.322
-70.325
-70.296
-70.133
-70.154
-70.15
-70.143
-70.12
-70.069
-70.082
-70.028
-69.954
-69.955
-69.906
-69.897
-69.932
-69.942
-69.947
-69.948
-69.96
-69.97
-69.942
-69.934
-69.935
-69.919
-69.927
-69.944
-69.967
-69.925
-69.888
-69.989
-70.012
-69.956
-69.967
-69.963
-69.938
-70.027
-69.987
-69.897
-69.928
-69.951
-69.956
-69.987
-70.009
-69.972
-69.926
-69.964
-70.025
-70.074
-70.041
-69.995
-69.918
-69.828
-69.943
-69.87
-69.773
-69.807
-69.729
-69.778
-69.786
-69.782
-69.795
-69.77
-69.704
-69.653
-69.577
-69.522
-69.485
-69.584
-69.559
-69.47
-69.408
-69.389
-69.24
-69.156
-69.217
-69.134
-69.124
-69.092
-69.026
-68.962
-68.937
-68.979
-69.014
-68.904
-68.853
-68.821
-68.704
-68.747
-68.744
-68.702
-68.678
-68.657
-68.582
-68.56
-68.47
-68.516
-68.508
-68.392
-68.391
-68.265
-68.138
-68.026
-68.015
-68.062
-68.022
-68.013
-67.914
-67.776
-67.759
-67.781
-67.701
-67.688
-67.656
-67.606
-67.622
-67.637
-67.592
-67.618
-67.596
-67.551
-67.551
-67.518
-67.433
-67.384
-67.488
-67.362
-67.35
-67.319
-67.244
-67.206
-67.196
-67.138
-67.106
-67.107
-67.152
-67.149
-67.223
-67.209
-67.25
-67.267
-67.182
-67.156
-67.097
-66.939
-66.91
-66.877
-66.878
-66.814
-66.765
-66.748
-66.64
-66.633
-66.622
-66.703
-66.712
-66.723
-66.729
-66.745
-66.757
-66.765
-66.75
-66.697
-66.7
-66.626
-66.479
-66.498
-66.368
-66.337
-66.288
-66.303
-66.364
-66.402
-66.353
-66.455
-66.506
-66.529
-66.566
-66.556
-66.519
-66.509
-66.496
-66.474
-66.433
-66.514
-66.517
-66.507
-66.514
-66.526
-66.544
-66.536
-66.547
-66.48
-66.436
-66.491
-66.409
-66.417
-66.34
-66.303
-66.265
-66.231
-66.323
-66.33
-66.361
-66.374
-66.342
-66.283
-66.242
-66.289
-66.188
-66.255
-66.241
-66.213
-66.3
-66.245
-66.178
-66.275
-66.27
-66.296
-66.361
-66.28
-66.208
-66.275
-66.313
-66.265
-66.226
-66.192
-66.285
-66.25
-66.277
-66.222
-66.291
-66.258
-66.266
-66.174
-66.137
-66.076
-66.047
-66.074
-66.02
-66.116
-66.12
-66.121
-66.034
-66.024
-66.027
-66.032
-65.953
-66.006
-66.06
-66.085
-66.152
-66.135
-66.172
-66.168
-66.252
-66.19
-66.157
-66.132
-66.096
-66.134
-65.966
-65.897
-65.874
-65.866
-65.878
-65.91
-65.844
-65.812
-65.865
-65.84
-65.843
-65.891
-65.898
-65.945
-65.872
-65.933
-65.913
-65.944
-65.999
-65.908
-65.901
-65.958
-65.854
-65.854
-65.797
-65.782
-65.774
-65.71
-65.702
-65.777
-65.728
-65.736
-65.819
-65.847
-65.826
-65.778
-65.827
-65.835
-65.843
-65.814
-65.85
-65.874
-65.918
-65.949
-65.991
-65.932
-65.938
-65.956
-66.006
-65.956
-65.924
-65.923
-65.98
-65.921
-65.929
-65.952
-65.995
-66.018
-65.946
-65.941
-66.04
-66.075
-66.079
-65.971
-66.056
-66.046
-66.098
-66.187
-66.172
-66.09
-66.155
-66.183
-66.159
-66.124
-66.044
-65.967
-65.972
-65.937
-65.936
-65.94
-65.968
-66.087
-66.088
-66.118
-66.169
-66.256
-66.294
-66.201
-66.245
-66.221
-66.295
-66.252
-66.246
-66.221
-66.138
-66.093
-66.043
-66.123
-66.147
-66.136
-66.173
-66.11
-66.095
-66.084
-65.966
-65.972
-65.921
-65.923
-65.874
-65.79
-65.803
-65.759
-65.738
-65.767
-65.792
-65.762
-65.776
-65.792
-65.827
-65.805
-65.821
-65.801
-65.769
-65.715
-65.739
-65.725
-65.754
-65.676
-65.607
-65.596
-65.633
-65.626
-65.595
-65.612
-65.658
-65.778
-65.789
-65.771
-65.766
-65.745
-65.723
-65.778
-65.748
-65.711
-65.827
-65.879
-65.856
-65.822
-65.805
-65.864
-65.923
-65.864
-65.848
-65.838
-65.869
-65.84
-65.841
-65.854
-65.882
-65.882
-65.846
-65.791
-65.733
-65.719
-65.665
-65.624
-65.63
-65.691
-65.674
-65.681
-65.667
-65.706
-65.693
-65.695
-65.706
-65.738
-65.664
-65.693
-65.643
-65.647
-65.632
-65.641
-65.685
-65.662
-65.579
-65.537
-65.537
-65.449
-65.454
-65.516
-65.595
-65.592
-65.589
-65.486
-65.579
-65.64
-65.674
-65.723
-65.75
-65.743
-65.708
-65.75
-65.751
-65.764
-65.709
-65.746
-65.707
-65.707
-65.762
-65.702
-65.75
-65.71
-65.721
-65.772
-65.817
-65.773
-65.79
-65.791
-65.825
-65.823
-65.871
-65.845
-65.819
-65.778
-65.748
-65.703
-65.655
-65.643
-65.635
-65.641
-65.653
-65.682
-65.712
-65.676
-65.712
-65.719
-65.708
-65.709
-65.708
-65.705
-65.725
-65.722
-65.734
-65.663
-65.677
-65.713
-65.71
-65.64
-65.74
-65.848
-65.947
-65.968
-65.958
-66.024
-66.076
-66.159
-66.144
-66.285
-66.305
-66.339
-66.411
-66.482
-66.49
-66.623
-66.577
-66.592
-66.536
-66.493
-66.476
-66.437
-66.434
-66.422
-66.396
-66.4
-66.378
-66.332
-66.338
-66.366
-66.342
-66.402
-66.361
-66.321
-66.346
-66.33
-66.277
-66.289
-66.297
-66.285
-66.303
-66.272
-66.285
-66.367
-66.453
-66.457
-66.457
-66.442
-66.527
-66.599
-66.735
-66.825
-66.834
-66.796
-66.737
-66.716
-66.902
-66.986
-66.988
-66.962
-67.009
-67.025
-66.969
-66.965
-66.925
-67.02
-66.991
-67.027
-67.018
-66.996
-67.012
-66.97
-66.886
-66.881
-66.97
-66.991
-67.08
-67.009
-66.96
-66.931
-66.835
-66.791
-66.81
-66.857
-66.84
-66.902
-66.96
-67.035
-66.917
-66.898
-66.864
-66.79
-66.784
-66.935
-66.946
-66.988
-66.969
-66.98
-67.011
-67.035
-67.07
-66.928
-66.931
-66.958
-66.997
-67.02
-66.938
-66.919
-66.925
-66.906
-66.911
-66.843
-66.851
-66.898
-66.965
-67.011
-67.03
-67.132
-67.141
-67.078
-67.058
-67.154
-67.182
-67.093
-67.102
-67.133
-67.206
-67.231
-67.169
-67.226
-67.165
-67.094
-67.118
-67.1
-67.05
-67.054
-66.95
-67.011
-66.992
-66.951
-66.915
-66.877
-66.915
-66.903
-66.934
-67.036
-67.033
-67.034
-66.984
-67.011
-67.052
-67.062
-67.076
-67.037
-67.049
-67.03
-67.009
-66.975
-67.053
-67.022
-66.982
-67.015
-67.04
-67.126
-67.086
-66.965
-66.967
-66.926
-67.023
-67.092
-67.118
-67.11
-67.123
-67.096
-67.121
-67.019
-67.033
-66.998
-66.98
-66.994
-66.913
-66.897
-66.948
-66.934
-66.891
-67.017
-67.133
-67.165
-67.246
-67.241
-67.347
-67.294
-67.32
-67.318
-67.303
-67.289
-67.33
-67.313
-67.374
-67.337
-67.258
-67.358
-67.332
-67.33
-67.317
-67.33
-67.295
-67.258
-67.207
-67.311
-67.211
-67.244
-67.311
-67.331
-67.261
-67.305
-67.384
-67.454
-67.482
-67.581
-67.617
-67.602
-67.598
-67.595
-67.629
-67.706
-67.692
-67.714
-67.741
-67.78
-67.792
-67.747
-67.793
-67.857
-67.917
-67.914
-67.934
-67.895
-67.929
-67.928
-67.976
-68.003
-67.906
-67.94
-67.92
-67.913
-67.867
-67.833
-67.772
-67.757
-67.773
-67.84
-67.805
-67.88
-67.8
-67.793
-67.834
-67.887
-67.927
-68.017
-68.019
-68.025
-68.089
-68.127
-68.143
-68.171
-68.212
-68.203
-68.193
-68.155
-68.238
-68.286
-68.262
-68.333
-68.335
-68.378
-68.455
-68.487
-68.52
-68.47
-68.507
-68.515
-68.508
-68.539
-68.55
-68.584
-68.556
-68.64
-68.742
-68.739
-68.749
-68.772
-68.817
-68.803
-68.815
-68.798
-68.95
-68.968
-68.89
-68.9
-68.863
-68.86
-68.897
-68.837
-68.78
-68.866
-68.922
-68.881
-68.924
-68.943
-68.965
-69.085
-69.038
-69.007
-69.041
-69.059
-69.102
-69.101
-69.114
-69.186
-69.214
-69.133
-69.109
-69.118
-69.081
-69.073
-69.029
-69.063
-69.144
-69.233
-69.243
-69.19
-69.159
-69.273
-69.288
-69.279
-69.223
-69.386
-69.401
-69.349
-69.42
-69.497
-69.54
-69.551
-69.596
-69.643
-69.681
-69.728
-69.662
-69.732
-69.738
-69.66
-69.584
-69.591
-69.594
-69.607
-69.627
-69.597
-69.466
-69.468
-69.434
-69.386
-69.398
-69.471
-69.568
-69.661
-69.699
-69.73
-69.759
-69.666
-69.688
-69.759
-69.74
-69.769
-69.887
-69.881
-69.865
-69.868
-69.933
-69.965
-69.999
-69.954
-69.961
-70.04
-70.064
-70.095
-70.076
-70.095
-70.092
-70.154
-70.131
-70.134
-70.239
-70.303
-70.215
-70.236
-70.271
-70.226
-70.315
-70.213
-70.253
-70.249
-70.149
-70.071
-70.089
-70.083
-70.027
-69.939
-69.794
-69.821
-69.818
-69.918
-69.983
-69.943
-70.001
-70
-69.981
-69.909
-69.904
-69.943
-69.941
-69.942
-70.03
-70.066
-70.114
-70.176
-70.134
-70.158
-70.187
-70.204
-70.314
-70.331
-70.337
-70.35
-70.358
-70.389
-70.373
-70.289
-70.288
-70.334
-70.383
-70.34
-70.336
-70.328
-70.357
-70.365
-70.333
-70.401
-70.357
-70.26
-70.217
-70.25
-70.214
-70.244
-70.274
-70.306
-70.247
-70.248
-70.193
-70.271
-70.2
-70.175
-70.207
-70.187
-70.172
-70.156
-70.292
-70.331
-70.281
-70.317
-70.302
-70.287
-70.282
-70.334
-70.368
-70.286
-70.371
-70.344
-70.213
-70.213
-70.198
-70.19
-70.219
-70.204
-70.127
-70.184
-70.181
-70.24
-70.184
-70.216
-70.219
-70.143
-70.214
-70.211
-70.228
-70.11
-69.987
-69.976
-69.989
-70.06
-70.071
-70.029
-70.023
-70.135
-70.143
-70.251
-70.346
-70.432
-70.448
-70.455
-70.342
-70.229
-70.26
-70.153
-70.102
-70.032
-69.978
-69.822
-69.853
-69.875
-69.886
-69.801
-69.719
-69.686
-69.547
-69.462
-69.449
-69.419
-69.412
-69.329
-69.189
-69.081
-69
-68.862
-68.828
-68.801
-68.747
-68.65
-68.469
-68.3
-68.214
-68.006
-67.853
-67.793
-67.613
-67.55
-67.405
-67.316
-67.227
-67.185
-67.093
-66.984
-66.864
-66.673
-66.635
-66.528
-66.357
-66.161
-65.957
-65.833
-65.729
-65.573
-65.561
-65.413
-65.215
-65.092
-65.031
-64.995
-64.852
-64.784
-64.671
-64.517
-64.392
-64.233
-64.082
-63.95
-63.765
-63.639
-63.453
-63.349
-63.196
-63.067
-62.996
-62.88
-62.77
-62.584
-62.417
-62.268
-62.101
-61.996
-61.878
-61.743
-61.626
-61.437
-61.258
-61.189
-61.016
-60.945
-60.764
-60.613
-60.509
-60.285
-60.109
-59.931
-59.904
-59.855
-59.811
-59.656
-59.513
-59.434
-59.277
-59.089
-59.039
-58.992
-58.867
-58.747
-58.604
-58.399
-58.324
-58.204
-58.037
-57.907
-57.746
-57.634
-57.521
-57.36
-57.237
-57.234
-57.078
-56.881
-56.738
-56.573
-56.51
-56.344
-56.201
-56.149
-56.093
-56.061
-55.97
-55.836
-55.745
-55.694
-55.561
-55.439
-55.323
-55.153
-55.039
-54.904
-54.842
-54.687
-54.581
-54.408
-54.275
-54.203
-54.123
-53.954
-53.715
-53.598
-53.445
-53.335
-53.227
-53.127
-52.85
-52.687
-52.544
-52.346
-52.164
-52.002
-51.871
-51.78
-51.542
-51.332
-51.127
-50.839
-50.575
-50.28
-49.922
-49.639
-49.34
-48.994
-48.66
-48.306
-48.023
-47.655
-47.204
-46.705
-46.21
-45.708
-45.125
-45
-45
-45
-45
-45
-45
-45
-45
-45
-45
-45
-45
-45
-45
-45
-45
-45
-45
-45
-45
-45
-45
-45
-45
-45
-45
-45
-45
-45
-45
-45
-45
-45
-45
-45
-45
-45
-45
-45
-45
-45
-45
-45
-45
-45
-45
-45
-45
-45
-45
-45
-45
-45
-45
-45
-45
-45
-45
-45
-45
-45
-45
-45
-45
-45
-45
-45
-45
-45
-45
-45
-45
-45
-45
-45
-45
-45
-45
-45
-45
-45
-45
-45
-45
-45
-45
-45
-45
-45
-45
-45
-45
-45
-45
-45
-45
-45
-45
-45
-45
-45
-45
-45
-45
-45
-45
-45
-45
-45
-45
-45
-45
-45
-45
-45
-45
-45
-45
-45
-45
-45
-45
-45
-45
-45
-45
-45
-45
-45
-45
-45
-45
-45
-45
-45
-45
-45
-45
-45
-45
-45
-45.496
-46.12
-46.783
-47.431
-48.133
-48.778
-49.488
-50.07
-50.717
-51.359
-51.947
-52.513
-53.033
-53.611
-54.228
-54.717
-55.212
-55.715
-56.305
-56.679
-57.138
-57.638
-57.948
-58.405
-58.865
-59.208
-59.615
-59.949
-60.341
-60.68
-61
-61.201
-61.481
-61.702
-61.972
-62.282
-62.548
-62.735
-62.952
-63.152
-63.427
-63.655
-63.837
-63.923
-64.093
-64.197
-64.394
-64.519
-64.604
-64.701
-64.791
-64.903
-65.035
-65.05
-65.164
-65.22
-65.345
-65.487
-65.564
-65.681
-65.809
-65.884
-65.955
-65.958
-66.038
-66.053
-66.106
-66.086
-66.001
-66.097
-66.243
-66.333
-66.344
-66.439
-66.408
-66.463
-66.444
-66.517
-66.479
-66.31
-66.154
-66.174
-66.123
-66.075
-66.153
-66.087
-66.105
-66.052
-65.921
-65.937
-65.997
-65.988
-65.988
-66.002
-65.929
-65.856
-65.804
-65.761
-65.789
-65.809
-65.8
-65.712
-65.631
-65.501
-65.41
-65.252
-65.222
-65.151
-65.051
-64.985
-64.935
-64.941
-64.917
-64.88
-64.792
-64.63
-64.56
-64.517
-64.499
-64.419
-64.423
-64.413
-64.308
-64.184
-64.107
-64.047
-63.926
-63.857
-63.767
-63.659
-63.579
-63.487
-63.448
-63.452
-63.348
-63.284
-63.169
-63.038
-62.914
-62.855
-62.752
-62.665
-62.59
-62.459
-62.374
-62.221
-62.133
-61.947
-61.854
-61.772
-61.619
-61.554
-61.376
-61.229
-61.091
-61.004
-60.809
-60.619
-60.462
-60.306
-60.096
-59.929
-59.815
-59.695
-59.593
-59.442
-59.23
-59.099
-58.968
-58.831
-58.666
-58.59
-58.381
-58.307
-58.182
-58.126
-57.951
-57.692
-57.608
-57.545
-57.385
-57.129
-56.998
-56.917
-56.742
-56.583
-56.521
-56.405
-56.176
-56.089
-55.937
-55.755
-55.633
-55.484
-55.339
-55.163
-55.088
-54.966
-54.843
-54.72
-54.574
-54.336
-54.174
-54.037
-53.833
-53.72
-53.522
-53.33
-53.139
-53
-52.778
-52.63
-52.511
-52.32
-52.184
-52.027
-51.973
-51.795
-51.627
-51.453
-51.266
-51.093
-50.915
-50.7
-50.561
-50.405
-50.174
-49.979
-49.833
-49.62
-49.382
-49.072
-48.772
-48.46
-48.208
-47.881
-47.526
-47.157
-46.86
-46.473
-46.054
-45.584
-45.19
-45
-45
-45
-45
-45
-45
-45
-45
-45
-45
-45
-45
-45
-45
-45
-45
-45
-45
-45
-45
-45
-45
-45
-45
-45
-45
-45
-45
-45
-45
-45
-45
-45
-45
-45
-45
-45
-45
-45
-45
-45
-45
-45
-45
-45
-45
-45
-45
-45
-45
-45
-45
-45
-45
-45
-45
-45
-45
-45
-45
-45
-45
-45
-45
-45
-45
-45
-45
-45
-45
-45
-45
-45
-45
-45
-45
-45
-45
-45
-45
-45
-45
-45
-45
-45
-45
-45
-45
-45
-45
-45
-45
-45
-45
-45
-45
-45
-45
-45
-45
-45
-45
-45
-45
-45
-45
-45
-45
-45
-45
-45
-45
-45
-45
-45
-45
-45
-45
-45
-45
-45
-45
-45
-45
-45
-45
-45
-45
-45
-45
-45
-45
-45
-45
-45.401
-45.999
-46.65
-47.233
-47.878
-48.46
-49.049
-49.644
-50.185
-50.812
-51.338
-52.016
-52.457
-52.89
-53.377
-53.844
-54.33
-54.907
-55.263
-55.709
-56.216
-56.671
-57.176
-57.583
-57.988
-58.341
-58.734
-59.168
-59.557
-59.894
-60.14
-60.422
-60.713
-61.046
-61.345
-61.597
-61.821
-62.007
-62.291
-62.449
-62.718
-62.897
-63.084
-63.265
-63.514
-63.775
-63.884
-64.079
-64.25
-64.361
-64.558
-64.657
-64.738
-64.921
-65.049
-65.145
-65.274
-65.307
-65.479
-65.526
-65.629
-65.752
-65.869
-65.917
-65.929
-65.98
-66.081
-66.187
-66.329
-66.333
-66.343
-66.401
-66.443
-66.523
-66.422
-66.471
-66.538
-66.599
-66.649
-66.682
-66.71
-66.784
-66.812
-66.877
-66.959
-67.082
-67.156
-67.148
-67.15
-67.197
-67.194
-67.215
-67.299
-67.239
-67.179
-67.146
-67.151
-67.088
-66.938
-67.014
-67.033
-66.933
-66.932
-66.864
-66.794
-66.764
-66.617
-66.6
-66.555
-66.562
-66.469
-66.512
-66.56
-66.542
-66.448
-66.466
-66.447
-66.477
-66.38
-66.254
-66.201
-66.182
-66.227
-66.241
-66.21
-66.196
-66.121
-66.132
-66.038
-66.041
-66.052
-66.042
-66.005
-65.924
-65.875
-65.864
-65.81
-65.782
-65.744
-65.688
-65.647
-65.581
-65.485
-65.477
-65.478
-65.386
-65.377
-65.394
-65.347
-65.33
-65.333
-65.28
-65.29
-65.161
-65.174
-65.125
-64.981
-64.922
-64.888
-64.869
-64.839
-64.841
-64.768
-64.731
-64.587
-64.534
-64.54
-64.427
-64.399
-64.299
-64.312
-64.309
-64.256
-64.173
-64.122
-64.101
-64.046
-63.987
-63.956
-63.93
-63.832
-63.687
-63.626
-63.498
-63.424
-63.332
-63.348
-63.301
-63.276
-63.225
-63.092
-62.988
-62.983
-62.906
-62.984
-62.902
-62.895
-62.909
-62.914
-62.89
-62.868
-62.771
-62.748
-62.669
-62.714
-62.707
-62.619
-62.637
-62.611
-62.565
-62.566
-62.57
-62.592
-62.583
-62.573
-62.627
-62.562
-62.491
-62.42
-62.304
-62.32
-62.321
-62.154
-62.168
-62.142
-62.014
-61.964
-61.992
-61.973
-61.945
-61.883
-61.853
-61.936
-61.898
-61.919
-61.841
-61.774
-61.819
-61.75
-61.681
-61.607
-61.537
-61.539
-61.47
-61.396
-61.393
-61.338
-61.29
-61.19
-61.147
-61.053
-61
-60.991
-60.943
-60.839
-60.737
-60.666
-60.713
-60.677
-60.704
-60.656
-60.63
-60.604
-60.644
-60.497
-60.46
-60.499
-60.557
-60.545
-60.556
-60.603
-60.562
-60.55
-60.562
-60.533
-60.536
-60.464
-60.545
-60.487
-60.546
-60.508
-60.487
-60.476
-60.45
-60.501
-60.457
-60.453
-60.332
-60.308
-60.264
-60.168
-60.006
-59.992
-59.908
-59.895
-59.835
-59.844
-59.849
-59.888
-59.933
-59.848
-59.816
-59.743
-59.653
-59.609
-59.513
-59.567
-59.515
-59.456
-59.373
-59.327
-59.293
-59.29
-59.197
-59.151
-58.975
-58.739
-58.664
-58.662
-58.593
-58.606
-58.629
-58.556
-58.537
-58.473
-58.296
-58.298
-58.263
-58.201
-58.089
-57.996
-57.9
-57.883
-57.775
-57.618
-57.45
-57.429
-57.352
-57.355
-57.336
-57.284
-57.157
-57.1
-57.065
-57.061
-57.015
-56.969
-56.91
-56.796
-56.629
-56.505
-56.54
-56.54
-56.513
-56.481
-56.555
-56.503
-56.449
-56.366
-56.199
-56.107
-55.994
-55.827
-55.83
-55.778
-55.771
-55.697
-55.516
-55.369
-55.221
-55.102
-55.084
-55.065
-55.021
-54.988
-54.916
-54.816
-54.812
-54.797
-54.688
-54.616
-54.668
-54.639
-54.512
-54.463
-54.31
-54.23
-54.151
-54.122
-54.097
-54.099
-54.086
-53.901
-53.782
-53.665
-53.658
-53.595
-53.522
-53.391
-53.37
-53.283
-53.26
-53.214
-53.163
-53.107
-52.959
-52.844
-52.719
-52.6
-52.47
-52.369
-52.171
-52.114
-52.001
-51.876
-51.808
-51.601
-51.376
-51.292
-51.183
-51.067
-50.932
-50.753
-50.611
-50.532
-50.374
-50.182
-50.009
-49.88
-49.694
-49.42
-49.212
-49.063
-48.876
-48.63
-48.444
-48.19
-47.897
-47.622
-47.206
-46.787
-46.444
-46.018
-45.572
-45.111
-45
-45
-45
-45
-45
-45
-45
-45
-45
-45
-45
-45
-45
-45
-45
-45
-45
-45
-45
-45
-45
-45
-45
-45
-45
-45
-45
-45
-45
-45
-45
-45
-45
-45
-45
-45
-45
-45
-45
-45
-45
-45
-45
-45
-45
-45
-45
-45
-45
-45
-45
-45
-45
-45
-45
-45
-45
-45
-45
-45
-45
-45
-45
-45
-45
-45
-45
-45
-45
-45
-45
-45
-45
-45
-45
-45
-45
-45
-45
-45
-45
-45
-45
-45
-45
-45
-45
-45
-45
-45
-45
-45
-45
-45
-45
-45
-45
-45
-45
-45
-45
-45
-45
-45
-45
-45
-45
-45
-45
-45
-45
-45
-45
-45
-45
-45
-45
-45
-45
-45
-45
-45
-45
-45
-45
-45
-45
-45
-45
-45
-45
-45
-45
-45
-45.169
-45.861
-46.493
-47.228
-47.915
-48.572
-49.236
-49.872
-50.589
-51.249
-51.98
-52.612
-53.256
-53.883
-54.568
-55.224
-55.734
-56.348
-56.836
-57.338
-57.876
-58.42
-58.87
-59.361
-59.715
-60.154
-60.56
-60.911
-61.306
-61.777
-62.153
-62.462
-62.818
-63.163
-63.491
-63.781
-64.03
-64.288
-64.617
-64.854
-65.029
-65.258
-65.536
-65.812
-65.942
-66.19
-66.478
-66.646
-66.841
-66.951
-67.107
-67.313
-67.368
-67.475
-67.567
-67.752
-67.808
-67.972
-68.12
-68.235
-68.321
-68.362
-68.415
-68.527
-68.618
-68.757
-68.882
-69.008
-69.091
-69.126
-69.137
-69.167
-69.172
-69.24
-69.35
-69.485
-69.451
-69.582
-69.643
-69.722
-69.769
-69.899
-69.878
-69.898
-69.884
-69.952
-69.985
-70.019
-69.927
-69.982
-70.067
-70.157
-70.167
-70.168
-70.19
-70.182
-70.209
-70.164
-70.216
-70.164
-70.167
-70.228
-70.137
-70.209
-70.284
-70.18
-70.244
-70.326
-70.309
-70.34
-70.372
-70.335
-70.4
-70.448
-70.418
-70.413
-70.412
-70.446
-70.446
-70.435
-70.359
-70.39
-70.35
-70.294
-70.281
-70.277
-70.282
-70.263
-70.296
-70.266
-70.303
-70.297
-70.349
-70.339
-70.305
-70.285
-70.197
-70.133
-70.096
-69.989
-69.893
-69.937
-69.909
-69.927
-69.954
-69.916
-69.851
-69.824
-69.763
-69.699
-69.781
-69.747
-69.764
-69.643
-69.644
-69.61
-69.648
-69.666
-69.702
-69.792
-69.717
-69.821
-69.798
-69.713
-69.784
-69.787
-69.812
-69.932
-69.877
-69.869
-69.815
-69.937
-69.827
-69.762
-69.793
-69.907
-69.867
-69.925
-69.905
-69.853
-69.816
-69.85
-69.774
-69.799
-69.754
-69.663
-69.708
-69.78
-69.779
-69.813
-69.832
-69.799
-69.775
-69.811
-69.803
-69.81
-69.799
-69.816
-69.772
-69.794
-69.826
-69.844
-69.958
-69.969
-69.992
-70.053
-70.004
-70.022
-69.972
-70.067
-70.061
-70.071
-70.024
-69.946
-69.897
-69.868
-69.828
-69.853
-69.825
-69.801
-69.881
-69.914
-69.964
-69.973
-69.991
-69.951
-69.946
-69.895
-69.829
-69.723
-69.733
-69.648
-69.643
-69.699
-69.753
-69.734
-69.738
-69.65
-69.647
-69.678
-69.764
-69.831
-69.839
-69.74
-69.791
-69.782
-69.725
-69.727
-69.723
-69.758
-69.752
-69.749
-69.713
-69.805
-69.737
-69.733
-69.736
-69.778
-69.751
-69.778
-69.772
-69.878
-69.881
-69.823
-69.77
-69.782
-69.777
-69.822
-69.767
-69.773
-69.706
-69.742
-69.779
-69.802
-69.793
-69.713
-69.717
-69.673
-69.687
-69.717
-69.772
-69.719
-69.703
-69.712
-69.716
-69.699
-69.71
-69.692
-69.693
-69.689
-69.647
-69.566
-69.567
-69.573
-69.52
-69.551
-69.492
-69.413
-69.375
-69.459
-69.407
-69.356
-69.357
-69.389
-69.364
-69.345
-69.33
-69.265
-69.227
-69.186
-69.099
-69.154
-69.129
-69.194
-69.175
-69.245
-69.281
-69.323
-69.302
-69.346
-69.384
-69.401
-69.522
-69.554
-69.522
-69.44
-69.501
-69.399
-69.395
-69.437
-69.414
-69.4
-69.423
-69.403
-69.376
-69.412
-69.403
-69.417
-69.378
-69.418
-69.411
-69.362
-69.401
-69.354
-69.333
-69.343
-69.359
-69.428
-69.43
-69.426
-69.425
-69.504
-69.508
-69.573
-69.54
-69.57
-69.521
-69.482
-69.395
-69.369
-69.361
-69.406
-69.422
-69.45
-69.544
-69.556
-69.569
-69.567
-69.564
-69.653
-69.649
-69.538
-69.643
-69.602
-69.561
-69.587
-69.632
-69.681
-69.774
-69.915
-69.945
-70
-70.071
-70.075
-70.119
-70.139
-70.181
-70.348
-70.309
-70.433
-70.425
-70.346
-70.289
-70.297
-70.266
-70.298
-70.327
-70.364
-70.383
-70.443
-70.43
-70.374
-70.393
-70.486
-70.494
-70.43
-70.472
-70.488
-70.542
-70.665
-70.542
-70.475
-70.461
-70.509
-70.487
-70.43
-70.405
-70.396
-70.381
-70.329
-70.298
-70.326
-70.425
-70.506
-70.409
-70.32
-70.324
-70.318
-70.337
-70.371
-70.301
-70.248
-70.288
-70.34
-70.34
-70.338
-70.273
-70.268
-70.237
-70.266
-70.371
-70.362
-70.417
-70.471
-70.59
-70.635
-70.697
-70.772
-70.707
-70.683
-70.743
-70.679
-70.779
-70.796
-70.882
-70.852
-70.958
-70.969
-71.022
-70.956
-70.87
-70.829
-70.9
-70.943
-70.884
-70.911
-70.99
-71.062
-71.09
-71.079
-71.034
-71.084
-71.104
-71.2
-71.212
-71.248
-71.266
-71.282
-71.413
-71.395
-71.371
-71.277
-71.329
-71.437
-71.427
-71.326
-71.298
-71.372
-71.36
-71.386
-71.387
-71.425
-71.368
-71.285
-71.415
-71.52
-71.409
-71.38
-71.376
-71.331
-71.417
-71.389
-71.405
-71.485
-71.457
-71.397
-71.469
-71.453
-71.437
-71.438
-71.417
-71.39
-71.476
-71.552
-71.581
-71.606
-71.533
-71.536
-71.645
-71.647
-71.581
-71.588
-71.595
-71.589
-71.572
-71.653
-71.654
-71.752
-71.874
-71.863
-71.872
-72.015
-71.957
-71.939
-71.996
-72.041
-72.162
-72.158
-72.166
-72.19
-72.286
-72.267
-72.254
-72.228
-72.229
-72.383
-72.322
-72.293
-72.247
-72.351
-72.453
-72.475
-72.477
-72.446
-72.48
-72.485
-72.524
-72.547
-72.481
-72.517
-72.548
-72.543
-72.492
-72.419
-72.419
-72.43
-72.485
-72.502
-72.57
-72.595
-72.597
-72.609
-72.639
-72.672
-72.674
-72.743
-72.75
-72.76
-72.712
-72.727
-72.755
-72.8
-72.706
-72.732
-72.732
-72.875
-72.799
-72.748
-72.868
-73
-72.975
-73.011
-73.068
-73.065
-73.029
-73.09
-73.192
-73.253
-73.212
-73.191
-73.231
-73.201
-73.241
-73.401
-73.383
-73.319
-73.402
-73.451
-73.426
-73.53
-73.609
-73.685
-73.702
-73.797
-73.804
-73.799
-73.797
-73.8
-73.832
-73.87
-73.914
-73.982
-73.928
-73.919
-73.926
-73.937
-73.899
-73.858
-73.852
-73.793
-73.786
-73.823
-73.812
-73.837
-73.831
-73.838
-73.866
-73.915
-74.011
-74.021
-74.003
-74.002
-73.978
-73.899
-73.972
-74.01
-73.977
-74.063
-74.228
-74.247
-74.186
-74.118
-74.076
-74.078
-74.072
-74.036
-74.073
-74.15
-74.12
-74.169
-74.182
-74.266
-74.283
-74.303
-74.275
-74.193
-74.109
-74.117
-74.206
-74.227
-74.229
-74.279
-74.198
-74.213
-74.199
-74.283
-74.238
-74.256
-74.426
-74.505
-74.577
-74.584
-74.479
-74.526
-74.434
-74.401
-74.485
-74.508
-74.552
-74.6
-74.588
-74.554
-74.581
-74.531
-74.572
-74.583
-74.626
-74.704
-74.651
-74.591
-74.632
-74.6
-74.482
-74.6
-74.604
-74.431
-74.413
-74.552
-74.534
-74.621
-74.577
-74.591
-74.575
-74.506
-74.581
-74.494
-74.527
-74.452
-74.409
-74.359
-74.286
-74.245
-74.142
-74.15
-74.147
-74.195
-74.154
-74.12
-74.122
-74.084
-74.031
-74.098
-74.138
-74.057
-74.031
-74.003
-74.082
-74.02
-73.944
-73.945
-73.905
-73.863
-73.804
-73.775
-73.739
-73.846
-73.747
-73.783
-73.767
-73.688
-73.788
-73.799
-73.719
-73.69
-73.738
-73.74
-73.753
-73.661
-73.583
-73.563
-73.582
-73.579
-73.569
-73.626
-73.503
-73.406
-73.413
-73.397
-73.355
-73.391
-73.328
-73.224
-73.231
-73.258
-73.303
-73.255
-73.222
-73.232
-73.338
-73.303
-73.218
-73.143
-73.106
-73.001
-72.948
-72.869
-72.784
-72.788
-72.698
-72.626
-72.588
-72.615
-72.61
-72.551
-72.485
-72.415
-72.397
-72.46
-72.379
-72.422
-72.449
-72.441
-72.505
-72.506
-72.449
-72.383
-72.353
-72.238
-72.216
-72.241
-72.218
-72.208
-72.186
-72.173
-72.239
-72.325
-72.274
-72.316
-72.251
-72.217
-72.271
-72.173
-72.18
-72.178
-72.139
-72.166
-72.239
-72.208
-72.21
-72.171
-72.152
-72.079
-72.086
-72.023
-72.039
-72.07
-71.957
-71.954
-71.978
-71.974
-71.899
-71.887
-71.8
-71.863
-71.924
-71.8
-71.744
-71.758
-71.692
-71.624
-71.497
-71.43
-71.303
-71.312
-71.274
-71.236
-71.269
-71.275
-71.227
-71.254
-71.196
-71.143
-71.065
-71.004
-70.978
-70.906
-70.998
-71.011
-71
-70.984
-70.856
-70.901
-70.869
-70.857
-70.827
-70.796
-70.753
-70.707
-70.621
-70.621
-70.631
-70.662
-70.623
-70.584
-70.616
-70.476
-70.439
-70.356
-70.229
-70.286
-70.236
-70.271
-70.286
-70.39
-70.326
-70.342
-70.408
-70.333
-70.275
-70.313
-70.229
-70.132
-70.166
-70.104
-70.121
-70.091
-70.128
-70.055
-70.063
-69.946
-69.906
-69.892
-69.818
-69.85
-69.776
-69.735
-69.657
-69.576
-69.448
-69.388
-69.399
-69.327
-69.367
-69.348
-69.303
-69.258
-69.104
-69.013
-69.062
-69.037
-69.075
-68.979
-68.925
-68.97
-68.914
-68.833
-68.843
-68.868
-68.855
-68.903
-68.821
-68.891
-68.922
-68.89
-68.862
-68.828
-68.85
-68.852
-68.881
-68.862
-68.833
-68.843
-68.807
-68.735
-68.783
-68.726
-68.728
-68.661
-68.66
-68.723
-68.76
-68.732
-68.772
-68.741
-68.719
-68.679
-68.674
-68.674
-68.69
-68.661
-68.56
-68.521
-68.507
-68.433
-68.398
-68.361
-68.422
-68.406
-68.283
-68.264
-68.347
-68.309
-68.235
-68.26
-68.226
-68.258
-68.278
-68.274
-68.281
-68.282
-68.2
-68.191
-68.116
-68.108
-68.103
-68.137
-68.212
-68.288
-68.266
-68.327
-68.229
-68.181
-68.169
-68.203
-68.201
-68.097
-68.086
-68.08
-68.035
-67.996
-67.935
-67.995
-67.96
-67.82
-67.752
-67.769
-67.659
-67.653
-67.706
-67.721
-67.751
-67.726
-67.653
-67.64
-67.62
-67.58
-67.611
-67.518
-67.527
-67.494
-67.51
-67.551
-67.598
-67.6
-67.598
-67.639
-67.662
-67.674
-67.66
-67.647
-67.619
-67.617
-67.615
-67.518
-67.486
-67.41
-67.39
-67.391
-67.356
-67.339
-67.327
-67.297
-67.431
-67.415
-67.41
-67.358
-67.387
-67.361
-67.356
-67.322
-67.298
-67.301
-67.226
-67.238
-67.282
-67.232
-67.284
-67.253
-67.253
-67.175
-67.232
-67.247
-67.205
-67.162
-67.19
-67.207
-67.286
-67.345
-67.387
-67.371
-67.262
-67.343
-67.267
-67.248
-67.227
-67.206
-67.27
-67.212
-67.251
-67.324
-67.315
-67.241
-67.222
-67.257
-67.262
-67.282
-67.356
-67.421
-67.357
-67.343
-67.407
-67.4
-67.483
-67.629
-67.685
-67.617
-67.563
-67.581
-67.514
-67.565
-67.568
-67.648
-67.707
-67.742
-67.743
-67.698
-67.696
-67.719
-67.809
-67.827
-67.842
-67.904
-67.972
-67.932
-67.923
-67.921
-68.035
-68.056
-68.073
-67.986
-68.068
-67.966
-67.898
-67.858
-67.871
-67.852
-67.81
-67.794
-67.839
-67.887
-67.736
-67.825
-67.874
-67.825
-67.799
-67.693
-67.679
-67.599
-67.643
-67.694
-67.665
-67.718
-67.71
-67.634
-67.639
-67.63
-67.647
-67.753
-67.762
-67.697
-67.714
-67.738
-67.746
-67.8
-67.734
-67.782
-67.72
-67.78
-67.738
-67.68
-67.642
-67.747
-67.737
-67.765
-67.707
-67.743
-67.728
-67.686
-67.696
-67.667
-67.685
-67.659
-67.71
-67.702
-67.747
-67.739
-67.692
-67.648
-67.67
-67.754
-67.821
-67.773
-67.695
-67.674
-67.785
-67.824
-67.74
-67.678
-67.672
-67.699
-67.758
-67.756
-67.811
-67.854
-67.834
-67.94
-67.895
-67.943
-67.922
-67.891
-67.878
-67.944
-67.941
-67.868
-67.962
-67.96
-67.932
-68.05
-68.006
-68.099
-68.073
-68.038
-68.003
-67.993
-67.957
-67.96
-67.946
-67.971
-67.898
-67.88
-67.915
-68.007
-68.018
-68.027
-68.056
-68.097
-68.168
-68.225
-68.29
-68.292
-68.338
-68.386
-68.383
-68.445
-68.53
-68.452
-68.486
-68.54
-68.554
-68.584
-68.558
-68.558
-68.558
-68.559
-68.557
-68.558
-68.528
-68.55
-68.566
-68.673
-68.702
-68.699
-68.722
-68.731
-68.796
-68.802
-68.79
-68.898
-68.96
-68.995
-68.895
-68.939
-68.96
-68.988
-68.968
-69.005
-69.032
-69.024
-69.05
-69.119
-69.205
-69.136
-69.197
-69.218
-69.201
-69.227
-69.337
-69.429
-69.496
-69.522
-69.59
-69.551
-69.576
-69.628
-69.634
-69.62
-69.654
-69.618
-69.59
-69.541
-69.581
-69.676
-69.636
-69.632
-69.685
-69.728
-69.755
-69.801
-69.773
-69.602
-69.629
-69.577
-69.65
-69.649
-69.697
-69.72
-69.798
-69.801
-69.833
-69.893
-69.963
-70.017
-70.021
-70.001
-69.959
-70.006
-69.961
-70.004
-70.005
-70.022
-70.045
-70.038
-70.049
-69.987
-70.025
-70.089
-70.047
-70.004
-70.101
-70.177
-70.142
-70.167
-70.231
-70.268
-70.154
-70.112
-70.161
-70.277
-70.35
-70.44
-70.419
-70.429
-70.451
-70.5
-70.361
-70.413
-70.36
-70.416
-70.413
-70.45
-70.505
-70.526
-70.573
-70.668
-70.766
-70.761
-70.771
-70.871
-70.98
-70.924
-70.921
-70.901
-70.886
-70.86
-70.808
-70.833
-70.832
-70.828
-70.805
-70.736
-70.711
-70.642
-70.547
-70.528
-70.593
-70.51
-70.525
-70.582
-70.603
-70.72
-70.805
-70.942
-70.891
-70.877
-70.88
-70.932
-70.952
-70.951
-70.992
-71.01
-71.014
-71.073
-71.171
-71.241
-71.251
-71.231
-71.267
-71.324
-71.318
-71.318
-71.37
-71.355
-71.409
-71.387
-71.362
-71.318
-71.238
-71.226
-71.18
-71.201
-71.298
-71.338
-71.358
-71.381
-71.378
-71.403
-71.351
-71.437
-71.305
-71.358
-71.384
-71.352
-71.294
-71.374
-71.386
-71.307
-71.284
-71.297
-71.265
-71.306
-71.272
-71.31
-71.322
-71.279
-71.213
-71.279
-71.214
-71.347
-71.245
-71.253
-71.296
-71.281
-71.223
-71.184
-71.234
-71.316
-71.366
-71.36
-71.377
-71.474
-71.529
-71.628
-71.572
-71.517
-71.528
-71.551
-71.531
-71.506
-71.621
-71.59
-71.593
-71.658
-71.631
-71.729
-71.647
-71.718
-71.765
-71.749
-71.924
-71.863
-71.873
-71.839
-71.864
-71.854
-71.871
-71.838
-71.885
-71.897
-71.949
-71.899
-71.957
-71.922
-71.952
-71.92
-71.942
-71.868
-71.834
-71.801
-71.777
-71.856
-71.87
-71.881
-71.907
-71.926
-71.893
-71.951
-71.964
-72.025
-72.064
-72.076
-72.011
-72.081
-72.067
-71.993
-72.075
-72.043
-72.038
-71.96
-71.98
-72.005
-72.024
-71.936
-71.977
-71.996
-72.031
-72.006
-72.073
-72.158
-72.172
-72.166
-72.146
-72.209
-72.226
-72.231
-72.289
-72.336
-72.423
-72.443
-72.416
-72.345
-72.39
-72.412
-72.456
-72.517
-72.539
-72.566
-72.596
-72.598
-72.573
-72.672
-72.69
-72.69
-72.795
-72.776
-72.852
-72.888
-73.005
-73.005
-73.117
-73.187
-73.149
-73.096
-73.137
-73.051
-73.083
-73.08
-73.132
-73.157
-73.222
-73.348
-73.34
-73.33
-73.3
-73.378
-73.476
-73.446
-73.49
-73.521
-73.569
-73.558
-73.521
-73.539
-73.592
-73.642
-73.643
-73.65
-73.613
-73.614
-73.655
-73.752
-73.756
-73.759
-73.802
-73.816
-73.771
-73.793
-73.844
-73.807
-73.851
-73.893
-73.869
-73.932
-73.975
-74.021
-74.009
-73.991
-74.017
-73.98
-73.89
-73.952
-73.984
-73.948
-73.929
-74.004
-73.987
-73.995
-73.993
-73.925
-73.851
-73.888
-73.873
-73.971
-73.969
-74.047
-74.065
-74.047
-74.056
-74.041
-74.129
-74.191
-74.12
-74.011
-74.023
-74.019
-74.049
-74.08
-74.104
-74.121
-74.174
-74.078
-74.078
-74.142
-74.187
-74.267
-74.33
-74.351
-74.49
-74.533
-74.591
-74.551
-74.515
-74.552
-74.524
-74.561
-74.582
-74.607
-74.615
-74.657
-74.727
-74.755
-74.65
-74.71
-74.758
-74.878
-74.799
-74.874
-74.889
-74.898
-74.951
-74.947
-74.999
-74.991
-75.028
-75.004
-75
-75.06
-75.147
-75.161
-75.236
-75.324
-75.359
-75.361
-75.44
-75.437
-75.519
-75.532
-75.569
-75.572
-75.588
-75.66
-75.69
-75.685
-75.832
-75.856
-75.87
-75.801
-75.789
-75.867
-75.797
-75.796
-75.874
-75.912
-75.942
-75.875
-75.887
-75.922
-75.878
-75.894
-75.869
-75.936
-75.896
-76.007
-76.036
-76.067
-76.155
-76.152
-76.154
-76.097
-76.057
-76.052
-76.154
-76.251
-76.265
-76.212
-76.288
-76.235
-76.217
-76.215
-76.19
-76.186
-76.225
-76.268
-76.308
-76.308
-76.39
-76.397
-76.449
-76.407
-76.373
-76.39
-76.342
-76.293
-76.294
-76.366
-76.444
-76.59
-76.538
-76.484
-76.423
-76.41
-76.503
-76.506
-76.509
-76.469
-76.524
-76.662
-76.673
-76.664
-76.602
-76.581
-76.578
-76.56
-76.603
-76.694
-76.742
-76.671
-76.567
-76.544
-76.586
-76.577
-76.649
-76.641
-76.567
-76.587
-76.468
-76.602
-76.534
-76.468
-76.472
-76.521
-76.514
-76.558
-76.56
-76.569
-76.669
-76.627
-76.7
-76.579
-76.651
-76.62
-76.542
-76.511
-76.505
-76.434
-76.377
-76.38
-76.306
-76.326
-76.24
-76.288
-76.308
-76.369
-76.429
-76.434
-76.489
-76.57
-76.573
-76.563
-76.549
-76.55
-76.487
-76.478
-76.4
-76.384
-76.36
-76.477
-76.366
-76.449
-76.408
-76.477
-76.566
-76.519
-76.531
-76.557
-76.505
-76.42
-76.504
-76.461
-76.446
-76.523
-76.619
-76.657
-76.651
-76.676
-76.611
-76.592
-76.614
-76.529
-76.554
-76.512
-76.641
-76.742
-76.753
-76.733
-76.794
-76.816
-76.777
-76.696
-76.718
-76.788
-76.74
-76.639
-76.652
-76.645
-76.55
-76.519
-76.596
-76.69
-76.775
-76.766
-76.766
-76.826
-76.825
-76.83
-76.88
-76.917
-76.889
-76.901
-76.86
-76.904
-77.036
-77.17
-77.194
-77.25
-77.262
-77.255
-77.214
-77.237
-77.304
-77.237
-77.325
-77.324
-77.338
-77.365
-77.334
-77.281
-77.303
-77.336
-77.345
-77.425
-77.34
-77.38
-77.319
-77.318
-77.212
-77.15
-77.213
-77.117
-77.163
-77.115
-77.221
-77.201
-77.172
-77.165
-77.048
-76.951
-76.854
-76.846
-76.838
-76.732
-76.608
-76.487
-76.361
-76.18
-76.074
-76.017
-75.928
-75.919
-75.754
-75.607
-75.528
-75.432
-75.398
-75.374
-75.249
-75.121
-74.985
-74.852
-74.684
-74.506
-74.403
-74.259
-74.138
-74.006
-73.82
-73.671
-73.503
-73.327
-73.306
-73.169
-73.028
-72.952
-72.839
-72.659
-72.585
-72.525
-72.425
-72.318
-72.189
-71.968
-71.777
-71.728
-71.587
-71.443
-71.164
-70.978
-70.877
-70.702
-70.668
-70.491
-70.377
-70.211
-70.126
-69.961
-69.715
-69.56
-69.364
-69.254
-69.157
-69.073
-69.008
-68.895
-68.72
-68.51
-68.408
-68.29
-68.209
-68.136
-67.963
-67.9
-67.698
-67.613
-67.537
-67.446
-67.367
-67.191
-67.025
-66.897
-66.765
-66.687
-66.569
-66.474
-66.345
-66.227
-66.019
-65.915
-65.757
-65.7
-65.537
-65.462
-65.377
-65.177
-65.013
-64.955
-64.845
-64.777
-64.633
-64.536
-64.493
-64.376
-64.251
-64.078
-64.014
-63.958
-63.874
-63.839
-63.656
-63.61
-63.438
-63.307
-63.24
-63.207
-63.144
-63.117
-63.009
-62.97
-62.875
-62.811
-62.668
-62.614
-62.55
-62.348
-62.25
-62.283
-62.231
-62.11
-62.055
-62.006
-61.894
-61.774
-61.702
-61.633
-61.503
-61.422
-61.253
-61.226
-61.15
-61.014
-60.887
-60.865
-60.806
-60.749
-60.66
-60.567
-60.566
-60.594
-60.498
-60.429
-60.291
-60.202
-60.197
-60.059
-59.966
-59.961
-59.802
-59.694
-59.567
-59.466
-59.407
-59.371
-59.331
-59.359
-59.334
-59.245
-59.285
-59.287
-59.196
-59.199
-59.064
-59.005
-59.001
-58.996
-59.01
-58.974
-58.93
-58.811
-58.738
-58.64
-58.589
-58.553
-58.489
-58.44
-58.488
-58.493
-58.322
-58.27
-58.209
-58.094
-58.088
-58.079
-58.056
-57.949
-57.951
-57.809
-57.711
-57.592
-57.481
-57.444
-57.352
-57.27
-57.206
-57.171
-56.973
-56.983
-56.939
-56.724
-56.674
-56.564
-56.53
-56.529
-56.512
-56.519
-56.465
-56.469
-56.472
-56.49
-56.537
-56.485
-56.464
-56.419
-56.388
-56.408
-56.308
-56.274
-56.308
-56.243
-56.087
-56.049
-55.932
-55.871
-55.833
-55.778
-55.708
-55.636
-55.603
-55.486
-55.453
-55.479
-55.398
-55.273
-55.197
-55.128
-55.042
-55.016
-54.884
-54.98
-54.943
-54.863
-54.791
-54.71
-54.64
-54.632
-54.616
-54.469
-54.417
-54.325
-54.294
-54.141
-54.206
-54.122
-54.019
-53.908
-53.783
-53.584
-53.538
-53.524
-53.472
-53.428
-53.379
-53.347
-53.265
-53.244
-53.13
-53.131
-52.918
-52.847
-52.751
-52.688
-52.559
-52.325
-52.209
-52.136
-52.05
-51.907
-51.877
-51.781
-51.587
-51.45
-51.368
-51.282
-51.153
-50.89
-50.68
-50.433
-50.283
-50.033
-49.822
-49.631
-49.453
-49.188
-48.879
-48.647
-48.372
-48.076
-47.676
-47.337
-46.953
-46.451
-45.982
-45.385
-45
-45
-45
-45
-45
-45
-45
-45
-45
-45
-45
-45
-45
-45
-45
-45
-45
-45
-45
-45
-45
-45
-45
-45
-45
-45
-45
-45
-45
-45
-45
-45
-45
-45
-45
-45
-45
-45
-45
-45
-45
-45
-45
-45
-45
-45
-45
-45
-45
-45
-45
-45
-45
-45
-45
-45
-45
-45
-45
-45
-45
-45
-45
-45
-45
-45
-45
-45
-45
-45
-45
-45
-45
-45
-45
-45
-45
-45
-45
-45
-45
-45
-45
-45
-45
-45
-45
-45
-45
-45
-45
-45
-45
-45
-45
-45
-45
-45
-45
-45
-45
-45
-45
-45
-45
-45
-45
-45
-45
-45
-45
-45
-45
-45
-45
-45
-45
-45
-45
-45
-45
-45
-45
-45
-45
-45
-45
-45
-45
-45
-45
-45
-45
-45
-45
-45
-45
-45
-45.509
-46.289
-46.959
-47.717
-48.384
-49.122
-49.806
-50.624
-51.315
-52.017
-52.69
-53.264
-53.858
-54.516
-55.118
-55.748
-56.331
-56.899
-57.573
-58.194
-58.77
-59.282
-59.909
-60.462
-60.949
-61.33
-61.769
-62.287
-62.739
-63.17
-63.503
-63.804
-64.123
-64.542
-64.738
-64.984
-65.293
-65.59
-65.928
-66.256
-66.638
-66.954
-67.223
-67.456
-67.696
-67.9
-68.184
-68.338
-68.451
-68.614
-68.748
-68.887
-69.065
-69.182
-69.327
-69.573
-69.705
-69.809
-69.944
-69.934
-70.073
-70.132
-70.253
-70.4
-70.483
-70.588
-70.812
-70.871
-71.063
-71.167
-71.234
-71.333
-71.388
-71.493
-71.549
-71.623
-71.682
-71.719
-71.766
-71.737
-71.843
-71.911
-71.972
-72.198
-72.166
-72.273
-72.287
-72.34
-72.473
-72.523
-72.575
-72.596
-72.72
-72.746
-72.845
-72.837
-72.783
-72.817
-72.87
-72.885
-72.942
-72.851
-72.905
-72.946
-73.032
-73.088
-73.134
-73.104
-73.168
-73.292
-73.313
-73.328
-73.373
-73.34
-73.333
-73.39
-73.391
-73.447
-73.45
-73.475
-73.517
-73.567
-73.585
-73.605
-73.526
-73.529
-73.554
-73.527
-73.574
-73.609
-73.579
-73.623
-73.651
-73.709
-73.716
-73.713
-73.74
-73.715
-73.804
-73.805
-73.789
-73.761
-73.788
-73.874
-73.832
-73.873
-73.891
-73.867
-73.87
-73.997
-74.015
-74.056
-74.011
-73.992
-74.002
-74.011
-74.047
-74.107
-74.096
-74.095
-74.166
-74.279
-74.318
-74.288
-74.236
-74.227
-74.276
-74.299
-74.209
-74.239
-74.218
-74.16
-74.113
-74.168
-74.213
-74.227
-74.225
-74.235
-74.311
-74.179
-74.177
-74.102
-74.077
-74.184
-74.145
-74.076
-73.903
-73.86
-73.937
-73.907
-73.956
-73.999
-74.102
-74.081
-73.958
-73.989
-74.017
-74.042
-74.049
-74.085
-73.948
-74.053
-74.137
-74.095
-74.094
-74.103
-74.196
-74.171
-74.174
-74.212
-74.231
-74.267
-74.233
-74.283
-74.285
-74.252
-74.23
-74.4
-74.399
-74.427
-74.312
-74.287
-74.284
-74.261
-74.282
-74.3
-74.32
-74.341
-74.349
-74.37
-74.317
-74.356
-74.345
-74.401
-74.407
-74.405
-74.463
-74.483
-74.51
-74.462
-74.378
-74.36
-74.471
-74.558
-74.681
-74.684
-74.763
-74.837
-74.845
-74.848
-74.912
-74.98
-74.998
-75.015
-75.064
-75.101
-75.05
-75.033
-75.132
-75.082
-75.21
-75.158
-75.199
-75.223
-75.256
-75.248
-75.195
-75.193
-75.127
-75.237
-75.258
-75.208
-75.198
-75.198
-75.266
-75.239
-75.294
-75.244
-75.171
-75.138
-75.15
-75.187
-75.084
-75.091
-75.149
-75.079
-75.107
-75.048
-75.123
-75.207
-75.248
-75.214
-75.199
-75.249
-75.286
-75.21
-75.234
-75.227
-75.235
-75.305
-75.316
-75.245
-75.204
-75.214
-75.263
-75.236
-75.3
-75.179
-75.15
-75.174
-75.186
-75.154
-75.107
-75.051
-75.03
-75.051
-75.111
-75.083
-75.046
-75.15
-75.14
-75.14
-75.055
-75.105
-75.149
-75.258
-75.282
-75.348
-75.494
-75.524
-75.677
-75.687
-75.691
-75.665
-75.638
-75.583
-75.664
-75.645
-75.594
-75.621
-75.649
-75.676
-75.661
-75.753
-75.701
-75.704
-75.771
-75.841
-75.867
-75.921
-75.854
-75.898
-75.997
-75.959
-75.974
-75.977
-75.953
-75.918
-75.874
-75.796
-75.834
-75.93
-75.964
-75.997
-75.96
-75.967
-76.057
-76.131
-76.241
-76.253
-76.304
-76.264
-76.223
-76.273
-76.258
-76.238
-76.28
-76.29
-76.25
-76.195
-76.152
-76.193
-76.237
-76.325
-76.365
-76.381
-76.372
-76.381
-76.318
-76.335
-76.339
-76.271
-76.285
-76.362
-76.438
-76.402
-76.432
-76.415
-76.449
-76.392
-76.434
-76.401
-76.396
-76.403
-76.444
-76.489
-76.425
-76.482
-76.399
-76.451
-76.541
-76.587
-76.629
-76.615
-76.725
-76.746
-76.777
-76.824
-76.885
-76.87
-76.876
-76.924
-76.901
-76.963
-77.007
-76.97
-76.938
-76.969
-77.007
-76.818
-76.724
-76.818
-76.89
-76.817
-76.755
-76.78
-76.778
-76.777
-76.769
-76.819
-76.837
-76.867
-76.836
-76.809
-76.725
-76.659
-76.64
-76.64
-76.567
-76.593
-76.573
-76.555
-76.614
-76.687
-76.778
-76.804
-76.749
-76.724
-76.694
-76.63
-76.633
-76.614
-76.646
-76.572
-76.63
-76.733
-76.679
-76.827
-76.908
-76.918
-76.861
-76.919
-76.954
-76.891
-76.907
-76.859
-76.863
-77.005
-77.074
-77.146
-77.202
-77.264
-77.249
-77.232
-77.313
-77.325
-77.347
-77.298
-77.289
-77.273
-77.358
-77.323
-77.416
-77.399
-77.459
-77.499
-77.523
-77.474
-77.455
-77.513
-77.551
-77.51
-77.495
-77.502
-77.571
-77.537
-77.53
-77.467
-77.45
-77.354
-77.404
-77.36
-77.368
-77.354
-77.392
-77.48
-77.476
-77.458
-77.481
-77.442
-77.536
-77.38
-77.458
-77.42
-77.386
-77.487
-77.493
-77.561
-77.51
-77.527
-77.579
-77.592
-77.543
-77.571
-77.574
-77.532
-77.57
-77.511
-77.48
-77.476
-77.487
-77.418
-77.398
-77.357
-77.447
-77.462
-77.5
-77.528
-77.519
-77.382
-77.385
-77.45
-77.469
-77.514
-77.57
-77.609
-77.495
-77.537
-77.594
-77.666
-77.608
-77.649
-77.661
-77.623
-77.709
-77.791
-77.87
-77.798
-77.875
-77.866
-77.863
-77.972
-77.987
-77.862
-77.821
-77.786
-77.729
-77.828
-77.885
-77.971
-77.875
-77.941
-77.986
-77.977
-78.028
-78.034
-78.006
-77.942
-77.964
-78.016
-78.078
-78.057
-78.037
-78.064
-78.145
-78.111
-78.084
-78.067
-77.992
-77.968
-78.041
-78.084
-78.051
-78.136
-78.157
-78.137
-78.221
-78.296
-78.291
-78.332
-78.206
-78.213
-78.208
-78.252
-78.186
-78.205
-78.152
-78.078
-78.066
-78.025
-78.054
-78.013
-77.965
-78.016
-78.011
-78
-78.025
-78.072
-78.144
-78.216
-78.285
-78.191
-78.162
-78.194
-78.156
-78.237
-78.26
-78.314
-78.334
-78.37
-78.353
-78.304
-78.355
-78.334
-78.355
-78.433
-78.387
-78.347
-78.386
-78.443
-78.512
-78.506
-78.537
-78.61
-78.607
-78.694
-78.741
-78.723
-78.846
-78.914
-78.927
-78.923
-79.003
-79.051
-79.164
-79.187
-79.231
-79.174
-79.198
-79.085
-79.028
-79.127
-79.281
-79.195
-79.203
-79.265
-79.319
-79.23
-79.249
-79.239
-79.27
-79.234
-79.279
-79.366
-79.307
-79.298
-79.313
-79.292
-79.316
-79.227
-79.358
-79.391
-79.389
-79.413
-79.485
-79.446
-79.412
-79.514
-79.49
-79.542
-79.571
-79.62
-79.622
-79.577
-79.63
-79.651
-79.612
-79.662
-79.685
-79.684
-79.625
-79.607
-79.578
-79.517
-79.527
-79.627
-79.595
-79.631
-79.686
-79.663
-79.698
-79.711
-79.733
-79.74
-79.767
-79.741
-79.744
-79.73
-79.827
-79.863
-79.756
-79.897
-79.957
-80.017
-80.072
-80.159
-80.18
-80.172
-80.162
-80.224
-80.191
-80.143
-80.11
-80.153
-80.198
-80.147
-80.272
-80.236
-80.166
-80.231
-80.279
-80.219
-80.103
-80.116
-80.258
-80.256
-80.254
-80.246
-80.254
-80.303
-80.383
-80.424
-80.401
-80.485
-80.544
-80.568
-80.617
-80.637
-80.642
-80.673
-80.622
-80.64
-80.711
-80.751
-80.74
-80.785
-80.842
-80.833
-80.778
-80.822
-80.863
-80.861
-80.778
-80.82
-81.017
-81.025
-81.057
-81.045
-81.071
-81.079
-81.033
-81.049
-81.098
-81.161
-81.194
-81.153
-81.165
-81.099
-81.085
-81.005
-80.921
-80.901
-80.952
-80.927
-80.951
-80.948
-80.827
-80.907
-80.864
-80.781
-80.764
-80.777
-80.771
-80.796
-80.826
-80.804
-80.784
-80.926
-80.914
-81.023
-81.123
-81.135
-81.156
-81.086
-81.047
-81.012
-81.092
-81.021
-81.161
-81.179
-81.166
-81.184
-81.13
-81.219
-81.285
-81.355
-81.294
-81.279
-81.295
-81.264
-81.339
-81.271
-81.185
-81.244
-81.295
-81.412
-81.458
-81.511
-81.474
-81.484
-81.375
-81.467
-81.493
-81.519
-81.424
-81.355
-81.366
-81.377
-81.446
-81.428
-81.385
-81.433
-81.463
-81.473
-81.384
-81.403
-81.431
-81.468
-81.433
-81.52
-81.473
-81.432
-81.451
-81.511
-81.543
-81.533
-81.539
-81.556
-81.498
-81.474
-81.439
-81.436
-81.362
-81.365
-81.374
-81.502
-81.443
-81.458
-81.418
-81.471
-81.467
-81.397
-81.349
-81.394
-81.417
-81.457
-81.471
-81.41
-81.451
-81.476
-81.49
-81.571
-81.552
-81.543
-81.469
-81.442
-81.467
-81.431
-81.34
-81.345
-81.337
-81.479
-81.468
-81.545
-81.53
-81.595
-81.501
-81.418
-81.447
-81.482
-81.535
-81.552
-81.572
-81.599
-81.772
-81.828
-81.825
-81.748
-81.624
-81.683
-81.711
-81.755
-81.7
-81.769
-81.821
-81.73
-81.785
-81.764
-81.869
-81.808
-81.894
-81.882
-81.971
-81.984
-82.028
-82.021
-81.984
-82.034
-82.055
-82.049
-82.075
-81.985
-82.046
-82.132
-82.227
-82.17
-82.216
-82.231
-82.168
-82.185
-82.194
-82.19
-82.095
-82.101
-82.077
-82.222
-82.216
-82.179
-82.221
-82.196
-82.184
-82.102
-82.05
-82.039
-82.037
-81.961
-81.92
-81.959
-81.904
-81.973
-81.834
-81.941
-81.981
-82.004
-82.061
-82.005
-81.987
-82.013
-81.964
-81.854
-81.903
-81.917
-81.915
-81.901
-81.933
-81.893
-81.908
-81.87
-81.889
-81.924
-81.973
-82.025
-81.948
-81.867
-81.79
-81.741
-81.788
-81.745
-81.716
-81.755
-81.792
-81.767
-81.767
-81.877
-81.982
-81.98
-82.067
-82.059
-82.131
-82.134
-82.092
-82.13
-82.16
-82.128
-82.171
-82.163
-82.166
-82.23
-82.313
-82.335
-82.365
-82.331
-82.396
-82.468
-82.462
-82.516
-82.535
-82.503
-82.464
-82.467
-82.457
-82.491
-82.445
-82.424
-82.517
-82.517
-82.646
-82.648
-82.676
-82.626
-82.646
-82.729
-82.659
-82.698
-82.723
-82.697
-82.753
-82.718
-82.676
-82.695
-82.701
-82.721
-82.791
-82.765
-82.689
-82.595
-82.626
-82.68
-82.69
-82.704
-82.71
-82.68
-82.624
-82.675
-82.699
-82.58
-82.566
-82.541
-82.502
-82.466
-82.562
-82.566
-82.596
-82.646
-82.595
-82.637
-82.601
-82.573
-82.653
-82.668
-82.585
-82.659
-82.674
-82.686
-82.705
-82.622
-82.653
-82.739
-82.793
-82.713
-82.804
-82.849
-82.869
-82.813
-82.84
-82.811
-82.781
-82.824
-82.863
-82.861
-82.888
-82.927
-82.947
-83.019
-83.068
-83.075
-83.101
-83.051
-83.12
-83.123
-83.111
-83.15
-83.137
-83.282
-83.247
-83.164
-83.14
-83.095
-83.153
-83.171
-83.211
-83.166
-83.186
-83.186
-83.187
-83.064
-83.06
-83.018
-83.013
-82.975
-83.022
-83.084
-83.074
-82.956
-82.913
-82.908
-82.836
-82.848
-82.782
-82.913
-82.856
-82.926
-82.952
-82.94
-82.971
-82.872
-82.889
-82.819
-82.749
-82.721
-82.723
-82.789
-82.843
-82.854
-82.822
-82.775
-82.754
-82.712
-82.65
-82.674
-82.738
-82.747
-82.734
-82.769
-82.699
-82.765
-82.771
-82.812
-82.795
-82.893
-82.863
-82.853
-82.879
-82.817
-82.771
-82.739
-82.782
-82.781
-82.777
-82.751
-82.713
-82.748
-82.76
-82.782
-82.853
-82.898
-82.829
-82.869
-82.865
-82.861
-82.862
-82.752
-82.774
-82.834
-82.967
-82.915
-82.969
-83.041
-83.113
-83.1
-83.092
-83.12
-83.072
-83.052
-83.091
-83.128
-83.112
-83.085
-83.211
-83.193
-83.085
-83.179
-83.148
-83.102
-83.087
-83.133
-83.205
-83.18
-83.136
-83.246
-83.164
-83.199
-83.186
-83.213
-83.316
-83.401
-83.397
-83.36
-83.381
-83.456
-83.384
-83.373
-83.444
-83.402
-83.426
-83.366
-83.404
-83.482
-83.474
-83.463
-83.499
-83.505
-83.515
-83.524
-83.538
-83.631
-83.547
-83.544
-83.577
-83.488
-83.454
-83.475
-83.538
-83.544
-83.658
-83.591
-83.568
-83.446
-83.456
-83.447
-83.47
-83.519
-83.389
-83.355
-83.347
-83.355
-83.309
-83.262
-83.247
-83.171
-83.082
-83.081
-83.086
-83.01
-82.995
-83.006
-83.001
-82.976
-82.949
-82.956
-82.959
-82.998
-82.911
-82.925
-83.031
-83.104
-83.084
-83.072
-83.144
-83.182
-83.198
-83.169
-83.236
-83.287
-83.337
-83.376
-83.339
-83.447
-83.406
-83.396
-83.363
-83.291
-83.27
-83.235
-83.312
-83.382
-83.46
-83.488
-83.404
-83.326
-83.386
-83.389
-83.44
-83.528
-83.568
-83.546
-83.609
-83.679
-83.697
-83.714
-83.741
-83.735
-83.809
-83.736
-83.699
-83.647
-83.61
-83.673
-83.575
-83.582
-83.566
-83.492
-83.499
-83.522
-83.399
-83.4
-83.377
-83.383
-83.412
-83.496
-83.472
-83.417
-83.442
-83.493
-83.533
-83.501
-83.582
-83.57
-83.591
-83.6
-83.687
-83.763
-83.692
-83.678
-83.692
-83.696
-83.725
-83.878
-83.764
-83.706
-83.749
-83.829
-83.859
-83.903
-83.886
-83.872
-83.883
-83.91
-84.034
-84.054
-84.008
-84.076
-84.036
-84.015
-84.065
-83.996
-83.966
-84.007
-84
-84.028
-83.975
-84.024
-84.022
-84.03
-84.003
-84.06
-84.064
-84.092
-84.011
-84.06
-84.04
-84.08
-84.095
-84.18
-84.206
-84.155
-84.203
-84.148
-84.126
-84.049
-84.009
-84.024
-83.983
-83.899
-84.025
-83.951
-83.965
-83.966
-83.997
-84.036
-84.069
-84.078
-84.025
-83.979
-83.98
-84.007
-83.987
-83.989
-83.974
-83.992
-83.929
-83.877
-83.992
-83.926
-83.973
-84.001
-83.981
-83.998
-83.968
-84.02
-84.043
-84.095
-84.088
-84.17
-84.136
-84.115
-84.121
-84.034
-84.02
-84.042
-84.088
-84.093
-84.205
-84.101
-84.119
-84.122
-84.182
-84.165
-84.097
-84.027
-84.073
-84.04
-84.066
-84.091
-84.21
-84.123
-84.227
-84.324
-84.257
-84.185
-84.137
-84.102
-84.18
-84.193
-84.199
-84.113
-84.097
-84.12
-84.006
-84.056
-83.984
-83.895
-83.832
-83.802
-83.746
-83.671
-83.662
-83.704
-83.654
-83.723
-83.827
-83.872
-83.909
-83.944
-83.845
-83.882
-83.903
-83.905
-83.949
-83.94
-84.073
-84.073
-84.134
-84.129
-84.032
-84.006
-84.092
-84.05
-84.001
-84.063
-83.963
-83.883
-83.898
-83.814
-83.86
-83.825
-83.779
-83.786
-83.811
-83.776
-83.803
-83.859
-83.803
-83.796
-83.74
-83.831
-83.887
-83.85
-83.821
-83.79
-83.735
-83.698
-83.73
-83.667
-83.707
-83.705
-83.662
-83.625
-83.643
-83.632
-83.644
-83.702
-83.73
-83.737
-83.739
-83.699
-83.751
-83.689
-83.621
-83.664
-83.688
-83.741
-83.733
-83.792
-83.758
-83.837
-83.809
-83.845
-83.851
-83.791
-83.752
-83.765
-83.755
-83.746
-83.762
-83.785
-83.768
-83.744
-83.772
-83.761
-83.812
-83.819
-83.77
-83.813
-83.868
-83.84
-83.862
-83.878
-83.892
-83.94
-83.989
-83.944
-83.959
-83.982
-83.944
-83.926
-83.966
-83.948
-83.934
-83.897
-83.876
-83.883
-83.837
-83.806
-83.811
-83.841
-83.916
-83.818
-83.877
-83.937
-83.915
-83.869
-83.82
-83.863
-83.911
-83.838
-83.74
-83.641
-83.636
-83.684
-83.619
-83.496
-83.469
-83.516
-83.514
-83.481
-83.414
-83.506
-83.55
-83.548
-83.538
-83.62
-83.592
-83.577
-83.633
-83.637
-83.586
-83.587
-83.576
-83.645
-83.636
-83.704
-83.799
-83.811
-83.825
-83.868
-83.858
-83.861
-83.755
-83.758
-83.708
-83.671
-83.664
-83.599
-83.54
-83.544
-83.537
-83.502
-83.541
-83.529
-83.58
-83.533
-83.634
-83.602
-83.581
-83.584
-83.568
-83.605
-83.687
-83.663
-83.678
-83.711
-83.709
-83.734
-83.81
-83.816
-83.745
-83.749
-83.773
-83.73
-83.757
-83.681
-83.713
-83.733
-83.889
-83.872
-83.884
-83.947
-83.93
-83.924
-83.909
-83.765
-83.771
-83.768
-83.745
-83.687
-83.75
-83.764
-83.726
-83.716
-83.736
-83.703
-83.705
-83.755
-83.759
-83.851
-83.843
-83.839
-83.868
-83.81
-83.802
-83.858
-83.931
-83.947
-83.89
-83.959
-83.966
-84.069
-84.037
-83.999
-84.056
-84.145
-84.09
-84.135
-84.179
-84.145
-84.185
-84.04
-84.059
-84
-83.994
-84.025
-84.023
-84.046
-83.986
-83.944
-83.938
-83.981
-84.039
-84.102
-84.062
-84.09
-84.107
-84.152
-84.133
-84.114
-84.11
-84.145
-84.16
-84.182
-84.222
-84.228
-84.174
-84.245
-84.198
-84.213
-84.138
-84.195
-84.138
-84.123
-84.086
-84.181
-84.284
-84.395
-84.358
-84.408
-84.435
-84.396
-84.379
-84.363
-84.356
-84.426
-84.535
-84.577
-84.623
-84.595
-84.559
-84.468
-84.465
-84.478
-84.435
-84.356
-84.416
-84.371
-84.344
-84.327
-84.287
-84.257
-84.303
-84.287
-84.273
-84.34
-84.319
-84.323
-84.374
-84.352
-84.354
-84.366
-84.357
-84.309
-84.261
-84.273
-84.333
-84.428
-84.401
-84.349
-84.369
-84.402
-84.365
-84.373
-84.405
-84.385
-84.308
-84.219
-84.217
-84.269
-84.219
-84.18
-84.2
-84.207
-84.102
-84.021
-84.016
-83.965
-83.881
-83.845
-83.851
-83.932
-83.928
-83.957
-83.937
-83.969
-83.966
-83.91
-83.948
-83.898
-83.852
-83.897
-83.881
-83.889
-83.878
-83.853
-83.829
-83.876
-83.863
-83.933
-83.999
-83.977
-83.952
-83.934
-83.915
-83.912
-83.918
-83.885
-83.859
-83.783
-83.739
-83.836
-83.838
-83.755
-83.849
-83.795
-83.786
-83.785
-83.766
-83.722
-83.641
-83.563
-83.593
-83.645
-83.563
-83.597
-83.664
-83.679
-83.716
-83.719
-83.696
-83.725
-83.8
-83.8
-83.776
-83.729
-83.782
-83.795
-83.854
-83.835
-83.763
-83.747
-83.697
-83.789
-83.758
-83.803
-83.848
-83.794
-83.923
-83.887
-83.925
-84.016
-84.105
-84.102
-84.216
-84.232
-84.161
-84.082
-84.061
-84.006
-83.961
-83.925
-83.944
-83.973
-83.965
-83.929
-83.887
-83.957
-83.985
-83.914
-83.983
-84.042
-84.058
-84.106
-84.121
-84.144
-84.103
-84.14
-84.167
-84.175
-84.218
-84.316
-84.316
-84.338
-84.256
-84.213
-84.181
-84.171
-84.119
-83.996
-83.981
-84.028
-84.053
-84.016
-84.063
-84.063
-84.107
-84.108
-84.119
-84.075
-84.021
-84.074
-84.126
-84.084
-84.176
-84.095
-84.207
-84.256
-84.342
-84.441
-84.376
-84.425
-84.391
-84.4
-84.372
-84.445
-84.444
-84.559
-84.586
-84.506
-84.532
-84.496
-84.56
-84.568
-84.513
-84.525
-84.394
-84.401
-84.474
-84.455
-84.499
-84.448
-84.46
-84.481
-84.532
-84.53
-84.396
-84.373
-84.363
-84.282
-84.309
-84.268
-84.295
-84.261
-84.26
-84.231
-84.199
-84.191
-84.165
-84.205
-84.212
-84.193
-84.243
-84.265
-84.24
-84.14
-84.128
-84.197
-84.231
-84.206
-84.261
-84.203
-84.207
-84.234
-84.254
-84.255
-84.299
-84.257
-84.193
-84.225
-84.187
-84.149
-84.078
-84.088
-84.103
-84.056
-84.032
-84.075
-84.159
-84.191
-84.225
-84.228
-84.252
-84.285
-84.21
-84.214
-84.197
-84.207
-84.23
-84.258
-84.185
-84.197
-84.234
-84.196
-84.275
-84.272
-84.262
-84.254
-84.316
-84.367
-84.323
-84.311
-84.388
-84.458
-84.465
-84.476
-84.55
-84.537
-84.438
-84.429
-84.42
-84.431
-84.417
-84.401
-84.461
-84.517
-84.492
-84.475
-84.45
-84.434
-84.399
-84.509
-84.47
-84.506
-84.559
-84.544
-84.535
-84.557
-84.607
-84.618
-84.603
-84.667
-84.616
-84.558
-84.509
-84.493
-84.505
-84.537
-84.494
-84.525
-84.473
-84.476
-84.423
-84.402
-84.468
-84.453
-84.534
-84.553
-84.522
-84.526
-84.533
-84.669
-84.675
-84.761
-84.711
-84.697
-84.719
-84.833
-84.886
-84.914
-84.944
-84.965
-85.063
-85.027
-85.051
-85.092
-85.09
-85.035
-85.083
-85.146
-85.199
-85.206
-85.172
-85.247
-85.239
-85.127
-85.219
-85.144
-85.141
-85.095
-85.134
-85.145
-85.162
-85.238
-85.222
-85.211
-85.3
-85.273
-85.202
-85.299
-85.363
-85.438
-85.366
-85.296
-85.347
-85.317
-85.339
-85.414
-85.4
-85.428
-85.43
-85.39
-85.325
-85.322
-85.349
-85.499
-85.487
-85.541
-85.463
-85.476
-85.433
-85.457
-85.429
-85.417
-85.391
-85.417
-85.508
-85.559
-85.646
-85.621
-85.646
-85.645
-85.629
-85.623
-85.463
-85.422
-85.394
-85.427
-85.481
-85.548
-85.625
-85.608
-85.6
-85.574
-85.489
-85.404
-85.472
-85.514
-85.5
-85.536
-85.439
-85.429
-85.381
-85.392
-85.42
-85.463
-85.481
-85.476
-85.484
-85.475
-85.431
-85.416
-85.488
-85.547
-85.563
-85.534
-85.598
-85.534
-85.595
-85.567
-85.567
-85.534
-85.562
-85.559
-85.62
-85.574
-85.601
-85.537
-85.533
-85.528
-85.517
-85.515
-85.533
-85.578
-85.689
-85.726
-85.794
-85.755
-85.831
-85.928
-85.829
-85.885
-85.928
-85.867
-86.019
-86.007
-86.064
-86.098
-86.123
-86.132
-86.226
-86.298
-86.386
-86.458
-86.461
-86.416
-86.461
-86.535
-86.545
-86.481
-86.521
-86.46
-86.406
-86.476
-86.571
-86.538
-86.593
-86.575
-86.618
-86.589
-86.618
-86.6
-86.61
-86.622
-86.551
-86.565
-86.693
-86.682
-86.724
-86.805
-86.906
-86.918
-86.942
-86.999
-87.067
-87.098
-87.131
-87.119
-87.174
-87.182
-87.182
-87.179
-87.101
-87.193
-87.155
-87.188
-87.131
-87.089
-87.037
-87.065
-87.102
-87.126
-87.153
-87.143
-87.194
-87.207
-87.207
-87.264
-87.186
-87.148
-87.042
-87.028
-87.021
-86.997
-87.003
-86.99
-86.992
-87.022
-87.062
-87.109
-87.141
-87.069
-87.061
-87.013
-86.83
-86.873
-86.884
-86.844
-86.824
-86.876
-86.888
-86.946
-87.008
-86.986
-87.015
-87.023
-87.001
-86.945
-86.91
-86.852
-86.861
-86.876
-86.932
-86.932
-86.945
-86.904
-86.885
-86.991
-86.971
-86.99
-86.94
-87.011
-86.952
-86.848
-86.93
-86.892
-86.961
-86.985
-87.018
-87.081
-87.149
-87.188
-87.212
-87.245
-87.149
-87.102
-87.078
-87.104
-87.163
-87.186
-87.251
-87.28
-87.294
-87.25
-87.288
-87.252
-87.259
-87.159
-87.181
-87.195
-87.194
-87.276
-87.318
-87.276
-87.287
-87.322
-87.383
-87.403
-87.428
-87.489
-87.53
-87.443
-87.547
-87.488
-87.427
-87.356
-87.387
-87.446
-87.484
-87.544
-87.47
-87.458
-87.435
-87.356
-87.435
-87.436
-87.524
-87.473
-87.418
-87.384
-87.488
-87.452
-87.443
-87.43
-87.367
-87.337
-87.433
-87.425
-87.378
-87.434
-87.484
-87.511
-87.474
-87.488
-87.422
-87.381
-87.377
-87.426
-87.462
-87.47
-87.495
-87.486
-87.508
-87.564
-87.661
-87.658
-87.702
-87.674
-87.633
-87.664
-87.621
-87.523
-87.498
-87.544
-87.565
-87.558
-87.606
-87.588
-87.594
-87.645
-87.684
-87.69
-87.677
-87.664
-87.64
-87.598
-87.593
-87.671
-87.642
-87.71
-87.752
-87.682
-87.623
-87.643
-87.697
-87.596
-87.61
-87.566
-87.567
-87.657
-87.675
-87.553
-87.564
-87.56
-87.503
-87.463
-87.586
-87.536
-87.549
-87.604
-87.627
-87.539
-87.471
-87.49
-87.521
-87.49
-87.556
-87.509
-87.581
-87.601
-87.561
-87.538
-87.528
-87.506
-87.542
-87.481
-87.559
-87.502
-87.538
-87.523
-87.602
-87.607
-87.658
-87.685
-87.633
-87.548
-87.552
-87.521
-87.528
-87.568
-87.58
-87.586
-87.592
-87.612
-87.608
-87.585
-87.619
-87.593
-87.576
-87.609
-87.527
-87.417
-87.337
-87.336
-87.292
-87.309
-87.26
-87.19
-87.215
-87.212
-87.217
-87.162
-87.184
-87.278
-87.318
-87.378
-87.383
-87.372
-87.353
-87.351
-87.463
-87.445
-87.327
-87.341
-87.318
-87.318
-87.294
-87.327
-87.317
-87.244
-87.203
-87.17
-87.11
-87.13
-87.102
-87.03
-87.117
-87.209
-87.274
-87.326
-87.334
-87.317
-87.3
-87.27
-87.358
-87.449
-87.507
-87.48
-87.5
-87.467
-87.427
-87.502
-87.451
-87.353
-87.315
-87.274
-87.208
-87.158
-87.195
-87.221
-87.263
-87.307
-87.371
-87.333
-87.257
-87.345
-87.329
-87.403
-87.453
-87.366
-87.309
-87.291
-87.215
-87.226
-87.174
-87.208
-87.191
-87.215
-87.257
-87.202
-87.245
-87.243
-87.208
-87.212
-87.208
-87.196
-87.223
-87.201
-87.203
-87.197
-87.31
-87.434
-87.476
-87.479
-87.434
-87.46
-87.547
-87.578
-87.563
-87.614
-87.612
-87.629
-87.712
-87.6
-87.597
-87.545
-87.553
-87.587
-87.514
-87.482
-87.461
-87.492
-87.445
-87.459
-87.539
-87.565
-87.612
-87.628
-87.696
-87.739
-87.857
-87.925
-87.924
-87.87
-87.875
-87.909
-87.901
-87.876
-87.888
-87.886
-87.885
-87.894
-87.932
-87.896
-87.936
-87.933
-87.866
-87.895
-87.903
-87.853
-87.954
-87.918
-87.938
-87.899
-87.91
-88.005
-88.037
-88.008
-88.041
-88.013
-88.015
-88.032
-88.055
-88.031
-88.08
-88.028
-88.073
-88.091
-88.16
-88.159
-88.24
-88.246
-88.226
-88.198
-88.163
-88.19
-88.206
-88.229
-88.272
-88.233
-88.222
-88.227
-88.251
-88.211
-88.282
-88.274
-88.289
-88.301
-88.431
-88.539
-88.615
-88.72
-88.724
-88.642
-88.685
-88.661
-88.706
-88.713
-88.785
-88.83
-88.878
-88.845
-88.773
-88.79
-88.896
-88.868
-88.843
-88.845
-88.836
-88.831
-88.822
-88.749
-88.658
-88.595
-88.613
-88.576
-88.494
-88.487
-88.51
-88.588
-88.567
-88.633
-88.667
-88.679
-88.637
-88.568
-88.563
-88.53
-88.645
-88.662
-88.68
-88.724
-88.802
-88.825
-88.896
-88.87
-88.859
-88.82
-88.81
-88.733
-88.618
-88.638
-88.681
-88.656
-88.725
-88.686
-88.595
-88.611
-88.67
-88.607
-88.639
-88.623
-88.515
-88.539
-88.558
-88.474
-88.528
-88.504
-88.549
-88.541
-88.511
-88.491
-88.426
-88.475
-88.467
-88.43
-88.426
-88.408
-88.386
-88.446
-88.543
-88.544
-88.566
-88.588
-88.604
-88.559
-88.517
-88.57
-88.586
-88.586
-88.569
-88.745
-88.784
-88.715
-88.802
-88.847
-88.899
-88.943
-88.949
-89.092
-89.239
-89.265
-89.266
-89.206
-89.149
-89.158
-89.096
-89.084
-89.078
-89.108
-89.127
-89.018
-89.067
-89.018
-88.999
-89.028
-88.924
-88.938
-88.909
-88.911
-88.902
-88.898
-88.964
-88.967
-88.994
-88.909
-88.901
-88.908
-88.85
-88.854
-88.938
-88.932
-88.962
-89.014
-89.085
-89.015
-89.006
-88.97
-89.047
-89.193
-89.238
-89.271
-89.38
-89.374
-89.44
-89.443
-89.462
-89.415
-89.356
-89.29
-89.248
-89.199
-89.162
-89.093
-89.123
-89.191
-89.269
-89.236
-89.121
-89.185
-89.168
-89.166
-89.164
-88.987
-88.871
-88.869
-88.9
-88.926
-88.869
-88.865
-88.863
-88.919
-89.015
-88.926
-88.918
-88.864
-88.819
-88.845
-88.818
-88.869
-88.889
-88.941
-88.902
-88.909
-88.891
-88.833
-88.799
-88.825
-88.922
-88.943
-88.909
-88.892
-88.897
-88.945
-88.901
-88.942
-88.883
-88.787
-88.78
-88.812
-88.822
-88.77
-88.782
-88.766
-88.769
-88.797
-88.714
-88.682
-88.684
-88.744
-88.685
-88.684
-88.669
-88.68
-88.76
-88.777
-88.755
-88.769
-88.82
-88.735
-88.726
-88.673
-88.689
-88.727
-88.766
-88.755
-88.77
-88.778
-88.897
-88.943
-88.894
-88.794
-88.815
-88.765
-88.754
-88.787
-88.743
-88.789
-88.796
-88.861
-88.813
-88.861
-88.863
-88.88
-88.844
-88.772
-88.803
-88.832
-88.825
-88.886
-88.876
-88.91
-88.946
-88.901
-88.961
-88.932
-88.976
-88.969
-88.94
-89.029
-89.061
-89.003
-89.004
-88.999
-88.967
-89.053
-89.03
-88.919
-88.864
-88.774
-88.722
-88.649
-88.701
-88.757
-88.809
-88.818
-88.792
-88.82
-88.862
-88.839
-88.832
-88.859
-88.858
-89.017
-89.08
-89.115
-89.106
-89.049
-88.977
-88.955
-88.955
-88.94
-88.955
-88.963
-89.015
-89.006
-89.024
-89.09
-89.083
-89.108
-89.066
-89.079
-89.03
-88.984
-88.986
-88.944
-88.9
-88.979
-89.01
-89.026
-89.127
-89.114
-89.051
-88.994
-88.972
-88.99
-88.998
-89.021
-89.033
-89.064
-89.099
-89.06
-89.091
-89.062
-89.046
-89.045
-89.011
-89.097
-89.091
-89.181
-89.156
-89.149
-89.16
-89.172
-89.128
-89.135
-89.217
-89.255
-89.308
-89.275
-89.161
-89.19
-89.264
-89.29
-89.29
-89.366
-89.444
-89.415
-89.453
-89.394
-89.476
-89.527
-89.583
-89.554
-89.582
-89.671
-89.657
-89.574
-89.614
-89.599
-89.579
-89.673
-89.607
-89.621
-89.602
-89.635
-89.618
-89.588
-89.566
-89.468
-89.418
-89.391
-89.404
-89.41
-89.407
-89.283
-89.197
-89.184
-89.136
-89.137
-89.09
-89.192
-89.21
-89.193
-89.176
-89.204
-89.202
-89.195
-89.198
-89.153
-89.122
-89.171
-89.245
-89.19
-89.219
-89.201
-89.184
-89.156
-89.139
-89.165
-89.24
-89.232
-89.319
-89.379
-89.423
-89.429
-89.379
-89.406
-89.478
-89.438
-89.537
-89.538
-89.473
-89.504
-89.516
-89.506
-89.478
-89.525
-89.591
-89.756
-89.705
-89.737
-89.744
-89.71
-89.775
-89.789
-89.895
-89.904
-89.874
-89.886
-89.878
-89.884
-89.906
-89.933
-89.917
-89.869
-89.833
-89.862
-89.867
-89.849
-89.874
-89.899
-89.942
-89.943
-89.993
-89.973
-90.032
-90.059
-90.18
-90.096
-90.044
-90.097
-90.08
-90.073
-90.081
-90.071
-90.033
-90.007
-89.994
-89.943
-89.957
-90.018
-89.952
-89.972
-89.869
-89.86
-89.879
-89.876
-89.869
-89.971
-89.922
-89.939
-89.914
-89.985
-90.004
-89.999
-89.879
-89.976
-89.958
-89.966
-89.925
-89.857
-89.95
-89.951
-89.93
-89.939
-89.921
-89.881
-89.872
-89.937
-89.941
-89.92
-89.944
-89.883
-89.849
-89.878
-89.887
-89.855
-89.926
-89.959
-89.992
-89.914
-89.855
-89.816
-89.826
-89.881
-90.006
-90.003
-90.036
-89.992
-89.918
-89.897
-89.954
-89.955
-90.009
-89.976
-90.022
-90.04
-89.972
-90.056
-90.057
-90.043
-89.968
-89.905
-89.963
-90.081
-90.09
-90.094
-90.118
-90.15
-90.159
-90.17
-90.116
-90.093
-90.103
-90.024
-90.089
-90.12
-90.135
-90.198
-90.306
-90.22
-90.225
-90.265
-90.321
-90.328
-90.26
-90.269
-90.264
-90.319
-90.277
-90.316
-90.197
-90.173
-90.107
-89.989
-89.88
-89.942
-89.912
-89.888
-89.878
-89.888
-89.795
-89.911
-89.92
-89.87
-89.915
-89.973
-89.917
-89.973
-89.939
-89.917
-89.907
-89.896
-89.882
-89.874
-89.83
-89.791
-89.805
-89.785
-89.784
-89.82
-89.884
-89.825
-89.793
-89.758
-89.708
-89.722
-89.737
-89.74
-89.688
-89.707
-89.714
-89.781
-89.826
-89.804
-89.86
-90.008
-90.066
-90.043
-89.936
-90.003
-90.055
-90.044
-89.978
-89.918
-89.873
-89.793
-89.771
-89.672
-89.62
-89.595
-89.574
-89.534
-89.516
-89.497
-89.49
-89.486
-89.499
-89.519
-89.52
-89.632
-89.579
-89.43
-89.35
-89.448
-89.531
-89.495
-89.455
-89.388
-89.443
-89.563
-89.541
-89.524
-89.581
-89.604
-89.489
-89.53
-89.515
-89.519
-89.447
-89.464
-89.484
-89.443
-89.365
-89.319
-89.334
-89.376
-89.466
-89.508
-89.493
-89.472
-89.516
-89.651
-89.702
-89.678
-89.663
-89.633
-89.614
-89.544
-89.575
-89.519
-89.502
-89.568
-89.567
-89.605
-89.583
-89.571
-89.58
-89.633
-89.617
-89.502
-89.579
-89.547
-89.526
-89.54
-89.543
-89.557
-89.618
-89.564
-89.587
-89.573
-89.599
-89.509
-89.473
-89.416
-89.401
-89.459
-89.402
-89.435
-89.428
-89.408
-89.461
-89.42
-89.436
-89.405
-89.361
-89.422
-89.45
-89.419
-89.438
-89.405
-89.276
-89.319
-89.372
-89.372
-89.393
-89.475
-89.527
-89.504
-89.545
-89.553
-89.562
-89.459
-89.507
-89.473
-89.438
-89.4
-89.403
-89.427
-89.442
-89.417
-89.446
-89.39
-89.333
-89.301
-89.336
-89.288
-89.283
-89.358
-89.37
-89.365
-89.429
-89.416
-89.353
-89.349
-89.379
-89.407
-89.405
-89.436
-89.358
-89.327
-89.406
-89.392
-89.361
-89.381
-89.349
-89.281
-89.287
-89.283
-89.275
-89.374
-89.37
-89.383
-89.427
-89.378
-89.383
-89.404
-89.451
-89.422
-89.431
-89.525
-89.454
-89.41
-89.396
-89.447
-89.387
-89.449
-89.44
-89.436
-89.57
-89.593
-89.637
-89.61
-89.69
-89.749
-89.795
-89.735
-89.805
-89.873
-89.817
-89.747
-89.824
-89.763
-89.623
-89.634
-89.585
-89.627
-89.646
-89.678
-89.578
-89.597
-89.59
-89.637
-89.655
-89.646
-89.677
-89.684
-89.681
-89.649
-89.793
-89.706
-89.738
-89.786
-89.763
-89.724
-89.662
-89.671
-89.663
-89.64
-89.624
-89.611
-89.584
-89.622
-89.622
-89.655
-89.621
-89.577
-89.666
-89.742
-89.751
-89.756
-89.727
-89.703
-89.651
-89.666
-89.665
-89.632
-89.608
-89.588
-89.619
-89.524
-89.575
-89.537
-89.572
-89.564
-89.518
-89.591
-89.632
-89.599
-89.528
-89.538
-89.579
-89.594
-89.631
-89.691
-89.688
-89.7
-89.788
-89.746
-89.844
-89.801
-89.865
-90.015
-90.044
-90.049
-90.025
-89.919
-89.967
-89.974
-89.974
-89.998
-90.018
-90.02
-90.027
-89.953
-89.92
-89.982
-89.913
-89.936
-89.935
-89.944
-89.978
-89.935
-89.926
-89.918
-89.896
-89.94
-90.018
-90.103
-90.089
-90.019
-90.01
-89.969
-90.06
-90.038
-89.914
-89.967
-89.936
-89.817
-89.822
-89.86
-89.832
-89.748
-89.755
-89.858
-89.917
-89.952
-89.916
-89.991
-90.078
-90.038
-90.066
-89.968
-89.946
-90.004
-90.082
-90.103
-90.108
-90.185
-90.183
-90.145
-90.147
-90.19
-90.214
-90.129
-90.181
-90.058
-90.026
-90.002
-90.023
-90.115
-90.108
-90.135
-90.175
-90.158
-90.239
-90.208
-90.198
-90.183
-90.303
-90.328
-90.325
-90.334
-90.299
-90.209
-90.229
-90.145
-90.092
-90.006
-90.035
-90.043
-89.993
-89.96
-89.994
-90.05
-90.095
-90.161
-90.115
-90.105
-90.127
-90.158
-90.053
-89.972
-89.914
