-80.289
-80.361
-80.358
-80.309
-80.382
-80.495
-80.628
-80.593
-80.701
-80.835
-80.92
-80.828
-81.001
-80.979
-80.803
-80.83
-80.628
-80.833
-80.794
-80.884
-81.025
-80.984
-81.137
-81.472
-81.612
-81.773
-81.549
-81.524
-81.463
-81.477
-81.508
-81.791
-81.72
-81.876
-81.78
-81.791
-81.946
-81.805
-81.62
-81.452
-81.636
-81.807
-81.513
-81.483
-81.189
-81.139
-81.359
-81.245
-81.048
-81.008
-80.646
-80.728
-80.48
-80.335
-80.038
-80.25
-80.041
-79.529
-79.798
-79.541
-79.451
-79.368
-79.29
-79.207
-78.966
-79.105
-79.142
-79.002
-79.044
-79.018
-78.929
-78.772
-78.941
-79.038
-78.814
-79.189
-79.118
-79.15
-79.208
-79.284
-79.343
-79.364
-79.079
-78.544
-78.45
-78.78
-78.978
-79.139
-79.096
-78.934
-78.911
-78.823
-78.649
-78.326
-78.278
-78.254
-78.158
-78.293
-78.226
-78.135
-78.166
-77.925
-77.619
-77.869
-77.874
-77.85
-78.114
-78.291
-78.078
-78.163
-78.021
-77.909
-77.959
-77.76
-77.774
-77.823
-77.762
-77.627
-77.67
-77.682
-77.592
-77.734
-77.675
-77.962
-77.853
-78.215
-78.553
-78.523
-78.388
-78.35
-78.141
-78.118
-78.164
-78.054
-78.095
-78.138
-78.076
-77.873
-77.884
-77.803
-77.912
-78.274
-78.533
-78.511
-78.784
-78.792
-78.555
-78.717
-78.795
-78.743
-78.459
-78.659
-78.733
-78.616
-78.551
-78.521
-78.324
-78.134
-78.025
-78.125
-78.171
-78.28
-78.183
-78.097
-77.768
-77.526
-77.743
-77.504
-77.457
-77.584
-77.528
-77.386
-77.529
-77.759
-77.556
-77.662
-77.803
-77.486
-77.362
-77.775
-77.935
-77.626
-77.445
-77.302
-76.918
-76.596
-76.1
-75.694
-75.239
-74.849
-74.861
-74.659
-74.348
-74.084
-73.556
-73.462
-73.216
-73.04
-72.748
-72.935
-72.563
-72.605
-72.636
-72.563
-72.573
-72.46
-71.902
-71.78
-71.69
-71.593
-71.72
-71.207
-71.13
-71.058
-71.006
-71.073
-71.058
-70.858
-70.626
-70.776
-70.548
-70.319
-70.546
-70.653
-70.562
-70.931
-70.914
-70.78
-70.841
-70.484
-70.471
-70.382
-70.354
-69.974
-69.863
-69.924
-69.929
-69.649
-69.65
-69.728
-69.912
-69.911
-69.802
-69.919
-69.839
-69.557
-69.479
-69.32
-68.791
-68.761
-68.811
-68.713
-68.697
-68.775
-68.812
-68.54
-68.708
-68.705
-68.991
-69.299
-69.474
-69.444
-69.065
-68.68
-68.35
-68.171
-68.248
-67.902
-67.873
-67.544
-67
-67.083
-66.947
-66.842
-66.456
-66.155
-65.926
-65.914
-65.758
-65.372
-65.265
-65.406
-65.499
-65.43
-65.646
-65.453
-65.149
-65.04
-64.772
-64.742
-64.995
-64.956
-64.894
-64.774
-64.695
-64.928
-64.999
-65.121
-65.108
-65.262
-65.355
-65.377
-65.243
-65.083
-64.952
-65.051
-64.99
-64.938
-64.793
-64.512
-64.666
-64.951
-64.814
-64.862
-64.885
-64.969
-64.677
-64.526
-64.548
-64.601
-64.468
-64.389
-64.159
-63.974
-63.894
-63.858
-63.941
-63.834
-63.959
-64.092
-63.958
-64.177
-64.257
-64.329
-64.367
-64.176
-64.313
-64.327
-64.461
-64.528
-64.508
-64.429
-64.478
-64.362
-64.461
-64.888
-64.988
-64.895
-64.979
-64.914
-65.146
-65.138
-65.127
-65.38
-64.808
-64.672
-64.328
-63.989
-63.6
-63.429
-63.44
-63.135
-62.698
-62.592
-62.124
-62.062
-61.842
-61.688
-61.404
-61.167
-61.079
-61.013
-60.849
-60.584
-60.805
-60.724
-60.642
-60.851
-60.542
-60.793
-60.583
-60.493
-60.433
-60.483
-60.266
-60.197
-59.798
-59.543
-59.635
-59.05
-58.933
-58.699
-58.449
-58.02
-58.163
-58.161
-58.474
-58.214
-58.224
-57.969
-57.895
-57.633
-57.225
-57.098
-56.967
-56.96
-56.879
-56.894
-56.932
-56.592
-56.394
-56.318
-55.983
-55.828
-55.494
-55.495
-55.396
-55.349
-55.055
-54.526
-54.03
-53.526
-52.605
-51.707
-50.044
-46.734
-45
-45
-45
-45
-45
-45
-45
-45
-45
-45
-45
-45
-45
-45
-51.014
-57.515
-62.517
-65.787
-68.081
-69.913
-71.159
-71.689
-72.368
-72.737
-72.874
-73.227
-73.293
-73.478
-73.725
-73.518
-73.617
-73.6
-73.827
-73.596
-73.532
-73.358
-73.289
-73.304
-73.359
-73.333
-73.245
-73.53
-73.79
-73.868
-73.938
-73.691
-73.911
-74.15
-74.137
-74.432
-74.424
-74.305
-74.254
-74.201
-74.093
-74.413
-74.479
-74.43
-74.439
-74.528
-74.404
-74.562
-74.49
-74.392
-74.539
-74.492
-74.579
-74.408
-74.487
-74.578
-74.596
-74.533
-74.361
-74.393
-74.554
-74.565
-74.634
-74.797
-74.82
-74.652
-74.765
-74.794
-74.74
-74.734
-74.532
-74.862
-74.822
-74.498
-74.565
-74.624
-74.924
-75.076
-75.063
-75.365
-75.463
-75.409
-75.731
-75.537
-75.59
-75.423
-75.716
-75.818
-75.996
-75.833
-75.743
-75.776
-75.988
-75.704
-75.563
-75.706
-75.766
-76.043
-75.976
-76.226
-76.15
-76.126
-76.113
-75.916
-76.234
-76.284
-76.119
-75.945
-75.937
-76.194
-76.281
-76.505
-76.612
-76.771
-76.755
-76.448
-76.524
-76.619
-76.643
-76.531
-76.276
-76.238
-76.387
-76.658
-76.485
-76.3
-76.464
-76.472
-76.54
-76.348
-76.285
-76.175
-76.072
-75.995
-76.175
-76.202
-76.585
-76.609
-76.709
-76.964
-77.042
-77.377
-77.482
-77.241
-77.156
-77.106
-77.217
-77.15
-77.181
-77.094
-77.34
-77.615
-77.752
-77.752
-77.772
-77.91
-78.114
-78.297
-78.53
-79.007
-78.923
-79.117
-79.059
-79.276
-78.868
-79.126
-79.754
-79.955
-80.287
-80.173
-79.9
-79.771
-80.185
-79.978
-80.16
-80.007
-80.058
-80.173
-80.366
-80.452
-80.558
-80.446
-80.697
-80.86
-81.048
-81.085
-81.1
-81.198
-80.956
-80.735
-80.841
-81.12
-81.104
-81.27
-81.235
-81.082
-81.267
-81.269
-81.427
-81.273
-81.317
-81.382
-81.38
-81.425
-81.553
-81.666
-81.906
-81.699
-81.616
-81.507
-81.373
-81.216
-81.311
-81.162
-81.201
-81.225
-81.226
-80.991
-80.992
-80.715
-80.841
-80.744
-80.703
-80.766
-80.827
-80.927
-81.219
-81.533
-81.62
-81.679
-81.563
-81.637
-81.588
-81.685
-81.496
-81.297
-81.274
-81.402
-81.507
-81.431
-81.379
-81.223
-81.264
-81.239
-80.989
-80.835
-80.789
-81.103
-81.086
-81.267
-81.421
-81.379
-81.407
-81.354
-81.091
-81.243
-81.436
-81.387
-81.503
-81.501
-81.641
-81.695
-81.529
-81.519
-81.753
-82.168
-82.348
-82.587
-82.565
-82.728
-82.992
-82.992
-83.094
-83.071
-83.14
-83.172
-83.269
-83.09
-83.291
-83.232
-83.244
-83.542
-83.527
-83.472
-83.32
-83.019
-82.926
-82.912
-83.134
-82.966
-82.921
-82.974
-82.717
-82.727
-83.021
-83.199
-83.391
-83.496
-83.341
-83.192
-83.399
-83.376
-83.681
-83.949
-83.77
-83.892
-84.207
-84.026
-84.071
-84.264
-84.281
-84.298
-84.117
-84.181
-84.243
-84.348
-84.565
-84.774
-84.67
-84.666
-84.672
-84.547
-84.74
-84.977
-84.968
-85.252
-85.103
-85.221
-85.058
-85.298
-85.24
-85.274
-85.063
-85.281
-85.318
-85.242
-85.416
-85.427
-85.312
-85.464
-85.438
-85.604
-85.681
-85.514
-85.543
-85.59
-85.837
-85.824
-86.286
-86.13
-86.127
-86.367
-86.526
-86.43
-86.391
-86.431
-86.658
-86.852
-87.025
-86.925
-87.038
-87.233
-87.183
-87.344
-87.378
-87.401
-87.389
-87.241
-87.501
-87.342
-87.535
-87.475
-87.474
-87.589
-87.773
-88.076
-88.456
-88.224
-88.583
-88.582
-88.391
-88.633
-89.002
-89.233
-89.45
-89.501
-89.682
-89.92
-89.924
-89.922
-90.242
-90.323
-90.201
-90.307
-90.4
-90.222
-90.309
-90.241
-90.32
-90.414
-90.463
-90.289
-90.224
-90.329
-90.662
-90.581
-90.375
-90.319
-90.371
-90.169
-90.215
-90.207
-90.186
-90.564
-90.597
-90.555
-90.47
-90.574
-90.355
-90.374
-90.367
-90.252
-90.341
-90.453
-90.168
-90.191
-90.384
-90.334
-90.278
-90.328
-90.191
-90.241
-89.906
-89.832
-89.44
-89.199
-89.117
-89.123
-89.384
-89.183
-89.285
-89.169
-89.594
-89.563
-89.382
-89.501
-89.337
-89.475
-89.663
-89.686
-89.6
-89.509
-89.308
-89.1
-89.202
-89.394
-89.323
-89.428
-89.172
-88.965
-89.048
-89.121
-88.886
-88.754
-88.868
-88.808
-88.763
-88.644
-88.646
-88.68
-88.543
-88.282
-88.183
-88.008
-87.914
-88.224
-88.213
-88.213
-88.439
-88.346
-88.454
-88.618
-88.603
-88.662
-88.669
-88.706
-88.909
-88.913
-89.099
-88.968
-89.031
-88.851
-88.797
-88.65
-88.629
-88.624
-88.696
-88.912
-88.932
-88.842
-88.815
-88.673
-88.471
-88.533
-88.582
-88.467
-88.68
-88.848
-88.746
-88.816
-88.988
-88.947
-88.899
-89.052
-88.754
-88.586
-88.541
-88.498
-88.417
-88.392
-88.431
-88.445
-88.339
-88.248
-88.091
-87.938
-87.826
-87.851
-87.935
-87.798
-87.806
-87.794
-87.953
-87.895
-87.897
-87.575
-87.381
-87.286
-86.939
-86.899
-86.974
-87.044
-86.933
-87.044
-87.011
-86.748
-86.729
-86.709
-86.964
-86.885
-86.939
-86.799
-86.974
-87.074
-87.195
-87.342
-87.235
-87.389
-87.482
-87.7
-87.735
