-66.006
-66.145
-66.117
-66.15
-66.301
-66.505
-66.865
-66.819
-66.869
-66.817
-66.477
-66.374
-66.582
-66.758
-66.566
-66.531
-66.526
-66.306
-66.454
-66.511
-66.742
-66.889
-66.533
-66.762
-67.025
-67.145
-67.343
-67.333
-67.34
-67.689
-67.825
-67.636
-67.583
-67.33
-67.357
-67.361
-67.392
-67.402
-67.708
-67.532
-67.68
-67.966
-67.823
-67.753
-67.712
-67.448
-67.129
-67.331
-67.252
-67.429
-67.451
-67.478
-67.313
-67.499
-67.467
-67.626
-67.575
-67.812
-67.854
-67.715
-67.658
-67.895
-67.691
-67.64
-67.498
-67.607
-67.844
-67.913
-68.27
-68.153
-68.131
-68.21
-68.117
-68.557
-68.686
-68.559
-68.522
-68.597
-68.98
-68.894
-68.905
-68.821
-68.965
-69.163
-69.416
-69.811
-70.067
-70.237
-70.518
-70.679
-70.488
-70.548
-70.315
-70.624
-70.825
-70.748
-70.362
-70.028
-69.868
-69.973
-70.259
-70.221
-70.147
-70.064
-69.951
-70.122
-70.273
-69.941
-69.546
-69.344
-69.139
-69.03
-69.187
-69.198
-68.904
-68.757
-68.869
-68.655
-68.567
-68.656
-68.594
-68.405
-68.658
-68.522
-68.609
-68.51
-68.233
-68.083
-68.248
-68.139
-68.106
-67.895
-68.2
-67.978
-67.985
-67.853
-67.725
-67.481
-67.559
-67.689
-67.44
-67.544
-67.789
-67.793
-67.66
-67.848
-67.81
-68.05
-68.055
-67.974
-67.978
-67.935
-68.085
-68.232
-68.207
-68.345
-68.068
-67.65
-67.809
-67.949
-67.992
-67.906
-67.737
-67.766
-67.694
-67.786
-67.782
-67.943
-68.168
-67.939
-67.813
-67.586
-67.883
-67.786
-67.699
-67.925
-67.994
-68.252
-68.332
-68.376
-68.747
-68.872
-68.791
-68.866
-68.521
-68.701
-68.548
-68.758
-68.677
-68.614
-68.463
-68.671
-68.862
-68.686
-68.669
-68.629
-68.531
-68.674
-68.715
-68.726
-68.832
-68.761
-68.735
-68.765
-68.782
-68.882
-68.792
-68.686
-68.914
-68.662
-68.837
-68.676
-68.348
-68.01
-67.92
-67.384
-67.258
-67.157
-66.998
-66.928
-66.605
-66.159
-65.926
-66.063
-65.608
-65.46
-65.689
-65.868
-65.936
-66.369
-66.234
-66.29
-66.029
-65.837
-65.772
-65.643
-65.545
-65.295
-65.334
-65.374
-65.344
-65.022
-65.532
-65.691
-65.713
-65.88
-66.132
-65.924
-65.894
-65.683
-65.737
-65.764
-66.027
-65.689
-65.601
-65.371
-64.858
-64.762
-64.442
-64.148
-63.972
-63.725
-63.433
-63.038
-62.865
-62.943
-62.601
-62.52
-62.487
-62.17
-62.221
-62.33
-62.267
-62.319
-61.883
-61.831
-61.585
-61.148
-61.079
-61
-60.967
-61.163
-61.001
-60.967
-60.969
-60.845
-60.626
-60.347
-60.506
-60.293
-60.17
-60.086
-59.535
-59.713
-59.817
-59.673
-59.814
-59.987
-60.21
-60.086
-59.881
-59.858
-59.926
-59.945
-60.093
-60.28
-60.252
-59.853
-59.779
-59.899
-59.714
-59.61
-59.538
-59.154
-59.15
-58.953
-58.921
-58.492
-58.372
-58.076
-57.587
-57.526
-57.219
-56.889
-56.799
-56.462
-56.171
-55.757
-55.126
-54.637
-53.993
-53.541
-52.8
-51.965
-50.579
-48.146
-45
-45
-45
-45
-45
-45
-45
-45
-45
-45
-45
-45
-45
-45
-48.874
-55.8
-61.425
-65.676
-67.855
-69.964
-71.083
-71.804
-72.399
-72.976
-72.919
-72.963
-73.174
-73.294
-73.834
-73.838
-73.866
-74.112
-74.117
-74.009
-73.792
-73.779
-73.738
-73.638
-73.319
-73.367
-73.244
-73.287
-73.254
-73.262
-73.031
-72.852
-72.474
-72.32
-72.555
-72.269
-72.189
-72.397
-72.621
-72.63
-72.579
-72.784
-72.899
-72.958
-73.316
-73.274
-73.2
-73.05
-73.087
-73.127
-72.722
-72.673
-72.968
-73.269
-73.157
-72.903
-72.946
-73.066
-73.031
-72.965
-72.881
-73
-72.739
-72.708
-72.462
-72.229
-71.863
-71.932
-71.627
-71.434
-71.324
-71.109
-70.95
-70.626
-70.449
-70.529
-70.524
-70.292
-70.32
-70.465
-70.597
-70.152
-70.266
-70.22
-70.194
-70.037
-70.144
-70.185
-70.162
-70.182
-71.567
-73.42
-75.127
-76.397
-77.321
-77.821
-78.621
-78.786
-78.965
-79.082
-79.034
-79.134
-79.265
-79.125
-78.99
-79.147
-79.295
-79.414
-79.692
-79.605
-79.733
-79.766
-79.845
-79.824
-79.653
-79.879
-79.852
-79.994
-79.872
-79.685
-79.628
-79.743
-79.793
-80.128
-80.002
-80.008
-79.783
-79.64
-79.608
-79.451
-79.141
-78.986
-79.098
-78.984
-79.101
-79.184
-79.238
-79.203
-79.558
-79.515
-79.499
-79.511
-79.427
-79.631
-79.577
-79.535
-79.186
-79.138
-79.381
-79.416
-79.398
-79.326
-79.249
-79.353
-79.735
-79.622
-79.535
-79.658
-79.859
-79.885
-79.844
-79.7
-79.797
-79.935
-80.092
-80.4
-80.408
-80.091
-79.852
-79.839
-79.811
-79.803
-79.702
-79.408
-79.571
-79.367
-79.15
-78.972
-78.945
-78.864
-78.976
-79.234
-78.892
-79.03
-79.331
-79.06
-79.268
-79.411
-79.772
-79.676
-79.799
-79.785
-79.595
-79.477
-79.716
-79.953
-79.915
-80.035
-79.74
-79.637
-79.768
-80.013
-79.833
-79.759
-80.008
-79.852
-79.823
-79.881
-79.934
-79.945
-80.04
-79.892
-79.953
-79.769
-80.137
-79.916
-79.954
-79.926
-79.622
-79.775
-79.639
-79.508
-79.606
-79.564
-79.592
-79.459
-79.042
-79.062
-79.154
-79.212
-79.314
-79.208
-79.087
-79.15
-79.16
-79.284
-79.492
-79.736
-79.906
-79.742
-79.514
-79.756
-79.714
-79.872
-79.834
-79.846
-79.957
-79.881
-79.703
-79.736
-79.957
-80.106
-80.092
-80.187
-79.823
-79.652
-79.687
-80.008
-79.814
-79.619
-79.829
-79.875
-79.866
-80.015
-79.831
-79.644
-79.687
-79.646
-79.812
-79.857
-80.191
-80.483
-80.32
-80.383
-80.334
-80.385
-80.308
-80.125
-80.205
-80.003
-79.863
-79.681
-79.678
-79.713
-79.943
-80.136
-80.369
-80.398
-80.282
-80.411
-80.22
-80.318
-80.134
-79.887
-79.778
-79.705
-79.909
-79.837
-79.986
-79.667
-79.674
-79.969
-79.932
-80.139
-80.131
-80.265
-80.258
-80.107
-80.285
-80.402
-80.377
-80.421
-80.732
-80.739
-80.994
-80.738
-80.948
-80.663
-80.474
-80.331
-80.13
-80.009
-80.103
-80.046
-79.953
-80.001
-79.548
-79.578
-79.746
-79.838
-79.86
-80.124
-80.338
-80.41
-80.395
-80.412
-80.35
-80.083
-80.056
-80.09
-80.211
-80.367
-80.308
-80.439
-80.341
-80.654
-80.614
-80.417
-80.426
-80.555
-80.53
-80.521
-80.63
-80.628
-80.669
-80.639
-80.529
-80.486
-80.554
-80.482
-80.528
-80.078
-80.145
-80.143
-79.921
-80.042
-80.115
-80.034
-80.231
-80.025
-80.271
-80.292
-80.31
-80.238
-80.484
-80.567
-80.516
-80.387
-80.743
-80.957
-81.027
-80.815
-81.086
-81.024
-81.074
-81.175
-81.168
-81.148
-81.058
-80.779
-80.706
-80.693
-80.528
-80.499
-80.349
-80.167
-80.249
-80.45
-80.505
-80.62
-80.637
-80.794
-80.956
-81.155
-80.871
-80.801
-80.794
-80.798
-80.923
-80.891
-80.628
-80.645
-80.536
-80.367
-80.692
-80.708
-80.915
-81.038
-81.057
-80.859
-80.779
-80.789
-80.829
-80.667
-80.812
-80.718
-80.512
-80.523
-80.439
-80.558
-80.667
-80.85
-80.846
-80.851
-80.812
-80.879
-80.746
-80.935
-81.119
-81.027
-81.007
-81.108
-80.936
-80.779
-80.785
-80.811
-80.743
-80.499
-80.449
-80.224
-80.441
-80.33
-80.487
-80.233
-80.257
-80.26
-80.351
-80.312
-80.54
-80.432
-80.351
-80.339
-80.518
-80.307
-80.424
-80.49
-80.65
-80.603
-80.631
-80.596
-80.3
-80.065
-79.847
-79.946
-80.004
-80.109
-80.391
-80.24
-80.314
-80.335
-80.541
-80.534
-80.277
-80.425
-80.45
-80.839
-80.803
-80.896
-81.25
-81.446
-81.105
-81.231
-81.078
-81.21
-81.026
-81.099
-81.195
-81.359
-81.233
-81.176
-81.188
-81.129
-81.146
-81.273
-81.268
-81.166
-81
-80.927
-80.935
-80.749
-81.005
-81.01
-80.826
-80.9
-80.841
-80.839
-80.692
-80.748
-80.616
-80.778
-80.572
-80.612
-80.824
-80.706
-80.691
-80.654
-80.833
-80.837
-80.939
-80.618
-80.448
-80.312
-80.316
-80.245
-80.146
-80.124
-80.122
-80.312
-80.523
-80.621
-80.484
-80.589
-80.568
-80.634
-80.854
-81.077
-81.088
-80.988
-80.897
-80.534
-80.331
-80.334
-80.165
-80.284
-80.19
-79.945
-79.887
-80.096
-80.045
-80.238
-80.107
-80.396
-80.319
-80.621
-80.552
-80.368
-80.504
-80.343
-80.31
-80.437
-80.503
-80.543
-80.454
-80.463
-80.556
-80.236
-80.326
-80.301
-80.343
-80.423
-80.382
-80.507
-80.277
-80.238
-80.385
-80.256
-80.31
-80.38
-80.281
-80.349
-80.269
-80.296
-80.326
-80.645
-80.639
-80.73
-80.856
-81.12
-81.105
-81.093
-81.298
-81.242
-81.308
-81.252
-81.055
-81.189
-81.27
-81.422
-81.221
-81.323
-81.307
-81.224
-81.566
-81.819
-81.698
-81.867
-81.877
-81.682
-81.836
-81.91
-81.912
-81.918
-81.808
-81.741
-81.874
-82.198
-82.174
-82.206
-82.081
-82.155
-81.95
-81.885
-81.717
-81.726
-81.532
-81.612
-81.539
-81.549
-81.39
-81.164
-80.971
-80.747
-80.863
-80.831
-80.936
-81.115
-81.025
-80.925
-80.703
-80.87
-81.172
