-79.638
-79.427
-79.448
-79.489
-79.261
-79.091
-79.067
-79.187
-79.342
-79.394
-79.474
-79.46
-79.665
-79.559
-79.649
-79.503
-79.482
-79.796
-79.998
-80.094
-79.962
-80.18
-80.112
-80.069
-80.083
-80.081
-80.213
-80.264
-80.16
-80.101
-80.181
-80.225
-80.328
-80.455
-80.23
-80.422
-80.604
-80.412
-80.712
-80.447
-80.31
-80.587
-80.586
-80.43
-80.487
-80.638
-80.567
-80.258
-80.203
-80.276
-80.126
-80.162
-80.067
-80.162
-79.874
-80.243
-80.029
-79.686
-79.737
-79.955
-79.857
-79.578
-79.666
-79.746
-79.634
-79.462
-79.338
-79.525
-79.346
-79.611
-79.872
-79.835
-79.739
-79.775
-79.804
-79.828
-79.911
-79.952
-79.885
-79.774
-79.532
-79.615
-79.756
-79.805
-79.719
-79.598
-79.298
-79.12
-79.498
-79.529
-79.421
-79.474
-79.525
-79.514
-79.479
-79.428
-79.341
-79.22
-79.423
-79.286
-79.181
-79.223
-79.132
-79.066
-79.235
-79.152
-79.347
-79.245
-79.214
-79.157
-79.108
-79.031
-79.071
-79.306
-79.617
-79.603
-79.351
-79.418
-79.635
-79.639
-79.521
-79.666
-79.841
-79.85
-79.503
-79.537
-79.492
-79.473
-79.669
-79.707
-80.037
-80.007
-80.072
-80.338
-79.799
-79.634
-79.843
-79.723
-79.986
-80.132
-80.06
-80.043
-79.849
-79.787
-79.941
-80.11
-79.975
-79.913
-79.966
-80.27
-80.156
-80.222
-79.867
-79.744
-79.968
-79.973
-79.909
-79.827
-79.464
-79.6
-79.899
-79.929
-80.032
-79.995
-79.786
-79.853
-79.96
-79.772
-79.719
-79.77
-79.651
-79.703
-79.737
-79.773
-79.872
-79.816
-79.974
-79.886
-80.031
-80.06
-79.857
-79.654
-79.783
-79.481
-79.441
-79.516
-79.695
-79.578
-79.721
-79.995
-79.853
-80.063
-80.109
-80.156
-80.191
-80.105
-80.228
-80.34
-80.296
-80.267
-80.261
-80.152
-80.221
-79.798
-79.641
-79.734
-79.851
-80.059
-80.1
-80.006
-79.823
-79.914
-79.866
-80.04
-80.066
-79.914
-80.01
-79.904
-80.201
-80.105
-79.993
-80.078
-80.224
-80.108
-80.186
-79.823
-79.865
-79.887
-79.846
-79.711
-79.579
-79.697
-79.879
-80.037
-79.96
-79.569
-80.147
-80.277
-80.232
-80.561
-80.267
-80.21
-80.408
-80.385
-80.38
-80.543
-80.484
-80.346
-80.146
-80.014
-80.056
-80.028
-80.26
-80.47
-80.26
-79.946
-79.967
-80.084
-79.868
-79.912
-79.744
-79.728
-80.306
-80.098
-80.195
-80.232
-80.042
-80.141
-80.274
-80.213
-79.768
-79.765
-79.856
-80.085
-80.253
-79.941
-80.081
-80.304
-80.085
-79.921
-80.165
-80.086
-79.996
-79.904
-79.974
-79.94
-80.166
-80.213
-80.204
-80.208
-79.916
-79.998
-79.943
-79.744
-79.822
-79.629
-79.675
-79.796
-79.724
-79.54
-79.631
-79.87
-79.752
-79.827
-79.985
-79.846
-80.044
-79.857
-79.684
-79.652
-79.737
-80.118
-80.021
-80.131
-80.322
-80.412
-80.448
-80.429
-80.139
-80.163
-80.172
-80.021
-79.879
-79.937
-80.306
-80.24
-80.117
-80.103
-79.895
-79.922
-80.086
-79.806
-79.759
-79.989
-80.031
-80.057
-80.246
-80.121
-80.116
-80.052
-79.965
-79.848
-79.761
-79.769
-79.402
-79.522
-79.546
-79.262
-79.316
-79.194
-79.447
-79.565
-79.622
-79.196
-79.199
-79.177
-79.344
-79.669
-79.521
-79.443
-79.336
-79.372
-79.49
-79.571
-79.497
-79.439
-79.519
-79.534
-79.463
-79.692
-79.896
-79.896
-79.833
-79.952
-79.999
-80.002
-79.805
-79.794
-79.793
-79.957
-79.791
-79.743
-79.872
-79.661
-79.943
-79.987
-79.764
-79.92
-79.843
-79.899
-80.17
-79.693
-79.834
-79.995
-80.025
-80.143
-79.948
-79.796
-79.866
-79.99
-79.816
-79.755
-79.645
-79.544
-79.413
-79.599
-79.53
-79.446
-79.494
-79.451
-79.364
-79.425
-79.6
-79.445
-79.334
-79.425
-79.453
-79.477
-79.267
-79.395
-79.485
-79.745
-79.795
-79.744
-79.757
-79.785
-79.769
-79.585
-79.592
-79.634
-79.653
-79.63
-79.873
-79.984
-79.996
-80.001
-79.938
-79.893
-79.805
-79.97
-79.809
-79.86
-79.795
-79.829
-79.815
-79.811
-79.939
-79.76
-79.728
-79.915
-79.752
-79.881
-79.747
-79.896
-79.791
-79.973
-79.882
-79.626
-79.608
-79.588
-79.586
-79.809
-79.981
-79.939
-80.029
-80.248
-80.098
-79.994
-80.13
-79.972
-80.003
-79.688
-79.805
-79.682
-79.835
-79.921
-80.182
-80.233
-79.895
-80.058
-80.13
-80.072
-80.04
-79.836
-80.001
-79.823
-79.763
-79.791
-79.855
-79.574
-79.918
-79.916
-79.792
-80.073
-79.9
-80.097
-79.726
-79.639
-79.595
-79.685
-79.864
-79.885
-79.705
-79.792
-80.015
-80.029
-80.136
-80.298
-80.191
-79.947
-80.113
-80.071
-80.263
-80.394
-80.324
-80.416
-80.302
-80.36
-80.331
-80.133
-80.239
-80.01
-80.179
-80.029
-79.999
-80.082
-80.05
-79.873
-79.973
-80.053
-80.125
-80.151
-80.076
-80.198
-80.24
-80.251
-80.124
-79.936
-79.954
-80.034
-80.02
-80.13
-80.204
-80.305
-79.991
-79.919
-79.929
-79.847
-79.776
-79.888
-79.851
-79.922
-80.107
-79.904
-79.762
-79.805
-79.703
-79.548
-79.7
-79.65
-79.531
-79.268
-79.234
-79.13
-79.524
-79.766
-79.992
-80.041
-80.094
-80.116
-80.034
-80.004
-79.778
-79.879
-79.847
-79.975
-79.991
-79.89
-79.964
-79.903
-80.117
-79.931
-79.979
-79.96
-79.973
-80.032
-79.957
-80.078
-80.327
-80.157
-80.098
-80.115
-80.191
-80.319
-80.403
-80.234
-80.004
-79.958
-79.732
-79.624
-79.577
-79.726
-79.948
-80.025
-80.068
-80.189
-80.009
-79.877
-79.783
-79.848
-80.078
-80.243
-79.861
-79.92
-79.958
-80.461
-80.425
-80.49
-80.445
-80.238
-80.044
-79.88
-80.053
-79.972
-80.125
-79.827
-79.94
-79.829
-79.855
-79.738
-79.87
-80.038
-80.121
-80.204
-80.325
-80.296
-80.549
-80.439
-80.536
-80.68
-80.818
-80.562
-80.441
-80.44
-80.237
-80.102
-80.306
-79.92
-80.028
-80.055
-80.026
-79.649
-79.672
-79.785
-79.496
-79.381
-79.514
-79.398
-79.338
-79.395
-79.447
-79.285
-79.31
-79.416
-79.617
-79.536
-79.655
-79.533
-79.695
-79.875
-79.74
-79.752
-80.038
-79.905
-79.897
-80.056
-79.866
-79.832
-79.732
-79.754
-79.738
-79.852
-80.116
-80.207
-80.454
-80.429
-80.352
-80.164
-80.195
-80.174
-80.306
-80.446
-80.412
-80.402
-79.742
-79.937
-80.019
-80.14
-80.461
-80.747
-80.686
-80.747
-80.734
-80.69
-81.038
-81.073
-81.077
-80.864
-80.846
-81.014
-80.986
-80.912
-80.986
-81.116
-81.292
-80.959
-80.836
-80.933
-81.011
-81.123
-81.017
-80.79
-80.887
-80.854
-80.845
-80.665
-80.69
-80.817
-80.814
-80.903
-80.957
-81.151
-81.055
-81.092
-81.137
-80.864
-80.764
-80.441
-80.421
-80.906
-80.754
-80.78
-80.793
-80.782
-80.65
-80.319
-80.163
-80.47
-80.27
-80.216
-80.269
-80.352
-80.601
-80.46
-80.326
-80.365
-80.402
-80.327
-80.208
-80.215
-80.267
-80.494
-80.568
-80.392
-80.541
-80.666
-80.771
-80.973
-80.87
-80.572
-80.566
-80.482
-80.222
-80.237
-80.062
-80.205
-80.263
-80.253
-80.042
-80.25
-80.273
-80.422
-80.22
-80.489
-80.513
-80.634
-80.792
-80.612
-80.658
-80.839
-80.75
-80.625
-80.658
-80.741
-80.759
-80.706
-80.897
-80.909
-80.898
-80.876
-80.789
-80.333
-80.26
-80.282
-80.158
-80.06
-80.217
-80.137
-80.254
-79.939
-79.985
-80.001
-80.219
-80.182
-80.123
-80.103
-80.359
-80.203
-80.33
-80.561
-80.728
-80.799
-80.629
-80.788
-80.831
-80.845
-81.041
-81.126
-81.038
-81.005
-80.892
-80.903
-80.884
-80.702
-80.676
-80.385
-80.314
-80.483
-80.133
-80.351
-80.184
-80.221
-80.349
-80.373
-80.079
-80.179
-80.012
-80.137
-80.529
-80.48
-80.615
-80.879
-81.143
-81.488
-81.663
-81.441
-81.266
-81.555
-81.514
-81.58
-81.64
-81.332
-81.309
-81.176
-81.009
-81.283
-81.151
-80.821
-80.96
-81.003
-80.709
-80.907
-81.119
-81.115
-81.22
-81.03
-81.248
-81.29
-81.392
-81.295
-81.301
-81.479
-81.379
-81.463
-81.535
-81.504
-81.858
-82.062
-81.991
-82.143
-82.049
-81.876
-81.969
-82.052
-82.2
-82.271
-82.107
-81.95
-81.836
-81.977
-82.31
-82.168
-82.225
-82.326
-82.444
-82.268
-82.476
-82.612
-82.378
-82.367
-82.425
-82.17
-82.419
-82.349
-82.363
-82.434
-82.162
-82.222
-82.112
-82.266
-82.209
-82.397
-82.566
-82.609
-82.87
-82.74
-82.832
-82.781
-82.689
-82.3
-82.375
-82.382
-82.491
-82.704
-82.392
-82.447
-82.338
-82.229
-82.259
-81.96
-82.024
-81.855
-81.708
-81.882
-81.877
-81.849
-81.923
-81.861
-81.729
-81.576
-81.434
-81.592
-81.449
-81.215
-81.263
-81.486
-81.346
-81.281
-81.02
-80.783
-80.74
-80.718
-80.572
-80.795
-80.905
-81.161
-81.017
-80.844
-80.649
-80.449
-80.412
-80.397
-80.401
-80.667
-80.802
-80.819
-80.782
-80.886
-81.176
-80.974
-80.761
-80.49
-80.266
-80.38
-80.439
-80.412
-80.229
-80.086
-80.184
-80.125
-80.323
-80.265
-80.404
-80.522
-80.572
-80.47
-80.408
-80.471
-80.448
-80.534
-80.479
