-85.306
-85.122
-85.132
-84.826
-84.871
-84.683
-84.865
-84.792
-84.521
-84.495
-84.563
-84.476
-84.83
-84.866
-84.81
-85.02
-85.007
-84.91
-84.917
-84.585
-84.284
-84.133
-84.016
-83.952
-83.984
-84.064
-83.995
-84.022
-84.169
-84.268
-84.122
-84.224
-84.305
-84.259
-84.187
-83.99
-84.041
-83.816
-83.965
-84.181
-84.198
-84.246
-84.297
-84.42
-84.42
-84.616
-84.752
-84.651
-84.637
-84.574
-84.72
-84.567
-84.714
-84.701
-84.502
-84.277
-84.114
-84.165
-84.052
-84.09
-83.952
-83.619
-83.549
-83.969
-83.959
-83.903
-83.896
-83.386
-83.414
-83.164
-83.078
-82.88
-83.096
-82.942
-82.771
-82.546
-82.572
-82.549
-82.494
-82.518
-82.469
-82.404
-82.24
-82.123
-81.798
-81.761
-81.763
-82.002
-82.014
-81.959
-82.19
-82.365
-82.351
-82.451
-82.451
-82.349
-82.559
-82.547
-82.171
-82.402
-82.564
-82.535
-82.881
-82.844
-82.892
-82.809
-82.415
-82.278
-82.127
-82.371
-82.01
-82.235
-82.559
-82.742
-82.83
-82.993
-82.826
-82.689
-82.383
-82.155
-81.978
-82.183
-82.134
-81.909
-82.011
-81.976
-81.856
-81.928
-81.953
-81.867
-81.974
-82.09
-82.301
-82.168
-82.28
-82.462
-82.393
-82.259
-82.296
-82.291
-82.29
-82.297
-82.744
-83.036
-83.161
-83.313
-83.125
-82.996
-83.271
-83.374
-83.381
-83.682
-83.399
-83.463
-83.723
-83.912
-83.914
-83.791
-83.758
-83.697
-83.814
-83.962
-84.14
-84.044
-84.099
-84.054
-83.832
-83.825
-83.783
-83.972
-83.829
-83.86
-83.846
-83.81
-83.865
-84.029
-83.726
-83.848
-83.696
-83.553
-83.292
-83.356
-83.456
-83.463
-83.584
-83.274
-83.352
-83.292
-83.193
-83.404
-83.375
-83.429
-83.697
-83.737
-83.666
-83.534
-83.712
-83.931
-84.02
-84.196
-84.345
-84.073
-84.049
-84.107
-84.098
-83.865
-83.923
-83.77
-83.79
-83.787
-83.689
-83.712
-83.597
-83.341
-83.601
-83.671
-83.486
-83.55
-83.631
-83.753
-83.866
-83.721
-83.934
-83.784
-83.78
-83.66
-83.593
-83.763
-83.647
-83.756
-83.502
-83.41
-83.392
-83.353
-83.063
-83.195
-82.917
-82.967
-82.999
-83.233
-83.039
-82.974
-83.164
-83.215
-83.087
-83.334
-83.492
-83.431
-83.266
-83.171
-83.276
-83.118
-83.337
-83.394
-83.609
-83.632
-83.593
-83.583
-83.216
-83.453
-83.157
-82.813
-82.702
-83.097
-83.307
-83.459
-83.358
-83.093
-83.102
-83.182
-83.285
-82.968
-82.895
-82.847
-82.903
-82.974
-83.28
-83.495
-83.452
-83.201
-83.08
-82.98
-82.766
-82.605
-82.59
-82.465
-82.497
-82.593
-82.612
-82.752
-82.856
-82.581
-82.564
-82.625
-82.786
-82.792
-82.925
-83.253
-83.545
-83.729
-83.809
-83.572
-83.455
-83.377
-83.623
-83.756
-83.705
-83.711
-83.718
-83.796
-83.487
-83.515
-83.646
-83.764
-83.766
-83.709
-83.87
-84.106
-84.414
-84.442
-84.521
-84.351
-84.443
-84.401
-84.24
-84.088
-84.1
-83.8
-83.911
-84.079
-84.241
-84.248
-84.175
-84.113
-84.108
-84.074
-84.128
-84.331
-84.211
-84.103
-83.966
-83.687
-83.3
-83.521
-83.209
-83.413
-83.536
-83.432
-83.365
-83.285
-83.298
-83.415
-83.302
-83.23
-83.058
-83.171
-83.151
-82.954
-82.937
-83.04
-82.943
-82.903
-82.619
-82.279
-82.385
-82.166
-82.025
-81.905
-81.903
-81.651
-81.552
-81.335
-81.008
-81.189
-81.121
-81
-81.074
-81.149
-80.714
-80.847
-80.852
-80.714
-80.644
-80.732
-80.836
-81.054
-80.897
-81.002
-80.918
-80.912
-81.127
-80.696
-80.752
-81.149
-81.16
-80.939
-81.028
-80.783
-80.875
-80.919
-81.163
-81.036
-81.154
-81.111
-81.014
-80.947
-80.801
-80.87
-80.926
-80.993
-81.019
-80.988
-81.023
-80.899
-81.143
-81.324
-81.183
-81.183
-81.193
-81.126
-81.162
-81.247
-81.276
-81.324
-81.118
-81.08
-81.145
-81.328
-81.67
-81.764
-81.703
-81.591
-81.451
-81.855
-81.839
-81.949
-81.937
-81.898
-81.829
-81.732
-81.683
-81.664
-81.557
-81.567
-81.508
-81.596
-81.768
-81.699
-81.814
-81.924
-82.241
-82.434
-82.421
-82.581
-82.424
-82.206
-82.294
-82.281
-82.133
-82.162
-82.297
-82.346
-82.34
-82.061
-82.14
-82.229
-82.016
-81.813
-81.721
-81.577
-81.543
-81.546
-81.329
-81.482
-81.533
-81.361
-81.492
-81.334
-81.181
-81.06
-81.033
-81.058
-81.413
-81.543
-81.423
-81.185
-80.971
-81.026
-81.366
-81.053
-80.959
-81.158
-81.313
-81.518
-81.952
-82.159
-82.17
-82.067
-82.166
-82.173
-82.109
-81.809
-81.822
-82.039
-81.87
-81.93
-81.93
-81.736
-81.41
-81.61
-81.52
-81.339
-81.195
-81.183
-81.467
-81.612
-81.72
-81.519
-81.425
-81.58
-81.424
-81.422
-81.349
-81.374
-81.474
-81.416
-81.49
-81.59
-81.635
-81.475
-81.49
-81.329
-81.005
-80.897
-81.04
-80.808
-81.116
-81.237
-81.378
-81.316
-81.234
-81.255
-81.229
-81.286
-81.239
-81.23
-81.107
-81.2
-81.233
-81.069
-80.916
-80.982
-81.032
-80.832
-80.927
-80.908
-81.307
-81.446
-81.464
-81.364
-81.261
-81.263
-81.281
-81.312
-81.052
-80.767
-80.875
-80.922
-80.922
-81.271
-81.265
-81.29
-81.357
-81.444
-81.381
-81.248
-81.141
-81.206
-81.555
-81.582
-81.62
-81.411
-81.232
-81.021
-81.185
-81.087
-81.128
-81.259
-81.093
-81.026
-81.151
-81.075
-80.77
-80.843
-80.735
-80.803
-80.931
-81.076
-81.36
-81.392
-81.61
-81.623
-81.761
-82.03
-82.214
-82.266
-82.188
-82.129
-82.107
-82.061
-81.917
-81.934
-81.727
-81.455
-81.659
-81.996
-81.784
-81.724
-81.708
-81.714
-82.193
-81.961
-81.902
-81.763
-82.016
-81.975
-82.026
-82.213
-82.051
-81.8
-82.03
-82.101
-82.174
-82.084
-81.927
-82.074
-82.076
-82.006
-82.125
-82.095
-82.215
-82.153
-81.957
-82.006
-82.015
-81.956
-81.645
-81.845
-81.525
-81.621
-81.338
-81.723
-81.637
-81.541
-81.596
-81.664
-81.68
-81.529
-81.575
-81.799
-81.804
-81.541
-81.635
-81.673
-81.456
-81.572
-81.341
-81.286
-81.1
-81.209
-81.212
-81.292
-81.078
-81.212
-81.298
-81.63
-81.633
-81.494
-81.224
-81.281
-80.924
-81.167
-81.188
-81.098
-81.266
-81.586
-81.486
-81.496
-81.491
-81.669
-81.473
-81.173
-81.431
-81.484
-81.369
-81.142
-81.046
-81.09
-80.956
-80.962
-80.707
-80.536
-80.478
-80.672
-80.705
-80.897
-80.875
-80.667
-80.869
-80.856
-81.075
-80.881
-81.089
-80.798
-80.907
-80.832
-80.933
-80.817
-81.034
-80.74
-80.793
-80.949
-81.145
-81.528
-81.683
-81.728
-81.831
-81.843
-82.014
-82.221
-81.943
-81.798
-81.889
-81.781
-81.859
-81.868
-81.602
-81.8
-81.721
-81.484
-81.466
-81.638
-81.493
-81.725
-81.709
-81.653
-81.813
-81.826
-81.798
-81.604
-81.908
-82.078
-82.117
-81.959
-81.969
-82.233
-82.421
-82.474
-82.39
-81.995
-82.082
-81.972
-81.913
-82.011
-81.833
-81.528
-81.528
-81.636
-81.571
-81.326
-81.446
-81.296
-81.262
-81.341
-81.635
-81.751
-81.819
-81.656
-81.502
-81.71
-81.932
-81.649
-81.515
-81.518
-81.177
-80.946
-81.177
-81.114
-80.917
-80.967
-80.589
-80.53
-80.552
-80.661
-80.611
-80.416
-80.164
-79.997
-80.003
-80.011
-80.017
-79.716
-79.52
-79.373
-79.531
-79.467
-79.537
-79.337
-79.546
-79.497
-79.723
-79.852
-79.691
-79.732
-79.703
-79.762
-79.728
-79.728
-79.886
-79.786
-80.154
-80.185
-80.139
-79.98
-80.003
-80.051
-80.144
-79.693
-79.499
-79.544
-79.686
-79.569
-79.6
-79.712
-79.71
-79.709
-79.722
-79.852
-79.613
-79.595
-79.393
-79.435
-79.648
-79.664
-79.569
-79.864
-79.834
-80.014
-80.223
-80.473
-80.429
-80.794
-80.931
-80.906
-80.902
-80.908
-80.886
-80.905
-81.193
-81.317
-81.347
-80.998
-81.019
-81.28
-81.491
-81.61
-81.447
-81.239
-81.712
-81.846
-81.912
-82.143
-82.127
-82.313
-82.212
-81.803
-81.979
-81.834
-81.57
-81.585
-81.607
-81.75
-81.954
-81.882
-81.819
-81.799
-81.732
-81.747
-81.94
-82.071
-82.31
-82.294
-82.318
-82.482
-82.522
-82.495
-82.267
-82.301
-81.81
-81.786
-82.008
-81.891
-81.914
-81.931
-82.23
-82.291
-82.001
-82.169
-82.365
-82.402
-82.17
-82.119
-82.149
-81.977
-81.767
-81.928
-81.961
-82.112
-82.069
-81.899
-81.7
-81.586
-81.498
-81.52
-81.718
-81.644
-81.839
-81.748
-81.509
-81.42
-81.319
-81.292
-81.149
-80.968
-81.146
-81.148
-80.769
-80.88
-80.611
-80.369
-80.271
-80.105
-79.839
-79.911
-79.919
-80.021
-80.206
-80.226
-80.162
-80.201
-79.973
-80.046
-80.13
-80.098
-79.888
-79.726
-79.982
-79.644
-79.669
-79.754
-79.934
-79.734
-79.797
-79.701
-80.009
-80.092
-79.816
-79.531
-79.68
-79.891
-79.842
-79.876
-79.831
-79.445
-79.286
-79.28
-79.428
-79.267
-79.196
-79.35
-79.605
-79.839
-80.192
-80.212
-80.514
-80.389
-80.462
-80.35
-80.147
-80.237
-80.114
-80.258
-80.14
-80.08
-79.818
-79.742
-79.748
-79.802
-79.75
-79.817
-79.932
