-78.712
-78.77
-78.981
-78.843
-78.879
-78.864
-78.992
-78.952
-78.878
-78.969
-78.98
-79.241
-79.701
-79.479
-79.433
-79.405
-79.45
-79.345
-78.984
-78.652
-78.683
-78.647
-78.683
-78.477
-78.706
-78.686
-78.614
-78.811
-78.856
-79.172
-79.191
-79.318
-79.225
-79.42
-79.437
-79.38
-79.44
-79.306
-79.751
-79.752
-79.653
-79.646
-79.924
-79.953
-80.341
-80.252
-80.328
-80.358
-80.411
-80.163
-80.248
-79.957
-79.675
-79.748
-79.741
-79.818
-79.931
-79.984
-79.893
-79.971
-79.701
-79.641
-79.936
-79.984
-79.887
-79.629
-79.612
-79.531
-79.625
-79.584
-79.574
-79.556
-79.275
-79.122
-79.419
-79.412
-79.691
-79.659
-79.682
-79.566
-79.419
-79.199
-79.014
-79.194
-79.203
-79.286
-79.228
-79.413
-79.598
-79.787
-79.834
-79.878
-79.875
-79.762
-79.506
-79.689
-79.809
-79.674
-79.574
-79.347
-79.429
-79.636
-79.585
-79.849
-79.825
-79.801
-79.778
-79.772
-79.854
-80.104
-79.765
-79.76
-79.656
-79.704
-79.639
-79.627
-79.477
-79.477
-79.759
-79.878
-79.823
-79.761
-80.059
-79.761
-79.936
-79.82
-79.8
-79.552
-79.72
-79.526
-79.346
-79.415
-79.57
-79.506
-79.589
-79.617
-79.419
-79.657
-79.414
-79.729
-79.852
-80.064
-79.898
-79.997
-80.011
-80.054
-79.739
-79.34
-79.242
-79.169
-79.347
-79.256
-79.142
-78.952
-79.276
-79.43
-79.295
-79.207
-79.067
-78.919
-78.896
-78.877
-79.122
-79.053
-79.308
-79.006
-79.007
-78.996
-78.828
-78.94
-79.267
-79.237
-79.344
-79.601
-79.658
-79.778
-79.835
-79.892
-80.181
-79.92
-79.929
-80.157
-80.242
-80.298
-80.022
-79.84
-79.72
-80.014
-79.852
-79.957
-79.687
-79.82
-79.758
-79.798
-80.083
-80.491
-80.097
-80.027
-79.903
-79.788
-79.939
-79.957
-79.674
-79.854
-79.918
-79.78
-79.944
-80.083
-80.189
-80.291
-80.263
-80.177
-80.019
-80.134
-79.897
-79.946
-79.95
-80.067
-80.429
-80.44
-80.528
-80.433
-80.412
-80.069
-79.774
-79.413
-79.036
-78.886
-78.532
-78.368
-78.534
-78.538
-78.593
-78.685
-78.597
-78.618
-78.57
-78.674
-78.84
-78.748
-78.802
-78.995
-78.963
-79.147
-79.095
-79.094
-78.922
-78.913
-79.123
-78.919
-79.116
-79.253
-79.355
-79.414
-79.509
-79.569
-79.475
-79.31
-79.479
-79.455
-79.364
-79.392
-79.709
-80.013
-80.048
-80.226
-80.095
-79.967
-79.891
-79.995
-79.914
-79.944
-79.945
-80.043
-80.046
-80.095
-80.156
-80.327
-80.227
-79.799
-80.077
-79.945
-80.111
-79.959
-79.852
-80.091
-79.88
-79.962
-79.997
-79.85
-79.842
-80.059
-80.063
-79.799
-80.156
-79.944
-79.996
-79.921
-79.869
-79.99
-79.692
-79.797
-79.807
-79.873
-79.914
-79.389
-79.64
-79.837
-80.146
-80.021
-80.013
-80.071
-79.953
-79.585
-79.722
-79.783
-79.688
-79.645
-79.712
-79.766
-79.874
-80.06
-79.934
-80.141
-80.095
-79.845
-79.978
-80.145
-79.807
-80.044
-80.11
-80.037
-80.399
-80.345
-80.408
-80.519
-80.315
-80.324
-80.32
-80.307
-80.165
-80.277
-80.187
-79.915
-80.095
-79.988
-80.134
-80.132
-79.953
-79.951
-79.972
-79.893
-79.809
-79.82
-79.516
-79.555
-79.309
-79.121
-79.223
-79.339
-79.458
-79.486
-79.47
-79.476
-79.597
-79.411
-79.519
-79.542
-79.682
-79.586
-79.61
-79.469
-79.257
-79.449
-79.765
-79.87
-79.967
-79.889
-79.86
-80.098
-79.969
-79.653
-79.557
-79.597
-79.666
-79.488
-79.693
-79.835
-79.689
-79.934
-79.701
-79.678
-79.543
-79.531
-79.847
-79.718
-79.684
-79.942
-80.076
-80.078
-79.892
-79.948
-79.851
-79.784
-79.993
-79.878
-80.015
-79.973
-79.759
-79.755
-79.652
-79.597
-79.718
-79.848
-79.996
-79.991
-79.945
-80.062
-79.976
-79.96
-80.087
-79.999
-79.991
-80.023
-80.221
-80.018
-79.912
-80.104
-79.943
-79.906
-79.85
-79.747
-80.053
-80.159
-79.809
-79.945
-80.002
-80.013
-79.982
-79.931
-80.086
-79.87
-79.947
-79.704
-79.722
-79.703
-79.7
-79.983
-79.759
-79.966
-80.189
-80.181
-80.031
-80.063
-80.079
-79.956
-79.863
-80.027
-80.048
-80.044
-79.682
-79.836
-79.851
-79.955
-80.003
-79.818
-80.06
-79.99
-79.924
-79.937
-80.058
-80.303
-80.401
-80.191
-80.203
-80.111
-80.156
-79.969
-80.248
-80.211
-79.963
-80.148
-79.909
-79.634
-79.792
-79.925
-79.978
-80.001
-80.131
-80.174
-79.916
-79.831
-79.899
-80.092
-80.094
-79.94
-79.858
-80.047
-79.87
-79.807
-79.642
-79.778
-79.979
-79.604
-79.936
-79.792
-80.015
-80.057
-80.045
-80.19
-80.411
-80.247
-80.326
-80.204
-80.311
-80.353
-80.262
-80.103
-79.802
-79.907
-79.72
-79.868
-80.001
-80.158
-80.221
-80.26
-80.367
-80.255
-80.139
-80.087
-80.209
-80.371
-80.034
-80.189
-79.944
-80.017
-79.769
-80.159
-80.137
-79.98
-79.839
-79.821
-79.843
-79.783
-79.543
-79.679
-79.819
-80.178
-80.369
-80.401
-80.261
-80.058
-80.023
-79.792
-79.789
-79.884
-79.98
-79.982
-80.02
-79.816
-79.588
-79.547
-79.736
-79.842
-79.811
-79.781
-79.715
-79.51
-79.708
-79.749
-79.979
-80.27
-80.725
-80.773
-80.645
-80.653
-80.693
-80.39
-80.386
-80.441
-80.511
-80.297
-80.182
-80.032
-80.11
-80.441
-80.601
-80.367
-80.513
-80.349
-80.265
-80.404
-80.346
-80.532
-80.29
-79.926
-79.772
-79.747
-79.808
-79.762
-79.757
-79.615
-79.766
-79.589
-79.787
-80.042
-79.898
-79.753
-79.653
-79.699
-79.796
-80.063
-80.146
-80.036
-79.984
-79.936
-79.975
-79.963
-79.804
-79.496
-79.626
-80.181
-80.283
-80.302
-79.991
-79.984
-80.309
-80.277
-80.149
-79.955
-80.288
-79.906
-79.843
-80.175
-80.59
-80.367
-80.615
-80.233
-80.152
-80.164
-80.25
-80.254
-80.455
-80.732
-80.617
-80.309
-80.529
-80.477
-80.764
-80.588
-80.883
-80.459
-80.475
-80.225
-80.067
-79.981
-79.838
-79.955
-79.909
-79.992
-79.882
-79.736
-79.641
-79.755
-79.849
-79.761
-79.844
-80.038
-79.942
-80.054
-79.94
-79.846
-79.713
-79.485
-79.173
-79.548
-79.591
-79.308
-79.167
-79.246
-79.499
-79.451
-79.663
-79.661
-79.989
-79.661
-79.524
-79.39
-79.25
-79.241
-79.485
-79.191
-79.289
-79.488
-79.327
-79.18
-79.143
-79.323
-79.215
-79.412
-79.578
-79.524
-79.855
-79.697
-79.446
-79.26
-79.574
-79.565
-79.465
-79.334
-79.503
-79.364
-79.349
-79.283
-79.278
-79.453
-79.536
-79.723
-79.536
-79.471
-79.676
-79.768
-79.716
-79.538
-80.011
-79.93
-79.988
-79.761
-79.878
-80.19
-80.148
-80.155
-80.248
-80.363
-80.279
-80.294
-80.408
-80.448
-80.43
-80.478
-80.245
-80.161
-80.31
-80.497
-80.451
-80.096
-80.234
-80.229
-80.09
-79.832
-80.033
-79.916
-79.88
-79.443
-79.548
-79.621
-79.742
-79.491
-79.391
-79.456
-79.142
-78.826
-78.789
-78.879
-78.956
-79.232
-79.373
-79.261
-79.195
-79.452
-79.437
-79.391
-79.179
-79.186
-79.304
-79.419
-79.481
-79.387
-79.568
-79.383
-79.41
-79.232
-79.081
-78.977
-78.891
-78.63
-78.637
-78.839
-78.878
-78.791
-78.935
-79.096
-78.847
-79.079
-79.124
-79.211
-79.399
-79.099
-79.412
-79.223
-79.371
-79.426
-79.774
-79.653
-79.667
-80.119
-79.826
-79.754
-80.03
-80.368
-80.679
-80.355
-80.185
-80.156
-80.065
-79.989
-79.97
-80.146
-80.102
-80.181
-80.527
-80.265
-80.325
-80.07
-80.135
-80.076
-79.958
-80.051
-79.972
-79.972
-80.045
-80.232
-79.924
-79.824
-80.021
-80.117
-80.112
-79.904
-79.735
-79.983
-79.811
-79.551
-79.622
-79.758
-79.95
-80.057
-80.002
-79.948
-80.035
-80.222
-80.282
-80.022
-80.137
-80.412
-80.609
-80.975
-80.904
-80.897
-80.877
-81.055
-81.131
-81.275
-81.206
-81.273
-81.465
-81.24
-81.271
-81.084
-81.101
-81.063
-80.695
-80.581
-80.696
-80.581
-80.541
-80.581
-80.437
-80.515
-80.704
-80.695
-80.849
-80.886
-80.966
-80.72
-80.875
-81.037
-80.853
-80.875
-80.917
-80.55
-80.463
-80.5
-80.314
-80.29
-79.96
-79.858
-79.773
-79.663
-79.788
-79.741
-79.507
-79.509
-79.533
-79.753
-79.767
-79.958
-79.905
-79.886
-79.893
-80.214
-79.98
-79.978
-80.181
-80.401
-80.533
-80.583
-80.997
-80.776
-80.662
-80.941
-81.098
-81.425
-81.286
-81.415
-81.5
-81.58
-81.562
-81.369
-81.184
-81.09
-80.952
-80.906
-80.874
-80.719
-80.522
-80.42
-80.298
-80.237
-80.129
-80.152
-79.947
-80.144
-80.578
-80.48
-80.513
-80.502
-80.518
-80.446
-80.569
-80.146
-80.344
-80.367
-80.015
-80.131
-79.901
-79.91
-79.945
-79.752
-79.69
-79.532
-79.521
-79.253
-79.229
-79.282
-79.096
-79.196
-79.282
-79.088
-78.989
-78.929
-79.053
-79.155
-79.052
-78.845
-78.879
-79.01
-79.308
-79.369
-79.315
-79.422
-79.187
-79.14
-78.795
-78.795
-78.611
-78.716
-78.832
-78.758
-78.697
-78.868
-78.983
-79.294
-78.994
-79.122
-79.068
-79.049
-78.986
-78.872
-78.744
-78.671
-78.538
