-68.406
-68.454
-68.398
-68.354
-68.462
-68.521
-68.797
-68.846
-68.675
-68.612
-68.384
-68.279
-68.1
-68.112
-68.236
-68.636
-68.559
-68.708
-68.599
-68.395
-68.516
-68.379
-68.826
-69.138
-69.215
-69.445
-69.534
-69.532
-69.691
-69.86
-69.795
-69.592
-69.747
-69.949
-69.825
-69.967
-70.007
-70.023
-70.24
-69.969
-69.938
-70
-70.021
-69.779
-69.647
-69.876
-69.76
-69.766
-69.744
-69.717
-70.166
-69.766
-69.528
-69.541
-69.687
-69.762
-69.34
-69.078
-69.208
-69.097
-68.965
-68.829
-68.929
-68.923
-68.701
-68.73
-68.715
-68.72
-69.004
-68.849
-68.861
-68.629
-68.783
-68.415
-68.363
-68.412
-68.32
-68.394
-68.2
-68.411
-68.265
-67.992
-67.89
-67.811
-68.033
-67.924
-68.227
-68.222
-68.326
-68.577
-68.649
-68.423
-68.368
-68.235
-68.234
-68.419
-68.502
-68.284
-68.232
-68.07
-68.117
-67.953
-68.319
-68.495
-68.336
-68.319
-68.268
-68.055
-67.906
-67.822
-67.727
-67.962
-68.208
-68.424
-68.179
-68.103
-68.095
-68.053
-68.216
-68.222
-68.254
-68.233
-68.235
-68.164
-68.12
-68.035
-68.151
-67.973
-67.703
-67.453
-67.348
-67.439
-67.511
-67.409
-67.312
-67.287
-67.567
-67.5
-67.561
-67.535
-67.599
-67.627
-67.683
-67.662
-67.93
-68.164
-68.306
-68.335
-68.547
-68.688
-68.693
-68.776
-68.904
-69.161
-69.173
-69.318
-69.468
-69.372
-69.359
-69.643
-69.724
-69.94
-70.203
-70.109
-70.046
-69.915
-70.138
-70.293
-70.414
-70.659
-70.649
-70.787
-70.676
-70.337
-70.371
-70.308
-70.548
-70.873
-71.053
-70.923
-70.935
-70.683
-70.488
-70.673
-70.582
-70.502
-70.467
-70.232
-70.276
-69.956
-69.852
-70.086
-70.035
-70.156
-70.322
-70.048
-70.132
-70.313
-70.533
-70.627
-70.877
-70.947
-70.713
-70.966
-71.05
-71.009
-70.959
-71.169
-71.351
-71.373
-71.344
-71.753
-71.498
-71.344
-71.322
-71.067
-71.072
-71.082
-71.232
-71.158
-71.25
-71.329
-71.158
-71.17
-71.101
-71.005
-71.129
-71.053
-71.184
-71.241
-71.277
-71.55
-71.281
-71.198
-71.252
-71.167
-71.247
-71.319
-71.409
-71.437
-71.757
-72.061
-72.293
-72.324
-72.547
-72.548
-72.544
-72.423
-72.518
-72.714
-72.381
-72.179
-72.059
-72.338
-72.308
-72.065
-72.182
-72.206
-71.82
-71.677
-71.649
-71.711
-71.712
-71.739
-71.867
-71.701
-72.013
-72.049
-72.268
-72.202
-72.488
-72.494
-72.637
-72.597
-72.57
-72.469
-72.656
-72.627
-72.64
-72.853
-72.552
-72.74
-72.489
-72.424
-72.619
-72.832
-72.827
-73.007
-72.962
-73.003
-73.217
-73.407
-73.296
-73.134
-72.816
-72.488
-72.496
-72.602
-72.798
-72.75
-72.556
-72.863
-72.692
-72.828
-72.803
-72.866
-72.96
-73.042
-72.835
-72.746
-72.733
-72.552
-72.568
-72.483
-72.447
-72.694
-72.902
-73.047
-73.167
-72.692
-72.719
-73.036
-72.914
-72.742
-72.847
-72.986
-73.019
-73.137
-73.295
-73.537
-73.338
-73.494
-73.317
-73.239
-73.271
-73.25
-73.391
-73.421
-72.981
-72.711
-72.636
-72.349
-72.31
-71.882
-72.07
-72.037
-71.891
-71.962
-71.869
-72.026
-71.959
-71.949
-71.722
-71.758
-71.671
-71.916
-71.954
-71.927
-71.868
-71.886
-72.396
-72.338
-72.494
-72.294
-72.337
-72.237
-72.422
-72.473
-72.799
-72.879
-73.195
-73.484
-73.572
-73.599
-73.64
-73.761
-73.876
-74.116
-74.214
-74.497
-74.239
-74.086
-73.91
-74.138
-74.301
-74.448
-74.365
-74.176
-73.999
-73.922
-74.041
-73.868
-74.068
-74.217
-74.33
-74.555
-74.686
-74.623
-74.525
-74.4
-74.361
-74.341
-74.191
-74.269
-74.238
-74.399
-74.448
-74.496
-74.511
-74.719
-74.865
-74.883
-74.812
-74.646
-74.597
-74.838
-74.807
-74.562
-74.358
-74.33
-74.163
-74.16
-74.048
-74.228
-74.714
-74.424
-74.254
-73.89
-73.747
-73.699
-73.772
-73.754
-73.751
-73.799
-73.99
-73.848
-73.876
-73.708
-73.662
-73.819
-73.992
-74.196
-74.237
-74.174
-74.541
-74.434
-74.498
-74.885
-74.665
-74.545
-74.364
-74.381
-74.442
-74.658
-74.844
-74.741
-74.965
-75.158
-75.416
-75.34
-75.511
-75.322
-75.375
-75.379
-75.318
-74.889
-75.075
-74.904
-74.664
-74.268
-74.325
-74.341
-74.357
-74.505
-74.474
-74.547
-74.522
-74.516
-74.742
-74.839
-74.732
-74.811
-74.658
-74.53
-74.588
-74.507
-74.626
-74.796
-74.911
-74.789
-74.803
-74.901
-74.775
-74.939
-75.152
-74.96
-75.071
-74.996
-74.939
-74.748
-74.66
-74.679
-74.734
-74.833
-74.772
-74.487
-74.614
-74.498
-74.622
-74.575
-74.371
-74.495
-74.409
-74.536
-74.447
-74.422
-74.506
-74.368
-74.338
-74.626
-74.802
-74.78
-74.635
-74.764
-74.775
-74.852
-74.985
-75.113
-75.178
-74.818
-74.862
-75.156
-75.001
-75.031
-74.809
-74.94
-74.919
-75.091
-75.002
-75.039
-75.031
-74.872
-74.888
-74.486
-74.472
-74.276
-74.324
-74.282
-74.337
-74.611
-74.413
-74.19
-74.14
-74.082
-74.245
-74.341
-74.415
-74.292
-74.164
-74.431
-74.26
-74.342
-74.146
-74.113
-74.268
-74.285
-74.406
-74.393
-74.145
-74.043
-73.976
-73.904
-73.999
-74.044
-74.011
-74.177
-74.1
-74.125
-73.953
-73.986
-74.054
-73.976
-73.89
-73.815
-73.664
-73.518
-73.536
-73.382
-73.301
-73.091
-72.85
-72.766
-72.909
-72.919
-72.838
-72.726
-72.898
-72.872
-72.773
-72.581
-72.585
-72.51
-72.511
-72.395
-71.993
-72.073
-71.977
-72.127
-72.239
-72.484
-72.321
-72.3
-72.362
-72.607
-72.668
-72.678
-72.585
-72.522
-72.519
-72.384
-72.62
-72.791
-72.796
-72.837
-73.035
-73.102
-73.112
-73.177
-73.187
-73.524
-73.76
-73.641
-73.751
-73.647
-73.147
-73.119
-73.05
-73.303
-73.56
-73.614
-73.606
-73.522
-73.526
-73.644
-73.898
-73.941
-73.663
-73.498
-73.261
-73.093
-72.892
-72.977
-72.721
-72.565
-72.858
-72.566
-72.392
-72.409
-72.376
-72.278
-72.386
-72.334
-72.382
-72.507
-72.478
-72.514
-72.438
-72.337
-72.273
-72.077
-72.451
-72.337
-72.44
-72.447
-72.443
-72.277
-71.932
-72.079
-72.131
-72.108
-72.128
-72.432
-72.496
-72.508
-72.338
-72.422
-72.295
-72.328
-72.227
-72.427
-72.195
-72.306
-72.201
-72.26
-71.727
-71.836
-71.89
-71.951
-72.171
-72.252
-72.329
-72.146
-72.123
-72.086
-72.097
-72.181
-72.288
-72.374
-72.252
-72.397
-72.413
-72.232
-72.175
-72.278
-72.373
-72.199
-72.214
-72.089
-72.105
-72.105
-71.901
-71.907
-72.038
-71.9
-72.24
-72.095
-72.153
-72.213
-72.465
-72.804
-73.034
-72.851
-72.951
-73.087
-72.989
-73.017
-72.852
-72.659
-72.722
-72.653
-72.645
-72.652
-72.669
-72.317
-72.484
-72.513
-72.327
-72.169
-72.101
-71.999
-71.985
-72.121
-72.425
-72.283
-72.54
-72.705
-72.415
-72.404
-72.273
-72.24
-72.432
-72.477
-72.25
-72.074
-71.76
-71.792
-71.804
-71.668
-71.226
-71.229
-71.45
-71.135
-70.996
-71.132
-71.468
-71.483
-71.501
-71.561
-71.385
-71.191
-70.883
-70.992
-71.462
-71.284
-71.048
-71.237
-71.178
-71.075
-71.109
-71.298
-71.365
-71.238
-71.047
-71.115
-71.255
-71.351
-71.391
-71.411
-71.366
-71.515
-71.497
-71.306
-71.228
-71.081
-70.913
-71.017
-71.327
-71.517
-71.557
-71.374
-71.125
-71.403
-71.373
-71.467
-71.15
-71.008
-71.101
-70.997
-70.939
-71.263
-71.098
-71.015
-70.988
-71.278
-71.624
-71.386
-71.193
-71.103
-70.993
-71.106
-71.409
-71.347
-71.508
-71.521
-71.607
-71.867
-72.025
-72.076
-72.221
-72.149
-72.415
-72.44
-72.439
-72.34
-72.488
-72.688
-72.529
-72.57
-72.585
-72.741
-72.724
-72.937
-73.052
-73.18
-73.264
-73.229
-73.629
-73.767
-73.594
-73.629
-73.729
-73.746
-73.929
-73.813
-73.834
-73.772
-73.858
-73.899
-74.072
-74.085
-74.337
-74.298
-73.945
-74.014
-74.088
-74.003
-74.474
-74.406
-74.39
-74.327
-74.207
-74.28
-74.46
-74.489
-74.477
-74.166
-74.207
-74.123
-74.127
-74.567
-74.603
-74.61
-74.829
-74.833
-74.851
-74.806
-74.783
-74.777
-74.437
-74.612
-74.475
-74.323
-74.189
-74.483
-74.503
-74.157
-74.188
-74.385
-74.6
-74.588
-74.491
-74.442
-74.281
-74.457
-74.742
-74.96
-74.848
-75.012
-75.101
-75.442
-75.595
-75.965
-76.035
-75.949
-75.857
-75.775
-75.792
-75.758
-75.976
-76.193
-76.115
-76.193
-76.177
-76.149
-75.999
-76.002
-76.197
-76.077
-75.972
-76.25
-76.31
-76.397
-76.274
-76.152
-75.729
-76.073
-76.076
-76.193
-76.373
-76.629
-76.631
-76.746
-76.647
-76.888
-76.985
-77.118
-77.222
-77.19
-77.371
-77.391
-77.575
-77.492
-77.406
-77.195
-77.125
-77.183
-77.04
-76.965
-76.979
-76.917
-76.855
-76.85
-76.933
-76.932
-77.046
-77.11
-76.8
-76.684
-76.291
-76.295
-76.469
-76.576
-76.843
-76.703
-76.958
-77.041
-77.083
-77.098
-77.09
-77.087
-77.124
-77.357
-77.253
-77.445
-77.317
-77.619
-77.57
-77.716
-77.583
-77.704
-77.745
