-85.058
-85.185
-85.125
-85.375
-85.362
-85.472
-85.578
-85.626
-85.548
-85.794
-85.719
-85.731
-86.045
-86.002
-85.995
-86.091
-86.214
-86.303
-86.53
-86.689
-86.559
-86.764
-86.694
-86.909
-87.011
-86.719
-86.421
-86.505
-86.309
-86.598
-86.687
-86.766
-86.785
-86.426
-86.762
-86.783
-86.863
-86.791
-86.877
-86.989
-87.087
-87.434
-87.584
-87.902
-87.819
-87.463
-87.375
-87.39
-87.392
-87.296
-87.258
-87.463
-87.538
-87.618
-87.415
-87.326
-87.498
-87.515
-87.417
-87.596
-87.622
-87.678
-87.993
-88.205
-88.327
-88.371
-88.268
-88.411
-88.2
-88.259
-88.315
-88.424
-88.221
-88.354
-88.376
-88.394
-88.317
-88.566
-88.546
-88.757
-88.491
-88.39
-88.405
-88.405
-88.239
-87.989
-87.988
-88.153
-88.042
-88.284
-88.357
-88.449
-88.214
-88.24
-88.366
-88.027
-88.257
-87.843
-87.723
-87.648
-87.733
-87.906
-87.65
-87.451
-87.546
-87.548
-87.678
-87.728
-87.624
-87.762
-87.703
-87.744
-87.327
-86.88
-86.741
-86.366
-85.958
-85.358
-85.153
-84.726
-84.248
-83.728
-83.189
-83.061
-82.809
-82.691
-82.5
-82.444
-82.135
-82.015
-81.787
-81.576
-81.419
-81.022
-81.043
-80.507
-80.427
-80.517
-80.395
-80.353
-80.328
-80.109
-79.732
-79.678
-79.466
-79.605
-79.668
-79.636
-79.287
-79.27
-79.071
-78.731
-78.404
-77.95
-77.742
-77.311
-76.817
-76.443
-75.98
-75.48
-74.956
-74.827
-74.364
-74.06
-73.865
-73.858
-73.651
-73.526
-73.207
-72.713
-72.393
-72.644
-72.726
-72.38
-72.094
-72.068
-72.075
-71.931
-71.965
-72.141
-72.223
-72.186
-72.035
-72.23
-72.118
-71.766
-71.695
-71.381
-71.476
-71.579
-71.481
-71.337
-71.223
-71.141
-71.018
-71.145
-71.165
-71.317
-71.175
-71.085
-71.021
-71.029
-70.953
-70.895
-70.532
-70.364
-70.291
-70.033
-69.586
-68.43
-67.424
-65.992
-64.392
-62.812
-61.273
-59.775
-58.163
-56.754
-55.487
-54.163
-52.673
-50.535
-47.768
-45
-45
-45
-45
-45
-45
-45
-45
-45
-45
-45
-45
-45
-45
-48.854
-55.466
-60.687
-64.225
-66.515
-68.32
-69.369
-69.969
-70.311
-70.61
-70.627
-70.595
-70.441
-70.474
-70.15
-70.173
-70.048
-70.018
-69.742
-69.724
-69.844
-69.815
-69.562
-69.426
-69.244
-68.955
-68.8
-68.717
-68.876
-68.762
-68.462
-68.662
-68.602
-68.745
-68.86
-69.018
-69.123
-69.013
-68.717
-68.76
-68.477
-68.202
-67.862
-67.545
-67.306
-66.925
-66.837
-66.397
-66.162
-66.193
-66.201
-65.844
-65.731
-65.39
-65.087
-64.945
-64.584
-64.32
-64.227
-64.073
-63.858
-63.493
-62.928
-62.807
-62.274
-62.323
-62.058
-61.875
-61.64
-61.793
-61.633
-61.47
-61.321
-61.095
-61.276
-61.116
-60.976
-60.874
-60.942
-61.096
-61.145
-61.305
-61.319
-61.146
-61.245
-61.221
-61.227
-61.446
-61.561
-61.543
-61.612
-61.514
-61.475
-61.518
-61.655
-61.57
-61.693
-61.739
-61.695
-61.976
-62.461
-62.831
-62.768
-62.929
-63.195
-63.161
-63.215
-63.17
-63.024
-63.089
-63.008
-62.945
-62.621
-62.713
-62.469
-62.31
-62.24
-62.295
-62.348
-62.222
-62.36
-62.079
-62.051
-62.247
-62.25
-62.384
-61.924
-61.935
-62.269
-62.231
-62.429
-62.503
-62.575
-62.583
-62.442
-62.323
-62.261
-62.074
-62.249
-62.43
-62.479
-62.351
-62.288
-62.22
-62.249
-62.373
-62.478
-62.661
-62.64
-62.757
-63.08
-63.194
-63.075
-63.306
-63.491
-63.422
-63.31
-63.497
-63.624
-63.792
-63.837
-63.71
-63.752
-63.569
-63.295
-62.957
-62.911
-62.876
-62.329
-61.487
-60.325
-59.106
-57.689
-56.468
-54.894
-53.547
-51.567
-49.077
-45
-45
-45
-45
-45
-45
-45
-45
-45
-45
-45
-45
-45
-45
-45.32
-51.496
-56.883
-60.763
-63.225
-64.861
-65.944
-66.163
-66.339
-66.196
-65.716
-65.219
-64.73
-64.438
-63.611
-63.135
-62.422
-61.72
-61.377
-60.889
-60.163
-59.52
-58.981
-58.512
-57.847
-57.329
-56.899
-56.185
-56.055
-55.533
-55.046
-54.52
-53.875
-53.332
-51.99
-50.521
-49.062
-46.13
-45
-45
-45
-45
-45
-45
-45
-45
-45
-45
-45
-45
-45
-45.744
-51.563
-56.77
-59.988
-62.139
-63.012
-63.235
-63.221
-62.878
-62.146
-61.601
-61.084
-60.261
-59.771
-58.833
-58.114
-57.677
-57.152
-56.849
-56.103
-55.587
-54.917
-54.351
-53.716
-52.957
-51.796
-50.567
-49.067
-46.778
-45
-45
-45
-45
-45
-45
-45
-45
-45
-45
-45
-45
-45
-46.942
-52.95
-58.23
-61.839
-64.167
-65.884
-67.177
-67.845
-68.092
-68.319
-68.387
-68.553
-68.692
-68.604
-68.231
-67.854
-67.679
-67.191
-66.339
-65.749
-65.004
-64.322
-63.941
-63.299
-62.681
-61.74
-61.331
-61.018
-60.56
-60.425
-59.744
-59.528
-59.322
-59.099
-58.393
-57.794
-57.626
-57.477
-57.105
-56.567
-56.009
-55.425
-55.306
-54.987
-54.381
-53.987
-53.325
-52.215
-51.365
-50.434
-48.612
-45
-45
-45
-45
-45
-45
-45
-45
-45
-45
-45
-45
-45
-45
-49.123
-55.597
-60.97
-64.553
-66.844
-68.453
-69.74
-70.4
-71.015
-71.437
-71.493
-71.677
-71.502
-71.516
-71.556
-71.478
-71.347
-71.296
-70.943
-71.263
-71.091
-71.279
-70.845
-71.003
-70.934
-70.681
-70.628
-70.817
-70.833
-70.802
-70.489
-70.124
-70.034
-70.124
-70.593
-70.586
-70.472
-70.878
-71.136
