-93.844
-93.401
-93.216
-93.127
-92.804
-92.511
-92.572
-92.445
-92.193
-92.132
-92.241
-92.201
-92.104
-92.295
-92.272
-92.354
-92.236
-92.272
-92.182
-92.27
-92.162
-92.067
-92.004
-91.955
-92.041
-92.132
-92.034
-91.963
-91.62
-91.717
-91.276
-91.268
-90.979
-90.745
-90.81
-91.188
-90.998
-91.045
-90.83
-90.839
-90.745
-90.672
-90.588
-90.281
-90.406
-90.388
-90.532
-90.329
-90.242
-90.372
-90.098
-90.154
-90.117
-90.384
-90.625
-90.58
-90.429
-90.323
-90.314
-90.662
-90.622
-90.455
-90.34
-90.27
-90.27
-90.134
-90.057
-90.097
-89.964
-89.621
-89.604
-89.726
-89.609
-89.418
-89.263
-89.148
-88.893
-88.765
-88.757
-88.746
-88.603
-88.524
-88.536
-88.241
-88.365
-88.117
-87.95
-87.906
-87.998
-87.903
-87.902
-87.812
-88.054
-88.063
-88.294
-88.192
-88.169
-88.074
-87.891
-87.811
-87.841
-87.9
-88.035
-88.032
-88.074
-88.118
-88.147
-88.178
-88.248
-88.01
-88.254
-88.244
-88.348
-88.298
-88.334
-88.39
-88.629
-88.431
-88.291
-88.809
-88.548
-88.342
-88.373
-88.334
-88.401
-88.098
-86.936
-85.41
-83.921
-82.872
-82.283
-81.687
-81.282
-80.871
-80.299
-80.527
-80.302
-80.285
-80.039
-80.158
-80.282
-80.005
-79.852
-80.276
-80.22
-80.205
-80.16
-80.108
-80.016
-80.191
-79.969
-80.204
-80.046
-80.052
-80.038
-80.037
-79.888
-80.24
-80.224
-80.063
-80.201
-80.074
-80.005
-79.883
-80.049
-80.009
-80.068
-80.002
-80.006
-79.922
-80.227
-80.49
-80.458
-80.556
-80.613
-80.595
-80.448
-80.512
-80.39
-80.347
-80.486
-80.202
-80.306
-80.101
-80.087
-79.904
-79.643
-79.381
-78.858
-78.692
-78.842
-78.514
-78.377
-78.577
-78.518
-78.332
-78.354
-78.376
-78.17
-78.343
-78.515
-78.736
-78.75
-78.818
-78.962
-78.989
-79.275
-79.17
-79.449
-79.644
-79.592
-79.946
-79.911
-79.634
-79.651
-79.491
-79.542
-79.745
-79.739
-79.468
-79.377
-79.637
-79.689
-79.609
-79.786
-79.948
-80.032
-79.938
-79.943
-80.107
-79.989
-80.002
-79.985
-80.075
-79.759
-79.752
-79.833
-80.073
-79.814
-79.781
-79.878
-79.788
-79.892
-80.035
-79.946
-79.823
-79.79
-79.571
-79.63
-79.951
-79.88
-80.027
-80.02
-79.964
-79.776
-79.955
-79.911
-80.035
-80.027
-79.815
-80.037
-80.094
-79.964
-79.668
-79.915
-79.859
-80.11
-80.089
-79.902
-80.242
-80.047
-79.841
-79.828
-79.45
-79.276
-79.144
-79.249
-79.147
-79.144
-78.638
-78.618
-78.611
-78.762
-78.811
-78.977
-79.087
-78.927
-78.978
-79.124
-79.003
-79.188
-79.155
-79.156
-79.121
-79.459
-79.508
-79.705
-79.832
-79.737
-80.028
-79.975
-79.692
-79.319
-79.105
-78.978
-78.837
-78.443
-78.128
-77.616
-77.548
-77.132
-77.062
-77.035
-76.906
-76.945
-76.86
-77.247
-77.134
-77.267
-77.272
-77.219
-77.23
-77.458
-77.765
-77.644
-77.694
-77.79
-77.582
-77.65
-77.954
-78.057
-78.395
-78.769
-79.175
-79.277
-79.112
-79.273
-79.263
-79.366
-79.47
-79.602
-79.405
-79.66
-79.776
-79.59
-79.873
-79.852
-79.756
-79.636
-79.323
-79.471
-79.501
-79.519
-79.427
-79.187
-79.004
-78.746
-78.96
-78.817
-78.575
-78.214
-77.881
-77.772
-78.115
-78.073
-77.822
-77.887
-77.689
-77.721
-77.724
-77.434
-77.447
-77.319
-77.243
-77.221
-77.35
-76.989
-76.951
-76.991
-76.886
-76.654
-76.716
-76.706
-76.707
-76.773
-77.023
-76.669
-76.712
-76.69
-76.509
-76.438
-76.249
-75.85
-76.034
-76.067
-76.126
-75.975
-75.903
-75.817
-75.77
-75.801
-76.104
-76.444
-76.6
-76.901
-76.709
-76.678
-76.668
-76.657
-77.04
-77.132
-77.222
-77.333
-77.394
-77.335
-77.42
-77.556
-77.674
-77.554
-77.296
-77.218
-76.919
-76.879
-76.823
-76.749
-76.626
-76.638
-76.478
-76.586
-76.889
-76.778
-76.716
-76.804
-76.92
-76.985
-77.026
-77.052
-77.268
-77.379
-77.235
-77.288
-77.622
-77.713
-77.737
-78.079
-78.165
-77.991
-78.028
-77.962
-78.087
-78.204
-78.261
-78.126
-77.73
-77.398
-77.318
-77.366
-77.157
-76.908
-76.882
-76.839
-76.7
-76.661
-76.82
-76.83
-76.955
-76.923
-77.045
-76.949
-77.091
-76.995
-76.703
-76.769
-77.018
-76.928
-76.941
-77.321
-77.576
-77.554
-77.537
-77.656
-77.668
-77.961
-77.823
-78.002
-78.019
-78.186
-78.153
-78.119
-77.927
-77.733
-77.532
-77.393
-76.997
-76.923
-77.003
-76.831
-76.974
-77.203
-77.043
-77.044
-77.205
-77.353
-77.409
-77.252
-76.816
-76.817
-76.789
-76.609
-76.5
-76.333
-76.554
-76.483
-76.49
-76.559
-76.959
-77.348
-77.372
-77.396
-77.69
-77.604
-77.476
-77.076
-76.664
-76.68
-76.792
-76.547
-76.363
-76.383
-76.347
-76.583
-76.616
-76.52
-76.537
-76.355
-76.328
-76.257
-76.485
-76.092
-75.843
-75.893
-75.87
-75.864
-76.04
-76.05
-76.215
-76.137
-76.142
-76.261
-76.262
-76.168
-76.198
-76.486
-76.488
-76.275
-75.959
-76.333
-76.358
-76.441
-76.488
-76.357
-76.589
-76.705
-76.727
-76.713
-76.366
-76.091
-75.488
-75.299
-74.987
-74.916
-74.961
-74.853
-74.749
-74.833
-74.777
-74.856
-74.745
-74.625
-74.701
-74.533
-74.614
-74.609
-74.697
-74.647
-74.466
-74.502
-74.641
-74.907
-74.96
-75.11
-75.232
-75.167
-74.921
-74.826
-74.885
-75.388
-75.567
-75.655
-75.647
-75.528
-75.387
-75.786
-75.594
-75.75
-75.954
-75.993
-75.691
-75.718
-75.458
-75.131
-74.909
-74.755
-74.424
-74.308
-73.842
-73.558
-73.401
-73.366
-73.031
-73.381
-73.196
-72.925
-72.997
-72.641
-72.475
