-80.627
-80.696
-80.7
-80.853
-80.725
-80.343
-80.517
-80.608
-80.52
-80.656
-80.812
-81.081
-81.21
-80.914
-81.089
-81.176
-81.062
-81.194
-81.238
-81.402
-81.184
-81.297
-81.294
-81.375
-81.242
-81.208
-81.054
-80.84
-81
-80.937
-80.949
-80.949
-80.958
-80.998
-81.031
-81.339
-81.411
-81.432
-81.142
-81.158
-80.937
-80.72
-80.848
-80.855
-80.94
-80.857
-80.637
-80.28
-80.563
-80.638
-80.879
-80.578
-80.51
-80.245
-79.95
-79.822
-79.708
-79.667
-79.708
-79.608
-79.725
-79.577
-79.385
-79.284
-79.323
-79.585
-79.413
-79.675
-79.381
-79.47
-79.081
-78.123
-76.739
-75.087
-73.239
-71.518
-69.737
-68.124
-66.433
-64.955
-63.544
-62.186
-61.043
-60.091
-59.225
-58.248
-57.282
-56.879
-56.397
-55.931
-55.427
-54.861
-54.476
-54.237
-53.642
-53.242
-52.992
-52.886
-52.756
-52.668
-52.287
-51.926
-51.951
-51.672
-51.324
-51.373
-51.521
-51.561
-51.524
-51.446
-51.578
-51.445
-51.385
-51.331
-51.573
-51.723
-51.525
-51.735
-51.759
-51.432
-51.018
-50.771
-50.312
-49.879
-48.925
-48.07
-46.719
-45.386
-45
-45
-45
-45
-45
-45
-45
-45
-45
-45
-45
-45
-45
-45
-45
-45
-45
-45
-45.838
-50.124
-53.457
-55.551
-56.887
-58.171
-58.902
-59.604
-59.914
-60.151
-60.102
-60.277
-60.406
-60.599
-60.538
-60.453
-60.084
-60.283
-60.141
-60.028
-60.222
-59.998
-60.186
-60.189
-60.066
-59.972
-59.833
-59.646
-59.686
-59.804
-59.638
-59.717
-59.953
-59.896
-59.908
-60.172
-60.057
-60.039
-59.923
-59.748
-59.92
-59.891
-59.822
-60.116
-60.392
-60.682
-60.892
-61.233
-61.292
-61.316
-61.386
-61.651
-61.548
-61.726
-62.298
-62.227
-62.58
-62.49
-62.694
-62.808
-62.898
-62.982
-63.385
-63.313
-63.669
-63.835
-63.981
-63.916
-64.203
-64.463
-64.908
-64.872
-64.569
-64.858
-64.799
-64.734
-64.933
-65.031
-65.234
-65.289
-65.647
-65.613
-65.907
-66.034
-66.1
-66.224
-66.265
-66.512
-66.497
-66.71
-66.744
-66.515
-66.313
-66.512
-66.279
-66.081
-66.314
-66.118
-66.135
-66.325
-66.275
-66.207
-66.133
-65.928
-65.826
-66.214
-66.217
-66.096
-66.195
-66.314
-66.503
-66.553
-66.509
-66.689
-66.906
-66.838
-67.094
-66.912
-66.903
-66.729
-66.314
-65.906
-65.239
-64.414
-63.749
-63.323
-62.628
-61.791
-61.203
-60.418
-59.952
-59.362
-58.89
-58.37
-57.948
-57.598
-57.259
-56.956
-56.985
-56.835
-56.71
-56.619
-56.343
-56.152
-56.172
-56.009
-55.979
-56.125
-55.768
-55.69
-55.466
-55.573
-55.532
-55.465
-55.352
-55.32
-55.193
-55.104
-54.983
-55.082
-55.085
-54.809
-55.169
-55.392
-55.492
-55.608
-55.614
-55.703
-55.542
-55.667
-55.856
-56.184
-56.1
-56.216
-56.362
-56.044
-55.792
-55.394
-54.771
-54.266
-53.616
-53.175
-52.802
-52.133
-51.799
-51.684
-51.125
-50.788
-50.087
-49.66
-49.692
-52.965
-58.032
-63.178
-67.261
-70.354
-72.441
-74.276
-75.723
-76.612
-77.118
-77.648
-78.066
-78.341
-78.518
-78.539
-78.751
-78.742
-78.626
-78.783
-78.877
-78.763
-78.802
-79.053
-79.179
-78.967
-79.226
-79.147
-79.361
-79.298
-79.198
-79.346
-79.345
-79.428
-79.291
-79.361
-79.45
-79.313
-79.437
-79.49
-79.632
-79.634
-79.655
-79.849
-79.814
-79.847
-79.722
-79.58
-79.435
-79.55
-79.654
-79.557
-79.512
-79.592
-79.809
-79.753
-79.837
-79.681
-79.781
-79.676
-79.658
-79.85
-79.663
-79.703
-79.911
-79.832
-80.066
-80.195
-80.14
-80.106
-80.103
-80.045
-80.161
-80.048
-80.028
-80.037
-80.09
-80.017
-80.151
-80.227
-80.415
-80.253
-80.052
-80.122
-80.111
-80.157
-80.238
-80.115
-79.83
-79.831
-79.791
-79.757
-79.508
-79.379
-79.338
-79.214
-78.955
-78.207
-77.171
-76.157
-74.932
-73.401
-72.151
-71.385
-70.387
-69.768
-68.998
-69.087
-68.84
-68.709
-68.78
-68.935
-69.068
-69.381
-69.751
-70.298
-70.237
-70.46
-71.028
-71.145
-71.301
-71.683
-72.471
-72.874
-73.318
-73.582
-74.282
-74.835
-75.149
-74.856
-74.84
-75.324
-75.455
-75.75
-76.119
-76.236
-76.363
-76.461
-76.783
-76.36
-76.818
-77.003
-77.223
-77.346
-77.445
-77.698
-77.916
-77.779
-77.475
-77.439
-77.691
-77.817
-77.907
-77.719
-77.73
-77.981
-77.843
-77.799
-77.984
-78.32
-78.343
-78.332
-78.196
-78.207
-78.219
-77.979
-77.988
-76.727
-74.754
-72.948
-71.248
-69.54
-68.447
-67.229
-66.32
-65.342
-64.709
-64.761
-64.563
-64.761
-64.737
-65.08
-65.179
-65.509
-65.661
-66.049
-66.276
-66.397
-66.654
-67.138
-67.602
-68.041
-68.528
-68.913
-69.361
-69.914
-70.182
-70.386
-70.647
-70.998
-71.193
-71.491
-71.927
-72.196
-72.388
-72.665
-72.92
-73.125
-73.161
-73.344
-73.249
-73.402
-73.884
-73.915
-74.074
-74.583
-74.838
-74.932
-75.304
-75.381
-75.271
-75.431
-75.64
-75.576
-75.677
-76.074
-76.067
-76.337
-76.612
-76.668
-76.54
-76.581
-76.796
-76.824
-77.023
-77.227
-77.389
-77.571
-77.552
-77.423
-77.458
-77.543
-77.695
-77.772
-77.991
-77.849
-78.113
-78.095
-78.051
-77.948
-78.086
-78.102
-78.167
-78.23
-78.379
-78.281
-78.04
-78.119
-78.076
-78.351
-78.353
-78.24
-77.957
-77.98
-78.2
-78.289
-78.268
-78.52
-78.41
-78.581
-78.681
-78.636
-78.739
-78.872
-79.03
-79.031
-79.112
-79.248
-79.494
-79.199
-78.927
-79.103
-78.964
-79.153
-79.394
-79.651
-79.462
-79.58
-79.277
-79.476
