-80.36
-80.412
-80.45
-80.342
-80.061
-80.246
-80.15
-80.291
-80.17
-80.107
-80.028
-79.745
-79.864
-79.525
-79.525
-79.4
-79.517
-79.485
-79.588
-79.584
-79.769
-79.593
-79.42
-79.675
-79.754
-79.675
-79.56
-79.602
-79.509
-79.341
-79.611
-79.652
-79.696
-79.299
-79.291
-79.388
-79.202
-79.272
-79.529
-79.302
-79.478
-79.349
-79.485
-79.402
-79.529
-79.5
-79.666
-79.579
-79.316
-79.516
-79.649
-79.82
-79.918
-79.971
-79.929
-79.889
-79.698
-79.671
-79.748
-79.66
-79.93
-79.793
-79.704
-79.578
-79.497
-79.614
-79.441
-79.515
-79.562
-79.573
-79.568
-79.348
-79.457
-79.605
-79.594
-79.651
-79.583
-79.574
-79.498
-79.362
-79.118
-79.119
-78.983
-78.929
-78.986
-79.113
-79.136
-79.018
-79.269
-79.328
-79.219
-79.165
-79.207
-79.269
-78.974
-79.045
-79.215
-79.172
-79.08
-79.032
-78.934
-79.096
-79.312
-79.274
-79.121
-78.96
-78.102
-77.81
-77.28
-76.593
-76.009
-75.329
-74.493
-73.855
-73.027
-72.714
-72.278
-71.607
-71.262
-70.784
-70.781
-70.417
-70.199
-69.835
-69.715
-69.647
-69.532
-69.211
-69.09
-68.911
-68.802
-68.671
-68.074
-68.089
-68.115
-68.262
-68.762
-70.467
-72.487
-74.574
-76.112
-76.953
-77.743
-78.095
-78.792
-79.139
-79.266
-79.587
-79.582
-79.247
-78.816
-78.244
-78.159
-77.777
-77.314
-77.349
-76.988
-77.111
-77.329
-77.251
-77.233
-77.275
-77.357
-77.372
-77.489
-77.445
-77.574
-77.643
-77.66
-77.908
-77.791
-78.15
-78.119
-78.138
-78.252
-78.2
-78.327
-78.437
-78.545
-78.402
-78.599
-78.611
-78.564
-78.542
-78.503
-78.655
-78.346
-78.53
-78.573
-78.724
-78.553
-78.546
-78.682
-79.096
-78.85
-78.808
-78.745
-78.811
-78.751
-78.791
-78.786
-79.229
-79.205
-79.313
-79.389
-79.501
-79.562
-79.585
-79.676
-79.909
-80.117
-80.218
-79.988
-79.914
-79.844
-79.943
-79.957
-79.838
-79.828
-79.789
-80.05
-80.04
-79.944
-79.633
-79.589
-79.575
-79.801
-79.687
-79.892
-80.003
-80.198
-80.008
-79.729
-79.792
-79.448
-79.346
-79.111
-79.166
-79.22
-79.386
-79.467
-79.59
-79.541
-79.176
-79.37
-79.324
-79.494
-79.502
-79.325
-79.517
-79.69
-79.667
-79.699
-79.573
-79.634
-79.353
-79.607
-79.633
-79.74
-79.698
-79.592
-79.483
-79.685
-79.726
-79.568
-79.553
-79.675
-79.965
-80.18
-80.182
-80.157
-80.105
-79.769
-79.78
-79.742
-79.611
-79.36
-79.148
-79.128
-79.336
-79.076
-78.922
-79.014
-78.805
-78.575
-78.787
-78.719
-78.303
-78.26
-78.174
-77.841
-77.51
-77.164
-77.179
-76.906
-76.973
-77.02
-77.019
-76.746
-77.037
-77.453
-77.505
-77.677
-77.759
-77.691
-77.565
-77.633
-77.914
-78.13
-78.391
-78.086
-77.973
-77.622
-77.541
-77.412
-77.501
-77.451
-77.349
-77.273
-77.566
-77.504
-77.666
-77.55
-77.383
-77.52
-77.814
-77.97
-77.532
-77.243
-77.095
-77.056
-76.919
-76.684
-76.324
-75.896
-75.768
-75.293
-74.672
-74.429
-74.359
-74.225
-74.316
-74.148
-73.818
-73.743
-73.534
-73.399
-72.858
-72.741
-72.513
-72.709
-72.809
-72.602
-72.795
-72.715
-72.692
-72.663
-72.719
-72.682
-72.577
-72.584
-72.389
-72.656
-72.814
-73.086
-73.149
-73.392
-73.439
-73.395
-73.379
-73.591
-73.888
-73.796
-73.912
-74.148
-74.639
-74.677
-75.005
-75.105
-75.182
-75.435
-75.413
-75.587
-75.739
-76.037
-76.044
-76.166
-76.226
-76.429
-76.623
-76.68
-76.961
-77.01
-77.071
-77.346
-77.23
-76.907
-77.253
-77.284
-77.588
-77.979
-77.9
-77.923
-77.674
-77.451
-77.374
-77.339
-77.193
-77.295
-77.143
-77.394
-77.618
-77.839
-77.831
-77.857
-77.776
-77.84
-77.929
-78.208
-78.176
-78.003
-78.064
-77.903
-77.857
-77.948
-77.915
-77.862
-78.046
-77.841
-77.935
-78.21
-78.103
-78.139
-78.144
-78.313
-78.347
-78.107
-78.17
-77.904
-77.754
-77.66
-77.771
-77.608
-77.674
-77.56
-77.137
-76.887
-76.805
-76.587
-76.626
-76.422
-76.231
-76.209
-75.882
-75.597
-75.479
-75.14
-75.327
-74.953
-74.333
-73.853
-73.39
-73.378
-73.432
-73.446
-73.552
-73.414
-73.808
-73.875
-74.068
-74.232
-74.562
-74.718
-75.092
-75.175
-75.34
-75.43
-75.447
-75.539
-75.599
-75.537
-75.841
-75.979
-76.107
-75.91
-76.082
-76.444
-76.322
-76.273
-76.165
-76.384
-76.62
-76.475
-76.746
-76.833
-77.002
-76.84
-76.681
-76.503
-76.534
-76.695
-76.594
-76.48
-76.457
-76.159
-76.252
-76.475
-76.68
-76.573
-76.538
-76.535
-76.741
-76.71
-76.521
-76.232
-76.495
-76.641
-76.874
-77.241
-77.075
-77.12
-77.022
-76.868
-76.954
-77.085
-77.397
-77.348
-77.474
-77.657
-77.756
-77.564
-77.652
-77.782
-77.953
-78.195
-78.007
-77.919
-78.213
-78.46
-78.261
-77.963
-78.039
-77.653
-77.424
-77.255
-76.984
-76.853
-76.664
-76.955
-76.97
-76.646
-76.497
-76.504
-75.989
-76.193
-76.347
-76.485
-76.493
-76.548
-76.797
-76.815
-76.794
-77.012
-77.192
-77.423
-77.697
-77.659
-77.859
-77.964
-78.009
-77.922
-77.927
-78.05
-78.238
-78.252
-77.626
-77.376
-76.995
-76.759
-76.453
-76.237
-76.305
-76.266
-76.025
-75.973
-75.97
-76.261
-76.452
-76.446
-76.436
-76.655
-77.019
-77.08
-77.017
-77.02
-77.156
-77.416
-77.336
-77.319
-77.243
-77.513
-77.664
-78.026
-78.257
-78.188
-78.392
-78.661
-79.033
-78.973
-78.915
-79.164
-79.333
-79.412
-79.562
-79.328
-79.542
-79.567
-79.531
-79.477
-79.424
-79.459
-79.57
-79.639
-79.657
-79.663
-79.815
