-83.823
-83.848
-83.746
-83.842
-83.926
-84.244
-84.021
-84.259
-84.192
-84.119
-84.153
-84.247
-84.318
-84.583
-84.557
-84.619
-84.728
-84.873
-85.056
-85.034
-85.202
-85.2
-85.519
-85.616
-85.899
-85.878
-86.143
-86.238
-86.039
-86.119
-85.776
-85.865
-85.82
-85.86
-85.735
-86.198
-86.031
-86.002
-86.07
-86.373
-86.179
-86.243
-86.391
-86.26
-86.12
-86.195
-86.075
-85.941
-85.85
-85.657
-85.605
-85.556
-85.81
-85.903
-85.773
-85.747
-85.689
-85.716
-85.627
-85.27
-85.229
-85.166
-85.1
-85.36
-85.359
-85.252
-85.617
-85.707
-85.817
-85.907
-86.112
-86.173
-86.286
-86.415
-86.497
-86.507
-86.566
-86.674
-86.83
-86.529
-86.338
-86.212
-86.44
-86.354
-86.174
-86.294
-86.361
-86.504
-86.731
-86.586
-86.5
-86.334
-86.171
-86.15
-86.091
-86.503
-86.262
-86.157
-86.11
-86.17
-86.094
-86.07
-86.147
-86.072
-86.023
-85.757
-85.946
-86.024
-85.899
-85.981
-86.08
-86.152
-86.052
-85.992
-86.262
-86.167
-86.09
-85.707
-85.67
-85.554
-85.481
-85.509
-85.296
-85.049
-84.768
-84.363
-84.098
-83.488
-83.162
-82.77
-82.489
-82.097
-81.912
-81.569
-81.307
-81.142
-80.926
-80.401
-80.075
-79.888
-79.841
-79.893
-79.894
-79.535
-79.115
-78.991
-78.795
-78.506
-78.146
-77.774
-77.433
-77.108
-76.535
-76.194
-75.516
-74.784
-74.353
-73.961
-73.539
-73.341
-72.828
-72.516
-72.061
-71.772
-71.335
-71.112
-70.917
-70.851
-70.69
-70.446
-70.098
-69.903
-69.857
-70.12
-70.044
-69.693
-69.831
-69.673
-69.726
-69.657
-69.174
-69.079
-68.655
-68.037
-67.777
-67.46
-67.189
-66.779
-66.444
-65.924
-65.522
-65.203
-64.709
-64.211
-63.554
-63.359
-63.12
-62.981
-62.889
-62.997
-62.668
-62.562
-62.671
-62.59
-62.451
-62.547
-62.523
-62.551
-62.399
-62.27
-62.364
-62.265
-62.177
-62.239
-62.227
-61.936
-61.928
-61.569
-61.667
-61.867
-61.613
-62.023
-62.364
-62.052
-62.068
-61.804
-61.989
-61.926
-61.946
-62.097
-61.994
-62.133
-61.868
-62.075
-62.016
-61.934
-61.544
-61.674
-61.565
-61.748
-61.698
-61.676
-61.377
-61.221
-60.948
-60.752
-60.264
-59.814
-59.627
-59.106
-59.077
-58.862
-58.45
-58.085
-58.045
-57.831
-57.576
-57.21
-56.788
-56.327
-56.089
-55.661
-55.369
-54.584
-54.004
-53.29
-52.441
-51.102
-48.905
-45
-45
-45
-45
-45
-45
-45
-45
-45
-45
-45
-45
-45
-45
-46.574
-53.276
-59.02
-63.023
-65.725
-67.562
-69.094
-69.807
-70.188
-70.714
-70.882
-71.093
-71.169
-70.762
-70.63
-70.463
-70.196
-70.382
-70.468
-70.5
-70.453
-70.607
-70.273
-70.101
-70.086
-70.246
-70.103
-70.056
-69.785
-69.783
-69.784
-69.754
-69.551
-69.436
-69.345
-69.332
-69.317
-69.395
-69.341
-69.443
-69.301
-69.037
-68.85
-68.801
-68.428
-67.44
-67.344
-68.765
-70.716
-72.435
-73.669
-74.905
-75.728
-76.374
-76.796
-76.868
-77.252
-77.521
-77.752
-77.737
-77.629
-77.471
-77.378
-76.87
-76.645
-76.78
-76.794
-76.9
-76.86
-76.827
-76.599
-76.844
-76.776
-76.931
-76.936
-77.125
-77.131
-76.957
-76.875
-76.838
-76.873
-76.861
-76.928
-76.818
-76.668
-76.788
-77.068
-77.325
-77.238
-77.266
-77.555
-77.844
-77.835
-78.129
-78.175
-78.407
-78.287
-78.627
-78.574
-78.485
-78.617
-78.73
-78.994
-78.627
-78.654
-78.908
-78.821
-78.725
-78.789
-78.115
-76.794
-75.263
-73.905
-72.936
-72.292
-71.501
-71.071
-70.622
-69.936
-69.187
-68.896
-68.654
-68.573
-68.85
-68.757
-68.959
-69.658
-70.109
-70.972
-71.593
-72.186
-72.704
-73.355
-73.727
-73.901
-74.067
-74.059
-74.066
-74.271
-74.392
-74.424
-74.806
-74.845
-74.798
-74.58
-74.779
-74.599
-74.614
-74.685
-74.631
-74.444
-74.378
-74.72
-74.743
-74.883
-75.003
-74.968
-74.464
-74.102
-74.096
-73.672
-73.373
-73.225
-73.522
-73.562
-73.316
-73.375
-73.697
-73.677
-73.694
-73.961
-74.137
-73.945
-73.978
-74.14
-74.353
-74.65
-74.804
-75.052
-75.121
-75.121
-75.192
-75.332
-75.331
-75.082
-75.42
-75.414
-75.746
-75.907
-75.669
-75.964
-75.995
-76.207
-76.575
-76.462
-76.511
-76.48
-76.567
-76.851
-77.22
-77.548
-77.886
-77.959
-77.974
-77.924
-78.026
-77.993
-77.793
-77.759
-77.862
-77.64
-77.503
-77.15
-77.028
-76.663
-76.021
-75.331
-74.388
-73.445
-72.343
-71.322
-70.468
-69.688
-69.221
-68.777
-68.566
-68.584
-68.435
-68.577
-68.605
-68.81
-69.045
-69.601
-70.416
-71.141
-71.905
-72.381
-73.181
-73.536
-73.699
-74.099
-74.061
-74.395
-74.553
-74.659
-74.741
-74.862
-75.238
-75.36
-75.586
-75.803
-76.005
-76.025
-76.019
-76.089
-76.087
-76.245
-76.232
-76.164
-76.249
-76.322
-76.369
-76.46
-76.609
-76.643
-76.554
-76.594
-76.519
-76.373
-76.278
-76.355
-76.441
-76.926
-77.063
-76.882
-77.154
-77.52
-77.774
-77.813
-77.825
-77.82
-77.436
-77.259
-77.082
-76.929
-76.926
-76.925
-76.834
-76.783
-76.955
-77.124
-77.316
-77.31
-77.245
-76.883
-76.68
-76.717
-76.489
-76.518
-76.608
-76.835
-76.9
-76.639
-76.621
-76.4
-76.593
-76.309
-76.394
-76.469
-76.474
-76.752
-77.048
-77.073
-77.325
-77.733
-78.04
-78.301
-78.427
-78.4
-78.425
-78.512
-78.704
-78.854
-78.73
-78.773
-78.591
-78.725
-78.723
-78.723
-78.932
-78.848
-78.921
-78.998
-78.971
-78.933
-78.998
-79.082
-79.279
-79.148
-78.973
-79.266
-79.254
-79.235
