-73.068
-72.948
-73.179
-72.76
-72.927
-72.978
-73.133
-73.135
-72.97
-73.169
-73.457
-73.479
-73.433
-73.298
-73.288
-73.181
-73.139
-73.228
-73.553
-73.891
-73.659
-74.091
-74.206
-73.904
-73.74
-73.388
-73.076
-72.848
-72.353
-72.187
-71.786
-71.469
-71.116
-71.067
-70.774
-70.475
-70.552
-69.987
-69.69
-69.531
-69.266
-69.09
-68.951
-68.824
-68.518
-68.522
-68.383
-68.38
-68.614
-68.612
-68.562
-68.497
-68.317
-68.132
-68.327
-68.277
-68.407
-68.35
-68.421
-68.508
-68.454
-68.349
-68.39
-68.721
-68.638
-68.579
-68.7
-68.775
-68.67
-68.754
-69.974
-72.294
-74.387
-76.102
-77.144
-77.919
-78.655
-79
-79.127
-79.584
-79.573
-79.737
-79.781
-79.737
-80.105
-80.328
-80.401
-80.095
-80.325
-80.107
-80.064
-80.182
-80.012
-80.087
-79.95
-79.808
-80.055
-80.123
-80.002
-80.073
-79.971
-79.793
-79.857
-80.005
-79.856
-79.418
-79.359
-79.02
-78.815
-79.011
-78.92
-78.889
-78.631
-78.673
-78.808
-78.749
-78.979
-78.97
-78.86
-78.884
-79.122
-79.074
-78.992
-79.052
-79.156
-79.265
-79.271
-79.497
-79.526
-79.597
-79.608
-79.749
-79.886
-79.733
-79.88
-79.909
-79.742
-79.551
-79.529
-79.711
-79.582
-79.767
-79.847
-79.836
-79.858
-79.802
-79.617
-79.626
-79.821
-79.789
-79.646
-79.289
-78.911
-78.797
-78.497
-78.813
-78.784
-78.703
-78.572
-78.618
-78.675
-78.999
-78.951
-79.049
-79.262
-79.319
-79.171
-79.264
-79.055
-79.154
-79.216
-78.966
-79.268
-79.17
-79.456
-79.442
-79.431
-79.372
-79.544
-79.48
-79.3
-79.377
-79.434
-79.444
-79.461
-79.396
-79.095
-79.212
-79.334
-79.361
-79.351
-79.311
-79.526
-79.544
-79.693
-79.703
-79.708
-79.694
-79.825
-79.64
-79.931
-80.075
-79.87
-79.839
-79.804
-79.736
-79.492
-79.474
-79.695
-79.572
-79.625
-80.001
-80.072
-80.117
-80.02
-79.952
-79.926
-79.814
-79.844
-79.686
-79.607
-79.793
-79.48
-79.645
-79.634
-79.82
-79.725
-79.634
-79.794
-79.707
-80.12
-79.994
-80.136
-80.027
-80.268
-80.434
-80.308
-80.288
-80.164
-80.334
-80.434
-80.326
-80.17
-80.334
-80.332
-80.426
-80.296
-80.131
-79.937
-79.918
-80.045
-80.076
-80.057
-80.039
-80.32
-80.238
-80.149
-80.347
-80.12
-79.883
-79.95
-79.962
-79.813
-79.784
-79.727
-79.653
-79.801
-79.737
-79.418
-79.837
-80.076
-80.338
-80.165
-79.997
-80.049
-80.251
-80.172
-79.937
-79.915
-80.017
-80.142
-79.972
-80.133
-79.843
-79.845
-80.066
-80.079
-80.202
-79.855
-79.855
-79.582
-79.188
-78.951
-78.53
-78.557
-78.473
-78.224
-78.157
-78.427
-78.317
-78.308
-78.314
-77.949
-77.579
-77.645
-77.379
-77.306
-77.394
-77.289
-77.119
-77.08
-76.803
-76.83
-77.043
-77.092
-77.26
-77.468
-77.442
-77.421
-77.333
-77.421
-77.513
-77.484
-77.503
-77.41
-77.74
-77.929
-77.775
-77.436
-77.416
-77.156
-76.848
-76.612
-76.542
-76.665
-76.626
-76.359
-76.383
-76.406
-76.545
-76.63
-76.531
-76.513
-76.515
-76.47
-76.607
-76.567
-76.724
-76.956
-77.225
-77.372
-77.566
-77.741
-77.895
-77.713
-77.567
-77.41
-77.445
-77.144
-76.983
-76.669
-76.244
-76.198
-76.282
-76.313
-76.129
-76.289
-76.228
-76.104
-76.027
-76.149
-76.175
-76.211
-76.209
-76.193
-76.407
-76.588
-76.972
-77.029
-77.193
-77.305
-77.526
-77.476
-77.385
-77.737
-77.665
-77.698
-77.949
-78.195
-78.224
-78.017
-78.189
-78.621
-78.559
-78.493
-78.316
-78.51
-78.611
-78.679
-78.55
-78.775
-78.664
-78.754
-78.466
-78.075
-77.932
-77.555
-77.279
-77.374
-77.184
-77.004
-76.958
-76.737
-76.513
-76.384
-76.067
-75.729
-75.352
-75.257
-75.15
-75.126
-74.825
-74.644
-74.428
-74.524
-74.323
-73.689
-73.229
-72.708
-72.157
-71.375
-70.717
-70.318
-69.9
-69.353
-69.036
-68.897
-68.557
-68.354
-68.071
-67.61
-67.106
-66.773
-66.408
-66.201
-65.929
-65.73
-65.51
-65.487
-65.61
-65.781
-65.644
-65.574
-65.519
-65.218
-65.254
-65.319
-65.122
-65.128
-65.125
-65.327
-65.15
-65.361
-65.388
-65.557
-65.421
-65.349
-65.55
-65.53
-65.698
-65.843
-65.95
-66.003
-66.008
-66.367
-66.603
-66.637
-66.748
-66.763
-66.564
-66.582
-66.533
-66.39
-66.297
-66.29
-66.139
-65.882
-65.743
-65.782
-65.785
-66.083
-66.099
-66.041
-65.979
-65.939
-65.705
-65.401
-65.098
-64.919
-64.72
-64.297
-63.915
-63.374
-63.376
-63.04
-62.804
-62.648
-62.758
-62.472
-62.697
-62.776
-62.288
-61.943
-61.608
-61.464
-61.344
-61.182
-61.342
-61.387
-61.496
-61.472
-60.974
-60.762
-60.559
-60.472
-60.44
-60.202
-59.857
-60.014
-59.663
-59.298
-59.285
-59.272
-59.053
-59.027
-58.827
-58.944
-58.91
-59.078
-59.087
-58.969
-58.894
-59.016
-59.092
-59.32
-59.416
-59.618
-59.615
-59.803
-60.037
-60.2
-60.312
-60.435
-60.613
-60.713
-60.703
-60.899
-60.97
-61.131
-61.261
-61.352
-61.578
-62.19
-62.597
-62.556
-62.53
-62.452
-62.453
-62.116
-61.866
-61.7
-61.284
-61.11
-60.701
-60.435
-59.831
-59.472
-58.965
-58.447
-57.813
-57.46
-56.754
-56.461
-56.375
-55.78
-55.374
-54.95
-54.345
-53.856
-52.861
-51.859
-50.521
-48.023
-45
-45
-45
-45
-45
-45
-45
-45
-45
-45
-45
-45
-45
-45
-49.825
-56.655
-62.202
-66.064
-68.599
-70.245
-71.555
-72.367
-73.158
-73.463
-73.687
-73.971
-74.244
-74.545
-74.589
-74.725
-74.621
-74.494
-74.486
