-92.974
-93.166
-93.113
-92.975
-93.214
-93.473
-93.605
-93.363
-93.386
-93.332
-93.268
-93.278
-93.15
-93.179
-93.11
-93.034
-93.13
-93.232
-93.343
-93.007
-93.015
-93.231
-93.254
-93.1
-93.056
-93.278
-93.359
-93.719
-93.731
-93.787
-93.516
-93.437
-93.504
-93.479
-93.352
-93.209
-93.364
-93.45
-93.412
-93.477
-93.2
-93.09
-92.839
-92.798
-92.363
-92.441
-92.488
-92.616
-92.438
-92.123
-92.043
-91.896
-91.894
-91.868
-91.683
-91.728
-91.704
-91.873
-91.728
-91.58
-91.737
-91.888
-91.762
-91.747
-91.426
-91.636
-91.62
-91.44
-91.681
-91.47
-91.279
-91.078
-91.241
-91.213
-91.231
-91.497
-91.254
-91.34
-91.437
-91.375
-91.543
-91.353
-91.156
-91.117
-90.894
-90.864
-91.03
-90.972
-90.916
-90.957
-91.099
-90.866
-90.993
-90.996
-91.043
-91.284
-91.27
-91.255
-91.411
-91.314
-91.092
-90.777
-90.775
-90.743
-90.799
-90.536
-90.544
-90.49
-90.371
-90.424
-90.299
-90.143
-90.607
-90.611
-90.879
-91.081
-91.108
-90.989
-90.702
-90.513
-90.331
-90.729
-90.701
-90.509
-90.362
-90.432
-90.467
-90.404
-90.395
-90.117
-90.091
-90.357
-90.476
-90.513
-90.189
-89.798
-89.558
-89.277
-88.859
-88.494
-87.882
-87.683
-87.563
-87.007
-86.628
-86.257
-85.862
-85.573
-85.216
-85.181
-84.936
-84.627
-83.993
-83.426
-82.786
-82.152
-81.221
-80.762
-80.391
-79.611
-79.136
-78.789
-78.359
-78.242
-77.896
-77.41
-77.06
-76.63
-76.447
-76.191
-75.728
-75.019
-74.637
-74.027
-73.591
-73.177
-73.022
-72.578
-72.326
-72.062
-71.675
-71.239
-71.004
-70.612
-70.166
-69.928
-69.787
-69.699
-69.377
-69.417
-69.19
-68.887
-68.451
-68.22
-68.147
-67.896
-67.86
-67.728
-67.57
-67.476
-67.477
-67.417
-67.2
-67.015
-67.317
-67.145
-67.056
-66.853
-66.684
-66.571
-66.466
-66.517
-66.706
-66.683
-66.574
-66.314
-66.315
-66.043
-66.229
-65.986
-65.854
-65.83
-65.921
-66.022
-65.948
-65.966
-66.266
-66.235
-66.283
-66.511
-66.502
-66.722
-66.996
-66.999
-67.104
-67.113
-67.268
-67.595
-67.641
-67.57
-67.818
-67.793
-67.96
-67.664
-67.883
-67.897
-67.971
-67.941
-68.01
-68.091
-67.908
-67.692
-67.34
-66.88
-66.357
-65.948
-65.631
-64.934
-64.117
-63.512
-62.917
-62.615
-62.069
-61.406
-60.741
-60.441
-59.913
-59.509
-58.914
-58.61
-58.25
-57.806
-57.73
-57.128
-56.533
-56.354
-55.786
-55.865
-55.416
-55.075
-54.173
-53.576
-52.526
-51.183
-49.132
-45
-45
-45
-45
-45
-45
-45
-45
-45
-45
-45
-45
-45
-45
-46.239
-52.766
-58.368
-62.603
-65.737
-67.612
-68.838
-69.771
-70.286
-70.013
-69.859
-69.044
-68.576
-68.123
-67.214
-66.19
-65.51
-65.073
-64.39
-63.521
-63.208
-62.569
-61.857
-61.55
-61.158
-61.04
-60.43
-60.071
-59.551
-59.377
-59.067
-59.091
-58.779
-58.317
-58.134
-58.039
-57.682
-57.398
-56.815
-56.671
-56.362
-56.164
-55.833
-55.477
-55.413
-55.144
-54.625
-53.85
-53.077
-52.088
-51.028
-49.057
-45.741
-45
-45
-45
-45
-45
-45
-45
-45
-45
-45
-45
-45
-45
-46.41
-52.888
-58.556
-62.719
-65.41
-67.361
-68.804
-69.738
-70.147
-70.635
-70.515
-70.519
-69.826
-69.426
-68.343
-67.441
-66.531
-65.8
-64.866
-63.941
-63.215
-62.676
-61.705
-61.356
-60.637
-60.023
-59.148
-57.958
-56.798
-55.551
-53.75
-51.917
-49.854
-46.781
-45
-45
-45
-45
-45
-45
-45
-45
-45
-45
-45
-45
-45
-45
-48.609
-53.127
-56.536
-58.892
-60.762
-61.359
-61.571
-61.48
-61.28
-60.51
-59.81
-58.942
-57.982
-56.809
-55.926
-54.824
-53.553
-52.283
-50.833
-49.22
-46.892
-45
-45
-45
-45
-45
-45
-45
-45
-45
-45
-45
-45
-45
-45.477
-50.73
-55.156
-58.337
-60.265
-61.224
-61.879
-61.835
-61.522
-61.086
-60.75
-60.284
-59.809
-58.974
-58.222
-57.508
-56.938
-56.277
-55.607
-55.087
-54.38
-53.824
-53.226
-52.689
-51.803
-50.854
-49.502
-47.819
-45
-45
-45
-45
-45
-45
-45
-45
-45
-45
-45
-45
-45
-45
-48.805
-53.971
-57.577
-60.071
-61.314
-61.81
-61.866
-61.908
-61.118
-60.053
-58.821
-57.279
-55.802
-54.567
-52.913
-51.574
-49.817
-47.743
-45
-45
-45
-45
-45
-45
-45
-45
-45
-45
-45
-45
-45
-45.845
-51.543
-56.666
-60.278
-62.677
-64.434
-65.314
-65.79
-65.9
-65.97
-65.712
-65.511
-64.894
-64.071
-63.765
-63.055
-62.539
-62.04
-61.519
-60.8
-60.185
-59.959
-59.815
-59.39
-59.182
-58.453
-58.256
-57.951
-57.691
-57.375
-57.095
-57.071
-56.726
-56.526
-56.235
-56.13
-55.875
-55.939
-55.677
-55.456
-55.147
-54.851
-54.617
-54.353
-53.738
-53.321
-52.556
-51.734
-50.51
-48.964
-46.112
-45
-45
-45
-45
-45
-45
-45
-45
-45
-45
-45
-45
-45
-47.728
-54.505
-59.959
-63.884
-66.896
-68.79
-70.298
-71.337
-71.919
-72.804
-73.09
-73.447
-73.633
-73.899
-74.176
-74.391
-74.521
-74.62
-74.99
-74.994
-75.081
-75.156
-75.195
-75.232
-75.116
-75.03
-74.889
-74.493
-74.446
-74.115
-73.756
-73.347
-72.848
-72.214
-71.739
-70.774
-70.139
-69.425
-68.586
-68.053
-67.494
-66.883
