-93.822
-93.614
-93.535
-93.94
-94.126
-93.987
-94.119
-94.043
-94.091
-94.13
-94.443
-94.242
-94.426
-94.461
-94.343
-94.31
-94.353
-94.361
-94.671
-94.489
-94.713
-94.78
-94.566
-94.448
-94.395
-94.318
-94.172
-94.126
-94.006
-93.999
-94.274
-94.304
-94.389
-94.409
-94.162
-93.644
-93.435
-93.528
-93.727
-93.77
-93.869
-93.934
-93.617
-93.847
-93.834
-93.922
-93.289
-93.474
-93.438
-93.619
-93.704
-93.72
-93.61
-93.635
-93.547
-93.563
-93.424
-93.824
-93.782
-93.638
-93.534
-93.791
-93.754
-94.013
-93.751
-93.699
-93.584
-93.84
-93.946
-93.998
-94.164
-94.46
-94.384
-94.651
-94.637
-94.642
-94.858
-94.869
-94.901
-94.837
-94.553
-94.499
-94.759
-94.692
-94.632
-94.355
-94.367
-94.429
-94.275
-94.031
-94.156
-94.287
-94.156
-94.155
-94.099
-94.211
-94.302
-93.958
-94.055
-94.213
-94.247
-94.436
-94.299
-94.12
-94.057
-94.025
-93.904
-93.901
-93.549
-93.753
-93.576
-93.697
-93.774
-93.723
-93.63
-93.682
-93.44
-93.426
-93.51
-93.379
-93.428
-93.584
-93.497
-93.574
-93.645
-92.943
-90.725
-88.031
-85.748
-84.114
-83.058
-82.138
-81.469
-81.067
-80.747
-80.775
-80.505
-80.57
-80.171
-80.186
-80.162
-79.983
-79.835
-79.884
-79.925
-79.991
-80.006
-80.065
-80.024
-80.131
-80.159
-80.269
-80.38
-80.544
-80.292
-79.974
-80.256
-80.121
-80.298
-80.004
-80.325
-80.422
-80.352
-80.247
-80.353
-80.343
-80.318
-80.333
-80.378
-80.343
-80.355
-80.315
-80.238
-80.168
-80.081
-80.078
-80.239
-80.394
-80.206
-80.139
-79.853
-79.685
-79.988
-80.153
-80.098
-80.125
-80.318
-80.266
-79.888
-79.583
-79.54
-79.23
-78.927
-78.914
-78.565
-78.697
-78.703
-78.842
-78.638
-78.556
-78.258
-78.633
-78.584
-78.851
-78.863
-79.113
-79.195
-79.428
-79.631
-79.666
-79.595
-79.517
-79.736
-79.908
-79.93
-79.732
-79.649
-79.899
-79.881
-79.731
-80.009
-80.189
-79.984
-80.076
-80.063
-79.536
-79.663
-79.973
-80.14
-79.843
-79.996
-80.118
-80.177
-80.14
-80.141
-80.035
-80.128
-80.007
-80.079
-79.983
-79.607
-79.604
-79.872
-80.107
-80.199
-80.033
-80.354
-80.26
-79.967
-80.01
-80.043
-79.855
-79.823
-79.914
-79.808
-80.059
-80.045
-80.092
-79.797
-80.072
-79.92
-80.021
-79.847
-79.794
-79.858
-79.894
-79.866
-79.974
-80.153
-80.123
-79.968
-79.716
-79.561
-79.691
-79.886
-79.702
-79.658
-79.609
-79.593
-79.567
-79.371
-78.968
-78.873
-78.633
-78.853
-78.8
-79.019
-78.682
-78.615
-78.94
-78.947
-79.099
-78.853
-78.812
-78.72
-78.767
-78.937
-78.98
-79.123
-79.264
-79.477
-79.732
-79.64
-79.408
-79.543
-79.583
-79.711
-79.639
-79.507
-79.581
-79.516
-79.596
-79.803
-79.797
-79.79
-79.696
-79.585
-79.443
-79.86
-80.003
-79.719
-79.772
-79.911
-79.675
-79.71
-79.748
-79.627
-79.542
-79.431
-79.156
-79.396
-79.454
-79.273
-79.163
-79.238
-79.491
-79.268
-79.154
-78.941
-78.74
-78.931
-79.059
-79.184
-79.292
-79.123
-78.952
-79.058
-78.852
-78.839
-78.904
-78.495
-78.153
-77.944
-78.025
-78.074
-78.18
-78.296
-78.369
-78.289
-77.996
-78.014
-77.889
-77.799
-77.53
-77.514
-77.658
-77.471
-77.667
-77.828
-77.822
-77.903
-77.917
-77.896
-78.26
-78.306
-78.196
-78.351
-78.316
-78.357
-78.44
-78.798
-79.109
-79.282
-79.227
-78.924
-79.229
-79.06
-78.85
-78.812
-78.918
-78.842
-78.972
-79.125
-79.32
-79.233
-78.989
-79.039
-79.022
-79.019
-79.037
-79.412
-79.401
-79.447
-79.371
-79.29
-79.09
-79.15
-79.489
-79.539
-79.215
-79.035
-78.907
-78.835
-78.786
-78.72
-78.544
-78.618
-78.25
-78.116
-77.925
-78.135
-78.38
-78.338
-78.285
-78.078
-77.786
-77.998
-78.242
-78.209
-78.272
-78.291
-78.156
-77.879
-78.264
-78.441
-78.384
-78.577
-78.705
-78.563
-78.539
-78.685
-78.62
-78.568
-78.717
-78.652
-78.599
-78.869
-78.969
-78.894
-79.065
-79.33
-79.252
-79.573
-79.559
-79.722
-79.281
-79.133
-79.053
-78.882
-78.704
-78.576
-78.216
-78.048
-77.868
-77.829
-77.904
-77.913
-77.859
-77.964
-77.966
-77.682
-77.656
-77.685
-77.921
-77.925
-77.798
-77.728
-77.893
-77.839
-78.072
-77.847
-77.764
-77.665
-77.834
-77.904
-77.98
-78.245
-78.157
-78.16
-78.279
-78.443
-78.318
-78.169
-78.493
-78.448
-78.612
-78.816
-78.855
-78.966
-79.002
-78.848
-78.978
-79.085
-79.195
-79.272
-79.689
-79.833
-80.022
-79.892
-80.022
-80.272
-80.235
-80.179
-79.949
-79.503
-78.998
-78.469
-78.257
-78.011
-78.029
-77.697
-77.208
-77.154
-77.302
-77.143
-76.724
-76.74
-76.827
-76.665
-76.709
-76.655
-76.596
-76.438
-76.258
-76.771
-76.641
-76.852
-76.84
-76.727
-76.773
-76.768
-76.822
-76.79
-76.784
-76.829
-76.807
-76.867
-76.815
-76.78
-76.886
-77.141
-77.181
-77.022
-77.049
-76.999
-76.978
-76.788
-76.634
-76.497
-76.254
-75.668
-75.648
-75.448
-75.284
-74.904
-74.755
-74.615
-74.74
-74.736
-74.549
-74.603
-74.477
-74.479
-74.445
-74.606
-74.454
-74.57
-74.395
-74.31
-74.353
-74.625
-74.949
-75.144
-75.071
-75.026
-75.045
-75.32
-75.211
-75.331
-75.359
-75.185
-75.066
-74.96
-75.046
-75.286
-75.24
-75.156
-74.985
-74.552
-74.446
-74.101
-73.979
-73.732
-73.221
-73.175
-73.096
-72.804
-72.24
-71.853
-71.16
-70.39
-69.587
-68.844
-68.257
-67.834
-67.342
-66.799
-66.599
-66.273
-65.956
-65.541
-65.217
-65.394
-65.126
-64.974
-64.944
