-79.025
-79.189
-79.291
-79.341
-79.305
-79.474
-79.647
-79.391
-79.518
-79.702
-79.748
-79.498
-79.485
-79.37
-79.625
-79.501
-79.49
-79.792
-79.653
-79.647
-79.668
-79.691
-79.762
-79.842
-79.917
-79.876
-79.933
-79.936
-80.026
-80.087
-80.041
-80.137
-79.938
-79.789
-79.606
-79.314
-79.188
-79.085
-79.265
-79.302
-79.273
-79.447
-79.324
-79.34
-79.303
-79.333
-79.229
-79.008
-79.258
-79.374
-79.4
-79.529
-79.334
-79.188
-79.235
-79.265
-79.31
-79.46
-79.242
-79.41
-79.233
-79.443
-79.864
-79.966
-80.042
-80.222
-79.774
-79.504
-79.463
-79.48
-79.534
-79.631
-79.491
-79.492
-79.259
-79.17
-79.107
-79.441
-79.505
-79.362
-79.286
-79.307
-79.324
-79.306
-79.052
-79.087
-78.981
-78.89
-78.475
-78.491
-78.446
-78.428
-78.117
-78.253
-78.104
-77.901
-77.608
-77.646
-77.528
-77.279
-77.317
-77.152
-77.227
-76.907
-76.799
-76.957
-77.104
-77.288
-77.446
-77.428
-77.327
-77.314
-77.389
-77.291
-77.447
-77.144
-77.218
-77.266
-77.183
-77.395
-77.462
-77.327
-77.201
-77.097
-76.853
-76.904
-76.851
-77.004
-76.913
-76.961
-77.058
-76.764
-76.754
-76.641
-76.634
-76.828
-77.23
-77.426
-77.332
-77.528
-77.663
-77.309
-77.274
-77.556
-77.737
-77.555
-77.661
-77.865
-78.005
-77.887
-77.991
-77.874
-78.093
-78.188
-78.228
-78.259
-78.158
-78.229
-78.067
-78.005
-77.778
-77.642
-77.718
-77.473
-77.624
-77.287
-77.316
-77.275
-77.262
-77.225
-77.337
-77.549
-77.422
-77.362
-77.574
-77.29
-77.102
-76.953
-77.018
-76.915
-76.91
-76.721
-76.856
-76.607
-76.616
-76.557
-76.579
-76.593
-76.456
-76.635
-76.755
-76.788
-76.653
-76.565
-76.447
-76.623
-76.531
-76.485
-76.45
-76.546
-76.54
-76.478
-76.189
-76.067
-75.819
-75.577
-75.713
-75.849
-75.888
-75.946
-75.919
-76.094
-75.966
-75.75
-75.801
-76.1
-76.029
-75.985
-75.783
-75.651
-75.502
-75.374
-75.15
-75.002
-75.323
-75.19
-75.054
-75.184
-75.43
-75.657
-75.536
-75.674
-75.763
-75.807
-75.808
-75.759
-75.912
-75.701
-75.58
-75.652
-75.571
-75.588
-75.385
-75.024
-74.966
-74.731
-74.601
-74.324
-74.215
-73.88
-74.106
-74.217
-74.138
-73.994
-74.166
-73.976
-73.941
-73.817
-73.826
-73.808
-74.06
-74.169
-73.967
-73.519
-73.389
-73.696
-73.584
-73.547
-73.772
-73.971
-73.746
-73.941
-73.835
-73.803
-73.868
-73.799
-73.667
-73.804
-73.955
-74.11
-74.036
-74.069
-74.328
-74.354
-74.285
-74.387
-74.285
-74.398
-74.379
-74.549
-74.491
-74.547
-74.681
-74.836
-75.015
-75.077
-75.078
-75.154
-75.118
-75.332
-75.15
-75.313
-75.495
-75.45
-75.197
-75.116
-75.132
-75.154
-74.966
-75.001
-75.183
-75.321
-75.362
-75.319
-75.292
-75.463
-75.652
-75.832
-76.049
-76.401
-76.572
-76.751
-76.66
-76.684
-76.812
-76.749
-76.545
-76.197
-76.083
-75.628
-75.471
-74.996
-74.761
-74.41
-74.14
-73.962
-73.74
-73.556
-73.161
-72.846
-72.66
-72.596
-72.434
-72.103
-71.876
-71.969
-71.874
-71.737
-71.445
-71.522
-71.398
-71.506
-71.441
-71.323
-71.101
-70.752
-70.936
-70.714
-70.917
-70.742
-70.681
-70.9
-70.714
-70.457
-70.259
-70.066
-69.991
-69.804
-69.575
-69.249
-69.234
-69.294
-69.348
-69.218
-69.101
-69.109
-69.158
-69.378
-69.317
-69.269
-69.196
-68.748
-68.807
-68.7
-68.685
-68.382
-68.36
-68.162
-68.216
-68.041
-68.019
-68.06
-68.248
-68.306
-68.63
-68.713
-68.848
-68.828
-69.136
-69.369
-69.285
-69.147
-69.229
-69.131
-69.349
-68.995
-68.79
-68.737
-68.772
-68.688
-68.867
-68.791
-68.945
-68.886
-68.777
-68.674
-68.867
-68.992
-68.938
-69.076
-69.154
-69.412
-69.504
-69.369
-69.28
-69.297
-69.28
-69.476
-69.685
-69.355
-69.43
-69.32
-69.522
-69.385
-69.567
-69.611
-69.704
-69.872
-69.473
-69.409
-69.27
-69.224
-69.059
-69.186
-68.957
-68.684
-68.827
-68.53
-68.456
-68.598
-68.46
-68.227
-68.178
-68.069
-67.83
-67.753
-67.528
-67.041
-66.827
-66.818
-66.463
-66.312
-65.982
-65.611
-65.438
-65.174
-65.128
-65.108
-64.549
-64.216
-63.833
-63.753
-63.619
-63.566
-63.487
-63.138
-63.145
-63.092
-63.297
-63.339
-63.388
-63.558
-63.338
-63.242
-63.204
-63.253
-63.02
-62.797
-62.663
-62.665
-62.395
-62.319
-62.513
-62.657
-62.504
-62.367
-62.505
-62.534
-62.304
-62.342
-62.316
-62.324
-62.176
-61.9
-61.705
-61.666
-61.582
-61.492
-61.587
-61.554
-61.246
-61.009
-61.101
-60.966
-60.659
-60.666
-60.426
-60.187
-60.28
-60.496
-60.425
-60.299
-60.555
-60.492
-60.582
-60.6
-60.538
-60.439
-60.283
-60.56
-60.414
-60.286
-60.222
-60.27
-60.364
-60.104
-59.966
-59.842
-59.933
-60.11
-60.177
-60.073
-59.683
-59.547
-59.515
-59.624
-59.855
-59.889
-59.912
-59.79
-59.712
-59.372
-59.108
-59.213
-59.328
-59.296
-59.475
-59.368
-59.374
-59.319
-59.142
-59.243
-59.172
-59.229
-58.608
-58.586
-58.582
-58.538
-58.378
-58.532
-58.597
-58.456
-58.403
-58.501
-58.271
-57.863
-57.95
-57.932
-58.272
-58.14
-58.126
-57.962
-57.913
-57.905
-57.527
-57.629
-57.276
-57.272
-57.546
-57.551
-57.482
-57.309
-57.132
-57.076
-57.012
-56.978
-56.778
-56.501
-56.273
-56.348
-56.102
-56.026
-55.82
-55.613
-55.189
-54.839
-54.922
-54.617
-54.494
-54.261
-53.992
-53.388
-52.572
-51.429
-49.982
-46.902
-45
-45
-45
-45
-45
-45
-45
-45
-45
-45
