-80.511
-80.259
-80.059
-80.125
-80.096
-80.082
-80.051
-80.329
-80.19
-80.125
-80.18
-79.944
-80.01
-80.34
-80.321
-80.397
-80.331
-80.472
-80.33
-80.302
-80.469
-80.546
-80.304
-80.496
-80.223
-80.216
-80.221
-80.353
-80.511
-80.599
-80.343
-80.338
-80.44
-80.345
-80.208
-80.339
-80.516
-80.631
-80.474
-80.374
-80.418
-80.486
-80.757
-80.941
-81.042
-81.278
-81.369
-81.067
-81.151
-81.208
-81.261
-81.184
-81.31
-81.25
-81.306
-81.374
-81.197
-81.185
-81.08
-80.929
-80.866
-80.96
-80.923
-81.166
-81.264
-81.505
-81.457
-81.434
-81.639
-81.722
-81.721
-81.76
-82.118
-82.138
-82.244
-82.346
-82.186
-81.716
-81.767
-81.729
-81.738
-81.429
-81.234
-81.292
-81.205
-81.43
-81.587
-81.491
-81.582
-81.537
-81.611
-81.627
-81.433
-81.245
-80.95
-80.892
-80.925
-80.973
-80.957
-81.105
-80.915
-80.823
-81.051
-81.189
-81.282
-81.301
-81.36
-81.441
-81.594
-81.648
-81.791
-81.482
-81.421
-81.508
-81.601
-81.416
-81.616
-81.712
-81.511
-81.588
-81.359
-81.569
-81.642
-81.664
-81.89
-81.987
-81.996
-82.002
-81.901
-81.785
-81.944
-81.76
-82.201
-82.323
-82.071
-82.203
-82.538
-82.383
-82.514
-82.404
-82.3
-82.602
-82.454
-82.274
-82.189
-82.185
-82.54
-82.867
-82.803
-83.24
-83.364
-83.552
-83.449
-83.587
-83.409
-83.508
-83.335
-83.118
-83.286
-83.372
-83.323
-83.057
-83.259
-83.379
-83.393
-83.386
-83.545
-83.301
-83.433
-83.149
-83.158
-82.976
-82.706
-82.789
-83.002
-83.21
-83.16
-83.389
-83.632
-83.61
-83.695
-83.758
-83.508
-83.204
-83.199
-83.347
-83.352
-83.37
-83.081
-83.123
-83.227
-83.713
-83.502
-83.412
-83.351
-83.438
-83.549
-83.524
-83.55
-83.306
-83.316
-83.185
-82.885
-82.804
-83.08
-82.805
-82.938
-83.119
-83.433
-83.44
-83.559
-83.668
-83.652
-83.797
-83.738
-83.615
-83.694
-83.827
-83.994
-83.754
-83.396
-83.681
-83.629
-83.674
-83.749
-83.555
-83.539
-83.428
-83.549
-83.767
-83.755
-83.752
-83.738
-83.702
-84.124
-83.997
-83.966
-83.919
-83.978
-83.992
-84.085
-83.794
-83.938
-83.878
-83.982
-84.224
-84.483
-84.553
-84.358
-84.497
-84.685
-84.688
-84.631
-84.359
-84.181
-84.279
-84.11
-84.379
-84.465
-84.728
-84.553
-84.775
-84.873
-85.051
-85.077
-84.814
-84.82
-84.893
-84.925
-85.031
-84.995
-85.219
-85.128
-85.063
-85.273
-85.261
-85.488
-85.32
-85.385
-85.249
-85.331
-85.425
-85.629
-85.468
-85.499
-85.551
-85.546
-85.524
-85.617
-85.65
-85.568
-85.535
-85.454
-85.322
-85.506
-85.73
-85.507
-85.423
-85.822
-85.772
-85.497
-85.393
-85.38
-85.343
-85.215
-85.394
-85.604
-85.664
-85.689
-85.774
-85.7
-85.397
-85.291
-85.258
-85.164
-85.127
-84.9
-84.686
-84.646
-84.675
-84.719
-84.846
-84.605
-84.35
-84.425
-84.596
-84.626
-84.652
-84.644
-85.007
-85.032
-85.074
-85.065
-85.156
-85.31
-85.364
-85.334
-85.294
-85.389
-85.478
-85.522
-85.726
-85.552
-85.405
-85.514
-85.624
-85.723
-85.627
-85.759
-85.744
-85.917
-85.911
-85.625
-85.783
-85.835
-85.688
-85.75
-85.676
-85.367
-85.054
-85.166
-85.075
-85.067
-85.096
-84.923
-85.278
-85.2
-85.01
-84.922
-85.103
-85.213
-85.432
-84.958
-85.056
-85.073
-84.97
-84.942
-85.043
-85.242
-85.485
-85.66
-85.771
-85.645
-85.617
-85.451
-85.617
-85.501
-85.46
-85.368
-85.428
-85.309
-85.279
-85.319
-85.612
-85.62
-85.414
-85.25
-84.968
-85.179
-84.88
-84.697
-84.598
-84.359
-84.384
-84.316
-84.288
-84.473
-84.535
-84.365
-84.356
-84.327
-84.785
-84.76
-84.659
-84.919
-84.691
-84.457
-84.475
-84.426
-84.486
-84.22
-84.03
-83.907
-83.893
-83.892
-83.889
-84.054
-84.028
-83.949
-83.866
-83.819
-83.617
-83.513
-83.439
-83.269
-83.169
-83.015
-83.188
-83.262
-83.188
-83.246
-83.477
-83.254
-83.053
-82.849
-82.582
-82.766
-82.496
-82.794
-82.793
-82.587
-82.358
-82.103
-82.045
-82.101
-82.219
-82.217
-82.24
-82.055
-82.167
-82.193
-82.093
-82.182
-82.228
-82.063
-82.099
-82.123
-82.196
-82.178
-82.225
-82.078
-82.137
-81.917
-81.917
-81.779
-81.956
-81.939
-81.929
-81.91
-82.043
-81.893
-81.859
-82.279
-82.235
-82.137
-82.323
-82.291
-82.183
-81.958
-82.101
-82.028
-82.145
-82.516
-82.206
-82.087
-82.109
-81.888
-81.93
-81.823
-81.984
-81.909
-82.003
-81.859
-81.852
-81.721
-81.685
-81.858
-81.795
-81.816
-81.625
-81.696
-81.658
-81.64
-81.635
-81.586
-81.615
-81.856
-81.752
-81.524
-81.292
-81.199
-81.087
-81.087
-80.982
-81.264
-80.972
-81.224
-81.073
-81.324
-81.425
-81.602
-81.517
-81.539
-81.618
-81.729
-81.746
-81.733
-81.438
-81.427
-81.636
-81.567
-81.53
-81.393
-81.377
-81.231
-81.239
-81.376
-81.237
-81.431
-81.521
-81.694
-81.69
-81.714
-81.867
-81.948
-81.844
-81.936
-81.833
-81.597
-81.517
-81.437
-81.52
-81.547
-81.678
-81.638
-81.653
-81.778
-81.567
-81.81
-81.847
-81.693
-81.703
-81.69
-81.707
-81.604
-81.562
-81.597
-81.516
-81.832
-81.808
-81.625
-81.746
-81.495
-81.763
-81.448
-81.472
-81.045
-80.888
-80.626
-80.679
-80.562
-80.595
-80.452
-80.434
-80.444
-80.516
-80.407
-80.659
-80.694
-81.225
-81.194
-81.414
-81.067
-81.228
-81.33
-81.341
-81.334
-81.415
-81.456
-81.657
-81.537
-81.457
-81.171
-81.347
-81.372
-81.833
-81.885
-82.136
-82.168
-82.187
-82.004
-82.197
-81.717
-81.642
-81.457
-81.151
