-79.619
-79.671
-79.519
-79.342
-79.14
-79.184
-79.346
-79.126
-79.025
-79.101
-79.044
-78.834
-78.879
-79.156
-79.009
-78.772
-78.998
-79.045
-78.932
-78.807
-78.998
-79.055
-79.233
-79.105
-79.198
-79.254
-79.293
-79.297
-79.534
-79.143
-79.287
-79.068
-79.099
-79.03
-78.809
-78.365
-77.783
-77.266
-76.785
-76.526
-76.558
-76.242
-75.538
-75.488
-74.949
-74.813
-74.446
-74.044
-73.97
-73.862
-73.591
-73.567
-73.684
-73.589
-73.575
-73.392
-73.337
-73.449
-73.346
-73.32
-73.054
-72.857
-72.875
-72.679
-72.457
-72.45
-72.251
-72.447
-72.323
-72.184
-72.16
-71.873
-71.824
-71.597
-71.567
-71.512
-71.226
-71.048
-71.126
-71.398
-71.456
-71.408
-71.683
-71.756
-71.599
-71.382
-71.521
-71.625
-71.535
-71.444
-71.352
-71.014
-70.88
-70.901
-70.798
-71.084
-71.045
-70.935
-70.63
-70.475
-70.103
-69.529
-69.21
-68.763
-68.334
-67.752
-67.119
-66.707
-66.165
-65.836
-65.462
-65.02
-64.611
-64.356
-64.01
-63.625
-64.346
-66.948
-69.67
-71.97
-73.661
-75.274
-76.274
-76.808
-77.571
-78.122
-78.476
-78.738
-79.12
-79.094
-79.156
-79.302
-79.59
-79.485
-79.498
-79.626
-79.48
-79.446
-79.268
-79.169
-79.461
-79.459
-79.6
-79.509
-79.29
-79.331
-78.972
-79.217
-79.283
-79.415
-79.201
-79.007
-79.07
-79.236
-79.036
-79.067
-79.165
-79.266
-79.136
-79.067
-79.411
-79.62
-79.808
-79.977
-79.699
-79.685
-79.728
-79.711
-79.761
-79.817
-79.677
-79.401
-79.462
-79.588
-79.766
-79.712
-79.658
-79.744
-79.711
-79.93
-79.983
-79.839
-80.001
-80.092
-80.169
-80.447
-80.319
-80.141
-79.911
-79.681
-79.827
-79.846
-80.008
-80.07
-80.001
-80.248
-80.264
-80.399
-80.097
-80.164
-79.9
-79.83
-79.926
-79.959
-79.898
-79.822
-79.815
-79.956
-79.797
-79.768
-79.913
-79.864
-79.676
-79.362
-79.373
-79.29
-79.402
-79.495
-79.543
-79.669
-79.766
-80.078
-79.881
-79.946
-80.02
-79.92
-79.985
-79.976
-80.114
-80.14
-80.069
-79.916
-79.986
-79.941
-79.672
-79.909
-79.949
-79.86
-80.013
-80
-79.763
-79.915
-79.643
-79.706
-79.833
-79.906
-79.806
-79.942
-80.073
-80.042
-79.992
-80.072
-79.995
-79.832
-80.049
-79.916
-79.551
-79.379
-79.44
-79.413
-79.464
-79.414
-79.35
-79.347
-79.465
-79.58
-79.28
-79.478
-79.666
-79.57
-79.418
-79.381
-79.595
-79.584
-79.582
-79.528
-79.585
-79.794
-79.669
-79.801
-79.657
-79.833
-80.032
-79.719
-79.59
-79.594
-79.367
-79.495
-79.196
-79.14
-78.937
-79.094
-79.095
-78.968
-79.078
-78.98
-79.257
-79.191
-79.178
-79.281
-79.349
-79.326
-79.507
-79.478
-79.659
-79.654
-79.227
-79.344
-79.353
-79.374
-79.511
-79.432
-79.293
-79.502
-79.691
-79.716
-79.653
-79.572
-79.31
-79.491
-79.345
-79.258
-79.576
-79.603
-79.227
-79.197
-79.48
-79.42
-79.596
-79.563
-79.697
-79.565
-79.629
-79.236
-79.39
-79.589
-79.803
-79.894
-79.881
-79.718
-79.563
-79.531
-79.774
-79.913
-79.903
-79.919
-79.876
-79.686
-79.703
-79.662
-79.762
-79.812
-79.8
-79.564
-79.722
-79.951
-80.058
-80.054
-80.012
-80.007
-80.085
-80.11
-79.88
-79.971
-79.888
-79.983
-80.396
-80.433
-80.297
-80.162
-79.958
-80.026
-79.906
-79.915
-79.894
-80.018
-80.017
-80.131
-79.692
-79.663
-79.6
-79.716
-79.91
-79.923
-79.944
-79.931
-79.948
-80.011
-79.926
-79.951
-79.985
-80.016
-80.094
-80.093
-79.752
-79.64
-79.615
-79.845
-79.799
-79.89
-79.89
-79.836
-80.056
-79.934
-80.164
-80.134
-79.846
-79.969
-80.114
-80.167
-80.213
-80.11
-79.927
-79.916
-79.775
-79.811
-79.618
-79.571
-79.463
-79.558
-79.71
-79.67
-79.573
-79.465
-79.631
-79.595
-79.676
-79.579
-79.472
-79.426
-79.507
-79.64
-79.403
-79.641
-79.312
-79.575
-79.592
-79.521
-79.474
-79.391
-79.667
-79.769
-79.588
-79.652
-79.896
-79.723
-79.522
-79.505
-79.831
-80.004
-79.954
-79.88
-79.942
-79.79
-79.746
-79.831
-79.671
-79.833
-79.617
-79.612
-79.646
-80.001
-80.036
-79.921
-79.961
-79.985
-79.914
-79.984
-80.018
-79.944
-80.355
-80.279
-80.345
-80.25
-80.184
-80.095
-80.151
-80.062
-79.955
-80.149
-80.256
-80.236
-80.184
-80.038
-80.109
-80.162
-80.355
-80.065
-79.896
-79.85
-80.144
-79.981
-79.66
-79.94
-80.05
-79.851
-79.946
-79.937
-79.785
-79.928
-79.814
-79.687
-79.886
-79.894
-79.949
-80.358
-80.211
-80.133
-80.065
-80.099
-79.977
-80.041
-79.978
-79.995
-79.885
-79.802
-79.809
-79.996
-79.975
-79.958
-80.032
-80.041
-79.961
-80.032
-79.904
-79.96
-79.964
-80.003
-79.993
-79.904
-79.991
-80.036
-80.018
-80.073
-80.021
-80.216
-79.867
-80.012
-80.153
-80.013
-79.944
-79.829
-80.009
-80.076
-80.207
-80.077
-80.164
-80.009
-79.912
-80.031
-79.959
-80.245
-80.138
-80.005
-79.793
-79.996
-79.948
-80.056
-79.787
-79.994
-79.951
-80.107
-80.342
-80.173
-79.987
-79.949
-79.783
-79.853
-80.007
-80.061
-79.837
-79.663
-79.955
-79.732
-79.375
-79.537
-79.414
-79.391
-79.317
-79.435
-79.568
-79.593
-79.684
-79.656
-79.678
-79.555
-79.484
-79.554
-79.416
-79.525
-79.503
-79.441
-79.556
-79.896
-79.796
-79.836
-79.886
-79.746
-79.88
-79.968
-79.642
-79.841
-79.998
-79.901
-79.827
-79.807
-79.912
-80.041
-79.909
-79.636
-79.666
-79.809
-79.838
-79.935
-80.056
-80.151
-80.039
-80.192
-79.883
-79.773
-79.688
-79.593
-79.772
-79.705
-79.719
-79.858
-80.009
-79.987
-80.082
-80.094
-80.151
-80.007
-79.925
-79.77
-79.626
-79.506
-79.594
-79.69
-79.899
-79.839
-80.017
-80.065
-79.891
-79.934
-79.615
-79.619
-79.78
-79.788
-79.784
-79.97
-79.909
-80.149
-80.047
-80.196
-80.233
-80.162
-80.078
-79.751
-79.889
-79.945
-79.835
-80.047
-80.173
-80.167
-80.078
-79.875
-79.744
-79.675
-79.633
-79.718
-79.804
-79.977
-79.922
-79.928
-79.986
-79.996
-79.855
-79.811
-80.057
-79.924
-80.09
-80.188
-80.037
-79.99
-80.016
-79.982
-79.88
-79.996
-80.119
-80.154
-80.125
-80.057
-80.023
-80.109
-80.175
-80.161
-80.234
-80.46
-80.2
-80.093
-79.754
-79.751
-79.685
-79.587
-79.791
-79.764
-79.776
-79.776
-79.781
-79.837
-79.789
-80.11
-79.994
-80.029
-79.761
-79.606
-79.555
-79.614
-79.762
-79.939
-79.607
-79.83
-79.796
-79.849
-79.69
-79.8
-79.93
-79.805
-80.066
-80.095
-79.983
-79.782
-79.806
-79.782
-79.962
-79.921
-80.076
-79.964
-79.748
-79.782
-79.574
-79.435
-79.699
-79.515
-79.764
-79.82
-80.199
-79.894
-80.069
-80.21
-80.229
-80.197
-80.626
-80.448
-80.054
-79.932
-79.843
-79.757
-79.643
-79.675
-79.483
-79.604
-79.363
-79.726
-79.752
-79.481
-79.698
-79.945
-80.064
-80.139
-80.205
-80.264
-80.02
-80.176
-80.212
-80.11
-80.253
-80.259
-80.548
-80.498
-80.544
-80.573
-80.529
-80.296
-80.367
-80.436
-80.435
-80.531
-80.447
-80.655
-80.511
-80.451
-80.752
-80.612
-80.445
-80.386
-80.285
-80.374
-80.234
-79.985
-80.203
-80.207
-80.465
-80.598
-80.478
-80.156
-80.052
-80.043
-79.959
-80.038
-79.979
-80.045
-80.017
-80.115
-80.238
-80.254
-79.978
-80.012
-79.884
-79.956
-79.816
-79.897
-79.702
-79.537
-79.833
-79.859
-79.815
-80.137
-80.249
-80.276
-80.221
-80.027
-80.077
-80.042
-80.035
-80.358
-80.16
-80.096
-80.082
-80.316
-80.322
-80.224
-80.166
-80.023
-80.1
-80.179
-80.259
-80.346
-80.261
-80.264
-80.471
-80.57
-80.664
-80.521
-80.488
-80.66
-80.865
-80.792
-80.892
-80.881
-80.915
-80.791
-80.833
-80.616
-80.567
-80.544
-80.76
-80.691
-80.728
-80.546
-80.656
-80.653
-80.639
-80.873
-80.87
-80.461
-80.364
-80.242
-80.118
-80.209
-80.388
-80.445
-80.421
-80.486
-80.474
-80.436
-80.6
-80.439
-80.192
-80.177
-80.255
-80.312
-80.262
-80.306
-80.521
-80.566
-80.646
-80.521
-80.592
-80.597
-80.627
-80.259
-80.426
-80.633
-80.581
-80.53
-80.684
-80.843
-80.918
-81.013
-80.943
-80.648
-80.424
-80.439
-80.233
-80.243
-80.156
-80.03
-80.002
-79.903
-79.652
-79.719
-80.001
-80.015
-79.981
-79.758
-79.815
-79.883
-80.094
-79.707
-79.703
-79.721
-79.64
-79.563
-79.172
-79.134
-79.017
-78.971
-79.012
-78.827
-79.135
-79.004
-78.907
-79.056
-79.056
-79.089
-79.177
-79.468
-79.451
-79.369
-79.462
-79.488
-79.765
-79.762
-79.816
-80.117
-80.37
-80.346
-80.412
-80.592
-80.791
-80.566
-80.709
-80.942
-80.905
-81.4
-81.17
-81.142
-81.221
-80.991
-80.779
-80.964
-81.17
-81.228
-81.337
-81.273
-81.256
-81.322
-81.221
-81.152
-81.182
-81.231
-81.009
-81.006
-81.166
-81.058
-80.906
-80.744
-80.661
-80.583
-80.588
-80.637
-80.312
-80.359
-79.954
-80.078
-80.318
-80.451
-80.474
-80.267
-80.092
