-80.879
-80.782
-80.992
-81.012
-81.151
-81.441
-81.576
-81.771
-82.038
-82.331
-82.378
-82.531
-82.539
-82.528
-82.59
-82.378
-82.387
-82.086
-82.17
-82.322
-82.397
-82.219
-82.501
-82.497
-82.606
-82.667
-82.715
-82.88
-82.816
-82.687
-82.548
-82.588
-82.991
-82.669
-82.8
-82.751
-82.69
-82.647
-82.746
-82.943
-83.097
-83.376
-83.382
-83.4
-83.578
-83.225
-83.1
-83.381
-83.123
-83.315
-83.17
-83.188
-83.264
-83.477
-83.744
-83.728
-83.548
-83.637
-83.734
-83.71
-83.888
-83.848
-83.658
-83.308
-83.248
-83.154
-83.333
-83.258
-83.282
-83.177
-83.063
-83.408
-83.511
-83.665
-83.83
-83.939
-83.542
-83.638
-83.426
-83.43
-83.525
-83.46
-83.517
-83.779
-83.967
-83.936
-83.919
-83.81
-84.019
-84.365
-84.194
-84.285
-84.538
-84.736
-84.863
-84.703
-84.627
-84.691
-84.909
-84.957
-85.209
-85.269
-85.203
-85.384
-85.547
-85.351
-85.377
-85.513
-85.709
-85.612
-85.64
-85.654
-85.448
-85.572
-85.543
-85.632
-85.657
-85.521
-85.281
-85.113
-85.229
-85.326
-85.062
-84.821
-84.42
-84.319
-84.346
-84.366
-83.931
-83.951
-83.493
-83.202
-83.049
-82.914
-82.719
-82.603
-82.539
-82.434
-82.002
-81.871
-81.703
-81.799
-81.66
-81.363
-81.255
-81.085
-80.759
-80.814
-80.551
-80.282
-80.284
-80.163
-80.037
-80.077
-79.778
-79.957
-79.826
-79.562
-79.309
-79.356
-79.547
-79.53
-79.479
-79.355
-79.477
-78.946
-78.916
-78.872
-78.751
-78.897
-78.654
-78.701
-78.604
-78.714
-78.82
-78.849
-78.749
-78.49
-78.519
-78.682
-79.067
-79.295
-79.228
-79.06
-79.007
-79.264
-79.378
-79.089
-79.148
-79.047
-78.951
-78.942
-78.856
-78.776
-78.777
-78.722
-78.942
-79.039
-78.956
-78.835
-78.881
-78.9
-78.878
-79.085
-79.252
-79.445
-79.372
-79.376
-79.36
-79.245
-79.271
-79.051
-78.702
-78.293
-78.134
-77.684
-77.365
-77.243
-77.147
-77.122
-76.234
-76.253
-76.127
-75.89
-75.842
-75.751
-75.608
-75.374
-75.308
-75.032
-75.155
-74.967
-74.952
-75.075
-74.963
-74.775
-74.669
-74.659
-74.494
-74.231
-74.422
-74.418
-74.464
-74.463
-74.098
-74.177
-74.244
-74.278
-74.521
-74.223
-74.312
-74.3
-74.123
-74.272
-74.282
-74.281
-74.484
-74.496
-74.485
-74.486
-74.739
-74.954
-74.552
-74.393
-74.595
-74.561
-74.73
-74.847
-75.064
-75.3
-75.305
-75.209
-75.469
-75.387
-75.275
-75.341
-75.444
-75.601
-75.74
-75.609
-75.597
-75.775
-75.813
-75.61
-75.793
-75.874
-75.876
-75.889
-76.063
-75.952
-76.179
-76.317
-76.343
-76.397
-76.54
-76.488
-76.426
-76.577
-76.677
-76.922
-77.281
-77.415
-77.45
-77.46
-77.466
-77.228
-77.19
-77.195
-77.244
-77.361
-77.09
-77.043
-76.901
-76.887
-77.06
-77.25
-77.688
-77.949
-78.105
-78.028
-77.904
-77.75
-77.872
-77.977
-78.309
-78.431
-78.347
-78.234
-78.187
-78.212
-78.381
-78.31
-78.334
-78.507
-78.535
-78.547
-78.482
-78.463
-78.615
-78.306
-78.127
-78.5
-78.67
-78.51
-78.725
-78.951
-78.872
-78.813
-78.823
-78.8
-79.078
-79.153
-79.199
-79.514
-79.33
-79.313
-79.413
-79.462
-79.454
-79.271
-79.272
-79.213
-79.448
-79.185
-78.901
-78.821
-78.836
-78.875
-78.83
-79.002
-79.154
-79.459
-79.602
-79.343
-78.95
-78.972
-79.209
-79.01
-78.938
-78.727
-78.98
-79.189
-78.899
-78.804
-78.893
-78.792
-78.549
-78.327
-78.288
-78.032
-77.826
-77.551
-77.522
-77.692
-77.954
-78.281
-78.43
-78.514
-78.515
-78.527
-78.536
-78.468
-78.405
-78.387
-78.421
-78.583
-78.768
-79.209
-78.983
-78.756
-78.779
-78.513
-78.408
-78.222
-78.273
-78.328
-78.134
-78.265
-78.102
-78.541
-78.892
-78.729
-78.68
-78.744
-78.749
-78.958
-78.984
-78.773
-78.474
-78.275
-78.17
-78.004
-77.699
-77.647
-77.365
-77.069
-76.831
-76.62
-76.121
-76.037
-75.882
-75.665
-75.51
-75.405
-75.26
-74.985
-74.974
-74.669
-74.56
-74.545
-74.101
-74.213
-74.174
-74.142
-73.704
-73.642
-73.411
-73.307
-73.21
-72.995
-72.966
-73.18
-73.095
-73.009
-72.914
-73.29
-73.014
-72.667
-72.462
-72.281
-72.157
-71.838
-71.34
-71.257
-70.969
-70.628
-70.326
-69.924
-69.597
-69.618
-69.538
-69.342
-69.133
-68.957
-68.855
-68.589
-68.65
-68.658
-68.387
-68.394
-67.928
-67.927
-67.812
-67.858
-67.816
-67.77
-67.592
-67.546
-67.457
-67.221
-67.291
-67.497
-67.566
-67.513
-67.772
-67.947
-68.176
-68.242
-68.17
-68.139
-68.201
-68.262
-68.109
-67.946
-67.816
-67.771
-67.88
-67.968
-67.884
-67.795
-67.278
-67.004
-66.763
-66.579
-66.534
-66.297
-66.326
-66.17
-66.049
-65.861
-65.691
-65.653
-65.552
-65.317
-65.18
-65.024
-64.975
-65.068
-65.131
-64.852
-64.978
-64.8
-64.803
-64.754
-64.845
-64.798
-64.915
-64.709
-64.678
-64.651
-64.549
-64.604
-64.522
-64.564
-64.508
-64.365
-64.511
-64.218
-64.198
-64.359
-64.48
-64.571
-64.848
-65.093
-64.918
-64.83
-64.714
-64.683
-64.735
-64.54
-64.857
-65.003
-64.731
-64.868
-64.964
-65.217
-65.149
-65.035
-64.909
-65.122
-64.717
-64.775
-64.623
-64.845
-64.987
-64.981
-65.092
-64.924
-64.862
-64.639
-64.273
-64.175
-64.273
-64.507
-64.492
-64.649
-64.391
-64.643
-64.841
-64.882
-64.965
-65.099
-65.057
-64.976
-64.96
-65.34
-65.547
-65.51
-65.301
-65.37
-65.511
-65.506
-65.617
-65.567
-65.616
-65.736
-65.604
-65.611
-65.257
-65.052
-65.161
-64.893
-64.976
-64.837
-64.561
-64.247
-64.213
-64.39
-64.181
-64.021
-63.671
-63.818
-63.789
-63.611
-63.771
-63.786
-63.951
-64.023
-64.033
-63.943
-64
-63.848
-63.945
-64.106
-64.356
-64.216
-63.997
-63.933
-63.596
-63.902
-63.945
-64.039
-64.298
-64.181
-64.044
-64.142
-64.17
-64.326
-64.255
-64.308
-64.442
-64.511
-64.566
-64.603
-64.363
-64.253
-63.977
-63.939
-63.831
-63.705
-63.583
-63.512
-63.5
-63.444
-63.667
-63.299
-63.545
-63.48
-63.388
-63.5
-63.212
-63.224
-63.266
-63.172
-63.144
-63.168
-63.187
-62.939
-62.958
-62.957
-63.015
-63.197
-62.999
-63.232
-63.145
-63.094
-63.265
-63.149
-63.153
-63.114
-63.341
-63.37
-63.397
-63.277
-63.364
-63.103
-63.248
-63.353
-63.509
-63.69
-63.887
-63.821
-63.885
-63.795
-63.85
-63.987
-63.9
-63.896
-63.794
-63.945
-64.01
-64.078
-63.946
-63.907
-63.61
-63.746
-63.843
-63.811
-63.757
-63.678
-63.479
-63.284
-63.092
-63.202
-63.539
-63.804
-63.642
-63.251
-63.223
-63.298
-63.093
-63.391
-63.467
-63.671
-63.855
-63.815
-63.603
-63.622
-63.963
-63.704
-63.443
-63.421
-63.407
-63.748
-63.638
-63.755
-63.916
-64.149
-64.055
-63.962
-63.95
-64.176
-64.231
-64.319
-64.197
-64.202
-64.073
-63.985
-64.019
-64.032
-64.229
-64.5
-64.371
-64.538
-64.662
-64.706
-64.517
-64.441
-64.708
-64.728
-64.779
-64.748
-65.181
-65.081
-64.854
-64.707
-64.574
-64.911
-64.619
-64.623
-64.692
-64.741
-65.084
-65.127
-65.229
-65.28
-65.231
-65.182
-64.964
-64.808
-64.834
-65.068
-65.138
-65.051
-64.881
-64.748
-65.172
-65.288
-65.275
-65.202
-64.828
-64.91
-64.791
-64.652
-64.927
-65.024
-65.001
-65.062
-65.167
-65.402
-65.255
-65.191
-65.279
-65.117
-65.029
-65.222
-65.273
-65.37
-65.45
-65.526
-65.652
-65.854
-65.535
-65.226
-65.014
-65.293
-65.229
-64.824
-64.975
-65.125
-65.166
-65.231
-65.191
-65.099
-65.025
-64.653
-64.575
-64.845
-64.693
-64.919
-64.868
-64.939
-65.259
-65.372
-65.342
-65.273
-65.145
-65.047
-65.13
-65.02
-64.972
-64.957
-65.225
-65.551
-65.46
-65.451
-65.484
-65.566
-65.483
-65.492
-65.495
-65.591
-65.467
-65.638
-65.588
-65.606
-65.781
-65.994
-65.897
-66.04
-66.233
-66.097
-66.118
-66.243
-66.502
-66.53
-66.596
-66.747
-66.544
-66.856
-66.761
-66.967
-67.175
-67.043
-67.192
-67.34
-67.366
-67.254
-67.163
-67.171
-67.364
-67.415
-67.339
-66.999
-67.11
-67.13
-67.402
-67.593
-67.567
-67.858
-68.102
-68.149
-68.114
-68.153
-68.066
-68.158
-68.507
-68.695
-68.783
-68.654
-68.572
-68.577
-68.431
-68.228
-68.176
-68.47
-68.539
-68.466
-68.481
-68.743
-68.816
-68.573
-68.521
-68.552
-68.715
-68.647
-68.614
-68.421
-68.371
-68.491
-68.415
-68.656
-69.026
-69.368
-69.241
-69.401
-69.617
-69.382
-69.329
-69.202
-68.917
-68.871
-68.953
-68.872
-69.011
-69.135
-69.638
-69.403
-69.327
-69.085
-69.163
-69.105
-69.125
-69.109
-69.097
-69.136
-69.016
-68.707
-68.77
-68.857
-69.083
-69.065
-69.22
-69.075
-69.077
-68.948
-68.912
-68.993
-69.005
-68.871
-68.977
-68.875
-68.611
-68.767
-68.609
-68.856
-68.87
-68.763
-68.964
-69.112
-68.902
-68.701
-68.661
-68.553
-68.566
-68.515
-68.346
-68.559
-68.32
-68.496
-68.384
