-78.938
-78.653
-78.526
-78.38
-78.583
-78.405
-78.204
-78.069
-77.928
-77.663
-77.674
-77.854
-77.579
-77.6
-77.613
-77.76
-77.431
-77.381
-77.495
-77.505
-77.449
-77.077
-77.089
-77.047
-77.28
-77.589
-77.428
-77.234
-77.147
-77.603
-77.64
-77.825
-77.621
-77.482
-77.417
-77.493
-77.475
-77.108
-77.368
-77.509
-77.402
-77.754
-77.921
-78.069
-78.213
-78.542
-78.279
-78.715
-78.236
-78.181
-78.125
-78.159
-78.006
-77.978
-77.8
-77.817
-77.717
-77.896
-77.625
-77.66
-77.693
-77.43
-77.403
-77.441
-77.469
-77.336
-77.114
-76.825
-76.949
-76.851
-76.76
-76.729
-76.584
-76.43
-76.45
-76.354
-76.437
-76.292
-76.442
-76.606
-76.704
-76.431
-76.341
-75.621
-75.491
-75.08
-74.071
-73.272
-72.422
-71.859
-71.37
-70.913
-70.393
-70.211
-69.792
-69.335
-68.838
-68.185
-67.846
-67.897
-67.605
-67.298
-66.991
-66.855
-66.767
-66.503
-66.106
-65.877
-65.532
-64.997
-64.927
-64.819
-64.885
-64.794
-64.511
-64.573
-64.679
-64.36
-64.194
-63.966
-63.655
-63.627
-63.132
-63.241
-63.27
-63.48
-63.336
-63.254
-63.316
-63.353
-63.291
-63.332
-63.353
-63.536
-63.655
-63.797
-63.603
-63.59
-63.479
-63.819
-63.691
-63.575
-63.428
-63.588
-63.491
-63.333
-63.519
-63.862
-63.694
-63.721
-63.721
-63.761
-64.274
-64.44
-64.3
-64.341
-64.205
-64.425
-64.3
-64.442
-64.285
-64.395
-64.315
-64.352
-64.508
-64.513
-64.363
-64.216
-63.997
-64.218
-64.134
-64.176
-64.129
-64.427
-64.786
-64.964
-64.799
-64.783
-64.869
-64.862
-65.138
-65.083
-65.283
-65.138
-65.289
-65.402
-65.202
-65.122
-65.142
-65.127
-65.136
-65.428
-65.634
-65.638
-65.605
-65.758
-66.082
-66.114
-66.249
-66.029
-66.267
-66.215
-66.302
-66.437
-66.324
-66.437
-66.73
-66.745
-66.967
-67.133
-67.395
-67.594
-67.715
-67.959
-67.922
-67.862
-67.995
-67.918
-67.828
-68.004
-68.077
-68.202
-68.225
-68.237
-68.209
-68.142
-68.272
-68.493
-68.554
-68.719
-68.625
-68.59
-68.556
-68.648
-68.732
-68.861
-68.827
-69.28
-69.302
-69.14
-69.287
-69.573
-69.28
-69.136
-69.006
-68.908
-68.803
-68.994
-69.045
-69.119
-69.101
-69.376
-69.505
-69.436
-69.306
-69.47
-69.54
-69.723
-69.54
-69.529
-69.721
-69.918
-69.987
-69.958
-70.156
-70.401
-70.07
-70.006
-70.02
-70.15
-70.363
-70.395
-70.399
-70.466
-70.504
-70.488
-70.588
-70.416
-70.379
-70.368
-70.326
-70.151
-70.047
-69.883
-69.793
-69.785
-69.923
-69.923
-69.777
-69.678
-69.803
-69.911
-70.191
-70.098
-69.812
-69.501
-69.12
-68.678
-67.937
-67.703
-67.272
-66.917
-66.612
-65.906
-65.336
-65.065
-64.888
-64.247
-63.906
-63.771
-63.05
-62.196
-61.409
-60.593
-59.832
-58.839
-57.948
-57.068
-56.279
-55.438
-54.87
-54.279
-53.844
-53.255
-52.916
-52.552
-52.247
-51.736
-51.221
-50.906
-50.444
-49.797
-49.027
-47.964
-47.363
-46.584
-45.293
-45
-45
-45
-45
-45
-45
-45
-45
-45
-45
-45
-45
-45
-45
-45
-45
-45
-45
-45.73
-50.48
-54.187
-56.662
-58.596
-59.88
-60.865
-61.648
-62.414
-62.728
-63.438
-63.389
-63.65
-63.762
-64.233
-64.21
-64.197
-64.013
-64.008
-64.149
-63.874
-63.99
-64.049
-64.147
-64.147
-64.295
-64.504
-64.568
-64.575
-64.498
-64.566
-64.463
-64.742
-64.597
-64.794
-64.812
-64.74
-64.857
-64.792
-64.888
-64.983
-65.24
-65.08
-64.611
-63.834
-63.503
-63.205
-62.553
-62.084
-61.383
-60.886
-60.291
-59.755
-59.082
-58.718
-58.121
-57.935
-57.806
-57.46
-57.253
-56.736
-56.395
-56.274
-56.124
-55.82
-55.764
-55.725
-55.529
-55.415
-55.061
-54.915
-55.111
-55.175
-54.851
-54.914
-54.641
-54.567
-54.419
-54.3
-54.11
-54.127
-54.224
-54.299
-54.442
-54.673
-54.615
-54.493
-54.335
-54.039
-53.38
-52.839
-52.459
-52.134
-51.704
-50.982
-50.287
-49.72
-49.538
-48.64
-48.197
-47.691
-47.117
-46.564
-45.459
-45
-45
-45
-45
-45
-45
-45
-45
-45
-45
-45
-45
-45
-45
-45
-45
-45
-45
-45
-48.826
-52.84
-55.838
-58.188
-59.248
-60.013
-60.572
-60.526
-60.164
-59.688
-58.976
-58.167
-57.508
-56.361
-55.638
-54.979
-53.913
-53.385
-52.993
-52.333
-51.709
-51.08
-50.45
-50.047
-49.741
-49.534
-49.136
-48.743
-48.405
-47.81
-47.33
-46.749
-46.247
-45.341
-45
-45
-45
-45
-45
-45
-45
-45
-45
-45
-45
-45
-45
-45
-45
-45
-45
-45
-45
-47.644
-51.884
-55.19
-57.457
-59.177
-60.622
-61.625
-61.936
-62.963
-63.228
-63.695
-63.778
-64.001
-64.17
-64.007
-63.454
-62.898
-62.307
-62.167
-61.653
-61.135
-60.559
-59.86
-59.225
-58.487
-57.659
-56.531
-55.389
-54.03
-52.662
-51.229
-50.056
-48.832
-47.285
-45.993
-45
-45
-45
-45
-45
-45
-45
-45
-45
-45
-45
-45
-45
-45
-45
-45
-45
-45
-45
-47.35
-51.163
-54.085
-56.023
-57.34
-58.384
-59.356
-59.693
-59.984
-60.034
-60.503
-60.507
-60.525
-60.571
-60.489
-60.297
-60.518
-60.146
-59.998
-59.778
-59.915
-59.985
-60.05
-60.003
-60.153
-60.257
-60.531
-60.8
-60.835
-60.843
-60.561
-60.927
-60.722
-60.642
-60.489
-60.845
-61.073
-60.94
-60.771
-60.829
-60.982
-60.97
-61.01
-61.296
-61.562
-61.6
-61.872
-62.201
-62.28
-62.307
-62.532
-62.498
-62.342
-62.243
-62.63
-62.762
-62.75
-62.581
-62.216
-61.893
-61.777
-61.618
-60.777
-60.496
-60.488
-60.559
-60.062
-59.677
-59.246
-58.823
-58.377
-58.418
-58.424
-58.138
-58.032
-57.561
-57.589
-57.56
-57.497
-57.838
-57.71
-57.431
-57.258
-57.269
-57.299
-57.312
-57.157
-57.197
-57.077
-57.284
-57.291
-57.363
-57.366
-56.997
-56.975
-56.763
-56.834
-56.841
-56.667
-56.678
-56.965
-57.203
-57.355
-57.411
-57.438
-57.483
-57.501
-57.561
-57.598
-57.795
-57.907
-58.158
-57.95
-57.98
-58.207
-58.258
-58.11
-58.09
-58.075
-58.055
-58.044
-58.126
-58.166
-58.398
-58.669
-58.874
-58.932
-59.41
-59.619
-59.656
-59.689
-60.194
-60.009
-59.97
-60.038
-59.813
-60.008
-60.197
-60.269
-60.421
-60.9
-61.065
-61.188
-61.412
-61.706
-62.152
-62.153
-62.638
-62.728
-62.621
-62.817
-62.995
-63.192
-63.744
-63.891
-63.991
-64.191
-64.203
-64.235
-64.401
-64.479
-64.622
-64.418
-64.343
-64.503
-64.751
-64.947
-65.03
-64.731
-64.933
-65.205
-65.276
-65.342
-65.306
-65.367
-65.482
-65.497
-65.487
-65.507
-65.498
-65.688
-65.976
-66.234
-66.404
-66.467
-66.375
-66.356
-66.453
-66.473
-66.289
-66.547
-66.994
-67.091
-67.084
-67.244
-67.298
-67.371
-67.388
-67.492
-67.678
-67.543
-67.251
-67.364
-67.735
-67.833
-68.024
-68.097
-68.284
-68.189
-68.424
-68.516
-68.597
-68.954
-69.306
-69.709
-69.942
-69.914
-70.121
-70.16
-70.076
-70.05
-70.074
-69.994
-69.706
-70.062
-69.966
-70.037
-70.014
-70.052
-70.061
-70.14
-70.396
-70.388
-70.442
-70.312
-70.328
-70.38
-70.416
-70.437
-70.638
-70.483
-70.679
-70.935
-71.281
-71.332
-71.351
-71.159
-71.283
-71.515
-71.864
-72.039
-72.201
-72.206
-72.351
-72.322
-72.383
-72.321
-72.28
-72.467
-72.407
-72.304
-72.405
-72.455
-72.593
-72.854
-72.878
-72.666
-72.65
-72.73
-72.536
-72.314
-72.311
-72.637
-72.704
-72.417
-72.368
-72.41
-72.482
-72.531
-72.858
-72.571
-72.349
-72.183
-72.337
-72.456
-72.637
-72.54
-72.42
-72.544
-72.478
-72.577
-72.601
-72.771
-72.84
-73.06
-73.193
-73.196
-73.458
-73.594
-73.785
-74.007
-74.012
-74.01
-73.75
-73.88
-73.932
-73.973
-73.952
-74.04
-74.09
-74.219
-74.21
-74.212
-74.196
-74.461
-74.544
-74.439
-74.464
-74.626
-74.455
-74.295
-74.059
-74.211
-74.294
-74.693
-74.522
-74.714
-74.92
-75.03
-74.907
-74.907
-75.124
-75.146
-75.332
-75.511
-75.502
-75.671
-75.544
-75.766
-75.868
-75.614
-75.779
-75.998
-75.857
-75.85
-76.078
-75.941
-75.938
-75.924
-76.161
-76.234
-76.254
-76.382
-76.154
-76.346
-76.271
-75.958
-76.224
-76.284
-76.108
-76.069
-75.962
-76.022
-76.011
-76.089
-76.147
-76.271
-76.286
-76.198
-76.412
-76.229
-76.199
-76.199
-76.39
-76.366
-76.231
-76.218
-76.106
-76.293
-76.283
-76.336
-76.072
-75.921
-75.969
-75.697
-75.541
-75.37
-75.155
-75.107
-74.882
-74.775
-74.795
-74.711
-74.712
-75.038
-75.317
-75.611
-75.698
-75.634
-75.759
-75.497
-75.596
-75.666
-76.023
-76.045
-76.414
-76.361
-76.454
-76.395
-76.423
-76.453
-76.555
-76.47
-76.328
-76.451
-76.471
