-72.128
-72.029
-72.086
-72.072
-72.129
-71.976
-71.829
-72.003
-71.975
-72.031
-72.29
-72.6
-72.761
-73.064
-73.357
-73.164
-73.424
-73.536
-73.271
-73.139
-72.868
-72.683
-72.524
-72.688
-72.581
-72.62
-72.757
-72.941
-72.958
-73.026
-72.974
-72.976
-73.069
-73.142
-73.096
-73.323
-73.3
-73.017
-73.021
-72.995
-73.092
-72.931
-72.636
-72.476
-72.318
-72.366
-72.528
-72.527
-72.493
-72.739
-72.709
-72.44
-72.391
-72.368
-71.946
-71.966
-72.028
-72.078
-72.37
-72.485
-72.765
-72.791
-72.901
-73.091
-72.929
-72.954
-72.943
-72.77
-72.688
-72.829
-72.793
-72.494
-72.625
-72.353
-72.418
-72.119
-72.099
-72.405
-72.604
-72.491
-72.526
-72.669
-72.891
-72.895
-72.91
-72.781
-72.319
-72.301
-72.271
-72.297
-72.392
-72.641
-72.643
-72.86
-72.924
-72.895
-73.124
-73.18
-72.901
-73.001
-73.088
-72.986
-72.932
-72.726
-72.879
-73.279
-73.157
-73.186
-73.278
-73.069
-73.215
-73.34
-73.598
-73.683
-73.581
-73.626
-73.823
-73.954
-74.041
-73.979
-73.997
-74.183
-74.513
-74.287
-74.189
-74.259
-74.371
-74.364
-74.191
-74.01
-74.338
-74.472
-74.435
-74.701
-74.682
-74.871
-74.64
-74.846
-74.926
-74.883
-74.68
-74.783
-74.791
-74.441
-74.348
-74.489
-74.424
-74.348
-74.21
-74.307
-74.445
-74.344
-74.605
-74.535
-74.445
-74.346
-74.338
-74.29
-74.136
-74.406
-74.555
-74.696
-74.683
-74.662
-74.936
-74.972
-74.725
-74.774
-74.57
-74.609
-74.561
-74.384
-74.383
-74.256
-74.328
-74.422
-74.235
-74.113
-73.995
-73.477
-73.466
-73.42
-73.285
-73.322
-73.155
-73.08
-73.042
-73.311
-73.159
-73.305
-73.069
-72.814
-72.876
-72.845
-72.894
-72.729
-72.66
-72.532
-72.362
-72.546
-72.506
-72.549
-72.647
-72.657
-72.68
-72.585
-72.699
-72.566
-72.595
-72.226
-72.262
-72.288
-72.41
-72.747
-72.523
-72.517
-72.606
-72.806
-72.655
-72.829
-72.93
-72.839
-72.947
-72.9
-73.087
-73.163
-73.086
-73.056
-72.943
-73
-72.885
-72.883
-72.754
-72.709
-72.818
-72.809
-72.911
-72.579
-72.594
-72.536
-72.475
-72.275
-72.386
-72.481
-72.434
-72.441
-72.731
-72.808
-72.855
-72.93
-73.137
-73.131
-73.224
-73.247
-73.309
-73.357
-73.3
-73.331
-73.557
-73.406
-73.554
-73.377
-73.368
-73.511
-73.474
-73.164
-72.94
-72.992
-73.213
-73.266
-73.234
-73.173
-73.323
-72.865
-73.063
-73.376
-73.643
-73.673
-73.532
-73.572
-73.777
-74.06
-74.047
-74.19
-73.956
-73.966
-74.137
-74.133
-74.034
-74.345
-74.268
-74.41
-74.421
-74.464
-74.289
-74.381
-74.396
-74.481
-74.485
-74.463
-74.583
-74.851
-75.136
-75.029
-75.068
-75.137
-75.013
-75.088
-75.088
-75.351
-75.232
-74.993
-74.902
-74.787
-74.668
-74.294
-73.943
-73.89
-73.83
-74.043
-73.953
-73.95
-73.987
-74.166
-74.174
-74.242
-73.999
-74.048
-74.121
-73.915
-73.821
-73.714
-73.782
-73.871
-73.914
-73.737
-73.579
-73.533
-73.386
-73.269
-73.447
-73.535
-73.539
-73.527
-73.744
-73.605
-73.54
-73.48
-73.469
-73.485
-73.476
-73.528
-73.588
-73.724
-73.603
-73.456
-73.274
-73.069
-72.989
-72.902
-72.582
-72.233
-72.097
-72.211
-72.385
-72.393
-72.251
-72.258
-72.388
-72.154
-72.415
-72.421
-72.663
-72.159
-72.072
-72.112
-72.109
-72.201
-72.207
-72.161
-72.244
-72.392
-72.588
-72.867
-72.95
-73.055
-73.105
-73.106
-73.304
-72.941
-73.406
-73.564
-73.479
-73.543
-73.531
-73.609
-73.562
-73.715
-73.624
-73.531
-73.206
-73.075
-73.307
-73.133
-73.38
-73.527
-73.51
-73.386
-73.503
-73.428
-73.436
-73.875
-74.346
-74.158
-74.601
-74.614
-74.184
-74.229
-74.184
-74.097
-74.248
-74.087
-74.479
-74.611
-74.534
-74.583
-74.697
-74.459
-74.159
-74.373
-74.325
-74.18
-74.184
-74.218
-74.166
-74.323
-74.274
-74.188
-74.371
-74.599
-74.627
-74.491
-74.633
-74.473
-74.101
-73.989
-74.002
-73.886
-74.152
-74.309
-74.265
-74.326
-74.195
-73.893
-73.923
-74.104
-74.395
-74.126
-74.162
-74.334
-74.506
-74.663
-74.598
-74.71
-74.656
-74.382
-74.594
-74.425
-74.527
-74.651
-74.576
-74.933
-74.825
-75.124
-75.395
-75.253
-75.24
-75.149
-74.929
-74.826
-74.986
-74.871
-74.783
-75.024
-74.809
-74.748
-74.712
-74.555
-74.572
-74.68
-74.594
-74.312
-73.936
-73.817
-73.875
-73.917
-74.004
-73.829
-74.128
-73.965
-73.854
-73.857
-73.965
-73.828
-73.681
-73.499
-73.555
-73.448
-73.23
-73.218
-73.294
-73.297
-73.262
-73.374
-73.282
-73.124
-73.055
-72.908
-72.881
-72.617
-72.754
-72.658
-72.519
-72.402
-72.567
-72.464
-72.552
-72.499
-72.635
-72.705
-72.834
-73.044
-72.88
-72.776
-72.932
-73.093
-73.167
-73.413
-73.093
-73.169
-72.985
-73.02
-72.809
-72.996
-73.076
-72.869
-72.972
-73.013
-73.253
-73.192
-73.006
-73.114
-73.283
-73.028
-73.022
-73.069
-73.215
-73.128
-73.283
-73.065
-72.861
-72.483
-72.398
-72.29
-72.101
-72.245
-72.452
-72.473
-72.277
-72.31
-72.364
-72.188
-72.259
-72.298
-72.589
-72.355
-72.202
-72.373
-72.387
-72.68
-72.875
-73.245
-73.297
-73.166
-73.268
-73.149
-73.182
-73.345
-73.307
-73.485
-73.616
-73.426
-73.346
-73.37
-73.146
-72.99
-73.167
-72.903
-73.155
-73.03
-73.073
-73.007
-73.091
-73.035
-73.195
-73.346
-73.207
-73.369
-73.366
-73.325
-73.324
-73.278
-73.38
-73.382
-73.424
-73.525
-73.605
-73.694
-73.656
-73.606
-73.387
-72.899
-72.826
-72.802
-72.337
-72.349
-72.389
-72.361
-72.437
-72.688
-72.326
-71.956
-71.853
-71.81
-71.718
-71.761
-71.593
-71.562
-71.813
-71.709
-71.583
-71.511
-71.348
-71.472
-71.481
-71.593
-71.484
-71.467
-71.395
-71.422
-71.502
-71.308
-71.505
-71.489
-71.351
-71.403
-71.604
-72.097
-72.083
-71.955
-71.769
-71.982
-71.655
-71.643
-71.683
-71.715
-71.772
-71.612
-71.511
-71.582
-71.473
-71.652
-71.948
-72.121
-72.228
-72.204
-72.424
-72.498
-72.824
-72.741
-72.827
-73.024
-72.856
-72.883
-72.932
-72.92
-72.835
-72.842
-72.632
-73.264
-73.299
-73.213
-73.154
-73.23
-73.229
-73.027
-72.811
-72.827
-72.919
-72.897
-72.73
-72.504
-72.462
-72.467
-72.418
-72.545
-72.519
-72.598
-72.541
-72.448
-72.488
-72.759
-72.612
-72.605
-72.643
-72.465
-72.414
-71.999
-72.186
-72.218
-72.192
-71.998
-72.042
-72.161
-72.265
-72.393
-72.477
-72.351
-72.283
-72.31
-72.315
-72.419
-72.309
-72.258
-72.488
-72.213
-72.022
-71.853
-71.914
-71.675
-71.783
-71.406
-71.7
-71.617
-71.65
-71.701
-71.71
-71.734
-71.596
-71.918
-71.708
-71.562
-71.022
-70.985
-70.881
-70.917
-70.738
-70.61
-70.49
-70.618
-70.525
-70.604
-70.422
-70.491
-70.626
-70.551
-70.354
-70.239
-70.175
-70.186
-70.404
-70.448
-70.513
-70.669
-70.779
-70.753
-70.777
-70.862
-70.795
-71.02
-71.528
-71.449
-71.656
-71.796
-71.928
-71.784
-72.019
-71.812
-71.475
-71.329
-71.065
-70.72
-70.865
-70.823
-70.916
-70.913
-71.079
-70.861
-70.657
-70.61
-70.885
-70.757
-71
-70.662
-70.709
-70.689
-70.666
-70.516
-70.505
-70.507
-70.393
-70.405
-70.649
-70.575
-70.615
-70.508
-70.495
-70.266
-70.53
-70.429
-70.462
-70.436
-70.231
-70.057
-70.179
-70.203
-70.683
-70.655
-70.529
-70.799
-71.337
-71.773
-71.558
-71.623
-71.621
-71.415
-70.953
-70.795
-71.061
-70.84
-71.089
-71.032
-71.383
-71.28
-71.08
-70.803
-70.884
-70.75
-70.503
-70.689
-70.849
-70.732
-70.883
-70.81
-70.598
-70.82
-70.741
-70.627
-70.65
-70.289
-70.219
-70.076
-70.01
-70.061
-70.002
-70.028
-70.101
-69.873
-69.95
-69.903
-70.19
-70.07
-70.013
-70.187
-70.29
-70.361
-70.3
-70.413
-70.206
-69.995
-69.914
-69.85
-69.508
-69.298
-69.311
-69.032
-68.78
-68.59
-68.498
-68.363
-68.347
-68.684
-68.742
-68.61
-68.783
-68.672
-68.73
-68.834
-68.972
-69.072
-68.921
-68.73
-68.83
-68.924
-68.897
-68.867
-68.882
-68.914
-68.915
-68.502
-68.459
-68.639
-68.934
-68.673
-68.688
-68.727
-68.681
-68.623
-68.93
-69.112
-69.04
-68.817
-69.047
-68.95
-69.242
-69.098
-68.693
-68.55
-68.583
-68.737
-68.688
-68.874
-69.037
-68.76
-68.655
-68.482
-68.453
-68.373
-68.325
-68.308
-68.321
-68.561
-68.377
-68.348
-68.418
-68.543
-68.465
-68.441
-68.414
-68.264
-68.421
-68.511
-68.487
-68.494
-68.555
-68.565
-68.567
-68.642
-68.785
-68.951
-68.983
-69.124
-69.231
-69.342
-69.418
-69.331
-69.343
-69.362
-69.426
-69.484
-69.4
-69.452
-69.148
-69.227
-69.149
-69.334
-69.184
-69.327
-69.348
-69.487
-69.643
-69.525
-69.255
-69.307
-69.077
-69.437
-69.774
-69.965
-69.995
-69.755
-69.845
-69.946
-70.186
-70.04
-69.977
-69.958
-69.926
-70.06
-70.207
-70.117
-70.043
