-79.652
-79.491
-79.817
-79.691
-79.82
-79.687
-79.763
-79.883
-80.227
-80.374
-80.351
-80.092
-80.218
-80.129
-79.748
-79.984
-79.902
-79.822
-79.71
-79.835
-79.874
-79.522
-79.34
-79.44
-79.491
-79.379
-79.473
-79.744
-79.843
-79.935
-80.001
-80.076
-80.321
-80.341
-80.302
-80.17
-80.205
-80.195
-80.276
-80.395
-80.269
-80.263
-80.297
-80.237
-80.151
-79.988
-79.871
-79.995
-80.055
-80.002
-80.36
-80.325
-80.267
-80.288
-80.599
-80.352
-80.222
-80.278
-80.258
-80.439
-80.315
-80.235
-80.213
-80.2
-80.014
-80.121
-80.024
-79.864
-79.804
-79.894
-79.954
-79.984
-79.98
-79.893
-79.931
-79.838
-79.802
-79.673
-79.797
-79.589
-79.656
-79.743
-79.741
-79.668
-79.754
-79.892
-79.907
-80.179
-79.955
-79.884
-79.766
-79.588
-79.689
-79.904
-80.103
-80.039
-80.035
-79.89
-79.965
-79.988
-79.951
-79.905
-79.831
-79.673
-79.698
-79.553
-79.669
-79.742
-79.992
-79.783
-80.071
-80.105
-79.952
-80.172
-79.99
-79.75
-79.755
-79.811
-79.57
-79.673
-79.855
-79.851
-79.655
-79.273
-79.125
-78.918
-79.086
-79.138
-79.244
-79.574
-79.525
-79.638
-79.801
-80.005
-79.744
-79.734
-79.674
-79.454
-79.277
-79.205
-79.033
-79.006
-78.768
-78.943
-78.827
-78.91
-79.149
-79.255
-79.593
-79.704
-79.584
-79.681
-79.612
-79.77
-80.048
-80.195
-80.046
-80.073
-80.155
-80.11
-80.124
-80.382
-80.588
-80.394
-80.349
-80.433
-80.183
-80.153
-80.149
-79.908
-79.932
-80.115
-80.274
-79.899
-79.933
-80.323
-80.143
-79.901
-80.048
-79.895
-79.667
-79.722
-79.951
-79.86
-79.723
-79.793
-79.644
-79.574
-79.723
-80.034
-79.966
-79.887
-79.746
-79.93
-79.947
-79.667
-79.622
-79.934
-80.214
-80.309
-80.542
-80.37
-80.444
-80.272
-80.397
-80.353
-80.234
-79.936
-80.107
-80.305
-80.041
-79.941
-80.031
-80.014
-79.829
-79.572
-79.61
-79.415
-79.405
-79.488
-79.468
-79.439
-79.331
-79.493
-79.704
-79.668
-79.686
-79.691
-79.731
-79.63
-79.799
-79.918
-80.166
-80.183
-80.354
-80.329
-80.38
-80.058
-80.34
-80.091
-80.019
-79.898
-79.829
-79.585
-79.562
-79.628
-79.546
-79.612
-79.473
-79.456
-79.46
-79.049
-78.834
-78.972
-79.04
-79.298
-79.498
-79.609
-79.776
-79.757
-79.921
-80.144
-80.106
-79.965
-80.321
-80.534
-80.471
-80.611
-80.684
-80.862
-80.814
-80.86
-81.065
-80.783
-81.02
-80.906
-80.787
-81.041
-81.235
-81.31
-81.29
-81.411
-81.104
-80.931
-80.821
-80.441
-80.26
-80.427
-80.336
-80.382
-80.363
-80.331
-80.517
-80.638
-80.554
-80.829
-80.845
-80.938
-81.142
-81.105
-81.166
-81.32
-81.194
-81.124
-81.051
-81.189
-81.311
-81.247
-81.412
-81.361
-81.579
-81.392
-81.036
-80.893
-80.741
-81.109
-80.918
-80.725
-81.058
-81.022
-80.98
-81.009
-80.782
-80.581
-80.419
-80.606
-80.731
-80.892
-80.615
-80.443
-80.496
-80.472
-80.449
-80.27
-80.516
-80.695
-80.555
-80.395
-80.216
-80.47
-80.353
-80.1
-80.045
-79.924
-80.013
-80.127
-80.077
-80.035
-80.148
-80.025
-80.23
-80.216
-80.273
-80.185
-80.237
-80.319
-80.2
-80.366
-80.602
-80.268
-80.256
-79.949
-80.28
-80.46
-80.405
-80.421
-80.416
-80.362
-80.38
-80.311
-80.63
-80.679
-80.941
-81.027
-80.991
-80.665
-80.659
-80.732
-80.587
-80.299
-80.03
-79.649
-79.422
-79.183
-78.825
-78.587
-78.228
-78.184
-78.216
-77.717
-77.569
-77.366
-76.865
-76.824
-76.772
-76.874
-76.729
-76.452
-76.066
-75.826
-75.887
-75.823
-75.689
-75.748
-75.336
-75.629
-75.298
-75.091
-75.097
-75.132
-75.227
-75.069
-75.034
-75.106
-75.213
-75.076
-74.99
-74.97
-75.029
-74.766
-74.838
-74.832
-75.123
-75.209
-75.198
-74.989
-75.167
-75.084
-74.848
-74.658
-74.919
-74.762
-74.655
-74.662
-74.756
-74.552
-74.623
-74.484
-74.707
-74.743
-74.739
-74.858
-74.488
-74.611
-74.374
-74.574
-74.783
-74.543
-74.499
-74.502
-74.597
-74.725
-74.731
-74.771
-74.932
-74.997
-75.129
-75.213
-75.299
-74.922
-75.026
-75.186
-75.13
-75.261
-75.027
-75.031
-75.179
-74.795
-74.656
-74.798
-74.932
-74.994
-75.051
-75.055
-75.063
-75.058
-75.145
-74.844
-74.917
-75.071
-74.888
-75.012
-74.678
-74.516
-74.354
-74.351
-74.277
-73.912
-73.614
-73.432
-73.165
-72.903
-72.679
-72.463
-72.116
-71.983
-71.697
-71.606
-71.378
-71.299
-71.317
-71.172
-71.008
-70.356
-69.941
-69.527
-69.099
-68.587
-68.187
-67.896
-67.523
-67.25
-66.84
-66.724
-66.594
-66.243
-65.836
-65.611
-65.507
-65.402
-65.203
-64.979
-64.828
-64.929
-64.805
-64.732
-64.631
-64.734
-64.425
-64.539
-64.713
-64.643
-64.343
-64.326
-64.19
-64.275
-64.471
-64.429
-64.214
-63.935
-63.672
-63.523
-63.2
-63.065
-62.706
-62.361
-62.126
-61.715
-61.433
-61.197
-61.078
-60.866
-60.456
-60.408
-60.169
-60.027
-59.971
-59.608
-59.337
-58.939
-58.663
-58.774
-58.572
-58.31
-58.264
-57.942
-57.607
-57.711
-59.932
-64.061
-68.166
-71.764
-74.325
-76.248
-77.567
-78.256
-78.884
-79.415
-79.505
-79.555
-79.783
-79.968
-79.743
-79.657
-79.765
-79.823
-80.075
-80.08
-80.035
-79.916
-80.061
-80.099
-79.979
-80.134
-80.085
-79.76
-79.728
-79.703
-79.648
-79.646
-79.629
-79.543
-79.485
-79.694
-79.796
-79.881
-80.134
-80.115
-80.17
-79.956
-79.827
-79.595
-79.714
-79.802
-79.632
-79.581
-79.702
-79.696
-79.977
-80.081
-80.173
-80.066
-80.063
-79.963
-80.145
-80.207
-80.155
-80.117
-80.137
-80.214
-79.995
-79.876
-80.017
-79.791
-79.864
-80.123
-80.046
-80.115
-80.136
-80.175
-80.163
-80.312
-80.36
-80.196
-80.174
-79.969
-79.961
-80.077
-79.961
-80.103
-79.927
-79.753
-79.754
-79.936
-80.114
-80.344
-80.387
-80.297
-80.477
-80.267
-80.048
-79.938
-79.9
-79.837
-79.756
-80.154
-80.26
-80.218
-80.321
-80.47
-80.454
-80.245
-80.163
-80.225
-80.411
-80.245
-80.231
-80.12
-80.122
-80
-79.99
-79.717
-79.257
-79.29
-79.415
-79.433
-79.622
-79.834
-80.053
-80.022
-80.193
-80.052
-79.983
-79.94
-80.132
-80.24
-79.953
-80.022
-79.832
-79.67
-79.76
-80.01
-79.945
-79.994
-80.154
-80.26
-80.363
-80.457
-80.392
-80.189
-80.191
-80.171
-80.219
-80.239
-80.145
-80.041
-79.895
-79.888
-79.86
-80.037
-79.84
-79.693
-79.78
-79.72
-79.629
-79.535
-79.726
-79.72
-79.997
-80.029
-80.154
-80.111
-80.314
-80.141
-80.425
-80.516
-80.257
-80.145
-79.968
-79.852
-79.811
-79.759
-79.775
-79.85
-80.017
-79.77
-79.947
-79.792
-79.739
-79.646
-79.689
-79.762
-79.874
-80.02
-79.946
-80.306
-80.143
-80.304
-80.525
-80.656
-80.185
-79.981
-79.973
-79.871
-79.671
-79.617
-79.493
-79.349
-79.338
-79.439
-79.355
-79.458
-79.414
-79.642
-79.416
-79.449
-79.297
-79.242
-79.2
-79.341
-79.359
-79.196
-78.984
-79.037
-78.98
-78.818
-78.812
-78.923
-78.937
-79.08
-79.079
-79.25
-79.266
-79.398
-79.377
-79.316
-79.082
-79.236
-79.048
-79.064
-79.114
-78.867
-78.734
-78.759
-78.767
-78.886
-78.92
-79.173
-79.149
-79.109
-79.147
-79.339
-79.045
-79.16
-79.257
-79.065
-78.954
-79.005
-79.349
-79.56
-79.567
-79.834
-80.017
-80.032
-79.919
-80.077
-80.05
-79.773
-79.803
-79.856
-79.937
-79.502
-79.5
-79.83
-79.664
-79.53
-79.717
-79.737
-79.599
-79.34
-79.543
-79.338
-78.84
-78.808
-78.865
-78.963
-78.839
-78.953
-78.867
-78.853
-78.891
-79.149
-79.394
-79.335
-79.113
-79.078
-78.975
-78.968
-78.875
-78.796
-79.098
-79.301
-79.369
-79.399
-79.303
-79.411
-79.087
-79.02
-79.19
-79.437
-79.323
-79.205
-79.249
-78.985
-79.113
-79.012
-78.916
-78.932
-78.72
-78.619
-78.767
-78.897
-78.943
-78.737
-78.846
-78.978
-79.01
-78.884
-78.801
-78.728
-78.9
-78.56
-78.289
-78.205
-78.457
-78.585
-78.507
-78.619
-78.466
-78.497
-78.404
-78.27
-78.331
-78.34
-78.152
-78.083
-78.29
-78.156
-78.214
-78.485
-78.289
-78.525
-78.318
-78.398
-78.287
-78.157
-78.364
-78.376
-78.609
-78.909
-78.958
-78.849
-79.082
-79.174
-78.998
-78.91
-78.852
-79.13
-79.391
-79.452
-79.442
-79.461
-79.642
-79.663
-79.428
-79.345
-79.376
-79.451
-79.313
-79.641
-79.826
-79.665
-79.693
-79.683
-79.785
-79.506
-79.76
-79.677
-79.82
-79.902
-80.209
-80.315
-80.396
-80.335
-80.177
-80.266
-80.341
-80.118
-79.964
-80.138
-80.238
-80.277
-80.203
-80.337
-80.085
-80.173
-80.054
-79.818
-80.176
-80.205
-80.191
-80.152
-80.125
-80.017
-79.894
-79.868
-79.698
-79.886
-79.901
-79.914
-80.031
-80.095
-79.979
-79.77
-79.808
-79.932
-80.022
-79.885
-79.958
-80.223
-79.855
-79.694
-79.562
-79.457
-79.554
-79.79
-79.561
-79.659
-79.497
-79.45
-79.618
