-83.915
-84.006
-83.921
-83.898
-83.902
-83.667
-83.466
-83.445
-83.47
-83.379
-83.388
-83.166
-83.08
-83.144
-83.102
-83.285
-83.295
-83.499
-83.791
-84.003
-84.055
-84.366
-84.222
-84.2
-84.302
-84.279
-84.404
-84.219
-84.069
-83.922
-83.662
-83.784
-83.548
-83.485
-83.521
-83.262
-83.224
-83.213
-83.254
-83.115
-83.127
-82.727
-82.522
-82.289
-82.276
-82.261
-82.255
-82.269
-82.307
-82.229
-82.314
-82.276
-82.299
-82.841
-82.674
-82.649
-82.541
-82.574
-82.434
-82.538
-82.419
-82.518
-82.693
-82.754
-82.373
-82.336
-82.275
-82.611
-82.241
-82.356
-82.474
-82.328
-82.475
-82.803
-82.685
-82.628
-82.438
-82.436
-82.576
-82.482
-82.511
-82.566
-82.926
-83.013
-82.992
-82.674
-82.61
-82.538
-82.354
-82.229
-82.187
-82.406
-82.65
-82.729
-82.858
-83.019
-82.994
-83.052
-82.938
-82.868
-83.024
-83
-82.963
-83.06
-83.182
-83.134
-82.963
-83.328
-83.085
-83.145
-82.819
-82.714
-82.594
-82.6
-82.873
-82.925
-82.836
-82.619
-82.768
-82.312
-82.36
-82.398
-82.261
-82.404
-82.158
-82.149
-81.751
-81.813
-81.67
-81.618
-81.502
-81.51
-81.734
-81.685
-81.96
-81.769
-81.959
-82.128
-82.28
-82.272
-82.657
-82.512
-82.631
-82.785
-82.878
-82.873
-82.846
-83.114
-83.119
-82.765
-83.109
-82.975
-82.962
-82.62
-82.708
-82.798
-82.811
-82.643
-82.47
-82.433
-82.487
-82.45
-82.515
-82.495
-82.533
-82.703
-82.703
-82.769
-83.006
-82.975
-82.965
-82.779
-82.697
-82.787
-82.992
-83.053
-83.088
-82.962
-82.88
-82.68
-82.612
-82.367
-82.297
-82.041
-81.93
-81.926
-82.005
-81.672
-81.863
-82.143
-81.984
-81.977
-82.109
-82.535
-82.605
-82.459
-82.449
-82.697
-82.638
-82.672
-82.867
-82.785
-82.817
-82.82
-82.83
-82.732
-82.408
-82.1
-81.979
-81.954
-81.802
-81.441
-80.995
-80.805
-80.469
-79.728
-79.808
-79.601
-79.613
-79.532
-79.111
-78.966
-78.71
-78.922
-78.638
-78.264
-78.231
-78.355
-78.104
-78.27
-78.422
-78.246
-77.984
-77.844
-77.617
-77.599
-77.413
-77.225
-77.026
-76.924
-76.841
-76.83
-76.683
-76.651
-76.802
-77.044
-76.935
-77.133
-77.13
-77.387
-77.196
-77.528
-77.509
-77.336
-77.19
-77.22
-77.02
-77.125
-76.853
-76.718
-76.672
-76.457
-76.256
-75.953
-75.77
-75.724
-75.574
-75.475
-75.248
-75.115
-75.078
-75.516
-75.568
-75.632
-75.711
-75.658
-75.824
-75.807
-75.545
-75.19
-75.275
-75.445
-75.421
-75.395
-75.365
-75.591
-75.582
-75.452
-75.052
-74.772
-74.436
-73.794
-73.494
-73.36
-73.355
-72.835
-72.621
-72.621
-72.358
-71.909
-71.643
-71.592
-71.403
-71.286
-71.333
-71.269
-71.023
-71.067
-70.777
-70.705
-70.534
-70.738
-70.725
-70.896
-70.903
-70.644
-70.515
-70.226
-70.27
-70.386
-70.457
-70.32
-70.168
-70.184
-70.382
-70.193
-70.167
-70.014
-70.001
-69.952
-69.761
-69.949
-70.185
-70.182
-70.228
-70.102
-69.896
-69.7
-69.697
-69.727
-69.435
-69.438
-69.414
-69.086
-69.291
-69.095
-69.219
-69.104
-69.074
-68.904
-68.973
-68.978
-68.998
-69.068
-68.932
-69.138
-69.508
-69.384
-69.318
-69.214
-69.26
-69.123
-68.988
-69.002
-69.108
-69.186
-69.021
-69.161
-69.24
-69.308
-69.181
-68.931
-68.684
-69.13
-69.282
-69.293
-69.445
-69.776
-70.017
-70.115
-70.01
-70.103
-70.545
-70.402
-70.319
-70.314
-70.347
-70.168
-70.006
-69.493
-69.221
-68.861
-68.503
-68.269
-68.06
-67.94
-67.789
-67.655
-67.788
-67.45
-67.363
-66.986
-67.009
-66.859
-66.422
-66.325
-66.405
-66.527
-66.502
-66.425
-66.43
-66.339
-66.095
-65.864
-65.537
-65.222
-64.989
-64.846
-64.756
-64.402
-64.25
-63.854
-63.631
-63.575
-63.443
-63.075
-62.92
-62.866
-62.53
-62.053
-61.773
-61.578
-61.24
-60.892
-60.579
-60.133
-60.012
-59.641
-59.178
-58.797
-58.349
-58.061
-57.857
-57.824
-57.682
-57.536
-57.355
-56.742
-57.004
-56.5
-55.706
-55.035
-54.264
-53.373
-52.275
-50.573
-48.241
-45
-45
-45
-45
-45
-45
-45
-45
-45
-45
-45
-45
-45
-45
-48.598
-55.502
-61.337
-65.23
-67.635
-69.513
-70.551
-71.662
-72.164
-72.584
-72.872
-73.116
-73.354
-72.908
-72.954
-72.74
-72.49
-72.275
-72.033
-71.886
-71.792
-71.882
-71.548
-71.366
-71.201
-70.959
-70.526
-70.146
-69.939
-69.966
-70.031
-69.94
-70.035
-70.015
-70.009
-70.08
-69.829
-69.683
-69.745
-69.769
-69.51
-69.259
-69.213
-69.346
-69.663
-69.518
-70.01
-69.861
-69.973
-70.144
-70.345
-70.603
-70.459
-70.269
-70.162
-70.032
-69.731
-69.41
-69.299
-69.31
-69.167
-68.865
-68.777
-68.488
-68.377
-68.48
-68.725
-68.916
-68.951
-69.024
-68.984
-68.976
-68.935
-68.775
-68.917
-68.829
-68.735
-68.845
-69.076
-69.007
-69.065
-68.928
-68.921
-68.99
-69.024
-69.224
-69.538
-69.7
-69.794
-69.95
-70.073
-70.04
-69.83
-69.695
-69.973
-70.041
-69.897
-69.882
-69.684
-69.913
-70.869
-72.824
-74.572
-76.195
-77.1
-77.948
-78.596
-78.72
-79.005
-79.335
-79.421
-79.558
-79.585
-79.712
-79.734
-79.85
-79.708
-79.746
-79.725
-79.723
-79.73
-79.713
-79.73
-79.883
-79.983
-79.871
-79.832
-79.729
-79.649
-79.741
-79.797
-79.781
-79.858
-80.1
-80.234
-80.079
-80.137
-80.247
-80.477
-79.954
-79.885
-79.788
-79.769
-79.854
-80.001
-79.737
-79.555
-79.699
-79.631
-79.501
-79.184
-79.189
-79.106
-79.177
-78.919
-79.067
-79.061
-78.946
-78.728
-78.567
-78.367
-78.324
-78.353
-78.262
-78.462
-78.314
-78.065
-78.142
-78.145
-78.429
-78.448
-78.618
-78.74
-78.755
-78.964
-79.183
-79.307
-79.084
-79.007
-78.834
-78.797
-78.801
-79.227
-79.171
-79.323
-78.986
-79.033
-79.144
-79.231
-79.182
-79.218
-79.326
-79.419
-79.234
-79.041
-79.033
-78.635
-78.424
-78.174
-78.287
-78.307
-78.352
-78.501
-78.668
-78.594
-78.514
-78.454
-78.474
-78.46
-78.461
-78.522
-78.676
-78.741
-78.85
-79.046
-79.175
-79.031
-79.008
-79.335
-79.666
-79.893
-79.958
-79.589
-79.533
-79.631
-79.597
-79.727
-80.093
-80.038
-80.2
-79.946
-79.928
-80.015
-79.924
-80.044
-80.042
-80.104
-79.993
-80.211
-80.177
-80.338
-79.936
-79.701
-79.759
-79.941
-80.05
-79.945
-79.944
-79.974
-79.922
-80.026
-80.188
-80.331
-80.052
-79.887
-79.995
-79.981
-80.024
-79.886
-79.853
-80.249
-79.948
-79.918
-79.878
-80.043
-79.68
-79.608
-79.696
-79.29
-79.044
-79.127
-78.935
-78.919
-79.139
-79.09
-79.07
-79.141
-79.164
-79.274
-78.924
-78.866
-79.217
-79.242
-79.545
-79.64
-79.565
-79.687
-79.792
-79.987
-79.812
-79.693
-79.637
-79.415
-79.562
-79.551
-79.878
-79.829
-79.833
-79.905
-79.858
-79.797
-79.667
-79.609
-79.582
-79.827
-79.927
-79.996
-79.733
-79.701
-79.518
-79.617
-79.676
-79.518
-79.706
-79.727
-79.746
-79.809
-79.9
-80.083
-79.978
-79.818
-79.809
-79.691
-79.824
-79.844
-79.943
-79.98
-80.105
-79.986
-80.329
-80.431
-80.388
-80.421
-80.76
-80.712
-80.411
-80.465
-80.331
-80.182
-80.147
-80.12
-80.054
-80.095
-80.312
-79.998
-80.199
-80.142
-80.064
-80.033
-79.951
-80.105
-80.188
-80.02
-79.916
-79.905
-79.822
-80.086
-79.826
-79.659
-79.907
-79.677
-79.922
-79.77
-79.732
-79.847
-80.156
-80.142
-80.124
-80.07
-79.864
-79.987
-79.977
-79.865
-79.81
-79.885
-80.04
-80.189
-79.984
-79.822
-79.819
-79.931
-80.166
-80.08
-79.779
-80.061
-80.129
-79.885
-79.854
-79.664
-79.777
-79.506
-79.479
-79.622
-79.599
-79.48
-79.312
-79.33
-79.364
-79.241
-79.505
-79.507
-79.621
-79.497
-79.746
-79.65
-79.538
-79.592
-79.477
-79.728
-79.879
-79.586
-79.862
-79.907
-79.928
-79.926
-79.88
-80.179
-80.245
-80.25
-80.189
-80.29
-80.329
-80.445
-80.438
-80.551
-80.66
-80.764
-80.709
-81.004
-81.023
-80.919
-80.873
-80.854
-80.519
-80.508
-80.298
-80.383
-80.186
-80.098
-80.105
-80.243
-80.261
-79.967
-80.031
-80.142
-80.012
-79.746
-79.713
-79.904
-79.943
-79.819
-79.825
-79.673
-79.644
-79.811
-79.579
-79.829
-79.72
-79.764
-79.791
-79.467
-79.678
-79.683
-79.61
-79.506
-79.452
-79.463
-79.278
-79.02
-79.205
-79.578
-79.59
-79.501
-79.891
-79.787
-79.902
-79.985
-80.07
-80.049
-79.997
-80.061
-80.327
-80.529
-80.63
-80.711
-80.819
-80.976
-80.956
-81.226
-81.382
-81.419
-81.177
-81.269
-80.955
-81.03
-80.874
-80.995
-80.981
-81.078
-80.805
-80.666
-80.823
-80.642
-80.649
-80.706
-80.712
-80.766
-80.718
-80.663
-80.788
-80.702
-80.642
-80.512
-80.841
-81.028
-80.825
-80.469
-80.396
-80.261
-80.312
-80.672
-81.001
-81.23
-81.245
-81.083
-81.01
-81.044
-81.039
-81.323
-81.14
