-74.085
-73.931
-73.975
-74.101
-73.919
-73.684
-73.947
-73.942
-73.97
-74.009
-73.817
-74.051
-74.217
-74.055
-73.804
-73.729
-74.036
-74.069
-74.064
-74.048
-73.884
-73.802
-73.761
-73.709
-73.395
-73.273
-73.26
-73.044
-73.173
-73.382
-73.491
-73.626
-74.052
-73.907
-74.034
-74.108
-73.96
-74.063
-73.77
-73.408
-73.436
-73.387
-73.316
-73.54
-73.559
-73.6
-73.613
-73.712
-74.037
-74.297
-73.911
-73.845
-74.13
-73.999
-73.991
-73.81
-73.77
-73.746
-73.707
-73.734
-73.485
-73.413
-73.872
-73.97
-73.932
-74.135
-74.087
-73.78
-73.799
-73.763
-73.403
-73.248
-73.337
-73.354
-73.61
-73.802
-73.778
-73.911
-73.816
-73.835
-73.688
-73.674
-73.792
-73.705
-73.516
-73.359
-73.612
-73.765
-73.886
-73.808
-73.904
-73.881
-73.848
-73.836
-73.795
-73.972
-74.2
-74.321
-74.502
-74.557
-74.619
-74.562
-74.389
-74.542
-74.245
-74.055
-74.138
-74.23
-74.21
-74.194
-74.202
-74.418
-74.465
-74.569
-74.711
-74.869
-74.987
-74.997
-75.133
-75.204
-75.264
-75.187
-75.19
-74.914
-74.91
-74.917
-74.967
-75.121
-75.049
-74.878
-74.965
-75.067
-74.911
-74.996
-75.157
-75.209
-75.424
-75.52
-75.559
-75.688
-75.652
-75.475
-75.571
-75.66
-75.962
-75.899
-75.773
-75.627
-75.998
-76.134
-75.986
-75.854
-76.044
-76.059
-75.828
-75.638
-75.739
-75.778
-75.453
-75.608
-75.626
-75.324
-75.517
-75.706
-75.73
-75.873
-76.262
-76.046
-75.947
-76.247
-76.321
-76.379
-76.468
-76.561
-76.676
-76.541
-76.785
-77.143
-77.261
-77.278
-77.408
-77.599
-77.654
-77.664
-77.483
-77.374
-77.51
-77.557
-77.339
-77.241
-77.399
-77.517
-77.689
-77.468
-77.351
-77.417
-77.628
-77.566
-77.24
-77.105
-77.255
-77.202
-77.444
-77.32
-77.47
-77.415
-77.319
-77.656
-77.597
-77.614
-77.523
-77.3
-77.36
-77.546
-77.347
-77.316
-77.116
-76.916
-77.108
-76.983
-76.945
-76.833
-76.923
-77.091
-76.992
-76.809
-76.862
-76.531
-76.695
-76.536
-76.752
-76.45
-76.507
-76.4
-76.102
-76.099
-75.951
-75.531
-75.399
-75.345
-75.274
-75.067
-75.227
-74.981
-74.87
-74.512
-74.495
-74.229
-74.012
-73.78
-73.8
-73.629
-73.074
-72.892
-73.127
-72.929
-72.928
-72.768
-72.576
-72.754
-72.503
-72.433
-72.23
-72.173
-72.182
-71.748
-71.792
-71.991
-71.853
-72.124
-71.945
-72.2
-72.203
-72.118
-71.916
-72.08
-72.124
-72.158
-72.084
-72.245
-72.091
-71.861
-72.059
-72.228
-72.49
-72.431
-72.07
-71.862
-71.71
-72.07
-71.69
-71.595
-71.672
-71.353
-71.215
-71.293
-71.283
-71.443
-71.37
-71.682
-71.58
-71.6
-71.291
-71.13
-71.468
-71.36
-71.142
-71.48
-71.603
-71.634
-71.689
-71.703
-71.603
-71.498
-71.09
-71.196
-71.386
-71.35
-71.238
-71.389
-71.204
-71.171
-71.345
-71.495
-71.39
-71.255
-71.297
-71.048
-70.878
-70.898
-70.787
-71.004
-70.985
-70.987
-70.988
-70.812
-70.748
-70.807
-71.199
-71.199
-71.1
-71.308
-71.372
-70.99
-70.861
-70.781
-71.049
-70.952
-71.141
-71.111
-71.148
-70.969
-70.924
-70.961
-71.016
-70.975
-70.904
-70.919
-70.943
-70.949
-70.837
-71.028
-70.582
-70.792
-70.808
-70.845
-70.594
-70.688
-70.665
-70.741
-70.745
-70.484
-70.505
-70.358
-70.304
-70.435
-70.351
-70.463
-70.234
-69.945
-69.748
-69.765
-69.703
-69.908
-69.614
-69.522
-69.692
-69.562
-69.343
-69.347
-69.575
-69.537
-69.451
-69.392
-69.26
-69.087
-69.246
-69.349
-69.158
-69.334
-69.496
-69.627
-69.756
-70.105
-69.893
-70.102
-70.27
-69.778
-69.911
-69.778
-69.598
-69.178
-69.193
-69.033
-69.054
-69.251
-69.121
-69.156
-69.004
-68.893
-68.753
-68.93
-68.899
-68.806
-68.613
-68.775
-68.958
-69.275
-68.822
-68.935
-68.589
-68.225
-68.309
-68.361
-68.234
-68.302
-68.269
-68.535
-68.463
-68.285
-67.989
-68.016
-68.101
-68.175
-68.249
-68.505
-68.442
-68.523
-68.359
-67.777
-67.883
-67.766
-67.869
-67.861
-68.181
-68.014
-68.083
-68.007
-67.836
-67.682
-67.686
-67.849
-67.91
-68.141
-68.245
-68.204
-67.93
-67.88
-68.058
-68.224
-68.353
-68.204
-68.27
-68.361
-68.494
-68.655
-68.535
-68.296
-68.265
-68.153
-68.196
-68.12
-68.177
-68.287
-68.228
-68.162
-68.036
-68.195
-68.259
-68.643
-68.806
-68.592
-68.485
-68.796
-68.943
-68.912
-69.088
-68.855
-68.8
-68.746
-68.594
-68.535
-68.442
-68.562
-68.792
-68.778
-68.686
-68.833
-68.949
-69.013
-69.033
-69.373
-69.352
-69.341
-69.534
-69.39
-69.528
-69.426
-69.552
-69.434
-69.022
-69.335
-69.303
-69.182
-69.306
-69.58
-69.486
-69.569
-69.675
-69.967
-69.986
-70.046
-69.834
-69.605
-69.469
-69.088
-68.925
-68.848
-68.699
-68.272
-68.075
-67.524
-67.575
-67.488
-67.272
-67.039
-66.895
-66.974
-66.885
-66.631
-66.42
-66.271
-66.096
-65.967
-65.751
-65.62
-65.298
-64.884
-64.655
-64.127
-63.844
-63.607
-63.164
-62.765
-62.345
-61.896
-61.454
-61.205
-61.06
-60.963
-60.726
-60.301
-60.051
-59.873
-59.891
-59.666
-59.2
-58.937
-58.962
-58.53
-58.461
-58.444
-58.647
-58.56
-58.204
-58.125
-58.081
-57.768
-57.699
-57.527
-57.336
-57.219
-57.009
-56.776
-56.533
-56.338
-56.078
-55.965
-55.609
-55.435
-55.337
-55.058
-54.558
-53.95
-53.09
-52.16
-50.894
-48.8
-45
-45
-45
-45
-45
-45
-45
-45
-45
-45
-45
-45
-45
-45
-47.321
-54.403
-60.004
-64.076
-67.275
-69.239
-70.419
-71.57
-71.982
-72.361
-72.618
-72.796
-72.953
-72.769
-73.004
-72.781
-72.77
-72.672
-72.445
-72.669
-72.644
-72.779
-73.012
-72.689
-72.719
-72.733
-72.828
-72.798
-72.927
-73.198
-73.415
-73.751
-73.793
-73.702
-73.55
-73.482
-73.743
-73.747
-73.883
-74.014
-73.863
-74.133
-74.126
-74.15
-74.08
-74.155
-74.37
-74.767
-74.998
-75.248
-75.332
-75.294
-75.306
-75.365
-75.596
-75.616
-75.429
-75.455
-75.397
-75.181
-75.396
-75.513
-75.605
-75.352
-75.356
-75.246
-75.278
-75.401
-75.253
-75.271
-75.463
-75.467
-75.36
-75.663
-75.801
-75.705
-75.713
-75.649
-75.395
-75.701
-75.602
-75.51
-75.633
-75.492
-75.706
-75.784
-75.432
-75.693
-75.871
-75.969
-76.06
-76.001
-75.983
-76.177
-75.964
-75.856
-75.997
-76.256
-76.113
-76.544
-76.551
-76.488
-76.347
-76.395
-76.219
-76.271
-76.161
-75.934
-76.117
-75.994
-76.074
-75.99
-75.977
-76.259
-75.927
-75.832
-75.629
-75.543
-75.404
-75.221
-75.592
-75.637
-75.739
-75.794
-75.844
-75.911
-75.99
-76.121
-76.313
-76.239
-76.238
-76.307
-76.562
-76.417
-76.309
-76.477
-76.303
-76.427
-76.316
-76.296
-76.195
-76.284
-76.337
-76.531
-76.708
-76.729
-76.735
-76.953
-76.954
-77.013
-77.046
-76.988
-76.949
-76.84
-76.763
-76.981
-76.987
-77.097
-77.179
-77.2
-77.272
-77.222
-77.173
-77.193
-76.863
-76.827
-76.908
-76.998
-77.069
-77.271
-77.252
-77.279
-77.175
-77.146
-77.008
-77.148
-77.001
-77.001
-76.822
-76.922
-76.97
-77.025
-76.977
-77.123
-77.13
-77.097
-77.233
-77.353
-77.248
-77.394
-77.253
-77.183
-77.021
-77.109
-77.071
-77.24
-77.052
-76.897
-76.701
-76.917
-76.996
-76.831
-76.839
-76.576
-76.662
-76.701
-76.869
-76.932
-76.991
-76.9
-76.89
-77.057
-76.705
-76.799
-77.022
-77.006
-77.024
-77.061
-76.921
-76.803
-76.721
-77.088
-76.757
-77.041
-77.135
-77.276
-77.249
-77.346
-77.364
-77.219
-77.489
-77.38
-77.368
-77.418
-77.513
-77.551
-77.805
-78.328
-78.307
-78.312
-78.323
-78.349
-78.5
-78.686
-78.951
-79.047
-79.386
-79.452
-79.855
-79.853
-79.738
-79.692
-79.66
-79.408
-79.422
-79.75
-79.806
-79.772
-79.794
-79.609
-79.723
-79.688
-79.439
-79.329
-78.954
-78.918
-79.253
-79.165
-79.483
-79.449
-79.464
-79.924
-79.886
-80.127
-80.312
-80.627
-80.523
-80.429
-80.533
-80.713
-80.912
-80.869
-80.826
-80.826
-80.717
-80.846
-80.979
-80.884
-80.832
-80.943
-80.881
-80.804
-80.945
-80.975
-80.921
-80.996
-81.049
-81.242
-81.305
-81.504
-81.467
-81.596
-81.558
-81.469
-81.318
-81.334
-81.296
-81.312
-81.288
-81.267
-81.169
-81.166
-81.07
-81.175
-81.086
-81.087
-81.412
-81.157
-81.326
-81.31
-81.112
-81.298
-81.478
-81.521
-81.563
-81.692
-81.74
-81.817
-81.816
-81.642
-81.662
-81.75
-81.774
-81.665
-81.499
-81.386
-81.672
-81.877
-81.957
-81.939
-81.843
-81.778
-81.829
-81.585
-81.635
-81.531
-81.82
-81.82
-81.744
-81.98
-82.113
-82.146
-81.991
-82.077
-81.918
-82.128
-82.153
-82.283
-82.165
-82.521
-82.374
-82.267
-82.269
-82.231
-82.108
-81.957
-81.921
-81.916
-81.84
-81.844
-81.693
-81.549
-81.728
-81.807
-81.634
-81.58
-81.319
-81.415
-81.477
