-82.203
-82.293
-82.288
-82.385
-82.569
-82.669
-82.79
-82.598
-82.646
-82.502
-82.49
-82.547
-82.472
-82.396
-81.89
-82.256
-82.284
-82.29
-82.236
-82.321
-82.291
-82.209
-82.241
-82.51
-82.37
-82.574
-82.599
-82.534
-82.525
-82.601
-82.607
-82.587
-82.456
-82.431
-82.511
-82.677
-82.481
-82.541
-82.685
-82.778
-82.706
-82.425
-82.53
-82.414
-82.589
-82.679
-82.547
-82.74
-82.581
-82.342
-82.582
-82.711
-82.661
-82.405
-82.193
-82.373
-82.512
-82.607
-82.689
-82.81
-83.125
-83.085
-83.027
-83.031
-82.896
-83.004
-83.08
-82.894
-82.507
-82.53
-82.606
-82.601
-82.726
-82.57
-82.718
-82.666
-82.853
-82.868
-83.071
-83.186
-83.266
-83.498
-83.457
-83.239
-83.33
-83.163
-83.097
-83.04
-82.848
-82.74
-82.556
-82.335
-82.006
-82.243
-82.189
-82.147
-82.182
-82.115
-82.119
-82.348
-82.385
-82.208
-82.071
-82.092
-82.164
-82.199
-82.255
-82.319
-82.433
-82.579
-82.335
-82.24
-82.151
-82.097
-82.382
-82.296
-82.355
-82.379
-82.39
-82.326
-82.062
-82.173
-82.28
-82.695
-82.676
-82.832
-82.508
-82.265
-82.365
-82.121
-82.564
-82.607
-82.38
-82.393
-82.625
-82.93
-83.061
-83.151
-83.341
-83.538
-83.362
-83.565
-83.63
-83.465
-83.561
-83.589
-83.759
-83.837
-83.596
-83.809
-83.557
-83.417
-83.619
-83.662
-83.679
-83.64
-83.538
-83.619
-83.687
-84.018
-84.133
-84.029
-84.199
-84.385
-84.478
-84.437
-84.576
-84.834
-84.929
-85.091
-84.949
-84.921
-84.852
-84.728
-84.535
-84.522
-84.556
-84.665
-84.605
-84.883
-84.866
-84.866
-84.7
-85.04
-85.004
-85.074
-85.213
-85.404
-85.325
-85.218
-85.454
-85.622
-85.661
-85.869
-85.89
-86.044
-85.943
-85.936
-85.921
-85.726
-85.707
-85.324
-85.611
-85.457
-85.522
-85.326
-85.277
-85.161
-85.211
-85.295
-85.324
-85.446
-85.491
-85.452
-85.657
-85.52
-85.7
-85.706
-85.757
-85.61
-85.365
-85.385
-85.363
-85.374
-85.428
-85.384
-85.458
-85.46
-85.698
-85.771
-85.759
-85.982
-85.832
-85.884
-85.933
-85.891
-86.002
-85.862
-85.715
-85.917
-85.757
-85.644
-85.641
-85.553
-85.691
-85.551
-85.73
-85.414
-85.313
-85.145
-85.281
-85.264
-85.112
-85.201
-85.22
-84.966
-84.738
-84.739
-85.064
-85.143
-84.933
-84.708
-84.912
-84.821
-84.787
-84.976
-85.382
-85.246
-85.401
-85.16
-85.274
-85.418
-85.043
-84.995
-84.97
-84.892
-84.757
-85.006
-85.024
-85.091
-85.022
-84.925
-84.853
-84.741
-84.809
-85.312
-85.362
-85.281
-85.11
-85.396
-85.649
-85.535
-85.606
-85.554
-85.707
-85.3
-85.632
-85.735
-85.596
-85.637
-85.814
-85.681
-85.801
-85.782
-85.588
-85.426
-85.609
-85.537
-85.517
-85.618
-85.554
-85.507
-85.829
-85.522
-85.494
-85.477
-85.613
-85.739
-85.933
-85.852
-85.573
-85.704
-85.587
-85.384
-85.406
-85.518
-85.445
-85.349
-85.362
-85.184
-85.365
-85.334
-85.242
-85.448
-85.432
-85.408
-85.246
-85.019
-84.987
-85.032
-84.821
-84.668
-84.808
-84.761
-84.843
-84.842
-84.794
-84.968
-85.145
-85.077
-85.175
-85.19
-85.033
-84.816
-85.13
-85.101
-85.33
-85.34
-85.406
-85.438
-85.401
-85.373
-85.463
-85.551
-85.506
-85.357
-85.309
-85.39
-85.538
-85.283
-85.287
-85.24
-85.3
-85.242
-85.462
-85.108
-85.041
-85.142
-85.169
-85.011
-84.895
-84.963
-84.844
-84.917
-84.861
-84.826
-84.94
-84.942
-84.795
-84.57
-84.345
-84.302
-84.449
-84.509
-84.59
-84.583
-84.517
-84.527
-84.713
-84.873
-84.976
-85.065
-85.175
-85.007
-85.082
-85.071
-85.247
-85.413
-85.565
-85.653
-85.455
-85.387
-85.478
-85.178
-85.238
-85.157
-85.123
-85.108
-85.003
-84.808
-84.816
-84.767
-85.077
-85.154
-84.99
-84.613
-84.243
-84.096
-84.176
-84.176
-84.141
-84.103
-84.102
-84.336
-84.265
-84.44
-84.454
-84.369
-84.503
-84.515
-84.535
-84.535
-84.542
-84.37
-84.37
-84.559
-84.892
-84.814
-85.168
-85.097
-85.075
-85.128
-85.346
-85.292
-85.552
-85.779
-86.128
-86.334
-86.471
-86.32
-86.4
-86.265
-86.343
-86.474
-86.104
-85.877
-85.804
-85.815
-85.537
-85.623
-85.537
-85.32
-85.324
-85.088
-85.264
-85.305
-85.214
-85.022
-85.163
-84.765
-84.57
-84.353
-84.005
-83.802
-83.12
-82.404
-82.044
-81.674
-81.494
-81.215
-80.922
-80.528
-80.215
-79.732
-79.474
-78.967
-78.352
-78.351
-78.216
-77.882
-77.575
-77.414
-77.175
-77.025
-76.853
-76.71
-76.438
-76.318
-76.068
-76.272
-76.326
-76.316
-76.086
-76.124
-75.908
-75.46
-75.19
-75.383
-75.119
-75.412
-75.09
-75.252
-75.516
-75.647
-75.559
-75.464
-75.015
-74.867
-74.755
-74.743
-75.015
-74.977
-74.864
-74.839
-74.96
-75.216
-75.469
-75.241
-75.302
-75.4
-75.47
-75.349
-75.462
-75.343
-75.458
-75.303
-75.247
-75.308
-75.123
-75.02
-74.732
-74.577
-74.502
-74.145
-73.773
-73.59
-73.254
-72.971
-72.761
-72.426
-72.039
-71.576
-71.386
-71.226
-70.724
-70.616
-70.447
-70.107
-69.583
-69.496
-69.096
-70.454
-72.281
-74.052
-75.734
-77.043
-78.054
-78.658
-79.245
-79.209
-79.699
-79.64
-79.832
-79.785
-79.613
-79.477
-79.538
-79.61
-79.695
-79.977
-79.867
-79.886
-79.723
-79.667
-79.694
-79.359
-79.484
-79.661
-79.673
-79.734
-79.867
-79.872
-79.795
-79.894
-79.912
-79.755
-79.902
-80.023
-79.864
-79.791
-79.692
-79.678
-79.578
-79.399
-79.363
-79.082
-78.996
-79.105
-79.044
-78.899
-78.694
-78.462
-78.378
-78.423
-78.571
-78.684
-78.629
-78.655
-78.583
-78.759
-78.903
-79.203
-79.225
-79.31
-79.228
-79.19
-78.984
-78.949
-79.025
-78.921
-79.104
-79.06
-79.281
-79.445
-79.38
-79.259
-79.433
-79.689
-79.57
-79.521
-79.43
-79.186
-79.128
-79.245
-79.621
-79.504
-79.535
-79.727
-79.748
-79.715
-79.843
-80.002
-79.932
-79.918
-79.929
-79.572
-79.597
-79.692
-79.396
-79.354
-79.518
-79.517
-79.534
-79.37
-79.274
-79.397
-79.507
-79.639
-79.548
-79.825
-79.713
-79.9
-79.869
-80.123
-80.457
-80.228
-80.102
-79.989
-79.829
-80.12
-79.86
-79.745
-79.692
-79.534
-79.246
-79.198
-79.165
-79.122
-79.01
-78.975
-79.14
-79.094
-79.268
-79.528
-79.504
-79.406
-79.456
-79.636
-79.688
-79.292
-79.412
-79.468
-79.431
-79.296
-79.616
-79.627
-79.678
-79.72
-79.847
-79.899
-79.635
-79.645
-79.484
-79.654
-79.665
-79.855
-80.044
-79.911
-79.93
-79.951
-80.094
-80.07
-79.89
-79.62
-79.713
-79.486
-79.574
-79.686
-79.357
-79.574
-79.703
-79.676
-79.703
-79.722
-79.884
-79.787
-79.532
-79.385
-79.474
-79.363
-79.785
-79.635
-79.621
-79.805
-80.22
-80.268
-79.951
-79.982
-79.965
-80.091
-80.182
-80.012
-80.039
-80.368
-80.134
-79.979
-79.877
-79.894
-79.844
-79.687
-79.749
-79.504
-79.462
-79.414
-79.465
-79.463
-79.69
-79.61
-79.642
-79.743
-79.617
-79.703
-79.638
-79.924
-79.985
-79.755
-79.86
-80.125
-80.161
-79.96
-79.788
-79.704
-79.892
-80.2
-80.199
-80.101
-79.912
-79.787
-79.647
-79.435
-79.621
-79.516
-79.668
-79.738
-79.682
-79.786
-79.971
-79.709
-79.73
-79.831
-79.668
-79.33
-79.245
-78.903
-78.594
-78.393
-78.484
-78.222
-77.839
-77.639
-77.738
-77.757
-77.264
-77.115
-76.952
-77.168
-77.145
-77.155
-77.252
-77.392
-77.389
-77.583
-77.243
-77.26
-77.28
-77.128
-76.921
-77.021
-77.343
-77.399
-77.719
-77.757
-78.07
-78.17
-78.02
-78.14
-78.045
-78.152
-78.065
-78.24
-78.602
-78.699
-78.638
-78.726
-78.927
-79.137
-79.159
-79.033
-79.291
-79.382
-79.097
-78.941
-78.72
-78.245
-78.456
-78.261
-78.435
-78.296
-78.721
-78.708
-78.486
-78.452
-78.508
-78.59
-78.744
-78.983
-79.076
-79.222
-78.942
-79.048
-78.937
-79.018
-79.313
-79.372
-79.672
-79.775
-79.597
-79.766
-79.857
-80.031
-79.853
-79.801
-80.066
-80.081
-79.94
-79.727
-79.72
-79.762
-79.777
-79.844
-79.613
-79.908
-79.863
-80.049
-80.033
-80.268
-80.312
-80.331
-80.342
-80.162
-79.802
-79.89
-79.932
-79.884
-80.148
-80.279
-80.325
-80.186
-80.355
-80.137
-80.246
-79.863
-79.963
-80.109
-80.016
-80.089
-80.213
-80.267
-80.141
-80.408
-80.482
-80.444
-80.677
-80.543
-80.417
-80.209
-80.353
-80.32
-80.352
-80.506
-80.487
-80.323
-80.316
-80.374
-80.155
-80.091
-79.921
-80.129
-80.174
-80.273
-80.131
-80.261
-80.249
-80.085
-79.972
-79.953
-80.315
-80.197
-80.296
-80.078
-80.053
-80
-79.953
-80.089
-80.238
-80.179
-80.255
-80.068
-80.096
-80.185
-80.497
-80.557
-80.522
-80.868
-80.72
-80.576
-80.369
-80.403
-79.977
-79.915
-80.268
-80.018
-79.898
-80.204
-80.356
-80.277
-80.3
-80.468
-80.453
-80.244
-80.027
-79.963
-79.721
-79.462
-79.416
-79.209
-79.335
-79.125
-79.222
-79.517
-79.386
