-76.747
-76.995
-77.135
-76.952
-76.807
-76.893
-76.761
-76.509
-76.491
-76.43
-76.813
-76.804
-76.942
-76.868
-76.96
-77.116
-77.026
-76.88
-77.045
-76.743
-76.865
-76.749
-76.522
-76.625
-76.48
-76.414
-75.946
-75.861
-75.678
-75.251
-75.018
-75.275
-75.379
-75.372
-75.729
-75.696
-75.767
-75.875
-75.95
-75.979
-76.124
-76.073
-75.996
-75.843
-75.811
-75.859
-76.118
-76.155
-76.374
-76.112
-76.144
-76.004
-75.777
-75.828
-75.869
-75.382
-75.273
-75.476
-75.497
-75.683
-75.61
-75.738
-75.92
-75.796
-75.719
-75.958
-75.882
-75.86
-75.787
-75.573
-75.543
-75.58
-75.907
-75.89
-76.065
-76.235
-76.07
-76.139
-75.904
-75.901
-75.717
-75.696
-75.633
-75.875
-76.036
-76.221
-76.11
-76.05
-76.346
-76.265
-76.294
-76.205
-75.952
-76.067
-75.887
-76.18
-76.225
-76.21
-75.775
-75.839
-75.846
-75.829
-76.119
-76.003
-76.207
-75.972
-75.8
-75.856
-75.724
-75.649
-75.708
-75.848
-75.63
-75.672
-76.024
-75.689
-75.45
-75.251
-75.176
-75.216
-75.272
-75.286
-75.226
-75.589
-75.707
-75.699
-75.4
-75.483
-75.341
-75.462
-75.456
-75.204
-74.881
-75.113
-75.218
-75.224
-75.353
-75.313
-75.415
-75.269
-75.492
-75.438
-75.281
-75.182
-75.404
-75.367
-75.509
-75.642
-75.632
-75.61
-75.784
-75.846
-75.835
-75.88
-76.036
-75.683
-75.762
-75.781
-75.908
-75.866
-76.222
-75.902
-76.047
-76.172
-76.283
-76.219
-76.382
-76.364
-76.454
-76.456
-76.225
-76.098
-76.299
-76.204
-76.146
-75.979
-76.011
-76.065
-76.068
-75.922
-75.999
-75.97
-75.847
-76.218
-76.061
-75.865
-76.12
-76.249
-76.26
-75.854
-76.128
-76.193
-76.183
-76.454
-76.599
-76.55
-76.526
-76.705
-77.025
-77.078
-77.132
-77.117
-77.007
-77.093
-77.06
-77.085
-77.064
-77.334
-77.43
-77.379
-77.074
-76.98
-76.899
-77.083
-76.794
-76.808
-76.89
-77.169
-77.021
-76.975
-77.095
-77.13
-77.308
-77.327
-77.202
-77.498
-77.473
-77.689
-77.655
-77.484
-77.539
-77.61
-77.389
-77.289
-77.241
-77.393
-77.025
-76.89
-77.069
-77.119
-77.134
-77.234
-77.199
-77.334
-77.191
-77.325
-77.613
-77.516
-77.935
-77.863
-77.792
-77.967
-77.941
-77.963
-77.948
-78.219
-78.247
-78.409
-78.439
-78.423
-78.436
-78.211
-78.398
-78.312
-78.399
-78.338
-78.231
-78.097
-78.129
-77.865
-77.904
-78.033
-77.975
-77.887
-77.975
-77.926
-78.302
-78.096
-78.315
-78.374
-78.434
-78.206
-78.196
-78.285
-78.362
-78.378
-78.227
-78.444
-78.494
-78.561
-78.614
-78.163
-78.05
-77.822
-77.864
-77.689
-77.628
-77.527
-77.489
-77.387
-77.2
-77.373
-77.276
-77.422
-77.516
-77.846
-77.784
-77.615
-77.658
-77.507
-77.537
-77.406
-77.604
-77.846
-78.033
-78.15
-78.047
-78.299
-78.245
-78.127
-78.026
-78.04
-78.021
-78.031
-78.24
-78.026
-77.815
-77.853
-77.904
-77.785
-77.769
-77.417
-77.411
-77.21
-77.261
-77.143
-77.136
-77.37
-77.504
-77.492
-77.661
-77.472
-77.535
-77.636
-77.521
-77.446
-77.187
-77.331
-77.225
-77.335
-77.247
-77.027
-76.879
-76.594
-76.873
-76.921
-77.054
-77.103
-77.233
-77.106
-77.207
-77.234
-77.033
-77.045
-76.932
-77.138
-77.073
-77.041
-76.899
-76.946
-77.123
-77.06
-77.089
-76.726
-76.648
-76.871
-76.942
-76.859
-76.742
-76.829
-76.849
-76.904
-77.081
-77.119
-76.999
-77.236
-77.285
-77.404
-77.441
-77.349
-77.44
-77.591
-77.504
-77.803
-77.735
-78.003
-77.83
-77.628
-77.308
-76.816
-77.135
-76.999
-77.121
-76.897
-77.039
-77.269
-77.429
-77.49
-77.347
-77.337
-77.61
-77.42
-77.374
-77.201
-77.287
-77.254
-77.58
-77.653
-77.529
-77.507
-77.575
-77.659
-77.662
-77.667
-77.289
-77.255
-77.256
-77.21
-77.29
-77.239
-77.212
-77.183
-76.947
-76.754
-76.835
-76.876
-76.731
-76.741
-76.749
-76.674
-76.771
-76.6
-76.489
-76.357
-76.171
-76.162
-76.223
-76.307
-76.342
-76.414
-76.424
-76.194
-76.423
-76.348
-76.396
-76.466
-76.367
-76.321
-76.247
-76.251
-76.204
-76.023
-75.856
-75.812
-76.028
-76.168
-75.986
-75.836
-76.004
-75.728
-75.663
-75.528
-75.328
-75.726
-75.713
-75.696
-75.619
-75.597
-75.576
-75.701
-75.717
-75.461
-75.236
-75.325
-75.112
-75.105
-75.176
-74.998
-74.691
-74.521
-74.323
-74.382
-74.222
-74.23
-74.112
-74.197
-74.072
-74.401
-74.179
-74.14
-74.059
-74.048
-74.163
-74.204
-74.298
-74.362
-74.051
-74.055
-74.227
-74.54
-74.597
-74.588
-74.802
-74.707
-74.691
-74.994
-74.912
-74.98
-74.907
-75.136
-74.837
-74.735
-74.864
-74.909
-74.756
-74.962
-74.817
-74.868
-75.221
-75.277
-75.149
-75.133
-75.157
-75.249
-75.469
-75.582
-75.82
-75.828
-75.922
-75.986
-75.736
-75.883
-75.412
-75.336
-75.439
-75.426
-75.365
-75.376
-75.224
-75.308
-75.495
-75.532
-75.59
-75.908
-75.825
-75.917
-75.998
-75.987
-75.989
-75.871
-75.953
-75.884
-75.81
-75.773
-75.604
-75.499
-75.641
-75.666
-75.298
-75.089
-75.034
-75.08
-75.058
-75.044
-74.952
-74.998
-74.991
-75.117
-75.383
-75.13
-75.299
-75.504
-75.466
-75.472
-75.577
-75.744
-75.834
-75.85
-76.072
-75.958
-76.094
-75.952
-75.88
-75.804
-75.735
-75.527
-75.748
-75.732
-75.347
-75.224
-74.997
-74.994
-75.139
-75.334
-75.034
-74.978
-75.069
-75.045
-74.606
-74.629
-74.638
-74.531
-74.609
-74.559
-74.127
-74.068
-74.226
-74.219
-74.319
-74.077
-74.082
-74.217
-74.156
-74.315
-74.217
-74.218
-74.316
-74.341
-74.214
-74.228
-74.387
-74.437
-74.551
-74.53
-74.464
-74.72
-74.932
-74.861
-74.924
-75.284
-75.232
-75.438
-75.546
-75.417
-75.234
-75.086
-74.851
-74.825
-74.598
-74.338
-74.862
-74.909
-74.639
-74.508
-74.563
-74.716
-74.564
-74.792
-74.971
-75.108
-74.798
-74.656
-74.738
-74.94
-74.849
-74.861
-74.747
-74.692
-74.477
-74.4
-74.263
-74.439
-74.547
-74.337
-74.099
-74.212
-74.415
-74.566
-74.976
-74.998
-75.214
-75.425
-75.731
-75.455
-75.407
-75.865
-76.013
-75.857
-75.767
-75.892
-76.008
-75.791
-75.973
-76.101
-76.256
-76.205
-76.143
-75.984
-76.032
-76.069
-75.748
-75.832
-75.527
-75.831
-75.686
-75.649
-75.436
-75.54
-75.442
-75.494
-75.523
-75.64
-75.38
-75.424
-75.133
-75.419
-75.703
-75.929
-75.952
-75.998
-76.118
-76.185
-75.931
-76.239
-76.466
-76.676
-76.563
-76.174
-76.124
-76.275
-76.349
-76.213
-76.38
-76.396
-76.317
-76.034
-76.126
-75.861
-75.841
-75.805
-75.681
-75.723
-75.601
-75.485
-75.369
-75.379
-75.552
-75.706
-75.676
-75.594
-75.874
-75.766
-75.861
-76.278
-76.433
-76.263
-76.842
-76.976
-76.787
-76.805
-76.821
-76.733
-76.503
-76.582
-76.281
-76.101
-76.133
-76.042
-76.294
-76.006
-76.107
-76.148
-76.115
-76.166
-75.861
-75.647
-75.373
-74.961
-74.801
-74.487
-74.37
-74.239
-74.048
-73.9
-73.217
-73.386
-73.038
-72.939
-72.592
-72.431
-72.15
-72.1
-72.038
-71.653
-71.374
-70.988
-70.721
-70.721
-70.215
-70.33
-70.2
-70.156
-69.946
-69.939
-69.971
-69.735
-69.648
-69.6
-69.583
-69.304
-69.178
-69.33
-69.338
-69.48
-69.737
-69.581
-69.366
-69.384
-69.371
-69.446
-69.041
-68.964
-69.033
-69.114
-69.06
-68.728
-69.131
-68.998
-69.154
-68.852
-69.002
-69.149
-69.076
-69.18
-69.075
-69.047
-68.963
-68.8
-68.545
-68.571
-68.754
-68.813
-68.72
-68.793
-68.819
-68.579
-68.624
-68.729
-68.924
-69.005
-68.924
-68.871
-69.11
-69.145
-69.377
-69.222
-68.978
-69.005
-68.903
-68.948
-68.923
-69.121
-69.179
-68.989
-68.796
-68.64
-68.773
-68.895
-68.953
-69.113
-69.128
-69.372
-69.36
-69.521
-69.541
-69.837
-69.951
-69.659
-69.895
-69.774
-69.929
-70.134
-70.242
-70.279
-70.014
-70.237
-70.123
-69.865
-69.749
-69.599
-69.587
-69.366
-69.425
-69.091
-69.395
-69.363
-69.484
-69.622
-69.216
-69.201
-68.944
-68.922
-69.009
-69.148
-69.177
-69.271
-69.197
-69.33
-69.176
-69.06
-68.857
-68.932
-68.777
-68.869
-68.681
-68.662
-68.644
-68.468
-68.291
-68.546
-68.597
-68.586
-68.681
-68.92
-68.861
-68.535
-68.426
-68.489
-68.552
-68.362
-68.533
-68.537
-68.353
-68.562
-68.784
-68.843
-68.997
-69.064
-69.185
-69.51
-69.689
-69.73
-69.863
-69.93
-70.061
-70.309
-70.414
-70.388
-70.454
-70.644
-70.733
-70.947
-70.752
-70.841
-70.883
-70.719
-70.514
-70.838
-70.746
-70.865
-71.081
-71.25
-71.067
-70.87
-70.845
-70.879
-71.218
-71.221
-71.141
-71.114
-71.184
-71.287
-71.251
-71.38
-71.307
-71.336
-71.337
-71.578
-71.649
-71.751
-71.769
-71.785
-71.787
-71.52
-71.467
-71.235
-71.373
-71.474
-71.473
-71.485
-71.554
-71.506
-71.642
-71.704
-71.761
-72.001
-72.128
-71.936
-72.066
-72.135
-72.13
