-79.752
-79.906
-79.782
-79.725
-79.823
-79.9
-79.904
-79.933
-79.841
-79.833
-79.927
-79.694
-79.94
-79.775
-79.914
-79.8
-79.857
-79.806
-79.673
-79.689
-80.023
-79.788
-79.85
-80.131
-80.13
-80.015
-80.107
-80.13
-80.046
-80.126
-80.244
-80.18
-79.687
-79.564
-79.548
-79.457
-79.564
-79.475
-79.392
-79.63
-79.817
-79.805
-79.704
-79.447
-79.716
-79.815
-79.782
-79.658
-79.58
-79.384
-79.179
-79.438
-79.473
-79.653
-79.668
-79.556
-79.445
-79.553
-79.605
-79.896
-79.792
-79.825
-79.726
-79.898
-79.825
-79.805
-79.662
-79.524
-79.578
-79.864
-79.808
-80.127
-80.141
-80.033
-80.001
-79.997
-80.087
-80.243
-79.792
-79.779
-79.446
-79.604
-79.302
-79.183
-79.521
-79.533
-79.558
-79.269
-79.199
-78.865
-79.069
-79.118
-79.358
-79.415
-79.307
-79.243
-79.159
-79.061
-79.288
-79.324
-79.336
-79.785
-79.637
-79.545
-79.417
-79.31
-79.233
-79.516
-79.815
-79.826
-79.721
-79.749
-79.783
-79.685
-79.732
-79.784
-79.764
-79.801
-79.86
-79.898
-79.858
-79.694
-79.832
-79.657
-79.562
-79.672
-79.538
-79.751
-79.672
-79.801
-79.841
-79.991
-80.064
-80.078
-80.198
-80.069
-79.955
-79.933
-79.975
-79.85
-79.763
-79.562
-79.916
-80.106
-80.209
-80.042
-79.89
-79.995
-79.692
-79.752
-79.824
-79.575
-79.421
-79.514
-79.64
-79.646
-79.727
-79.68
-79.5
-79.605
-79.544
-79.715
-79.829
-79.883
-79.591
-79.556
-79.697
-79.673
-79.746
-79.492
-79.602
-79.998
-79.879
-80.02
-80.343
-80.204
-80.13
-79.833
-79.726
-79.276
-79.159
-78.917
-78.746
-78.532
-78.462
-78.179
-77.794
-77.75
-77.947
-77.938
-77.827
-78.147
-78.45
-78.871
-79.303
-79.569
-79.476
-79.513
-79.863
-79.97
-79.91
-79.832
-79.815
-79.937
-79.77
-79.722
-79.773
-80.009
-79.982
-80
-80
-79.938
-79.706
-79.731
-79.752
-79.775
-79.793
-80.167
-80.169
-79.824
-79.852
-80.028
-79.81
-79.728
-79.619
-79.865
-79.519
-79.43
-79.327
-79.441
-79.225
-79.19
-79.225
-79.239
-79.615
-79.494
-79.575
-79.744
-79.754
-79.712
-79.76
-79.807
-79.808
-79.867
-79.74
-79.693
-79.692
-79.757
-79.713
-79.615
-79.598
-79.488
-79.495
-79.491
-79.692
-79.801
-80.103
-80.068
-79.95
-79.869
-79.753
-80.029
-79.883
-79.844
-79.716
-79.576
-79.452
-79.814
-79.993
-79.818
-79.91
-79.89
-80.045
-79.956
-80.09
-79.972
-79.691
-79.905
-80.056
-80.231
-80.099
-80.002
-80.128
-80.067
-79.988
-79.898
-79.898
-79.696
-79.679
-79.952
-79.993
-80.154
-80.127
-79.968
-80.063
-80.191
-80.028
-79.895
-80.001
-79.933
-79.958
-79.977
-80.295
-80.318
-80.389
-80.437
-80.346
-80.286
-79.934
-80.046
-79.838
-79.418
-79.474
-79.76
-79.454
-79.562
-79.783
-79.727
-79.892
-79.932
-79.736
-79.844
-79.864
-79.862
-79.88
-80.315
-80.393
-80.181
-80.311
-80.164
-80.145
-80.018
-80.037
-80.139
-80.022
-80.085
-80.12
-80.036
-79.852
-79.821
-79.934
-79.915
-80.107
-79.928
-79.988
-79.886
-79.605
-79.663
-79.58
-79.558
-80.02
-80.027
-80.363
-80.455
-80.322
-80.734
-80.671
-80.497
-80.368
-80.232
-80.273
-80.198
-80.264
-80.182
-80.164
-80.111
-80.079
-79.909
-80.257
-80.307
-80.04
-80.051
-80.008
-80.059
-80.269
-80.37
-80.387
-80.396
-80.305
-80.199
-80.281
-80.392
-80.314
-80.261
-80.236
-80.103
-80.256
-80.315
-80.255
-80.432
-80.377
-80.328
-80.205
-80.096
-80.269
-80.39
-80.012
-80.025
-80.041
-79.907
-79.876
-80.185
-80.157
-80.127
-80.081
-80.136
-79.875
-79.788
-79.884
-79.953
-79.887
-79.943
-80.003
-80.266
-80.219
-80.205
-80.152
-80.15
-79.911
-79.816
-80.04
-79.937
-79.972
-80.006
-80.033
-79.839
-80.105
-79.976
-79.82
-80.109
-80.056
-80.194
-80.286
-80.119
-80.213
-80.147
-79.953
-79.714
-79.887
-79.971
-80.233
-80.214
-80.109
-80.16
-80.044
-79.933
-79.911
-79.933
-79.987
-80.029
-79.846
-79.773
-79.674
-79.881
-79.93
-79.669
-80.187
-80.451
-80.287
-80.203
-80.071
-80.001
-80.063
-80.111
-79.929
-79.782
-79.813
-79.913
-79.734
-79.857
-79.726
-79.926
-80.074
-79.844
-79.921
-79.974
-79.988
-79.84
-79.848
-79.967
-79.898
-79.686
-79.933
-79.827
-80.02
-79.919
-79.919
-80.006
-79.878
-79.898
-79.795
-79.572
-79.866
-80.158
-80.019
-80.24
-80.336
-80.063
-80.015
-80.044
-79.94
-80.069
-79.924
-79.896
-79.588
-79.544
-79.653
-79.886
-79.975
-79.978
-80.034
-80.047
-79.811
-79.868
-79.893
-80.032
-80.185
-80.009
-79.959
-79.825
-79.889
-79.953
-80.102
-80.109
-80.094
-80.032
-80.038
-79.803
-79.971
-79.705
-79.909
-79.674
-79.657
-79.52
-79.955
-79.898
-79.758
-79.794
-79.777
-79.727
-79.576
-79.7
-79.707
-79.547
-79.728
-79.561
-79.616
-79.638
-79.66
-79.624
-79.827
-79.966
-79.855
-79.81
-79.73
-79.891
-80.156
-80.136
-80.132
-80.254
-80.293
-80.514
-80.229
-79.968
-79.813
-79.814
-79.823
-79.888
-79.975
-80.196
-80.088
-80.156
-80.138
-80.039
-80.123
-80.077
-80.112
-80.132
-80.011
-80.039
-80.101
-80.055
-80.224
-80.396
-80.587
-80.544
-80.631
-80.331
-80.287
-80.295
-80.265
-80.156
-80.069
-80.095
-80.128
-80.304
-80.152
-80.327
-80.093
-80.037
-79.984
-79.714
-80.013
-79.967
-79.767
-79.893
-79.783
-79.979
-79.699
-79.959
-79.888
-79.863
-79.953
-79.873
-79.88
-80.006
-80.032
-80.221
-79.999
-80.123
-79.895
-79.944
-79.797
-79.754
-79.711
-79.573
-79.529
-79.654
-79.7
-80.031
-80.078
-80.239
-80.303
-80.377
-80.328
-80.187
-80.372
-80.371
-80.547
-80.576
-80.558
-80.613
-80.648
-80.628
-80.65
-80.261
-79.966
-79.46
-79.272
-79.179
-79.278
-79.539
-79.436
-79.557
-79.353
-79.395
-79.475
-79.453
-79.525
-79.274
-79.16
-79.527
-79.542
-79.485
-79.731
-79.596
-79.678
-79.571
-79.443
-79.268
-79.091
-79.168
-78.977
-79.016
-78.862
-78.974
-79.258
-79.267
-79.066
-79.103
-79.079
-79.12
-79.262
-79.131
-79.124
-79.236
-79.39
-79.761
-79.761
-79.661
-79.61
-79.865
-79.808
-79.757
-79.75
-79.526
-79.583
-79.592
-79.616
-79.786
-79.693
-79.75
-79.778
-79.878
-79.793
-79.601
-79.84
-79.903
-79.903
-79.9
-79.997
-80.318
-80.272
-79.976
-79.734
-79.929
-79.949
-79.741
-79.736
-79.718
-79.887
-80.097
-80.056
-80.536
-80.235
-80.285
-80.133
-80.43
-80.238
-80.041
-79.868
-79.708
-79.452
-79.199
-79.121
-79.091
-79.115
-79.107
-79.254
-79.342
-79.482
-79.472
-79.708
-79.659
-79.742
-79.505
-79.512
-79.561
-79.774
-79.961
-79.736
-80.138
-80.087
-80.148
-80.129
-80.287
-80.076
-79.956
-79.818
-79.818
-79.635
-79.542
-79.491
-79.617
-79.93
-80.065
-79.586
-79.99
-79.934
-79.847
-80.012
-80.041
-80.064
-80.082
-80.08
-79.721
-79.893
-79.725
-79.7
-79.787
-79.551
-79.419
-79.411
-79.394
-79.374
-79.233
-79.116
-79.053
-78.832
-78.729
-78.745
-78.461
-78.563
-78.409
-78.461
-78.431
-78.486
-78.404
-78.605
-78.872
-79.082
-79.134
-79.374
-78.892
-78.887
-79.003
-79.113
-79.284
-79.318
-79.652
-79.604
-79.841
-79.788
-79.762
-79.821
-79.757
-80.102
-80.267
-80.133
-79.97
-80.138
-79.919
-79.863
-80.031
-80.122
-79.824
-80.029
-80.003
-80.091
-80.259
-80.046
-80.258
-80.185
-80.117
-80.12
-80.063
-79.713
-79.701
-79.863
-79.835
-79.643
-79.699
-79.741
-79.826
-79.793
-79.546
-79.555
-79.307
-79.317
-79.398
-79.626
-79.436
-79.298
-79.387
-79.643
-79.474
-79.458
-79.482
-79.274
-79.315
-79.163
-79.232
-79.419
-79.378
-78.957
-78.999
-78.843
-79.122
-78.63
-78.504
-78.499
-78.43
-78.615
-78.267
-78.461
-78.543
-78.518
-78.596
-78.47
-78.442
-78.534
-78.307
-78.256
-78.216
-78.387
-78.541
-78.39
-78.371
-78.191
-78.322
-78.429
-78.646
-78.721
-78.568
-78.675
-78.545
-78.619
-78.709
-78.73
-78.817
-78.931
-79.171
-79.535
-79.333
-79.372
-79.342
-79.333
-79.181
-79.324
-79.433
-79.018
-78.962
-79.095
-79.232
-79.307
-79.183
-79.263
-79.432
-79.359
-79.279
-79.695
-79.879
-80.118
-79.987
-79.823
-79.783
-80.135
-80.197
-80.283
-80.278
-80.305
-80.261
-80.019
-79.869
-79.821
-79.559
-79.465
-79.593
-79.602
-79.243
-79.55
-79.807
-79.758
-79.665
-79.999
-79.757
-80.177
-79.947
-79.718
-79.511
-79.44
-79.542
-79.583
-79.649
-79.643
-79.508
-79.677
-79.834
-80.015
-79.956
-80.086
-80.064
-80.171
-80.112
-80.087
-80.195
-80.299
-80.188
-80.144
-80.142
-80.246
-80.286
-80.28
-80.133
-80.305
-80.047
-80.022
-80.154
-80.144
-80.487
-80.32
-80.412
-80.347
-80.493
-80.274
-80.292
-80.309
-80.298
-80.258
-80.6
-80.613
-80.711
-80.685
-80.515
-80.485
-80.583
-80.237
-80.203
-79.981
-80.143
-80.089
