-79.635
-79.812
-79.565
-79.92
-79.742
-79.684
-79.484
-79.638
-79.408
-79.276
-79.231
-79.265
-79.368
-79.406
-79.263
-79.242
-79.503
-79.282
-79.422
-79.488
-79.837
-79.78
-79.853
-80.014
-79.817
-79.936
-80.015
-79.961
-79.955
-80.117
-80.125
-80.26
-80.196
-80.471
-80.43
-80.338
-80.16
-80.27
-80.363
-80.32
-80.055
-80.066
-79.783
-79.674
-79.586
-79.407
-79.327
-79.445
-79.162
-79.535
-79.447
-79.632
-79.606
-79.946
-79.775
-79.558
-79.826
-79.453
-79.329
-79.506
-79.71
-79.398
-79.371
-79.427
-79.46
-79.372
-79.426
-79.314
-79.569
-79.855
-79.74
-79.924
-79.972
-80.033
-79.942
-79.873
-79.868
-79.822
-80.002
-79.992
-80.014
-79.971
-79.719
-79.857
-79.714
-79.556
-79.689
-79.891
-79.858
-79.96
-79.894
-79.927
-79.845
-79.648
-79.761
-79.787
-79.96
-79.924
-80.138
-79.981
-79.872
-79.993
-80.139
-80.196
-80.101
-79.866
-79.976
-79.954
-80.251
-79.817
-79.747
-80.006
-79.956
-79.943
-79.883
-80.033
-79.934
-79.816
-79.938
-79.909
-80.093
-80.006
-80.142
-80.035
-79.923
-79.947
-79.837
-79.765
-79.838
-79.982
-80.031
-79.779
-80.093
-80.166
-80.055
-79.892
-79.789
-79.636
-79.848
-79.73
-79.762
-79.836
-79.561
-79.494
-79.601
-79.609
-79.629
-79.687
-79.69
-79.814
-79.734
-79.538
-79.735
-79.741
-79.756
-79.722
-79.805
-79.706
-79.425
-79.774
-79.927
-80.041
-80.015
-80.013
-80.02
-80.201
-80.127
-80.108
-80.118
-80.204
-80.063
-80.426
-80.412
-80.247
-80.142
-80.048
-80.022
-80.218
-80.24
-80.017
-79.753
-79.561
-79.785
-79.8
-80.08
-80.088
-80.109
-79.923
-80.017
-79.974
-79.909
-79.992
-79.497
-79.33
-79.337
-78.886
-78.784
-78.717
-78.538
-78.341
-78.277
-78.387
-78.641
-78.626
-78.438
-78.339
-78.116
-78.188
-78.063
-78.004
-78.092
-78.321
-78.358
-78.497
-78.6
-78.962
-78.764
-78.518
-78.954
-79.002
-79.125
-79.29
-79.565
-79.455
-79.546
-79.437
-79.431
-79.471
-79.48
-79.484
-79.416
-79.308
-79.434
-79.633
-79.848
-79.636
-79.835
-79.775
-79.926
-79.971
-80.108
-79.926
-79.768
-79.755
-79.649
-79.659
-79.739
-79.815
-79.617
-79.737
-79.755
-79.949
-80.137
-80.073
-79.879
-79.745
-79.474
-79.506
-79.726
-79.759
-79.794
-79.78
-79.578
-79.715
-79.851
-79.886
-79.996
-80.003
-80.185
-80.327
-80.159
-80.116
-80.173
-80.026
-80.303
-79.953
-79.98
-80.062
-80.048
-80.06
-80.027
-80.06
-79.986
-80.089
-80.106
-80.178
-79.768
-79.957
-79.679
-79.512
-79.359
-79.112
-79.019
-79.026
-79.076
-79.012
-79.031
-78.931
-78.994
-79.141
-79.186
-79.11
-79.172
-79.205
-79.01
-79.13
-79.054
-79.237
-79.448
-79.601
-79.864
-79.896
-79.546
-79.354
-79.243
-79.46
-79.66
-79.805
-79.929
-79.936
-79.925
-80.161
-79.97
-79.888
-79.907
-79.962
-79.866
-79.983
-80.075
-79.891
-80.007
-80.132
-80.099
-80.009
-80.024
-79.92
-80.046
-79.889
-79.868
-79.841
-79.874
-79.815
-79.87
-79.852
-79.91
-79.813
-79.831
-80.006
-80.025
-80.069
-80.241
-80.221
-80.154
-80.089
-79.797
-79.846
-79.861
-79.886
-79.867
-79.716
-79.937
-79.686
-79.941
-79.783
-80.019
-80.046
-80.133
-80.073
-79.961
-79.933
-80.059
-79.904
-80.076
-79.891
-79.939
-79.938
-80.051
-80.046
-80.079
-79.893
-79.874
-79.865
-80.097
-80.052
-80.092
-80.125
-80.138
-80.037
-80.078
-80.16
-80.007
-79.923
-79.852
-79.847
-79.854
-79.862
-79.959
-79.82
-79.785
-79.75
-79.854
-79.843
-79.826
-79.794
-79.902
-79.941
-79.831
-80.155
-80.186
-80.126
-79.997
-79.834
-79.939
-79.869
-79.984
-80.089
-79.912
-80.05
-80.389
-80.236
-80.175
-80.065
-79.819
-79.987
-80.027
-79.906
-79.771
-79.636
-79.775
-79.837
-80.12
-80.259
-80.287
-80.321
-79.994
-79.879
-80.048
-79.978
-79.826
-79.979
-80.008
-79.902
-80.18
-80.404
-80.314
-80.01
-80.225
-80.139
-80.243
-80.016
-79.994
-79.866
-79.749
-79.813
-79.979
-79.796
-80.076
-80.114
-80.101
-79.816
-79.94
-80.248
-80.076
-79.978
-79.959
-79.939
-80.044
-80.282
-80.012
-79.808
-79.877
-79.971
-80.076
-79.71
-79.745
-79.895
-79.971
-79.831
-79.867
-80.012
-80.063
-79.958
-79.994
-79.994
-79.896
-80.11
-80.012
-79.92
-79.877
-79.945
-80.003
-80.057
-80.22
-80.225
-80.056
-79.977
-79.825
-79.991
-79.948
-79.893
-79.825
-79.817
-80.061
-80.069
-80.29
-79.912
-79.813
-79.851
-79.76
-80.016
-80.112
-80.222
-80.171
-80.103
-80.307
-80.153
-80.089
-79.99
-80.192
-79.993
-80.001
-79.757
-79.852
-79.79
-79.932
-79.895
-79.939
-79.949
-80.001
-80.008
-79.794
-79.847
-80.075
-79.937
-79.778
-80.066
-80.099
-80.108
-79.991
-80.072
-79.935
-80.123
-80.057
-79.912
-79.742
-80.009
-80.055
-80.143
-80.101
-80.178
-80.066
-80.027
-80.054
-80.124
-80.223
-80.284
-80.058
-79.804
-79.919
-79.743
-79.892
-79.99
-80.018
-79.961
-79.839
-80.012
-80.088
-80.221
-80.03
-79.777
-79.845
-80.169
-79.866
-79.878
-80.131
-80.218
-80.21
-80.108
-79.963
-79.958
-79.945
-79.857
-80.196
-80.137
-79.994
-79.991
-79.888
-79.904
-79.801
-79.709
-79.65
-79.83
-79.933
-79.99
-80.138
-80.102
-80.106
-80.075
-80.205
-79.988
-79.951
-79.912
-80.254
-80.038
-79.811
-79.711
-79.629
-79.615
-79.59
-79.548
-79.545
-79.657
-79.763
-79.557
-79.564
-79.658
-79.84
-79.842
-79.895
-79.898
-79.892
-79.669
-79.676
-79.681
-79.664
-79.848
