-85.888
-85.804
-85.949
-85.775
-85.566
-85.768
-85.854
-85.989
-85.955
-85.719
-85.629
-85.445
-85.247
-85.377
-85.226
-85.4
-85.591
-85.784
-85.992
-86.391
-86.424
-86.73
-86.524
-86.425
-86.413
-86.386
-86.28
-86.054
-86.093
-86.068
-86.137
-86.467
-86.479
-86.514
-86.324
-86.271
-86.234
-86.288
-86.707
-86.7
-86.79
-87.001
-86.92
-86.722
-86.761
-87.001
-87.187
-87.148
-86.868
-86.899
-87.131
-87.21
-87.333
-87.345
-87.254
-87.452
-87.646
-87.635
-87.542
-87.799
-87.746
-87.864
-87.826
-87.942
-88.008
-88.198
-88.196
-88.08
-88.108
-88.529
-88.626
-88.605
-88.555
-88.377
-88.237
-88.132
-88.225
-88.143
-88.176
-88.517
-88.596
-88.537
-88.596
-88.525
-88.539
-88.66
-88.591
-88.639
-88.834
-88.964
-89.03
-88.757
-89.037
-89.211
-89.183
-89.176
-89.218
-89.132
-89.195
-89.356
-89.192
-89.148
-89.039
-89.201
-89.204
-89.065
-89.05
-89.253
-89.131
-89.028
-89.065
-89.125
-89.186
-89.208
-89.158
-89.178
-89.094
-88.989
-88.778
-88.865
-88.723
-88.505
-88.469
-88.703
-88.924
-88.584
-88.64
-88.66
-88.83
-89.015
-89.183
-89.393
-89.388
-89.131
-89.024
-88.986
-89.037
-88.855
-88.836
-88.773
-88.775
-88.675
-88.686
-88.661
-88.789
-88.874
-88.886
-88.714
-88.617
-88.542
-88.295
-88.113
-88.175
-88.129
-88.244
-88.419
-88.118
-88.141
-88.003
-87.831
-87.646
-87.731
-88.053
-87.791
-87.869
-87.748
-87.859
-88.143
-88.377
-88.12
-88.306
-87.919
-87.777
-87.517
-87.456
-87.54
-87.395
-87.527
-87.555
-87.645
-87.653
-87.765
-88.119
-87.959
-88.088
-87.976
-87.921
-87.575
-87.63
-87.71
-87.582
-87.49
-87.511
-87.312
-87.122
-86.789
-86.972
-86.838
-87.241
-86.942
-86.92
-86.669
-86.813
-86.971
-87.028
-87.1
-87.009
-87.007
-87.113
-87.104
-87.161
-87.004
-86.889
-87.001
-86.913
-86.947
-86.841
-86.889
-86.973
-86.656
-86.478
-86.283
-86.326
-86.448
-86.457
-86.399
-86.32
-86.108
-85.877
-85.741
-85.63
-85.528
-85.752
-85.764
-86.012
-86.113
-86.353
-86.217
-85.891
-86.199
-86.27
-86.425
-86.394
-86.295
-86.344
-86.7
-86.744
-86.517
-86.104
-85.736
-86.039
-85.897
-85.951
-85.926
-86.056
-85.842
-85.745
-85.737
-85.656
-85.526
-85.382
-85.518
-85.595
-85.695
-85.831
-86.006
-86.284
-86.121
-86.219
-86.086
-85.707
-85.853
-86.041
-86.115
-85.921
-85.633
-85.142
-84.763
-84.472
-84.151
-83.849
-83.135
-82.954
-82.84
-82.539
-81.885
-82.062
-82.234
-82.122
-81.918
-81.856
-81.672
-81.791
-81.625
-81.579
-81.753
-81.357
-81.091
-81.043
-80.821
-80.717
-80.387
-80.229
-79.981
-79.83
-79.76
-80.051
-80.047
-79.947
-80.046
-80.101
-80.282
-80.303
-80.382
-80.318
-80.363
-80.228
-79.938
-79.934
-79.92
-79.894
-79.843
-79.402
-79.523
-79.363
-78.996
-79.073
-79.021
-79.055
-79.226
-79.359
-79.474
-79.356
-79.378
-79.559
-79.524
-79.35
-79.443
-79.462
-79.48
-79.458
-79.603
-79.862
-80.29
-80.268
-80.3
-80.1
-80.108
-79.912
-79.466
-79.299
-79.11
-78.917
-78.843
-78.715
-78.172
-77.898
-77.668
-77.745
-77.219
-76.933
-77.088
-76.799
-76.557
-76.215
-76.261
-76.212
-76.124
-76.217
-76.341
-76.371
-76.413
-76.183
-75.72
-75.369
-75.297
-75.045
-75.069
-75.18
-74.996
-75.143
-75.029
-74.612
-74.589
-74.52
-74.543
-74.522
-74.447
-74.478
-74.505
-74.275
-74.096
-74.131
-74.089
-74.111
-73.815
-73.809
-74.007
-74.185
-73.896
-73.782
-73.842
-73.73
-73.588
-73.525
-73.449
-73.422
-73.471
-73.324
-73.205
-73.115
-73.088
-73.057
-73.223
-73.461
-73.481
-73.373
-73.086
-72.712
-72.324
-71.777
-71.662
-71.353
-70.459
-70.105
-69.265
-68.992
-68.544
-68.296
-67.443
-67.179
-67.024
-66.758
-66.289
-66.044
-65.609
-65.27
-64.839
-64.686
-64.316
-64.006
-63.789
-63.851
-63.669
-63.414
-63.445
-63.359
-63.062
-62.82
-62.582
-62.489
-62.167
-62.212
-62.15
-61.998
-61.828
-62.039
-61.806
-61.671
-61.621
-61.475
-61.313
-61.442
-61.55
-61.351
-61.225
-61.222
-61.113
-61.156
-61.288
-61.366
-61.405
-61.491
-61.454
-61.419
-61.431
-61.356
-61.238
-61.462
-61.419
-61.647
-61.404
-61.142
-61.047
-60.865
-60.687
-60.943
-60.836
-60.658
-60.402
-60.304
-60.091
-60.324
-59.949
-59.742
-59.65
-59.784
-59.824
-59.765
-59.693
-59.491
-59.801
-59.913
-59.829
-59.624
-59.613
-59.826
-59.996
-60.001
-59.939
-59.687
-59.537
-59.618
-59.435
-59.231
-59.098
-58.609
-58.747
-58.517
-58.324
-58.476
-58.174
-57.831
-57.692
-57.666
-57.356
-57.155
-56.897
-56.685
-56.303
-56.079
-55.753
-55.423
-55.143
-54.588
-54.089
-53.471
-52.562
-51.396
-49.784
-46.475
-45
-45
-45
-45
-45
-45
-45
-45
-45
-45
-45
-45
-45
-45
-52.153
-60.27
-67.894
-73.097
-76.411
-78.199
-79.432
-79.952
-80.176
-80.034
-80.272
-80.075
-80.29
-80.216
-80.125
-80.152
-80.223
-80.224
-80.061
-79.933
-79.903
-80.145
-79.956
-79.908
-79.921
-79.752
-79.851
-79.983
-79.943
-79.652
-79.604
-79.592
-80.017
-79.887
-80.082
-79.958
-80.095
-80.014
-80.003
-80.125
-80.006
-80.092
-79.966
-79.96
-80.126
-80.168
-80.054
-79.958
-79.989
-79.895
-79.857
-79.873
-79.568
-79.52
-79.449
-79.35
-79.317
-79.038
-78.918
-79.088
-79.012
-78.754
-78.742
-79.015
-79.269
-79.378
-79.279
-79.183
-78.944
-79.084
-79.297
