-92.096
-91.998
-91.814
-91.716
-91.798
-91.847
-91.945
-91.87
-91.836
-92.033
-92.136
-92.352
-92.215
-92.214
-92.324
-92.125
-92.12
-92.276
-92.34
-92.328
-92.206
-92.128
-92.457
-92.117
-92.179
-92.261
-92.317
-92.51
-92.262
-92.3
-92.318
-92.209
-92.023
-91.881
-91.968
-91.982
-92.178
-92.471
-92.088
-92.113
-91.908
-91.555
-91.603
-91.263
-91.508
-91.544
-91.555
-91.138
-90.929
-90.869
-90.847
-90.82
-90.808
-90.519
-90.294
-90.395
-90.347
-90.583
-90.555
-90.767
-90.602
-90.415
-90.512
-90.505
-90.64
-90.544
-90.391
-90.159
-89.927
-90.065
-89.981
-90.085
-90.284
-90.31
-90.638
-90.582
-90.615
-90.596
-90.574
-90.54
-90.587
-90.674
-90.606
-90.486
-90.505
-90.502
-90.605
-90.638
-90.49
-90.394
-90.138
-90.131
-89.916
-89.864
-89.836
-89.803
-90.015
-89.973
-89.789
-90.137
-90.292
-90.59
-90.607
-90.541
-90.381
-90.291
-90.134
-90.172
-90.257
-90.406
-90.384
-90.679
-90.712
-90.732
-90.917
-90.785
-90.597
-90.737
-90.74
-90.616
-90.927
-90.911
-90.539
-90.754
-91.115
-91.308
-91.399
-91.455
-91.496
-91.702
-91.397
-91.139
-90.99
-90.98
-91.024
-90.873
-90.763
-90.608
-90.733
-90.933
-90.663
-90.506
-90.554
-90.327
-90.489
-90.409
-90.705
-90.809
-90.961
-90.894
-90.668
-90.562
-90.641
-90.696
-90.675
-90.818
-90.543
-90.894
-90.856
-90.721
-90.595
-90.525
-90.376
-90.192
-90.34
-90.538
-90.324
-90.363
-90.37
-90.421
-90.451
-90.653
-90.626
-90.719
-90.934
-90.77
-90.683
-90.452
-90.334
-90.289
-89.974
-89.872
-89.58
-89.279
-89.163
-89.172
-89.191
-89.248
-89.336
-89.479
-89.216
-89.436
-89.271
-89.095
-89.286
-89.456
-89.401
-89.307
-89.276
-89.031
-89.139
-88.925
-88.652
-88.625
-88.547
-88.738
-88.581
-88.517
-88.526
-88.426
-88.107
-87.951
-88.082
-88.145
-88.121
-88.438
-88.252
-88.306
-88.417
-88.214
-88.362
-88.392
-88.508
-88.569
-88.379
-88.414
-88.615
-88.443
-88.543
-88.609
-88.198
-88.221
-88.139
-88.091
-88.283
-88.312
-88.467
-88.611
-88.326
-88.425
-88.324
-88.15
-88.032
-87.923
-87.926
-87.873
-87.799
-87.896
-88.006
-87.701
-87.843
-87.89
-87.819
-87.891
-87.8
-87.723
-87.563
-87.5
-87.63
-87.655
-87.638
-88.074
-87.984
-87.615
-87.639
-87.498
-87.716
-87.994
-87.924
-87.873
-87.55
-87.505
-87.569
-87.264
-87.24
-87.311
-87.303
-87.382
-87.191
-87.013
-87.01
-86.881
-86.527
-86.301
-86.339
-85.886
-85.863
-85.992
-85.723
-85.723
-85.753
-85.622
-85.543
-85.235
-84.671
-84.767
-85.039
-85.214
-85.298
-85.498
-85.731
-85.897
-85.924
-86.231
-86.302
-86.348
-86.219
-85.905
-86.217
-86.305
-86.39
-86.662
-86.69
-87.115
-87.064
-87.042
-87.083
-87.102
-86.852
-86.654
-86.688
-86.362
-86.209
-85.859
-85.71
-85.674
-85.415
-85.269
-84.919
-84.451
-84.763
-84.686
-84.543
-84.58
-84.688
-84.195
-84.071
-83.835
-83.296
-83.076
-82.498
-82.33
-82.137
-81.834
-81.514
-81.531
-81.294
-81.301
-81.017
-80.949
-80.797
-80.904
-80.538
-80.623
-80.526
-80.363
-80.479
-80.385
-80.131
-79.932
-80.273
-80.256
-80.308
-80.225
-80.205
-80.473
-80.472
-80.449
-80.468
-80.328
-80.274
-80.243
-80.409
-80.503
-80.345
-80.405
-80.17
-80.089
-80.244
-80.534
-80.398
-80.408
-80.662
-80.319
-80.198
-80.128
-79.897
-79.62
-79.357
-79.344
-78.827
-78.779
-78.446
-78.593
-78.429
-78.241
-78.044
-78.113
-78.089
-77.845
-77.203
-76.953
-76.745
-76.694
-76.454
-76.329
-75.967
-76.029
-75.933
-75.867
-75.759
-75.723
-75.637
-75.354
-75.496
-75.538
-75.506
-75.344
-75.524
-75.46
-75.287
-75.406
-75.411
-75.171
-74.887
-74.556
-74.321
-74.428
-74.347
-74.514
-74.732
-74.754
-74.97
-74.76
-74.732
-74.804
-75.087
-75.09
-75.083
-74.575
-74.634
-74.386
-74.515
-74.17
-74.24
-74.038
-74.018
-74.068
-74.28
-74.295
-74.131
-74.142
-74.076
-73.949
-73.919
-74.078
-74.222
-74.177
-74.064
-74.132
-74.458
-74.075
-74.171
-74.076
-74.229
-74.153
-74.091
-73.957
-73.637
-73.701
-73.74
-73.762
-73.717
-73.498
-73.302
-73.406
-73.219
-73.188
-73.223
-73.08
-72.952
-73.436
-73.524
-73.385
-73.276
-73.547
-73.12
-73.04
-72.969
-72.803
-73.044
-72.983
-72.883
-72.93
-72.805
-72.704
-72.711
-72.474
-72.361
-72.453
-72.644
-72.708
-72.678
-72.687
-72.995
-72.927
-72.873
-72.997
-73.307
-73.52
-73.638
-73.734
-73.669
-73.711
-73.632
-73.611
-73.572
-73.953
-74.099
-74.073
-74.292
-74.328
-74.377
-74.448
-74.519
-74.308
-73.681
-73.407
-73.06
-73.041
-72.732
-72.259
-71.877
-71.55
-71.452
-71.176
-70.956
-70.725
-70.654
-70.382
-70.124
-69.886
-69.629
-69.638
-69.534
-69.11
-69.342
-69.093
-68.819
-68.588
-68.588
-68.808
-68.458
-68.627
-68.804
-68.597
-68.617
-68.765
-68.786
-68.955
-68.776
-68.612
-68.838
-68.911
-68.734
-68.908
-69.044
-69.157
-69.316
-69.255
-69.207
-69.389
-69.285
-69.592
-70.06
-70.151
-70
-70.007
-69.866
-69.72
-69.899
-69.787
-69.641
-69.711
-69.838
-69.775
-69.606
-69.468
-69.591
-69.927
-69.926
-69.733
-69.526
-69.512
-69.618
-69.379
-69.265
-69.282
-69.416
-69.417
-69.485
-69.447
-69.16
-69.12
-69.103
-69.148
-69.127
-69.135
-68.912
-68.847
-68.795
-68.694
-68.684
-68.968
-68.967
-69.114
-69.456
-68.987
-68.927
-68.904
-69.413
-69.352
-69.391
-69.374
-69.477
-69.298
