-79.62
-79.694
-79.972
-80.173
-80.198
-80.261
-80.391
-80.327
-79.963
-79.743
-79.817
-79.762
-79.788
-79.705
-79.802
-79.892
-79.975
-79.711
-79.667
-79.428
-79.835
-79.73
-79.74
-79.643
-79.809
-79.749
-79.75
-79.872
-79.529
-79.356
-79.491
-79.04
-79.081
-79.047
-79.073
-79.232
-79.293
-79.351
-79.38
-79.495
-79.702
-79.795
-79.888
-79.782
-79.996
-80.167
-80.132
-79.834
-79.851
-79.875
-79.93
-79.866
-79.897
-79.913
-79.945
-79.978
-80.224
-80.258
-80.119
-80.017
-80.153
-80.227
-80.252
-80.175
-80.102
-80.059
-79.987
-80.294
-80.039
-80.178
-80.195
-80.528
-80.294
-80.394
-80.531
-80.256
-80.443
-80.12
-80.078
-80.133
-80.254
-79.96
-80.335
-80.503
-80.174
-80.084
-80.121
-79.949
-79.972
-79.756
-79.409
-79.4
-79.067
-78.944
-78.89
-78.799
-78.9
-78.989
-78.859
-79.142
-79.32
-79.332
-79.52
-79.462
-79.528
-79.411
-79.354
-79.283
-79.25
-79.222
-79.304
-78.95
-79.167
-79.152
-79.134
-79.169
-79.097
-79.256
-79.045
-79.281
-79.39
-79.681
-79.613
-79.74
-79.849
-79.937
-79.638
-79.743
-79.661
-79.566
-79.497
-79.258
-79.402
-79.325
-79.54
-79.873
-79.731
-79.912
-79.956
-79.948
-80.091
-79.976
-79.733
-80.016
-79.937
-79.923
-79.964
-80.219
-79.969
-79.879
-80.118
-79.753
-79.56
-79.772
-79.87
-79.992
-80.139
-80.134
-80.227
-80.437
-80.044
-80.022
-80.198
-80.135
-79.994
-80.028
-80.062
-79.874
-79.872
-79.931
-79.816
-79.928
-80.147
-79.895
-79.805
-79.608
-79.534
-79.555
-79.585
-79.775
-79.965
-80.197
-79.804
-79.785
-79.854
-79.633
-79.722
-79.543
-79.545
-79.74
-79.488
-79.509
-79.536
-79.639
-79.78
-79.777
-79.829
-80.039
-80.132
-79.936
-79.781
-80.032
-80.008
-79.969
-80.019
-80.19
-79.991
-80.039
-79.907
-80.09
-80.126
-80.227
-80.156
-80.298
-80.328
-80.417
-80.334
-80.225
-80.152
-80.213
-80.174
-80.311
-80.219
-80.004
-80.298
-80.301
-80.204
-80.253
-80.263
-79.842
-79.581
-79.235
-79.453
-79.752
-79.796
-79.855
-79.953
-79.903
-79.898
-79.882
-79.827
-80.021
-79.954
-80.12
-80.038
-79.951
-79.909
-79.682
-79.697
-79.779
-79.747
-79.807
-79.859
-79.816
-79.467
-79.575
-79.91
-79.708
-79.898
-79.924
-79.772
-79.548
-79.543
-79.721
-79.635
-79.747
-79.813
-79.903
-80.041
-80.143
-80.03
-80.116
-80.379
-80.443
-80.381
-80.412
-80.039
-80.052
-79.778
-79.574
-79.572
-79.746
-79.592
-79.588
-79.39
-79.404
-79.573
-79.546
-79.631
-79.784
-79.679
-79.779
-79.655
-79.437
-79.271
-79.446
-79.438
-79.758
-80.081
-80.141
-80.21
-80.373
-80.167
-79.961
-80.155
-80.115
-80.193
-80.356
-80.441
-80.042
-79.97
-80.133
-80.115
-80.156
-80.099
-80.127
-80.012
-80.264
-80.353
-80.121
-80.115
-80.028
-80.061
-80.04
-79.837
-79.89
-80.011
-79.932
-79.812
-79.836
-79.719
-79.721
-79.668
-79.603
-79.728
-80.114
-80.462
-80.51
-80.063
-79.966
-80.092
-79.913
-79.973
-79.755
-79.343
-79.315
-79.283
-79.215
-79.428
-79.355
-79.473
-79.484
-79.129
-79.203
-79.083
-78.984
-79.15
-79.343
-79.274
-79.288
-79.43
-79.496
-79.38
-79.359
-79.31
-79.55
-79.564
-79.637
-79.753
-79.83
-79.809
-80.034
-80.089
-80.041
-79.828
-79.938
-80.068
-80.188
-80.28
-80.187
-79.802
-79.525
-79.653
-79.814
-79.669
-79.402
-79.385
-79.301
-79.327
-79.439
-79.3
-79.215
-79.14
-78.98
-78.98
-78.741
-78.906
-78.982
-79.399
-79.741
-79.947
-79.917
-79.996
-79.97
-80.118
-80.213
-80.491
-80.478
-80.558
-80.594
-80.522
-80.515
-80.632
-80.383
-80.259
-80.186
-80.292
-80.095
-80.031
-80.228
-79.966
-79.771
-79.844
-79.808
-79.869
-79.951
-79.79
-79.64
-79.667
-79.59
-79.439
-79.318
-79.325
-79.447
-79.547
-79.497
-78.96
-78.942
-79.021
-79.174
-78.88
-79.037
-79.096
-79
-78.794
-79.15
-79.09
-79.011
-79.249
-79.482
-79.597
-79.579
-79.731
-79.664
-79.406
-79.452
-79.359
-79.591
-79.321
-78.864
-79.019
-79.095
-79.102
-78.863
-78.923
-78.718
-78.817
-78.867
-78.904
-78.753
-78.782
-79.162
-79.452
-78.863
-78.988
-79.187
-79.464
-79.305
-79.42
-79.609
-79.837
-79.821
-79.773
-79.846
-79.948
-79.532
-79.332
-79.416
-79.395
-79.411
-79.058
-79.023
-79.143
-79.09
-79.229
-79.353
-79.203
-79.431
-79.265
-79.453
-79.473
-79.532
-79.618
-79.48
-79.32
-79.15
-78.847
-78.367
-77.994
-77.868
-77.686
-77.382
-77.11
-77.053
-76.995
-76.996
-76.743
-76.487
-76.24
-76.024
-76.115
-76.034
-76.021
-75.631
-75.247
-75.173
-75.099
-74.945
-74.894
-74.801
-74.885
-74.701
-74.652
-74.409
-74.569
-74.285
-74.367
-74.371
-74.315
-74.351
-74.178
-74.142
-73.835
-73.483
-73.637
-73.698
-73.858
-73.758
-73.564
-73.412
-73.293
-73.269
-73.223
-73.106
-73.134
-73.232
-73.336
-73.285
-73.283
-73.29
-73.176
-73.159
-73.149
-73.257
-73.028
-72.827
-73.12
-73.56
-73.641
-73.72
-73.558
-73.963
-73.7
-73.635
-73.72
-73.597
-73.695
-73.938
-74.202
-73.945
-74.057
-74.019
-73.976
-74.287
-74.403
-74.396
-74.545
-74.334
-74.364
-74.909
-74.827
-74.587
-74.879
-74.743
-74.83
-75.082
-75.246
-75.169
-75.07
-75.019
-75.093
-75.125
-75.178
-75.321
-75.056
-75.033
-74.997
-75.093
-75.274
-75.415
-75.175
-75.191
-75.269
-75.172
-75.313
-75.21
-75.166
-74.783
-74.778
-75.063
-75.172
-75.335
-75.415
-75.584
-75.497
-75.675
