-71.522
-71.724
-71.836
-71.928
-71.845
-71.456
-71.333
-71.295
-71.44
-70.947
-70.903
-71.301
-71.251
-71.136
-70.977
-71.087
-71.273
-71.003
-71.133
-71.211
-71.353
-71.249
-71.058
-71.129
-71.057
-71.046
-70.92
-70.994
-70.669
-70.418
-70.205
-70.201
-69.965
-70.063
-69.912
-69.812
-69.657
-70.081
-69.901
-69.975
-70.371
-70.536
-70.317
-70.588
-70.999
-71.1
-70.567
-70.778
-70.528
-70.327
-70.062
-69.907
-70.232
-70.138
-70.26
-70.199
-70.226
-70.013
-69.99
-69.932
-69.807
-69.743
-69.862
-70.016
-70.078
-70.2
-70.047
-70.225
-70.006
-70.034
-70.376
-70.51
-70.682
-70.645
-70.579
-70.724
-70.734
-70.595
-70.429
-70.392
-70.464
-70.801
-70.666
-70.613
-70.547
-70.681
-70.957
-71.019
-71.277
-71.502
-71.901
-72.081
-71.979
-71.766
-71.841
-71.87
-71.728
-71.557
-71.628
-71.581
-71.68
-71.804
-71.973
-71.993
-71.944
-71.871
-71.987
-72.072
-71.907
-71.733
-71.627
-71.478
-71.313
-71.347
-71.346
-71.061
-70.729
-70.902
-71.01
-71.049
-71.183
-71.069
-71.089
-71.303
-71.307
-71.331
-70.995
-71.111
-70.97
-71.071
-71.232
-71.15
-71.377
-71.276
-71.096
-71.211
-71.093
-71.232
-71.142
-71.094
-71.199
-71.401
-71.558
-71.206
-71.307
-71.375
-71.267
-71.235
-71.567
-71.656
-71.802
-71.912
-72.03
-72.016
-72.005
-71.847
-71.766
-71.642
-71.672
-71.46
-71.692
-71.431
-71.592
-71.22
-70.881
-70.769
-70.697
-70.3
-70.017
-70.301
-70.227
-69.817
-69.793
-69.833
-69.891
-69.583
-69.343
-69.305
-69.085
-68.987
-68.456
-68.372
-67.843
-67.318
-67.264
-67.223
-67.048
-67.238
-67.103
-66.869
-67.081
-66.646
-66.222
-65.837
-65.361
-64.939
-64.527
-64.348
-63.817
-63.751
-63.363
-63.043
-63.01
-62.602
-62.519
-62.302
-62.032
-61.709
-61.534
-61.536
-61.525
-61.699
-61.601
-61.41
-61.358
-61.71
-61.596
-61.29
-61.255
-61.139
-61.033
-60.992
-60.712
-60.622
-60.876
-60.813
-60.773
-60.808
-60.588
-60.64
-60.413
-60.345
-60.386
-60.508
-60.444
-60.423
-60.558
-60.402
-60.46
-60.517
-60.54
-60.387
-60.23
-60.124
-59.753
-59.915
-59.811
-59.531
-59.595
-59.918
-59.747
-59.784
-59.829
-59.901
-59.899
-60.023
-60.246
-60.147
-60.475
-60.414
-60.861
-61.162
-61.256
-61.258
-61.086
-60.995
-61.033
-61.096
-61.033
-60.832
-60.784
-60.996
-60.984
-60.979
-60.916
-60.763
-60.477
-60.665
-60.753
-60.591
-60.661
-60.798
-60.701
-60.518
-60.531
-60.628
-60.36
-60.474
-60.749
-60.805
-60.816
-60.884
-60.758
-60.829
-60.977
-60.968
-61.216
-61.124
-61.056
-61.291
-61.078
-61.185
-61.317
-61.521
-61.551
-61.786
-61.757
-61.533
-61.392
-61.333
-61.558
-61.328
-61.255
-61.26
-61.247
-61.443
-61.143
-60.803
-60.75
-60.577
-60.366
-60.028
-60.149
-60.115
-60.278
-59.91
-59.596
-59.369
-59.126
-58.958
-58.649
-58.829
-59
-58.85
-58.977
-58.855
-58.41
-58.52
-58.374
-58.064
-57.905
-57.834
-57.657
-57.447
-57.438
-57.152
-57.008
-56.865
-56.616
-56.2
-55.986
-55.541
-55.037
-54.648
-54.168
-53.702
-52.88
-51.703
-50.412
-47.959
-45
-45
-45
-45
-45
-45
-45
-45
-45
-45
-45
-45
-45
-45
-48.632
-55.6
-61.147
-65.016
-67.948
-69.517
-70.764
-71.894
-72.318
-73.054
-73.384
-73.851
-74.07
-74.184
-74.215
-74.296
-74.546
-74.511
-74.432
-74.556
-74.683
-74.782
-74.783
-74.976
-74.98
-74.985
-75.246
-75.404
-75.416
-75.272
-75.181
-75.181
-75.065
-75.039
-74.802
-74.837
-74.857
-75.211
-75.155
-75.342
-75.404
-75.456
-75.485
-75.601
-75.586
-75.721
-75.927
-75.96
-75.674
-75.842
-76.065
-76.017
-75.922
-75.88
-75.893
-75.772
-75.808
-75.969
-76.081
-76.159
-76.269
-76.073
-76.258
-76.082
-75.981
-76.151
-76.232
-76.321
-76.45
-76.621
-76.431
-75.926
-75.944
-76.013
-76.133
-76.085
-76.219
-75.97
-75.919
-75.756
-75.749
-75.672
-75.566
-75.522
-75.566
-75.385
-75.447
-75.65
-75.768
-75.742
-75.444
-75.314
-75.479
-75.516
-75.509
-75.575
-75.654
-75.681
-75.839
-76.04
-76.188
-76.163
-76.21
-76.424
-76.085
-76.065
-76.322
-76.203
-76.158
-76.048
-76.248
-76.497
-76.488
-76.133
-75.945
-76.138
-76.556
-76.644
-77.023
-77.49
-77.534
-77.949
-77.979
-77.884
-77.771
-77.718
-77.466
-77.596
-77.552
-77.399
-77.512
-77.516
-77.479
-77.634
-77.94
-78.025
-77.709
-77.815
-78.132
-78.183
-78.202
-78.225
-78.486
-78.559
-78.665
-78.582
-78.426
-78.511
-78.642
-78.509
-78.534
-78.643
-78.654
-78.792
-78.757
-78.822
-78.972
-79.139
-79.082
-79.148
-79.091
-79.303
-79.229
-79.25
-79.303
-79.436
-79.369
-79.417
-79.292
-79.255
-79.031
-78.585
-78.354
-78.068
-77.784
-77.639
-77.598
-77.442
-77.222
-76.842
-76.45
-76.387
-76.43
-76.708
-76.224
-76.272
-76.107
-76.043
-75.978
-75.858
-75.609
-75.421
-75.457
-75.428
-75.07
-74.96
-74.501
-74.353
-74.308
-74.189
-74.166
-74.145
-74.452
-74.436
-74.476
-74.37
-74.315
-74.515
-74.557
-74.355
-74.771
-74.739
-75.122
-74.951
-74.956
-74.967
-74.651
-74.573
-74.74
-74.579
-74.725
-74.65
-74.684
-74.655
-74.731
-74.572
-74.721
-74.812
-74.883
-75.013
-75.036
-75.165
-75.115
-75.282
-75.08
-75.149
-75.139
-75.275
-75.275
-75.594
-75.472
-75.724
-75.815
-75.89
-75.988
-76.041
-76.05
-75.92
-76.17
-76.183
-76.243
-75.893
