-73.714
-73.572
-73.611
-73.831
-73.88
-73.981
-74.175
-74.072
-74.131
-74.023
-74.124
-74.494
-74.557
-74.522
-74.596
-74.464
-74.859
-74.708
-74.593
-74.828
-74.81
-74.744
-74.847
-74.703
-74.499
-74.639
-74.973
-74.7
-74.674
-74.946
-75.021
-74.975
-75.084
-75.181
-75.503
-75.894
-75.572
-75.401
-75.384
-75.331
-75.205
-75.589
-75.711
-75.25
-75.192
-74.919
-75.045
-75.184
-75.044
-75.311
-75.3
-75.471
-75.362
-75.295
-75.094
-74.876
-74.975
-74.971
-74.977
-74.946
-75.14
-75.162
-74.794
-74.662
-74.54
-74.551
-74.479
-74.657
-74.83
-74.6
-74.997
-75.023
-74.791
-74.678
-74.846
-74.83
-74.96
-74.927
-74.822
-74.607
-74.564
-74.672
-74.809
-74.637
-74.645
-74.806
-74.917
-75.151
-75.088
-75.158
-75.331
-75.253
-75.141
-75.09
-75.133
-75.26
-75.33
-75.289
-75.744
-76.021
-75.949
-76.017
-75.888
-76.005
-76.015
-76.077
-76.1
-75.99
-76.086
-76.205
-76.118
-75.839
-75.838
-75.889
-76.184
-76.239
-76.045
-76.298
-76.528
-76.828
-76.903
-76.707
-76.88
-77.093
-77.355
-77.43
-77.528
-77.44
-77.21
-77.116
-77.166
-77.365
-77.284
-77.426
-77.438
-77.249
-77.198
-77.038
-77.047
-77.378
-77.344
-77.32
-77.515
-77.669
-77.419
-77.338
-77.469
-77.342
-77.11
-77.395
-77.454
-77.371
-77.28
-77.356
-77.522
-77.678
-77.662
-77.504
-77.652
-77.674
-77.905
-77.991
-77.748
-77.694
-77.763
-77.963
-77.909
-77.632
-77.63
-77.755
-77.874
-77.926
-77.876
-77.902
-78.057
-77.789
-78.046
-77.96
-78.018
-77.94
-78.163
-78.501
-78.699
-78.8
-78.762
-78.643
-78.718
-78.698
-78.639
-78.847
-78.817
-78.831
-78.839
-79.144
-79.227
-78.986
-78.859
-78.729
-78.447
-78.37
-78.131
-78.12
-78.046
-78.004
-78.215
-78.085
-78.207
-78.098
-78.039
-78.008
-78.164
-77.85
-77.899
-78.22
-78.179
-78.161
-78.165
-78.096
-78.199
-78.147
-78.119
-78.369
-78.398
-78.393
-78.638
-78.807
-78.895
-79.05
-79.022
-79.069
-78.963
-79.406
-79.532
-79.515
-79.269
-79.286
-79.261
-79.049
-79.1
-79.124
-79.143
-78.901
-78.871
-78.787
-79.014
-79.331
-79.296
-79.108
-78.953
-79.013
-79.002
-78.999
-79.074
-79.343
-79.398
-79.345
-79.493
-79.542
-79.337
-79.344
-79.222
-79.285
-79.349
-79.392
-79.401
-79.465
-79.342
-79.545
-79.381
-79.686
-79.802
-79.806
-79.637
-79.5
-79.284
-79.197
-79.275
-79.692
-79.776
-79.549
-79.706
-79.618
-79.656
-79.852
-80.068
-79.673
-79.59
-79.593
-79.732
-79.821
-79.791
-79.773
-79.863
-79.695
-79.855
-79.904
-79.844
-79.944
-79.805
-79.713
-79.504
-79.572
-79.688
-79.77
-79.55
-79.502
-79.443
-79.545
-79.627
-79.792
-79.975
-80.069
-80.401
-80.161
-79.991
-80.024
-80.065
-79.995
-80.3
-80.391
-80.625
-80.361
-80.477
-80.645
-80.832
-80.91
-80.733
-80.564
-80.94
-81.127
-80.95
-81.123
-80.974
-80.855
-80.7
-80.638
-80.438
-80.505
-80.257
-80.265
-80.398
-80.191
-80.135
-80.039
-80.163
-80.334
-80.06
-80.019
-79.991
-80.09
-80.106
-79.892
-79.841
-79.862
-79.92
-80.029
-80.08
-80.263
-80.122
-80.096
-79.801
-79.364
-79.397
-79.533
-79.606
-79.641
-79.576
-79.216
-79.191
-79.29
-79.25
-78.949
-79.183
-78.751
-78.433
-78.43
-78.181
-78.137
-78.055
-77.716
-77.608
-77.57
-77.562
-77.408
-77.622
-77.74
-77.567
-77.522
-77.527
-77.351
-77.402
-77.497
-77.68
-77.582
-77.705
-77.622
-77.669
-77.728
-78.202
-78.128
-77.865
-77.776
-77.975
-77.965
-77.715
-77.776
-77.934
-77.853
-77.728
-77.819
-77.548
-77.335
-77.237
-77.45
-77.652
-77.584
-77.535
-77.444
-77.774
-77.975
-77.829
-77.953
-78.206
-78.225
-78.406
-78.688
-78.801
-78.633
-78.462
-78.185
-78.277
-77.846
-77.768
-77.618
-77.683
-77.741
-77.832
-77.812
-78.041
-78.007
-78.039
-78.042
-77.78
-78.002
-77.884
-77.687
-77.691
-77.858
-78.001
-78.036
-77.921
-77.939
-77.948
-78.27
-78.138
-77.932
-77.939
-78.074
-78.1
-77.836
-77.974
-78.053
-78.109
-77.786
-77.735
-77.958
-77.856
-78.077
-78.26
-77.986
-77.848
-77.999
-77.942
-78.04
-78.148
-78.243
-77.746
-77.517
-77.601
-77.565
-77.636
-77.818
-77.566
-77.674
-77.478
-77.675
-77.602
-77.946
-78.066
-78.225
-78.36
-78.404
-78.294
-78.242
-78.265
-78.276
-78.26
-78.155
-77.835
-78.145
-77.96
-77.787
-77.742
-77.748
-77.511
-77.501
-77.5
-77.611
-77.692
-77.396
-77.536
-77.395
-77.318
-77.177
-77.241
-77.361
-77.469
-77.368
-77.289
-77.288
-77.186
-77.074
-76.601
-76.346
-76.035
-75.754
-75.543
-75.212
-75.131
-74.424
-74.115
-73.89
-73.62
-73.398
-73.074
-73.192
-73.022
-72.613
-72.605
-72.557
-72.349
-72.278
-71.797
-71.724
-71.62
-71.449
-71.547
-71.554
-71.25
-70.823
-70.767
-70.766
-70.685
-70.914
-70.832
-70.915
-70.751
-70.579
-70.678
-70.676
-70.544
-70.609
-70.576
-71.082
-71.162
-71.067
-70.742
-70.769
-70.623
-70.414
-70.451
-70.437
-70.172
-70.209
-70.17
-69.853
-69.829
-69.737
-69.498
-69.64
-69.819
-69.88
-69.634
-69.518
-69.45
-69.269
-69.196
-69.548
-69.528
-69.487
-69.286
-69.143
-68.884
-68.75
-68.855
-69.17
-69.057
-69.171
-69.387
-69.176
-69.529
-69.673
-69.562
-69.578
-69.618
-69.7
-69.676
-70.148
-69.952
-69.964
-70.007
-69.828
-69.76
-69.6
-69.406
-69.407
-69.293
-69.126
-68.961
-68.758
-68.829
-68.627
-68.851
-68.854
-68.699
-68.906
