-84.617
-84.905
-84.769
-84.401
-84.706
-84.694
-84.879
-84.733
-84.715
-84.684
-84.679
-84.939
-85.005
-84.73
-84.627
-84.577
-84.552
-84.628
-84.646
-84.788
-84.784
-84.827
-84.711
-84.934
-84.902
-84.747
-84.75
-84.653
-84.339
-84.213
-84.233
-84.276
-84.502
-84.664
-84.593
-84.538
-84.783
-84.378
-84.497
-84.399
-84.151
-83.968
-83.909
-83.563
-83.437
-83.225
-82.901
-82.651
-82.709
-83.074
-83.14
-82.984
-83.098
-82.969
-83.134
-83.132
-83.086
-82.998
-82.979
-83.113
-82.904
-82.87
-82.872
-82.786
-82.682
-82.667
-82.618
-82.537
-82.791
-82.875
-82.984
-83.021
-82.933
-83.059
-83.211
-83.214
-83.351
-83.3
-83.293
-83.423
-83.53
-83.482
-83.548
-83.542
-83.957
-83.947
-83.81
-83.99
-83.886
-83.709
-83.714
-83.679
-83.758
-83.997
-84.021
-83.84
-84.055
-83.82
-83.842
-84.132
-84.313
-84.296
-84.165
-84.243
-84.143
-84.027
-84.117
-84.409
-84.346
-84.362
-84.828
-84.73
-85.073
-84.967
-84.931
-85.369
-85.34
-85.249
-85.023
-85.21
-84.997
-85.004
-84.988
-85.081
-85.438
-85.522
-85.46
-85.585
-85.536
-85.402
-85.44
-85.502
-85.625
-85.483
-85.472
-85.143
-84.943
-84.705
-84.622
-84.267
-84.424
-84.613
-84.838
-84.611
-84.693
-84.578
-84.426
-84.393
-84.52
-84.02
-83.916
-83.839
-83.624
-83.405
-83.481
-83.532
-83.635
-83.898
-84.009
-83.936
-84.303
-84.63
-84.531
-84.331
-84.132
-84.029
-83.97
-83.833
-83.94
-83.726
-83.717
-83.851
-84.017
-83.837
-83.741
-83.787
-83.888
-83.882
-84.103
-83.91
-84.21
-84.576
-84.678
-84.653
-84.579
-84.643
-84.466
-84.623
-84.582
-84.338
-84.524
-84.552
-84.516
-84.376
-84.689
-84.757
-84.679
-84.606
-84.403
-84.305
-84.722
-84.654
-84.626
-85.093
-84.964
-84.781
-84.613
-84.662
-84.598
-84.787
-84.852
-84.852
-84.868
-84.897
-84.823
-84.827
-84.769
-84.82
-84.613
-84.618
-84.672
-84.515
-84.453
-84.556
-84.526
-84.474
-84.758
-85.056
-85.091
-85.101
-85.11
-85.241
-84.991
-85.176
-85.247
-85.248
-85.015
-84.947
-84.956
-84.832
-85.015
-84.734
-84.541
-84.635
-84.392
-84.675
-85.056
-85
-84.875
-84.589
-84.72
-84.57
-84.742
-84.877
-84.921
-84.83
-85.056
-84.728
-84.499
-84.7
-84.75
-84.865
-84.726
-84.828
-84.622
-84.572
-84.584
-84.397
-84.369
-84.426
-84.395
-84.261
-83.923
-83.601
-83.662
-83.562
-83.447
-83.21
-83.222
-83.144
-83.26
-83.413
-83.593
-83.591
-83.767
-83.853
-83.717
-83.733
-83.679
-83.848
-83.772
-83.624
-83.757
-83.882
-83.732
-83.891
-83.872
-83.887
-83.87
-83.957
-84.203
-84.084
-84.001
-84.058
-83.945
-84.179
-84.318
-84.433
-84.412
-84.172
-83.92
-84.037
-84.054
-84.172
-84.222
-84.133
-84.094
-83.937
-83.893
-83.986
-83.874
-83.72
-83.548
-83.495
-83.279
-83.112
-83.021
-82.995
-83.15
-83.154
-82.587
-82.005
-81.943
-81.452
-80.985
-80.453
-80.417
-80.201
-80.172
-80.156
-80.069
-80.049
-79.974
-79.94
-79.926
-80.041
-79.809
-79.905
-80.058
-79.766
-79.589
-79.533
-79.362
-79.274
-79.097
-79.378
-79.626
-79.967
-80.304
-80.266
-80.051
-80.098
-79.963
-80.032
-79.943
-79.835
-79.983
-79.999
-79.833
-80.075
-79.923
-79.718
-79.876
-80.024
-80.065
-79.912
-79.904
-79.804
-79.881
-79.813
-79.969
-80.124
-80.02
-79.983
-80.057
-80.033
-80.076
-80.124
-79.944
-79.941
-79.993
-80.128
-80.238
-80.237
-80.283
-80.397
-80.342
-80.458
-80.458
-80.071
-79.967
-79.976
-79.839
-79.877
-79.964
-79.62
-79.797
-79.709
-79.755
-79.881
-80.043
-79.907
-79.845
-79.675
-79.719
-79.67
-79.726
-79.803
-80.067
-80.061
-80.025
-80.229
-79.968
-80.162
-79.926
-79.972
-79.795
-79.975
-79.513
-79.718
-79.713
-79.689
-79.742
-79.55
-79.876
-79.693
-79.913
-79.942
-79.849
-79.608
-79.995
-80.148
-79.976
-79.989
-80.03
-80.14
-80.167
-80.216
-80.299
-80.276
-80.078
-80.123
-80.182
-79.954
-79.75
-79.844
-79.94
-79.979
-79.878
-79.836
-79.913
-79.962
-80.1
-79.991
-80.037
-79.931
-79.908
-80.055
-80.134
-80.463
-80.49
-80.45
-80.707
-80.528
-80.32
-79.965
-79.936
-79.857
-80.065
-79.979
-80.011
-79.962
-79.847
-80.009
-79.834
-79.771
-79.673
-79.855
-79.783
-79.916
-79.807
-79.852
-79.903
-80.077
-80.154
-79.959
-79.64
-79.722
-79.435
-79.67
-79.842
-79.757
-79.816
-79.793
-79.935
-80.109
-79.9
-80.081
-80.134
-80.092
-79.972
-79.994
-79.782
-79.973
-80.063
-79.971
-80.024
-80.252
-80.214
-80.239
-80.196
-79.973
-80.065
-80.139
-80.102
-80.117
-80.219
-80.184
-80.274
-80.114
-80.014
-80.105
-80.242
-80.146
-80.027
-80.088
-80.085
-80.053
-79.893
-80.215
-80.079
-80.035
-80.066
-80.045
-80.149
-80.512
-80.473
-80.568
-80.105
-80.099
-80.036
-80.184
-79.971
-80.061
-80.052
-80.093
-80.186
-80.214
-80.132
-80.175
-80.201
-80.265
-80.513
-80.502
-80.549
-80.341
-80.381
-80.367
-80.307
-80.101
-80.333
-80.087
-80.051
-79.98
-79.949
-79.842
-79.835
-79.725
-79.615
-79.697
-79.727
-79.907
-80.072
-79.859
-79.757
-79.702
-79.932
-79.797
-79.55
-79.705
-79.765
-79.656
-79.822
-79.848
-79.724
-79.783
-79.841
-79.847
-79.933
-80.021
-80.256
-80.145
-79.976
-79.935
-79.986
-80.105
-80.191
-80.476
-80.455
-80.286
-80.194
-79.939
-80.042
-80.107
-80.154
-80.295
-80.144
-79.98
-80.038
-80.108
-80.152
-79.983
-79.981
-79.977
-79.968
-80.26
