-70.154
-70.427
-70.472
-70.833
-71.041
-71.196
-71.172
-71.226
-71.549
-71.717
-71.619
-71.583
-71.529
-71.298
-71.305
-71.319
-71.554
-71.677
-71.832
-71.844
-71.88
-71.856
-71.729
-71.763
-71.431
-71.106
-71.05
-71.002
-71.231
-71.426
-71.272
-71.121
-71.102
-71.053
-70.86
-70.834
-70.769
-71.065
-71.104
-70.8
-70.615
-70.477
-70.371
-70.053
-69.925
-70.22
-70.214
-70.216
-70.137
-70.318
-70.274
-70.37
-70.422
-70.37
-70.37
-70.348
-70.267
-70.001
-69.813
-69.831
-69.711
-69.617
-69.883
-70.031
-70.133
-70.334
-69.997
-70.074
-69.923
-69.831
-69.997
-69.971
-69.945
-69.999
-70.241
-70.388
-70.539
-70.454
-70.605
-70.591
-70.595
-70.692
-70.879
-70.752
-70.641
-70.592
-70.629
-70.563
-70.531
-70.578
-70.614
-70.424
-70.562
-70.442
-70.524
-70.43
-70.341
-70.276
-70.255
-69.92
-70.328
-70.178
-70.286
-70.365
-70.291
-70.425
-70.349
-70.227
-70.544
-70.413
-70.29
-70.292
-70.413
-70.56
-70.613
-70.562
-70.514
-70.828
-71.229
-71.414
-71.278
-71.422
-71.488
-71.894
-71.832
-72.213
-72.28
-72.217
-72.128
-72.285
-72.247
-72.218
-72.179
-72.083
-72.151
-72.329
-72.297
-72.098
-72.124
-71.915
-71.902
-72.125
-71.747
-71.668
-71.839
-71.946
-71.706
-71.685
-71.863
-71.928
-71.934
-71.767
-71.682
-71.494
-71.659
-71.359
-71.563
-71.399
-71.318
-71.125
-70.695
-70.596
-70.414
-70.48
-70.549
-70.814
-70.649
-70.527
-70.384
-70.506
-70.5
-70.493
-70.329
-70.175
-70.277
-70.172
-70.308
-70.246
-70.282
-70.743
-70.562
-70.563
-70.506
-70.733
-70.473
-70.769
-70.715
-70.883
-70.997
-70.992
-71.333
-71.338
-71.527
-71.168
-71.164
-71.468
-71.884
-71.843
-71.521
-71.301
-71.263
-71.247
-71.147
-71.22
-71.218
-71.291
-71.511
-71.25
-71.439
-71.659
-71.454
-71.126
-71.098
-70.981
-71.024
-70.972
-71.217
-71.174
-71.286
-71.2
-71.117
-70.943
-71.054
-70.93
-70.972
-70.911
-70.962
-71.11
-70.985
-70.787
-70.891
-70.861
-70.989
-70.975
-70.859
-70.732
-70.866
-70.734
-70.918
-71.17
-71.292
-71.333
-71.592
-71.658
-71.774
-71.62
-71.667
-71.649
-71.632
-71.694
-71.804
-71.847
-71.512
-71.494
-71.493
-71.225
-71.429
-71.504
-71.393
-71.533
-71.615
-71.448
-71.266
-71.307
-71.164
-71.163
-71.27
-71.285
-71.472
-71.387
-71.32
-71.147
-71.035
-71.015
-71.26
-71.332
-71.514
-71.469
-71.645
-71.477
-71.593
-71.641
-71.528
-71.751
-71.97
-71.756
-71.786
-71.881
-71.956
-72.152
-72.268
-72.317
-72.382
-72.352
-72.204
-71.971
-72.166
-72.257
-72.374
-72.3
-72.456
-72.87
-72.782
-72.695
-73.051
-72.933
-72.911
-72.773
-72.706
-72.679
-72.832
-72.826
-72.51
-72.413
-72.328
-71.973
-71.87
-71.746
-71.555
-71.609
-71.604
-71.705
-71.414
-71.538
-71.696
-71.778
-71.86
-72.03
-71.901
-71.88
-72.109
-72.112
-72.04
-72.222
-72.471
-72.21
-72.165
-72.075
-72.003
-71.854
-71.809
-71.444
-71.536
-71.483
-71.586
-72.174
-72.289
-72.304
-72.15
-72.428
-72.261
-72.489
-72.632
-72.842
-72.882
-72.768
-72.748
-72.417
-72.432
-72.317
-72.213
-72.187
-72.23
-72.063
-72.051
-72.211
-72.388
-72.111
-71.983
-72.144
-72.179
-72.389
-72.211
-72.029
-71.981
-71.648
-71.319
-71.471
-71.596
-71.238
-71.226
-71.457
-71.299
-71.418
-71.54
-71.64
-71.399
-71.293
-71.117
-71.178
-71.214
-71.033
-71.225
-71.28
-71.37
-71.625
-71.654
-71.526
-71.526
-71.376
-71.263
-71.216
-71.293
-71.482
-71.478
-71.222
-71.16
-71.447
-71.489
-71.344
-71.525
-71.29
-71.254
-71.178
-71.193
-71.313
-71.263
-71.284
-71.341
-71.38
-71.441
-71.466
-71.394
-71.312
-71.483
-71.533
-71.78
-71.752
-71.766
-71.592
-71.359
-71.316
-71.534
-71.621
-71.469
-71.479
-71.586
-71.589
-71.988
-71.82
-71.643
-71.742
-71.821
-71.454
-71.462
-71.274
-71.454
-71.445
-71.308
-71.39
-71.154
-71.142
-71.27
-71.17
-70.979
-70.993
-71.172
-71.299
-71.035
-70.88
-70.995
-71.083
-70.922
-70.497
-70.404
-70.522
-70.558
-70.563
-70.564
-70.409
-70.182
-70.013
-70.15
-70.102
-70.163
-70.071
-70.248
-70.147
-69.868
-69.821
-69.838
-69.64
-69.709
-69.914
-69.754
-69.891
-69.925
-70.041
-70.273
-70.323
-70.227
-70.129
-70.136
-70.249
-70.293
-70.333
-70.46
-70.487
-70.637
-70.44
-70.327
-70.094
-70.157
-70.144
-70.214
-70.057
-69.751
-69.936
-69.926
-69.62
-69.206
-69.262
-69.336
-69.131
-69.063
-69.36
-69.661
-69.632
-69.546
-69.472
-69.505
-69.157
-69.284
-69.296
-69.314
-69.473
-69.39
-69.497
-69.113
-69.267
-68.962
-69.052
-68.941
-68.749
-68.924
-68.841
-68.866
-69.02
-69.098
-69.16
-69.075
-69.212
-69.077
-68.991
-68.979
-69.129
-69.036
-68.848
-68.912
-68.925
-68.41
-68.39
-68.454
-68.812
-69.088
-69.434
-69.335
-69.336
-69.317
-69.644
-69.852
-69.843
-70.054
-69.883
-69.975
-70.202
-70.248
-70.139
-70.09
-70.09
-69.711
-69.788
-69.551
-69.198
-69.1
-68.987
-69.093
-68.929
-68.941
-69.054
-69.061
-69.234
-69.524
-69.379
-69.397
-69.35
-69.353
-69.347
-69.466
-69.58
-69.736
-69.919
-69.875
-70.054
-70.076
-70.058
-70.234
-70.461
-70.226
-70.393
-70.697
-70.458
-70.579
-70.672
-70.773
-70.548
-70.646
-70.679
-70.785
-70.992
-70.958
-70.934
-70.927
-70.862
-70.773
-71.019
-70.926
-71.059
-71.348
-71.128
-71.204
-71.053
-70.926
-70.969
-71.14
-71.298
