-78.602
-78.844
-78.876
-78.908
-79.205
-79.314
-79.156
-79.338
-79.378
-79.4
-79.168
-78.979
-79.13
-79.134
-78.851
-79.091
-79.128
-79.212
-79.328
-79.374
-79.121
-79.282
-79.23
-79.12
-79.401
-79.391
-79.128
-79.243
-79.356
-79.425
-79.696
-79.556
-79.366
-79.128
-79.269
-79.082
-78.875
-78.78
-78.901
-78.547
-78.418
-78.377
-78.479
-78.447
-78.436
-78.347
-78.197
-78.191
-77.874
-77.974
-77.863
-78.021
-77.91
-78.131
-77.964
-77.76
-77.95
-78.006
-78.007
-78.012
-77.777
-78.192
-78.435
-78.327
-78.603
-78.431
-78.601
-78.716
-78.75
-78.773
-78.36
-78.234
-78.47
-79.025
-78.96
-79.178
-78.817
-79.001
-78.928
-79.002
-79.113
-78.994
-79.216
-79.035
-78.985
-79.046
-79.143
-79.19
-79.158
-79.315
-78.998
-78.842
-78.931
-78.79
-78.641
-78.589
-78.796
-79.007
-78.908
-78.916
-78.931
-78.753
-78.554
-78.454
-78.533
-78.651
-78.423
-77.995
-77.976
-77.752
-78.173
-78.107
-78.215
-78.262
-78.494
-78.418
-78.612
-78.605
-78.496
-78.427
-78.338
-78.235
-78.259
-78.202
-77.914
-77.913
-78.01
-77.875
-77.967
-78.086
-78.325
-78.334
-78.538
-78.298
-78.37
-78.315
-78.12
-78.054
-78.019
-78.364
-78.212
-78.206
-78.209
-78.278
-78.588
-78.493
-78.387
-78.23
-78.348
-78.285
-78.158
-78.132
-78.218
-78.098
-78.416
-78.674
-78.659
-78.847
-78.733
-78.801
-78.494
-78.28
-78.489
-78.306
-78.429
-78.551
-78.574
-78.875
-78.852
-79.104
-79.071
-78.916
-78.707
-78.852
-78.962
-78.894
-78.889
-78.745
-78.784
-78.803
-78.844
-78.803
-78.531
-78.705
-78.368
-78.548
-78.42
-78.436
-78.328
-78.506
-78.699
-78.664
-78.925
-78.779
-78.532
-78.869
-78.826
-78.793
-78.735
-78.845
-78.728
-78.769
-78.718
-78.376
-78.594
-78.389
-78.351
-78.383
-78.311
-78.409
-78.212
-78.083
-78.249
-77.963
-77.952
-78.124
-77.862
-77.674
-77.091
-76.782
-75.822
-75.164
-74.433
-73.738
-73.346
-72.593
-72.008
-71.299
-70.98
-70.421
-69.79
-69.166
-69.067
-68.836
-68.346
-67.854
-67.362
-66.913
-66.669
-66.268
-66.052
-66.071
-65.913
-65.503
-65.478
-65.685
-65.389
-65.2
-65.057
-64.87
-65.14
-64.967
-64.846
-64.563
-64.46
-64.37
-63.941
-63.856
-63.704
-63.68
-63.794
-63.506
-63.465
-63.305
-63.09
-62.849
-62.632
-62.633
-62.399
-62.397
-62.572
-62.405
-62.542
-62.483
-62.473
-62.317
-62.567
-62.65
-62.52
-62.544
-62.882
-62.777
-62.673
-62.806
-63.081
-63.098
-63.235
-63.313
-63.417
-63.219
-63.086
-63.12
-63.109
-62.905
-63.067
-63.208
-63.34
-63.281
-63.191
-63.173
-63.262
-62.894
-62.891
-63.23
-63.373
-63.416
-63.312
-63.445
-63.715
-63.82
-63.851
-63.973
-64.074
-64.245
-64.157
-64.07
-63.851
-63.463
-63.393
-63.552
-63.47
-63.625
-63.731
-63.792
-63.87
-63.792
-63.896
-63.886
-63.85
-63.958
-64.194
-64.039
-63.917
-64.021
-63.953
-63.985
-64.096
-64.279
-63.976
-64.219
-64.214
-64.279
-64.134
-64.034
-64.519
-64.85
-64.901
-64.923
-65.02
-64.919
-64.836
-64.969
-64.938
-65.048
-65.152
-64.932
-64.912
-64.899
-65.205
-65.166
-65.201
-65.631
-65.873
-65.96
-65.676
-65.735
-65.781
-65.651
-65.65
-65.752
-65.766
-65.527
-65.754
-65.946
-66.131
-65.95
-65.938
-65.749
-65.9
-66.156
-66.476
-66.627
-66.804
-66.719
-66.587
-66.509
-66.248
-66.588
-66.601
-66.468
-66.314
-66.435
-66.199
-66.401
-66.642
-66.733
-66.779
-67.114
-67.236
-67.013
-67.355
-67.529
-67.645
-67.53
-67.979
-67.966
-67.829
-67.899
-67.915
-67.961
-68.2
-68.139
-68.054
-67.923
-67.99
-68.015
-68.275
-68.319
-68.233
-68.179
-68.076
-68.013
-67.991
-67.951
-68.104
-68.008
-68.044
-68.092
-68.111
-67.936
-67.913
-68.024
-67.953
-68.101
-68.221
-68.051
-68.103
-68.187
-68.207
-68.311
-68.387
-68.208
-68.048
-67.966
-67.994
-68.041
-67.717
-67.824
-67.852
-68.206
-68.14
-68.218
-68.171
-68.404
-68.301
-68.215
-68.077
-67.966
-68.077
-68.152
-68.266
-68.519
-68.387
-68.355
-68.485
-68.611
-68.507
-68.438
-68.236
-68.039
-68.147
-68.209
-68.008
-67.973
-68.277
-68.545
-68.548
-68.712
-68.763
-68.767
-68.828
-68.89
-68.891
-68.947
-68.748
-68.628
-68.692
-68.605
-68.864
-68.495
-68.686
-68.544
-68.577
-68.445
-68.341
-68.254
-68.193
-67.956
-67.724
-67.877
-67.664
-67.454
-67.648
-67.723
-67.639
-67.674
-67.566
-67.7
-67.763
-67.579
-67.243
-67.541
-67.498
-67.64
-67.407
-67.478
-67.692
-67.944
-67.809
-67.858
-67.868
-67.913
-67.772
-67.63
-67.541
-67.514
-67.585
-67.71
-67.517
-67.491
-67.484
-67.48
-67.325
-67.436
-67.355
-67.301
-67.142
-67.171
-66.942
-66.934
-66.674
-66.854
-67.142
-67.007
-67.203
-67.345
-67.472
-67.218
-67.075
-67.357
-67.341
-67.594
-67.765
-67.806
-67.843
-67.88
-67.826
-67.905
-67.783
-68.092
-68.182
-68.052
-68.174
-68.066
-68.435
-68.198
-68.163
-68.056
-68.13
-68.17
-68.439
-68.608
-68.569
-68.578
-68.465
-68.157
-68.25
-68.325
-68.342
-68.234
-68.529
-68.341
-68.21
-68.627
-68.932
-68.828
-68.924
-68.956
-68.802
-69.04
-69.206
-69.243
-69.367
-69.289
-69.793
-69.633
-69.841
-69.959
-69.957
-69.857
-70.143
-69.813
-69.949
-69.935
-70.244
-70.56
-70.598
-70.744
-70.877
-71.067
-71.172
-71.395
-71.32
-71.6
-71.605
-71.318
-71.44
-71.444
-71.43
-71.24
-71.257
-71.515
-71.581
-71.839
-71.942
-72.101
