-74.619
-74.677
-74.623
-74.998
-75.036
-74.784
-74.442
-74.237
-74.19
-74.133
-73.732
-73.91
-73.764
-73.51
-73.394
-73.123
-72.945
-72.802
-72.805
-72.442
-72.239
-72.495
-72.382
-72.161
-72.324
-72.271
-72.442
-72.223
-72.101
-72.103
-71.972
-71.842
-71.616
-71.681
-71.793
-71.99
-71.939
-71.746
-72.002
-72.305
-72.536
-72.501
-72.398
-72.258
-72.152
-72.086
-72.216
-71.908
-71.951
-71.887
-71.861
-71.834
-72.161
-72.202
-72.324
-72.241
-72.23
-71.991
-71.786
-71.819
-71.989
-72.035
-72.559
-72.148
-72.086
-72.567
-72.674
-72.479
-72.446
-72.418
-72.342
-72.382
-72.546
-72.319
-72.321
-72.447
-72.146
-72.169
-72.122
-72.132
-72.471
-72.469
-72.532
-72.59
-72.459
-72.754
-72.773
-72.935
-72.932
-72.634
-72.794
-72.827
-73.156
-72.963
-72.899
-72.862
-72.357
-72.466
-72.347
-72.487
-72.265
-72.334
-72.065
-72.205
-72.055
-71.985
-72.15
-72.148
-72.164
-72.288
-72.528
-72.326
-72.176
-72.389
-72.504
-72.546
-72.514
-72.412
-72.154
-72.364
-72.048
-72.124
-72.137
-71.866
-71.635
-71.742
-71.788
-71.873
-71.341
-71.14
-71.08
-70.837
-70.814
-70.698
-70.661
-70.72
-70.949
-70.816
-70.866
-70.72
-70.35
-70.504
-70.462
-70.37
-70.047
-69.508
-69.162
-68.562
-68.03
-67.309
-66.631
-66.166
-65.65
-64.953
-64.728
-64.419
-64.325
-63.997
-63.767
-63.651
-63.289
-63.03
-62.901
-62.362
-62.325
-61.904
-61.881
-61.66
-61.261
-61.007
-60.723
-60.253
-59.942
-59.781
-59.909
-59.757
-59.597
-59.476
-59.756
-59.864
-59.679
-59.83
-59.744
-59.743
-59.641
-59.636
-59.426
-59.559
-59.453
-59.413
-59.24
-59.239
-59.39
-59.414
-59.402
-59.355
-59.244
-59.253
-58.825
-58.917
-58.992
-59.068
-59.146
-58.894
-59.032
-58.877
-59.103
-59.242
-59.093
-59.051
-59.164
-59.256
-59.131
-59.076
-59.167
-59.334
-59.529
-59.473
-59.469
-59.841
-59.755
-60.081
-60.234
-60.183
-60.226
-60.183
-60.118
-60.024
-60.095
-60.281
-60.108
-60.097
-60.192
-60.304
-60.461
-60.621
-60.749
-61.031
-61.326
-61.227
-61.475
-61.754
-61.897
-61.934
-61.764
-61.721
-61.529
-61.318
-61.461
-61.527
-61.594
-61.528
-61.488
-61.475
-61.828
-61.822
-61.473
-61.088
-60.89
-60.98
-60.799
-60.748
-60.801
-60.796
-60.846
-61.066
-61.218
-61.434
-61.254
-61.316
-61.426
-61.268
-61.483
-61.214
-61.334
-61.402
-61.337
-61.404
-61.497
-61.571
-61.712
-61.921
-61.745
-61.835
-61.99
-62.037
-62.261
-62.278
-62.206
-62.104
-62.004
-62.165
-62.291
-62.057
-62.156
-62.11
-62.299
-62.602
-62.299
-62.322
-62.633
-62.432
-62.436
-62.497
-62.725
-62.304
-62.597
-62.839
-62.749
-62.785
-62.836
-63.221
-63.542
-63.618
-63.741
-63.663
-63.597
-63.799
-63.862
-63.689
-63.865
-64.495
-64.734
-64.668
-64.532
-64.555
-64.632
-64.482
-64.353
-64.476
-64.561
-64.507
-64.342
-64.459
-64.361
-64.717
-64.718
-64.61
-64.715
-64.587
-64.44
-63.913
-63.391
-62.806
-62.166
-61.485
-60.612
-59.827
-59.2
-58.614
-58.038
-57.573
-56.818
-56.284
-55.798
-55.346
-54.768
-54.48
-54.024
-53.599
-53.243
-52.893
-52.461
-52.496
-52.223
-51.93
-51.684
-51.376
-51.195
-50.912
-50.555
-50.034
-49.313
-48.791
-48.618
-48.243
-47.619
-47.135
-46.308
-45.005
-45
-45
-45
-45
-45
-45
-45
-45
-45
-45
-45
-45
-45
-45
-45
-45
-45
-45
-46.019
-50.083
-53.653
-56.609
-58.685
-60.008
-61.025
-61.965
-62.531
-63.108
-63.616
-63.537
-63.488
-63.887
-64.209
-64.216
-64.201
-63.966
-64.256
-64.32
-64.448
-64.43
-64.26
-64.193
-64.437
-64.483
-64.434
-64.761
-64.866
-64.526
-64.34
-64.072
-64.083
-64.196
-64.242
-64.169
-64.01
-63.945
-63.812
-64.012
-64.15
-64.028
-64.03
-64.287
-64.515
-64.716
-64.341
-64.165
-64.096
-64.014
-64.284
-64.496
-64.481
-64.377
-64.675
-64.631
-64.701
-64.981
-64.937
-65.034
-65.553
-65.583
-65.75
-65.94
-65.98
-66.171
-66.309
-66.506
-66.899
-67.076
-66.868
-67.074
-67.144
-67.203
-67.291
-67.31
-67.239
-67.106
-67.052
-67.189
-67.207
-67.124
-67.1
-67.258
-67.379
-67.134
-67.068
-67.064
-67.112
-67.062
-66.878
-66.689
-66.842
-66.645
-66.471
-66.371
-66.467
-66.706
-66.675
-66.806
-66.904
-66.971
-66.7
-66.326
-66.516
-66.575
-66.467
-66.304
-66.3
-66.398
-66.328
-66.607
-66.864
-66.997
-67.154
-67.213
-67.295
-67.251
-67.116
-66.914
-67.188
-67.257
-67.242
-67.326
-67.294
-67.487
-67.77
-68.232
-68.044
-68.083
-68.353
-68.662
-68.877
-69.025
-68.965
-68.914
-68.546
-68.523
-68.482
-68.591
-68.767
-68.745
-68.891
-68.768
-68.764
-68.965
-68.932
-69.141
-69.292
-69.225
-69.18
-69.271
-69.358
-69.219
-69.687
-69.67
-69.737
-69.545
-69.894
-69.998
-70.095
-70.503
-70.337
-70.477
-70.648
-70.553
-70.474
-70.385
-70.217
-70.203
-70.297
-70.357
-70.236
-70.036
-70.189
-70.087
-70.137
-70.378
-70.356
-70.327
-70.594
-70.402
-70.408
-70.576
-70.557
-70.779
-70.892
-70.834
-70.814
-70.809
-70.886
-70.928
-70.974
-71.241
-71.455
-71.299
-71.709
-71.752
-71.851
-72.081
-72.138
-72.011
-72.143
-72.245
-72.037
-72.002
-72.313
-72.267
-72.018
-72.094
-72.186
-73.309
-74.729
-75.903
-77.061
-78.169
-78.55
-78.678
-79.218
-79.394
-79.964
-79.621
-79.625
-79.618
-79.498
-79.512
-79.706
-79.979
