-75.738
-75.752
-75.951
-75.624
-75.531
-75.372
-75.491
-75.672
-76.045
-75.935
-75.849
-75.879
-75.748
-75.938
-75.837
-76.008
-75.932
-76.009
-75.98
-75.957
-75.957
-75.98
-76.177
-76.324
-76.046
-76.153
-76.156
-76.207
-76.369
-76.322
-76.204
-76.331
-76.368
-76.469
-76.332
-76.45
-76.232
-76.306
-76.307
-76.21
-76.054
-75.773
-75.769
-75.661
-75.777
-75.74
-75.611
-75.612
-75.578
-75.642
-75.692
-76.024
-75.843
-75.767
-75.747
-76.183
-75.907
-75.812
-75.573
-75.498
-75.545
-75.642
-75.416
-75.13
-75.082
-75.113
-74.737
-75.064
-75.194
-75.22
-75.048
-75.327
-75.576
-75.552
-75.428
-75.295
-75.442
-75.708
-75.823
-75.992
-76.108
-75.986
-75.975
-75.894
-75.704
-75.704
-75.992
-75.925
-75.848
-75.834
-75.485
-75.313
-75.362
-75.169
-75.254
-75.068
-75.182
-75.132
-75.245
-75.33
-74.948
-74.95
-75.232
-75.364
-75.407
-75.447
-75.579
-75.367
-75.319
-75.356
-75.31
-75.247
-75.313
-75.328
-75.364
-75.282
-75.578
-75.795
-75.628
-75.67
-75.681
-75.629
-75.761
-75.933
-75.752
-75.566
-75.202
-75.369
-75.213
-75.192
-75.273
-75.09
-75.128
-75.077
-74.981
-74.982
-74.735
-74.75
-74.685
-74.716
-74.559
-74.531
-74.669
-74.624
-74.719
-74.804
-74.591
-74.428
-74.399
-74.457
-74.521
-74.698
-74.975
-74.98
-74.712
-74.434
-74.615
-74.437
-74.417
-74.399
-74.367
-74.468
-74.417
-74.548
-74.296
-74.345
-74.521
-74.491
-74.436
-74.373
-74.436
-74.07
-74.18
-74.272
-74.378
-74.238
-74.131
-73.876
-73.812
-73.743
-73.69
-73.779
-73.757
-73.564
-73.565
-73.774
-73.793
-73.781
-73.717
-73.617
-73.779
-73.627
-73.574
-73.642
-73.708
-73.671
-73.749
-73.919
-73.762
-73.757
-73.737
-73.753
-73.897
-73.765
-73.753
-73.761
-73.788
-73.519
-73.808
-73.948
-73.768
-73.9
-73.883
-74.388
-74.635
-74.666
-74.68
-74.716
-74.571
-74.553
-74.497
-74.27
-74.472
-74.264
-74.351
-74.524
-74.67
-74.662
-74.647
-74.631
-74.527
-74.346
-74.424
-74.299
-74.273
-74.452
-74.314
-74.489
-74.522
-74.5
-74.623
-74.548
-74.656
-74.661
-74.522
-74.35
-74.102
-74.166
-73.928
-73.891
-73.96
-73.885
-73.663
-73.756
-73.901
-73.66
-73.629
-73.607
-73.735
-73.634
-73.806
-73.96
-73.766
-73.792
-73.935
-74.05
-74.41
-74.201
-73.981
-73.861
-73.708
-73.698
-73.738
-73.814
-73.69
-73.832
-74.05
-73.975
-74.056
-74.15
-74.244
-74.476
-74.388
-74.424
-74.79
-74.794
-74.834
-74.689
-74.738
-74.643
-74.91
-75.039
-74.948
-74.874
-74.908
-74.881
-74.699
-74.705
-74.583
-74.445
-74.288
-74.24
-74.503
-74.938
-74.728
-74.808
-74.946
-74.653
-74.688
-74.703
-74.647
-74.694
-74.571
-74.493
-74.45
-74.426
-74.402
-74.371
-74.545
-74.627
-74.696
-74.59
-74.693
-74.65
-74.772
-74.504
-74.354
-74.306
-74.312
-74.703
-74.62
-74.91
-75.08
-74.869
-74.896
-74.744
-74.593
-74.794
-74.617
-74.949
-74.955
-75.181
-75.1
-75.08
-74.985
-74.831
-75.078
-74.932
-75.223
-75.395
-75.059
-74.857
-74.806
-74.873
-75.026
-75.15
-75.185
-75.242
-75.573
-75.555
-75.526
-75.527
-75.57
-75.603
-75.475
-75.357
-75.671
-75.779
-75.679
-75.392
-75.363
-75.507
-75.342
-75.306
-75.137
-75.103
-74.968
-74.984
-74.813
-75.021
-74.766
-74.873
-74.903
-74.68
-74.898
-75.104
-75.246
-75.363
-75.027
-74.965
-75.078
-75.074
-75.16
-74.82
-74.928
-74.549
-74.706
-74.449
-74.284
-73.955
-73.873
-73.907
-73.943
-74.144
-74.117
-74.361
-74.302
-74.4
-74.435
-74.621
-74.701
-74.671
-74.645
-74.79
-74.905
-74.93
-75.238
-75.284
-75.524
-75.316
-75.348
-75.616
-75.521
-75.417
-75.585
-75.585
-75.555
-75.611
-75.473
-75.199
-75.256
-74.87
-74.728
-74.896
-74.761
-74.65
-74.814
-74.665
-74.375
-74.537
-74.358
-74.453
-74.429
-74.167
-74.061
-73.967
-73.7
-73.781
-73.624
-73.157
-72.932
-72.901
-72.99
-72.641
-72.24
-71.336
-70.512
-69.611
-68.957
-68.031
-67.301
-66.831
-66.045
-65.432
-64.712
-64.142
-63.823
-63.101
-62.755
-62.404
-61.9
-61.529
-61.356
-60.753
-60.51
-60.249
-59.803
-59.551
-59.299
-59.291
-59.272
-59.215
-58.954
-58.731
-58.535
-58.482
-58.364
-58.317
-58.013
-57.826
-57.615
-57.476
-57.302
-57.237
-57.196
-57.205
-57.209
-57.103
-57.116
-57.226
-56.945
-56.896
-56.954
-57.129
-56.983
-56.913
-56.694
-56.878
-57.142
-57.271
-57.076
-57.222
-57.03
-57.174
-57.022
-56.758
-56.73
-56.902
-56.919
-56.854
-56.992
-56.754
-56.903
-56.96
-56.993
-57.326
-57.353
-57.361
-57.064
-57.231
-57.216
-57.192
-57.161
-56.923
-57.189
-57.042
-57.04
-57.108
-56.971
-57.064
-56.799
-57.12
-57.168
-56.898
-57.007
-57.01
-57.033
-57.055
-57.336
-57.577
-57.683
-58.138
-58.16
-58.25
-58.264
-58.446
-58.7
-58.69
-58.661
-58.381
-58.215
-58.525
-58.521
-58.443
-58.543
-58.601
-58.73
-58.695
-58.813
-59.041
-59.027
-58.817
-58.964
-58.934
-58.95
-59.347
-59.335
-59.596
-60.06
-60.25
-60.068
-60.326
-60.331
-60.351
-60.359
-60.468
-60.516
-60.061
-59.85
-60.042
-60.084
-59.982
-59.89
-60.043
-59.97
-60.02
-60.239
-60.42
-60.527
-60.519
-60.661
-60.598
-60.599
-60.679
-60.764
-60.797
-60.728
-60.882
-61.239
-61.271
-61.799
-62.038
-61.908
-61.976
-62.271
-62.096
-62.189
-62.329
-62.228
-62.35
-62.26
-62.418
-62.359
-62.363
-62.409
-62.513
