-85.526
-85.516
-85.672
-85.931
-86.038
-86.311
-86.154
-86.064
-85.784
-85.847
-85.665
-85.594
-85.564
-85.468
-85.465
-85.149
-85.024
-84.841
-84.834
-84.531
-84.509
-84.627
-84.59
-84.72
-84.599
-84.479
-84.32
-84.653
-84.585
-84.438
-84.257
-84.262
-84.194
-84.286
-84.376
-84.827
-84.94
-85.178
-85.388
-85.435
-85.519
-85.486
-85.586
-85.736
-85.885
-85.998
-85.949
-86.155
-86.363
-86.464
-86.346
-86.231
-86.174
-86.084
-85.972
-85.815
-85.89
-86.117
-85.996
-86.17
-86.619
-86.858
-86.859
-86.953
-87.153
-87.169
-87.266
-87.261
-87.082
-87.167
-87.297
-87.259
-87.423
-87.408
-87.534
-87.677
-87.663
-87.75
-87.905
-87.928
-87.852
-87.646
-87.731
-87.471
-87.684
-87.822
-87.929
-88.09
-88.014
-87.944
-87.898
-87.823
-87.857
-87.773
-87.749
-87.489
-87.562
-87.37
-87.188
-87.007
-86.977
-87.035
-87.098
-87.121
-86.892
-87.066
-86.87
-86.712
-86.652
-86.561
-86.669
-86.59
-86.866
-86.962
-87.154
-87.035
-86.966
-87.071
-87.116
-87.195
-87.009
-86.904
-86.868
-86.853
-86.907
-87.005
-87.033
-86.917
-86.847
-86.78
-86.787
-86.641
-86.638
-86.791
-86.885
-86.807
-87.109
-86.884
-86.854
-86.849
-87.068
-86.992
-86.777
-86.79
-86.757
-86.887
-86.899
-86.736
-86.511
-86.496
-86.45
-86.455
-86.465
-86.477
-86.292
-86.243
-86.169
-86.362
-86.406
-85.925
-85.932
-85.612
-85.356
-85.108
-85.132
-85.358
-85.356
-85.167
-84.889
-85.138
-85.299
-85.25
-85.105
-85.146
-85.274
-85.445
-85.522
-85.479
-85.361
-85.423
-85.055
-84.874
-85.13
-85.284
-85.353
-85.485
-85.465
-85.759
-85.843
-86.027
-85.887
-85.921
-85.662
-85.918
-85.933
-86.068
-85.892
-85.941
-86.109
-86.247
-86.021
-86.007
-86.103
-86.017
-86.098
-85.698
-85.346
-85.269
-85.505
-85.506
-85.327
-85.263
-85.221
-85.04
-84.989
-84.995
-85.143
-84.986
-84.853
-85.002
-84.99
-85.049
-84.899
-84.937
-84.968
-84.798
-84.523
-84.413
-84.628
-84.752
-84.793
-85.002
-84.769
-84.683
-84.768
-84.694
-84.726
-84.71
-84.537
-84.618
-84.634
-84.572
-84.493
-84.759
-84.768
-84.877
-84.81
-84.683
-84.554
-84.678
-84.489
-84.293
-84.32
-84.602
-84.415
-84.493
-84.352
-84.291
-84.298
-84.606
-84.7
-84.721
-84.678
-84.302
-84.13
-84.255
-84.315
-84.171
-83.715
-83.538
-83.538
-83.253
-82.896
-82.624
-81.813
-81.533
-81.377
-80.946
-80.502
-80.044
-80.045
-79.969
-79.764
-79.469
-79.332
-79.018
-79.2
-78.978
-78.627
-78.555
-78.173
-77.96
-77.789
-77.689
-77.533
-77.519
-77.373
-77.149
-77.175
-77.119
-76.979
-76.753
-77.047
-77.167
-77.145
-76.975
-77.025
-76.78
-76.845
-76.643
-76.536
-76.596
-76.65
-76.516
-76.683
-76.724
-76.385
-76.473
-76.754
-76.61
-76.546
-76.654
-76.673
-76.91
-77.023
-77.236
-77.37
-77.493
-77.565
-77.415
-77.104
-77.361
-77.322
-77.209
-77.281
-77.216
-77.286
-77.696
-77.749
-77.644
-77.436
-77.521
-77.562
-77.515
-77.855
-78.037
-78.123
-77.892
-77.592
-77.623
-77.599
-77.751
-77.677
-77.969
-77.884
-77.928
-77.809
-77.998
-77.92
-77.935
-77.894
-77.85
-78.031
-78.217
-77.718
-77.577
-77.529
-77.812
-77.896
-78.011
-77.924
-77.874
-77.685
-77.434
-77.443
-77.741
-77.789
-77.953
-78.056
-78.046
-78.245
-78.22
-78.345
-78.332
-78.471
-78.603
-78.875
-78.914
-79.02
-79.04
-79.011
-79.156
-78.879
-78.855
-78.92
-78.725
-78.671
-78.703
-78.573
-78.556
-78.6
-78.583
-78.66
-78.545
-78.743
-78.898
-79.059
-78.87
-78.451
-78.305
-78.536
-78.582
-78.628
-78.813
-79.046
-78.979
-78.992
-78.862
-78.869
-78.688
-78.75
-78.947
-79.046
-79.365
-79.505
-79.601
-79.785
-79.783
-79.777
-79.549
-79.757
-79.885
-80.065
-80.073
-79.767
-79.993
-79.737
-79.818
-79.986
-79.888
-80.083
-80.338
-80.643
-80.85
-80.639
-81.117
-81.234
-81.383
-81.668
-81.449
-81.442
-81.569
-81.392
-81.214
-81.196
-81.219
-81.408
-81.331
-81.227
-81.207
-81.148
-81.212
-81.106
-81.365
-81.333
-81.231
-81.307
-81.091
-80.918
-80.932
-81.253
-81.195
-81.055
-81.006
-81.062
-80.742
-80.828
-80.695
-80.411
-80.5
-80.436
-80.212
-80.518
-80.468
-80.539
-80.563
-80.89
-81.089
-80.895
-80.928
-80.982
-81.086
-81.182
-81.13
-80.929
-80.945
-81.077
-81.001
-81.138
-81.209
-81.193
-81.088
-81.04
-80.869
-80.971
-81.011
-81.024
-80.999
-80.934
-81.245
-81.302
-81.286
-81.292
-81.325
-81.503
-81.501
-81.469
-81.475
-81.628
-81.871
-81.841
-81.587
-81.556
-81.591
-81.709
-81.595
-81.46
-81.224
-80.951
-80.802
-80.517
-80.355
-80.318
-80.099
-80.052
-80.29
-80.142
-80.018
-80.154
-79.963
-79.973
-80.073
-79.914
-80.126
-80.113
-80.247
-80.391
-80.347
-80.336
-80.421
-80.192
-79.998
-79.618
-79.459
-79.559
-79.372
-79.49
-79.419
-79.368
-79.167
-79.262
-79.456
-79.6
-79.662
-79.301
-79.34
-79.213
-79.138
-79.262
-79.372
-79.314
-79.605
-79.564
-79.594
-79.697
-79.551
-79.603
-79.384
-79.3
-79.256
-79.264
-79.103
-79.175
-79.068
-78.877
-78.904
-79.005
-78.669
-78.596
-78.405
-78.392
-78.542
-78.623
-78.967
-79.16
-79.052
-78.974
-78.836
-78.739
-78.921
-79.086
-79.391
-79.417
-79.714
-79.494
-79.246
-79.175
-79.04
-79.269
-79.528
-79.689
-79.773
-79.54
-79.611
-79.738
-79.927
-79.99
-80.106
-80.119
-80.162
-80.015
-79.729
-79.842
-79.657
-79.731
-79.832
