-81.878
-82.078
-82.187
-82.277
-82.191
-81.799
-81.675
-81.634
-81.777
-81.282
-81.236
-81.632
-81.579
-81.462
-81.302
-81.409
-81.594
-81.321
-81.448
-81.525
-81.664
-81.557
-81.364
-81.433
-81.359
-81.345
-81.217
-81.288
-80.961
-80.708
-80.494
-80.488
-80.251
-80.347
-80.194
-80.092
-79.936
-80.358
-80.176
-80.248
-80.642
-80.805
-80.584
-80.852
-81.261
-81.36
-80.824
-81.033
-80.78
-80.577
-80.31
-80.152
-80.476
-80.379
-80.499
-80.436
-80.461
-80.245
-80.22
-80.16
-80.033
-79.967
-80.084
-80.235
-80.295
-80.415
-80.259
-80.435
-80.213
-80.24
-80.578
-80.71
-80.879
-80.839
-80.77
-80.912
-80.919
-80.777
-80.609
-80.569
-80.638
-80.972
-80.834
-80.777
-80.709
-80.839
-81.112
-81.171
-81.426
-81.646
-82.042
-82.218
-82.112
-81.895
-81.966
-81.991
-81.845
-81.67
-81.737
-81.686
-81.781
-81.901
-82.066
-82.082
-82.029
-81.952
-82.063
-82.144
-81.974
-81.796
-81.687
-81.533
-81.365
-81.394
-81.389
-81.1
-80.765
-80.934
-81.039
-81.073
-81.204
-81.086
-81.102
-81.313
-81.312
-81.332
-80.992
-81.104
-80.959
-81.056
-81.214
-81.128
-81.35
-81.245
-81.061
-81.172
-81.05
-81.184
-81.091
-81.038
-81.14
-81.338
-81.49
-81.134
-81.23
-81.294
-81.181
-81.146
-81.473
-81.558
-81.699
-81.804
-81.918
-81.898
-81.883
-81.721
-81.635
-81.506
-81.532
-81.315
-81.543
-81.276
-81.433
-81.057
-80.72
-80.695
-80.782
-80.585
-80.524
-81.044
-81.213
-81.05
-81.268
-81.54
-81.819
-81.721
-81.677
-81.826
-81.783
-81.852
-81.478
-81.542
-81.153
-80.759
-80.829
-80.905
-80.841
-81.135
-81.099
-80.958
-81.274
-81.038
-80.88
-80.796
-80.638
-80.543
-80.459
-80.606
-80.391
-80.627
-80.525
-80.475
-80.698
-80.532
-80.679
-80.68
-80.616
-80.489
-80.5
-80.68
-80.838
-81.172
-81.226
-81.178
-81.264
-81.746
-81.754
-81.563
-81.638
-81.628
-81.622
-81.676
-81.488
-81.486
-81.825
-81.842
-81.877
-81.983
-81.831
-81.949
-81.785
-81.779
-81.879
-82.057
-82.045
-82.075
-82.258
-82.147
-82.249
-82.347
-82.409
-82.292
-82.17
-82.1
-81.766
-81.966
-81.899
-81.656
-81.761
-82.123
-81.986
-82.056
-82.133
-82.235
-82.26
-82.409
-82.655
-82.576
-82.921
-82.875
-83.334
-83.643
-83.741
-83.745
-83.573
-83.483
-83.521
-83.586
-83.524
-83.323
-83.275
-83.488
-83.475
-83.469
-83.4
-83.148
-82.677
-82.631
-82.454
-82.011
-81.793
-81.638
-81.251
-80.792
-80.543
-80.394
-79.894
-79.789
-79.856
-79.712
-79.532
-79.418
-79.119
-79.027
-79.02
-78.862
-78.969
-78.742
-78.544
-78.599
-78.115
-77.901
-77.685
-77.528
-77.192
-77.06
-76.669
-76.097
-75.627
-75.258
-75.19
-74.682
-74.348
-74.106
-73.893
-73.979
-73.63
-73.281
-73.247
-73.113
-72.957
-72.685
-72.879
-72.918
-73.151
-72.848
-72.6
-72.443
-72.271
-72.178
-71.949
-72.212
-72.465
-72.393
-72.597
-72.549
-72.179
-72.369
-72.306
-72.083
-72.017
-72.046
-71.974
-71.876
-71.989
-71.831
-71.824
-71.832
-71.747
-71.514
-71.513
-71.314
-71.104
-71.082
-71.053
-71.137
-71.011
-70.82
-71.017
-71.085
-71.153
-71.288
-70.991
-71.069
-71.006
-70.912
-70.914
-70.881
-70.806
-70.432
-70.001
-69.697
-69.544
-69.293
-68.578
-68.467
-68.331
-68.129
-68.233
-67.814
-67.63
-67.724
-67.377
-67.531
-67.418
-67.538
-67.48
-67.366
-67.205
-67.121
-67.227
-67.063
-66.868
-66.884
-66.911
-66.918
-66.831
-66.942
-66.867
-66.797
-66.985
-67.075
-67.02
-66.813
-66.661
-66.601
-66.427
-66.345
-66.054
-66.036
-66.005
-66.31
-66.205
-66.346
-66.364
-66.372
-66.359
-66.434
-66.379
-66.476
-66.645
-66.642
-66.321
-66.454
-66.644
-66.564
-66.438
-66.364
-66.347
-66.196
-66.204
-66.337
-66.421
-66.472
-66.557
-66.335
-66.495
-66.296
-66.171
-66.318
-66.379
-66.452
-67.42
-69.822
-72.083
-73.744
-75.48
-76.71
-77.637
-78.123
-78.606
-78.611
-78.796
-78.802
-78.973
-79.005
-79.021
-79.079
-79.214
-79.098
-79.212
-79.45
-79.535
-79.503
-79.26
-79.235
-79.443
-79.51
-79.492
-79.554
-79.633
-79.617
-79.732
-79.859
-79.922
-79.786
-79.78
-79.928
-79.568
-79.57
-79.844
-79.695
-79.629
-79.57
-79.763
-79.957
-79.886
-79.517
-79.397
-79.638
-80.047
-80.034
-80.276
-80.566
-80.412
-80.604
-80.44
-80.189
-79.998
-79.902
-79.648
-79.786
-79.736
-79.608
-79.751
-79.744
-79.72
-79.879
-80.137
-80.138
-79.773
-79.86
-80.143
-80.134
-80.071
-80.029
-80.221
-80.215
-80.213
-80.048
-79.873
-79.945
-80.049
-79.883
-79.889
-79.985
-79.947
-80.054
-79.968
-80.006
-80.12
-80.224
-80.1
-80.101
-79.994
-80.155
-80.019
-79.912
-79.779
-79.718
-79.445
-79.312
-79.126
-79.125
-79.005
-78.641
-78.492
-78.282
-78.092
-78.053
-78.1
-78.028
-77.899
-77.64
-77.416
-77.522
-77.71
-78.114
-77.938
-78.401
-78.576
-78.845
-79.02
-79.087
-79.06
-79.11
-79.322
-79.406
-79.216
-79.304
-79.059
-79.158
-79.306
-79.331
-79.424
-79.492
-79.813
-79.763
-79.802
-79.725
-79.648
-79.817
-79.822
-79.619
-80.023
-79.916
-80.199
-79.937
-79.895
-79.892
-79.614
-79.595
-79.801
-79.644
-79.796
-79.741
-79.774
-79.767
-79.841
-79.706
-79.859
-79.938
-79.993
-80.058
-80.004
-80.09
-79.999
-80.104
-79.858
-79.897
-79.872
-79.975
-79.953
-80.209
-80.016
-80.185
-80.182
-80.158
-80.174
-80.149
-80.092
-79.908
-80.098
-80.043
-80.071
-79.706
