-73.766
-73.531
-73.407
-73.356
-73.296
-73.487
-73.152
-73.142
-72.669
-72.543
-72.619
-72.688
-72.841
-72.83
-72.629
-72.898
-72.751
-72.877
-72.957
-72.938
-72.927
-72.971
-72.986
-73.013
-73.197
-73.175
-73.016
-73.184
-73.294
-73.239
-73.43
-73.461
-73.692
-73.57
-73.794
-73.572
-73.549
-73.647
-73.675
-73.549
-73.395
-73.131
-73.046
-73.105
-73.515
-73.702
-73.815
-73.797
-73.869
-73.969
-74.033
-73.838
-73.623
-73.207
-73.254
-73.088
-72.999
-72.889
-72.787
-72.781
-72.88
-73.142
-73
-72.823
-72.884
-72.952
-72.72
-72.51
-72.351
-72.377
-72.447
-72.597
-72.691
-72.877
-72.764
-72.689
-72.627
-72.62
-72.806
-72.883
-73.183
-73.199
-73.065
-72.857
-72.874
-73.143
-73.145
-73.223
-73.235
-73.244
-73.04
-72.85
-72.949
-72.871
-72.829
-73.085
-73.284
-73.294
-73.282
-73.23
-73.061
-73.131
-72.939
-73.171
-73.165
-73.214
-73.398
-73.484
-73.352
-73.223
-72.881
-72.968
-72.802
-72.678
-72.939
-73.21
-73.289
-73.328
-73.219
-73.26
-72.989
-72.958
-72.924
-72.862
-73.216
-73.21
-72.846
-73.267
-73.288
-73.36
-73.228
-73.33
-73.514
-73.427
-73.169
-73.094
-73.197
-73.195
-73.192
-73.43
-73.109
-73.08
-72.993
-73.208
-73.449
-73.113
-73.133
-73.294
-73.553
-73.368
-73.737
-73.763
-73.693
-73.609
-73.733
-73.692
-73.328
-73.244
-73.21
-73.331
-73.549
-73.786
-73.582
-73.644
-73.802
-73.921
-73.964
-74.1
-74.453
-74.642
-74.777
-74.609
-74.636
-74.802
-74.773
-74.681
-74.767
-74.507
-74.74
-74.844
-74.426
-74.468
-74.79
-74.896
-75.114
-75.078
-75.189
-75.081
-75.245
-75.347
-75.428
-75.484
-75.253
-75.334
-75.081
-75.104
-75.095
-75.07
-74.987
-75.064
-74.806
-74.917
-75.126
-74.58
-74.656
-74.613
-74.696
-74.974
-75.245
-75.168
-75.438
-75.658
-75.857
-75.669
-75.639
-75.599
-75.7
-75.992
-75.746
-75.823
-76.13
-76.231
-76.382
-76.536
-76.446
-76.444
-76.305
-76.181
-76.417
-76.327
-76.29
-76.576
-76.592
-76.569
-76.641
-76.815
-76.957
-77.002
-76.874
-76.908
-77.057
-77.21
-77.251
-76.913
-76.768
-76.646
-76.547
-76.863
-76.814
-76.7
-76.408
-76.718
-76.339
-76.234
-76.418
-76.664
-76.576
-76.624
-76.597
-76.8
-76.876
-76.62
-76.751
-76.785
-76.757
-76.77
-76.84
-76.847
-76.82
-77.065
-76.989
-77.351
-77.367
-77.409
-77.475
-77.493
-77.51
-77.849
-77.935
-77.834
-77.722
-77.646
-77.582
-77.618
-77.786
-77.636
-77.576
-77.42
-77.572
-77.386
-77.471
-77.948
-78.082
-78.05
-78.173
-78.089
-78.143
-78.143
-78.276
-78.288
-78.25
-78.129
-78.318
-78.331
-78.305
-78.383
-78.186
-78.136
-77.911
-77.551
-77.685
-77.595
-77.443
-77.827
-77.703
-77.56
-77.579
-77.46
-77.644
-77.695
-77.547
-77.457
-77.278
-77.431
-77.338
-77.28
-77.095
-77.305
-77.359
-77.093
-76.975
-77.126
-77.101
-77.186
-77.318
-77.08
-76.947
-76.931
-76.698
-76.674
-76.927
-76.942
-76.797
-76.903
-76.931
-77.087
-76.873
-77.019
-77.079
-77.107
-77.199
-77.338
-77.268
-77.567
-77.587
-77.7
-77.742
-77.91
-77.95
-77.66
-77.74
-77.933
-78.007
-78.072
-77.887
-77.551
-77.82
-77.996
-77.693
-77.71
-77.684
-77.583
-77.289
-77.216
-77.209
-77.066
-76.897
-76.811
-76.955
-77.037
-77.203
-76.957
-76.856
-76.729
-76.601
-76.617
-76.666
-76.72
-76.783
-77.079
-76.842
-76.627
-76.713
-76.771
-76.666
-76.624
-76.709
-76.448
-76.426
-76.16
-76.183
-76.01
-76.032
-76.129
-76.347
-76.357
-76.368
-76.638
-76.741
-76.81
-77.099
-77.315
-77.141
-77.104
-77.297
-77.285
-77.158
-77.317
-77.07
-76.966
-77.111
-77.172
-77.243
-77.241
-77.061
-76.99
-77.084
-76.735
-76.601
-76.682
-76.828
-76.755
-76.97
-76.821
-76.927
-77.149
-77.025
-76.839
-77.019
-77.127
-77.323
-77.446
-77.495
-77.47
-77.466
-77.469
-77.7
-77.442
-76.971
-77.246
-77.153
-77.016
-77.022
-76.92
-76.794
-76.892
-76.825
-76.991
-76.835
-76.989
-76.783
-77
-76.782
-76.724
-77.222
-77.823
-78.571
-78.995
-79.413
-79.535
-79.795
-79.877
-80.037
-80.098
-80.169
-80.019
-79.766
-79.777
-80.022
-80.299
-80.228
-79.924
-79.926
-79.888
-79.892
-80.103
-79.873
-79.863
-80.093
-80.013
-79.722
-79.798
-79.809
-80.119
-80.066
-79.999
-80.398
-80.17
-80.117
-80.345
-80.303
-80.421
-80.372
-80.249
-80
-79.758
-79.903
-80.066
-79.905
-79.912
-79.959
-79.913
-79.875
-80.077
-79.955
-80.153
-79.884
-79.863
-79.692
-79.705
-79.905
-79.853
-79.632
-79.737
-79.672
-79.78
-79.947
-79.846
-79.737
-79.818
-79.938
-80.061
-79.638
-79.586
-79.609
-79.787
-79.856
-79.827
-79.735
-79.979
-80.047
-80.096
-80.271
-80.196
-80.125
-80.115
-79.905
-80.022
-80.128
-80.097
-80.028
-80.094
-80.065
-79.995
-79.709
-79.74
-79.817
-79.902
-80.103
-80.207
-80.073
-80.276
-80.423
-80.354
-80.239
-80.338
-80.378
-80.524
-80.734
-80.689
-80.595
-80.548
-80.48
-80.12
-80.497
-80.167
-80.146
-80.266
-80.085
-80.114
-80.158
-80.263
-80.085
-80.261
-80.093
-80.09
-80.145
-80.073
-80.074
-80.059
-80.118
-80.003
-80.286
-80.444
-80.281
-80.369
-80.457
-80.593
-80.747
-80.729
-80.38
-80.028
-79.983
-79.898
-79.808
-79.922
-80.095
-80.024
-80.131
-79.756
-79.873
-79.829
-79.723
-79.749
-79.662
-79.89
-79.771
-79.524
-79.355
-79.293
-79.093
-78.864
-78.679
-78.221
-78.293
-78.618
-78.725
-78.783
-79.184
-79.292
-79.43
-79.436
-79.596
-79.768
-79.914
-79.451
-79.752
-79.907
-79.707
-79.857
-79.487
-79.626
-79.635
-79.46
-79.64
-79.642
-79.795
-79.889
-79.734
-79.866
-79.715
-79.876
-80.104
-79.883
-79.824
-79.568
-80.065
-79.967
-79.608
-79.801
-79.954
-79.981
-79.932
-79.862
-79.954
-79.992
-79.844
-80.012
-79.987
-79.834
-79.712
-80.051
-80.201
-79.927
-79.822
-79.636
-79.778
-79.787
-80.051
-80.155
-79.852
-79.881
-79.823
-79.768
-79.821
-79.71
-79.746
-79.7
-79.667
-79.634
-80.056
-79.924
-79.898
-80.044
-80.005
-79.999
-79.95
-79.863
-79.876
-79.966
-79.927
-79.639
-79.563
-79.552
-79.658
-79.778
-79.93
-80.1
-80.161
-79.992
-79.833
-79.973
-79.697
-79.721
-79.504
-79.653
-79.8
-79.862
-79.93
-79.849
-79.849
-79.77
-79.847
-79.671
-79.789
-79.739
-79.527
-79.547
-79.745
-79.414
-79.742
-79.777
-79.582
-79.415
-79.403
-79.443
-79.503
-79.802
-79.806
-79.628
-79.599
-79.626
-79.666
-79.549
-79.814
-80.218
-80.2
-80.219
-80.275
-80.316
-80.248
-80.088
-80.191
-80.046
-79.702
-79.596
-79.635
-79.425
-79.351
-79.664
-79.486
-79.466
-79.466
-79.519
-79.315
-79.163
-79.605
-79.622
-79.534
-79.661
-79.774
-79.744
-79.833
-79.791
-79.815
-79.957
-80.153
-80.3
-80.36
-80.221
-80.069
-80.249
-80.485
-80.319
-80.25
-80.316
-80.455
-80.301
-80.275
-80.247
-80.563
-80.65
-80.638
-80.819
-80.677
-80.667
-80.704
-80.938
-80.808
-80.651
-80.616
-80.749
-80.564
-80.541
-80.488
-80.205
-80.323
-79.925
-79.847
-79.374
-79.51
-79.476
-79.639
-79.551
-79.486
-79.599
-79.629
-79.529
-79.409
-79.565
-79.566
-79.481
-79.468
-79.232
-79.205
-79.456
-79.398
-79.337
-79.163
-79.168
-79.151
-79.186
-79.153
-79.275
-79.288
-79.349
-79.586
-79.66
-79.647
-79.487
-79.467
-79.401
-79.235
-79.303
-79.293
-79.208
-79.016
-78.925
-79.245
-79.229
-79.194
-79.297
-79.097
-79.131
-79.057
-79.312
-79.396
-79.394
-79.589
-79.414
-79.424
-79.418
-79.393
-79.407
-79.366
-79.327
-79.376
-79.649
-79.61
-79.672
-79.779
-79.901
-79.841
-79.966
-80.062
-80.084
-79.962
-80.161
-80.287
-80.149
-80.081
-80.008
-80.032
-79.923
-80.106
-79.892
-79.678
-79.595
-79.571
-79.497
-79.574
-79.675
-79.534
-79.295
-79.082
-79.205
-79.368
-79.487
-79.447
-79.552
-79.632
-79.493
-79.785
-79.325
-79.24
-79.035
-78.791
-78.916
-79.004
-79.143
-79.241
-79.39
-79.692
-79.677
-79.308
-79.291
-79.088
-78.962
-78.834
-79.171
-79.529
-79.555
-79.585
-79.911
-79.79
-79.751
-79.897
-79.914
-79.742
-79.458
-79.546
-79.465
-79.431
-79.424
-79.592
-79.555
-79.864
-79.894
-79.753
-79.926
-79.99
-80.169
-79.978
-80.189
-80.132
-80.388
-80.702
-80.642
-80.36
-80.242
-80.185
-80.126
-80.074
-80.285
-80.461
-80.499
-80.629
-80.781
-80.917
-81.031
-80.908
-80.919
-80.788
-80.697
-80.905
-80.984
-80.947
-80.769
-80.869
-81.03
-81.07
-80.93
-80.71
-80.583
-80.432
-80.287
-80.237
-80.282
-80.349
-80.213
-80.099
-80.009
-80.124
-79.961
-80.145
-80.039
-80.246
-80.107
-80.285
-79.984
-79.923
-80.02
-79.935
-79.889
-80.087
-80.125
-80.158
-80.167
-79.989
-80.077
-79.993
