-79.351
-79.306
-79.579
-79.407
-79.217
-79.231
-79.486
-79.682
-79.691
-79.69
-79.568
-79.738
-79.879
-79.791
-79.641
-79.395
-79.551
-79.69
-79.847
-79.78
-79.663
-79.601
-79.586
-79.44
-79.245
-79.154
-79.118
-78.811
-78.8
-78.64
-78.44
-78.22
-78.311
-78.097
-78.311
-78.172
-77.673
-77.73
-77.746
-77.886
-78.012
-78.074
-78.06
-77.993
-78.101
-78.268
-78.375
-78.435
-78.592
-78.553
-78.77
-78.858
-79.055
-79.006
-78.832
-78.593
-78.442
-78.388
-78.32
-78.094
-78.118
-78.331
-78.573
-78.566
-78.664
-78.554
-78.227
-78.41
-78.326
-78.642
-78.551
-78.39
-78.225
-78.462
-78.65
-78.621
-78.358
-78.263
-78.178
-78.168
-78.241
-78.12
-78.133
-77.995
-78.24
-78.28
-78.166
-77.983
-77.769
-77.731
-77.89
-77.676
-77.74
-77.799
-77.564
-77.322
-77.475
-77.343
-77.06
-77.255
-77.244
-76.953
-76.748
-76.638
-76.682
-76.576
-76.699
-76.589
-76.642
-76.987
-76.878
-76.555
-76.676
-76.756
-76.905
-76.879
-76.931
-76.716
-76.62
-76.394
-76.177
-76.274
-76.262
-76.461
-76.658
-76.728
-76.848
-76.782
-76.654
-76.583
-76.577
-76.568
-76.457
-76.589
-76.448
-76.684
-76.885
-76.655
-76.751
-76.8
-76.598
-76.781
-76.628
-76.58
-76.748
-76.774
-76.825
-76.855
-76.949
-77.192
-77.197
-77.381
-77.375
-77.307
-77.228
-77.388
-77.589
-77.73
-77.659
-77.558
-77.489
-77.269
-77.25
-77.226
-77.263
-77.312
-77.442
-77.607
-77.587
-77.963
-77.846
-77.917
-78.008
-78.08
-78.399
-78.092
-78.231
-78.068
-78.074
-78.381
-78.347
-78.563
-78.466
-78.633
-78.809
-78.743
-78.99
-79.082
-79.287
-79.129
-78.916
-78.896
-78.733
-78.917
-78.944
-79.428
-79.677
-79.944
-80.226
-80.06
-79.835
-79.901
-80.152
-80.19
-80.086
-80.127
-80.037
-80.219
-80.181
-80.167
-80.394
-80.55
-80.518
-80.835
-80.842
-80.827
-80.869
-80.874
-80.943
-80.872
-80.947
-81.033
-80.488
-80.555
-80.398
-80.362
-80.464
-80.652
-80.302
-80.238
-80.34
-80.188
-80.18
-80.053
-80.202
-80.483
-80.607
-80.666
-80.708
-80.417
-80.416
-80.854
-80.669
-80.763
-80.568
-80.515
-80.526
-80.22
-80.117
-80.076
-80.012
-80.084
-80.011
-80.26
-80.414
-80.653
-80.561
-80.564
-80.801
-81.022
-80.655
-80.5
-80.42
-80.044
-79.843
-79.974
-79.759
-79.704
-79.635
-79.774
-79.82
-79.865
-79.99
-80.033
-80.363
-80.417
-80.194
-80.203
-80.024
-79.867
-79.879
-80.07
-80.037
-79.964
-79.808
-79.728
-79.515
-79.241
-79.105
-79.257
-79.364
-79.25
-79.241
-79.276
-79.032
-78.658
-78.792
-78.991
-78.901
-79.171
-79.313
-79.207
-79.366
-79.262
-79.434
-79.36
-79.425
-79.625
-79.603
-79.282
-79.424
-79.291
-79.284
-79.202
-79.132
-79.345
-79.151
-79.149
-79.18
-79.32
-79.471
-79.519
-79.601
-79.679
-79.644
-79.505
-79.126
-79.371
-79.56
-79.425
-79.411
-79.491
-79.506
-79.685
-79.661
-79.645
-79.409
-79.519
-79.74
-79.514
-79.784
-79.815
-79.872
-79.704
-79.634
-79.371
-79.439
-79.507
-79.347
-79.407
-79.195
-79.203
-79.192
-79.237
-79.343
-79.223
-79.281
-79.201
-78.92
-78.99
-79.016
-78.711
-78.798
-78.846
-78.699
-78.628
-78.517
-78.301
-78.522
-78.468
-78.463
-78.475
-78.54
-78.726
-79.08
-79.31
-79.351
-79.216
-79.192
-79.457
-79.72
-79.653
-79.507
-79.217
-79.306
-79.322
-79.318
-79.027
-78.685
-78.211
-77.823
-77.305
-77.213
-76.799
-76.481
-75.9
-75.853
-75.678
-75.329
-75.157
-74.986
-74.802
-74.862
-74.753
-74.687
-74.46
-74.368
-74.228
-74.134
-73.824
-73.842
-73.45
-73.184
-73.427
-73.902
-73.883
-74.132
-74.083
-73.967
-73.951
-73.837
-74.043
-74.037
-73.701
-73.785
-73.724
-73.524
-73.599
-73.472
-73.331
-73.566
-73.613
-73.568
-73.777
-73.845
-73.744
-73.691
-73.592
-73.353
-73.276
-73.154
-72.991
-72.716
-72.582
-72.649
-72.789
-72.614
-72.204
-72.45
-72.587
-72.649
-72.51
-72.112
-72.082
-72.181
-72.046
-72.155
-72.175
-72.267
-72.149
-72.509
-72.062
-72.011
-71.942
-71.848
-71.752
-72.001
-72.034
-72.393
-72.197
-72.282
-72.223
-72.335
-72.504
-72.233
-72.512
-72.562
-72.508
-72.295
-72.122
-71.911
-71.858
-71.98
-71.648
-71.755
-71.881
-71.704
-71.686
-71.828
-71.876
-71.813
-71.946
-71.934
-72.076
-72.205
-72.204
-72.179
-72.33
-72.271
-72.504
-72.573
-72.651
-72.51
-72.235
-72.163
-72.226
-72.329
-72.349
-71.923
-71.883
-71.88
-71.881
-71.543
-71.33
-71.408
-71.481
-71.1
-70.917
-70.831
-70.67
-70.813
-70.688
-70.61
-70.368
-70.452
-70.62
-70.785
-70.962
-71.105
-71.142
-70.945
-71.127
-70.667
-70.725
-70.913
-70.699
-70.664
-70.655
-70.472
-70.616
-70.341
-70.376
-70.328
-70.669
-70.851
-70.856
-70.828
-70.667
-70.847
-71.144
-70.9
-71.203
-71.293
-71.47
-71.442
-71.392
-71.485
-71.46
-71.887
-72.054
-72.15
-72.321
-72.074
-72.095
-71.786
-71.32
-70.947
-70.655
-70.417
-70.237
-69.892
-69.697
-69.491
-69.336
-69.059
-68.733
-68.369
-68.478
-68.518
-67.985
-67.914
-67.619
-67.381
-67.192
-66.877
-66.774
-66.572
-66.367
-66.246
-66.253
-66.061
-65.91
-65.915
-65.846
-65.764
-65.762
-65.879
-65.725
-65.8
-65.894
-65.897
-65.83
-65.565
-65.815
-65.865
-65.75
-65.798
-65.805
-65.753
-65.802
-65.748
-65.668
-66.114
-65.829
-65.702
-65.633
-65.663
-65.73
-65.605
-65.261
-65.053
-64.766
-64.507
-64.38
-63.988
-63.867
-63.938
-63.619
-63.39
-63.063
-62.99
-62.903
-63.107
-62.915
-62.844
-62.867
-62.674
-62.664
-62.973
-62.871
-62.711
-62.55
-62.396
-62.226
-62.211
-63.018
-65.608
-68.705
-71.26
-73.534
-75.361
-76.904
-77.594
-78.27
-78.779
-78.989
-79.358
-79.465
-79.348
-79.378
-79.448
-79.668
-79.663
-79.746
-80.143
-79.921
-79.795
-79.852
-79.765
-79.751
-79.926
-79.823
-79.658
-79.852
-79.775
-79.765
-79.847
-79.914
-79.703
-79.564
-79.513
-79.637
-79.732
-79.838
-80.045
-79.752
-79.808
-80.026
-79.977
-79.991
-80.163
-80.041
-80.096
-80.075
-79.953
-80.014
-80.273
-80.254
-80.19
-80.141
-80.242
-80.344
-80.1
-79.89
-79.859
-79.729
-79.934
-79.974
-80.089
-80.149
-80.046
-79.911
-80.017
-80.035
-79.936
-79.981
-79.88
-79.846
-79.802
-79.754
-79.945
-79.976
-80.038
-80.13
-79.964
-79.852
-79.803
-79.749
-79.756
-79.986
-80.138
-80.016
-79.999
-80.021
-79.958
-80.099
-80.036
-79.97
-80.132
-80.138
-79.929
-80.006
-80.3
-79.949
-80.107
-79.873
-79.846
-79.384
-79.489
-79.651
-79.635
-79.798
-79.961
-80.084
-79.952
-80.062
-80.105
-80.116
-80.166
-80.296
-80.153
-80.142
-79.984
-80.071
-80.014
-79.763
-79.481
-79.583
-79.503
-79.607
-79.44
-79.71
-79.655
-79.724
-79.82
-79.72
-79.573
-79.744
-79.45
-79.455
-79.652
-79.78
-79.976
-79.981
-79.666
-79.54
-79.399
-79.428
-79.521
-79.673
-79.461
-79.433
-79.579
-79.715
-79.722
-79.911
-79.823
-79.814
-79.725
-79.608
-79.757
-79.641
-79.54
-79.262
-79.186
-79.134
-79.462
-79.323
-79.148
-79.242
-79.179
-79.042
-78.991
-79.133
-79.281
-79.48
-79.466
-79.404
-79.44
-79.204
-79.058
-79.237
-79.082
-79.276
-79.319
-79.628
-79.599
-79.846
-79.731
-79.925
-80.083
-80.197
-80.035
-80.41
-80.167
-80.305
-80.273
-80.178
-80.045
-79.973
-79.944
-79.893
-79.928
-79.742
-79.836
-79.789
-79.614
-79.68
-79.53
-79.695
-79.708
-79.63
-79.809
-79.894
-79.718
-79.951
-80.103
-80.26
-80.035
-80.035
-80.254
-80.041
-79.994
-80.182
-80.087
-79.788
-80.04
-80.327
-79.944
-79.838
-79.903
-79.977
-79.907
-80.009
-80.03
-79.722
-79.914
-79.625
-79.616
-79.651
-79.436
-79.664
-79.461
-79.516
-79.429
-79.68
-79.435
-79.397
-79.657
-79.997
-80.107
-79.845
-79.806
-79.601
-79.706
-79.778
-79.551
-79.42
-79.148
-78.887
-78.415
-78.169
-77.717
-77.283
-77.185
-77.095
-76.857
-76.494
-76.084
-75.718
-75.422
-75.265
-75.545
-75.623
-75.715
-75.466
-75.352
-75.365
-75.658
-75.969
-76.149
-75.973
-75.797
-75.885
-75.983
-76.032
-76.102
-76.158
-76.368
-76.648
-76.723
-76.983
-77.4
-77.914
-78.261
-78.614
-79.118
-79.401
-79.483
-79.751
-79.575
-79.829
-79.774
-79.771
-79.793
-79.558
-79.628
-79.587
-79.605
-79.53
-79.8
-79.991
-80.137
-79.82
-79.734
-79.847
-79.608
-79.772
-79.581
-79.693
-79.635
-79.803
-79.938
-79.918
-79.897
-80.098
-80.1
-80.001
-80.034
-80.001
-80.018
-80.33
-79.924
-79.631
-79.714
-79.929
-79.618
-79.843
-79.948
-79.91
-79.983
-79.741
-79.868
-79.964
-80.119
-80.455
-80.445
-80.494
-80.318
-79.97
-79.55
-79.337
-79.285
-78.883
-78.934
-79.053
-78.833
-78.672
-78.714
-78.806
-78.77
