-76.894
-76.541
-76.374
-76.498
-76.291
-76.136
-76.332
-76.29
-76.395
-76.614
-76.587
-76.786
-76.667
-76.574
-76.813
-76.821
-76.629
-76.659
-76.516
-76.343
-76.252
-76.168
-76.043
-75.978
-75.808
-75.719
-75.617
-75.464
-75.736
-75.957
-76.069
-76.319
-76.398
-76.197
-76.333
-76.189
-76.25
-76.008
-75.759
-75.812
-75.968
-75.956
-76.058
-75.861
-75.855
-75.834
-75.635
-75.385
-75.145
-75.278
-75.515
-75.557
-75.73
-75.619
-75.648
-75.444
-75.218
-75.052
-75.199
-75.429
-75.498
-75.445
-75.3
-75.294
-75.307
-75.265
-74.925
-74.95
-74.913
-74.69
-74.663
-74.306
-74.046
-73.815
-73.756
-73.614
-73.613
-73.528
-73.708
-73.82
-73.611
-73.615
-73.508
-73.439
-73.381
-73.418
-73.086
-72.936
-72.699
-72.616
-72.663
-72.791
-72.978
-72.767
-72.705
-72.985
-73.032
-73.018
-73.157
-73.61
-73.173
-73.107
-72.901
-72.887
-72.666
-72.72
-72.876
-72.612
-72.578
-72.55
-72.329
-72.454
-72.427
-72.535
-72.612
-72.69
-72.565
-72.633
-72.326
-72.125
-71.989
-72.007
-72.045
-71.85
-71.791
-71.844
-71.869
-71.944
-72.095
-71.956
-71.807
-71.691
-71.563
-71.901
-71.999
-71.85
-71.865
-71.8
-71.775
-71.467
-72.025
-71.831
-71.841
-71.641
-71.531
-71.735
-71.784
-71.698
-71.553
-71.431
-71.511
-71.741
-71.848
-71.837
-71.798
-71.909
-71.975
-71.881
-71.708
-71.856
-72.014
-71.896
-71.681
-71.603
-71.506
-71.595
-71.642
-71.496
-71.586
-71.798
-71.617
-71.516
-71.616
-71.61
-71.514
-71.645
-71.663
-71.485
-71.548
-71.527
-71.483
-71.57
-71.647
-71.658
-71.765
-71.629
-71.681
-71.81
-72.172
-72.103
-72.214
-72.381
-72.195
-71.923
-72.096
-72.23
-71.772
-71.846
-71.775
-71.765
-71.661
-71.634
-71.875
-72.008
-72.098
-72.554
-72.455
-72.535
-72.505
-72.514
-72.383
-72.29
-72.584
-72.708
-72.582
-72.419
-72.084
-72.121
-71.895
-72.404
-72.671
-72.555
-72.825
-72.801
-73.008
-73.063
-73.135
-73.059
-73.399
-73.272
-73.04
-72.912
-73.252
-73.076
-73.109
-73.155
-73.257
-73.461
-73.428
-73.315
-73.093
-72.904
-72.988
-73.155
-73.155
-73.3
-73.374
-73.301
-73.082
-73.11
-72.619
-72.635
-72.781
-72.544
-72.525
-72.505
-72.533
-72.367
-72.097
-72.216
-72.277
-72.08
-72.182
-71.995
-71.991
-72.002
-71.921
-71.897
-71.802
-71.889
-72.052
-72.318
-72.472
-72.485
-72.386
-72.443
-72.833
-72.726
-72.834
-72.837
-72.981
-73.172
-73.093
-73.305
-73.286
-73.235
-73.034
-73.021
-72.854
-72.872
-72.878
-72.825
-72.886
-73.02
-73.061
-73.042
-72.873
-72.539
-72.507
-72.422
-72.321
-72.388
-72.44
-72.495
-72.414
-72.532
-72.756
-72.594
-72.051
-71.33
-70.41
-70.151
-70.837
-72.47
-73.885
-74.873
-75.554
-76.249
-76.916
-77.037
-77.197
-77.508
-77.539
-77.564
-77.84
-77.986
-78.235
-78.156
-78.418
-78.384
-78.349
-78.451
-78.411
-78.443
-78.549
-78.814
-78.801
-78.716
-78.734
-78.662
-78.603
-78.665
-78.866
-78.764
-78.631
-78.821
-78.932
-78.836
-78.93
-78.828
-78.934
-79.215
-79.132
-79.118
-79.241
-79.208
-79.214
-79.449
-79.381
-79.383
-79.18
-79.236
-79.122
-79.05
-79.129
-79.46
-79.575
-79.594
-79.141
-79.233
-79.452
-79.559
-79.66
-79.886
-79.837
-80.013
-80.061
-80.111
-80.058
-80.048
-80.3
-80.416
-80.336
-80.163
-80.037
-79.919
-79.776
-79.628
-79.585
-79.619
-79.574
-79.455
-79.832
-79.887
-79.773
-79.747
-79.587
-79.376
-79.545
-79.545
-79.705
-79.605
-79.572
-79.518
-79.64
-79.635
-79.738
-79.832
-79.652
-79.735
-79.559
-79.827
-79.603
-79.864
-79.791
-79.894
-80.045
-79.918
-79.927
-79.931
-79.918
-79.817
-79.758
-79.927
-79.887
-79.727
-79.697
-79.686
-79.469
-79.553
-79.708
-79.841
-79.945
-79.801
-80.047
-79.922
-79.9
-79.749
-79.958
-79.844
-79.719
-79.73
-79.638
-80
-79.84
-79.889
-79.747
-79.64
-79.93
-79.69
-79.923
-79.895
-79.993
-79.617
-79.779
-79.574
-79.607
-79.759
-79.718
-79.724
-79.643
-79.714
-79.651
-79.709
-79.725
-79.963
-79.95
-79.787
-79.857
-79.821
-79.806
-79.9
-80.186
-80.298
-80.112
-80.196
-80.178
-79.829
-79.867
-79.755
-79.741
-79.674
-79.253
-78.686
-78.071
-77.576
-77.143
-76.718
-76.002
-75.769
-75.836
-75.616
-75.161
-75.077
-75.03
-75.226
-75.349
-75.494
-75.461
-75.695
-76.321
-76.71
-77.194
-77.713
-78.206
-78.233
-78.515
-78.425
-78.447
-78.611
-78.915
-78.858
-78.858
-79.118
-79.154
-79.332
-79.201
-79.219
-79.069
-79.231
-79.095
-78.926
-79.178
-79.239
-79.42
-79.391
-79.542
-79.431
-79.19
-79.319
-79.366
-79.385
-79.583
-79.82
-79.7
-79.639
-79.588
-79.76
-79.777
-79.695
-79.547
-79.217
-79.294
-79.309
-79.617
-79.626
-79.711
-79.68
-79.484
-79.696
-79.573
-79.787
-79.7
-79.542
-79.894
-80.079
-79.946
-80.013
-79.725
-79.947
-79.765
-79.836
-79.775
-79.757
-79.657
-79.457
-79.451
-79.71
-79.68
-79.699
-79.757
-79.759
-79.95
-79.82
-80.034
-79.935
-79.888
-79.946
-80.043
-79.758
-79.718
-79.75
-79.656
-79.72
-79.691
-79.491
-79.525
-79.509
-79.582
-79.481
-79.573
-79.72
-79.44
-79.351
-79.269
-79.264
-79.32
-79.333
-79.71
-79.518
-79.346
-79.41
-79.219
-79.43
-79.794
-79.955
-79.833
-80.01
-79.79
-79.55
-79.366
-79.361
-79.115
-78.583
-77.825
-77.439
-76.675
-76.254
-75.915
-75.408
-75.062
-74.701
-74.697
-74.288
-74.073
-73.951
-74.299
-74.353
-74.521
-74.453
-74.565
-74.626
-74.062
-73.513
-72.973
-72.477
-71.793
-71.417
-70.925
-71.281
-72.443
-73.578
-74.646
-75.542
-75.9
-76.534
-76.686
-76.864
-77.294
-77.357
-77.702
-77.814
-77.922
-77.804
-77.859
-77.738
-77.941
-78.087
-78.181
-78.308
-78.259
-78.422
-78.523
-78.505
-78.794
-78.565
-78.702
-78.678
-78.773
-78.693
-78.779
-78.796
-78.401
-78.536
-78.573
-78.725
-79.073
-78.985
-79.05
-79.06
-79.168
-79.212
-79.327
-79.379
-79.391
-79.668
-79.463
-79.449
-79.601
-79.464
-79.574
-79.654
-79.719
-79.638
-79.747
-79.702
-79.568
-79.626
-79.469
-79.312
-79.065
-79.027
-78.959
-78.914
-78.984
-78.922
-79.1
-79.27
-79.213
-79.307
-79.526
-79.659
-79.396
-79.177
-79.244
-79.281
-79.715
-79.633
-79.725
-79.618
-79.544
-79.732
-79.557
-79.703
-79.789
-79.802
-79.691
-79.685
-79.636
-79.706
-79.631
-79.611
-79.438
-79.665
-79.658
-79.585
-79.362
-79.135
-79.135
-79.194
-79.328
-79.414
-79.236
-79.331
-79.333
-79.388
-79.075
-79.146
-79.33
-79.15
-79.291
-79.217
-79.081
-79.312
-79.451
-79.428
-79.626
-79.488
-79.614
-79.71
-79.398
-79.362
-79.161
-79.521
-79.597
-79.408
-79.408
-79.623
-79.457
-79.76
-79.883
-80.113
-79.884
-79.41
-79.502
-79.608
-79.756
-79.634
-79.861
-79.681
-79.77
-79.775
-79.708
-80.059
-80.05
-79.846
-79.967
-79.901
-79.763
-79.602
-79.643
-79.654
-79.674
-79.619
-79.753
-79.749
-79.641
-79.729
-79.773
-79.825
-79.864
-79.75
-79.834
-79.596
-79.566
-79.359
-79.499
-79.522
-79.562
-79.438
-79.535
-79.409
-79.282
-79.228
-79.433
-79.279
-79.359
-79.201
-79.153
-79.336
-79.196
-79.229
-79.352
-79.42
-79.395
-79.24
-79.248
-79.496
-79.555
-79.491
-79.47
-79.533
-79.552
-79.46
-79.467
-79.358
-79.335
-79.226
-79.497
-79.513
-79.645
-79.944
-79.848
-79.99
-79.811
-79.853
-79.591
-79.646
-79.616
-79.821
-79.647
-79.637
-79.435
-79.536
-79.501
-79.375
-79.19
-79.294
-79.121
-79.02
-79.294
-79.303
-79.188
-79.178
-78.872
-79.028
-79.351
-79.745
-79.73
-79.984
-80.175
-80.037
-80.337
-80.166
-80.145
-80.126
-80.133
-79.991
-79.898
-80.021
-79.943
-79.631
-79.808
-79.767
-79.451
-79.417
-79.49
-79.431
-79.416
-79.368
-79.29
-79.512
-79.257
-79.268
-79.312
-79.184
-79.184
-79.085
-78.906
-79.003
-78.974
-79.088
-79.053
-78.788
-78.834
-78.833
-78.479
-78.395
-78.56
-78.565
-78.578
-78.638
-78.291
-78.238
-78.117
-78.047
-77.95
-78.215
-78.293
-78.458
-78.657
-78.66
-78.871
-78.636
-78.763
-78.83
-78.802
-78.791
-78.833
-78.867
-78.846
-78.572
-78.445
-78.692
-78.985
-79.071
-79.362
-79.599
-79.524
-79.616
-79.699
-79.65
-79.637
-79.653
-79.691
-79.936
-80.088
-80.303
-80.084
-79.778
-79.984
-79.801
-79.918
-79.921
-79.828
-79.807
-79.806
-79.885
-79.867
-80.01
-79.936
-79.959
-79.735
-79.631
-79.867
-79.901
-79.952
-80.056
-80.109
-80.071
-79.98
-79.961
-79.917
-79.801
-79.858
-79.736
-79.657
-79.757
-79.904
-79.92
-79.949
-79.933
-79.936
-80.114
-79.93
-80.087
-80.247
-80.405
-80.095
-79.913
-79.89
-79.678
-79.754
-79.871
-79.749
-79.927
-79.792
-79.648
-79.638
-79.895
-80.007
