-85.098
-85.328
-85.493
-85.387
-85.066
-84.674
-84.757
-84.47
-84.15
-84.398
-84.537
-84.564
-84.592
-84.645
-84.815
-84.608
-84.538
-84.383
-84.465
-84.744
-84.933
-85.034
-85.004
-84.926
-84.863
-84.686
-84.705
-84.49
-84.546
-84.682
-84.933
-85.017
-84.914
-84.982
-85.131
-85.095
-85.114
-84.962
-85.253
-85.075
-84.863
-84.753
-84.749
-84.455
-84.222
-84.024
-83.924
-84.03
-83.904
-83.814
-83.853
-83.971
-83.809
-83.835
-83.939
-84.15
-84.071
-83.938
-84.175
-84.244
-84.1
-84.089
-84.104
-84.174
-84.477
-84.692
-84.668
-84.299
-84.208
-84.119
-84.228
-84.45
-84.51
-84.438
-84.562
-84.316
-84.448
-84.77
-84.861
-85.074
-85.276
-85.121
-85.211
-85.21
-85.12
-85.149
-85.085
-84.987
-85.323
-85.136
-84.994
-85.087
-85.074
-85.119
-85.37
-85.265
-85.363
-85.409
-85.587
-85.375
-85.325
-85.198
-84.969
-84.93
-84.917
-84.683
-84.086
-83.366
-82.588
-81.746
-81.394
-81.149
-80.992
-80.598
-80.368
-80.126
-80.148
-80.091
-79.853
-79.797
-79.642
-79.659
-79.815
-79.881
-79.844
-79.933
-80.154
-80.137
-80.324
-79.996
-80.09
-80.163
-80.027
-79.793
-79.708
-79.638
-79.766
-79.622
-79.653
-79.583
-79.567
-79.662
-79.649
-79.595
-79.978
-80.121
-79.957
-80.041
-80.035
-80.111
-80.298
-80.508
-80.229
-80.261
-80.127
-79.955
-79.646
-79.523
-79.465
-79.532
-79.56
-79.56
-79.536
-79.842
-79.697
-79.802
-79.619
-79.696
-79.629
-79.794
-80.016
-80.145
-80.084
-80.095
-80.169
-80.138
-79.973
-79.936
-80.088
-80.037
-80.07
-80.21
-80.186
-80.191
-80.153
-80.049
-80.046
-80.064
-79.943
-79.874
-80.024
-80.248
-80.078
-79.998
-80.043
-79.938
-79.933
-79.987
-80.227
-79.996
-80.069
-80.052
-80.02
-79.961
-79.979
-80.027
-79.934
-79.857
-79.978
-79.954
-79.982
-79.799
-79.675
-79.687
-79.693
-79.673
-79.799
-80.075
-80.112
-80.272
-80.481
-80.321
-80.052
-79.918
-80.024
-80.057
-80.181
-80.359
-80.286
-80.396
-80.154
-79.943
-79.867
-79.928
-80.149
-79.921
-79.738
-79.778
-79.74
-79.985
-79.826
-79.84
-80.109
-80.08
-80.104
-80.199
-79.99
-79.902
-79.983
-80.033
-79.942
-80.096
-79.969
-80.326
-80.462
-80.158
-79.948
-79.829
-79.776
-79.828
-79.904
-79.834
-79.857
-79.812
-79.91
-79.834
-79.855
-80.051
-80.071
-79.904
-79.772
-79.841
-79.928
-80.023
-80.036
-80.024
-79.927
-80.215
-80.315
-80.358
-80.031
-80.122
-80.066
-79.923
-79.973
-80.092
-79.926
-79.656
-79.817
-79.757
-79.935
-79.776
-79.79
-79.744
-79.846
-79.89
-79.929
-79.852
-79.937
-79.874
-80.062
-80.215
-80.223
-80.043
-80.154
-80.083
-79.947
-79.885
-79.875
-80.236
-80.001
-80.105
-79.989
-79.87
-79.854
-79.931
-79.913
-80.086
-80.062
-80.207
-80.088
-79.958
-79.833
-79.922
-80.045
-79.94
-79.89
-80.078
-79.942
-80.068
-80.309
-80.259
-80.192
-80.2
-80.186
-79.924
-79.997
-80.041
-80.037
-79.861
-79.97
-79.946
-80.055
-79.997
-80.22
-80.297
-80.159
-80.31
-80.252
-79.933
-80.093
-79.911
-80.017
-80.062
-80.003
-80.04
-80.103
-80.219
-79.956
-79.9
-79.991
-79.821
-79.695
-79.932
-79.999
-79.763
-79.863
-79.947
-80.002
-80.025
-79.986
-80.037
-80.312
-80.355
-80.279
-80.181
-80.065
-80.254
-80.188
-80.248
-80.227
-80.29
-79.997
-79.812
-79.844
-79.819
-79.748
-80.032
-80.012
-80.038
-79.965
-79.9
-79.813
-79.868
-80.005
-79.901
-80.077
-80.132
-80.167
-79.936
-80.021
-80.022
-80.001
-79.88
-79.978
-80.146
-80.221
-79.985
-79.817
-80.021
-79.904
-79.964
-79.964
-80.059
-80.017
-79.943
-79.879
-79.935
-80.015
-79.98
-80.192
-80.023
-80.009
-79.839
-79.977
-80.027
-79.67
-79.794
-79.959
-79.914
-79.836
-79.965
-80.018
-80.046
-80.052
-79.946
-79.778
-80.07
-79.936
-79.844
-79.919
-79.943
-80.041
-80.078
-79.895
-80.062
-79.878
-79.989
-80.158
-80.218
-80.359
-80.286
-80.184
-80.086
-79.99
-80.02
-79.92
-79.924
-80.177
-80.166
-79.906
-80.114
-79.78
-79.888
-80.038
-79.868
-79.765
-79.744
-79.887
-79.913
-79.894
-80.137
-80.049
-80.161
-79.979
-80.118
-79.911
-80.129
-79.819
-79.906
-79.84
-80.024
-80.062
-80.06
-79.914
-79.873
-79.965
-79.982
-79.935
-79.987
-80.011
-80.209
-80.286
-80.203
-79.835
-79.866
-79.746
-79.952
-79.992
-79.972
-80.178
-79.991
-80.003
-79.99
-79.982
-80.113
-79.999
-79.971
-79.888
-79.918
-80.053
-79.953
-79.941
-80.07
-79.968
-79.97
-79.913
-80.046
-79.833
-79.932
-79.91
-79.697
-79.883
-79.969
-80.225
-79.935
-79.952
-80.048
-80.02
-80.269
-80.127
-79.908
-80.141
-79.943
-79.808
-80.016
-79.799
-79.804
-79.666
-79.773
-79.973
-79.984
-79.971
-79.849
-79.905
-80.045
-79.767
-79.849
-79.893
-79.823
-79.845
-79.518
-79.351
-79.01
-79.235
-79.182
-79.179
-79.317
-79.279
-79.251
-79.43
-79.33
-79.271
-79.448
-79.392
-79.554
-79.693
-79.556
-79.727
-79.684
-79.362
-79.747
-79.639
-79.733
-79.974
-79.844
-79.949
-79.917
-79.81
-79.685
-79.671
-79.767
-79.631
-79.781
-79.604
-79.432
-79.537
-79.665
-79.803
-79.911
-79.934
-79.755
-79.814
-79.761
-79.523
-79.672
-79.728
-79.875
-79.887
-80.009
-79.578
-79.69
-79.759
-79.952
-79.78
-79.846
-79.904
-79.982
-79.91
-79.872
-79.92
-79.92
-80.189
-80.078
-80.088
-79.96
-79.946
-80.173
-80.001
-80.11
-80.153
-80.122
-80.023
-79.943
-79.824
-79.94
-80.004
-80.059
-80.037
-79.885
-79.917
-79.916
-79.77
-79.784
-79.762
-79.618
-79.63
-79.578
-79.594
-79.413
-79.423
-79.401
-79.529
-79.419
-79.701
-79.54
-79.809
-79.89
-79.85
-79.732
-79.809
-79.799
-79.739
-79.798
-79.815
-79.837
-79.829
-79.959
-80.011
-79.882
-79.874
-79.822
-79.895
-79.915
-79.921
-79.95
-80.042
-79.864
-79.95
-79.878
-79.834
-79.996
-79.993
-79.824
-79.838
-79.936
-79.892
-79.695
-79.557
-79.677
-79.887
-80.047
-80.138
-80.086
-80.023
-80.001
-79.92
-79.807
-79.845
-80.112
-80.035
-79.812
-80.093
-80.111
-79.945
-79.95
-79.911
-80.019
-79.996
-80.009
-79.905
-79.967
-79.957
-79.805
-79.824
-79.88
-80.063
-80.082
-79.805
-79.893
-79.886
-79.899
-79.722
-80.087
-80.047
-80.156
-79.812
-80.045
-79.839
-80.14
-79.948
-79.851
-79.792
-79.863
-80.008
-80.328
-80.305
-80.136
-80.179
-80.089
-79.867
-80.012
-80.146
-80.054
-79.87
-79.823
-80.039
-80.075
-80.02
-79.962
-79.926
-79.795
-79.941
-80.278
-80.107
-80.277
-80.261
-80.417
-80.198
-80.137
-79.928
-79.801
-79.956
-80.109
-80.066
-79.985
-79.823
-79.753
-79.809
-79.787
-79.914
-79.904
-80.188
-80.028
-80.172
-80.05
-79.991
-79.88
-80.079
-80.236
-80.384
-80.191
-80.291
-80.027
-79.885
-80.049
-79.669
-80.038
-80.126
-80.293
-80.324
-80.508
-80.452
-80.544
-80.244
-80.194
-80.179
-80.078
-80.084
-80.013
-79.823
-79.817
-79.773
-79.851
-79.923
-80.07
-80.058
-79.962
-79.978
-80.032
-80.008
-80.084
-80.098
-80.19
-80.441
-80.212
-80.262
-80.213
-79.968
-80.038
-80.298
-79.811
-79.698
-79.352
-79.173
-78.681
-78.651
-78.85
-78.842
-78.804
-78.538
-78.573
-78.62
-78.685
-78.63
-78.937
-79.12
-78.963
-78.767
-78.742
-78.863
-78.901
-78.817
-78.96
-78.872
-78.736
-78.639
-78.508
-78.364
-78.615
-78.874
-79.113
-79.048
-79.182
-79.162
-79.322
-79.561
-79.341
-79.436
-79.501
-79.529
-79.516
-79.658
-79.581
-79.426
-79.79
-79.693
-79.885
-79.786
-79.567
-79.541
-79.401
-79.187
-79.351
-79.172
-79.413
-79.567
-79.734
-79.721
-79.859
-79.84
-79.96
-79.876
-79.961
-79.764
-79.772
-79.94
-80.028
-80.101
-79.757
-79.826
-79.48
-79.604
-79.878
-79.875
-79.665
-79.857
-79.739
-79.873
-79.749
-79.939
-79.721
-79.695
-79.934
-79.982
-79.973
-79.798
-79.758
-79.876
-80.122
-80.19
-79.943
-79.916
-80.016
-80.059
-79.815
-79.704
-79.69
-79.992
-79.893
-79.826
-79.64
-79.81
-80.031
-80.15
-79.928
-79.777
-79.756
-79.768
-79.479
-79.4
-79.504
-79.577
-79.749
-79.597
-79.468
-79.523
-79.257
-79.436
-79.332
-79.569
-79.483
-79.328
-79.549
-79.582
-79.697
-79.859
-79.643
-79.753
-79.814
-79.837
-79.846
-80.133
-80.511
-80.485
-80.225
-79.876
-80.067
-80.17
-79.928
-79.805
-79.701
-79.724
-79.345
-79.25
-79.158
-78.981
-79.145
-78.923
-79.285
-79.61
-79.446
-79.489
-79.681
-80.056
-80.133
-80.125
-80.032
-80.226
-80.206
-80.068
-80.266
-80.359
-80.398
-80.169
-79.983
-79.764
-79.838
-79.91
-79.746
-79.664
-79.856
-80.026
-80.042
-80.202
-80.436
-80.519
-80.369
-80.465
-80.427
-80.448
-80.138
-80.517
-80.416
-80.643
-80.659
-80.258
-80.255
-80.325
-79.979
-79.681
