-73.797
-73.762
-73.704
-73.673
-73.791
-73.476
-73.523
-73.642
-73.861
-73.542
-73.758
-73.987
-73.988
-74.026
-73.841
-73.889
-73.891
-73.8
-73.756
-73.734
-73.804
-74.027
-74.32
-74.273
-74.009
-74.136
-74.288
-74.017
-73.812
-73.79
-73.812
-73.537
-73.535
-73.387
-73.315
-73.352
-73.432
-73.485
-73.434
-73.373
-73.525
-73.445
-73.338
-73.349
-72.973
-73.115
-73.073
-73.275
-73.595
-73.551
-73.932
-74.175
-74.321
-74.311
-73.949
-74.258
-74.248
-74.303
-74.297
-74.164
-73.816
-74.139
-74.321
-74.136
-74.105
-74.16
-74.277
-74.348
-74.255
-74.26
-74.31
-74.554
-74.318
-74.239
-73.918
-74.202
-74.494
-74.271
-74.046
-74.19
-74.024
-74.192
-74.369
-74.105
-73.931
-73.84
-73.952
-73.885
-73.57
-73.394
-73.156
-73.098
-73.349
-73.159
-73.267
-73.278
-73.141
-73.168
-73.35
-73.378
-73.578
-73.739
-73.699
-73.757
-73.592
-73.286
-73.532
-73.42
-73.639
-73.647
-73.674
-73.509
-73.512
-73.397
-73.229
-73.063
-73.165
-73.312
-73.258
-73.319
-73.213
-73.285
-73.207
-73.285
-72.828
-72.793
-73.054
-73.161
-73.214
-73.259
-73.356
-73.475
-73.448
-73.558
-73.518
-73.809
-73.934
-73.96
-73.833
-74.203
-74.059
-74.048
-74.256
-74.252
-74.156
-74.372
-74.403
-74.323
-74.295
-74.004
-74.155
-73.857
-73.855
-73.746
-73.903
-74.317
-74.484
-74.531
-74.504
-74.512
-74.612
-74.702
-74.584
-74.411
-74.138
-74.403
-74.242
-74.317
-74.527
-74.426
-74.787
-74.733
-74.688
-74.782
-74.633
-74.395
-74.251
-74.398
-74.287
-74.432
-74.769
-74.724
-74.709
-74.824
-74.964
-75.005
-74.816
-74.633
-74.505
-74.274
-74.362
-74.312
-74.459
-74.348
-74.474
-74.424
-74.593
-74.533
-74.471
-74.227
-74.132
-74.214
-74.252
-74.153
-73.799
-73.837
-73.89
-74.017
-74.442
-74.242
-74.3
-74.173
-74.475
-74.582
-74.416
-74.44
-74.219
-74.299
-74.664
-74.686
-74.553
-74.488
-74.477
-74.293
-74.368
-74.136
-74.374
-74.314
-74.276
-74.302
-74.613
-74.333
-74.058
-74.281
-74.266
-74.054
-74.246
-74.019
-73.819
-73.943
-73.716
-73.799
-73.6
-73.969
-73.793
-74.025
-73.779
-73.57
-73.532
-73.184
-72.945
-72.95
-72.77
-72.643
-72.247
-72.458
-72.585
-72.622
-72.55
-72.548
-72.679
-72.806
-73.138
-73.136
-73.258
-73.142
-73.076
-73.088
-72.829
-72.281
-72.351
-72.02
-71.939
-72.114
-72.104
-72.317
-72.193
-72.271
-72.588
-72.698
-72.614
-72.564
-72.565
-72.818
-72.938
-73.038
-72.959
-72.566
-72.885
-72.98
-73.103
-72.966
-73.023
-72.823
-72.62
-72.613
-72.411
-72.164
-71.891
-71.891
-71.866
-71.943
-72.098
-71.876
-71.677
-71.603
-71.921
-71.525
-71.376
-71.376
-71.165
-70.844
-70.38
-70.12
-69.951
-69.67
-69.215
-69.231
-68.835
-68.625
-68.111
-67.876
-67.779
-67.504
-67.344
-67.14
-66.977
-66.745
-66.852
-66.684
-66.646
-66.59
-66.586
-66.246
-66.065
-65.906
-65.781
-65.468
-65.335
-65.233
-65.214
-65.457
-65.401
-65.505
-65.522
-65.423
-65.009
-64.943
-64.701
-64.687
-64.669
-64.647
-64.424
-64.328
-64.519
-64.659
-64.67
-64.469
-64.483
-64.534
-64.669
-64.518
-64.403
-64.334
-64.418
-64.616
-64.784
-64.713
-64.841
-64.835
-64.878
-64.773
-64.911
-64.984
-64.932
-64.766
-64.811
-64.57
-64.505
-64.214
-64.419
-64.504
-64.596
-64.376
-64.192
-64.297
-64.219
-64.214
-64.111
-64.124
-64.126
-64.147
-64.518
-64.408
-64.551
-64.615
-64.598
-64.521
-64.381
-64.491
-64.359
-64.301
-64.158
-64.029
-64.107
-64.091
-63.887
-64.012
-63.907
-63.624
-63.629
-63.736
-64.153
-64.313
-64.165
-64.437
-64.664
-64.655
-64.72
-64.902
-64.878
-64.797
-64.585
-64.419
-64.465
-64.247
-64.178
-64.538
-64.419
-64.423
-64.115
-64.23
-64.53
-64.526
-64.551
-64.526
-64.395
-64.402
-64.542
-64.567
-64.667
-64.535
-64.507
-64.717
-64.475
-64.623
-64.462
-64.229
-64.136
-64.15
-64.044
-64.382
-64.592
-64.685
-65.043
-64.855
-64.823
-65.133
-65.305
-65.43
-65.609
-65.663
-65.62
-65.774
-65.845
-65.845
-65.557
-65.326
-65.277
-65.41
-65.26
-65.004
-64.836
-64.709
-64.765
-64.662
-64.707
-64.761
-64.658
-64.83
-64.994
-64.887
-65.064
-64.948
-64.787
-64.792
-64.656
-64.787
-64.904
-64.697
-64.654
-64.532
-64.73
-64.868
-64.986
-65.138
-65.12
-64.921
-64.811
-64.741
-64.632
-64.359
-64.683
-64.615
-64.628
-64.753
-64.874
-64.847
-64.751
-64.622
-64.45
-64.004
-63.887
-63.58
-63.156
-63.227
-62.9
-62.713
-62.693
-62.447
-62.309
-62.038
-61.578
-61.331
-61.177
-61.173
-61.034
-60.745
-60.708
-60.484
-60.519
-60.169
-60.108
-59.882
-59.876
-59.677
-59.606
-59.383
-59.392
-59.483
-59.491
-59.154
-59.099
-58.991
-59.015
-58.993
-59.135
-59.31
-59.201
-59.396
-59.325
-59.352
-59.235
-59.018
-59.258
-59.184
-59.054
-59.125
-58.628
-58.786
-58.462
-58.127
-57.951
-57.633
-57.674
-57.531
-57.275
-57.326
-57.178
-56.942
-56.612
-56.261
-56.342
-56.408
-56.141
-55.562
-55.266
-55.21
-54.678
-54.103
-53.566
-52.636
-51.781
-50.266
-47.67
-45
-45
-45
-45
-45
-45
-45
-45
-45
-45
-45
-45
-45
-45
-50.019
-56.471
-61.694
-65.754
-68.654
-70.123
-71.194
-72.264
-72.967
-73.179
-73.493
-73.874
-73.915
-73.888
-73.886
-73.71
-73.075
-73.016
-72.759
-72.529
-71.953
-71.584
-71.275
-71.222
-71.001
-70.685
-70.311
-70.373
-70.34
-70.163
-69.645
-69.705
-69.443
-69.518
-69.33
-69.183
-69.409
-69.432
-69.294
-69.134
-69.341
-69.265
-69.386
-69.267
-69.199
-69.054
-69.168
-69.142
-68.973
-68.796
-68.891
-68.995
-68.958
-68.942
-68.975
-68.706
-68.803
-69.057
-69.244
-69.05
-68.979
-69.132
-69.232
-69.049
-69.095
-69.233
-69.199
-69.299
-69.15
-69.004
-68.833
-68.924
-69.209
-69.195
-68.985
-69.332
-69.238
-69.072
-68.918
-68.708
-68.682
-68.72
-68.809
-69.257
-69.294
-69.202
-69.42
-69.59
-69.635
-69.673
-69.541
-69.622
-69.713
-69.852
-70.137
-70.173
-70.073
-70.099
-70.059
-70.042
-70.074
-70.092
-70.17
-69.941
-70.068
-69.821
-69.906
-69.894
-69.667
-69.292
-69.26
-69.443
-69.55
-70.003
-69.969
-69.774
-69.727
-69.938
-69.805
-70.093
-69.974
-70.003
-69.904
-70.039
-69.841
-69.767
-69.803
-69.985
-70.069
-70.281
-70.256
-70.513
-70.18
-70.111
-70.1
-70.16
-70.066
-70.197
-70.441
-70.475
-70.567
-70.477
-70.506
-70.523
-70.654
-70.566
-70.958
-70.972
-70.912
-71.067
-71.23
-70.959
-70.937
-70.613
-70.952
-71.027
-70.892
-70.872
-70.772
-70.674
-70.721
-70.996
-70.869
-71.061
-70.98
-71.087
-71.354
-71.477
-71.578
-71.546
-71.852
-71.426
-71.617
-71.923
-71.745
-72.005
-72.18
-72.12
-72.122
-72.055
-72.107
-72.486
-72.478
-72.521
-72.81
-73.185
-73.201
-73.168
-73.13
-73.276
-73.403
-73.352
-73.466
-73.477
-73.712
-73.92
-74.014
-74.295
-74.228
-74.471
-74.933
-74.973
-74.788
-74.668
-74.684
-74.802
-75.217
-75.523
-75.548
-75.521
-75.612
-75.49
-75.654
-75.806
-75.835
-75.419
-75.464
-75.441
-75.758
-75.697
-75.951
-76.075
-75.997
-75.885
-75.586
-75.39
-75.572
-75.86
-75.886
-75.83
-75.822
-75.862
-76.008
-76.222
-76.512
-76.671
-76.754
-76.78
-76.939
-77.1
-77.091
-77.064
-77.068
-77.291
-77.26
-77.639
-77.736
-77.701
-77.718
-77.972
-77.985
-77.926
-78.052
-78.087
-77.939
-77.928
-77.838
-77.764
-77.734
-77.708
-77.999
-77.728
-77.912
-77.741
-77.698
-77.716
-77.783
-77.557
-77.575
-77.498
-77.53
-77.592
-77.53
-77.64
-77.768
-78.071
-77.839
-78.009
-77.979
-78.449
-78.539
-78.623
-78.681
-79.222
-79.152
-79.034
-79.148
-79.448
-79.343
-79.413
-79.203
-79.26
-79.2
-79.201
-79.216
-79.224
-79.267
-79.16
-79.177
-79.274
-79.112
-79.119
-79.477
-79.162
-78.856
-79.04
-79.014
-79.218
-79.284
-79.327
-79.282
-79.46
-79.634
-79.792
-79.826
-79.967
-79.754
-79.831
-79.667
-79.564
-79.286
-79.324
-79.482
-79.563
-79.603
-79.888
-79.902
-79.923
-79.956
-80.106
-80.185
-80.317
-80.386
-80.717
-80.605
-80.698
-80.505
-80.619
-80.656
-80.94
-81.027
-80.938
-80.99
-81.074
-81.244
-81.197
-81.302
-81.173
-81.251
-81.262
-81.209
-81.373
-81.417
-81.523
-81.367
-81.66
-81.833
-81.945
-81.794
-81.622
-81.508
-81.676
-81.532
-81.097
-81.168
-80.775
-80.931
-80.847
-80.7
-80.534
-80.882
-81.093
-81.11
-81.217
-81.343
-81.364
-81.272
-81.227
-81.053
-81.264
-81.28
-81.43
-81.593
-81.511
-81.445
-81.477
-81.37
-81.331
-81.459
-81.258
-81.362
-81.298
-81.294
-81.619
-81.899
-81.916
-81.827
-81.902
-81.753
-82.015
-82.266
-82.157
