-85.754
-85.853
-85.659
-85.731
-85.708
-85.602
-85.58
-85.348
-85.056
-85.122
-85.16
-85.483
-85.407
-85.101
-84.918
-84.811
-84.926
-84.889
-84.755
-84.65
-84.725
-84.351
-84.461
-84.215
-84.475
-84.497
-84.778
-85.139
-85.31
-85.093
-85.21
-85.466
-85.484
-85.412
-85.555
-85.689
-85.836
-86.084
-86.047
-85.896
-85.96
-86.235
-86.304
-86.24
-86.172
-85.874
-85.942
-85.805
-85.998
-86.125
-86.038
-85.839
-85.638
-85.663
-85.697
-85.899
-86.008
-86.16
-86.023
-86.046
-86.226
-86.301
-86.489
-86.621
-86.904
-87.133
-86.962
-86.664
-86.426
-86.475
-86.373
-86.392
-86.339
-86.465
-86.561
-86.556
-86.533
-86.191
-86.232
-86.131
-85.951
-85.601
-85.843
-85.954
-85.88
-85.78
-85.963
-86.119
-86.333
-86.208
-86.207
-86.251
-86.387
-86.538
-86.651
-86.421
-86.267
-86.129
-86.257
-86.329
-86.565
-86.286
-86.164
-86.415
-86.29
-86.441
-86.507
-86.657
-86.843
-86.554
-86.621
-86.729
-86.434
-86.185
-86.034
-85.9
-85.98
-85.701
-85.415
-85.605
-85.519
-85.528
-85.596
-85.892
-85.868
-85.97
-85.848
-86.123
-86.319
-86.429
-86.497
-86.728
-86.81
-87.048
-87.207
-86.799
-86.753
-86.758
-86.733
-86.892
-87.168
-87.272
-86.936
-86.723
-86.564
-86.589
-86.71
-86.722
-86.712
-86.865
-86.797
-86.62
-86.555
-87.035
-87.324
-87.183
-87.354
-87.24
-87.289
-87.256
-87.168
-87.452
-87.224
-87.303
-87.441
-87.569
-87.657
-87.261
-86.859
-86.747
-86.838
-86.703
-86.71
-86.493
-86.616
-86.646
-86.721
-86.635
-86.374
-86.422
-86.45
-86.423
-86.546
-86.437
-86.389
-86.21
-86.27
-86.315
-86.549
-86.725
-86.601
-86.483
-86.45
-86.377
-86.243
-86.405
-86.198
-86.27
-86.141
-86.147
-86.044
-85.953
-85.693
-85.368
-85.47
-85.625
-85.517
-85.528
-85.269
-85.399
-85.6
-85.597
-85.173
-85.583
-85.503
-85.409
-85.305
-85.015
-84.997
-84.904
-84.795
-84.795
-84.484
-84.702
-84.759
-84.727
-84.6
-84.377
-84.066
-84.171
-83.94
-83.567
-83.555
-83.602
-83.488
-83.408
-83.542
-83.897
-84.012
-84.073
-84.063
-83.97
-84.164
-84.07
-83.818
-83.878
-84.042
-83.947
-83.928
-84.044
-84.158
-83.906
-83.74
-83.184
-82.791
-82.627
-82.315
-81.713
-81.336
-81.139
-80.911
-80.578
-80.27
-79.906
-79.728
-79.575
-79.372
-79.375
-79.429
-79.282
-79.017
-78.944
-78.632
-78.551
-78.304
-78.639
-78.331
-78.04
-77.713
-77.617
-77.467
-77.317
-77.24
-77.376
-77.251
-77.455
-77.31
-77.281
-77.289
-77.354
-76.791
-76.564
-76.524
-76.444
-76.353
-75.944
-75.909
-75.92
-75.821
-75.599
-75.305
-75.034
-74.92
-74.848
-74.741
-75.05
-75.14
-75.05
-75.002
-75.171
-75.241
-75.393
-75.355
-75.323
-75.096
-74.745
-74.719
-74.674
-74.921
-74.677
-74.758
-74.852
-74.839
-74.647
-74.72
-74.872
-74.711
-74.679
-74.473
-74.598
-74.884
-75.02
-75.21
-75.39
-75.15
-75.245
-75.213
-75.626
-75.403
-75.591
-75.515
-75.532
-75.528
-75.409
-75.242
-75.342
-75.359
-75.61
-75.274
-75.33
-74.725
-74.606
-74.671
-74.427
-74.593
-74.451
-74.296
-74.365
-74.598
-74.339
-74.421
-74.426
-74.302
-74.221
-73.904
-73.845
-73.912
-74.122
-74.064
-74.294
-74.371
-74.272
-74.031
-74.053
-73.639
-73.575
-73.495
-73.331
-73.371
-73.371
-73.169
-73.126
-73.128
-73.139
-72.903
-72.824
-72.648
-72.898
-72.674
-72.779
-72.723
-72.678
-72.531
-72.392
-72.474
-72.464
-72.625
-72.677
-72.889
-72.735
-72.292
-72.032
-72.276
-72.152
-72.138
-72.316
-72.206
-71.965
-72.056
-72.115
-72.198
-72.223
-72.36
-72.075
-71.797
-71.552
-71.311
-70.844
-70.552
-70.203
-69.928
-69.583
-69.293
-68.908
-68.71
-68.461
-68.132
-67.955
-67.704
-67.976
-67.832
-67.859
-67.7
-67.749
-67.676
-67.786
-67.572
-67.287
-67.253
-66.834
-66.847
-66.593
-66.521
-66.421
-66.522
-66.311
-66.229
-66.147
-66.063
-65.808
-65.552
-65.544
-65.307
-64.943
-64.515
-64.412
-64.309
-64.305
-64.173
-64.349
-64.422
-64.42
-64.489
-64.785
-64.651
-65.094
-65.296
-65.209
-65.361
-65.418
-65.5
-65.269
-65.413
-65.606
-65.622
-65.767
-65.529
-65.778
-65.736
-65.925
-65.891
-65.804
-65.988
-65.85
-65.866
-66.142
-66.351
-66.319
-66.529
-66.612
-66.697
-66.748
-66.812
-66.363
-66.159
-65.997
-66.079
-66.037
-66.03
-65.976
-65.984
-65.747
-66.111
-66.01
-66.019
-65.921
-66.165
-66.252
-66.004
-66.2
-66.106
-66.177
-66.037
-66.086
-66.27
-66.418
-66.311
-66.309
-66.561
-66.47
-66.459
-66.46
-66.535
-66.331
-66.716
-66.827
-66.955
-67.092
-67.119
-67.367
-67.366
-67.627
-67.431
-67.397
-67.309
-67.527
-67.318
-67.347
-67.335
-67.174
-67.398
-67.489
-67.552
-67.662
-67.608
-67.535
-67.511
-67.796
-67.716
-67.941
-67.878
-67.966
-68.209
-68.409
-68.392
-68.477
-68.581
-68.644
-68.631
-68.634
-68.653
-68.639
-68.56
-68.373
-68.422
-68.358
-68.576
-68.649
-68.556
-68.743
-68.973
-68.937
-68.753
-68.67
-68.441
-68.721
-68.831
-68.903
-68.984
-68.881
-68.551
-68.288
-68.385
-68.46
-68.516
-68.511
-68.417
-68.668
-68.775
-68.815
-68.511
-68.514
-68.142
-68.15
-68.152
-67.942
-67.87
-67.838
-67.815
-67.909
-67.799
-68.057
-68.097
-68.181
-68.096
-68.33
-68.434
-68.313
-68.336
-68.506
-68.57
-68.783
-68.95
-68.941
-68.864
-68.992
-69.076
-69.255
-69.406
-69.567
-69.545
-69.648
-69.35
-69.443
-69.775
-69.75
-69.54
-69.528
-69.298
-69.418
-69.294
-69.331
-69.289
-68.997
-69.022
-68.716
-68.826
-69.047
-69.013
-69.29
-69.391
-69.267
-69.189
-69.171
-69.211
-69.417
-69.426
-69.373
-69.297
-69.32
-69.491
-69.308
-69.482
-69.503
-69.632
-69.79
-69.598
-69.417
-69.603
-69.329
-69.556
-69.285
-69.163
-69.048
-69.156
-69.192
-69.125
-69.227
-69.457
-69.648
-69.472
-69.241
-69.067
-69.136
-69.373
-69.153
-69.272
-69.5
-69.558
-69.739
-69.591
-69.704
-69.407
-69.324
-69.162
-69.134
-69.326
-69.604
-69.508
-69.486
-69.566
-69.507
-69.417
-69.572
-69.641
-69.366
-69.628
-69.855
-69.86
-70.096
-70.274
-70.406
-70.332
-70.422
-70.456
-70.371
-70.172
-70.392
-70.343
-70.444
-70.256
-70.368
-70.119
-70.062
-69.913
-69.99
-70.049
-69.993
-70.273
-70.368
-70.203
-70.153
-69.989
-69.954
-70.018
-70.071
-70.26
-70.392
-70.131
-69.953
-69.819
-69.958
-70.057
-70.077
-70.05
-70.466
-70.4
-70.426
-70.577
-70.482
-70.675
-70.928
-71.127
-71.284
-71.236
-71.296
-71.09
-71.194
-71.294
-71.379
-71.029
-71.064
-70.915
-70.674
-70.799
-71.014
-70.99
-70.708
-70.518
-70.795
-70.987
-70.974
-71.061
-71.215
-71.196
-71.228
-71.759
-71.712
-71.59
-71.41
-71.432
-71.127
-71.36
-71.244
-71.104
-71.193
-70.993
-71.183
-71.065
-71.052
-71.501
-71.663
-71.492
-71.506
-71.723
-71.893
-71.941
-71.985
-71.982
-71.594
-71.457
-71.577
-71.359
-70.995
-71.155
-71.203
-71.01
-71.122
-71.255
-71.551
-71.58
-71.66
-71.745
-71.82
-71.765
-71.72
-71.797
-71.758
-71.624
-71.249
-71.247
-71.231
-71.341
-71.564
-71.817
-71.705
-71.434
-71.747
-71.573
-71.524
-71.749
-72.098
-72.32
-72.23
-72.055
-72.031
-72.024
-71.673
-71.721
-71.665
-71.96
-72.055
-72.007
-72.232
-72.427
-72.418
-72.481
-72.303
-72.26
-72.259
-72.293
-72.227
-72.372
-72.458
-72.476
-72.263
-72.496
-72.566
-72.589
-72.799
-72.638
-72.649
-72.856
-72.59
-72.498
-72.042
-72.049
-72.163
-71.915
-71.902
-71.949
-72.125
-72.154
-72.176
-72.179
-72.144
-72.35
-72.33
-72.265
-72.797
-72.957
-72.701
-72.862
-72.89
-72.865
-73.05
-73.3
-73.427
-73.326
-73.067
-72.987
-72.913
-73.149
-73.185
-73.127
-72.902
-72.683
-72.941
-73.266
-73.086
-73.18
-73.293
-73.385
-73.3
-73.13
-72.848
-73.287
-73.339
-73.421
-73.709
-73.77
-74.215
-74.356
-74.481
-74.385
-74.66
-74.881
-74.835
-74.683
-74.558
-74.603
-74.681
-74.789
-74.719
-74.497
-74.656
-74.605
-74.206
-74.251
-74.235
-74.256
-73.956
-73.936
-73.771
-73.904
-73.735
-73.533
-73.693
-73.615
-73.615
-73.663
-73.683
-73.704
-73.544
-73.683
-73.671
-73.481
-73.315
-73.364
-73.315
-73.541
-73.482
-73.583
-73.595
-73.664
-73.611
-73.678
-73.826
-73.931
-74.038
-74.131
-74.066
-73.938
-73.623
-73.706
-73.816
-74.043
-74.086
-74.154
-74.316
-74.276
-73.859
-74.049
-74.387
-73.952
-73.923
-74.011
-73.99
-73.956
-73.826
-74.022
-73.9
-74.008
-73.999
-74.174
-74.1
-74.035
-74.243
-74.428
-74.231
-74.257
-74.233
-74.275
-73.983
-74.167
-73.931
-73.654
-73.266
-73.016
-72.991
-72.88
-72.892
-72.634
-72.265
-72.166
-71.92
-72.405
-72.335
-72.367
-72.697
-72.817
