-80.482
-80.597
-80.466
-80.519
-80.415
-80.444
-80.47
-80.615
-80.678
-80.6
-80.462
-80.22
-80.017
-80.023
-80.065
-80.128
-80.206
-80.101
-80.173
-80.422
-80.561
-80.667
-80.819
-80.969
-80.899
-80.807
-80.568
-80.66
-80.864
-80.783
-80.65
-80.423
-80.441
-80.363
-80.178
-79.819
-80.083
-80.511
-80.175
-80.311
-80.361
-80.563
-80.698
-80.876
-80.829
-80.537
-80.684
-80.437
-80.425
-80.681
-80.766
-80.914
-81.005
-80.902
-81.055
-81.269
-81.344
-81.565
-81.759
-81.681
-81.952
-82.389
-82.553
-82.547
-82.622
-82.565
-82.421
-82.137
-82.114
-82.252
-82.517
-82.658
-82.646
-82.932
-83.111
-83.117
-83.094
-83.152
-83.225
-83.326
-83.457
-83.766
-83.924
-83.969
-84.08
-84.097
-83.893
-83.837
-83.637
-83.798
-83.634
-83.417
-83.742
-83.592
-83.634
-83.733
-83.611
-83.601
-83.899
-83.856
-83.921
-83.762
-83.381
-83.18
-82.987
-82.816
-82.794
-82.533
-82.079
-81.988
-81.665
-81.546
-80.936
-80.767
-80.548
-80.367
-79.823
-79.648
-79.531
-79.167
-78.85
-78.441
-78.3
-78.33
-78.25
-78.01
-77.424
-77.214
-77.259
-77.348
-76.957
-76.837
-76.674
-76.885
-76.968
-76.852
-76.865
-76.801
-76.774
-76.724
-76.958
-76.967
-76.852
-76.451
-76.302
-76.075
-75.681
-75.112
-74.832
-74.235
-73.689
-73.098
-73.085
-72.963
-72.929
-72.832
-72.725
-72.715
-72.499
-72.161
-72.35
-72.488
-72.176
-71.864
-71.628
-71.742
-71.489
-71.32
-71.438
-71.576
-71.788
-71.416
-70.993
-71.008
-71.04
-70.903
-70.66
-70.889
-71.16
-71.395
-71.597
-71.591
-71.914
-71.825
-71.852
-71.869
-71.842
-71.549
-71.619
-71.651
-71.775
-72.03
-71.805
-71.587
-71.317
-70.956
-70.681
-70.094
-69.657
-69.089
-68.812
-68.227
-68.08
-67.968
-67.791
-67.565
-67.522
-67.147
-66.989
-66.817
-66.786
-66.478
-66.364
-66.286
-66.154
-65.95
-65.631
-65.228
-64.947
-64.677
-64.501
-64.507
-64.688
-64.95
-64.818
-64.503
-64.72
-64.598
-64.337
-64.004
-64.144
-63.885
-63.424
-62.842
-62.271
-62.086
-61.604
-61.21
-60.991
-60.722
-60.786
-60.223
-60.109
-59.968
-59.624
-59.564
-59.273
-58.819
-58.546
-58.14
-57.758
-57.267
-56.866
-56.738
-55.969
-55.324
-54.855
-54.414
-53.546
-52.897
-51.407
-49.452
-45.631
-45
-45
-45
-45
-45
-45
-45
-45
-45
-45
-45
-45
-45
-45.244
-52.026
-57.943
-62.27
-65.286
-67.072
-67.754
-68.159
-68.259
-68.111
-67.422
-66.759
-66.308
-65.78
-65.29
-64.513
-63.972
-63.451
-62.828
-62.415
-62.202
-61.873
-61.691
-61.213
-60.998
-60.72
-60.352
-60.094
-59.65
-59.315
-59.029
-58.713
-58.44
-58.119
-58.099
-57.625
-57.375
-57.145
-57.241
-57.216
-56.998
-56.906
-56.882
-56.724
-56.532
-56.53
-56.059
-55.974
-55.777
-55.498
-55.291
-54.786
-54.203
-53.175
-52.2
-50.812
-49.041
-45.67
-45
-45
-45
-45
-45
-45
-45
-45
-45
-45
-45
-45
-45
-46.046
-52.748
-57.859
-61.589
-63.991
-65.77
-67.307
-68.161
-68.796
-68.782
-68.938
-68.816
-68.714
-68.496
-68.432
-68.046
-67.864
-67.691
-67.301
-66.853
-66.966
-66.955
-66.894
-66.634
-66.453
-66.311
-66.076
-65.657
-65.279
-64.799
-64.661
-64.648
-64.505
-63.93
-64.082
-63.783
-63.679
-63.701
-63.672
-63.458
-63.225
-63.291
-63.119
-63.101
-63.049
-62.59
-62.342
-61.875
-61.29
-60.582
-60.19
-59.784
-59.27
-59.016
-58.497
-58.341
-57.799
-57.608
-57.423
-57.032
-56.555
-55.983
-55.402
-54.54
-54.02
-53.293
-52.334
-51.387
-49.878
-46.892
-45
-45
-45
-45
-45
-45
-45
-45
-45
-45
-45
-45
-45
-45
-52.21
-58.464
-63.118
-66.416
-68.613
-70.306
-71.239
-71.46
-71.496
-71.483
-70.905
-70.13
-69.745
-69.32
-69.13
-68.61
-68.063
-67.265
-66.798
-66.496
-65.795
-65.209
-64.709
-64.289
-63.296
-62.515
-61.16
-60.47
-59.491
-58.512
-57.856
-57.368
-56.567
-56.111
-55.485
-54.987
-54.41
-53.744
-53.141
-52.1
-50.919
-49.162
-45.893
-45
-45
-45
-45
-45
-45
-45
-45
-45
-45
-45
-45
-45
-47.231
-53.951
-59.819
-63.855
-66.891
-68.439
-69.937
-71.11
-71.764
-72.03
-72.192
-72.127
-71.839
-71.761
-71.825
-71.733
-71.395
-70.976
-70.399
-69.719
-69.291
-68.528
-67.828
-67.162
-66.758
-66.112
-65.49
-64.906
-64.213
-63.604
-63.451
-62.841
-62.345
-61.96
-61.665
-61.649
-61.227
-60.618
-60.047
-59.458
-58.733
-58.41
-57.645
-56.901
-56.07
-55.401
-55.1
-54.387
-54.011
-52.794
-51.93
-50.734
-49.377
-46.253
-45
-45
-45
-45
-45
-45
-45
-45
-45
-45
-45
-45
-45
-46.095
-53.261
-59.193
-63.798
-66.968
-69.247
-70.53
-70.984
-71.583
-71.745
-71.805
-71.972
-71.95
-71.776
-71.594
-71.308
-71.098
-70.773
-70.614
-70.494
-70.333
-70.081
-69.928
-69.647
-69.231
-68.962
-68.526
-68.102
-67.65
-67.258
-66.843
-66.472
-66.257
-65.997
-65.718
-64.975
-64.344
-64.318
-64.073
-63.63
-63.448
-63.184
-62.949
-62.572
-62.379
-62.218
-62.118
-61.971
-61.793
-61.388
-61.371
-61.277
-61.334
-61.184
-61.015
-60.994
-61.186
-61.429
-61.368
-61.408
-61.521
-61.405
-61.54
-61.562
-61.946
-62.224
-62.636
-63.069
-63.143
-63.499
-63.367
-63.53
-63.689
-63.855
-63.778
-64.245
-64.388
-64.364
-64.781
-65.006
-65.283
-65.349
-65.515
-65.656
-65.86
-65.939
-66.132
-66.321
-66.773
-66.928
-67.117
-67.523
-67.758
-68.146
-68.545
-68.644
-68.979
-69.458
-69.868
-70.251
-70.382
-70.373
-70.596
-70.342
-70.19
-69.964
-69.871
-69.854
-69.686
-69.402
-69.421
-69.255
-69.247
-68.858
-68.63
-68.514
-68.186
-67.845
-67.622
-67.249
-66.893
-66.653
-66.642
-66.363
-66.409
-66.015
-66.097
-65.727
-65.73
-65.987
-65.652
-65.386
-65.556
-65.535
-65.366
-65.634
-65.912
-66.154
-66.254
-66.302
-66.439
-66.319
-66.162
-66.22
-66.313
-66.667
-66.638
-66.851
-66.747
-66.778
-67.02
-67.142
-67.322
-67.543
-68.067
-68.405
-68.742
-69.143
-69.377
-69.618
-69.844
-70.128
-70.41
-70.914
-70.978
-71.198
-71.114
-71.4
-71.32
-71.52
-71.72
-71.722
-71.932
-72.095
-72.203
-72.583
-72.61
-72.921
-72.865
-72.998
-73.04
-73.297
-73.493
-73.797
-74.013
-74.025
-74.266
-74.465
-74.321
-74.446
-74.533
-74.783
-74.757
-75.172
-75.087
-75.415
-75.687
-75.721
-75.631
-75.662
-76.111
-76.465
-76.356
-76.407
-76.52
-76.57
-76.726
-76.779
-76.943
-76.941
-77.167
-77.052
-77.307
-77.271
-77.462
-77.527
-77.752
-78.089
-78.161
-78.092
-78.031
-78.119
-78.081
-78.253
-78.575
-78.61
-78.642
-78.609
-79.015
-79.094
-79.297
-79.544
-79.543
-79.338
-79.701
-79.874
-79.865
-80.078
-80.324
-80.323
-80.751
-81.011
-81.108
-81.224
-81.145
-81.294
-81.719
-81.855
-82.163
-82.37
-82.323
-82.633
-82.637
-82.798
-82.906
-82.98
-83.106
-83.279
-83.485
-83.866
-83.944
-84.125
-84.172
-84.328
-84.608
-84.621
-84.894
-84.789
-84.869
-84.832
-85.12
-84.807
-84.889
-84.935
-85.154
-85.413
-85.497
-85.491
-85.494
-85.434
-85.614
-85.352
-85.142
-85.283
-84.953
-85.176
-85.147
-85.343
-85.532
-85.799
-85.721
-85.768
-86.066
-86.373
-86.522
-86.52
-86.426
-86.51
-86.433
-86.641
-86.766
-86.558
-86.905
-86.95
-87
-87.334
-87.339
-87.381
-87.407
-87.832
-87.833
-87.715
-87.645
-87.232
-87.165
-87.257
-87.302
-87.394
-87.144
-86.788
-86.958
-86.735
-86.868
-86.817
-86.772
-86.776
-86.711
-86.581
-86.567
-86.266
-86.378
-86.25
-86.15
-85.944
-86.005
-85.995
-86.061
-86.64
-86.796
-86.731
-86.826
-86.856
-86.724
-86.578
-86.987
-87
-87.06
-86.872
-86.877
-86.976
-86.902
-86.744
-86.882
-86.909
-87.083
-87.311
-87.206
-87.503
-87.498
-87.8
-87.675
-87.708
-87.688
-87.843
-87.871
-87.986
-88.08
-88.036
-88.372
-88.31
-88.52
-88.531
-88.575
-88.709
-88.708
-88.712
-88.864
-88.749
-88.617
-88.72
-88.759
-88.619
-88.672
-88.715
-88.744
-88.523
-88.546
-88.382
-88.356
-88.393
-88.338
-88.19
-88.425
-88.384
-88.412
-88.413
-88.513
-88.183
-88.376
-88.02
-88.23
-88.388
-88.421
-88.554
-88.62
-89.074
-88.975
-88.84
-88.991
-88.908
-89.034
-89.112
-89.337
-89.276
-89.22
-89.41
-89.453
-89.422
-89.601
-89.551
-89.408
-89.188
-89.284
-89.058
-89.142
-88.937
-88.925
-88.97
-89.102
-89.14
-89.114
-89.178
-89.123
-89.093
-89.116
-89.013
-89.146
-89.085
-89.19
-89.145
-88.879
-88.812
-89.033
-88.946
-88.94
-89.002
-89.077
