-95.053
-94.946
-94.66
-94.698
-94.73
-94.359
-94.185
-94.046
-94.1
-94.312
-94.602
-94.608
-94.561
-94.703
-94.748
-94.675
-94.657
-94.453
-94.023
-94.059
-94.074
-93.93
-93.949
-94.152
-94.101
-94.16
-94.108
-94.235
-94.011
-94.024
-93.675
-93.634
-93.519
-93.525
-93.482
-93.552
-93.743
-93.924
-94.025
-93.974
-93.833
-94.007
-94.025
-94.274
-94.4
-94.676
-94.492
-94.726
-94.346
-94.29
-94.224
-94.19
-94.335
-94.548
-94.269
-94.389
-94.253
-94.321
-94.44
-94.068
-93.978
-94.05
-93.884
-93.782
-93.682
-93.618
-93.519
-93.462
-93.633
-93.613
-93.542
-93.673
-93.98
-93.85
-94.001
-93.841
-93.552
-93.57
-93.428
-93.344
-93.384
-93.33
-93.264
-93.522
-93.313
-93.136
-92.981
-92.832
-92.894
-92.93
-92.872
-92.91
-92.754
-92.816
-92.702
-92.576
-92.361
-92.749
-92.507
-92.2
-92.391
-92.457
-92.736
-92.593
-92.463
-92.097
-91.762
-91.175
-90.595
-89.83
-89.087
-88.668
-88.306
-88.075
-87.764
-87.16
-86.676
-86.13
-85.704
-85.538
-85.368
-85.324
-84.943
-84.604
-84.421
-84.531
-84.164
-83.678
-83.61
-83.491
-83.47
-83.552
-83.141
-82.684
-82.192
-81.655
-80.985
-80.43
-79.989
-79.581
-78.938
-78.437
-78.028
-77.84
-77.639
-77.232
-76.981
-76.861
-76.646
-76.61
-76.287
-76.38
-75.779
-75.4
-75.607
-75.248
-75.092
-74.783
-74.164
-73.768
-73.159
-72.288
-71.442
-70.895
-70.485
-69.991
-69.661
-69.408
-68.749
-67.953
-67.629
-66.538
-66.125
-65.304
-64.983
-64.653
-64.208
-63.894
-63.385
-63.177
-62.643
-62.258
-62.259
-61.779
-61.827
-61.467
-61.019
-60.94
-60.757
-60.5
-60.581
-60.694
-60.502
-60.768
-60.642
-60.15
-59.898
-59.612
-59.452
-59.151
-58.69
-58.275
-57.717
-57.446
-56.801
-56.115
-55.515
-54.617
-53.622
-52.606
-51.188
-48.81
-45
-45
-45
-45
-45
-45
-45
-45
-45
-45
-45
-45
-45
-45
-46.542
-53.181
-58.681
-62.774
-65.567
-67.328
-68.33
-69.347
-69.956
-69.779
-69.816
-69.596
-69.169
-68.658
-68.252
-67.491
-66.682
-65.508
-64.489
-63.333
-61.979
-60.988
-60.147
-59.294
-58.634
-58.06
-57.236
-56.48
-55.555
-55.082
-54.486
-53.703
-52.979
-51.654
-49.962
-47.609
-45
-45
-45
-45
-45
-45
-45
-45
-45
-45
-45
-45
-45
-45
-49.795
-55.345
-59.903
-63.03
-64.874
-65.944
-66.627
-66.743
-66.594
-66.384
-66.101
-65.785
-65.356
-64.92
-64.501
-63.689
-63.066
-61.961
-61.274
-60.378
-59.237
-57.847
-56.444
-55.029
-53.736
-52.275
-50.683
-48.468
-45
-45
-45
-45
-45
-45
-45
-45
-45
-45
-45
-45
-45
-45
-48.851
-54.529
-59.035
-62.332
-64.506
-66.04
-66.738
-67.294
-67.427
-66.849
-66.585
-66.274
-65.655
-65.531
-64.934
-64.341
-63.611
-62.571
-62.078
-61.396
-60.651
-60.09
-59.58
-59.31
-58.774
-58.218
-57.638
-56.986
-56.083
-55.5
-54.827
-53.91
-53.118
-52.073
-50.694
-48.717
-45.384
-45
-45
-45
-45
-45
-45
-45
-45
-45
-45
-45
-45
-45
-48.618
-55.228
-60.159
-63.758
-66.518
-68.227
-69.264
-70.165
-70.332
-70.711
-71.203
-71.227
-71.467
-71.591
-71.856
-72.046
-71.897
-71.544
-71.22
-70.927
-70.65
-70.489
-70.14
-69.808
-69.418
-69.045
-68.57
-68.154
-68.097
-67.574
-67.444
-66.885
-66.58
-66.044
-65.606
-64.926
-64.295
-63.806
-63.502
-62.901
-62.393
-61.977
-61.608
-60.904
-60.189
-59.893
-59.214
-58.535
-58.032
-57.448
-57.121
-56.856
-56.434
-55.767
-55.54
-55.331
-54.747
-54.015
-53.24
-52.143
-51.031
-49.115
-45.359
-45
-45
-45
-45
-45
-45
-45
-45
-45
-45
-45
-45
-45
-45.928
-52.378
-58.01
-61.837
-64.582
-66.275
-67.513
-67.876
-68.097
-67.886
-67.757
-67.536
-67.284
-66.585
-66.069
-65.588
-65.151
-64.62
-64.052
-63.484
-62.935
-62.608
-61.915
-61.599
-61.339
-61.165
-60.809
-60.499
-60.171
-60.189
-60.065
-59.798
-59.815
-59.642
-59.631
-59.536
-59.413
-59.237
-58.872
-58.727
-58.254
-57.767
-57.379
-57.019
-56.934
-56.71
-56.627
-56.478
-56.49
-56.534
-56.241
-55.895
-55.552
-54.978
-54.262
-53.438
-52.232
-50.773
-48.511
-45
-45
-45
-45
-45
-45
-45
-45
-45
-45
-45
-45
-45
-45
-48.517
-54.82
-59.624
-63.462
-65.789
-67.102
-67.748
-68.057
-68.016
-67.974
-67.974
-67.844
-67.445
-67.036
-66.622
-66.416
-66.305
-66.276
-65.805
-65.672
-65.111
-64.627
-63.954
-63.558
-62.971
-62.477
-61.91
-61.344
-61.184
-60.924
-60.837
-60.434
-59.908
-59.539
-59.315
-59.237
-59.03
-58.612
-58.459
-57.845
-57.498
-56.683
-56.157
-55.222
-54.724
-54.208
-53.989
-53.4
-52.719
-51.913
-50.726
-48.643
-45.246
-45
-45
-45
-45
-45
-45
-45
-45
-45
-45
-45
-45
-45
-47.758
-54.564
-60.017
-63.756
-66.132
-67.73
-68.761
-69.242
-69.508
-69.426
-69.172
-68.432
-68.142
-68.169
-67.722
-67.157
-66.438
-65.697
-65.211
-64.9
-64.531
-63.872
-63.484
-62.97
-62.353
-62.003
-61.941
-61.357
-61.027
-60.669
-60.56
-60.4
-60.047
-60.002
-60.124
-60.225
-59.965
-60.033
-60.067
-59.934
-59.286
-59.277
-59.305
-58.972
-58.801
-58.909
-58.888
-58.721
-58.504
-58.586
-58.503
-58.665
-58.761
-58.778
-58.56
-58.41
-58.384
-58.595
-58.743
-58.967
-59.108
-59.19
-59.35
-59.501
-59.591
-59.565
-59.703
-59.938
-60.065
-60.461
-60.548
-60.766
-60.987
-60.939
-61.198
-61.52
-61.787
-61.676
-62.147
-62.473
-62.701
-62.938
-63.377
-63.705
-63.703
-63.681
-63.7
-63.601
-63.557
-63.903
-63.851
-63.865
-63.703
-63.572
-63.614
-63.547
-63.53
-63.601
-63.72
-63.842
-63.789
-64.054
-64.161
-64.54
-64.769
-65.01
-65.066
-65.38
-65.39
-65.191
-65.33
-65.331
-65.28
-65.165
-65.139
-65.006
-64.937
-64.905
-64.924
-64.959
-64.831
-64.816
-64.842
-64.621
-64.857
-64.865
-64.744
-64.862
-64.82
-64.817
-64.928
-64.947
-64.931
-64.967
-65.076
-65.388
-65.622
-65.748
-65.925
-66.366
-66.39
-66.747
-67.197
-67.566
-68.01
-67.821
-68.011
-68.384
-68.584
-68.746
-68.974
-68.986
-69.089
-69.217
-69.413
-69.663
-69.947
-70.148
-70.269
-70.466
-70.739
-70.928
-70.898
-70.996
-71.425
-71.6
-71.873
-71.914
-71.942
-72.261
-72.493
-72.43
-72.619
-73.022
-73.432
-73.441
-73.811
-74.164
-74.475
-74.679
-74.847
-75.095
-75.177
-75.721
-75.777
-76.04
-75.951
-76.107
-76.233
-76.345
-76.304
-76.655
-76.586
-76.656
-76.744
-76.945
-77.075
-76.733
-76.779
-76.69
-77.039
-77.073
-77.227
-77.521
-77.636
-77.649
-77.755
-77.766
-77.948
-78.158
-78.595
-78.716
-78.636
-78.793
-78.798
-78.635
-78.811
-78.97
-79.243
-79.445
-79.584
-79.596
-79.464
-79.739
-79.981
-80.315
-80.856
-81.148
-81.202
-81.376
-81.378
-81.588
-81.7
-81.692
-81.94
-82.274
-82.358
-82.525
-82.469
-82.463
-82.435
-82.15
-82.564
-82.586
-82.804
-82.868
-82.916
-83.014
-83.317
-83.424
-83.678
-83.71
-84.017
-83.806
-84.11
-84.066
-84.258
-84.425
-84.565
-84.78
-84.905
-85.149
-85.392
-85.431
-85.575
-85.991
-86.163
-86.132
-86.406
-86.428
-86.558
-86.653
-86.751
-86.642
-86.694
-86.695
-86.779
-86.771
-86.996
-87.05
-87.161
-87.433
-87.308
-87.421
-87.362
-87.591
-87.502
-87.578
-87.669
-88.002
-88.08
-88.189
-88.44
-88.536
-88.809
-88.553
-89.019
-89.427
-89.512
-89.667
-89.859
-89.791
-89.993
-90.072
-90.09
-90.315
-90.461
-90.314
-90.437
-90.316
-90.411
-90.53
-90.543
-90.693
-90.973
-91.083
-91.157
-91.222
-91.147
-91.121
-90.988
-90.94
-90.82
-90.998
-91.105
-91.2
-91.37
-91.4
-91.387
-91.634
-91.931
-91.844
-91.993
-92.398
-92.538
-92.767
-92.809
-92.901
-92.883
-92.866
-92.939
-92.866
-92.843
-93.025
-93.162
-93.294
-93.263
-93.458
-93.806
-93.942
-94.029
-93.878
-93.989
-93.981
-93.835
-93.626
-93.644
-93.619
-93.47
-93.701
-93.499
-93.356
-93.263
-93.1
-93.205
-93.094
-92.811
-92.684
-92.64
-92.35
-92.309
-92.259
-92.379
-92.276
-92.472
-92.4
-92.276
-92.533
-92.431
-92.687
-93.104
-93.145
-92.91
-93.173
-93.213
-93.018
-93.033
-93.114
-93.351
-93.391
-93.193
-93.597
-93.784
-93.966
-93.741
-93.994
-94.096
-94.198
-94.459
-94.714
-94.862
-94.788
-94.614
-94.557
-94.578
-94.599
-94.707
-94.816
-94.826
-94.91
-95.071
-95.181
-95.011
-94.935
-95.171
-95.246
-94.941
-94.811
