-79.741
-79.818
-79.723
-79.54
-79.693
-79.751
-79.987
-80.074
-80.152
-79.887
-79.714
-79.837
-79.902
-80.129
-80
-79.967
-80.071
-79.947
-79.661
-79.637
-79.88
-79.723
-79.867
-80.091
-79.863
-79.826
-80.069
-79.911
-79.949
-80.104
-80.253
-80.126
-80.112
-80.153
-80.154
-80.01
-79.973
-79.995
-79.874
-79.943
-79.807
-79.601
-79.867
-80.148
-80.016
-80.235
-80.284
-80.142
-80.191
-79.994
-80.256
-80.23
-80.138
-79.989
-80.162
-80.218
-80.3
-80.343
-80.225
-80.214
-80.253
-79.966
-79.995
-79.851
-79.834
-80.023
-80.095
-80.095
-80.278
-80.047
-79.802
-79.685
-79.97
-79.925
-80.061
-79.706
-79.749
-79.825
-79.926
-79.597
-79.806
-79.848
-79.799
-79.843
-79.953
-80.095
-80.005
-79.873
-79.673
-79.803
-79.817
-79.807
-79.721
-79.808
-79.83
-79.936
-80.035
-79.649
-79.415
-78.964
-78.957
-78.912
-78.842
-78.978
-79.161
-79.084
-79.382
-79.338
-79.186
-79.158
-79.171
-79.221
-79.404
-79.118
-79.082
-79.155
-79.258
-79.372
-79.435
-79.394
-79.214
-79.181
-79.561
-79.572
-79.557
-79.517
-79.308
-79.173
-78.833
-79.063
-78.992
-78.832
-78.72
-79.059
-79.172
-78.756
-78.781
-78.872
-78.466
-78.617
-78.613
-78.991
-78.796
-79.026
-79.194
-79.232
-79.21
-79.266
-79.086
-79.11
-79.235
-79.407
-79.278
-79.365
-79.556
-79.708
-79.506
-79.146
-78.819
-78.778
-78.689
-78.69
-78.464
-78.233
-77.909
-77.985
-78.056
-78.228
-78.165
-78.213
-78.222
-78.261
-78.215
-78.343
-78.293
-78.493
-78.668
-78.793
-79.02
-79.145
-78.943
-78.789
-79.024
-79.227
-79.101
-78.968
-79.134
-78.893
-78.955
-78.823
-79.074
-79.336
-79.401
-79.471
-79.362
-79.393
-79.324
-79.246
-79.277
-79.347
-79.457
-79.577
-79.54
-79.842
-79.551
-79.507
-79.238
-78.89
-78.817
-78.597
-78.434
-78.268
-78.237
-78.167
-77.963
-78.039
-77.789
-77.862
-78.12
-78.331
-78.339
-77.792
-77.404
-77.147
-76.919
-76.781
-76.689
-76.392
-76.265
-76.063
-76.231
-76.065
-76.034
-76.238
-76.362
-76.39
-76.551
-76.377
-76.359
-76.522
-76.737
-76.802
-77.156
-77.359
-77.924
-78.595
-78.804
-79.288
-79.518
-79.788
-79.841
-79.909
-79.65
-79.661
-79.955
-79.985
-79.979
-79.845
-79.672
-79.524
-79.611
-79.559
-79.568
-79.786
-79.498
-79.286
-79.242
-78.699
-78.518
-78.237
-78.22
-78.227
-78.145
-78.1
-77.884
-78.084
-78.147
-78.191
-78.059
-78.155
-78.159
-78.409
-78.59
-78.674
-78.565
-78.748
-78.928
-78.985
-78.789
-78.991
-79.249
-79.305
-78.923
-78.863
-78.871
-78.978
-78.969
-79.046
-78.837
-79.11
-79.034
-79.016
-79.085
-79.072
-78.936
-78.969
-78.881
-78.962
-79.322
-79.26
-79.178
-79.169
-79.15
-79.25
-79.323
-79.285
-79.444
-79.593
-79.393
-79.317
-79.497
-79.407
-79.578
-79.528
-79.592
-79.382
-79.697
-79.681
-79.542
-79.712
-79.681
-79.65
-79.658
-79.582
-79.794
-79.795
-79.673
-79.817
-79.957
-79.787
-79.873
-79.68
-80.005
-79.745
-79.609
-79.596
-79.684
-79.455
-78.976
-78.539
-78.314
-78.002
-77.943
-77.99
-77.98
-77.825
-77.904
-77.841
-77.929
-77.981
-78.139
-78.244
-78.321
-78.663
-78.586
-78.619
-78.753
-78.471
-78.703
-78.981
-78.945
-78.975
-79.072
-79.285
-79.299
-79.35
-79.245
-79.073
-79.091
-79.243
-79.59
-79.472
-79.59
-79.57
-79.486
-79.304
-79.36
-79.388
-79.2
-79.242
-78.881
-78.671
-78.399
-78.311
-78.171
-78.222
-78.316
-78.304
-78.409
-78.396
-78.473
-78.779
-78.827
-78.62
-78.738
-78.784
-78.783
-78.941
-78.836
-78.81
-78.849
-78.782
-78.937
-78.776
-78.786
-78.613
-78.718
-78.735
-78.743
-78.793
-78.834
-78.954
-78.829
-78.898
-78.917
-78.857
-78.876
-79.25
-79.208
-79.112
-78.801
-78.716
-79.077
-78.904
-79.023
-79.046
-79.046
-79.109
-79.062
-79.154
-79.372
-79.167
-79.361
-79.184
-78.84
-78.535
-78.269
-78.008
-77.96
-77.632
-77.757
-77.684
-77.748
-77.648
-77.749
-77.954
-78.202
-78.17
-78.334
-78.48
-78.427
-78.645
-78.639
-78.63
-78.7
-78.838
-78.827
-78.661
-78.898
-78.986
-79.129
-79.25
-79.037
-78.989
-79.048
-78.957
-78.794
-79.041
-79.029
-79.114
-79.211
-79.157
-79.002
-78.852
-78.527
-78.202
-77.946
-78.004
-77.92
-77.902
-77.866
-77.745
-77.718
-77.699
-77.916
-78.009
-77.955
-77.898
-78.035
-77.995
-78.031
-78.045
-77.963
-78.035
-77.889
-78.154
-78.106
-78.022
-78.073
-78.15
-78.046
-78.402
-78.392
-78.166
-78.36
-78.553
-78.52
-78.523
-78.671
-78.894
-78.83
-78.828
-79.098
-79.156
-79.248
-79.308
-79.384
-79.331
-79.534
-79.601
-79.271
-78.991
-78.592
-78.272
-78.289
-78.247
-78.26
-78.112
-78.09
-77.912
-78.091
-77.988
-77.681
-77.806
-78.029
-78.005
-78
-78.098
-78.018
-78.111
-78.035
-78.289
-78.44
-78.551
-78.56
-78.804
-78.711
-78.733
-78.95
-78.925
-78.886
-78.969
-78.959
-79.08
-79.201
-79.101
-79.052
-78.908
-79.031
-79.017
-78.986
-78.833
-78.772
-78.645
-78.913
-78.711
-78.727
-78.856
-78.835
-78.702
-78.901
-79.018
-79.019
-78.666
-78.791
-78.804
-78.793
-78.695
-78.787
-78.89
-78.582
-78.157
-78.036
-77.665
-77.928
-77.881
-77.772
-77.534
-77.778
-77.817
-77.862
-77.779
-77.79
-78.046
-77.98
-78.291
-78.334
-78.443
-78.415
-78.667
-78.553
-78.592
-78.817
-78.739
-78.534
-78.435
-78.648
-78.755
-78.655
-78.824
-78.709
-78.816
-79.001
-79.276
-79.016
-78.935
-79.324
-79.315
-79.313
-79.158
-79.146
-78.971
-79.004
-79.2
-79.18
-79.144
-79.181
-79.301
-79.16
-79.326
-79.216
-79.202
-79.22
-79.302
-79.142
-79.41
-79.333
-79.505
-79.427
-79.561
-79.35
-79.381
-79.542
-79.569
-79.733
-79.666
-79.555
-79.64
-79.436
-79.468
-79.467
-79.297
-79.348
-79.379
-79.47
-79.426
-79.398
-79.418
-79.471
-79.775
-79.717
-79.429
-79.646
-79.628
-79.649
-79.594
-79.512
-79.401
-79.469
-79.807
-79.785
-79.837
-79.974
-79.851
-79.77
-79.846
-79.687
-79.445
-79.801
-79.999
-80.01
-79.835
-79.908
-79.721
-79.825
-79.867
-79.836
-80
-79.806
-79.608
-79.797
-79.907
-80.145
-79.924
-79.955
-80.068
-80.022
-79.873
-79.806
-79.921
-79.824
-80.104
-79.953
-80.027
-80.071
-80.037
-80.024
-80.001
-80.098
-80.105
-79.929
-79.891
-80.256
-80.124
-80.17
-79.953
-79.998
-79.915
-79.913
-80.161
-80.245
-80.086
-80.032
-79.908
-80.029
-79.88
-79.808
-79.999
-79.947
-79.88
-79.784
-79.906
-80.037
-79.823
-79.709
-80.052
-79.836
-80.082
-80.066
-80.141
-79.914
-79.906
-80.137
-80.145
-79.967
-80.02
-80.112
-80.109
-79.896
-79.884
-79.89
-79.958
-79.935
-79.942
-79.666
-79.737
-79.721
-79.77
-79.506
-79.899
-79.945
-79.682
-79.765
-79.903
-80.143
-80.224
-79.89
-79.969
-79.922
-79.994
-80.206
-80.164
-80.118
-79.993
-80.249
-80.09
-79.97
-80.093
-80.133
-79.984
-79.599
-79.751
-80.01
-80.007
-79.947
-80.027
-79.956
-79.874
-79.971
-79.847
-79.983
-79.901
-79.823
-79.758
-79.869
-79.833
-79.735
-79.641
-79.624
-79.637
-79.76
-79.828
-79.979
-80.059
-80.451
-80.22
-80.342
-80.299
-80.181
-80.23
-80.367
-80.079
-79.937
-80.234
-80.124
-80.133
-80.108
-79.809
-79.727
-79.86
-80.006
-79.965
-79.98
-80.103
-80.281
-80.29
-80.193
-79.915
-79.924
-79.754
-80.005
-80.183
-80.117
-79.931
-79.782
-79.783
-79.986
-79.772
-79.957
-79.715
-79.487
-79.669
-79.764
-79.712
-79.912
-79.855
-79.906
-79.756
-79.803
-79.91
-79.901
-79.9
-79.892
-80.005
-80.143
-80.034
-79.946
-79.892
-79.799
-79.786
-79.77
-79.764
-79.691
-79.685
-79.828
-79.765
-80.098
-80.238
-79.89
-79.792
-79.902
-79.943
-80.147
-80.083
-80.201
-79.916
-79.905
-79.793
-79.997
-80.084
-80.099
-80.308
-80.3
-80.148
-80.092
-80.467
-80.378
-80.212
-79.993
-80.053
-80.038
-79.814
-79.912
-79.724
-79.731
-79.804
-80.004
-80.015
-79.697
-79.688
-79.709
-79.407
-79.662
-79.812
-79.829
-79.976
-79.895
-79.944
-80.083
-80.116
-80.252
-80.144
-80.187
-80.276
-80.453
-80.326
-80.32
-80.344
-80.27
-80.398
-80.28
-80.263
-80.331
-80.529
-80.63
-80.494
-80.524
-80.302
-80.075
-80.107
-79.947
-80.243
-80.322
-80.188
-79.945
-79.737
-79.888
-80.051
-80.036
-80.366
-80.129
-80.153
-79.945
-79.73
-79.862
-79.726
-79.804
-79.953
-79.867
-79.81
-79.703
-79.865
-79.903
-80.036
-79.798
-79.857
-79.875
-79.914
-80.088
-80.033
-79.64
-79.645
-79.621
-79.838
-79.839
-79.915
-79.922
-80.013
-80.152
-79.956
-80.21
-80.258
-80.07
-79.872
-80.218
-80.02
-79.902
-79.923
-80.184
-80.257
-80.208
-80.266
-80.095
-80.121
-80.005
-80.162
-80.31
-80.532
-80.664
-80.836
-80.831
