-77.846
-78.143
-78.289
-78.491
-78.543
-78.632
-78.553
-78.364
-78.31
-78.308
-78.46
-78.155
-77.934
-78.015
-77.849
-77.876
-77.721
-77.56
-77.728
-77.779
-77.756
-77.48
-77.405
-77.366
-77.091
-77.359
-77.51
-77.499
-77.595
-77.655
-77.538
-77.434
-77.707
-77.697
-77.726
-77.769
-77.786
-77.821
-77.945
-77.961
-77.782
-77.577
-77.476
-77.211
-77.115
-76.93
-76.936
-76.976
-76.737
-76.688
-76.863
-76.938
-76.887
-76.983
-76.936
-77.098
-77.381
-77.21
-77.204
-77.267
-77.137
-77.09
-76.843
-77.028
-77.326
-77.221
-77.171
-77.401
-77.294
-77.456
-77.75
-77.622
-77.549
-77.703
-77.526
-77.529
-77.341
-77.369
-77.384
-77.326
-77.329
-77.319
-77.142
-76.831
-76.639
-76.704
-76.635
-76.397
-76.327
-76.342
-76.379
-76.587
-76.456
-76.317
-76.206
-76.218
-76.401
-76.18
-76.274
-76.249
-76.222
-75.806
-75.93
-75.762
-75.573
-75.582
-75.69
-75.794
-75.868
-75.812
-75.923
-75.977
-75.834
-75.65
-75.475
-75.365
-75.127
-75.033
-74.937
-74.729
-75.039
-75.256
-75.116
-75.175
-74.914
-75.104
-74.835
-74.673
-74.627
-74.57
-74.681
-74.524
-74.612
-74.777
-74.407
-74.453
-74.524
-74.298
-74.266
-74.24
-74.23
-74.123
-73.958
-73.945
-73.838
-73.904
-73.74
-74.022
-74.236
-74.214
-74.209
-74.119
-74.088
-74.032
-74.208
-74.485
-74.343
-74.199
-74.311
-74.203
-74.233
-74.025
-74.127
-74.074
-74.103
-73.957
-73.971
-73.845
-73.792
-73.654
-73.721
-73.805
-74.118
-74.093
-74.193
-73.984
-74.037
-74.057
-74.114
-73.869
-73.704
-73.865
-74.03
-73.988
-73.693
-73.563
-73.391
-73.072
-72.911
-72.544
-72.463
-72.159
-72.133
-72.055
-71.821
-71.76
-71.538
-71.606
-71.739
-72.862
-74.157
-75.514
-76.926
-77.729
-78.265
-78.844
-79.031
-79.485
-79.662
-79.704
-79.84
-79.886
-79.947
-79.869
-80.035
-80.232
-80.253
-80.251
-80.257
-80.153
-79.962
-79.923
-80.034
-80.054
-79.812
-79.721
-79.461
-79.436
-79.545
-79.833
-79.772
-79.551
-79.089
-78.635
-78.139
-77.95
-77.752
-77.547
-77.568
-77.329
-77.697
-77.946
-78.216
-78.059
-78.587
-78.949
-78.973
-79.134
-79.199
-79.418
-79.091
-79.171
-79.313
-79.376
-79.256
-79.222
-79.403
-79.471
-79.588
-79.396
-79.414
-79.189
-78.84
-78.452
-78.324
-77.98
-77.685
-77.464
-76.92
-76.686
-76.784
-76.747
-76.481
-76.52
-76.595
-76.81
-76.971
-77.003
-77.082
-77.295
-77.468
-77.724
-77.947
-77.877
-78.203
-78.25
-78.127
-78.419
-78.51
-78.546
-78.712
-78.497
-78.463
-78.346
-78.115
-77.796
-77.727
-77.72
-77.801
-78.102
-77.784
-77.515
-77.259
-77.215
-76.806
-76.898
-76.896
-76.892
-77.08
-77.192
-76.914
-76.985
-77.258
-77.294
-77.345
-77.538
-77.717
-77.533
-77.744
-77.886
-78.119
-78.106
-78.048
-78.061
-78.159
-77.898
-77.703
-77.593
-77.49
-77.417
-77.426
-77.434
-77.245
-77.122
-76.94
-76.835
-76.822
-76.751
-76.948
-77.161
-76.823
-76.213
-75.791
-75.273
-75.11
-74.791
-74.718
-74.87
-74.861
-74.882
-74.799
-74.719
-74.365
-73.666
-73.371
-72.988
-73.018
-72.828
-73.137
-72.994
-72.963
-73.107
-73.266
-73.278
-73.55
-73.477
-73.802
-73.888
-74.198
-74.704
-75.417
-75.572
-75.942
-76.114
-76.302
-76.552
-76.621
-76.749
-76.94
-77.254
-77.477
-77.604
-77.706
-77.665
-77.56
-77.956
-77.92
-77.903
-78.079
-77.862
-77.886
-78.141
-78.376
-78.503
-78.18
-77.37
-76.264
-75.527
-74.861
-74.749
-74.112
-73.555
-72.809
-72.242
-71.741
-70.838
-70.235
-69.825
-69.386
-69.181
-68.893
-68.983
-68.9
-69.111
-69.191
-69.753
-70.247
-70.56
-70.425
-70.337
-70.522
-70.383
-70.295
-70.408
-70.502
-70.594
-70.842
-71.116
-71.295
-71.419
-71.932
-72.317
-72.545
-72.671
-73.103
-73.48
-73.703
-73.836
-73.688
-73.644
-73.046
-72.627
-72.208
-71.844
-71.506
-71.473
-71.234
-71.359
-71.482
-71.637
-71.921
-72.227
-72.127
-72.258
-72.653
-73.116
-73.218
-73.386
-73.776
-74.002
-73.814
-74.18
-74.601
-74.884
-75.144
-74.969
-74.844
-74.443
-74.114
-73.88
-73.795
-73.992
-73.857
-73.894
-73.964
-74.187
-74.338
-74.271
-74.229
-74.236
-74.112
-74.006
-73.381
-73.444
-73.254
-73.374
-73.688
-73.736
-73.842
-73.94
-74.131
-74.562
-75.05
-75.605
-75.532
-75.666
-75.541
-75.765
-75.813
-75.814
-75.746
-75.746
-75.914
-76.048
-76.337
-76.582
-76.566
-76.712
-76.435
-76.188
-75.491
-75.112
-74.773
-74.554
-74.566
-74.413
-74.44
-74.422
-74.321
-74.409
-74.244
-74.124
-74.437
-74.335
-73.688
-74.016
-74.184
-74.619
-74.952
-75.131
-75.535
-75.318
-75.257
-75.273
-75.129
-75.086
-75.038
-74.809
-74.657
-74.604
-74.73
-74.774
-74.879
-75.162
-75.403
-75.511
-75.788
-75.859
-76.098
-76.094
-76.226
-76.377
-76.643
-76.805
-76.93
-76.958
-77.112
-77.243
-77.228
-77.554
-77.697
-77.748
-77.783
-77.754
-77.605
-77.869
-78.117
-78.075
-78.104
-78.244
-78.367
-78.423
-78.437
-78.675
-78.565
-78.484
-78.715
-78.698
-78.648
-78.465
-78.067
-77.541
-76.901
-76.189
-75.722
-75.028
-74.623
-74.002
-73.529
-73.315
-73.2
-73.414
-73.453
-73.523
-73.811
-73.978
-74.037
-74.305
-74.544
-74.802
-75.197
-75.244
-75.169
-75.316
-75.53
-75.867
-75.815
-75.988
-76.149
-76.331
-76.672
-76.503
-76.862
-77.179
-77.203
-77.455
-77.474
-77.911
-77.979
-77.7
-77.618
-77.602
-77.623
-77.369
-77.28
-77.371
-77.441
-77.425
-77.558
-77.411
-77.31
-77.019
-76.919
-76.787
-76.844
-76.873
-76.93
-76.996
-76.904
-77.079
-77.093
-77.457
-77.436
-77.635
-77.599
-77.955
-78.14
-78.17
-78.163
-78.072
-78.031
-78.137
-78.381
-78.728
-78.856
-78.796
-78.867
-78.812
-78.949
-78.969
-79.17
-79.068
-79.119
-79.184
-79.327
-79.505
-79.33
-79.3
-79.017
-78.497
-78.405
-78.166
-78.128
-78.112
-78.286
-78.202
-78.051
-78.024
-78.145
-78.197
-78.327
-78.48
-78.471
-78.422
-78.681
-78.8
-78.716
-78.93
-78.989
-79.023
-79.087
-79.138
-79.279
-79.154
-78.851
-78.424
-77.933
-77.897
-77.956
-77.721
-77.735
-77.482
-77.667
-77.708
-77.831
-78.035
-78.026
-77.837
-77.833
-77.955
-77.866
-77.912
-78.016
-78.196
-78.31
-78.313
-78.386
-78.566
-78.694
-78.595
-78.559
-79.029
-79.006
-79.076
-78.955
-78.817
-78.932
-78.837
-78.9
-79.025
-78.781
-79.04
-78.985
-79.262
-79.222
-79.159
-79.319
-79.222
-79.38
-79.328
-79.391
-79.505
-79.502
-79.467
-79.657
-79.702
-79.836
-79.571
-79.633
-79.635
-79.554
-79.629
-79.626
-79.842
-79.624
-79.643
-79.846
-79.668
-79.741
-79.929
-79.986
-80.403
-80.249
-80.126
-79.938
-79.649
-79.552
-79.318
-79.39
-79.552
-79.618
-79.507
-79.827
-79.837
-79.719
-79.449
-79.681
-79.444
-79.422
-79.262
-79.312
-79.411
-79.344
-79.475
-79.606
-79.769
-79.562
-79.72
-79.78
-79.756
-79.875
-79.871
-80.308
-80.368
-80.174
-79.937
-80.065
-80.109
-80.125
-80.031
-80.117
-80.084
-80.151
-79.937
-79.845
-79.942
-79.623
-79.627
-79.697
-79.614
-79.555
-79.879
-79.652
-79.91
-80
-80.194
-80.235
-80.189
-80.2
-80.288
-80.327
-80.301
-80.404
-80.207
-80.218
-80.225
-80.236
-80.398
-80.07
-79.924
-80.004
-79.9
-79.487
-79.388
-79.316
-79.413
-79.402
-79.459
-79.514
-79.427
-79.351
-79.366
-79.307
-79.142
-78.98
-79.147
-78.834
-79.032
-79.116
-79.376
-79.763
-79.557
-79.614
-80.033
-80.06
-79.664
-79.587
-79.637
-79.535
-79.777
-79.757
-79.692
-79.932
-79.976
-80.081
-80.163
-80.296
-80.106
-79.943
-80.11
-80.016
-79.822
-79.654
-79.636
-79.836
-79.722
-79.674
-79.705
-79.589
-79.428
-79.403
-79.296
-79.284
-79.416
-79.505
-79.568
-79.593
-79.533
-79.528
-79.776
-79.736
-79.681
-79.817
-80.192
-80.23
-80.237
-80.263
-80.518
-80.531
-80.452
-80.404
-80.485
-80.501
-80.13
-80.125
-79.907
-79.635
-79.652
-79.527
-79.274
-79.292
-79.55
-79.431
-79.324
-79.485
-79.241
-79.11
-79.471
-79.441
-79.52
-79.714
-79.943
-79.99
-79.899
-80
-80.087
-80.104
-79.93
-79.687
-79.756
-79.925
-79.747
-79.673
-79.522
-79.597
-79.709
-79.58
-79.631
-79.614
-79.782
-79.838
-79.886
-79.993
-80.007
-79.747
-79.836
-80.053
-79.877
-79.74
-79.786
-79.627
-79.674
-79.627
-79.578
-79.315
-79.064
-79.104
-78.961
-78.841
-78.834
-78.803
-79.083
-79.26
-79.263
-79.238
-79.354
-79.014
-79.047
-79.099
-79.106
-78.878
-78.813
-79.102
-79.089
-78.88
-78.928
-78.833
-78.705
-78.372
-78.264
-78.259
-78.3
-78.026
-77.898
-78.186
-78.217
-78.193
-77.926
-77.761
-77.804
-77.618
-77.69
-77.965
-78.076
-78.082
-77.97
-77.963
-78.064
-77.627
-77.74
-77.66
