-93.759
-93.531
-93.311
-93.205
-93.339
-93.292
-93.069
-93.114
-93.33
-93.594
-93.538
-93.66
-93.713
-93.576
-93.745
-93.685
-93.693
-93.769
-93.584
-93.282
-93.424
-93.468
-93.23
-92.994
-93.094
-93.196
-93.268
-93.171
-93.265
-93.258
-93.236
-93.016
-92.924
-92.921
-93.014
-93.043
-93.241
-93.189
-93.145
-93.369
-93.461
-93.577
-93.668
-93.8
-93.786
-93.91
-93.789
-93.446
-93.397
-93.418
-93.495
-93.567
-93.598
-93.497
-93.215
-93.13
-92.988
-92.906
-93.079
-93.335
-93.299
-93.447
-93.162
-93.169
-92.994
-93.054
-93.35
-93.047
-92.965
-92.874
-93.189
-92.929
-92.779
-92.737
-92.918
-92.823
-92.681
-92.459
-92.569
-92.499
-92.449
-92.236
-92.417
-92.345
-91.972
-91.745
-91.77
-91.834
-91.769
-91.684
-91.468
-91.067
-90.826
-90.708
-90.558
-90.592
-90.782
-90.863
-90.687
-90.796
-90.741
-90.54
-90.371
-90.191
-90.142
-89.896
-89.793
-90.049
-89.757
-89.723
-89.827
-89.523
-89.517
-89.529
-89.474
-89.515
-89.333
-89.202
-89.174
-89.297
-89.183
-89.45
-89.605
-89.298
-89.022
-89.209
-88.924
-88.972
-89.098
-89.049
-88.965
-88.974
-88.86
-88.871
-88.83
-88.834
-88.749
-88.644
-88.758
-88.461
-88.58
-88.727
-88.567
-88.691
-88.99
-88.818
-88.662
-88.657
-88.39
-88.456
-88.769
-89.123
-89.225
-89.248
-89.572
-89.498
-89.511
-89.566
-89.413
-89.225
-89.473
-89.729
-89.89
-89.989
-90.026
-89.904
-90.222
-90.341
-90.193
-90.51
-90.597
-90.549
-90.42
-90.14
-90.101
-90.353
-90.074
-90.334
-90.408
-90.422
-90.469
-90.655
-90.849
-90.815
-90.715
-90.415
-90.558
-90.608
-90.418
-90.119
-89.965
-90.192
-90.194
-90.224
-90.083
-90.255
-90.366
-90.378
-90.501
-90.747
-90.64
-90.589
-90.735
-90.942
-91.054
-90.8
-90.834
-90.659
-90.515
-90.148
-89.762
-89.492
-89.036
-88.717
-88.281
-87.839
-87.05
-87.042
-86.761
-86.507
-85.862
-85.507
-84.96
-84.461
-83.726
-83.149
-82.718
-82.075
-81.621
-81.187
-80.867
-80.551
-79.907
-79.716
-79.203
-78.936
-78.481
-78.077
-77.601
-77.24
-77.091
-76.926
-76.732
-76.488
-76.262
-76.112
-75.839
-75.565
-75.341
-75.116
-74.808
-74.374
-73.975
-73.797
-73.662
-73.407
-73.478
-73.157
-73.1
-73.16
-72.968
-72.887
-72.831
-72.883
-72.796
-72.755
-72.788
-72.572
-72.28
-71.873
-71.347
-71.188
-70.493
-70.178
-69.822
-69.457
-68.905
-68.533
-67.407
-66.699
-66.041
-65.309
-64.672
-63.87
-63.161
-62.757
-62.209
-61.937
-61.194
-60.674
-60.612
-60.079
-59.669
-59.15
-58.411
-58.059
-58.003
-57.82
-57.406
-57.067
-56.539
-55.897
-55.335
-54.723
-54.133
-53.591
-52.701
-51.714
-49.99
-46.937
-45
-45
-45
-45
-45
-45
-45
-45
-45
-45
-45
-45
-45
-45
-49.764
-56.152
-61.344
-64.919
-67.25
-68.774
-69.697
-69.899
-69.964
-70.056
-69.89
-70.123
-69.715
-69.578
-69.353
-68.936
-68.723
-68.337
-67.821
-67.675
-67.092
-66.618
-66.071
-65.645
-65.074
-64.423
-64.03
-63.33
-62.74
-62.09
-61.295
-60.736
-59.651
-58.891
-58.186
-57.318
-56.64
-55.918
-55.33
-54.608
-53.6
-52.694
-51.402
-49.682
-46.682
-45
-45
-45
-45
-45
-45
-45
-45
-45
-45
-45
-45
-45
-45
-51.766
-57.822
-62.484
-65.404
-67.637
-69.308
-69.749
-70.455
-70.776
-70.74
-70.802
-70.611
-70.428
-70.51
-70.367
-70.504
-70.392
-69.919
-70.148
-70.097
-69.773
-69.526
-69.351
-69.114
-69.203
-69.101
-69.245
-69.491
-69.707
-69.824
-69.594
-69.163
-69.184
-68.889
-68.711
-68.256
-67.624
-67.39
-67.454
-67.081
-66.833
-66.331
-66.154
-65.702
-65.434
-65.002
-64.844
-64.502
-64.019
-63.3
-62.641
-61.912
-60.876
-59.86
-59.117
-58.175
-57.192
-56.598
-55.852
-55.513
-54.686
-53.463
-52.649
-51.24
-49.389
-45.798
-45
-45
-45
-45
-45
-45
-45
-45
-45
-45
-45
-45
-45
-45.472
-52.131
-57.847
-61.913
-64.553
-66.308
-67.564
-68.25
-68.375
-68.503
-68.658
-68.371
-67.795
-67.325
-66.994
-66.612
-66.097
-65.909
-65.327
-64.82
-64.784
-64.451
-63.941
-63.542
-63.404
-63.046
-62.497
-61.999
-61.838
-61.408
-61.073
-60.499
-60.128
-59.697
-59.529
-59.069
-58.849
-58.281
-57.794
-57.288
-56.745
-56.133
-55.683
-55.23
-54.316
-53.789
-53.017
-52.141
-51.036
-49.181
-46.159
-45
-45
-45
-45
-45
-45
-45
-45
-45
-45
-45
-45
-45
-45.679
-51.921
-57.187
-61.383
-63.91
-65.542
-66.042
-66.384
-66.453
-66.451
-66.469
-66.599
-66.554
-66.42
-65.967
-65.486
-65.026
-64.308
-64.176
-63.987
-63.804
-63.406
-63.088
-62.366
-61.984
-61.916
-61.756
-61.805
-61.834
-61.529
-61.254
-60.976
-60.665
-60.429
-60.002
-60.217
-60.34
-60.338
-59.936
-59.448
-59.025
-58.672
-58.344
-57.942
-57.545
-57.53
-56.71
-56.345
-55.946
-55.825
-55.689
-55.286
-54.89
-54.449
-53.884
-53.407
-52.7
-51.834
-50.533
-48.304
-45
-45
-45
-45
-45
-45
-45
-45
-45
-45
-45
-45
-45
-45
-48.85
-55.569
-60.835
-64.516
-67.476
-69.279
-70.659
-71.558
-72.066
-72.335
-72.772
-72.731
-72.366
-72.206
-72.248
-71.884
-71.671
-71.523
-71.534
-71.444
-71.38
-71.113
-71.06
-71.158
-71.138
-71.091
-70.988
-70.969
-70.752
-70.588
-70.391
-70.58
-70.663
-70.678
-71.015
-71.102
-71.401
-71.395
-71.066
-71.061
-70.959
-71.277
-71.653
-71.563
-71.428
-71.274
-71.454
-71.742
-71.957
-72.384
-72.425
-72.884
-72.983
-73.054
-72.995
-73.329
-73.689
-74.147
-74.38
-74.473
-74.242
-74.065
-73.525
-73.241
-73.065
-73.009
-72.644
-72.499
-71.883
-71.74
-71.519
-71.762
-71.992
-71.972
-72.11
-72.126
-72.285
-72.354
-72.365
-72.122
-72.139
-72.114
-72.108
-72.299
-72.369
-72.335
-72.287
-72.174
-72.684
-72.852
-73.023
-72.959
-72.579
-72.473
-72.538
-72.655
-72.674
-72.545
-72.717
-72.807
-72.955
-73.307
-73.356
-73.721
-73.838
-74.119
-74.1
-74.062
-73.921
-73.661
-73.811
-74.139
-74.28
-74.296
-74.186
-74.191
-74.124
-74.196
-74.367
-74.422
-74.513
-74.619
-74.769
-74.926
-75.072
-75.119
-75.292
-75.514
-75.72
-76.198
-76.29
-76.466
-76.711
-76.827
-77.092
-77.25
-77.399
-77.361
-77.427
-77.297
-77.667
-77.622
-77.633
-77.567
-77.636
-78.054
-78.596
-78.538
-78.465
-78.639
-78.566
-78.834
-78.88
-78.988
-79.335
-79.432
-79.695
-79.808
-79.845
-80.062
-80.353
-80.425
-80.767
-81.002
-81.141
-81.303
-81.55
-81.89
-82.28
-82.466
-82.662
-82.679
-82.736
-82.747
-82.995
-83.006
-83.272
-83.573
-83.8
-84.06
-84.245
-84.103
-84.252
-84.513
-84.657
-84.874
-85.149
-85.325
-85.22
-85.071
-85.247
-85.425
-85.49
-85.248
-85.198
-85.261
-85.212
-85.488
-85.599
-85.838
-85.79
-85.892
-85.946
-86.032
-86.282
-86.428
-86.574
-86.367
-86.451
-86.368
-86.275
-86.467
-86.64
-86.665
-86.932
-86.605
-86.86
-86.723
-86.731
-86.761
-86.982
-86.812
-86.84
-86.807
-86.863
-86.934
-87.144
-87.099
-87.336
-87.312
-87.289
-87.381
-87.438
-87.399
-87.376
-87.337
-87.226
-87.138
-87.351
-87.18
-87.02
-86.951
-87.172
-87.375
-87.588
-87.583
-87.493
-87.486
-87.409
-87.556
-87.79
-87.749
-87.749
-87.804
-88.053
-88.092
-88.16
-88.314
-88.515
-88.667
-88.702
-88.901
-89.081
-89.271
-89.446
-89.414
-89.059
-89.082
-89.185
-89.214
-89.145
-89.537
-89.542
-89.628
-89.633
-89.453
-89.444
-89.611
-89.669
-89.768
-90.06
-90.366
-90.696
-91.006
-90.691
-90.52
-90.51
-90.5
-90.157
-90.112
-90.306
-89.988
-89.873
-89.636
-89.499
-89.579
-89.443
-89.546
-89.695
-89.737
-90.019
-89.694
-89.843
-89.797
-89.881
-90.143
-90.216
-90.362
-90.332
-90.462
-90.401
-90.393
-90.282
-90.139
-90.136
-90.154
-90.129
-90.21
-90.488
-90.678
-90.643
-90.701
-90.775
-90.835
-90.996
-91.061
-91.009
-91.165
-91.152
-91.222
-91.191
-91.112
-90.968
-91.062
-91.225
-91.165
-91.25
-91.182
-90.995
-90.913
-90.644
-90.896
-90.766
-90.448
-90.417
-90.562
-90.607
-90.767
-90.854
-90.804
-90.646
-90.297
-90.108
-90.112
-89.902
-89.805
-89.994
-89.851
-90.055
-90.109
-90.293
-90.344
-90.589
-90.58
-90.733
-90.73
-90.539
-90.621
-90.731
-90.631
-90.803
-90.994
-91.334
-91.139
-91.417
-91.41
-91.133
-91.355
-91.477
-91.775
-91.701
-91.733
-91.846
-91.684
-91.887
-91.826
-91.836
-91.568
-91.804
-91.689
-91.719
-91.792
-91.796
-92.037
-92.177
-92.334
-92.454
-92.436
-92.668
-92.825
-92.542
