-78.107
-78.02
-77.777
-77.942
-77.821
-77.67
-77.657
-77.47
-77.467
-77.364
-77.479
-77.27
-77.347
-77.206
-77.073
-77.025
-77.019
-76.923
-76.683
-76.72
-77.193
-77.398
-77.352
-77.517
-77.198
-77.307
-77.361
-77.395
-77.418
-77.483
-77.477
-77.239
-77.165
-77.114
-77.159
-77.049
-76.83
-76.905
-77.083
-77.078
-76.977
-76.914
-76.904
-76.942
-76.94
-76.656
-76.783
-76.424
-76.118
-75.985
-75.662
-75.469
-75.73
-75.817
-75.73
-75.59
-75.672
-75.849
-75.936
-75.849
-76.1
-76.346
-76.623
-76.735
-76.649
-76.554
-76.632
-76.685
-76.487
-76.493
-76.459
-76.312
-76.088
-75.973
-75.98
-76.112
-75.914
-75.705
-75.735
-75.733
-75.668
-75.838
-75.923
-76.183
-76.037
-76.25
-76.143
-76.023
-76.286
-76.008
-76.061
-76.151
-75.924
-75.815
-75.856
-75.758
-75.716
-75.605
-75.689
-75.897
-76.151
-76.155
-76.157
-76.373
-76.439
-76.477
-76.517
-76.807
-76.77
-76.784
-76.748
-76.548
-76.514
-76.559
-76.615
-76.615
-76.582
-76.544
-76.416
-76.447
-76.43
-76.591
-76.48
-76.862
-76.954
-76.719
-76.866
-76.978
-77.323
-77.418
-77.611
-77.179
-76.897
-76.443
-76.312
-76.242
-76.229
-75.978
-75.807
-75.53
-75.47
-75.263
-74.874
-74.663
-74.385
-74.106
-74.043
-73.83
-73.792
-73.533
-73.257
-73.051
-73.022
-72.839
-72.724
-72.649
-72.493
-72.35
-72.006
-72.045
-72.168
-72.248
-72.086
-72.082
-71.689
-71.714
-71.718
-71.569
-71.487
-71.744
-71.817
-71.821
-71.869
-71.739
-71.346
-71.444
-71.492
-71.67
-71.709
-71.336
-71.167
-71.002
-71.01
-71.004
-70.89
-70.78
-71.099
-71.171
-71.036
-71.071
-71.01
-71.177
-71.061
-71.237
-71.508
-71.301
-71.319
-71.299
-71.101
-71.044
-70.649
-70.204
-69.818
-68.746
-68.069
-67.701
-67.178
-66.277
-65.385
-64.813
-64.552
-64.562
-64.057
-63.729
-63.495
-63.249
-63.037
-62.821
-62.877
-62.759
-62.534
-62.235
-61.865
-61.642
-61.14
-60.933
-60.504
-60.465
-60.616
-60.695
-60.45
-60.044
-59.79
-59.59
-59.366
-58.743
-58.619
-58.577
-58.768
-58.82
-58.865
-58.754
-58.616
-58.495
-58.325
-58.412
-58.463
-58.708
-58.336
-58.582
-58.512
-58.518
-58.602
-58.225
-58.031
-57.924
-57.708
-57.691
-57.635
-57.533
-57.665
-57.688
-57.804
-57.752
-57.421
-57.009
-56.742
-56.713
-56.244
-55.943
-55.667
-55.841
-58.952
-63.461
-67.923
-71.627
-74.215
-76.067
-77.215
-78.166
-78.843
-79.358
-79.443
-79.664
-79.935
-80.066
-80.122
-80.343
-80.124
-80.156
-80.056
-79.788
-79.806
-80.133
-79.893
-79.93
-79.705
-79.696
-79.894
-79.72
-79.568
-79.645
-79.853
-79.74
-79.637
-79.371
-79.308
-79.312
-79.181
-79.198
-79.433
-79.273
-79.211
-79.106
-79.037
-78.938
-78.803
-78.7
-78.747
-78.714
-79.092
-78.968
-79.39
-79.379
-79.126
-78.997
-79.117
-79.447
-79.33
-79.508
-79.633
-79.609
-79.857
-79.799
-79.693
-79.882
-79.706
-79.839
-79.735
-79.655
-79.697
-79.945
-79.959
-79.802
-79.587
-79.522
-79.536
-79.347
-79.365
-79.571
-79.729
-79.905
-80.075
-80.022
-79.98
-79.96
-80.007
-80.274
-80.22
-80.077
-80.02
-79.983
-79.987
-79.817
-79.765
-79.726
-79.682
-79.575
-79.614
-79.491
-79.372
-79.467
-79.285
-79.388
-79.696
-80.039
-80.406
-80.439
-80.635
-80.65
-80.558
-80.359
-80.395
-80.581
-80.277
-80.294
-79.725
-79.863
-79.926
-79.929
-79.715
-79.586
-79.548
-79.569
-79.639
-79.718
-79.914
-80.354
-79.997
-80.056
-80.105
-80.209
-80.101
-80.159
-80.207
-80.121
-80.216
-80.337
-80.268
-80.148
-79.964
-80.009
-80.132
-80.033
-80.104
-80.036
-79.972
-80.177
-79.988
-80.01
-79.79
-79.594
-79.656
-79.628
-79.677
-79.949
-80.033
-80.033
-79.945
-79.856
-79.765
-79.666
-79.712
-79.689
-80.011
-80.233
-80.305
-80.219
-80.328
-80.349
-80.273
-79.696
-79.807
-79.777
-79.443
-79.469
-79.527
-79.641
-79.84
-79.776
-80.037
-79.789
-79.856
-79.868
-79.852
-79.841
-79.81
-79.92
-80.029
-79.645
-79.693
-79.808
-79.741
-79.511
-79.344
-78.984
-79.137
-79.144
-79.491
-79.712
-79.657
-79.637
-79.823
-79.957
-80.229
-80.171
-80.035
-79.872
-79.662
-79.733
-79.789
-79.86
-79.962
-79.873
-79.806
-79.632
-79.763
-80.139
-79.987
-79.836
-79.844
-79.898
-80.189
-80.285
-80.204
-80.13
-80.115
-79.929
-79.905
-80.007
-79.749
-79.694
-79.667
-79.925
-79.99
-80.25
-80.294
-80.307
-80.188
-80.09
-80.135
-79.967
-80.085
-80.156
-80.121
-79.987
-79.973
-79.852
-79.681
-79.742
-79.721
-79.524
-79.547
-79.686
-79.623
-79.679
-79.875
-79.927
-79.855
-79.889
-80.087
-79.982
-80.135
-80.148
-80.106
-80.109
-80.179
-80.202
-79.946
-80.06
-80.119
-80.13
-80.08
-80.12
-80.16
-80.03
-79.987
-79.983
-79.983
-79.946
-79.882
-80
-79.929
-79.878
-79.921
-80.081
-80.045
-79.858
-79.937
-79.908
-79.758
-79.897
-80.029
-80.081
-80.166
-80.066
-79.887
-79.952
-79.947
-79.905
-80.005
-80.006
-80.005
-79.815
-80.361
-80.391
-80.437
-80.291
-80.175
-80.206
-80.019
-79.975
-80.013
-79.98
-79.751
-79.541
-80.011
-79.964
-80.233
-80.195
-80.144
-80.241
-80.186
-80.238
-80.101
-80.019
-79.929
-80.072
-80.095
-80.054
-80.058
-79.987
-79.916
-79.942
-79.779
-79.834
-79.841
-79.693
-79.97
-79.688
-79.978
-80.062
-80.177
-80.354
-80.133
-79.817
-79.961
-80.079
-80.216
-80.564
-80.325
-80.262
-80.119
-79.997
-80.025
-79.967
-80.07
-79.976
-79.974
-80.099
-79.874
-79.975
-80.218
-80.058
-79.895
-79.923
-79.715
-79.773
-80.035
-80.195
-79.946
-80.008
-80.102
-80.157
-80.079
-80.171
-80.318
-80.238
-80.294
-80.228
-79.967
-80.028
-79.863
-79.876
-80.092
-80.255
-80.357
-80.068
-79.944
-80.048
-79.84
-79.748
-79.568
-79.777
-80.019
-80.129
-80.25
-80.409
-80.347
-80.165
-80.003
-79.855
-79.905
-80.211
-80.159
-80.037
-79.831
-79.854
-79.902
-79.897
-79.698
-79.595
-79.528
-79.648
-79.486
-79.591
-79.867
-79.991
-79.877
-80.042
-79.97
-79.87
-79.668
-79.944
-80.012
-79.716
-79.729
-79.725
-79.923
-79.954
-79.924
-79.69
-79.785
-79.847
-79.821
-79.6
-79.647
-79.612
-79.679
-79.612
-79.545
-79.884
-79.682
-79.491
-79.452
-79.693
-79.734
-79.649
-79.69
-79.764
-79.868
-79.814
-79.699
-79.736
-79.763
-79.586
-79.347
-79.375
-79.601
-79.886
-79.86
-79.95
-79.979
-79.91
-79.772
-79.826
-79.952
-80.116
-80.331
-80.099
-80.256
-80.047
-80.027
-80
-80.052
-80.101
-80
-80.164
-80.051
-80.126
-80.224
-80.179
-80.024
-79.984
-79.866
-79.852
-79.962
-80.16
-80.305
-80.366
-80.181
-80.239
-80.161
-80.239
-80.11
-80.338
-80.092
-79.967
-79.77
-80.035
-80.107
-79.75
-79.478
-79.198
-79.088
-78.898
-78.916
-78.673
-78.56
-77.921
-77.634
-77.713
-77.392
-77.342
-77.384
-77.328
-76.963
-77.017
-77.018
-77.012
-77.216
-77.314
-77.008
-77.21
-77.308
-77.483
-77.47
-77.431
-77.44
-77.58
-77.597
-77.711
-77.861
-77.879
-77.875
-78.1
-78.155
-78.024
-77.957
-77.972
-77.877
-77.948
-77.869
-78.009
-78.046
-78.338
-78.166
-78.335
-78.23
-78.388
-78.381
-78.245
-78.563
-78.672
-78.944
-78.808
-79.018
-79.068
-79.147
-79.407
-79.452
-79.482
-79.333
-79.369
-79.376
-79.266
-79.319
-79.183
-79.113
-79.066
-78.895
-78.856
-79.086
-79.23
-79.042
-78.884
-78.902
-79.081
-79.113
-79
-78.834
-78.717
-78.611
-78.632
-78.604
-78.486
-78.497
-78.594
-78.6
-78.697
-78.775
-78.922
-79.23
-79.226
-79.161
-79.647
-79.614
-79.521
-79.607
-79.613
-79.53
-79.812
-79.893
-79.97
-79.949
-79.963
-79.773
-79.859
-79.824
-79.675
-79.937
-80.162
-79.808
-79.666
-80.082
-80.337
-80.26
-80.25
-80.562
-80.766
-80.648
-80.602
-80.456
-80.294
-80.26
-80.118
-80.142
-79.875
-79.96
-80.147
-80.157
-80.145
-80.059
-80.053
-80.057
-80.209
-80.138
-80.214
-80.05
-79.739
-79.472
-79.194
-79.397
-79.421
-79.315
-79.535
-79.593
-79.327
-79.003
-78.998
-79.176
-78.884
-78.864
-78.926
-79.153
-79.076
-78.927
-79.026
-79.009
-79.006
-79.061
-79.166
-79.205
-79.163
-79.201
-79.315
-79.701
-79.895
-79.767
-79.745
-79.84
-79.774
-79.736
-79.354
-79.521
-79.498
-79.131
-79.225
-79.275
-79.189
-79.274
-78.95
-78.983
-78.931
-78.686
-78.781
-78.912
-78.974
-79.166
-79.075
-79.19
-78.943
-78.741
-78.733
-78.769
-78.697
-78.459
-78.328
-78.559
-78.558
-78.797
-78.778
-78.82
-78.827
-78.804
-78.859
-78.901
-78.707
-78.659
-78.324
-78.266
-78.048
-78.049
-78.249
-78.378
-78.647
-78.76
-78.808
-78.796
-78.906
-78.881
-78.613
-78.575
-78.332
-78.351
-78.38
-78.541
-78.518
-78.524
-78.48
-78.745
