-83.164
-83.167
-82.989
-83.059
-82.839
-82.913
-82.841
-82.986
-82.834
-82.728
-83.421
-83.317
-83.345
-83.625
-83.433
-83.158
-83.188
-82.991
-83.026
-82.785
-82.83
-82.547
-82.392
-82.292
-82.308
-82.324
-82.442
-82.667
-82.649
-82.803
-82.508
-82.609
-82.693
-82.815
-82.971
-83.203
-83.266
-83.53
-83.776
-83.561
-83.418
-83.277
-82.629
-82.167
-81.646
-81.324
-80.784
-80.448
-80.543
-80.428
-80.443
-80.17
-79.966
-79.866
-80.057
-79.989
-80.049
-80.143
-79.923
-80.202
-80.13
-80.223
-80.266
-80.221
-80.15
-80.356
-80.071
-80.173
-79.908
-79.869
-80.279
-80.049
-79.972
-80.073
-80.038
-79.875
-79.797
-79.679
-79.737
-79.794
-79.861
-79.738
-79.638
-79.686
-79.738
-79.817
-79.742
-79.917
-79.831
-79.726
-79.63
-79.754
-79.78
-79.943
-79.976
-80.06
-80.075
-80.319
-80.239
-79.944
-80.099
-79.874
-79.95
-79.756
-79.892
-79.834
-79.96
-79.773
-79.616
-79.802
-80.086
-79.925
-79.869
-79.737
-79.836
-79.906
-80.09
-80.071
-80.042
-80.212
-80.424
-80.369
-80.146
-80.002
-79.774
-79.775
-79.773
-80.097
-80.303
-80.008
-80.081
-80.069
-79.924
-79.965
-80.048
-80.197
-80.021
-80.261
-80.202
-80.17
-80.028
-80.021
-79.958
-79.947
-80.05
-79.887
-79.958
-79.834
-80.154
-80.098
-80.108
-79.975
-80.08
-79.78
-79.752
-79.557
-79.522
-79.59
-79.467
-79.457
-79.358
-79.186
-79.174
-78.991
-78.73
-78.788
-78.874
-78.93
-78.895
-78.965
-78.954
-79.035
-78.927
-78.952
-78.851
-78.851
-78.879
-78.66
-79.024
-79.253
-79.365
-79.276
-79.232
-79.104
-79.008
-79.026
-78.9
-79.003
-79.11
-79.114
-79.236
-79.254
-79.282
-79.307
-79.256
-79.224
-79.231
-79.075
-79.195
-79.243
-79.157
-79.312
-79.333
-79.398
-79.37
-79.228
-79.252
-79.206
-79.314
-79.348
-79.368
-79.347
-79.079
-79.22
-79.513
-79.681
-79.314
-79.121
-78.899
-78.764
-78.626
-78.647
-78.311
-78.439
-78.662
-78.495
-78.367
-78.452
-78.204
-78.156
-77.763
-77.85
-78.082
-78.393
-78.309
-78.2
-78.404
-78.448
-78.701
-78.951
-79.138
-79.179
-79.075
-79.128
-79.147
-79.221
-79.153
-79.058
-79.055
-79.092
-79.306
-79.071
-79.13
-78.819
-79.115
-79.034
-78.968
-79.017
-79.016
-78.9
-78.736
-78.914
-78.772
-78.848
-78.936
-78.931
-78.981
-78.814
-79.143
-79.09
-78.903
-78.464
-78.186
-78.268
-78.319
-78.237
-78.059
-77.894
-77.686
-77.64
-77.527
-77.34
-77.312
-77.218
-77.191
-77.348
-77.103
-77.389
-77.425
-77.182
-77.467
-77.622
-77.705
-77.985
-78.143
-78.157
-78.241
-77.992
-77.701
-77.632
-77.503
-76.828
-76.759
-76.624
-76.58
-76.447
-76.499
-76.416
-76.342
-76.299
-76.127
-76.127
-75.931
-75.845
-75.836
-76.061
-75.951
-76.071
-76.34
-76.171
-75.908
-75.795
-75.803
-75.636
-75.634
-75.618
-75.538
-75.574
-75.522
-75.596
-75.838
-76.033
-75.984
-75.966
-76.074
-76.309
-76.42
-76.459
-76.75
-76.649
-76.721
-76.724
-76.639
-76.656
-77.249
-77.709
-78.187
-78.308
-78.727
-79.184
-79.376
-79.21
-79.188
-79.266
-79.212
-79.385
-79.496
-79.303
-79.351
-79.517
-79.366
-79.419
-79.414
-79.324
-79.278
-79.061
-79.133
-79.131
-79.121
-79.286
-79.067
-78.889
-78.965
-78.706
-78.554
-78.325
-78.391
-78.349
-78.419
-78.659
-78.791
-78.739
-78.868
-78.915
-78.838
-78.752
-78.706
-78.619
-78.725
-78.646
-78.8
-78.952
-78.916
-79.094
-79.267
-79.151
-79.353
-79.6
-79.582
-79.683
-79.66
-79.342
-79.196
-79.302
-79.488
-79.549
-79.295
-79.337
-79.547
-79.557
-79.592
-79.539
-79.885
-79.951
-79.905
-79.852
-79.692
-79.701
-79.691
-79.556
-79.479
-79.784
-79.683
-79.621
-79.693
-79.616
-79.962
-79.986
-79.856
-80.038
-79.963
-79.654
-79.879
-79.997
-80.136
-79.969
-79.795
-79.813
-79.659
-79.622
-79.568
-79.563
-79.588
-79.537
-79.777
-79.76
-79.885
-80.095
-79.948
-79.825
-79.949
-80.001
-80.139
-80.125
-80.184
-80.21
-79.879
-80.002
-80.024
-79.92
-79.685
-79.735
-79.677
-79.599
-79.871
-80.106
-79.975
-79.939
-79.906
-79.552
-79.87
-79.921
-79.683
-79.674
-79.846
-79.562
-79.242
-79.276
-79.416
-79.76
-79.766
-79.659
-79.431
-79.359
-79.49
-79.284
-79.367
-79.51
-79.712
-79.687
-79.773
-80.115
-80.029
-79.999
-80.079
-79.802
-79.589
-79.823
-79.965
-79.955
-79.961
-79.833
-80.035
-79.846
-79.778
-79.845
-79.504
-79.443
-79.136
-79.153
-79.124
-79.36
-79.544
-79.344
-79.538
-79.514
-79.719
-79.829
-79.74
-79.931
-79.809
-79.893
-80.01
-80.051
-79.828
-79.604
-79.808
-79.872
-80.111
-79.91
-79.993
-79.965
-79.968
-79.768
-79.85
-79.925
-79.722
-79.689
-79.737
-79.997
-79.925
-79.873
-79.882
-79.886
-79.85
-79.944
-80.084
-79.975
-80.075
-79.805
-79.823
-79.888
-79.981
-79.819
-79.744
-79.64
-79.629
-79.827
-79.771
-80.004
-80.031
-80.044
-80.09
-80.194
-80.3
-80.165
-80.106
-80.234
-79.953
-80.115
-80.449
-80.272
-79.95
-80.099
-80.09
-80.247
-80.039
-79.823
-79.909
-80.037
-79.999
-80.096
-80.009
-80.052
-79.752
-79.987
-79.813
-79.897
-79.76
-79.297
-79.434
-79.263
-79.581
-79.668
-79.571
-79.58
-79.859
-80.061
-80.042
-79.989
-79.819
-79.578
-79.846
-79.886
-80.106
-80.18
-80.366
-80.523
-80.582
-80.382
-80.489
-80.22
-80.129
-80.214
-80.299
-80.021
-80.06
-80.018
-80.182
-80.214
-80.217
-79.878
-79.974
-79.622
-79.586
-79.754
