-79.085
-79.168
-79.266
-79.185
-79.388
-79.394
-79.454
-79.419
-79.635
-79.461
-79.649
-79.591
-79.558
-79.373
-79.553
-79.39
-79.731
-79.514
-79.292
-79.081
-78.625
-78.724
-78.57
-78.829
-78.862
-78.845
-79.02
-78.854
-78.831
-78.784
-78.76
-78.676
-78.812
-78.889
-78.932
-79.081
-78.729
-78.617
-78.814
-78.759
-78.797
-78.847
-78.78
-78.739
-78.747
-78.675
-78.532
-78.371
-78.677
-78.902
-78.987
-78.817
-78.782
-78.433
-78.328
-78.537
-78.404
-78.259
-78.015
-77.925
-77.848
-77.98
-78.191
-78.354
-78.305
-78.32
-78.241
-78.296
-78.261
-78.256
-78.383
-78.6
-78.23
-78.568
-78.37
-78.469
-78.246
-78.477
-78.728
-78.57
-78.788
-78.77
-78.902
-78.673
-78.715
-78.886
-79.032
-78.924
-78.97
-78.968
-78.623
-78.735
-78.963
-78.737
-78.652
-78.908
-78.977
-78.957
-78.926
-78.957
-78.969
-78.938
-78.788
-79.043
-78.81
-78.984
-79.105
-79.038
-79.071
-79.415
-79.147
-79.32
-79.464
-79.327
-79.187
-79.275
-79.279
-79.367
-79.185
-79.152
-79.398
-79.471
-79.432
-79.622
-79.807
-79.795
-79.762
-79.804
-79.646
-79.666
-79.068
-79.22
-79.204
-79.321
-79.383
-79.503
-79.774
-79.421
-79.583
-79.668
-79.558
-79.797
-79.935
-79.746
-79.6
-79.875
-79.897
-79.908
-79.772
-79.647
-79.73
-79.765
-79.801
-80.142
-80.018
-79.894
-80.363
-80.355
-80.251
-80.251
-80.472
-80.27
-80.198
-80.112
-80.22
-80.36
-80.171
-80.028
-80.174
-80.292
-80.405
-80.4
-80.145
-79.973
-79.503
-79.04
-78.601
-77.871
-77.666
-77.414
-77.348
-77.309
-77.066
-76.944
-76.51
-76.226
-76.298
-76.184
-75.99
-75.667
-75.564
-75.374
-75.383
-74.992
-74.709
-74.632
-74.489
-74.565
-74.55
-74.54
-74.568
-74.298
-73.865
-73.344
-73.131
-72.68
-72.387
-72.213
-71.936
-71.518
-71.156
-70.949
-71.086
-70.996
-70.839
-70.525
-70.288
-70.356
-70.32
-70.34
-70.24
-70.343
-70.15
-69.89
-69.848
-69.489
-69.236
-69.101
-68.674
-68.37
-68.081
-67.81
-67.693
-67.377
-67.339
-67.403
-67.281
-67.283
-67.309
-67.297
-66.898
-66.67
-66.429
-66.241
-66.308
-66.108
-65.805
-65.774
-65.29
-64.999
-64.894
-64.933
-64.887
-64.738
-64.527
-64.352
-64.08
-63.974
-63.767
-63.584
-63.449
-63.342
-63.147
-62.854
-62.71
-62.751
-62.654
-62.331
-62.414
-62.491
-62.296
-62.224
-62.242
-62.317
-62.17
-62.229
-62.187
-61.961
-62.013
-61.859
-61.669
-61.486
-61.415
-61.313
-60.892
-60.605
-60.104
-59.712
-59.675
-59.519
-59.338
-58.905
-58.932
-58.808
-58.49
-58.22
-58.161
-57.874
-57.487
-56.953
-56.409
-55.722
-55.053
-54.408
-53.967
-52.906
-51.782
-50.023
-47.343
-45
-45
-45
-45
-45
-45
-45
-45
-45
-45
-45
-45
-45
-45
-50.395
-56.988
-62.29
-65.783
-68.125
-69.572
-70.744
-71.462
-72.182
-72.664
-72.704
-73.047
-73.278
-73.442
-73.489
-73.598
-73.889
-74.294
-74.02
-73.929
-73.748
-73.628
-73.658
-73.39
-73.109
-72.838
-72.751
-72.464
-72.527
-72.269
-71.937
-71.767
-71.446
-71.503
-71.41
-71.254
-70.911
-70.693
-70.492
-69.942
-69.941
-69.725
-69.394
-69.047
-68.965
-68.85
-68.415
-68.529
-68.188
-67.695
-67.371
-67.125
-66.887
-66.936
-66.901
-66.665
-66.383
-66.502
-66.27
-66.066
-66.013
-66.162
-65.972
-65.959
-66.286
-66.465
-66.764
-66.846
-66.928
-67.498
-67.84
-67.673
-67.553
-67.646
-67.198
-67.477
-67.601
-67.51
-67.747
-67.564
-67.583
-67.538
-67.47
-67.404
-67.457
-67.727
-67.56
-67.731
-67.61
-67.578
-67.189
-67.154
-66.974
-66.993
-66.584
-66.349
-65.76
-65.237
-65.149
-64.661
-64.017
-63.451
-62.585
-62.267
-61.627
-61.117
-60.818
-60.178
-59.545
-59.142
-58.885
-58.317
-57.941
-57.745
-57.613
-57.315
-56.889
-56.444
-56.242
-55.801
-55.687
-55.109
-54.915
-54.312
-53.863
-53.158
-52.054
-50.759
-48.683
-45
-45
-45
-45
-45
-45
-45
-45
-45
-45
-45
-45
-45
-45
-47.435
-54.706
-60.34
-64.498
-67.363
-69.37
-70.508
-71.256
-71.746
-72.401
-72.547
-72.456
-72.369
-72.185
-71.921
-71.269
-70.829
-70.352
-69.878
-69.35
-68.842
-68.571
-68.487
-68.073
-67.673
-67.168
-66.759
-66.514
-66.276
-66.364
-66.208
-66.131
-65.903
-65.691
-65.383
-65.277
-65.207
-65.095
-64.764
-64.483
-64.482
-64.696
-64.548
-64.307
-64.342
-64.309
-64.468
-64.891
-64.77
-64.734
-64.738
-64.5
-64.45
-64.383
-64.225
-64.269
-64.459
-64.463
-64.189
-63.993
-64.016
-63.659
-63.631
-63.494
-63.378
-63.068
-63.137
-62.906
-62.901
-63.006
-62.76
-63.009
-63.429
-63.516
-63.451
-63.371
-63.343
-63.096
-63.047
-63.27
-63.282
-63.145
-63.14
-63.146
-63.258
-63.575
-63.762
-63.582
-63.714
-63.682
-63.865
-64.157
-64.239
-64.438
-64.581
-64.855
-64.745
-64.888
-64.905
-65.097
-65.296
-65.356
-65.654
-65.583
-65.904
-66.06
-66.151
-66.237
-66.377
-66.36
-66.33
-66.626
-66.861
-66.843
-67.019
-66.982
-66.843
-66.715
-66.698
-66.461
-66.096
-66.255
-66.379
-66.286
-66.512
-66.234
-66.216
-66.402
-66.171
-66.241
-66.302
-66.058
-66.151
-66.29
-66.358
-66.211
-66.236
-66.017
-65.754
-65.376
-65.168
-64.935
-64.744
-64.551
-64.513
-64.322
-64.296
-63.99
-63.984
-63.85
-63.764
-63.75
-63.572
-63.362
-63.518
-63.519
-63.542
-63.431
-63.358
-63.23
