-84.853
-84.771
-84.687
-84.649
-84.476
-84.421
-84.389
-84.271
-84.378
-84.495
-84.33
-84.44
-84.557
-84.571
-84.577
-84.704
-84.656
-84.924
-84.997
-84.942
-85.075
-85.036
-85.445
-85.577
-85.499
-85.615
-85.511
-85.441
-85.316
-85.129
-85.298
-85.457
-85.384
-85.125
-84.867
-85.205
-85.138
-85.005
-84.954
-85.045
-85.204
-85.234
-85.038
-85.374
-85.471
-85.518
-85.368
-85.373
-85.229
-85.149
-85.183
-84.999
-85.215
-85.166
-85.218
-85.483
-85.667
-85.383
-85.299
-85.121
-85.23
-85.31
-85.344
-85.663
-85.853
-85.783
-85.618
-85.676
-85.737
-85.59
-85.658
-85.799
-85.713
-85.889
-85.87
-85.744
-85.59
-85.675
-85.744
-85.488
-85.689
-85.854
-85.328
-84.174
-83.079
-82.326
-81.695
-81.281
-80.987
-80.647
-80.418
-80.208
-80.248
-79.876
-79.836
-79.79
-80.002
-80.023
-80.155
-80.36
-80.32
-80.105
-80.202
-80.24
-80.396
-80.253
-80.159
-80.157
-80.241
-80.491
-80.462
-80.312
-80.266
-80.315
-80.271
-80.36
-80.167
-80.173
-80.229
-79.938
-80.06
-80.017
-79.719
-79.75
-79.735
-79.808
-80.036
-80.177
-80.293
-80.309
-80.312
-80.212
-80.214
-80.104
-80.147
-80.069
-80.033
-79.874
-79.67
-79.481
-79.598
-79.828
-79.743
-79.738
-79.773
-79.687
-80.047
-80.293
-80.182
-80.06
-80.209
-80.139
-80.23
-80.271
-79.978
-80.174
-79.904
-79.922
-79.976
-80.032
-79.932
-79.866
-79.689
-79.841
-79.938
-80.134
-79.972
-80.006
-79.699
-79.755
-79.899
-80.012
-80.274
-80.384
-80.463
-80.462
-80.447
-80.311
-80.165
-80.204
-79.983
-80.099
-80.096
-80.073
-80.005
-80.117
-79.804
-79.895
-79.935
-79.933
-79.723
-79.771
-79.867
-79.976
-80.059
-79.849
-79.737
-79.876
-79.847
-79.952
-80.258
-80.499
-80.443
-80.244
-80.428
-80.531
-80.347
-80.23
-80.121
-80.026
-79.976
-80.091
-79.818
-80
-80.282
-80.054
-80.075
-79.91
-80.041
-80.125
-79.918
-79.826
-79.886
-79.86
-80.113
-80.007
-80.236
-79.992
-79.979
-79.917
-80.099
-80.044
-80.113
-79.888
-80.051
-80.192
-79.737
-79.7
-79.841
-79.801
-80.007
-79.822
-79.886
-79.799
-80.105
-80.059
-79.964
-79.623
-79.585
-79.653
-79.494
-79.688
-79.843
-79.788
-79.86
-80.027
-80.016
-79.898
-79.711
-79.824
-79.798
-79.837
-80.047
-80.144
-80.119
-80.019
-80.178
-80.339
-79.908
-79.846
-79.945
-79.975
-79.879
-79.984
-79.974
-80.076
-79.942
-79.844
-80.099
-79.883
-79.937
-79.846
-79.921
-79.995
-79.794
-79.837
-79.752
-79.658
-79.55
-79.568
-79.616
-79.773
-79.868
-80.101
-79.901
-79.744
-79.88
-79.422
-79.822
-79.687
-79.908
-80.28
-80.58
-80.543
-80.503
-80.614
-80.597
-80.476
-80.617
-80.766
-80.644
-80.656
-80.568
-80.804
-81.019
-80.884
-80.59
-80.473
-80.422
-80.579
-80.618
-80.23
-80.254
-80.019
-80.05
-80.286
-80.199
-80.203
-79.949
-79.677
-79.539
-79.358
-78.88
-78.365
-78.233
-78.13
-77.865
-77.673
-77.406
-77.266
-77.268
-77.302
-77.522
-77.498
-77.386
-77.322
-77.221
-77.125
-76.937
-76.616
-76.747
-76.647
-76.963
-77.03
-77.048
-77.189
-77.144
-77.422
-77.479
-77.586
-77.836
-77.773
-77.672
-77.702
-77.662
-77.436
-77.272
-77.68
-77.506
-77.521
-77.641
-77.592
-77.565
-77.463
-77.739
-77.306
-77.468
-77.875
-77.849
-77.849
-77.869
-77.898
-77.95
-77.83
-78.115
-78.138
-78.071
-78.056
-78.102
-78.019
-77.959
-78.207
-78.05
-77.972
-77.973
-77.951
-78.151
-78.206
-78.305
-78.226
-78.264
-78.29
-78.338
-78.494
-78.514
-78.604
-78.726
-78.445
-78.26
-78.319
-78.497
-78.415
-78.206
-78.397
-78.565
-78.681
-78.604
-78.254
-78.068
-78.028
-77.963
-77.993
-78.063
-78.116
-78.281
-78.087
-78.433
-78.394
-78.47
-78.775
-78.78
-78.631
-78.57
-78.468
-78.209
-77.832
-77.372
-77.06
-76.726
-76.488
-76.239
-76.014
-75.715
-75.511
-75.286
-75.12
-75.329
-75.096
-74.978
-75.357
-75.33
-75.117
-74.945
-75.065
-75.315
-74.912
-75.063
-75.303
-75.248
-75.139
-74.884
-74.558
-74.649
-74.744
-74.485
-74.582
-74.175
-73.877
-73.31
-73.004
-72.735
-72.351
-72.217
-72.068
-72.248
-71.943
-71.79
-71.815
-71.446
-71.221
-71.057
-70.884
-70.878
-71.078
-71.019
-70.985
-70.99
-70.928
-70.775
-70.658
-70.645
-70.672
-70.641
-70.769
-70.815
-70.741
-70.634
-70.724
-70.763
-70.968
-71.122
-71.438
-71.19
-71.439
-71.388
-71.624
-71.998
-72.23
-72.3
-72.413
-72.402
-72.794
-74.097
-75.594
-77.072
-78.09
-78.528
-78.915
-79.258
-79.496
-79.601
-79.641
-79.649
-79.851
-79.873
-79.866
-80.011
-80.011
-80.013
-80.239
-80.27
-80.215
-80.115
-80.115
-80.014
-79.958
-80.011
-79.893
-79.851
-79.879
-80.097
-80.07
-80.129
-79.933
-79.779
-79.786
-79.727
-79.792
-79.873
-80.222
-80.322
-80.191
-79.872
-79.993
-79.836
-79.777
-79.797
-79.71
-79.75
-79.768
-79.928
-79.86
-79.819
-79.94
-80.256
-80.081
-79.868
-79.767
-79.823
-79.821
-79.784
-80.03
-79.853
-79.903
-80.096
-80.167
-80.152
-80.104
-80.343
-80.265
-80.291
-80.209
-80.134
-80.018
-79.95
-80.069
-79.99
-79.991
-80.163
-80.123
-80.015
-80.104
-79.774
-79.936
-79.799
-79.667
-79.454
-79.546
-79.504
-79.563
-79.904
-79.695
-79.856
-80.185
-80.19
-80.338
-80.129
-80.326
-80.039
-80.076
-80.127
-80.165
-80.252
-80.465
-80.515
-80.552
-80.39
-80.221
-80.01
-80.216
-80.504
-80.502
-80.285
-80.174
-80.026
-80.257
