-76.453
-76.343
-76.2
-76.289
-76.412
-76.416
-76.485
-76.418
-76.677
-76.547
-76.729
-76.648
-76.751
-76.819
-76.883
-76.906
-76.841
-76.65
-76.468
-76.467
-76.498
-76.778
-76.836
-76.864
-76.616
-76.694
-76.577
-76.351
-76.215
-76.228
-76.148
-76.354
-76.282
-76.564
-76.413
-76.232
-76.209
-76.05
-75.714
-75.843
-75.987
-76.149
-76.286
-76.165
-76.26
-76.426
-76.654
-76.5
-76.615
-76.616
-76.682
-76.447
-76.591
-76.48
-76.609
-76.58
-76.514
-76.49
-76.474
-76.642
-76.188
-76.111
-76.045
-76.116
-75.949
-76.047
-76.058
-76.196
-76.377
-76.405
-76.716
-76.493
-76.687
-76.651
-76.518
-76.458
-76.624
-76.909
-76.906
-77.055
-77.192
-76.906
-76.909
-77.087
-77.394
-77.469
-77.339
-77.594
-77.535
-77.543
-77.384
-77.259
-76.834
-76.813
-76.86
-76.967
-76.969
-76.832
-77.05
-77.337
-77.39
-77.402
-77.648
-77.612
-77.589
-77.597
-77.198
-77.181
-77.065
-76.798
-76.838
-76.668
-76.632
-76.652
-76.666
-76.44
-76.603
-76.728
-76.757
-76.812
-76.731
-76.794
-77.003
-76.766
-76.878
-76.862
-77.08
-77.343
-77.155
-77.458
-77.495
-77.464
-77.614
-77.491
-77.586
-77.495
-77.414
-77.309
-77.408
-77.642
-77.739
-77.83
-77.641
-77.684
-77.608
-77.5
-77.683
-77.838
-77.987
-78.028
-77.959
-78.063
-78.396
-78.339
-78.287
-78.282
-78.511
-78.42
-78.333
-78.288
-78.421
-78.189
-77.996
-77.99
-77.865
-77.767
-77.8
-77.876
-77.684
-77.894
-77.973
-78.114
-77.93
-77.972
-77.885
-77.955
-77.977
-77.907
-77.979
-77.805
-77.693
-77.695
-77.441
-77.304
-77.103
-77.019
-77.215
-77.182
-77.157
-76.887
-76.64
-76.33
-76.041
-75.652
-75.253
-74.857
-74.363
-74.275
-74.015
-73.636
-73.313
-72.862
-72.598
-72.701
-72.361
-72.14
-71.826
-71.534
-71.487
-71.671
-71.772
-71.558
-71.741
-71.563
-71.369
-71.56
-71.481
-71.607
-71.158
-70.991
-70.952
-70.98
-71.09
-70.785
-70.731
-70.785
-71.013
-70.708
-70.748
-70.616
-70.675
-70.775
-70.639
-70.268
-70.096
-70.35
-70.51
-70.646
-70.346
-70.243
-70.207
-69.977
-70.026
-69.695
-69.732
-69.93
-70.148
-70.142
-69.897
-69.681
-69.699
-69.807
-69.804
-70.101
-70.223
-70.099
-70.065
-69.877
-69.599
-69.603
-69.438
-69.24
-69.052
-68.866
-68.856
-68.655
-68.628
-68.783
-69.069
-68.675
-68.63
-68.614
-68.937
-69.067
-69.217
-69.232
-69.478
-69.247
-69.298
-69.217
-69.038
-69.122
-69.515
-69.57
-69.487
-69.635
-69.498
-69.441
-69.233
-69.213
-69.329
-69.329
-69.56
-69.474
-69.078
-69.268
-69.296
-69.205
-69.194
-69.446
-69.266
-69.177
-69.304
-69.109
-69.331
-69.679
-69.752
-69.931
-70.105
-70.15
-70.083
-70.234
-70.154
-70.107
-70.128
-69.978
-70.252
-70.393
-70.061
-69.853
-70.024
-70.114
-70.27
-70.422
-70.718
-70.836
-70.98
-71.191
-71.066
-71.171
-71.152
-71.052
-70.869
-70.922
-70.91
-71.228
-71.482
-71.356
-71.473
-71.577
-71.445
-71.516
-71.269
-71.327
-71.132
-71.294
-71.478
-71.265
-71.076
-71.193
-71.103
-71.107
-71.073
-71.123
-71.007
-70.942
-71.054
-71.101
-70.927
-71.021
-70.638
-70.643
-70.527
-70.629
-70.529
-70.462
-70.574
-70.668
-70.532
-70.551
-70.577
-70.738
-70.806
-70.858
-71.167
-71.441
-71.196
-71.079
-71.142
-71.321
-71.188
-71.505
-71.436
-71.419
-71.349
-71.596
-71.852
-71.962
-72.157
-72.404
-72.103
-71.822
-71.878
-71.873
-71.8
-71.481
-71.949
-71.678
-71.771
-71.867
-71.906
-71.952
-72.17
-72.039
-72.046
-72.153
-72.351
-72.42
-72.291
-72.581
-72.871
-72.576
-72.661
-72.365
-72.411
-72.371
-72.153
-72.036
-72.04
-71.932
-71.655
-71.293
-71.476
-71.474
-71.581
-71.574
-71.658
-71.587
-71.567
-71.648
-71.222
-71.645
-71.686
-71.841
-71.904
-71.968
-72.104
-71.852
-71.745
-71.415
-71.279
-71.154
-71.215
-71.164
-71.144
-71.045
-71.255
-71.036
-71.01
-71.103
-71.119
-71.279
-71.324
-71.103
-71.169
-70.893
-70.845
-70.606
-70.56
-70.32
-70.533
-70.585
-70.432
-70.493
-70.718
-70.903
-70.813
-70.769
-71.068
-71.044
-70.899
-71.326
-71.299
-71.179
-71.351
-71.338
-71.265
-71.321
-71.463
-71.532
-71.274
-71.137
-70.927
-71.07
-71.202
-71.117
-71.28
-71.39
-71.259
-71.598
-71.253
-71.228
-71.176
-71.139
-71.164
-70.885
-70.85
-70.94
-71.019
-71.074
-70.855
-70.841
-70.767
-70.439
-70.001
-69.738
-69.403
-69.156
-69.158
-69.033
-69.184
-69.484
-71.228
-72.996
-74.827
-76.267
-77.222
-77.931
-78.153
-78.913
-79.108
-78.947
-79.24
-79.484
-79.645
-79.488
-79.677
-79.648
-79.848
-79.813
-79.744
-79.859
-79.897
-79.626
-79.15
-79.266
-79.476
-79.523
-79.618
-79.702
-80.044
-80.12
-79.876
-79.802
-79.784
-79.539
-79.722
-79.692
-79.643
-79.705
-79.695
-79.606
-79.778
-79.537
-79.564
-79.723
-79.734
-79.579
-79.582
-79.676
-79.698
-79.521
-79.658
-79.572
-79.625
-79.528
-79.691
-79.75
-79.88
-80.027
-80.087
-79.929
-79.952
-79.858
-79.991
-79.881
-79.925
-80.036
-80.063
-80.141
-79.987
-80.27
-80.154
-80.1
-80.05
-79.855
-80.007
-80.017
-80.055
-80.065
-80.093
-80.348
-80.095
-80.26
-80.239
-80.258
-80.024
-80.054
-80.165
-80.377
-80.161
-80.068
-80.262
-80.315
-80.257
-80.491
-80.509
-80.285
-80.373
-80.509
-80.085
-80.144
-80.393
-80.285
-80.177
-79.839
-79.7
-79.728
-79.905
-79.779
-80.06
-80.079
-79.852
-79.956
-80.039
-80.141
