-80.694
-80.547
-80.477
-80.477
-80.205
-79.84
-79.633
-79.482
-79.415
-79.409
-79.081
-79.475
-79.429
-79.38
-79.214
-79.25
-79.301
-79.333
-79.287
-79.477
-79.289
-79.165
-79.266
-79.156
-79.053
-78.79
-78.841
-78.612
-78.531
-78.431
-78.152
-78.463
-78.623
-78.482
-78.301
-78.615
-78.638
-78.529
-78.776
-78.591
-78.636
-78.772
-78.661
-78.746
-78.673
-78.742
-79.036
-78.955
-78.874
-79.11
-79.244
-79.313
-79.498
-79.374
-79.681
-79.854
-80.074
-79.757
-79.888
-79.695
-79.606
-79.461
-79.329
-79.561
-79.543
-79.458
-79.486
-79.671
-79.613
-79.716
-79.961
-79.988
-79.992
-80.291
-80.045
-80.118
-80.06
-79.928
-80.036
-79.867
-79.865
-79.831
-79.851
-79.833
-79.844
-79.777
-79.705
-79.744
-79.536
-79.592
-79.397
-79.07
-78.638
-78.373
-78.02
-77.811
-77.584
-77.623
-77.565
-77.4
-76.893
-76.715
-76.099
-76.016
-75.57
-75.346
-75.02
-74.906
-74.901
-74.89
-74.645
-74.757
-74.674
-74.454
-73.916
-73.79
-73.377
-73.143
-72.934
-72.84
-73.033
-73.33
-73.237
-73.207
-73.442
-73.62
-73.645
-73.997
-74.257
-74.135
-74.109
-74.633
-74.955
-74.859
-74.864
-74.988
-75.065
-75.062
-75.111
-74.823
-75.078
-75.028
-74.71
-74.59
-74.453
-73.828
-74.077
-73.862
-73.931
-73.791
-73.826
-73.742
-74.063
-74.222
-74.393
-74.296
-74.401
-74.641
-74.639
-74.711
-74.814
-75.038
-74.693
-75.061
-75.043
-75.265
-75.258
-75.107
-74.583
-74.247
-74.166
-73.978
-73.814
-73.684
-73.706
-73.851
-73.838
-73.846
-73.966
-74.105
-74.008
-73.942
-74.099
-74.26
-74.452
-74.599
-74.599
-74.523
-74.573
-74.605
-74.964
-75.054
-75.354
-75.416
-75.632
-75.892
-75.655
-75.94
-76.083
-76.367
-76.486
-76.662
-76.981
-77.051
-77.048
-77.257
-77.349
-77.538
-77.427
-77.395
-77.477
-77.377
-77.173
-76.885
-76.857
-76.68
-76.517
-76.508
-76.407
-76.201
-76.059
-75.68
-75.618
-75.622
-75.778
-75.746
-75.756
-75.623
-75.602
-75.836
-75.662
-75.682
-75.49
-75.422
-75.482
-75.707
-75.691
-75.861
-75.838
-76.123
-76.333
-76.635
-76.451
-76.652
-76.981
-77.209
-77.252
-77.312
-77.333
-77.334
-77.448
-77.928
-78.006
-77.969
-78.106
-78.11
-78.561
-78.97
-78.854
-78.832
-79.042
-78.934
-79.144
-79.154
-79.304
-79.536
-79.301
-79.437
-79.917
-79.736
-79.697
-79.708
-79.764
-80.049
-80.157
-80.135
-80.266
-80.281
-80.366
-80.613
-80.688
-80.597
-80.699
-80.511
-80.367
-80.287
-80.245
-80.251
-80.232
-80.328
-80.299
-80.58
-80.266
-80.345
-80.655
-80.627
-80.741
-80.833
-81.143
-81.402
-81.518
-81.398
-81.561
-81.553
-81.861
-81.895
-81.907
-81.968
-82.118
-82.177
-81.897
-81.868
-81.95
-81.961
-81.735
-81.808
-81.802
-81.498
-81.276
-81.379
-81.327
-81.104
-81.527
-81.742
-81.749
-81.719
-81.662
-81.513
-81.343
-81.304
-81.121
-81.192
-81.01
-81.208
-80.997
-81.072
-81.004
-80.792
-80.629
-80.83
-81.086
-81.267
-81.166
-80.914
-80.899
-80.926
-81.065
-81.104
-81.382
-81.453
-81.319
-81.215
-81.343
-81.378
-81.397
-81.045
-80.706
-80.71
-80.913
-80.736
-80.852
-80.84
-80.662
-80.85
-80.817
-81.088
-81.05
-81.02
-80.983
-80.954
-81.273
-80.99
-81.026
-80.999
-81.04
-81.03
-80.833
-80.756
-80.484
-80.485
-80.296
-80.45
-80.371
-80.621
-80.706
-80.674
-80.444
-80.49
-80.353
-80.402
-80.196
-80.561
-80.424
-80.397
-79.741
-78.494
-77.146
-75.351
-73.623
-72.146
-70.698
-69.196
-67.653
-66.57
-64.667
-62.698
-60.695
-58.866
-57.072
-55.177
-53.275
-51.178
-48.262
-45
-45
-45
-45
-45
-45
-45
-45
-45
-45
-45
-45
-45
-45
-46.58
-52.41
-57.242
-60.97
-62.909
-64.38
-64.84
-65.232
-65.079
-64.55
-63.738
-63.19
-62.709
-62.079
-61.036
-60.277
-59.575
-59.037
-58.33
-57.679
-57.025
-56.285
-55.655
-54.911
-54.112
-52.879
-51.169
-49.207
-46.088
-45
-45
-45
-45
-45
-45
-45
-45
-45
-45
-45
-45
-45
-46.348
-52.006
-56.733
-59.789
-61.958
-62.956
-63.155
-63.159
-62.354
-61.759
-61.129
-60.252
-59.549
-58.712
-57.844
-56.673
-56.124
-55.358
-54.774
-54.149
-53.284
-52.406
-51.412
-49.721
-47.871
-45
-45
-45
-45
-45
-45
-45
-45
-45
-45
-45
-45
-45
-45
-50.556
-56.124
-60.477
-63.486
-65.446
-66.664
-67.527
-68.109
-68.37
-68.559
-68.248
-67.981
-67.584
-67.055
-66.374
-65.57
-64.802
-64.206
-63.737
-63.215
-62.846
-62.426
-62.074
-61.495
-61.338
-61.057
-60.803
-60.374
-60.27
-60.013
-59.754
-59.029
-58.798
-58.194
-57.819
-57.478
-57.269
-56.961
-56.712
-56.527
-56.511
-56.039
-55.743
-55.22
-54.868
-54.524
-54.109
-53.835
-53.177
-52.545
-51.669
-50.303
-48.671
-45.115
-45
-45
-45
-45
-45
-45
-45
-45
-45
-45
-45
-45
-45
-49.051
-55.903
-61.341
-64.983
-67.599
-69.379
-70.735
-71.832
-72.821
-73.102
-73.647
-73.852
-74.17
-74.494
-74.435
-74.514
-74.241
-74.304
-74.301
-74.297
-74.509
-74.431
-74.423
-74.364
-74.671
-74.99
-75.278
-75.437
-75.784
-76.06
-76.143
-76.232
-76.324
-76.679
-76.912
-76.861
-77.016
-76.903
-77.12
-77.277
-77.361
-77.404
-77.552
-77.537
-77.704
-78.058
-78.209
-78.051
-78.104
-78.308
-78.722
-78.755
-78.936
-78.83
-78.981
-79.545
-80.106
-80.309
-80.556
-80.757
-80.587
-80.659
-80.492
-80.2
-79.948
-79.64
-79.606
-79.324
-79.089
-79.155
-78.808
-78.634
-78.341
-78.194
-77.783
-77.399
-77.282
-77.223
-76.947
-77.077
-76.999
-77.102
-77.175
-76.955
-76.74
-76.708
-76.537
-76.686
-76.543
-76.659
-76.611
-76.151
-76.175
-76.304
-76.188
-76.23
-76.4
-76.369
-76.273
-76.189
-76.201
-76.33
-76.474
-76.539
-76.451
-76.781
-76.824
-76.994
-77.273
-77.275
-77.318
-77.499
-77.696
-77.844
-77.999
-78.337
-78.305
-78.266
-78.58
-78.848
-78.802
-78.741
-78.956
-79.189
-79.128
-79.252
-79.459
-79.36
-79.215
-78.849
-78.856
-78.831
-78.326
-77.938
-77.802
-77.483
-77.308
-77.119
-77.134
-76.759
-76.57
-76.5
-76.367
-76.451
-76.445
-76.678
-76.952
-76.931
-76.874
-76.763
-76.725
-76.53
-76.535
-76.532
-76.308
-76.164
-76.11
-76.246
-76.27
-76.19
-76.16
-76.027
-76.164
-76.445
-76.485
-76.379
-76.59
-76.395
-76.252
-76.332
-76.173
-76.28
-76.479
-76.609
-76.727
-76.81
-76.609
-76.804
-76.731
-76.595
-76.653
-76.732
-76.854
-77.146
-77.111
-77.169
-77.074
-77.23
-77.796
-77.799
-78.054
-78.126
-78.091
-78.036
-78.167
-78.045
-78.221
-78.325
-78.242
-78.247
-78.603
-78.608
-78.864
-78.758
-78.821
-78.594
-78.81
-78.824
-78.884
-78.999
-79.124
-79.28
-79.283
-79.366
-79.238
-79.38
-79.497
-79.675
-79.616
-79.969
-80.049
-80.134
-80.199
-80.144
-80.126
-80.303
-80.499
-80.473
-80.716
-80.772
-81.205
-81.15
-81.279
-81.488
-81.697
-81.578
-81.533
-81.566
-81.57
-81.766
-81.522
-81.092
-81.311
-81.485
-81.564
-81.641
-81.362
-81.124
-81.463
-81.484
-81.337
-81.285
-81.563
-81.653
-81.68
-81.744
-82.228
-81.958
-82.404
-82.537
-82.427
-82.423
-82.542
-82.596
-82.82
-83.102
-83.08
-83.273
-83.701
-83.688
-83.468
-83.397
-83.358
-83.368
-83.392
-83.321
-83.747
-84.008
-83.916
-84.033
-84.029
-84.165
-84.366
-84.377
-84.527
-84.589
-84.354
-84.567
-84.666
-84.881
-84.831
-84.834
-84.652
-84.5
-84.81
-84.96
-85.245
-85.451
-85.366
-85.506
-85.524
-85.73
-85.794
-85.909
-86.048
-86.216
-86.254
-86.166
-86.076
-86.182
-86.193
-86.13
-86.121
-86.329
-86.473
-86.138
-86.435
-86.394
-86.178
-86.033
-85.991
-85.824
-85.827
-86.17
-86.281
-86.349
-86.519
-86.619
-86.771
-86.781
-87.148
-87.052
-87.11
-87.135
-86.925
-87.014
-87.231
-87.536
-87.483
-87.446
-87.452
-87.467
-87.401
-86.994
-87.16
-87.186
-87.262
-87.507
-87.284
-87.355
-87.632
-87.876
-87.983
-87.991
-88.147
-88.172
-88.027
-87.944
-88.116
-88.011
-88.079
-87.997
-88.016
-88.179
-88.606
-88.637
-88.934
-88.982
-89.087
-88.982
-88.877
-88.778
-88.67
-88.725
-88.678
-88.761
-88.904
-88.764
-88.89
-88.957
-89.166
-89.093
-89.223
-89.359
-89.282
-89.697
-89.881
-90.129
-90.373
-90.248
-90.393
-90.465
-90.178
-90.196
-90.178
-90.086
-90.5
-90.36
-90.586
-90.663
-90.876
-90.756
-90.754
-90.898
-90.991
-90.903
-90.845
-90.597
-90.57
-90.361
-90.548
-90.495
-90.809
-90.873
-90.693
-90.613
-90.641
-90.659
-90.522
-90.574
-90.444
-90.295
-90.371
-90.353
-90.176
-90.097
