-72.797
-72.424
-72.142
-71.759
-71.108
-70.413
-70.153
-69.77
-69.39
-68.971
-68.712
-67.857
-67.381
-66.867
-66.369
-66.057
-65.624
-65.322
-64.877
-64.733
-64.315
-64.075
-63.704
-63.517
-63.333
-62.979
-62.718
-62.309
-62.156
-62.101
-61.813
-61.738
-61.541
-61.652
-61.563
-61.497
-61.479
-61.122
-61.218
-61.228
-61.129
-60.73
-60.337
-60.1
-59.687
-59.135
-58.372
-57.359
-56.615
-55.737
-54.733
-53.753
-52.526
-50.66
-48.047
-45
-45
-45
-45
-45
-45
-45
-45
-45
-45
-45
-45
-45
-45
-48.466
-55.053
-60.327
-63.9
-66.58
-68.434
-69.511
-70.427
-71.282
-71.585
-71.57
-71.923
-71.62
-71.367
-71.055
-70.751
-70.878
-72.121
-73.716
-75.286
-76.662
-77.651
-78.373
-78.906
-79.279
-79.663
-79.672
-79.918
-79.862
-79.666
-79.648
-79.632
-79.553
-79.557
-79.376
-79.477
-79.721
-79.901
-79.631
-79.652
-79.71
-80.049
-79.945
-80.071
-80.06
-80.143
-80.076
-80.005
-79.958
-79.736
-79.684
-79.465
-79.12
-78.883
-78.75
-78.883
-78.834
-78.535
-78.697
-79.043
-78.933
-79.01
-79.163
-79.051
-79.313
-79.434
-79.656
-79.479
-79.461
-79.463
-79.264
-79.266
-79.314
-79.657
-79.553
-79.429
-79.62
-79.555
-79.774
-79.675
-79.693
-79.629
-79.693
-79.386
-79.261
-79.579
-79.503
-79.89
-79.792
-79.521
-79.52
-79.473
-79.628
-79.649
-79.644
-79.577
-79.236
-79.395
-79.584
-79.666
-79.46
-79.726
-79.917
-79.844
-79.754
-79.79
-79.579
-79.702
-79.891
-79.778
-79.753
-79.948
-80.145
-80.119
-80.039
-79.8
-79.681
-79.305
-79.289
-78.999
-78.822
-78.446
-78.302
-78.168
-78.196
-78.327
-78.255
-78.43
-78.188
-78.145
-78.241
-78.083
-78.031
-77.848
-77.769
-77.887
-77.84
-78.321
-78.279
-78.351
-78.557
-78.396
-78.467
-78.696
-78.888
-78.955
-79.11
-78.88
-79.138
-79.204
-79.126
-79.092
-79.245
-79.49
-79.726
-79.715
-79.848
-79.618
-79.501
-79.205
-79.216
-79.331
-79.398
-79.089
-79.126
-78.903
-78.669
-78.347
-78.035
-77.564
-77.627
-77.689
-77.659
-77.804
-77.713
-77.476
-77.532
-77.395
-77.585
-77.391
-77.529
-77.559
-77.774
-77.987
-77.843
-77.714
-77.615
-77.785
-77.786
-77.893
-77.92
-78.205
-78.233
-78.396
-78.56
-78.38
-78.584
-78.678
-78.841
-78.686
-79.018
-78.86
-79.125
-79.2
-79.317
-79.374
-79.209
-79.183
-78.952
-79.192
-79.194
-79.019
-79.13
-79.207
-79.274
-79.492
-79.434
-79.357
-79.308
-79.022
-78.891
-78.809
-78.891
-79.226
-79.447
-79.673
-79.787
-79.96
-80.231
-80.298
-80.176
-80.056
-80.043
-80.338
-80.205
-80.307
-80.113
-80.198
-80.088
-80.178
-80.084
-80.155
-80.05
-80.028
-79.986
-79.984
-80.035
-80.245
-80.334
-80.439
-80.139
-79.901
-79.993
-80.133
-80.2
-80.355
-80.27
-80.221
-80.084
-79.996
-80.096
-79.945
-79.913
-79.783
-79.879
-79.832
-79.862
-80.058
-80.22
-80.036
-80.395
-80.286
-79.975
-79.954
-80.162
-79.995
-79.933
-79.589
-79.661
-79.778
-79.681
-79.647
-79.782
-79.794
-80.169
-80.115
-80.058
-80.033
-80.154
-80.228
-80.113
-80.094
-80.096
-80.126
-80.225
-80.402
-80.294
-79.955
-79.973
-79.789
-79.852
-79.789
-79.753
-79.71
-80.028
-79.806
-79.899
-79.906
-79.872
-80.151
-80.056
-80.1
-80.323
-80.007
-80.013
-79.951
-79.811
-80.115
-79.956
-80.079
-79.93
-79.982
-80.244
-80.266
-80.328
-80.304
-80.209
-80.502
-80.536
-80.401
-80.092
-79.837
-79.577
-78.975
-78.639
-78.272
-78.017
-77.546
-77.299
-76.979
-76.831
-76.67
-76.777
-76.901
-76.924
-76.882
-76.711
-76.64
-76.527
-76.443
-76.195
-76.008
-75.638
-75.705
-75.238
-75.092
-74.976
-74.672
-74.133
-73.705
-73.19
-72.675
-72.496
-72.306
-72.416
-72.378
-71.653
-70.963
-70.152
-68.996
-68.553
-67.827
-67.454
-66.793
-66.273
-65.834
-65.242
-64.858
-64.509
-64.28
-63.805
-63.444
-63.208
-63.013
-62.721
-62.599
-62.734
-62.281
-62.022
-61.802
-61.207
-60.848
-60.283
-59.828
-59.387
-59.279
-59.06
-58.787
-58.571
-58.322
-58.015
-57.735
-57.688
-57.284
-56.994
-56.52
-55.764
-55.117
-54.223
-53.347
-52.354
-50.696
-48.439
-45
-45
-45
-45
-45
-45
-45
-45
-45
-45
-45
-45
-45
-45
-48.238
-55.239
-60.804
-64.875
-67.482
-69.133
-70.394
-71.098
-71.956
-72.631
-73.112
-73.249
-73.161
-73.301
-73.612
-73.312
-73.2
-73.107
-73.052
-73.053
-73.131
-73.027
-72.968
-73.137
-73.464
-73.42
-73.436
-73.482
-73.212
-72.652
-72.451
-71.847
-71.396
-71.099
-70.703
-70.205
-69.898
-69.333
-69.076
-68.906
-68.67
-68.623
-68.423
-67.986
-67.847
-66.983
-66.646
-66.435
-66.293
-66.338
-66.27
-65.923
-66.233
-65.998
-65.996
-66.039
-66.284
-66.221
-66.2
-66.004
-65.731
-65.952
-65.981
-65.918
-66.2
-65.872
-65.791
-66.033
-65.936
-65.99
-66.119
-65.987
-65.906
-66.134
-66.247
-66.215
-66.513
-66.64
-66.838
-66.978
-66.744
-66.731
-67.109
-67.147
-67.418
-67.759
-68.043
-68.018
-67.951
-68.179
-68.18
-68.314
-68.355
-68.641
-68.722
-68.752
-69.118
-69.365
-69.892
-70.204
-70.622
-70.566
-70.836
-71.124
-71.181
-71.174
-71.019
-71.073
-71.237
-71.292
-71.374
-71.388
-71.539
-72.016
-72.415
-72.291
-72.29
-72.295
-72.592
-72.92
-72.851
-72.873
-72.798
-72.442
-72.353
-72.412
-72.353
-72.19
-72.021
-72.101
-71.632
-71.22
-71.326
-71.001
-70.693
-70.39
-70.568
-70.386
-70.155
-70.219
-70.215
-70.385
-70.336
-70.926
-71.059
-70.997
-71.252
-71.196
-71.335
-71.233
-71.049
-71.009
-71.063
-71.19
-71.16
-71.114
-71.054
-71.18
-71.244
-71.08
-71.172
-71.054
-71.274
-71.37
-71.511
-71.662
-71.573
-71.556
-71.562
-71.554
-71.381
-71.328
-71.368
-71.427
-71.568
-71.652
-71.618
-71.576
-71.642
-71.715
-71.861
-71.893
-71.937
-72.138
-72.14
-72.167
-72.32
-72.206
-72.175
-72.177
-72.277
-72.409
-72.682
-73.025
-73.474
-73.19
-73.148
-73.225
-72.833
-73.084
-73.071
-73.214
-73.078
-73.172
-73.249
-73.373
-73.419
-73.256
-73.184
-73.391
-73.261
-73.783
-74.037
-74.386
-74.32
-74.379
-74.638
-74.872
-75.01
-74.867
-75.043
-75.133
-75.34
-75.579
-75.802
-75.797
-75.784
-75.508
-75.718
-75.744
-76.085
-75.979
-76.094
-76.16
-76.033
-76.178
-76.223
-76.605
-76.661
-76.757
-76.395
-76.416
-76.432
-76.469
-76.286
-76.186
-76.048
-76.4
-76.484
-76.749
-76.583
-76.592
-76.765
-76.81
-77.014
-77.037
-76.878
-76.866
-77.023
-77.033
-76.989
-77.173
-77.36
-77.45
-77.283
-77.339
-77.474
-77.669
-77.975
-77.927
-77.994
-78.06
-78.273
-78.417
-78.396
-78.972
-79.117
-79.137
-79.165
-79.089
-79.159
-79.257
-79.197
-79.333
-79.411
-79.511
-79.553
-79.612
-79.491
-79.638
-79.709
-79.827
-79.776
-79.976
-80.188
-80.278
-80.344
-80.253
-80.762
-80.905
-80.95
-80.899
-80.894
-80.856
-80.966
-81.163
-81.264
-81.277
-81.485
-81.268
-81.437
-81.306
-81.234
-81.083
-81.479
-81.535
-81.621
-81.558
-81.521
-81.529
-81.418
-81.732
-81.69
-81.892
-82.064
-82.503
-82.459
-82.463
-82.622
-82.418
-82.091
-82.18
-82.026
-82.081
-82.227
-82.163
-81.838
-81.85
-82.077
-82.036
-82.069
-82.047
-82.146
-82.135
-82.186
-82.355
-82.104
-82.272
-82.472
-82.697
-82.527
-82.893
-83.208
-83.315
-83.318
-83.203
-83.11
-83.012
-83.44
-83.313
-83.77
-84.167
-84.241
-84.071
-83.963
-83.903
-84.023
-84.261
-84.328
-84.222
-84.144
-83.954
-84.1
-84.299
-84.495
-84.285
-84.429
-84.531
-84.594
-84.622
-84.781
-84.858
-84.963
-85.207
-85.118
-85.298
-85.639
-85.735
-85.751
-86.136
-86.252
-86.292
-86.434
-86.566
-86.666
-86.392
-86.567
-86.598
-86.455
-86.659
-86.674
-86.766
-86.753
-86.68
-86.794
-87.041
-87.108
-86.768
-86.755
-87.084
-86.948
-86.696
-86.692
-86.688
-86.84
-86.598
-86.801
-86.645
-86.891
-86.703
-86.716
-86.683
-86.86
-86.921
-86.709
-86.773
-86.798
-86.889
-86.791
-86.769
-86.937
-86.842
-87.275
-87.164
-87.336
-87.526
-87.05
-86.776
-86.607
-86.635
-86.439
-86.421
-86.463
-86.653
-86.558
-86.542
-86.688
-86.754
-86.642
-86.702
-86.845
-86.59
-86.789
-86.812
-86.564
-86.401
-86.56
-86.405
-86.403
-86.523
-86.121
-85.92
-85.981
-85.894
-85.855
-85.843
-85.737
-85.851
-85.946
-86.19
-85.937
-85.95
-85.879
-85.603
-85.571
-85.459
-85.305
-85.467
-85.407
-85.375
-85.411
-85.739
-85.504
-85.759
-85.814
-85.911
-85.635
-85.497
-85.373
-85.556
-85.611
-85.505
-85.608
-85.391
-85.574
-85.568
-85.354
-85.408
-85.71
-85.95
-85.784
-85.835
-85.877
-85.801
-86
