-86.417
-86.771
-86.771
-86.44
-86.646
-86.635
-86.545
-86.629
-86.778
-86.624
-86.951
-86.616
-86.275
-86.049
-85.993
-86.062
-85.82
-85.932
-85.994
-85.446
-84.962
-84.565
-84.177
-83.957
-83.708
-83.123
-83.006
-82.643
-82.014
-82.094
-81.505
-81.29
-81.048
-80.82
-80.401
-80.165
-79.663
-79.439
-79.19
-78.735
-78.472
-78.272
-78.167
-78.169
-77.983
-78.059
-77.977
-77.96
-77.778
-77.905
-77.87
-77.617
-77.525
-77.096
-76.876
-76.526
-76.11
-75.674
-74.947
-74.468
-73.674
-72.943
-72.168
-71.266
-70.284
-69.735
-68.986
-68.618
-67.97
-67.312
-67.087
-66.745
-66.405
-65.816
-65.384
-64.874
-64.707
-64.574
-64.478
-63.953
-63.695
-63.724
-63.604
-63.505
-63.39
-63.082
-63.172
-62.903
-62.695
-62.542
-62.433
-62.175
-62.349
-62.439
-62.133
-62.33
-62.224
-62.386
-62.555
-62.266
-62.272
-61.929
-62.075
-61.536
-61.301
-60.696
-60.212
-59.161
-58.642
-58.323
-57.856
-57.314
-56.603
-55.907
-55.306
-54.544
-53.886
-52.943
-51.327
-49.103
-45
-45
-45
-45
-45
-45
-45
-45
-45
-45
-45
-45
-45
-45
-45.839
-52.741
-58.856
-63.266
-66.194
-67.895
-68.934
-70.06
-70.236
-70.643
-70.3
-70.356
-70.354
-70.373
-70.21
-70.047
-70.116
-69.848
-69.632
-69.826
-69.511
-69.279
-69.038
-68.781
-68.577
-68.353
-68.396
-68.122
-67.945
-67.642
-67.505
-67.229
-67.354
-67.612
-67.37
-67.353
-67.45
-67.456
-67.608
-67.553
-68.01
-68.169
-68.265
-68.205
-68.072
-68.183
-67.952
-67.736
-67.599
-67.178
-66.861
-66.636
-66.204
-65.639
-65.611
-65.322
-65.194
-65.429
-64.992
-64.828
-64.813
-64.668
-64.512
-64.527
-64.55
-64.229
-64.091
-64.227
-64.232
-64.006
-64.296
-64.224
-64.352
-64.405
-64.568
-64.354
-63.93
-63.558
-62.937
-62.526
-62.04
-62.016
-61.685
-61.448
-61.206
-61.101
-60.389
-60.14
-59.866
-59.973
-59.896
-59.781
-59.879
-59.593
-59.409
-59.463
-59.308
-59.246
-58.942
-58.538
-58.382
-58.323
-58.602
-58.572
-58.786
-58.882
-58.912
-58.796
-58.755
-58.801
-58.513
-58.852
-59.087
-59.366
-59.402
-59.64
-59.915
-60.03
-60.038
-60.27
-60.347
-60.52
-60.586
-60.793
-60.816
-60.807
-61.034
-60.912
-61.035
-60.859
-61.108
-61.154
-61.138
-61.301
-61.403
-61.467
-61.694
-61.717
-61.598
-62.003
-61.884
-61.776
-61.868
-61.916
-62.204
-62.292
-62.422
-62.385
-62.514
-62.514
-62.642
-63.066
-63.407
-63.615
-63.718
-63.538
-63.644
-63.656
-63.904
-63.988
-64.04
-64.139
-64.005
-64.095
-64.213
-64.625
-64.783
-64.507
-64.997
-65.115
-65.195
-65.153
-65.462
-65.581
-65.463
-65.54
-65.94
-65.927
-66.086
-66.455
-66.559
-66.53
-66.817
-66.765
-66.79
-66.927
-67.021
-67.465
-67.446
-67.756
-68.126
-68.023
-68.158
-67.938
-68.204
-67.981
-68.184
-68.193
-68.555
-68.736
-69.016
-69.267
-69.218
-69.079
-69.27
-69.382
-69.408
-69.473
-69.419
-69.975
-70.016
-69.864
-70.279
-70.531
-70.291
-70.362
-70.467
-70.429
-70.516
-70.626
-71.02
-71.29
-71.627
-71.837
-71.841
-72.114
-72.45
-72.56
-72.496
-72.614
-72.779
-72.866
-72.841
-72.875
-73.368
-73.361
-73.677
-73.766
-73.728
-73.687
-73.803
-73.493
-73.818
-73.842
-73.766
-73.751
-73.926
-73.926
-73.952
-74.038
-74.278
-74.376
-74.416
-74.694
-75.019
-74.876
-74.911
-75.096
-75.146
-75.081
-75.092
-75.011
-74.998
-75.242
-75.36
-75.556
-75.825
-75.977
-76.046
-76.328
-76.55
-76.557
-76.467
-76.663
-76.593
-76.534
-76.565
-76.574
-76.541
-76.781
-76.681
-76.909
-76.964
-77.356
-77.255
-77.289
-77.356
-77.304
-77.754
-78.468
-79.06
-79.12
-79.44
-79.698
-79.805
-79.861
-80.085
-79.953
-79.877
-79.85
-79.856
-79.522
-79.277
-78.897
-78.783
-78.491
-77.995
-77.614
-77.397
-77.137
-77.083
-77.126
-77.164
-77.041
-77.024
-77.472
-77.295
-77.183
-76.773
-76.614
-76.586
-76.529
-76.424
-76.278
-76.405
-76.724
-76.818
-77.148
-77.492
-77.59
-77.475
-77.446
-77.48
-77.383
-77.644
-77.931
-77.739
-77.57
-77.77
-77.883
-77.9
-77.631
-77.512
-77.634
-77.393
-77.07
-77.145
-76.767
-76.402
-76.26
-76.201
-76.354
-76.323
-76.51
-76.486
-76.447
-76.501
-76.534
-76.816
-76.759
-76.939
-76.985
-76.781
-77.157
-76.856
-76.808
-76.89
-77.116
-77.213
-77.225
-77.426
-76.698
-75.815
-74.744
-73.833
-72.996
-72.416
-72.093
-71.4
-71.369
-71.162
-70.977
-71.001
-71.29
-71.341
-71.72
-71.946
-72.084
-72.443
-72.383
-72.442
-72.428
-72.737
-73.054
-73.211
-73.59
-73.556
-73.808
-73.63
-73.65
-73.771
-73.625
-73.532
-73.689
-73.857
-74.098
-73.967
-74.067
-74.021
-74.354
-74.61
-74.871
-75.208
-75.227
-75.198
-75.26
-75.19
-75.219
-75.32
-75.601
-75.943
-76.189
-76.141
-76.302
-76.282
-76.52
-76.735
-76.851
-76.964
-76.733
-76.761
-76.916
-77.089
-77.273
-77.391
-77.531
-77.666
-77.641
-77.764
-77.683
-77.526
-77.662
-77.402
-77.546
-77.402
-77.305
-77.65
-78.016
-78.089
-77.986
-77.96
-77.852
-78.06
-77.918
-78.286
-78.119
-78.17
-78.44
-78.455
-78.57
-78.539
-78.516
-78.351
-78.458
-78.931
-78.982
-79.283
-79.083
-79.185
-79.075
-78.902
-78.722
-78.414
-78.142
-78.072
-77.762
-77.8
-77.481
-76.987
-76.791
-76.483
-76.589
-76.752
-76.477
-76.765
-76.869
-76.875
-76.838
-76.842
-76.799
-76.901
-76.984
-76.949
-77.155
-77.126
-77.248
-77.662
-77.951
-78.319
-78.388
-78.554
-78.685
-78.638
-78.862
-78.717
-78.796
-78.712
-78.74
-78.646
-78.708
-78.746
-78.945
-78.942
-78.649
-78.584
-78.689
-78.632
-78.824
-78.815
-78.847
-79.108
-78.939
-79.028
-79.215
-79.135
-79.297
-79.196
-79.498
-79.765
-79.859
-79.668
-79.888
-79.806
-79.968
-80.048
-79.922
-80.01
-80.148
-80.164
-80.023
-80.047
-80.004
-79.802
-79.659
-79.761
-79.919
-79.956
-79.974
-80.033
-80.072
-79.858
-79.68
-79.492
-79.162
-78.971
-79.111
-79.009
-78.94
-78.839
-78.898
-78.787
-78.782
-78.996
-78.976
-79.028
-79.264
-79.708
-79.688
-79.714
-79.678
-79.716
-79.764
-79.763
-80.029
-80.008
-80.193
-80.068
-79.997
-79.951
-79.733
-79.656
-79.802
-79.954
-79.955
-79.939
-79.783
-80.11
-80.069
-79.969
-79.91
-80.249
-80.355
-80.195
-80.154
-79.938
-80.136
-79.921
-79.813
-79.924
-79.878
-79.768
-79.826
-80.014
-79.825
-79.911
-79.844
-79.591
-79.604
-79.867
-79.824
-80.052
-79.963
-79.952
-79.753
-79.822
-79.751
-79.666
-79.943
-80.095
-80.143
-80.409
-80.461
-80.663
-80.445
-80.392
-80.218
-80.088
-80.238
-80.416
-80.567
-80.652
-80.997
-81.044
-81.188
-81.261
-81.517
-81.365
-81.202
-81.504
-81.653
-81.542
-81.342
-81.348
-81.251
-81.29
-81.638
-81.731
-81.887
-82.026
-82.026
-82.137
-81.863
-81.858
-81.753
-81.674
-81.52
-81.412
-81.28
-81.58
-81.562
-81.742
-81.717
-81.71
-81.703
-81.601
-81.238
-81.366
-81.579
-81.864
-81.994
-82.271
-82.07
-81.825
-81.818
-81.881
-82.021
-82.213
-82.116
-82.006
-81.986
-82.068
-81.87
-82.145
-82.073
-82.031
-82.2
-81.888
-82.023
-81.931
-82.017
-82.053
-81.899
-81.329
-80.406
-79.248
-77.604
-75.951
-74.604
-72.989
-71.62
-70.139
-68.88
-67.686
-66.559
-65.477
-64.419
-63.283
-62.455
-61.569
-60.669
-60.402
-59.874
-59.386
-58.804
-58.542
-58.154
-57.651
-57.159
-56.584
-56.443
-56.056
-55.868
-55.39
-54.531
-53.977
-53.226
-52.2
-50.757
-48.67
-45
-45
-45
-45
-45
-45
-45
-45
-45
-45
-45
-45
-45
-45
-47.539
-54.744
-60.704
-64.739
-67.762
-69.65
-71.044
-72.074
-72.551
-73.096
-73.074
-73.327
-73.306
-73.719
-73.642
-73.55
-73.518
-73.314
-73.47
-73.333
-73.272
-73.355
-73.17
-73.271
-73.318
-73.386
-73.452
-73.568
-73.863
-73.789
-73.847
-74.022
-73.931
-73.807
-74.199
-74.474
-74.682
-74.947
-75.119
-75.108
-75.408
-75.454
-75.77
-75.817
-76.069
-76.164
-76.185
-76.474
-76.561
-76.895
-76.967
-77.046
-76.912
-76.937
-76.529
-76.841
-76.943
-76.981
-77.142
-77.145
-77.069
-77.219
-77.032
-77.361
-77.236
-77.433
-77.486
-77.493
-77.501
-77.518
-77.672
-77.771
-77.804
-78.011
-78.269
-78.672
-78.632
-78.637
-78.593
-78.66
-79.118
-79.281
-79.357
-79.4
-79.509
-79.512
-79.668
-79.773
-79.69
-79.983
-80.197
-80.18
-80.304
-80.535
-80.377
-80.484
-80.44
-80.495
-80.749
-80.736
-80.964
-81.306
-81.182
-81.329
-81.35
-81.329
-81.492
-81.471
-81.807
-81.876
-81.846
-81.862
-82.456
-82.838
-82.734
-82.445
-82.677
-82.875
-83.022
-83.081
-83.126
-82.931
-82.932
-83.078
