-85.527
-85.711
-85.605
-85.594
-85.666
-85.616
-85.555
-85.663
-85.74
-85.833
-85.858
-86.149
-86.054
-86.066
-85.624
-85.581
-85.395
-85.409
-85.382
-85.222
-85.525
-85.273
-85.069
-84.813
-84.317
-83.898
-83.301
-83.136
-82.724
-82.33
-81.663
-81.474
-81.013
-80.924
-80.616
-80.418
-79.822
-79.537
-79.487
-79.173
-78.651
-78.568
-78.264
-78.122
-77.882
-77.816
-77.371
-77.403
-77.358
-77.143
-77.112
-77.078
-76.82
-76.807
-76.867
-76.814
-76.554
-76.728
-76.54
-76.799
-76.864
-77.073
-77.287
-77.232
-77.565
-77.44
-77.446
-77.119
-77.154
-77.071
-77.197
-77.244
-77.506
-77.613
-77.39
-77.487
-77.447
-77.519
-77.582
-77.33
-77.341
-77.639
-77.474
-77.542
-77.548
-77.603
-77.455
-77.437
-77.657
-77.65
-78.099
-78.312
-78.353
-78.496
-78.718
-78.661
-78.556
-78.925
-78.75
-78.746
-78.647
-78.832
-78.744
-78.378
-78.415
-78.408
-78.394
-78.227
-78.208
-77.908
-77.662
-77.325
-76.848
-76.306
-76.193
-75.761
-75.488
-75.267
-74.912
-74.503
-74.113
-74.025
-74.081
-73.592
-73.558
-73.538
-73.225
-73.071
-72.831
-72.918
-72.753
-72.542
-72.437
-72.372
-72.092
-72.057
-72.351
-72.664
-72.293
-72.199
-72.125
-71.96
-72.043
-72.036
-71.615
-71.578
-71.544
-71.466
-71.428
-71.382
-71.028
-70.704
-70.469
-70.261
-69.792
-69.363
-69.126
-68.816
-68.603
-68.43
-68.16
-67.619
-67.414
-67.252
-66.979
-66.845
-66.973
-66.8
-66.789
-66.572
-66.538
-66.599
-66.54
-66.422
-66.087
-65.79
-65.638
-65.403
-65.376
-65.15
-65.005
-64.988
-65.14
-64.795
-64.445
-64.042
-63.939
-63.681
-63.236
-62.707
-62.668
-62.569
-62.485
-62.343
-61.798
-61.562
-61.382
-61.151
-60.787
-60.747
-60.498
-60.264
-59.929
-59.896
-59.686
-59.581
-59.559
-59.354
-59.547
-59.482
-59.566
-59.187
-59.054
-59.222
-59.179
-59.217
-59.157
-58.995
-59.078
-59.244
-59.177
-59.123
-59.194
-59.046
-59.155
-59.223
-58.923
-58.593
-58.334
-58.625
-58.452
-58.538
-58.566
-58.835
-58.473
-58.753
-58.749
-58.805
-58.923
-58.784
-58.873
-58.927
-58.723
-58.867
-58.828
-59.151
-59.12
-59.169
-59.483
-59.799
-59.671
-59.744
-59.809
-59.73
-60.082
-59.946
-59.813
-59.87
-59.775
-59.82
-59.844
-59.94
-60.012
-60.03
-60.44
-60.554
-60.568
-60.329
-60.581
-60.692
-60.824
-61.044
-61.103
-60.996
-61.153
-61.363
-61.491
-61.553
-61.417
-61.533
-61.456
-61.54
-61.804
-61.99
-62.013
-62.278
-62.306
-62.543
-62.512
-62.433
-62.543
-62.617
-62.585
-62.559
-62.605
-62.326
-62.702
-63.068
-62.788
-62.857
-62.79
-62.648
-62.712
-62.686
-62.58
-62.736
-62.869
-62.952
-63.057
-62.995
-63.165
-63.326
-63.312
-63.428
-63.204
-63.366
-63.554
-63.724
-63.705
-63.703
-63.717
-63.849
-63.792
-63.474
-63.495
-63.845
-63.808
-63.979
-63.994
-63.746
-63.871
-64.001
-64.077
-64.014
-64.103
-64.255
-64.438
-64.895
-64.738
-64.685
-64.664
-64.778
-65.011
-65.01
-65.197
-65.273
-65.037
-65.139
-65.328
-65.659
-65.638
-65.729
-65.966
-65.995
-65.919
-65.745
-66.155
-66.084
-66.077
-65.979
-65.94
-66.377
-66.135
-66.138
-66.119
-66.013
-65.989
-65.998
-65.94
-65.915
-65.916
-66.005
-65.892
-66.017
-66.15
-66.346
-66.31
-66.075
-66.088
-66.314
-66.483
-66.543
-66.63
-66.56
-66.752
-66.954
-67.037
-67.316
-67.587
-67.812
-67.752
-68.101
-68.415
-68.453
-68.517
-68.735
-68.766
-68.824
-69.146
-68.919
-68.881
-69.075
-69.149
-69.024
-69.236
-69.029
-68.999
-69.337
-69.729
-69.632
-69.605
-69.675
-69.769
-69.929
-70.084
-70.395
-70.39
-69.966
-69.487
-69.175
-68.699
-68.065
-67.643
-66.953
-66.149
-65.21
-64.179
-63.052
-62.056
-61.273
-60.493
-59.306
-57.968
-56.866
-56.019
-54.636
-53.417
-51.924
-50.113
-46.633
-45
-45
-45
-45
-45
-45
-45
-45
-45
-45
-45
-45
-45
-45
-48.988
-54.761
-59.208
-62.358
-64.464
-65.697
-66.502
-66.891
-66.983
-66.898
-66.669
-66.207
-65.797
-65.139
-64.631
-63.856
-62.692
-61.753
-60.811
-59.787
-59.178
-58.205
-57.564
-56.74
-55.87
-55.073
-54.263
-53.235
-52.315
-50.863
-48.885
-46.122
-45
-45
-45
-45
-45
-45
-45
-45
-45
-45
-45
-45
-45
-47.68
-53.917
-59.102
-62.558
-65.257
-66.841
-67.675
-68.076
-68.246
-68.778
-68.774
-68.958
-68.775
-68.592
-68.34
-68.2
-68.08
-67.836
-67.641
-67.623
-67.39
-67.09
-66.626
-66.286
-65.775
-65.301
-64.899
-64.346
-64.024
-63.746
-63.292
-62.703
-62.059
-61.362
-60.667
-60.096
-59.108
-58.5
-57.954
-57.388
-56.971
-56.399
-55.893
-55.25
-54.502
-54.033
-53.435
-52.597
-51.566
-50.195
-47.587
-45
-45
-45
-45
-45
-45
-45
-45
-45
-45
-45
-45
-45
-45
-50.703
-57.218
-62.156
-65.786
-68.105
-69.736
-70.864
-71.729
-72.373
-72.726
-72.872
-73.017
-73.223
-73.287
-73.304
-73.524
-73.813
-73.878
-74.015
-74.107
-74.213
-74.457
-74.861
-74.918
-75.106
-75.198
-75.069
-75.089
-75.366
-75.629
-75.79
-75.893
-76.092
-75.88
-76.002
-75.98
-76.105
-76.213
-76.244
-76.582
-76.41
-76.024
-75.834
-75.482
-75.414
-75.129
-74.946
-74.548
-74.227
-73.74
-73.564
-73.345
-73.087
-73.191
-72.873
-72.78
-72.694
-72.494
-72.353
-71.468
-70.284
-69.057
-67.819
-66.386
-65.226
-63.923
-62.704
-61.559
-60.352
-59.257
-58.276
-57.18
-56.116
-54.989
-53.874
-52.542
-51.225
-49.071
-45
-45
-45
-45
-45
-45
-45
-45
-45
-45
-45
-45
-45
-45
-46.311
-53.333
-59.234
-63.45
-66.086
-67.964
-69.361
-70.192
-70.631
-70.978
-71.456
-71.468
-71.645
-71.756
-71.88
-71.955
-71.743
-71.829
-71.834
-71.776
-71.674
-72.074
-72.044
-71.913
-71.953
-71.79
-71.786
-71.524
-71.309
-71.328
-71.05
-70.804
-70.489
-70.424
-70.079
-69.918
-70.043
-70.097
-69.992
-69.668
-69.461
-69.503
-69.418
-69.567
-69.549
-69.494
-69.614
-69.64
-69.486
-69.368
-69.496
-69.849
-69.831
-69.957
-69.989
-69.934
-70.161
-70.176
-70.176
-70.378
-70.73
-70.733
-71.006
-70.896
-71.167
-71.236
-71.226
-71.352
-71.411
-71.304
-71.077
-71.538
-71.682
-71.757
-71.943
-71.814
-72.059
-71.945
-71.846
-72.159
-72.782
-72.734
-72.931
-73.177
-73.182
-73.362
-73.712
-73.857
-73.967
-74.116
-74.059
-74.286
-74.389
-74.783
-75.094
-75.293
-75.412
-75.257
-75.433
-75.693
-75.649
-75.467
-75.688
-75.863
-75.909
-76.353
-76.34
-76.574
-76.645
-77.129
-77.236
-77.524
-78.046
-78.537
-78.639
-78.823
-79.243
-79.462
-79.554
-79.783
-79.784
-80.229
-80.477
-80.389
-80.485
-80.332
-80.709
-80.586
-80.675
-80.665
-80.823
-80.449
-80.544
-80.698
-80.864
-80.999
-80.933
-80.845
-80.842
-81.038
-81.043
-81.217
-81.559
-81.69
-81.682
-81.854
-81.829
-81.667
-81.752
-81.86
-81.895
-82.212
-82.385
-82.679
-82.869
-82.793
-82.703
-82.912
-83.253
-83.186
-83.201
-83.226
-83.62
-83.787
-83.78
-83.97
-84.164
-84.419
-84.496
-84.445
-84.687
-84.69
-84.801
-84.796
-84.805
-85.326
-85.552
-86.009
-86.054
-86.101
-86.031
-85.987
-85.894
-85.771
-85.912
-85.923
-86.016
-86.082
-85.858
-85.89
-85.779
-85.56
-85.273
-85.584
-86.079
-86.187
-86.382
-86.359
-86.397
-86.554
-86.484
-86.513
-86.518
-86.552
-86.332
-86.352
-86.383
-86.422
-86.123
-85.983
-85.81
-86.022
-86.255
-86.156
-85.989
-86.021
-86.167
-86.172
-86.365
-86.435
-86.358
-86.479
-86.581
-86.8
-86.78
-87.173
-87.283
-87.399
-87.604
-87.657
-87.854
-87.871
-88.014
-88.323
-88.068
-87.681
-87.88
-88.028
-87.936
-88.166
-88.174
-88.118
-88.339
-88.281
-88.303
-88.424
-88.472
-88.6
-88.56
-88.379
-88.43
-88.2
-88.241
-88.586
-88.512
-88.547
-88.723
-88.606
-88.61
-88.757
-88.926
-88.878
-89.027
-88.839
-88.889
-89.014
-89.084
-89.118
-89.13
-89.042
-88.97
-89.159
-89.396
-89.093
-89.067
-89.043
-89.119
-89.008
-89.066
-88.909
-88.931
-89.255
-89.23
-89.541
-89.524
-89.62
-89.473
-89.582
-89.705
-89.766
-89.74
-89.742
-89.556
-89.775
-89.975
-89.857
-89.623
-89.601
-89.765
-89.632
-89.632
-89.678
-89.685
-89.779
-89.495
-89.696
-89.795
-89.864
-89.915
-90.077
-90.204
-90.493
-90.844
-90.874
-90.825
-90.809
-90.927
-90.809
-90.962
-90.492
-90.569
-90.391
-90.387
-90.397
-90.372
-90.559
-90.763
-90.957
-90.862
-91.09
-91.079
-90.947
-90.939
-91.162
-90.84
-90.914
-90.888
-90.835
-91.021
-91.144
-91.103
-91.129
-91.153
-91.241
-91.08
