-68.712
-67.902
-67.484
-67.176
-66.832
-66.176
-65.57
-64.835
-64.532
-64.098
-64.007
-63.883
-63.774
-63.505
-63.339
-63.18
-62.911
-63.015
-63.012
-62.824
-62.63
-62.358
-62.052
-62.104
-61.94
-62.11
-61.951
-61.759
-61.622
-61.574
-61.452
-61.377
-61.288
-61.381
-61.277
-61.184
-61.594
-61.223
-61.319
-60.864
-60.16
-59.774
-59.249
-58.581
-57.888
-57.275
-56.821
-56.262
-55.677
-55.014
-54.6
-53.654
-52.589
-51.59
-49.8
-46.463
-45
-45
-45
-45
-45
-45
-45
-45
-45
-45
-45
-45
-45
-45
-50.817
-56.947
-61.512
-64.717
-66.575
-67.47
-68.508
-69.144
-69.412
-69.821
-69.762
-69.784
-69.637
-69.422
-69.52
-69.202
-68.638
-68.219
-67.528
-67.324
-66.697
-66.059
-65.208
-64.49
-63.743
-63.123
-62.893
-62.542
-61.808
-61.268
-60.623
-59.907
-58.959
-58.218
-57.565
-56.964
-56.491
-55.726
-55.036
-54.313
-53.379
-52.033
-50.689
-48.276
-45
-45
-45
-45
-45
-45
-45
-45
-45
-45
-45
-52.035
-64.036
-71.323
-74.817
-77.01
-78.141
-78.868
-78.839
-78.921
-79.013
-78.884
-78.998
-79.107
-79.184
-78.981
-79.048
-78.653
-78.492
-78.587
-78.174
-78.269
-78.323
-78.176
-77.956
-78.166
-78.264
-78.572
-78.465
-78.641
-78.736
-78.792
-78.923
-78.899
-78.872
-78.929
-78.758
-78.739
-78.702
-78.728
-78.452
-78.42
-78.552
-78.491
-78.281
-78.352
-78.285
-78.216
-78.119
-77.892
-78.042
-78.136
-78.205
-78.372
-78.403
-78.853
-78.717
-78.688
-78.592
-78.823
-78.752
-78.958
-79.17
-79.19
-78.837
-78.831
-78.568
-78.535
-78.299
-78.351
-78.232
-78.437
-78.488
-78.691
-78.652
-78.6
-78.742
-78.856
-78.738
-79.093
-79.204
-79.401
-79.242
-79.369
-79.432
-79.552
-79.642
-79.365
-79.336
-79.138
-79.151
-79.498
-79.483
-79.734
-79.791
-79.865
-79.645
-79.652
-79.589
-79.593
-79.688
-79.875
-79.896
-79.95
-79.883
-79.793
-79.828
-80.011
-80.094
-80.172
-80.079
-80.099
-80.116
-79.877
-80.164
-80.134
-80.163
-80.301
-80.185
-79.793
-79.897
-80.264
-80.204
-79.978
-80.037
-80.058
-79.943
-79.934
-80.172
-80.004
-80.032
-80.017
-79.787
-79.996
-79.712
-79.802
-80.046
-80.016
-80.088
-80.284
-80.247
-80.143
-79.966
-80.291
-80.14
-80.086
-80.292
-80.302
-80.055
-80.306
-80.25
-80.086
-80.041
-80.157
-80.218
-80.066
-80.227
-80.256
-80.151
-80.017
-80.089
-80.055
-79.928
-80.03
-80.162
-80.06
-80.17
-80.251
-80.236
-80.013
-80.092
-80.09
-80.386
-80.247
-80.32
-80.249
-80.372
-80.242
-80.203
-80.005
-80.291
-80.097
-80.264
-80.178
-80.145
-80.115
-79.903
-80.022
-80.444
-80.581
-80.358
-80.394
-80.686
-80.759
-80.536
-80.722
-80.76
-80.385
-80.331
-80.145
-80.164
-80.123
-80.212
-80.31
-80.181
-80.095
-80.344
-80.102
-79.986
-80.184
-80.076
-80.185
-80.084
-79.847
-79.871
-79.931
-79.893
-79.904
-80.056
-80.191
-80.265
-80.289
-80.356
-80.292
-80.133
-80.262
-80.356
-80.456
-80.326
-80.428
-80.263
-80.05
-80.195
-80.121
-80.039
-80.016
-79.751
-79.731
-79.829
-80.197
-79.956
-79.991
-79.879
-79.78
-79.934
-80.199
-80.187
-80.434
-80.153
-80.252
-80.12
-80.575
-80.628
-80.423
-80.566
-80.687
-80.539
-80.46
-80.32
-80.171
-79.941
-79.958
-79.948
-80.136
-80.288
-80.235
-80.277
-80.213
-79.973
-80.135
-80.181
-79.959
-79.891
-80.158
-79.985
-80.05
-80.145
-80.139
-79.864
-79.359
-78.563
-77.872
-77.565
-76.941
-76.831
-76.54
-76.423
-76.404
-76.142
-75.854
-75.401
-74.839
-74.379
-73.964
-73.925
-73.626
-73.649
-73.962
-74.715
-75.476
-75.676
-76.002
-76.186
-76.295
-76.797
-77.177
-77.5
-77.58
-77.703
-77.579
-77.604
-77.276
-77.569
-77.443
-77.446
-77.358
-77.449
-77.46
-77.342
-77.427
-77.695
-77.725
-77.736
-77.695
-77.832
-77.974
-78.088
-77.872
-77.565
-77.2
-77.221
-77.183
-77.134
-76.81
-76.83
-76.644
-76.65
-76.626
-76.718
-76.901
-76.972
-76.987
-77.08
-77.262
-77.14
-77.535
-77.436
-77.579
-77.458
-77.47
-77.432
-77.211
-77.234
-77.331
-77.562
-77.206
-77.195
-77.237
-77.412
-77.463
-77.519
-77.545
-77.601
-78.058
-77.904
-77.59
-77.257
-76.857
-76.098
-75.587
-75.699
-75.303
-75.346
-75.541
-75.572
-75.743
-75.854
-75.85
-75.967
-76.027
-76.268
-76.167
-76.337
-76.389
-76.568
-77.011
-76.986
-77.015
-77.092
-77.056
-77.221
-77.124
-77.276
-77.252
-77.057
-76.901
-76.68
-76.828
-76.728
-76.783
-76.783
-77.099
-76.909
-77.063
-77.37
-77.625
-77.494
-77.479
-77.513
-77.732
-77.775
-77.894
-78.156
-78.272
-78.264
-78.049
-77.916
-78.051
-78.253
-78.291
-78.301
-78.388
-78.491
-78.718
-78.703
-78.936
-78.96
-79.109
-79.007
-78.806
-78.912
-78.646
-78.499
-78.576
-78.427
-78.149
-78.341
-78.095
-77.999
-78.147
-78.17
-78.235
-78.36
-78.422
-78.256
-78.411
-78.541
-78.62
-78.776
-79.053
-78.967
-78.919
-79.066
-79.219
-79.085
-79.097
-79.162
-79.161
-79.224
-78.963
-79.137
-79.369
-79.119
-79.282
-79.318
-79.418
-79.133
-79.371
-79.378
-79.303
-79.476
-79.174
-79.309
-79.435
-79.333
-79.131
-79.163
-79.111
-79.195
-79.171
-79.368
-79.45
-79.648
-79.574
-79.338
-79.648
-79.993
-79.764
-79.63
-79.639
-79.502
-79.515
-79.761
-80.053
-79.902
-79.833
-79.954
-80.072
-79.987
-79.828
-79.759
-79.683
-79.683
-79.895
-79.869
-79.937
-79.727
-79.823
-79.75
-79.854
-79.747
-79.622
-79.845
-80.012
-79.885
-79.931
-79.782
-79.986
-80.083
-79.916
-79.9
-79.678
-79.723
-80.043
-80.365
-80.459
-80.621
-80.368
-80.366
-80.245
-80.333
-80.604
-80.663
-80.329
-80.117
-80.151
-80.161
-80.37
-80.557
-80.373
-80.098
-80.092
-79.86
-80.069
-80.064
-79.771
-80.128
-79.771
-79.896
-80.047
-80.037
-80.108
-80.421
-80.461
-80.274
-80.09
-79.805
-79.853
-80.29
-80.342
-80.578
-80.385
-80.293
-80.157
-80.352
-80.358
-80.36
-80.523
-80.58
-80.569
-80.456
-80.39
-80.318
-80.44
-80.35
-80.651
-80.633
-80.367
-80.51
-80.497
-80.055
-79.581
-79.121
-78.768
-78.687
-78.601
-78.4
-78.226
-78.273
-78.071
-78
-77.821
-77.401
-77.091
-76.662
-76.238
-75.72
-75.527
-75.294
-75.129
-74.738
-74.537
-74.556
-74.612
-74.713
-74.353
-74.314
-74.804
-75.039
-75.059
-75.145
-74.897
-74.848
-75.195
-75.289
-75.481
-75.455
-75.596
-75.834
-75.706
-75.911
-75.47
-75.159
-74.806
-74.828
-74.986
-74.828
-74.702
-74.847
-74.628
-74.225
-73.869
-73.971
-73.912
-73.518
-73.557
-73.919
-73.678
-73.957
-73.982
-74.062
-74.062
-74.22
-74.355
-74.166
-74.208
-74.574
-74.605
-74.388
-74.62
-74.872
-74.781
-74.77
-75.006
-75.08
-74.873
-74.795
-74.989
-75.028
-75.089
-75.257
-75.462
-75.719
-75.88
-76.156
-76.104
-76.189
-76.348
-76.35
-76.114
-75.629
-75.225
-74.81
-74.367
-74.397
-74.262
-74.445
-74.502
-74.359
-74.422
-74.285
-73.914
-73.628
-73.772
-73.621
-73.695
-73.695
-73.435
-73.968
-73.816
-73.813
-74.088
-74
-73.999
-74.323
-73.937
-73.986
-73.91
-73.77
-73.923
-74.029
-73.955
-74.283
-74.462
-74.363
-74.636
-74.711
-74.762
-74.863
-74.761
-75.039
-75.225
-75.351
-75.554
-75.768
-75.81
-75.84
-76.155
-76.286
-76.25
-76.356
-76.321
-76.306
-76.437
-76.155
-76.178
-76.452
-76.509
-76.77
-76.847
-76.908
-76.928
-76.95
-77.245
-77.243
-77.025
-77.006
-76.691
-76.644
-76.473
-76.609
-76.432
-76.553
-76.569
-76.677
-76.783
-76.744
-76.614
-76.682
-76.528
-76.505
-76.737
-76.776
-77.047
-77.046
-77.357
-77.302
-77.365
-77.36
-77.495
-77.62
-77.798
-78.065
-78.187
-78.039
-78.287
-78.348
-78.359
-78.27
-78.272
-78.44
-78.826
-78.759
-78.794
-78.848
-78.76
-78.757
-78.859
-79.012
-79.088
-78.929
-79.044
-78.974
-79.023
-78.928
-78.859
-79.072
-79.134
-79.055
-79.052
-79.161
-79.329
-79.188
-79.07
-79.12
-79.168
-79.54
-79.566
-79.582
-79.457
-79.31
-79.264
-79.325
-79.388
-79.355
-79.129
-79.21
-78.973
-78.973
-78.947
-79.088
-78.762
-78.725
-78.851
-78.78
-78.818
-78.936
-78.95
-79.006
-78.883
-79.088
-79.112
-79.172
-79.582
-79.447
-79.649
-79.849
-79.927
-79.721
-79.885
-80.117
-79.941
-79.842
-79.963
-79.909
-79.995
-80.19
-80.157
-80.052
-80.054
-80.182
-80.404
-80.2
-79.737
-79.959
-79.847
-79.968
-79.558
-79.408
-79.278
-79.297
-79.359
-79.36
-79.195
-79.41
-79.423
-79.369
-78.931
-78.749
-78.806
-78.77
-79.146
-79.145
-79.113
-79.45
-79.572
-79.488
-79.463
-79.737
-79.726
-79.939
-79.716
-79.927
-79.764
-79.573
-79.3
-78.933
