-72.08
-71.667
-71.804
-71.716
-71.786
-71.666
-71.422
-71.15
-71.277
-71.381
-71.552
-71.516
-71.582
-71.712
-71.621
-71.935
-71.677
-71.552
-71.859
-71.846
-72.052
-72.08
-72.366
-72.265
-72.395
-72.426
-72.365
-73.039
-74.363
-75.771
-76.975
-77.896
-78.537
-79.051
-79.429
-79.539
-79.62
-79.589
-80.044
-79.984
-79.819
-80.016
-80.006
-80.073
-80.157
-80.065
-79.817
-79.89
-79.73
-79.538
-79.288
-79.403
-79.547
-79.498
-79.326
-79.189
-79.419
-79.483
-79.186
-79.393
-79.325
-79.045
-79.423
-79.098
-78.665
-78.276
-77.683
-76.95
-76.511
-76.24
-75.975
-75.644
-75.426
-75.185
-75.035
-75.015
-75.016
-74.904
-74.679
-74.148
-74.192
-73.946
-74.102
-74.123
-73.919
-73.848
-73.917
-73.835
-73.815
-73.662
-73.733
-73.752
-73.697
-74.113
-73.981
-74.059
-74.198
-74.761
-74.883
-75.058
-75.384
-75.521
-75.429
-75.696
-75.95
-76.018
-76.176
-76.342
-76.547
-76.568
-76.694
-76.867
-76.832
-76.651
-76.815
-76.5
-76.224
-75.801
-75.355
-75.223
-75.437
-75.36
-75.075
-74.927
-74.727
-74.66
-74.556
-75.044
-75.29
-75.432
-75.519
-75.503
-75.51
-75.403
-75.483
-75.218
-74.779
-74.5
-74.106
-73.671
-73.163
-72.819
-72.319
-72.06
-71.825
-71.592
-71.282
-71.09
-71.003
-70.728
-70.629
-70.31
-70.148
-70.01
-70.146
-70.266
-70.421
-70.309
-70.331
-70.648
-70.579
-70.662
-70.596
-71.069
-71.151
-71.417
-71.483
-71.934
-71.986
-72.086
-72.47
-72.84
-72.782
-73.033
-73.395
-73.753
-73.962
-74.321
-74.56
-74.757
-75.043
-75.328
-75.525
-75.692
-75.675
-75.679
-75.908
-75.962
-76.019
-76.11
-76.265
-76.776
-77.034
-77.159
-77.273
-77.272
-77.416
-77.483
-77.546
-77.667
-77.791
-77.87
-77.827
-77.978
-78.127
-78.261
-78.427
-78.638
-78.746
-78.994
-79.166
-79.089
-79.428
-79.598
-79.723
-79.862
-79.789
-79.79
-79.893
-79.926
-80.206
-80.447
-80.194
-80.43
-80.146
-79.981
-80.018
-79.822
-79.242
-78.516
-78.203
-77.88
-77.715
-77.411
-77.297
-77.004
-77.176
-77.156
-77.191
-77.228
-77.014
-76.885
-76.791
-76.571
-76.363
-76.436
-76.799
-76.848
-76.306
-76.531
-76.499
-76.636
-77
-77.088
-76.935
-77.051
-77.195
-77.208
-77.187
-76.982
-76.873
-76.424
-76.215
-75.876
-75.893
-75.743
-75.744
-75.66
-75.382
-75.145
-75.162
-75.097
-74.763
-74.805
-74.641
-74.609
-74.575
-74.57
-74.839
-74.943
-74.973
-75.092
-75.059
-75.035
-75.314
-75.713
-75.863
-76.022
-75.8
-75.987
-75.954
-76.095
-75.909
-76.121
-75.853
-75.958
-75.819
-75.64
-75.888
-75.971
-75.968
-76.187
-76.417
-76.685
-76.888
-76.773
-77.11
-77.294
-77.287
-77.842
-77.817
-77.847
-77.54
-77.628
-77.655
-77.889
-77.849
-77.88
-77.974
-77.95
-78.011
-78.1
-78.465
-78.367
-78.263
-78.183
-78.203
-78.462
-78.362
-78.334
-78.339
-78.41
-78.424
-78.523
-78.6
-78.497
-78.464
-78.361
-78.577
-79.002
-78.827
-78.797
-78.937
-78.751
-78.823
-78.507
-78.637
-78.669
-78.959
-78.895
-78.928
-79.164
-79.306
-79.648
-79.72
-80.038
-80.24
-80.542
-80.641
-80.622
-80.43
-80.651
-80.725
-80.74
-80.747
-80.891
-81.153
-81.335
-81.695
-81.684
-81.523
-81.453
-81.682
-81.643
-81.782
-81.504
-81.71
-81.824
-81.972
-82.101
-82.245
-82.005
-81.939
-82.007
-82.065
-82.069
-82.141
-82.398
-82.688
-82.639
-82.704
-82.595
-82.68
-82.899
-82.987
-83.028
-82.898
-82.813
-82.91
-82.915
-82.603
-82.543
-82.527
-82.268
-82.113
-81.876
-81.468
-81.104
-80.586
-80.087
-79.784
-79.436
-78.682
-78.535
-78.332
-77.94
-77.507
-77.432
-76.906
-76.374
-75.947
-75.145
-74.782
-74.764
-74.355
-73.664
-73.144
-72.546
-71.774
-71.071
-70.343
-69.512
-68.742
-68.198
-67.214
-66.571
-65.672
-65
-64.236
-63.919
-63.082
-62.231
-61.318
-60.787
-60.053
-59.026
-58.579
-57.852
-57.154
-56.091
-55.239
-54.084
-52.627
-50.923
-48.464
-45
-45
-45
-45
-45
-45
-45
-45
-45
-45
-45
-45
-45
-45
-47.105
-53.342
-58.306
-62.208
-64.292
-65.613
-66.477
-66.968
-67.104
-67.164
-66.858
-66.286
-66.152
-65.952
-65.86
-65.542
-65.452
-65.252
-64.877
-64.097
-63.545
-63.119
-62.64
-61.788
-61.102
-60.119
-59.348
-58.905
-57.98
-57.229
-56.773
-56.15
-55.631
-54.838
-54.482
-53.845
-53.118
-52.392
-51.4
-50.251
-47.992
-45
-45
-45
-45
-45
-45
-45
-45
-45
-45
-45
-45
-45
-45
-49.257
-55.176
-59.824
-63.155
-65.239
-66.531
-67.253
-67.491
-67.389
-67.385
-67.504
-67.392
-67.231
-66.885
-66.782
-66.484
-66.322
-66.004
-65.731
-65.317
-64.933
-64.867
-64.602
-64.529
-64.071
-63.617
-63.402
-63.254
-63.141
-63.032
-62.892
-63.005
-63.131
-63.176
-63.435
-63.352
-63.338
-63.293
-62.955
-62.57
-62.315
-62.137
-61.9
-61.725
-61.323
-61.375
-61.122
-61.053
-60.868
-60.818
-60.807
-60.803
-60.78
-60.977
-60.987
-60.725
-60.931
-60.933
-60.971
-60.878
-60.843
-60.654
-60.785
-60.723
-60.767
-60.913
-61.237
-60.995
-61.133
-61.318
-61.324
-61.508
-61.848
-61.898
-61.906
-61.937
-62.219
-62.285
-62.216
-62.199
-62.713
-62.794
-62.587
-62.859
-63.169
-63.41
-63.253
-63.178
-63.479
-63.969
-64.255
-64.523
-64.62
-65.124
-65.256
-65.522
-65.765
-66.027
-66.264
-66.437
-66.731
-66.666
-66.484
-66.499
-66.819
-67.033
-66.948
-67.017
-67.176
-67.403
-67.543
-67.656
-67.79
-67.941
-68.128
-68.382
-68.535
-68.727
-68.644
-68.647
-68.612
-68.226
-67.922
-67.655
-67.583
-67.448
-67.443
-67.113
-66.594
-66.733
-66.801
-66.911
-66.678
-66.771
-66.64
-66.729
-66.922
-66.656
-67.011
-67.216
-67.466
-67.598
-67.852
-67.903
-67.707
-67.802
-67.861
-67.608
-67.732
-67.545
-67.414
-67.705
-67.63
-67.859
-68.34
-68.449
-68.427
-68.316
-67.765
-67.808
-67.706
-67.759
-67.714
-67.384
-67.178
-66.919
-66.4
-66.32
-66.279
-66.254
-66.185
-66.204
-66.121
-65.905
-65.856
-65.881
-65.827
-65.911
-65.646
-65.291
-64.997
-64.622
-64.24
-64.029
-63.691
-63.725
-63.375
-62.886
-62.76
-62.573
-62.792
-62.727
-62.813
-62.55
-62.511
-62.532
-62.612
-62.39
-62.364
-62.047
-61.808
-61.808
-61.464
-61.556
-61.31
-61.551
-61.567
-61.521
-61.617
-61.783
-61.977
-62.082
-62.114
-62.067
-62.146
-62.148
-62.455
-62.529
-62.573
-62.62
-62.941
-63.198
-63.058
-63.135
-63.012
-63.239
-63.457
-63.561
-63.864
-63.632
-63.59
-63.841
-64.024
-64.558
-64.355
-64.621
-64.746
-64.621
-64.899
-65.014
-64.973
-64.896
-65.046
-65.527
-65.621
-65.648
-65.557
-65.93
-66.017
-66.283
-66.273
-66.443
-66.214
-66.213
-66.536
-66.625
-66.93
-66.962
-67.303
-67.492
-67.562
-67.595
-67.575
-67.666
-67.818
-67.987
-68.357
-68.002
-68.071
-68.226
-68.249
-68.211
-68.298
-68.534
-68.793
-68.826
-69.14
-69.343
-69.573
-69.829
-69.765
-70.168
-70.195
-70.121
-70.473
-70.593
-70.769
-71.011
-71.103
-71.29
-71.635
-71.621
-71.929
-71.932
-71.656
-71.598
-71.67
-71.97
-71.857
-71.78
-72.029
-72.203
-72.26
-72.262
-72.704
-72.87
-72.876
-72.936
-73.026
-73.173
-73.05
-73.205
-73.462
-73.785
-73.854
-73.969
-73.99
-73.991
-73.945
-73.952
-73.915
-74.135
-74.098
-74.282
-74.248
-74.591
-74.741
-75.01
-74.946
-75.065
-74.941
-74.941
-75.081
-75.135
-75.232
-75.144
-75.355
-75.098
-74.85
-74.494
-74.132
-73.84
-73.576
-73.041
-72.811
-72.407
-71.869
-71.368
-70.91
-70.513
-69.844
-69.419
-69.084
-68.954
-68.444
-67.821
-67.537
-67.052
-66.679
-66.654
-66.495
-66.276
-66.198
-65.855
-65.611
-65.629
-65.435
-65.327
-65.371
-65.352
-65.459
-65.384
-65.473
-65.597
-65.304
-65.337
-65.612
-65.66
-65.832
-65.873
-66.001
-65.961
-66.136
-66.18
-66.115
-66.104
-66.571
-66.404
-66.444
-66.382
-66.5
-66.565
-66.526
-66.618
-66.718
-66.453
-66.459
-66.4
-66.1
-66.234
-66.42
-66.287
-66.217
-66.532
-66.435
-66.34
-66.663
-66.63
-66.775
-67.117
-67.099
-67.249
-67.177
-67.316
-67.277
-67.436
-67.864
-67.873
-67.951
-67.849
-68.03
-67.991
-68.318
-68.362
-68.477
-68.696
-69.135
-69.492
-69.85
-69.673
-69.653
-69.879
-69.928
-69.883
-69.978
-70.252
-70.185
-70.409
-70.605
-70.837
-70.826
-70.723
-70.911
-71.008
-71.139
-71.184
-71.431
-71.362
-71.618
-71.723
-72.015
-72.165
-72.357
-72.157
-72.328
-72.168
-71.966
-71.97
-71.873
-72.112
-72.021
-72.389
-72.388
-72.967
-73.48
-73.606
-73.836
-73.986
-74.218
-74.231
-74.392
-74.513
-74.475
-74.661
-74.665
-74.999
-74.824
