-70.684
-70.014
-69.355
-68.681
-67.622
-66.829
-66.114
-65.448
-64.794
-64.245
-64
-63.61
-63.402
-63.419
-63.181
-62.999
-62.811
-62.407
-61.876
-61.433
-61.286
-60.759
-60.286
-60.013
-59.518
-59.121
-58.513
-58.687
-61.595
-65.426
-68.856
-71.822
-74.076
-75.448
-76.307
-77.154
-77.586
-77.819
-78.1
-78.562
-78.828
-78.852
-79.068
-79.108
-79.123
-79.143
-79.069
-78.86
-79.101
-79.246
-79.257
-79.216
-79.348
-79.278
-79.33
-79.018
-78.816
-78.9
-78.681
-78.666
-78.451
-78.041
-77.68
-77.589
-77.067
-77.003
-76.85
-76.811
-76.598
-76.376
-76.243
-76.247
-75.966
-75.799
-75.796
-75.757
-75.57
-75.773
-75.667
-75.893
-76.218
-76.299
-76.303
-76.45
-76.53
-76.879
-76.847
-77.061
-77.089
-77.352
-77.64
-77.504
-77.242
-77.197
-77.064
-76.882
-76.556
-76.254
-76.11
-75.853
-75.602
-75.333
-75.174
-74.925
-74.81
-74.599
-74.67
-74.839
-74.925
-74.734
-74.532
-74.451
-74.612
-74.626
-74.694
-74.836
-74.98
-75.166
-75.016
-75.344
-75.211
-75.327
-75.263
-75.033
-74.781
-75.018
-75.125
-75.852
-76.419
-77.073
-77.636
-78.109
-78.547
-78.842
-78.876
-78.969
-79.177
-79.188
-79.118
-79.09
-79.14
-79.114
-79.16
-79.065
-78.981
-78.919
-78.796
-78.854
-78.661
-78.59
-78.784
-78.965
-78.856
-78.956
-78.651
-78.629
-78.711
-78.763
-78.672
-78.74
-78.523
-78.312
-78.568
-78.363
-78.01
-78.11
-77.935
-78.031
-78.046
-77.713
-77.776
-77.666
-77.742
-77.977
-78.001
-78.012
-78.212
-78.154
-78.179
-78.138
-78.411
-78.631
-78.878
-78.898
-78.71
-78.856
-78.797
-78.606
-78.763
-78.778
-78.79
-79.018
-79.159
-79.071
-79.277
-79.239
-78.905
-79.17
-79.249
-79.128
-79.363
-79.299
-78.786
-78.754
-79.151
-79.291
-79.264
-79.311
-79.259
-79.442
-79.284
-79.645
-80.05
-80.125
-80.011
-79.986
-80.169
-80.157
-80.143
-80.148
-79.928
-80.063
-80.069
-80.087
-80.205
-80.439
-80.385
-80.268
-80.223
-80.162
-80.088
-80.083
-80.126
-80.15
-79.841
-80.093
-79.76
-79.834
-80.056
-79.83
-79.911
-79.735
-79.898
-79.953
-79.867
-79.765
-79.981
-80.033
-80.215
-80.247
-80.191
-80.437
-80.219
-80.419
-80.367
-80.218
-80.501
-80.288
-80.262
-80.191
-80.022
-79.859
-79.766
-79.897
-80.166
-80.376
-80.111
-80.168
-80.342
-80.222
-80.205
-80.47
-80.606
-80.671
-80.754
-80.644
-80.659
-80.495
-80.579
-80.403
-80.541
-80.551
-80.537
-80.554
-80.622
-80.564
-80.41
-80.575
-80.617
-80.603
-80.816
-80.585
-80.666
-80.547
-80.632
-80.778
-80.612
-80.57
-80.561
-80.639
-80.789
-80.99
-81.051
-81.106
-81.082
-80.793
-80.84
-80.568
-80.472
-80.512
-80.335
-80.204
-80.222
-80.073
-79.953
-79.729
-79.641
-79.711
-79.615
-79.618
-79.822
-79.93
-79.709
-79.778
-80.018
-80.015
-79.871
-79.928
-80.091
-80.122
-80.314
-80.184
-80.18
-80.075
-79.995
-80.022
-80.311
-80.252
-80.147
-79.965
-80.048
-79.957
-79.895
-79.901
-79.89
-79.72
-79.907
-79.959
-79.865
-80.083
-80.09
-79.909
-79.807
-79.627
-79.654
-79.871
-79.806
-80.008
-80.087
-79.889
-79.969
-79.979
-80.043
-79.891
-79.878
-80.215
-80.323
-80.365
-80.308
-80.512
-80.626
-80.653
-80.343
-80.613
-80.76
-80.525
-80.512
-80.476
-80.372
-80.233
-80.02
-80.094
-80.002
-79.977
-79.888
-79.45
-79.351
-79.365
-79.154
-79.158
-79.472
-79.607
-79.695
-79.587
-79.636
-79.786
-79.777
-79.755
-79.693
-79.37
-78.898
-78.514
-78.364
-78.304
-78.235
-77.739
-77.14
-76.858
-76.686
-76.418
-76.169
-75.968
-75.581
-75.364
-74.427
-73.421
-71.763
-70.355
-68.721
-67.232
-65.595
-64.026
-62.45
-60.968
-59.682
-58.831
-57.856
-57.264
-56.447
-55.825
-55.21
-54.33
-53.962
-52.886
-52.006
-50.231
-47.542
-45
-45
-45
-45
-45
-45
-45
-45
-45
-45
-45
-45.164
-58.465
-67.617
-72.889
-75.536
-76.617
-77.312
-77.401
-77.501
-77.309
-77.203
-76.832
-76.76
-76.711
-76.747
-76.609
-76.412
-76.582
-76.92
-77.005
-77.157
-77.093
-77.121
-77.386
-77.173
-77.262
-77.57
-77.739
-77.871
-77.844
-77.953
-78
-77.831
-77.552
-77.59
-77.65
-77.622
-77.507
-77.017
-76.166
-76.034
-74.987
-74.772
-74.353
-74.173
-73.691
-73.374
-72.952
-73.271
-73.206
-73.246
-73.27
-73.299
-73.54
-73.395
-73.303
-73.293
-73.289
-73.379
-73.355
-73.18
-73.543
-73.552
-73.452
-73.724
-74.048
-74.385
-74.29
-74.052
-74.476
-74.617
-74.601
-74.938
-75.09
-74.953
-75.335
-75.432
-75.652
-76.106
-76.218
-76.058
-76.272
-76.442
-76.737
-77.107
-77.545
-77.331
-77.167
-77.329
-77.453
-77.758
-77.479
-78.02
-78.153
-78.412
-78.839
-78.69
-78.723
-78.646
-78.539
-78.577
-78.498
-78.414
-78.345
-78.745
-78.548
-78.795
-78.664
-78.239
-77.746
-77.461
-77.517
-77.68
-77.692
-77.652
-77.521
-77.2
-77.039
-76.929
-76.747
-76.236
-76.123
-76.252
-76.079
-76.099
-76.134
-76.321
-76.106
-75.681
-75.537
-75.281
-75.151
-74.962
-74.747
-74.785
-74.711
-74.805
-74.779
-75.025
-75.177
-75.221
-75.184
-75.445
-75.694
-75.956
-75.771
-75.681
-75.785
-75.93
-76.107
-76.248
-76.099
-76.481
-76.52
-76.814
-77.017
-77.24
-77.199
-77.287
-77.348
-77.494
-77.663
-77.723
-77.654
-77.677
-77.688
-77.693
-77.641
-77.346
-77.087
-76.788
-76.661
-76.617
-76.687
-76.672
-76.743
-76.706
-76.518
-76.675
-76.611
-76.48
-76.644
-76.443
-76.53
-76.893
-77.017
-77.033
-76.878
-76.834
-76.928
-76.857
-76.915
-77.383
-77.32
-77.186
-77.306
-77.456
-77.643
-77.583
-77.469
-77.393
-77.393
-77.593
-77.955
-78.018
-78.13
-78.063
-78.233
-78.268
-78.355
-78.612
-78.753
-78.936
-78.902
-78.831
-79.053
-78.852
-78.929
-78.946
-79.046
-79.464
-79.531
-79.212
-79.413
-79.309
-79.417
-79.623
-79.683
-79.618
-79.509
-79.433
-79.744
-79.718
-79.788
-79.975
-80.024
-79.98
-80.393
-80.434
-80.353
-80.186
-79.989
-80.005
-80.139
-80.091
-80.412
-80.327
-80.276
-80.431
-80.307
-80.277
-80.314
-80.49
-80.253
-80.372
-80.206
-80.066
-79.606
-79.672
-79.904
-80.025
-80.189
-80.252
-80.157
-80.048
-79.868
-79.983
-79.566
-79.479
-79.128
-78.914
-78.524
-78.117
-77.632
-77.345
-77.176
-76.893
-76.496
-76.273
-76.123
-76.078
-75.894
-75.922
-75.988
-75.815
-75.847
-75.878
-75.785
-76.079
-75.876
-76.191
-76.42
-76.155
-76.01
-76.044
-76.006
-75.955
-76.065
-76.306
-76.271
-76.466
-76.476
-76.639
-76.846
-76.649
-76.7
-76.775
-76.874
-76.749
-76.813
-76.865
-76.914
-77.059
-77.168
-77.258
-76.874
-76.641
-76.697
-76.836
-76.945
-76.656
-76.55
-76.636
-76.67
-76.728
-76.792
-76.842
-77.243
-77.405
-77.193
-77.269
-77.19
-77.27
-77.435
-77.727
-77.864
-77.814
-77.845
-78.097
-78.236
-78.262
-78.209
-78.268
-78.388
-78.621
-78.299
-78.164
-78.052
-77.846
-77.241
-77.046
-76.569
-76.229
-76.162
-75.891
-75.648
-75.455
-75.248
-75.178
-74.989
-74.911
-74.918
-74.587
-74.437
-74.493
-74.504
-74.507
-74.33
-74.391
-74.254
-74.222
-74.211
-74.097
-74.037
-73.946
-73.887
-73.985
-74.085
-74.28
-74.176
-74.381
-74.929
-75.616
-76.354
-77.446
-78.405
-78.631
-78.916
-79.131
-79.21
-79.626
-79.557
-79.723
-79.904
-80.036
-79.895
-79.901
-79.876
-79.943
-79.909
-79.97
-79.9
-79.809
-79.954
-79.691
-79.818
-79.998
-79.907
-80.053
-80.28
-80.467
-80.335
-80.212
-80.361
-80.28
-80.285
-80.043
-80.016
-80.036
-80.111
-80.106
-80.053
-80.223
-80.135
-80.173
-79.943
-79.991
-80.082
-80.22
-80.23
-80.172
-80.171
-80.089
-80.058
-80.3
-80.352
-80.505
-80.373
-80.26
-80.195
-80.227
-80.263
-80.339
-80.375
-80.428
-80.522
-80.414
-80.031
-80.025
-80.269
-80.107
-80.048
-80.045
-80.189
-80.011
-79.877
-80.022
-80.144
-79.973
-79.93
-79.856
-79.931
-80.146
-80.025
-80.038
-80.196
-80.309
-80.023
-80.13
-80.101
-80.229
-80.09
-79.892
-79.995
-79.779
-79.579
-79.702
-79.836
-79.803
-79.914
-80.427
-80.355
-80.154
-80.401
-80.527
-80.412
-80.544
-80.501
-80.389
-80.479
-80.536
-80.338
-80.454
-80.125
-79.994
-79.98
-80.038
-79.999
-80.09
-80.145
-80.101
-80.154
-80.102
-80.36
-80.32
-80.228
-80.262
-80.368
-80.116
-79.952
-80.081
-80.174
-80.047
-79.913
-80.055
-80.199
-80.184
-80.056
-80.153
-80.419
-80.797
-80.645
-80.826
-81.108
-80.987
-81.006
-80.925
-80.76
-80.974
-80.966
-80.85
-80.962
-81.067
-81.024
-81.105
-80.755
-80.86
-80.708
-80.664
-81
-81.091
-80.772
-80.702
-80.537
-80.498
-80.437
-80.472
-80.217
-80.537
-80.349
-79.95
-79.74
-79.579
