-79.38
-79.464
-79.653
-80.014
-80.142
-80.059
-79.778
-79.603
-79.33
-79.033
-78.864
-78.758
-78.721
-78.433
-78.682
-78.771
-78.901
-78.757
-78.759
-79.136
-79.042
-79.205
-79.29
-79.317
-79.372
-79.272
-79.352
-79.521
-79.869
-79.609
-79.607
-79.563
-79.681
-79.798
-79.725
-79.948
-79.865
-80.075
-79.946
-79.953
-80.115
-80.178
-80.285
-80.424
-80.068
-79.634
-79.587
-79.523
-79.231
-78.794
-78.795
-78.768
-78.845
-79.02
-78.833
-79.102
-79.149
-79.389
-79.36
-79.354
-79.072
-79.089
-79.013
-79.133
-79.017
-78.965
-79.2
-79.101
-78.789
-78.794
-78.608
-78.476
-78.571
-78.593
-78.674
-78.261
-78.439
-77.727
-77.541
-77.312
-77.236
-77.224
-76.995
-76.706
-76.685
-76.756
-76.895
-76.943
-77.201
-77.663
-77.434
-77.495
-77.626
-77.751
-77.782
-77.562
-77.356
-77.135
-77.034
-77.029
-76.691
-76.762
-76.603
-76.693
-76.811
-76.731
-76.956
-77.176
-77.306
-77.34
-76.875
-77.267
-77.481
-77.68
-77.658
-77.723
-77.827
-77.801
-77.526
-77.287
-77.211
-77.249
-77.404
-77.34
-77.398
-77.843
-78.156
-78.286
-78.347
-78.519
-78.5
-78.784
-78.951
-78.912
-79.217
-79.404
-79.579
-79.557
-79.52
-79.512
-79.523
-79.377
-79.186
-79.134
-79.134
-79.158
-79.261
-79.271
-79.045
-79.063
-79.265
-79.217
-79.17
-79.195
-79.141
-79.227
-79.121
-79.256
-79.415
-79.301
-79.052
-78.931
-78.9
-79.072
-78.753
-78.516
-78.672
-78.854
-78.805
-78.803
-78.804
-79.138
-79.108
-79.257
-79.152
-79.182
-79.101
-79.322
-79.548
-79.503
-79.459
-79.34
-79.51
-79.503
-79.488
-79.34
-79.461
-79.57
-79.588
-79.546
-79.608
-79.657
-79.846
-79.957
-79.972
-79.882
-79.824
-79.787
-79.832
-79.872
-79.853
-79.977
-79.608
-79.735
-79.589
-79.623
-79.537
-79.549
-79.386
-79.509
-79.679
-79.964
-80.116
-79.686
-79.538
-79.655
-79.861
-79.741
-79.736
-80.011
-80.047
-80.108
-80.205
-80.184
-80.122
-79.967
-79.952
-80.058
-80.356
-80.237
-79.914
-79.856
-79.934
-79.933
-80.092
-79.81
-79.857
-79.898
-79.979
-80.205
-80.186
-80.418
-80.106
-80.041
-79.86
-80.197
-80.03
-80.089
-80.27
-80.353
-80.324
-80.039
-80.173
-80.257
-80.089
-80.218
-80.175
-79.93
-79.85
-79.956
-79.946
-79.966
-80.01
-80.103
-79.828
-79.799
-79.672
-79.956
-80.125
-80.17
-80.254
-80.15
-79.982
-79.761
-79.449
-79.049
-78.966
-78.87
-78.901
-78.809
-78.786
-78.797
-78.951
-78.653
-78.892
-78.885
-79.021
-79.153
-79.067
-79.361
-79.357
-79.359
-79.484
-79.349
-79.552
-79.424
-79.225
-79.39
-79.284
-79.233
-79.412
-79.414
-79.414
-79.505
-79.694
-79.828
-79.429
-79.539
-79.601
-79.812
-79.787
-79.724
-79.909
-80.111
-80.163
-80.112
-80.044
-79.972
-79.883
-79.967
-79.917
-80.012
-79.908
-79.949
-80.013
-79.91
-80.01
-79.948
-79.782
-79.962
-80.056
-79.981
-79.955
-79.996
-80.075
-80.202
-80.153
-80.351
-80.136
-80.144
-80.089
-79.909
-79.971
-79.939
-79.969
-79.816
-79.951
-80.251
-80.341
-80.129
-79.91
-79.836
-79.846
-80.161
-79.907
-79.661
-79.445
-79.508
-79.552
-79.746
-79.886
-79.806
-79.986
-79.805
-79.652
-79.895
-80.041
-80.355
-80.038
-80.179
-80.291
-80.174
-80.379
-80.265
-80.171
-80.079
-80.034
-79.812
-79.721
-79.483
-79.54
-79.063
-79.326
-79.445
-79.496
-79.557
-79.561
-79.71
-79.593
-79.681
-79.925
-79.955
-79.969
-79.726
-79.739
-79.87
-79.711
-79.533
-79.528
-79.363
-79.296
-78.879
-78.061
-77.081
-76.345
-75.87
-75.518
-75.333
-75.294
-75.353
-75.171
-75.103
-75.505
-75.686
-76.428
-77.086
-77.434
-77.831
-78.05
-77.959
-77.713
-76.873
-76.114
-75.456
-75.073
-74.609
-74.487
-74.33
-74.323
-74.013
-73.924
-73.899
-74.295
-74.521
-74.622
-74.824
-75.01
-74.878
-74.897
-75.289
-75.202
-74.904
-74.476
-74.056
-73.742
-73.635
-74.042
-74.547
-75.154
-75.46
-75.776
-76.094
-76.062
-76.206
-76.067
-76.112
-76.362
-76.288
-76.433
-76.589
-76.385
-76.397
-76.048
-75.605
-75.655
-75.642
-75.541
-75.772
-75.438
-75.284
-75.273
-75.756
-75.758
-75.937
-75.919
-76.081
-76.308
-76.534
-76.61
-76.882
-76.766
-77.001
-77.13
-77.316
-77.295
-77.322
-77.411
-77.538
-77.669
-77.838
-77.606
-77.526
-77.56
-77.563
-77.586
-77.82
-78.024
-78.052
-78.343
-78.312
-78.278
-78.519
-78.711
-78.725
-78.721
-78.58
-78.67
-78.389
-78.508
-78.107
-78.087
-78.258
-78.283
-78.467
-78.677
-78.542
-78.488
-78.7
-78.799
-78.747
-78.931
-78.962
-78.73
-78.647
-78.464
-77.969
-77.081
-76.783
-76.261
-76.338
-76.112
-75.777
-75.7
-75.591
-75.608
-75.717
-75.706
-75.759
-75.986
-76.262
-76.449
-76.89
-77.303
-77.542
-77.808
-77.649
-77.97
-77.813
-78.089
-78.254
-78.259
-78.275
-78.38
-78.188
-78.189
-78.312
-78.35
-78.354
-78.424
-78.711
-78.981
-79.032
-78.853
-78.767
-78.82
-78.386
-78.301
-78.303
-78.383
-78.379
-78.628
-78.615
-78.727
-78.606
-78.559
-78.575
-79.033
-79.048
-79.027
-78.982
-79.218
-79.421
-79.201
-79.191
-79.049
-79.062
-79.26
-79.219
-79.103
-79.315
-79.441
-79.551
-79.7
-79.396
-79.628
-79.891
-79.968
-79.827
-79.884
-79.853
-79.743
-79.446
-79.45
-79.45
-79.62
-79.588
-79.624
-79.592
-79.547
-79.543
-79.589
-79.286
-79.601
-79.624
-79.65
-80.082
-79.894
-79.625
-79.547
-79.696
-79.829
-79.998
-79.727
-79.738
-79.723
-79.814
-80.098
-79.938
-80.006
-80.143
-79.99
-79.853
-79.97
-79.859
-79.814
-79.644
-79.441
-79.546
-79.745
-79.839
-79.722
-79.805
-80.068
-79.797
-79.44
-79.44
-78.765
-78.891
-78.511
-78.318
-78.227
-77.985
-77.881
-77.673
-77.498
-77.436
-77.56
-77.355
-77.392
-77.389
-77.378
-77.468
-77.41
-77.419
-77.467
-77.516
-77.503
-77.694
-77.748
-77.682
-77.935
-77.834
-77.953
-78.294
-78.27
-78.379
-78.485
-78.268
-78.45
-78.326
-78.443
-78.337
-78.284
-78.217
-78.116
-78.032
-77.843
-77.656
-77.511
-77.536
-77.321
-77.143
-77.114
-77.054
-77.135
-76.908
-76.866
-76.924
-77.203
-77.442
-77.201
-77.11
-77.073
-76.992
-77.221
-77.242
-77.398
-77.435
-77.708
-77.757
-78.032
-77.819
-77.942
-78.353
-78.211
-78.36
-78.398
-78.564
-78.593
-78.54
-78.475
-78.66
-78.882
-79.12
-79.207
-79.041
-79.112
-78.993
-78.886
-78.848
-79.022
-79.241
-79.077
-79.201
-79.075
-79.131
-79.348
-79.406
-79.553
-79.509
-79.199
-79.044
-78.906
-78.942
-78.841
-78.986
-78.924
-79.186
-79.381
-79.322
-79.193
-79.097
-78.946
-78.923
-79.073
-79.09
-78.965
-78.823
-78.819
-78.654
-78.755
-78.958
-78.844
-78.682
-78.351
-78.558
-78.623
-78.542
-78.678
-78.916
-78.809
-78.964
-79.119
-78.929
-79.13
-79.342
-79.203
-79.181
-78.981
-79.239
-79.151
-79.27
-79.31
-79.184
-79.255
-79.124
-78.98
-79.227
-79.317
-79.565
-79.534
-79.626
-79.574
-79.579
-79.407
-79.534
-79.571
-79.824
-79.861
-80.113
-80.105
-80.188
-80.037
-79.949
-80.016
-79.962
-80.01
-79.73
-79.714
-79.359
-79.093
-78.802
-78.138
-77.861
-76.801
-75.464
-73.929
-72.155
-70.708
-68.849
-67.575
-66.446
-64.76
-63.858
-62.843
-62.084
-61.106
-60.363
-59.687
-58.877
-58.517
-58.018
-57.458
-57.131
-56.968
-56.799
-56.45
-56.143
-55.795
-55.603
-55.576
-55.472
-55.511
-55.161
-54.562
-54.694
-54.714
-54.52
-54.115
-53.888
-53.753
-53.283
-52.895
-52.638
-52.285
-51.406
-50.296
-48.349
-45
-45
-45
-45
-45
-45
-45
-45
-45
-45
-45
-45
-45
-45
-49.715
-56.605
-62.311
-66.177
-68.799
-70.732
-71.964
-73.168
-73.617
-74.471
-74.711
-75.011
-75.491
-75.513
-75.751
-75.879
-75.749
-76.022
-76.626
-76.776
-76.925
-77.212
-77.453
-77.299
-77.348
-77.405
-77.423
-77.308
-77.303
-77.473
-77.732
-78.117
-78.262
-78.574
-78.531
-78.555
-78.94
-78.827
-79.093
-79.329
-79.053
-79.208
-79.448
-79.34
-79.104
-79.23
-79.185
-78.997
-78.728
-78.624
-78.899
-78.808
-78.539
-78.538
-78.857
-79.02
-79.017
-78.975
-78.81
-78.874
-78.846
-79.248
-79.402
-79.631
-79.801
-79.922
-80.084
-80.184
-80.044
-79.87
-79.769
-79.529
-79.488
-79.565
-79.415
-79.601
-79.682
-79.529
-79.209
-79.428
-79.431
-79.666
-79.789
-79.792
-79.399
-79.592
-79.639
-79.973
-80.088
-80.421
-80.12
-80.057
-80.129
-80.319
-80.644
-80.714
-80.671
-80.633
-80.635
-80.737
-80.658
-80.529
-80.28
-80.147
-80.121
-80.167
-80.298
-80.096
-79.953
-80.152
-80.123
-80.056
-80.492
-80.546
-80.659
-80.748
-80.681
-80.837
-80.643
-80.313
-80.311
-80.368
-80.276
-80.157
-80.164
-80.069
-80.439
-80.318
-80.442
