-86.305
-86.451
-86.624
-86.646
-86.754
-86.592
-86.872
-86.854
-87.106
-87.136
-87.101
-87.064
-86.964
-87.217
-87.137
-87.418
-87.574
-87.723
-87.565
-87.353
-87.109
-87.158
-87.18
-87.067
-87.32
-87.235
-87.414
-87.665
-87.789
-87.807
-87.915
-87.881
-87.769
-87.866
-88.047
-87.907
-88.027
-87.841
-87.951
-87.71
-87.763
-87.802
-87.824
-87.416
-87.408
-87.486
-87.225
-87.366
-87.509
-87.458
-87.506
-87.139
-87.292
-87.462
-87.769
-87.762
-87.783
-88.013
-87.984
-88.267
-88.332
-88.238
-87.912
-88.227
-88.301
-88.305
-88.253
-88.254
-88.193
-88.58
-88.73
-88.564
-88.658
-88.761
-88.78
-88.733
-88.715
-88.586
-88.253
-88.44
-88.609
-88.895
-88.993
-88.923
-88.844
-88.874
-88.988
-88.919
-88.885
-88.884
-88.708
-88.584
-88.939
-89.157
-88.972
-88.952
-88.957
-89.04
-89.044
-89.344
-89.065
-89.213
-89.171
-89.028
-88.908
-88.952
-88.928
-89.088
-88.894
-88.613
-88.656
-88.632
-88.573
-88.646
-88.707
-88.677
-88.662
-88.362
-88.641
-88.718
-88.422
-88.319
-88.2
-88.363
-88.235
-88.664
-88.839
-88.875
-89.153
-89.369
-89.441
-89.53
-89.302
-88.998
-88.957
-88.761
-88.763
-88.771
-88.631
-88.239
-88.291
-88.139
-88.117
-87.991
-87.816
-87.656
-87.792
-87.903
-88.024
-88.331
-88.256
-88.047
-88.259
-88.205
-88.219
-88.341
-88.322
-88.156
-88.088
-87.916
-87.831
-87.779
-87.606
-87.584
-87.544
-87.32
-87.224
-87.046
-86.908
-86.953
-86.945
-87.034
-87.046
-87.04
-87.092
-87.169
-87.373
-87.237
-87.323
-87.06
-87.067
-87.06
-87.298
-87.289
-87.372
-87.515
-87.408
-87.592
-87.492
-87.314
-87.294
-87.286
-87.155
-87.124
-87.315
-87.259
-87.585
-87.641
-87.674
-87.746
-87.419
-87.009
-86.823
-86.761
-86.778
-86.754
-86.987
-86.92
-87.264
-87.245
-87.255
-87.389
-87.702
-87.504
-87.247
-87.097
-86.825
-86.924
-86.957
-86.784
-86.907
-86.802
-86.591
-86.537
-86.481
-86.499
-86.604
-86.649
-86.52
-86.9
-86.799
-86.939
-87.021
-87.012
-86.992
-86.905
-87.101
-87.096
-87.163
-87.172
-87.423
-87.567
-87.548
-87.667
-87.447
-87.469
-87.371
-87.1
-86.935
-87.08
-86.839
-86.79
-87.104
-87.137
-87.173
-87.123
-87.198
-86.935
-86.967
-86.785
-86.78
-86.868
-86.829
-86.695
-86.765
-86.846
-86.957
-86.81
-86.762
-86.772
-86.611
-86.463
-86.6
-86.667
-86.373
-86.376
-86.266
-86.188
-86.369
-86.218
-86.291
-86.209
-86.119
-85.957
-85.754
-85.814
-85.595
-85.969
-85.72
-85.878
-85.861
-85.722
-85.854
-85.748
-86.065
-85.827
-85.81
-85.79
-86.128
-86.122
-85.931
-85.999
-85.727
-85.896
-85.962
-86.245
-86.436
-86.23
-86.345
-86.052
-86.16
-86.308
-86.329
-85.937
-85.729
-85.697
-85.797
-85.471
-85.732
-85.512
-85.573
-85.299
-85.17
-85.187
-85.128
-84.932
-84.548
-84.362
-84.03
-83.924
-83.8
-83.69
-83.738
-83.839
-83.842
-83.797
-83.683
-83.628
-83.483
-83.334
-83.742
-83.721
-83.663
-83.628
-83.803
-83.833
-83.974
-83.971
-84.015
-84.013
-83.883
-84.148
-84.294
-84.531
-84.409
-84.39
-84.359
-84.501
-84.651
-84.47
-84.302
-84.433
-84.401
-84.273
-84.317
-84.114
-84.254
-84.057
-84.138
-84.25
-84.258
-84.304
-84.602
-84.547
-84.679
-84.809
-84.929
-84.896
-85.293
-85.479
-85.277
-85.292
-85.33
-85.72
-86.191
-86.177
-85.907
-85.676
-85.723
-85.857
-85.418
-85.541
-85.489
-85.624
-85.854
-86.238
-86.155
-86.234
-86.262
-86.376
-86.689
-86.671
-86.947
-86.864
-86.615
-86.72
-86.506
-86.945
-87.097
-87.249
-87.211
-86.994
-87.115
-87.305
-87.365
-87.242
-87.483
-87.585
-87.856
-87.746
-87.361
-87.386
-87.595
-87.415
-87.459
-87.392
-87.462
-87.459
-87.493
-87.256
-87.146
-87.291
-87.037
-87.182
-87.258
-87.291
-87.363
-87.354
-87.173
-87.499
-87.525
-87.351
-87.391
-87.426
-87.814
-88.104
-88.181
-88.322
-88.339
-88.256
-88.33
-88.105
-88.167
-88.315
-88.301
-88.431
-88.339
-88.387
-88.37
-88.331
-88.232
-88.469
-88.525
-88.602
-88.607
-88.696
-88.931
-88.903
-88.959
-88.68
-88.625
-88.507
-88.455
-88.526
-88.502
-88.546
-88.263
-88.338
-88.316
-88.24
-88.048
-88.081
-87.991
-87.931
-88.165
-87.972
-88.036
-88.008
-87.967
-88.216
-88.343
-88.197
-88.465
-88.746
-88.722
-88.537
-88.502
-88.253
-88.223
-88.378
-88.511
-88.578
-88.445
-88.384
-88.379
-88.291
-88.536
-88.334
-88.227
-88.442
-88.275
-88.048
-88.015
-88.008
-87.74
-87.963
-88.361
-88.169
-88.293
-88.256
-88.242
-87.94
-87.933
-87.759
-87.98
-87.95
-87.991
-88.209
-88.081
-88.034
-87.946
-87.571
-87.795
-87.635
-87.752
-87.871
-87.836
-87.744
-87.706
-87.785
-87.759
-87.596
-87.533
-87.384
-87.531
-87.376
-87.213
-87.486
-87.476
-87.385
-87.22
-87.221
-87.211
-87.072
-86.954
-87.194
-87.122
-87.109
-87.177
-87.328
-87.281
-87.023
-87.269
-87.196
-86.994
-86.825
-86.769
-86.46
-86.653
-86.51
-86.565
-86.446
-86.355
-86.175
-86.276
-86.482
-86.296
-86.198
-86.515
-86.524
-86.341
-86.358
-86.32
-86.189
-86.147
-86.013
-85.796
-85.838
-85.792
-86.004
-85.682
-85.497
-85.155
-85.258
-85.403
-84.997
-84.98
-84.853
-84.685
-84.678
-84.599
-84.969
-85.218
-85.236
-85.085
-85.01
-85.206
-85.089
-85.225
-85.242
-85.171
-85.114
-85.565
-85.692
-85.819
-85.78
-85.753
-85.841
-86.092
-86.151
-86.222
-86.274
-86.418
-86.043
-85.887
-85.968
-85.842
-85.892
-85.81
-86.027
-85.947
-86.155
-86.271
-86.368
-86.244
-86.076
-86.301
-86.288
-86.482
-86.381
-86.306
-86.709
-86.624
-86.603
-86.46
-86.201
-86.134
-86.541
-86.504
-86.136
-86.206
-85.971
-86.279
-86.214
-86.265
-86.386
-86.268
-86.254
-86.25
-86.488
-86.258
-86.181
-85.887
-85.785
-85.665
-85.66
-85.763
-85.524
-85.674
-85.737
-85.972
-86.051
-85.814
-85.693
-85.745
-85.732
-85.684
-85.42
-85.377
-85.369
-85.293
-85.217
-84.749
-84.815
-84.783
-84.92
-85.136
-84.899
-84.885
-85.04
-84.708
-84.9
-85.195
-85.068
-85.213
-85.462
-85.434
-85.475
-85.235
-85.162
-85.02
-84.62
-84.799
-84.88
-84.815
-84.542
-84.284
-84.316
-84.348
-84.802
-84.632
-84.765
-84.8
-84.442
-84.077
-83.95
-84.093
-84.243
-84.243
-84.1
-83.87
-83.916
-84.057
-84.156
-84.154
-84.071
-84.093
-83.927
-83.929
-83.916
-83.677
-83.687
-83.546
-83.621
-83.678
-83.592
-83.414
-83.357
-83.157
-83.004
-83.223
-83.207
-83.03
-82.985
-82.938
-82.884
-82.831
-82.909
-82.575
-82.683
-82.771
-83.146
-83.29
-82.887
-82.685
-82.543
-82.501
-82.334
-82.504
-82.245
-82.26
-82.247
-82.417
-82.328
-82.335
-82.155
-82.282
-82.197
-82.206
-81.935
-81.89
-81.804
-81.812
-81.86
-81.831
-81.946
-82.006
-82.112
-81.942
-81.956
-81.979
-81.886
-81.799
-81.919
-81.922
-81.816
-81.653
-81.773
-81.686
-81.685
-81.484
-81.28
-80.969
-80.876
-80.68
-80.677
-80.581
-80.423
-80.613
-80.616
-80.727
-80.817
-80.718
-80.7
-80.699
-80.682
-80.906
-80.863
-81.051
-81.14
-81.339
-81.114
-81.059
-81.128
-81.304
-81.275
-81.553
-81.683
-81.377
-81.177
-81.03
-81.02
-80.724
-80.877
-80.986
-80.966
-80.812
-80.545
-80.728
-80.453
-80.252
-80.277
-80.51
-80.489
-80.482
-80.531
-80.146
-80.135
-80.097
-79.965
-79.693
-79.906
-80.146
-79.856
-79.697
-79.431
-79.527
-79.424
-79.559
-79.604
-79.609
-79.593
-79.725
-79.743
-80.006
-80.047
-79.832
-79.735
-79.88
-79.83
-79.806
-79.587
-79.775
-79.804
-79.644
-79.732
-79.685
-79.658
-79.717
-79.946
-80.185
-80.445
-80.283
-80.113
-80.265
-80.216
-79.982
-80.01
-80.029
-79.702
-79.899
-79.725
-79.747
-79.385
-79.645
-79.859
-80.048
-80.052
-80.286
-80.417
-80.262
-80.08
-79.92
-79.977
-79.928
-79.749
-79.905
-79.781
-79.6
-79.53
-79.293
-79.241
-79.357
-79.483
-79.062
-79.243
-79.382
-79.3
-79.071
-78.981
-78.661
-78.534
-78.725
-78.94
-78.979
-78.793
-78.736
-78.727
-79.021
-78.85
-79.079
-79.175
-79.395
-79.416
-79.432
-79.462
-79.56
-79.714
-79.89
-79.567
-79.546
-79.341
-79.272
-79.365
-79.325
-79.338
-79.253
-79.266
-79.481
-79.238
-79.202
-79.124
-79.161
-79.315
-79.406
-79.347
-79.309
-79.267
-79.252
-79.232
-79.456
-79.327
-79.091
-78.939
-78.959
-78.999
-79.066
-78.89
-79.019
-78.714
-78.627
-78.474
-78.493
-78.278
-78.701
-78.773
-78.781
-78.75
-78.562
-78.35
-78.508
-78.326
-78.358
-78.304
-78.372
-78.362
-78.561
-78.451
-78.364
-78.535
-78.399
-78.222
-78.253
-78.367
-78.265
-78.392
-78.379
-78.413
-78.589
-78.632
-78.677
-78.756
-78.754
-79.14
-79.299
-79.341
-79.533
-79.726
-79.831
-79.959
-79.895
