-86.396
-86.168
-86.04
-86.308
-86.075
-86.213
-86.102
-86.071
-85.983
-85.888
-85.73
-85.877
-85.866
-85.87
-85.833
-85.586
-85.535
-85.844
-85.856
-86.038
-85.97
-86.077
-85.963
-85.947
-86.233
-86.152
-86.237
-86.426
-86.383
-86.182
-86.169
-86.134
-86.075
-86.058
-86.125
-86.011
-85.638
-85.837
-85.955
-86
-85.908
-85.736
-85.484
-85.452
-85.556
-85.464
-85.661
-85.388
-85.382
-85.2
-85.434
-85.603
-85.529
-85.294
-85.081
-85.202
-85.039
-85.044
-84.674
-84.665
-84.697
-84.882
-84.718
-84.865
-85.025
-85.091
-84.96
-84.932
-84.966
-85.099
-85.039
-84.886
-84.744
-84.752
-84.807
-84.665
-84.652
-84.908
-85.123
-85.021
-85.13
-85.488
-85.53
-85.333
-85.491
-85.439
-85.394
-85.47
-85.427
-85.409
-85.398
-85.285
-85.293
-85.411
-85.208
-85.352
-85.011
-84.884
-84.82
-84.923
-85.176
-84.931
-84.842
-84.757
-84.736
-84.691
-84.398
-84.431
-84.299
-84.252
-84.034
-83.935
-83.825
-83.663
-83.772
-83.844
-84.133
-84.056
-83.967
-83.573
-83.528
-83.637
-83.919
-84.055
-84.01
-84.181
-84.413
-84.522
-84.437
-84.439
-84.534
-84.469
-84.7
-84.972
-84.793
-84.715
-84.855
-85.068
-85.012
-85.096
-85.494
-85.325
-85.151
-85.12
-85.148
-85.373
-85.343
-85.243
-85.161
-85.414
-85.368
-85.237
-85.04
-84.959
-84.968
-84.758
-84.579
-84.448
-84.252
-84.265
-84.101
-84.112
-84.165
-84.192
-84.156
-83.742
-83.903
-83.964
-84.068
-83.955
-83.91
-83.665
-83.749
-83.834
-83.816
-83.832
-83.825
-83.731
-83.627
-83.874
-83.71
-84.132
-84.332
-84.239
-84.296
-84.259
-84.41
-84.415
-84.575
-84.847
-84.859
-84.826
-84.918
-84.937
-84.717
-84.585
-84.725
-84.807
-84.81
-84.908
-85.055
-84.937
-84.94
-84.879
-85.005
-85.103
-85.202
-85.369
-85.547
-85.41
-85.263
-85.39
-85.43
-85.518
-85.635
-85.409
-85.5
-85.671
-85.625
-85.808
-86.169
-86.05
-86.031
-85.803
-85.626
-85.692
-85.499
-85.56
-85.46
-85.415
-85.537
-85.372
-85.067
-84.923
-85.073
-84.996
-84.934
-85.036
-85.148
-84.963
-84.406
-84.607
-84.52
-84.142
-83.986
-84.053
-84.218
-84.123
-83.956
-84
-83.995
-84.285
-84.287
-84.266
-84.189
-84.234
-84.39
-84.544
-84.716
-84.507
-84.782
-84.526
-84.596
-84.628
-84.854
-84.729
-84.987
-84.97
-84.804
-84.857
-84.783
-84.605
-84.23
-84.061
-83.685
-83.533
-83.545
-83.401
-83.348
-83.269
-83.1
-83.296
-83.402
-83.448
-83.338
-83.454
-83.322
-83.674
-83.89
-83.953
-84.077
-84.048
-83.89
-83.614
-83.836
-83.992
-84.007
-84.134
-84.301
-84.36
-84.26
-84.309
-84.06
-84.201
-84.016
-84.098
-84.004
-84.093
-84.07
-84.09
-84.185
-84.131
-83.876
-83.979
-84.133
-83.69
-83.542
-83.701
-83.534
-83.529
-83.326
-83.582
-83.316
-83.096
-83.037
-83.072
-82.935
-82.98
-83.274
-83.311
-83.514
-83.595
-83.528
-83.614
-83.457
-83.403
-83.559
-83.836
-83.698
-83.729
-83.817
-83.594
-83.598
-83.403
-83.562
-83.497
-83.887
-83.911
-83.769
-83.786
-83.716
-83.765
-83.614
-83.601
-83.875
-83.99
-83.863
-83.841
-83.977
-83.995
-84.021
-84.005
-84.015
-84.077
-84.241
-84.244
-84.215
-83.932
-83.792
-83.352
-83.127
-83.41
-83.317
-83.082
-83.235
-83.082
-83.117
-82.964
-82.642
-82.568
-82.699
-82.548
-82.614
-82.425
-82.527
-82.534
-82.707
-82.711
-82.317
-82.236
-82.148
-81.739
-81.544
-81.051
-80.864
-80.221
-80.329
-80.287
-80.095
-80.115
-80.029
-79.652
-79.497
-79.868
-79.756
-79.702
-79.831
-80.003
-80.23
-80.223
-80.287
-80.181
-79.992
-79.928
-79.962
-80.194
-80.29
-80.299
-80.398
-80.121
-79.996
-80.108
-80.084
-80.311
-80.315
-80.121
-80.227
-80.005
-79.901
-79.893
-79.942
-79.861
-79.895
-79.814
-79.909
-80.043
-79.961
-80.101
-80.122
-80.308
-80.474
-80.526
-80.302
-80.518
-80.428
-80.363
-80.254
-80.288
-79.899
-80.033
-79.937
-79.731
-79.761
-79.846
-79.98
-79.903
-79.999
-79.773
-79.758
-79.697
-79.534
-79.577
-79.417
-79.343
-79.326
-78.88
-78.845
-78.99
-78.928
-78.705
-78.594
-78.819
-78.873
-78.87
-79.099
-78.796
-78.558
-78.571
-78.465
-78.419
-78.628
-78.775
-78.849
-78.804
-79.001
-79.004
-78.975
-79.051
-78.82
-78.781
-79.051
-78.912
-78.857
-78.901
-78.982
-78.955
-79.173
-79.257
-79.46
-79.482
-79.501
-79.369
-79.42
-79.504
-79.424
-79.292
-79.742
-80.138
-80.255
-80.295
-80.215
-80.241
-79.985
-79.881
-79.61
-79.618
-79.518
-79.677
-79.55
-79.48
-79.812
-80.19
-80.099
-80.214
-80.163
-80.251
-80.058
-80.315
-80.138
-79.987
-79.859
-79.927
-80.346
-80.117
-80.237
-80.489
-80.379
-80.109
-80.156
-80.16
-80.02
-80.01
-80.155
-79.901
-79.802
-80.067
-79.647
-79.61
-79.833
-79.601
-79.641
-79.721
-79.295
-79.337
-79.222
-79.192
-79.181
-79.445
-79.404
-79.543
-79.208
-79.049
-79.124
-79.515
-79.615
-79.575
-79.848
-79.868
-79.886
-79.854
-79.71
-79.441
-79.279
-79.269
-79.145
-79.306
-79.218
-79.454
-79.483
-79.434
-79.435
-79.485
-79.336
-79.498
-79.482
-79.305
-79.457
-79.55
-79.637
-79.489
-79.359
-79.305
-79.228
-79.177
-79.234
-79.684
-79.838
-80.016
-80.142
-80.055
-80.218
-80.325
-80.521
-80.46
-80.406
-80.549
-80.288
-80.169
-80.083
-80.208
-80.176
-80.112
-80.248
-80.329
-79.719
-79.796
-79.839
-79.834
-79.8
-79.687
-79.561
-79.156
-79.219
-79.546
-79.565
-79.689
-79.628
-79.485
-79.532
-79.862
-79.714
-79.678
-79.882
-80.128
-80.106
-80.174
-80.09
-80.186
-80.037
-79.995
-79.815
-79.877
-79.743
-79.557
-79.672
-79.613
-79.741
-79.605
-79.786
-79.834
-79.929
-80.339
-80.399
-80.249
-80.261
-80.513
-80.625
-80.695
-80.682
-80.744
-80.843
-80.706
-80.168
-80.544
-80.517
-80.47
-80.455
-80.53
-80.61
-80.576
-80.662
-80.747
-80.713
-80.79
-81.019
-80.914
-80.589
-80.587
-80.303
-80.192
-80.279
-80.23
-80.288
-80.412
-80.556
-80.262
-80.316
-80.211
-80.082
-80.343
-80.507
-80.774
-80.637
-80.646
-80.379
-80.096
-80.231
-79.872
-79.555
-79.457
-79.332
-79.133
-79.233
-79.292
-79.388
-79.263
-79.674
-79.782
-79.757
-79.943
-80.044
-80.197
-80.213
-80.483
-80.614
-80.532
-80.637
-80.676
-80.56
-80.656
-80.581
-80.129
-80.383
-80.261
-80.649
-80.496
-80.19
-79.795
-79.82
-79.828
-79.782
-80.055
-80.027
-79.961
-80.173
-80.177
-80.036
-80.05
-79.779
-79.793
-79.606
-79.595
-79.534
-79.559
-79.608
-79.484
-79.888
-80.002
-79.836
-80.027
-79.861
-79.793
-79.925
-80.299
-80.144
-79.899
-80.036
-80.289
-80.122
-80.275
-80.258
-80.092
-80.101
-80.134
-80.269
-80.134
-80.168
-80.151
-80.091
-80.18
-80.188
-80.219
-80.315
-80.584
-80.214
-80.274
-80.22
-79.819
-79.922
-79.729
-79.94
-79.845
-79.876
-79.751
-80.081
-79.949
-79.875
-79.74
-79.844
-79.814
-79.336
-79.097
-79.122
-79.294
-78.932
-78.97
-79.343
-79.46
-79.721
-79.645
-79.392
-79.49
-79.557
-79.326
-79.328
-79.016
-78.996
-79.091
-79.045
-79.178
-79.307
-79.44
-79.404
-79.42
-79.044
-78.954
-78.952
-78.678
-78.711
-79.043
-78.887
-79.221
-79.095
-79.239
-78.924
-79.018
-79.076
-79.153
-78.983
-79.173
-79.22
-79.168
-79.137
-79.215
-79.253
-79.117
-79.278
-79.43
-79.523
-79.682
-79.565
-79.381
-79.481
-79.513
-79.615
-79.58
-79.651
-79.635
-79.635
-79.685
-79.553
-79.171
-79.329
-79.485
-79.421
-79.421
-79.668
-79.605
-79.615
-79.4
-79.704
-79.403
-79.353
-79.506
-79.379
-79.252
-79.094
-78.922
-79.094
-78.916
-78.781
-78.738
-79.037
-78.917
-78.882
-78.768
-79.07
-79.092
-78.652
-78.696
-78.917
-79.095
-79.043
-78.925
-78.803
-78.839
-78.867
-79.192
-79.052
-79.138
-79.276
-79.046
-79.344
-79.174
-79.304
-79.412
-79.316
-79.109
-79.03
-79.007
-78.813
-78.691
-78.509
-78.354
-78.145
-78.261
-78.235
-78.283
-78.104
-78.146
-78.225
-78.409
-78.281
-78.197
-78.295
-78.445
-78.569
-78.717
-78.691
-78.753
-78.952
-79.252
-79.366
-79.27
-79.421
-79.31
-79.342
-79.112
-79.333
-79.189
-79.177
-79.486
-79.473
-79.555
-79.449
-79.682
-79.672
-79.784
-79.664
-79.65
-79.435
-79.319
-79.104
-78.826
-78.916
-78.998
-78.935
-79.135
-79.067
-79.302
-79.212
-79.135
-79.463
-79.383
-79.409
-79.113
-79.14
-78.939
-78.855
-78.961
-78.938
-79.191
-79.188
-79.211
-79.086
-79.058
-79.026
-79.208
-79.073
-79.014
-79.259
-79.19
-79.219
-79
-79.031
-79.209
-79.136
-79.09
-79.37
-79.603
-79.562
-79.639
-79.856
-79.693
-79.683
-79.559
-79.361
-79.21
-79.163
-79.143
-79.133
-79.079
-79.082
-79.302
-79.046
-78.905
-79.037
-79.169
-79.227
-79.032
-78.841
