-77.671
-77.834
-77.947
-77.806
-77.396
-77.38
-77.248
-77.17
-77.147
-77.184
-77.081
-76.979
-77.162
-77.112
-77.014
-77.113
-77.098
-77.016
-77.288
-77.226
-77.315
-77.648
-77.888
-77.954
-77.73
-77.845
-77.74
-77.595
-77.56
-77.448
-77.195
-77.308
-77.333
-77.234
-77.048
-76.99
-77.15
-76.986
-76.962
-77.142
-77.22
-77.284
-77.081
-76.918
-76.723
-76.904
-76.811
-76.879
-76.87
-76.745
-76.936
-76.699
-76.674
-76.86
-76.863
-76.714
-76.708
-76.94
-76.883
-76.991
-76.979
-76.903
-77.209
-77.124
-76.872
-76.783
-76.662
-76.957
-76.754
-76.888
-77.321
-77.558
-77.771
-77.867
-77.733
-77.552
-77.399
-77.501
-77.241
-77.281
-77.294
-77.096
-76.921
-76.783
-76.78
-76.983
-76.885
-76.846
-76.802
-76.814
-76.694
-76.715
-76.802
-76.566
-76.772
-76.394
-76.441
-76.48
-76.242
-76.053
-76.314
-76.234
-75.993
-75.816
-75.979
-76.077
-76.025
-76.171
-76.054
-76.166
-76.108
-75.894
-75.834
-76.073
-76.009
-75.791
-75.585
-75.751
-75.923
-75.94
-75.625
-75.929
-75.775
-75.566
-75.58
-75.198
-75.147
-74.962
-74.938
-74.919
-74.689
-74.527
-74.514
-74.72
-74.798
-74.587
-74.588
-74.625
-74.632
-74.799
-74.788
-74.617
-74.517
-74.792
-74.777
-74.674
-74.802
-74.901
-74.706
-74.649
-74.842
-74.708
-74.65
-74.261
-74.26
-74.452
-74.394
-74.677
-74.557
-74.626
-74.346
-74.456
-74.28
-74.426
-74.598
-74.882
-74.664
-74.308
-74.436
-74.355
-74.473
-74.613
-74.42
-74.391
-74.42
-74.272
-74.266
-74.499
-74.61
-74.536
-74.297
-74.174
-74.201
-74.13
-74.321
-74.352
-74.429
-74.409
-74.503
-74.573
-74.474
-74.164
-74.437
-74.384
-74.569
-74.847
-74.8
-74.685
-74.335
-74.358
-74.421
-74.109
-74.04
-73.957
-73.712
-73.822
-73.629
-73.66
-73.639
-73.468
-73.338
-73.37
-73.399
-73.537
-73.838
-73.841
-73.754
-73.455
-73.459
-73.346
-73.261
-73.191
-73.097
-73.035
-73.118
-73.201
-73.211
-73.385
-73.523
-73.288
-73.071
-72.939
-72.98
-72.926
-73.147
-73.282
-73.298
-72.94
-72.849
-72.935
-72.892
-73.154
-73.27
-73.446
-73.651
-74.007
-73.972
-74.167
-74.251
-74.218
-74.256
-74.114
-74.351
-74.362
-74.456
-74.602
-74.336
-74.358
-74.397
-74.479
-74.589
-74.583
-74.882
-74.904
-75.012
-75.121
-75.265
-75.282
-75.355
-75.32
-75.605
-75.503
-75.356
-75.398
-75.537
-75.748
-75.622
-75.492
-75.584
-75.745
-75.627
-75.807
-75.682
-75.794
-75.815
-75.831
-75.971
-76.329
-76.371
-76.243
-76.007
-75.835
-75.959
-75.591
-75.636
-75.492
-75.711
-75.518
-75.499
-75.457
-75.173
-75.14
-75.096
-75.175
-75.252
-75.269
-75.217
-75.471
-75.28
-75.199
-74.975
-74.823
-75.099
-75.148
-75.13
-75.465
-75.833
-75.751
-75.732
-75.89
-75.961
-75.966
-75.694
-75.949
-75.807
-75.871
-75.926
-75.705
-75.811
-75.464
-75.206
-75.156
-75.289
-75.121
-74.987
-74.977
-75.167
-75.294
-75.357
-75.476
-75.599
-75.908
-75.932
-75.754
-75.785
-75.878
-76.202
-76.241
-76.284
-75.952
-76.293
-76.221
-76.214
-76.661
-76.337
-76.047
-75.968
-75.533
-75.268
-75.122
-74.95
-74.564
-74.488
-74.116
-73.399
-73.502
-73.378
-73.203
-73.105
-73.007
-73.029
-73.053
-74.021
-75.573
-76.761
-77.637
-78.179
-78.332
-78.723
-78.824
-79.188
-79.277
-79.314
-79.376
-79.337
-79.682
-79.638
-79.419
-79.465
-79.579
-79.871
-80.2
-80.058
-80.004
-79.988
-79.948
-80.061
-80.101
-79.937
-79.975
-80.018
-79.768
-79.958
-79.935
-79.647
-79.42
-79.616
-79.553
-79.686
-79.309
-79.392
-79.759
-79.812
-79.738
-79.94
-79.858
-79.805
-79.917
-79.847
-79.613
-79.754
-79.678
-79.831
-80.01
-80.363
-80.221
-80.171
-80.176
-79.972
-80.146
-80.157
-80.222
-80.232
-80.185
-80.151
-80.031
-79.87
-79.858
-79.909
-79.827
-79.915
-79.856
-79.817
-79.885
-79.613
-79.637
-79.777
-79.891
-79.889
-80.042
-79.87
-80.258
-79.992
-80.095
-79.856
-80.053
-80.034
-80.093
-79.924
-79.945
-80.058
-79.667
-79.662
-79.691
-79.643
-79.756
-79.783
-79.857
-79.622
-79.678
-79.444
-79.315
-79.209
-79.294
-79.326
-79.571
-79.613
-79.108
-79.414
-79.542
-79.464
-79.715
-79.623
-79.891
-79.83
-79.76
-79.836
-79.929
-80.012
-79.859
-80.057
-79.871
-79.967
-80.044
-80.098
-80.059
-79.99
-80.026
-79.933
-80.065
-80.198
-80.119
-80.166
-80.02
-80.193
-80.18
-80.231
-80.368
-80.163
-79.977
-79.896
-79.967
-79.909
-80.016
-80.098
-80.023
-80.046
-80.029
-80.07
-79.895
-80.031
-79.948
-80.036
-79.993
-79.961
-79.886
-80.04
-79.889
-79.984
-79.975
-79.779
-79.891
-80.259
-80.224
-80.192
-80.149
-80.271
-80.122
-79.85
-79.948
-79.924
-80.021
-80.263
-80.178
-80.267
-80.162
-80.085
-80.002
-79.893
-79.878
-79.887
-79.926
-80.239
-79.998
-79.944
-79.848
-79.736
-79.875
-79.599
-79.671
-79.684
-79.621
-79.295
-79.285
-79.369
-79.728
-79.538
-79.81
-79.772
-80.15
-80.274
-80.062
-80.11
-80.164
-79.854
-80.058
-80.06
-80.107
-80.105
-80.051
-79.973
-80.051
-80.063
-80.099
-80.281
-80.232
-80.205
-80.028
-80.07
-80.097
-80.12
-80.014
-79.807
-79.83
-79.803
-79.855
-79.855
-79.818
-79.495
-79.589
-79.608
-79.482
-79.539
-79.475
-79.479
-79.301
-79.383
-79.18
-79.197
-79.134
-79.283
-79.157
-78.995
-78.981
-79.283
-79.396
-79.604
-79.475
-79.229
-79.377
-79.355
-79.334
-79.646
-79.781
-79.7
-79.839
-79.721
-79.715
-79.621
-79.706
-79.616
-79.841
-79.817
-79.844
-80.125
-80.115
-79.818
-79.463
-79.478
-79.7
-79.793
-79.715
-79.546
-79.442
-79.438
-79.448
-79.545
-79.386
-79.597
-79.575
-79.486
-79.369
-79.714
-79.617
-79.799
-79.801
-79.977
-79.738
-79.517
-79.491
-79.566
-79.722
-79.703
-79.82
-79.634
-79.556
-79.873
-80.204
-80.184
-80.52
-80.761
-80.622
-80.486
-80.648
-80.638
-80.651
-80.653
-80.624
-80.799
-80.772
-80.909
-80.838
-80.926
-80.973
-80.851
-80.955
-80.964
-80.711
-80.805
-80.571
-80.51
-80.698
-80.695
-80.783
-81.032
-81.113
-81.028
-80.829
-80.718
-80.288
-80.143
-79.629
-79.285
-79.192
-78.867
-78.51
-78.203
-77.899
-77.777
-77.717
-77.342
-77.3
-76.961
-76.6
-76.592
-76.852
-77.126
-77.308
-77.211
-77.21
-77.476
-77.187
-77.544
-77.582
-77.691
-77.426
-77.303
-77.381
-77.533
-77.665
-77.583
-77.527
-77.55
-77.517
-77.611
-77.623
-77.468
-77.547
-77.655
-77.731
-78.102
-77.953
-77.905
-77.881
-77.968
-77.888
-77.805
-77.958
-77.794
-77.789
-77.783
-77.904
-77.907
-77.827
-77.775
-77.628
-77.452
-77.518
-77.358
-77.428
-77.629
-77.868
-77.9
-78.147
-78.337
-78.372
-78.227
-78.229
-78.323
-78.529
-78.512
-78.464
-78.646
-78.613
-78.556
-78.373
-78.167
-78.403
-78.634
-78.774
-78.868
-78.959
-78.842
-78.582
-78.764
-78.548
-78.501
-78.779
-78.881
-78.84
-78.794
-78.446
-78.499
-78.433
-78.673
-78.61
-78.939
-78.903
-78.851
-79.048
-79.153
-79.167
-79.004
-79.062
-79.276
-79.085
-79.004
-79.089
-79.377
-79.058
-79.151
-78.938
-79.021
-79.115
-79.223
-78.985
-79.017
-78.904
-79.023
-78.911
-78.902
-79.004
-79.045
-78.71
-78.765
-78.865
-78.848
-78.585
-78.513
-78.449
-78.562
-78.742
-78.765
-78.946
-79.049
-78.968
-78.99
-78.801
-78.841
-78.976
-78.864
-78.743
-78.851
-78.883
-78.606
-78.613
-78.973
-78.954
-78.944
-78.942
-79.052
-78.982
-78.895
-78.813
-78.927
-78.947
-78.988
-79.157
-79.161
-79.226
-79.679
-79.362
-79.116
-78.927
-79.126
-79.243
-78.837
-78.93
-79.049
-78.947
-78.946
-78.871
-78.692
-78.741
-78.743
-78.851
-78.898
-78.984
-78.916
-78.895
-78.894
-79.184
-79.084
-79.086
-79.163
-79.211
-79.265
-79.634
-79.647
-79.9
-79.837
-79.799
-79.716
-79.66
-79.701
-79.651
-79.617
-79.334
-79.383
-79.403
-79.337
-79.422
-79.423
-79.233
-78.971
-78.658
-78.427
-78.44
-78.427
-78.494
-78.277
-78.196
-78.31
-77.858
-78.078
-78.44
-78.517
-78.475
-78.377
-78.506
-78.246
-78.093
-78.049
-78.35
-78.607
-78.531
-78.7
-78.693
-78.81
-78.75
-78.752
-78.374
-78.609
-78.642
-78.479
-78.326
-78.101
-77.913
-78.034
-78.011
-77.809
-77.868
-77.657
-77.733
-77.987
-78
-77.93
-78.119
-78.157
-78.311
-78.317
-78.333
-78.429
-78.471
-78.443
-78.861
-78.678
-78.509
-78.188
-77.958
-77.713
-77.975
-77.815
-77.922
-78.017
-78.071
-77.998
-78.035
-78.051
-77.965
-77.961
-77.945
-78.081
-78.006
-77.92
-77.919
-78.06
-78.193
-78.132
-78.534
-78.553
-78.607
-78.523
-78.489
-78.335
-77.957
-78.146
-78.15
-78.107
-77.834
-77.858
-77.903
-78.03
-77.914
-77.729
-77.892
-77.782
-77.704
-77.836
-77.918
-77.944
