-76.781
-76.894
-77.041
-77.146
-77.066
-77.209
-77.47
-77.6
-77.194
-77.17
-77.29
-77.341
-77.254
-77.378
-77.528
-77.615
-77.445
-77.831
-77.543
-77.522
-77.315
-77.141
-77.071
-77.004
-76.989
-77.091
-76.895
-76.558
-76.886
-76.74
-76.863
-77.04
-77.085
-77.263
-77.404
-77.233
-76.987
-77.094
-76.634
-76.593
-76.806
-76.472
-76.61
-76.547
-76.324
-76.362
-76.387
-76.33
-76.426
-76.738
-76.806
-76.718
-76.478
-76.601
-76.709
-76.454
-76.651
-76.596
-76.38
-76.733
-76.606
-76.782
-76.804
-76.731
-76.868
-76.781
-76.664
-76.681
-76.853
-76.643
-76.522
-76.597
-76.498
-76.549
-76.453
-76.515
-76.448
-76.325
-76.147
-76.295
-76.448
-76.42
-76.146
-76.195
-76.493
-76.692
-76.612
-76.558
-76.782
-76.714
-76.558
-76.645
-76.578
-76.86
-76.41
-76.193
-75.884
-75.933
-75.96
-75.824
-75.851
-75.739
-75.767
-75.823
-76.091
-76.168
-76.259
-76.354
-76.502
-76.482
-76.467
-76.44
-76.348
-76.42
-76.63
-76.568
-76.726
-76.643
-76.456
-76.561
-76.689
-76.817
-76.699
-76.526
-76.23
-76.207
-75.694
-75.593
-75.248
-75.498
-75.761
-75.935
-75.833
-75.634
-75.611
-75.603
-75.362
-75.575
-75.468
-75.329
-75.635
-75.412
-75.189
-75.113
-75.452
-75.088
-75.165
-74.896
-74.55
-74.5
-74.438
-74.385
-74.502
-74.7
-74.6
-74.903
-74.845
-75.043
-74.961
-74.907
-74.782
-74.744
-74.551
-74.444
-74.637
-74.452
-74.381
-74.238
-74.093
-73.779
-73.563
-73.319
-73.015
-72.977
-72.885
-72.672
-72.537
-72.444
-72.326
-72.088
-72.239
-72.433
-72.285
-72.142
-72.191
-72.381
-72.234
-72.205
-72.214
-72.362
-72.197
-71.822
-72.114
-72.08
-72.269
-72.351
-72.416
-72.797
-72.904
-73.026
-72.713
-72.694
-72.462
-72.841
-73.025
-72.85
-72.977
-72.775
-72.813
-72.825
-72.653
-72.446
-72.621
-72.629
-72.458
-72.315
-72.357
-72.394
-72.378
-72.303
-72.175
-71.911
-71.747
-71.612
-71.691
-71.263
-71.113
-71.374
-71.17
-71.399
-71.277
-71.482
-71.476
-71.504
-71.605
-71.745
-71.723
-71.784
-72.034
-71.867
-71.978
-71.653
-71.708
-72.091
-72.215
-72.237
-72.37
-72.726
-72.747
-72.826
-72.731
-72.772
-72.88
-72.937
-72.89
-72.906
-72.783
-72.69
-72.639
-72.82
-72.543
-72.553
-72.593
-72.727
-72.498
-72.863
-72.855
-72.689
-72.949
-72.924
-73.145
-73.078
-73.018
-73.214
-73.085
-73.073
-72.844
-72.898
-72.941
-72.894
-72.897
-72.696
-72.863
-72.775
-72.5
-72.18
-72.061
-72.152
-71.936
-71.785
-71.51
-71.702
-71.785
-71.879
-71.915
-71.415
-71.407
-71.457
-71.381
-71.384
-71.688
-71.661
-71.698
-71.497
-71.396
-71.544
-71.568
-71.677
-71.855
-71.959
-72.016
-71.964
-71.735
-71.61
-71.753
-71.652
-71.654
-71.899
-71.888
-71.871
-72.067
-72.183
-72.127
-71.921
-71.761
-71.716
-72.047
-72.257
-72.534
-72.407
-72.444
-72.493
-72.642
-72.711
-72.59
-72.449
-72.615
-72.481
-72.261
-72.146
-72.068
-72.451
-72.166
-72.17
-72.332
-72.36
-72.629
-72.505
-72.692
-72.668
-72.731
-72.7
-72.611
-72.766
-72.576
-72.295
-72.027
-71.508
-71.503
-71.225
-70.922
-70.524
-70.476
-70.474
-70.24
-70.169
-69.924
-69.886
-69.646
-69.68
-69.712
-69.731
-69.488
-69.416
-69.2
-68.984
-68.731
-68.483
-68.552
-68.47
-68.584
-68.465
-68.354
-68.032
-67.905
-67.689
-67.441
-67.496
-67.527
-67.37
-67.429
-67.203
-67.119
-66.794
-66.693
-66.769
-66.912
-66.876
-66.518
-66.235
-66.02
-66.019
-66.018
-65.971
-65.969
-65.873
-65.926
-65.789
-65.771
-66.094
-65.902
-65.803
-65.874
-65.883
-65.39
-65.806
-65.934
-65.903
-66.017
-66.014
-65.971
-66.006
-66.293
-66.099
-66.025
-65.851
-65.674
-65.974
-65.979
-65.97
-66.053
-66.019
-65.777
-65.943
-66.027
-66.001
-66.019
-65.616
-65.638
-65.689
-65.839
-67.784
-70.313
-72.879
-74.912
-76.634
-77.713
-78.481
-78.85
-79.324
-79.517
-79.757
-79.68
-79.821
-79.96
-80.27
-80.387
-80.421
-80.665
-80.369
-80.203
-80.194
-80.229
-80.176
-80.157
-80.101
-80.175
-80.371
-80.289
-80.25
-80.063
-79.887
-79.993
-80.131
-80.116
-80.018
-79.998
-80.034
-80.223
-79.875
-79.83
-79.904
-80.049
-79.967
-80.006
-79.619
-79.651
-79.489
-79.681
-79.617
-79.541
-79.57
-79.567
-79.748
-79.757
-79.795
-79.692
-79.562
-79.886
-80.248
-80.259
-80.191
-79.87
-80.084
-80.022
-80.147
-80.217
-80.064
-80.02
-80.198
-79.891
-79.962
-79.875
-79.761
-79.618
-79.682
-79.685
-79.611
-79.625
-79.751
-79.713
-79.825
-79.653
-79.691
-79.779
-79.641
-79.51
-79.735
-79.99
-79.846
-79.946
-79.598
-79.758
-79.924
-80.053
-80.196
-80.131
-80.246
-80.008
-80.158
-79.905
-79.904
-79.905
-79.929
-79.928
-80.016
-79.965
-80.174
-80.17
-80.084
-80.028
-79.986
-80.076
-79.829
-79.701
-79.876
-80.089
-80.195
-80.172
-80.233
-80.247
-80.542
-80.276
-80.404
-80.31
-80.338
-80.605
-80.484
-80.53
-80.275
-80.075
-80.215
-80.493
-80.319
-80.337
-80.348
-80.401
-80.301
-80.383
-80.279
-80.507
-80.617
-80.504
-80.432
-80.701
-80.916
-80.705
-80.417
-80.254
-80.315
-80.486
-80.541
-80.62
-80.597
-80.178
-80.177
-80.181
-80.15
-80.146
-79.961
-80.171
-80.014
-79.852
-80.104
-79.987
-79.824
-79.862
-79.947
-79.828
-79.671
-79.577
-79.512
-79.794
-79.778
-79.944
-80.208
-80.68
-80.921
-80.843
-80.888
-80.782
-80.8
-80.813
-80.677
-80.78
-81.031
-81.169
-81.099
-81.071
-80.822
-80.666
-80.7
-80.448
-80.53
-80.403
-80.277
-79.937
-80.003
-80.321
-80.116
-80.023
-79.974
-80.2
-80.158
-80.276
-80.448
-80.585
-80.637
-80.86
-80.618
-80.749
-80.746
-80.738
-80.642
-80.547
-80.595
-80.605
-80.576
-80.302
-80.147
-80.2
-80.378
-80.072
-80.227
-80.256
-80.323
-80.246
-80.333
-80.151
-80.265
-80.323
-80.428
-80.459
-80.333
-80.252
-80.118
-79.971
-80.123
-80.372
-80.258
-80.361
-80.202
-80.14
-80.056
-80.013
-80.324
-80.367
-80.517
-80.557
-80.502
-80.411
-80.55
-80.593
-80.613
-80.491
-80.666
-80.538
-80.643
-80.663
-80.858
-80.657
-80.701
-80.56
-80.803
-80.962
-81.104
-81.092
-81.139
-80.829
-80.848
-80.799
-80.905
-80.799
-80.884
-80.717
-80.365
-80.19
-79.858
-79.98
-79.639
-79.831
-79.737
-79.453
-79.477
-79.631
-79.573
-79.592
-79.527
-79.567
-79.226
-79.134
-79.035
-78.941
-78.9
-78.817
-79.22
-79.325
-79.406
-79.404
-79.529
-79.463
-79.448
-79.264
-79.5
-79.633
-79.396
-79.471
-79.453
-79.258
-79.285
-79.426
-79.508
-79.596
-79.542
-79.645
-79.509
-79.437
-79.55
-79.531
-79.84
-79.885
-79.778
-79.831
-79.91
-79.883
-80.051
-80.198
-79.933
-79.912
-79.898
-79.828
-79.671
-79.786
-79.653
-79.708
-79.45
-79.541
-79.55
-79.739
-79.411
-79.63
-79.648
-79.261
-79.247
-79.204
-79.17
-79.019
-79.101
-78.722
-78.678
-78.489
-78.521
-78.616
-78.542
-78.804
-79.18
-79.405
-79.388
-79.108
-79.101
-79.204
-79.352
-79.327
-79.123
-79.423
-79.859
-80.049
-80.111
-80.114
-80.381
-80.454
-80.209
-79.864
-79.995
-79.83
-79.929
-79.802
-79.692
-79.606
-79.613
-79.45
-79.606
-79.601
-79.919
-79.965
-80.204
-80.013
-79.815
-79.782
-79.688
-79.761
-79.844
-79.526
-79.228
-79.217
-79.335
-79.109
-79.034
-78.849
-79.141
-79.082
-79.075
-79.231
-79.318
-79.324
-79.244
-79.316
-79.575
-79.58
-79.643
-79.653
-79.75
-79.695
-79.579
-79.511
-79.399
-79.715
-79.733
-79.883
-79.998
-80.088
-79.916
-80.176
-80.185
-80.384
-80.284
-80.33
-80.398
-80.173
-79.964
-80.084
-79.883
-80.053
-80.03
-80.091
-79.991
-79.947
-80.088
-79.836
-79.785
-79.562
-79.55
-79.493
-79.671
-79.306
-79.388
-79.571
-79.954
-79.974
-79.905
-79.873
-80.626
-80.626
-80.794
-80.906
-80.845
-80.809
-80.556
-80.416
-80.337
-80.197
-80.204
-80.177
-80.151
-80.168
-80.012
-80.176
-80.225
-80.276
-80.442
-80.334
-80.243
-80.358
-80.249
-80.4
-80.324
-80.328
-80.3
-80.133
-80.082
-80.133
-79.917
-79.862
-80.048
-79.77
-79.349
-78.975
-79.132
-79.032
-79.144
-78.877
-78.831
-79.012
-79.045
-78.969
-78.936
-78.799
-78.856
-78.828
-78.823
-78.605
-78.564
-78.522
-78.467
-78.556
-78.777
-78.673
-78.85
-78.684
-78.909
-78.589
-78.685
-78.476
-78.271
-78.435
-78.678
-78.775
-78.64
-78.667
-78.785
-79.009
-78.909
-78.968
-78.848
-79.153
-79.167
-79.24
-79.539
-79.708
-79.649
-79.653
-79.451
-79.408
-79.497
-79.717
-79.429
-79.437
-79.704
-79.788
-79.693
-79.828
-79.802
-80.211
-80.088
-80.141
-80.099
-80.296
-80.245
-80.424
-80.167
-80.149
-80.152
-80.388
-80.295
-80.181
-80.282
-80.331
-80.12
-80.108
-80.276
-80.468
