-80.019
-80.08
-80.055
-80.061
-79.934
-79.934
-79.798
-79.518
-79.543
-79.793
-79.809
-79.977
-79.911
-79.907
-79.787
-79.784
-79.748
-79.885
-80.043
-80.022
-80.249
-80.307
-80.246
-80.333
-80.272
-80.197
-79.735
-79.696
-79.848
-79.943
-80.122
-79.952
-79.979
-79.734
-79.797
-79.546
-79.684
-79.532
-79.894
-80.09
-80.239
-80.056
-79.732
-79.603
-79.445
-79.425
-79.534
-79.709
-80.046
-80.196
-80.041
-80.076
-80.312
-80.276
-79.978
-80.318
-80.342
-80.544
-80.641
-80.625
-80.585
-80.669
-80.806
-80.504
-80.656
-80.908
-80.904
-80.737
-80.444
-80.495
-80.324
-80.444
-80.073
-80.061
-80.033
-79.958
-79.887
-79.668
-79.96
-79.961
-79.851
-80.13
-79.922
-80.101
-79.992
-80.229
-80.031
-80.131
-80.403
-80.424
-80.196
-80.266
-80.102
-80.271
-80.138
-80.151
-79.909
-79.734
-79.695
-79.715
-80.059
-79.926
-79.674
-79.662
-79.581
-79.447
-79.782
-80.032
-80.076
-79.808
-79.574
-79.428
-79.025
-78.624
-78.53
-78.125
-77.919
-77.878
-78.015
-78.229
-78.512
-78.585
-78.732
-78.804
-79.008
-79.352
-79.381
-79.457
-79.49
-79.496
-79.703
-79.621
-79.219
-78.845
-78.645
-78.367
-77.943
-77.458
-77.221
-77.026
-77.161
-77.002
-76.701
-76.438
-76.259
-76.277
-76.313
-76.249
-76.488
-76.519
-76.818
-76.836
-76.803
-77.104
-77.19
-77.356
-77.18
-76.62
-76.329
-76.202
-76.153
-75.925
-75.636
-75.541
-75.72
-75.729
-75.966
-76.08
-75.952
-75.871
-75.994
-75.911
-76.339
-76.275
-75.982
-76.137
-75.952
-75.986
-75.679
-75.598
-75.561
-75.653
-75.547
-75.247
-75.361
-75.288
-75.557
-75.636
-75.631
-75.637
-75.877
-75.85
-75.96
-76.393
-76.763
-76.819
-76.973
-77.12
-77.362
-77.425
-77.293
-77.373
-77.486
-77.748
-77.755
-77.717
-77.724
-77.706
-77.597
-77.322
-77.309
-77.086
-76.896
-76.659
-76.575
-76.242
-76.172
-76.021
-76.224
-76.072
-75.866
-75.997
-75.577
-75.493
-75.579
-75.466
-75.246
-75.323
-75.309
-75.496
-75.286
-75.094
-75.131
-75.193
-75.069
-74.916
-75.145
-75.609
-75.684
-75.836
-75.606
-75.889
-75.964
-76.212
-76.235
-76.443
-76.555
-76.696
-76.714
-76.837
-76.985
-76.977
-76.819
-76.767
-76.883
-76.708
-76.972
-77.118
-77.138
-77.622
-77.721
-77.969
-78.029
-77.969
-78.37
-78.343
-78.534
-78.252
-78.044
-77.814
-77.672
-77.487
-77.332
-77.063
-76.577
-76.423
-76.369
-76.218
-76.199
-75.985
-75.77
-75.95
-76.097
-76.035
-75.904
-76.28
-76.251
-76.288
-76.528
-76.608
-76.713
-76.749
-76.626
-76.928
-77.144
-77.245
-77.166
-77.338
-77.225
-77.018
-76.815
-76.55
-76.078
-75.919
-75.691
-75.601
-75.71
-75.694
-75.351
-75.216
-75.335
-75.507
-75.238
-75.33
-75.591
-75.816
-75.652
-75.601
-75.643
-75.665
-75.625
-75.789
-75.734
-75.897
-75.651
-75.794
-75.92
-75.921
-76.087
-76.242
-76.202
-75.897
-76.294
-76.223
-76.516
-76.605
-76.594
-76.518
-76.652
-76.615
-76.862
-76.959
-77.013
-77.319
-77.399
-77.375
-77.733
-77.762
-77.947
-77.827
-77.692
-77.782
-77.786
-77.755
-77.32
-77.455
-77.048
-76.824
-76.643
-76.545
-76.429
-76.189
-76.233
-75.919
-75.731
-75.332
-75.262
-75.026
-75.184
-75.291
-75.177
-74.491
-74.342
-73.954
-73.841
-73.538
-73.294
-73.219
-73.081
-72.754
-72.511
-72.225
-71.993
-71.943
-72.259
-72.291
-72.127
-72.085
-72.271
-72.137
-72.231
-71.979
-72.366
-72.416
-72.336
-72.503
-72.796
-72.848
-73.129
-72.985
-72.838
-72.88
-72.617
-72.421
-71.745
-71.518
-71.73
-71.599
-71.343
-71.294
-71.074
-71.058
-70.612
-70.113
-69.722
-69.274
-69.419
-69.536
-69.552
-69.287
-69.311
-69.228
-69.12
-69.226
-69.314
-69.243
-69.277
-69.07
-68.409
-67.502
-66.128
-64.794
-63.654
-64.164
-65.758
-67.651
-69.748
-71.224
-72.653
-73.604
-74.331
-74.76
-75.161
-75.321
-75.569
-75.696
-75.584
-75.653
-75.733
-75.987
-75.833
-75.917
-76.012
-76.054
-76.449
-76.695
-76.667
-76.863
-76.883
-77.288
-77.269
-77.032
-77.477
-77.511
-77.493
-77.603
-77.586
-77.18
-77.307
-77.171
-77.32
-77.109
-76.986
-76.874
-76.805
-76.69
-76.43
-76.425
-76.385
-76.447
-76.17
-76.341
-76.53
-76.497
-76.573
-76.658
-76.864
-76.809
-76.815
-77.013
-77.278
-76.947
-76.199
-75.509
-74.948
-74.531
-74.084
-73.57
-73.045
-72.698
-72.476
-72.531
-72.429
-72.041
-72.135
-71.865
-71.896
-71.973
-72.06
-72.131
-72.338
-72.444
-72.709
-73.054
-73.025
-72.981
-73.074
-73.053
-72.933
-72.999
-72.874
-72.925
-72.879
-72.95
-73.308
-73.596
-73.876
-74.17
-74.178
-74.058
-74.086
-74.184
-74.393
-74.182
-74.096
-74.297
-74.215
-74.44
-74.562
-74.713
-74.571
-74.474
-74.395
-74.221
-74.128
-74.033
-73.966
-73.705
-73.472
-73.599
-73.587
-73.609
-73.778
-74.008
-74.231
-74.337
-74.189
-74.094
-74.482
-74.759
-74.648
-74.812
-74.835
-74.959
-75.012
-75.533
-75.587
-75.501
-75.841
-76.21
-76.562
-76.77
-77.044
-77.178
-77.05
-77.233
-77.097
-77.215
-77.229
-77.218
-77.645
-77.648
-77.57
-77.798
-78.004
-78.047
-78.26
-78.198
-78.297
-78.528
-78.466
-78.356
-78.411
-78.545
-78.491
-78.801
-78.877
-78.809
-79.141
-79.165
-79.239
-79.083
-79.189
-79.253
-79.226
-79.334
-79.247
-79.341
-79.255
-79.474
-79.402
-79.627
-79.768
-79.715
-79.761
-79.846
-79.739
-79.732
-79.66
-79.419
-79.456
-79.391
-79.495
-79.518
-79.266
-79.22
