-73.03
-73.203
-73.343
-73.171
-73.188
-72.891
-73.068
-73.301
-73.392
-73.158
-73.119
-73.055
-73.178
-73.107
-73.087
-73.116
-73.152
-73.52
-73.447
-73.303
-73.282
-72.989
-72.799
-72.644
-72.613
-72.375
-72.52
-72.481
-72.519
-72.313
-71.869
-71.113
-70.468
-69.841
-69.098
-68.696
-67.93
-67.115
-66.436
-65.763
-65.301
-64.356
-63.557
-62.922
-62.225
-61.685
-61.037
-60.429
-59.93
-59.574
-59.078
-58.532
-58.13
-57.534
-56.956
-56.667
-56.341
-56.154
-55.545
-55.232
-54.639
-54.001
-53.208
-52.081
-50.48
-48.07
-45
-45
-45
-45
-45
-45
-45
-45
-45
-45
-45
-45
-45
-45
-49.116
-55.86
-61.373
-65.217
-67.869
-69.414
-70.595
-71.205
-71.757
-72.269
-72.797
-72.619
-72.768
-73.063
-73.185
-73.325
-73.324
-73.376
-73.066
-72.904
-72.893
-72.354
-71.538
-70.891
-70.252
-69.28
-68.35
-67.351
-66.547
-65.861
-64.945
-63.719
-62.943
-61.673
-60.716
-59.464
-58.225
-57.168
-55.972
-55.013
-53.751
-52.587
-51.385
-49.458
-46.082
-45
-45
-45
-45
-45
-45
-45
-45
-45
-45
-46.158
-58.517
-67.643
-72.615
-75.051
-76.294
-77.38
-77.676
-77.691
-77.479
-77.707
-77.337
-77.447
-77.327
-77.26
-77.285
-77.465
-77.468
-77.587
-77.464
-77.392
-77.247
-76.912
-77.143
-76.998
-77.053
-76.923
-76.673
-76.366
-76.14
-76.032
-75.875
-75.596
-75.424
-75.577
-75.686
-75.905
-76.091
-76.424
-76.495
-76.362
-76.3
-76.153
-76.062
-76.014
-75.763
-75.655
-75.771
-75.673
-75.838
-75.738
-75.694
-75.486
-75.505
-75.398
-75.56
-75.794
-75.795
-75.771
-75.938
-75.939
-76.103
-76.37
-76.721
-76.707
-77.097
-77.063
-76.807
-76.78
-76.527
-76.521
-76.584
-76.328
-76.155
-76.432
-76.408
-76.663
-77.044
-77.113
-76.992
-77.057
-77.149
-77.154
-77.293
-77.36
-77.418
-76.905
-76.957
-77.155
-77.132
-77.014
-77.276
-77.175
-76.932
-77.05
-77.123
-76.966
-77.005
-77.146
-77.141
-77.298
-77.488
-77.669
-77.916
-77.758
-77.387
-77.153
-76.827
-76.604
-76.389
-76.162
-75.938
-75.718
-75.693
-75.911
-76.156
-76.177
-76.267
-75.944
-75.755
-75.428
-75.237
-74.876
-74.682
-74.392
-74.285
-74.111
-73.951
-73.945
-74.04
-74.051
-74.004
-74.151
-74.055
-74.695
-74.812
-75.037
-75.506
-75.666
-75.99
-76.333
-76.412
-76.611
-76.066
-76.206
-76.304
-76.718
-76.743
-76.881
-76.993
-76.915
-77.209
-77.369
-77.509
-77.341
-77.42
-77.498
-77.465
-77.453
-77.401
-77.294
-77.051
-77.071
-77.083
-76.907
-76.785
-76.517
-76.77
-76.674
-76.74
-76.462
-76.521
-76.446
-76.25
-76.252
-76.276
-76.407
-76.492
-76.61
-76.752
-76.573
-76.45
-76.756
-76.79
-77.279
-77.452
-77.605
-77.728
-77.895
-77.893
-77.753
-77.896
-78.169
-78.356
-78.356
-78.43
-78.513
-78.928
-78.949
-78.902
-78.877
-79.116
-79.226
-79.288
-79.655
-79.66
-79.861
-80.057
-79.887
-79.736
-79.923
-80.056
-80.088
-80.172
-79.929
-80.229
-80.231
-80.311
-80.261
-80.139
-80.106
-80.116
-80.447
-80.511
-80.718
-80.81
-81.077
-80.904
-80.878
-80.899
-80.742
-80.642
-80.559
-80.585
-80.531
-80.625
-80.425
-80.432
-80.449
-80.342
-80.391
-80.416
-80.312
-80.63
-80.597
-80.836
-80.654
-80.66
-80.706
-80.789
-80.847
-80.492
-80.417
-80.346
-80.217
-80.23
-80.034
-79.972
-80.043
-79.696
-79.71
-79.615
-79.641
-79.83
-79.933
-79.968
-80.196
-80.281
-80.298
-80.501
-80.409
-80.366
-80.651
-80.558
-80.588
-80.684
-80.412
-80.091
-79.4
-78.448
-77.369
-76.027
-74.519
-72.809
-70.776
-68.249
-65.876
-63.673
-61.595
-59.998
-58.418
-56.423
-54.896
-53.11
-51.205
-48.729
-45
-45
-45
-45
-45
-45
-45
-45
-45
-45
-45
-45
-45
-45
-46.879
-53.441
-58.576
-62.254
-64.966
-66.345
-67.321
-68.183
-68.437
-68.803
-68.669
-68.661
-68.388
-68.277
-68.273
-68.058
-67.98
-67.961
-67.842
-67.606
-67.53
-67.409
-67.273
-67.263
-67.14
-66.956
-66.668
-66.58
-66.431
-66.09
-65.642
-64.902
-64.491
-63.297
-62.026
-60.934
-59.225
-57.372
-55.195
-53.001
-50.415
-47.104
-45
-45
-45
-45
-45
-45
-45
-45
-45
-45
-45
-45
-45
-45
-49.168
-54.48
-58.618
-61.438
-63.34
-64.457
-64.952
-65.327
-65.226
-65.385
-64.895
-64.935
-64.662
-64.284
-63.593
-62.961
-62.525
-61.849
-61.577
-61.288
-61.019
-60.683
-60.201
-60.074
-59.996
-59.885
-59.928
-59.698
-59.752
-59.839
-59.538
-59.562
-59.692
-59.7
-59.751
-59.673
-59.486
-58.966
-58.671
-58.268
-57.811
-56.958
-56.539
-56.211
-55.757
-55.393
-55.212
-54.933
-54.271
-53.585
-52.947
-51.889
-50.747
-48.794
-45.171
-45
-45
-45
-45
-45
-45
-45
-45
-45
-45
-45
-45
-45
-48.526
-54.821
-60.143
-63.723
-65.93
-67.751
-68.85
-69.521
-70.312
-70.624
-70.705
-70.863
-70.767
-71.28
-71.383
-71.337
-71.485
-71.488
-71.026
-71.239
-71.417
-71.389
-71.403
-72.012
-72.172
-72.046
-71.847
-71.599
-71.631
-71.618
-71.735
-71.611
-71.582
-71.621
-71.445
-71.518
-71.423
-71.302
-71.327
-71.635
-71.9
-71.885
-72.047
-72.048
-71.933
-72.319
-72.372
-72.542
-72.706
-72.82
-72.923
-72.819
-73.058
-73.171
-73.304
-73.524
-73.606
