-80.085
-80.04
-80.148
-79.785
-80.026
-79.875
-79.948
-79.958
-79.887
-79.951
-80.066
-79.963
-79.953
-80.101
-80.131
-79.949
-79.905
-80.068
-80.179
-80.212
-80.059
-79.905
-80.017
-79.974
-79.755
-80.172
-80.173
-80.129
-80.079
-79.853
-79.615
-79.534
-79.717
-79.569
-79.458
-79.723
-79.417
-79.325
-79.111
-78.979
-78.854
-78.803
-79.052
-78.997
-79.084
-78.823
-78.783
-78.819
-78.883
-78.99
-78.91
-78.986
-79.157
-79.247
-79.254
-79.486
-79.696
-79.406
-79.406
-79.402
-79.548
-79.579
-79.503
-79.315
-79.259
-79.255
-79.212
-79.458
-79.362
-79.428
-79.293
-79.343
-79.43
-79.611
-79.707
-79.696
-79.384
-79.601
-79.702
-79.779
-79.695
-79.675
-79.833
-79.692
-79.933
-79.929
-80.035
-79.943
-79.826
-79.815
-79.662
-79.584
-79.147
-79.165
-78.992
-78.718
-78.761
-78.75
-78.739
-78.711
-78.896
-78.881
-78.651
-78.217
-77.858
-77.458
-77.271
-77.038
-76.915
-76.946
-76.998
-76.921
-76.829
-77.006
-77.052
-77.104
-77.192
-77.271
-77.091
-76.781
-76.692
-76.619
-76.276
-75.894
-75.789
-75.704
-75.489
-75.547
-75.263
-75.269
-75.543
-75.409
-75.451
-75.786
-76.116
-76.592
-76.673
-76.611
-76.762
-76.821
-76.893
-76.861
-76.76
-76.922
-77.103
-77.342
-77.481
-77.461
-77.643
-77.575
-77.822
-77.838
-77.784
-77.804
-77.813
-77.622
-77.567
-77.6
-77.242
-77.283
-77.023
-76.943
-76.993
-77.162
-77.307
-77.636
-77.842
-77.91
-77.647
-77.607
-77.772
-77.705
-77.595
-77.56
-77.774
-77.663
-77.752
-77.698
-77.862
-77.731
-77.882
-77.77
-77.645
-77.812
-77.63
-77.901
-77.886
-77.965
-77.938
-77.944
-78.26
-78.256
-78.463
-78.212
-78.419
-78.499
-78.657
-78.792
-78.886
-78.857
-78.878
-78.906
-79.047
-79.026
-79.13
-79.177
-79.387
-79.214
-79.172
-79.252
-79.327
-79.297
-79.519
-79.43
-79.473
-79.521
-79.687
-79.691
-79.605
-79.505
-79.393
-79.242
-79.286
-79.563
-79.487
-79.659
-79.727
-79.384
-79.583
-79.861
-79.824
-79.79
-79.863
-79.946
-79.794
-79.748
-79.595
-79.716
-79.432
-79.158
-79.206
-79.143
-78.815
-78.878
-78.72
-78.706
-78.729
-78.67
-78.706
-78.912
-78.983
-78.793
-78.942
-79.117
-79.183
-79.245
-79.11
-79.336
-79.261
-79.509
-79.41
-79.238
-79.434
-79.251
-79.232
-79.197
-79.266
-79.458
-79.297
-79.608
-79.51
-79.547
-79.544
-79.469
-79.519
-79.515
-79.589
-79.772
-79.642
-79.591
-79.624
-79.847
-79.645
-79.678
-79.824
-79.635
-79.562
-79.589
-79.769
-79.772
-79.936
-79.586
-79.625
-79.745
-79.955
-79.995
-79.834
-79.831
-79.991
-79.81
-79.8
-79.644
-79.688
-79.679
-79.837
-80.173
-80.075
-79.928
-79.998
-79.755
-79.809
-79.72
-79.767
-79.798
-80.037
-79.702
-79.982
-79.8
-79.662
-79.744
-79.883
-80.029
-79.934
-79.798
-79.773
-79.787
-80.062
-79.924
-79.913
-79.906
-79.785
-79.86
-80.115
-80.021
-79.82
-79.62
-79.699
-79.903
-80.014
-80.037
-80
-79.711
-80.086
-80.159
-80.006
-80.023
-79.892
-79.858
-79.584
-79.284
-79.463
-79.271
-79.541
-79.88
-80.172
-80.21
-80.159
-80.407
-80.599
-80.371
-80.607
-80.446
-80.423
-80.33
-80.347
-80.297
-80.408
-80.27
-80.193
-80.031
-79.943
-79.86
-79.682
-79.85
-79.962
-80.04
-80.008
-79.88
-79.71
-79.689
-79.681
-79.732
-79.833
-79.806
-79.695
-79.154
-78.178
-77.077
-76.126
-75.126
-73.253
-71.584
-69.443
-67.118
-65.315
-63.632
-62.288
-61.256
-60.258
-59.485
-58.939
-58.188
-58.04
-58.35
-58.294
-58.383
-58.297
-58.589
-58.703
-58.956
-59.551
-62.434
-65.889
-68.491
-70.83
-72.254
-73.368
-73.975
-74.69
-75.014
-75.433
-75.998
-75.951
-75.877
-76.498
-76.705
-76.776
-76.82
-76.492
-76.323
-76.253
-76.487
-76.801
-77.043
-77.216
-77.418
-77.809
-77.607
-77.524
-77.57
-77.752
-77.579
-77.585
-77.391
-76.941
-76.74
-76.505
-76.249
-76.408
-75.935
-75.592
-75.419
-74.8
-74.491
-74.06
-73.993
-73.663
-73.358
-72.951
-72.597
-72.598
-72.549
-72.289
-72.278
-72.157
-72.037
-72.065
-72.386
-72.654
-73.111
-73.55
-73.875
-74.292
-74.543
-74.832
-74.882
-74.978
-75.086
-75.451
-75.162
-75.079
-75.407
-75.287
-75.242
-75.386
-75.569
-75.746
-75.96
-76.417
-76.937
-77.314
-77.452
-77.706
-77.588
-77.421
-77.615
-77.382
-77.222
-76.888
-76.703
-76.509
-76.451
-76.444
-76.522
-76.753
-76.704
-76.627
-76.777
-76.943
-77.275
-77.259
-77.42
-77.433
-77.381
-77.572
-77.514
-77.634
-77.372
-77.218
-77.089
-77.224
-77.44
-77.593
-77.896
-77.919
-77.846
-77.644
-77.224
-77.024
-76.911
-76.991
-76.953
-76.642
-76.199
-76.208
-76.124
-76.173
-76.28
-76.512
-76.408
-76.441
-76.31
-76.356
-76.694
-76.752
-77.008
-77.139
-77.311
-77.455
-77.358
-77.664
-77.62
-77.714
-77.917
-78.079
-78.068
-78.123
-78.01
-78.128
-77.894
-78.056
-77.892
-77.784
-77.799
-77.785
-78.084
-78.111
-78.115
-77.878
-77.93
-77.991
-77.957
-77.94
-78.284
-78.105
-78.244
-78.327
-78.416
-78.436
-78.623
-78.489
-78.649
-78.593
-78.817
-78.733
-79.17
-79.061
-79.222
-79.168
-79.055
-79.272
-79.187
-79.511
-79.445
-79.322
-79.563
-79.308
-79.577
-79.59
-79.597
-79.729
-79.649
-79.672
-79.607
-79.83
-79.754
-79.698
-79.766
-79.704
-79.685
-79.709
-79.678
-79.775
-79.635
-79.708
-79.787
-79.902
-79.828
-79.817
-79.783
-79.76
-79.929
-79.943
-79.738
-79.948
-79.643
