-91.315
-91.339
-91.236
-91.331
-91.412
-91.73
-91.505
-91.741
-91.672
-91.598
-91.63
-91.722
-91.791
-92.054
-92.026
-92.086
-92.193
-92.335
-92.515
-92.49
-92.657
-92.651
-92.967
-93.062
-93.341
-93.316
-93.572
-93.518
-93.032
-92.745
-91.993
-91.65
-91.162
-90.753
-90.185
-90.222
-89.653
-89.243
-88.951
-88.913
-88.397
-88.158
-88.019
-87.618
-87.223
-87.057
-86.71
-86.362
-86.07
-85.687
-85.457
-85.239
-85.335
-85.277
-85.006
-84.847
-84.663
-84.573
-84.373
-83.913
-83.776
-83.622
-83.472
-83.651
-83.576
-83.398
-83.698
-83.726
-83.777
-83.813
-83.967
-83.981
-84.05
-84.138
-84.182
-84.157
-84.183
-84.26
-84.388
-84.062
-83.848
-83.701
-83.91
-83.806
-83.612
-83.718
-83.773
-83.905
-84.084
-83.741
-83.359
-82.844
-82.304
-81.891
-81.434
-81.447
-80.776
-80.123
-79.462
-78.882
-78.158
-77.493
-76.942
-76.259
-75.633
-74.827
-74.508
-74.108
-73.533
-73.091
-72.581
-72.006
-71.248
-70.538
-70.17
-69.454
-68.781
-67.839
-67.276
-66.67
-66.14
-65.74
-65.176
-64.758
-64.427
-64.048
-63.859
-63.362
-63.175
-62.938
-62.751
-62.344
-62.078
-61.615
-61.207
-60.881
-60.493
-59.79
-59.287
-58.924
-58.701
-58.582
-58.413
-57.887
-57.295
-56.982
-56.577
-56.056
-55.51
-55.027
-54.569
-54.076
-53.23
-52.4
-50.766
-48.049
-45
-45
-45
-45
-45
-45
-45
-45
-45
-45
-45
-45
-45
-45
-47.632
-54.054
-59.368
-63.408
-65.747
-66.895
-67.919
-68.226
-68.461
-68.397
-67.913
-67.823
-67.398
-66.777
-66.517
-66.199
-65.928
-65.513
-65.167
-64.632
-64.216
-63.886
-63.382
-62.876
-62.217
-62.025
-61.793
-61.663
-61.584
-61.707
-61.33
-61.096
-61.034
-60.756
-60.394
-60.169
-59.754
-59.361
-58.777
-58.215
-57.873
-57.341
-56.826
-56.462
-56.019
-55.286
-54.801
-53.915
-53.377
-52.804
-51.535
-50.461
-48.566
-45
-45
-45
-45
-45
-45
-45
-45
-45
-45
-45
-45
-45
-45
-48.56
-55.005
-60.483
-64.262
-66.968
-68.629
-69.909
-70.717
-71.351
-71.526
-71.62
-71.885
-71.748
-72.058
-72.144
-72.01
-71.913
-72.134
-72.172
-72.169
-72.062
-71.91
-71.744
-71.832
-71.763
-71.877
-71.547
-71.519
-71.5
-71.563
-71.495
-71.396
-71.4
-71.693
-71.707
-71.375
-71.457
-71.517
-71.446
-71.59
-71.985
-71.976
-71.928
-71.938
-72.132
-72.504
-72.72
-72.748
-72.899
-72.872
-72.884
-72.978
-73.411
-73.459
-73.461
-73.812
-73.949
-74.223
-74.428
-74.192
-74.2
-74.061
-73.755
-73.862
-73.848
-73.763
-73.59
-73.613
-73.157
-72.872
-72.755
-72.741
-72.314
-71.924
-71.283
-70.899
-70.516
-70.105
-69.532
-69.068
-68.653
-68.338
-68.042
-67.859
-67.561
-67.438
-67.088
-66.631
-66.274
-66.174
-65.965
-65.298
-65.259
-65.307
-65.408
-65.405
-65.214
-65.345
-65.398
-65.503
-65.585
-65.334
-65.47
-65.649
-65.979
-66.164
-66.233
-66.278
-66.469
-66.199
-66.109
-66.35
-66.545
-66.817
-66.926
-66.886
-66.474
-66.461
-66.093
-65.901
-65.554
-65.51
-65.413
-65.139
-64.983
-64.862
-64.789
-64.673
-64.65
-64.4
-64.077
-63.986
-64.122
-64.264
-64.069
-63.942
-64.033
-64.111
-63.903
-63.993
-63.85
-63.918
-63.69
-63.946
-63.836
-63.674
-63.723
-63.82
-64.134
-63.759
-63.746
-64.037
-63.987
-63.945
-64.166
-64.269
-64.307
-64.215
-64.08
-64.082
-64.251
-64.198
-64.444
-64.746
-64.837
-64.671
-64.773
-64.749
-64.766
-65.102
-64.971
-65.026
-65.334
-65.146
-65.348
-65.373
-65.418
-65.499
-65.849
-66.12
-66.265
-66.523
-66.565
-66.584
-66.792
-66.904
-66.894
-67.256
-67.31
-67.338
-67.212
-67.349
-66.993
-66.758
-66.648
-66.421
-65.952
-65.283
-64.926
-64.164
-63.508
-62.88
-62.429
-61.721
-61.066
-60.708
-59.96
-59.226
-58.61
-58.468
-58.139
-57.454
-56.937
-56.728
-56.268
-55.807
-55.533
-55.185
-54.398
-53.64
-52.833
-51.821
-50.373
-47.766
-45
-45
-45
-45
-45
-45
-45
-45
-45
-45
-45
-45
-45
-45
-48.732
-55.452
-60.258
-63.513
-65.261
-66.15
-66.623
-66.836
-66.856
-66.77
-66.369
-65.904
-65.422
-65.143
-64.787
-64.234
-63.798
-63.511
-63.059
-62.7
-62.125
-61.827
-61.613
-61.587
-61.716
-61.623
-61.643
-61.624
-61.588
-61.562
-61.352
-61.278
-61.018
-60.838
-60.796
-60.511
-60.38
-60.071
-59.866
-59.687
-59.606
-59.445
-58.996
-58.506
-57.729
-57.332
-56.693
-55.925
-55.466
-54.557
-53.944
-53.13
-52.13
-50.691
-48.521
-45
-45
-45
-45
-45
-45
-45
-45
-45
-45
-45
-45
-45
-45
-48.256
-54.824
-60.173
-63.904
-66.378
-68.21
-69.344
-70.023
-70.438
-70.741
-70.812
-71.115
-70.968
-70.324
-70.044
-69.874
-69.68
-69.316
-68.904
-68.677
-68.219
-67.978
-67.751
-67.543
-67.457
-67.386
-67.197
-67.005
-67.02
-67.073
-67.18
-67.217
-67.273
-66.994
-66.828
-66.853
-66.625
-66.577
-66.648
-66.841
-66.937
-66.768
-66.844
-66.713
-66.975
-66.765
-66.849
-66.975
-67.014
-67.3
-67.538
-67.445
-67.559
-67.88
-68.195
-68.533
-68.788
-68.856
-68.968
-69.164
-69.466
-69.796
-69.828
-69.935
-69.673
-69.644
-69.459
-69.224
-69.211
-68.907
-68.735
-68.663
-68.469
-68.207
-68.08
-67.993
-68.108
-67.884
-67.571
-67.761
-67.689
-67.586
