-78.161
-78.136
-78.323
-78.45
-78.492
-78.602
-78.578
-78.758
-78.715
-78.719
-78.838
-78.79
-78.866
-78.795
-78.958
-78.982
-79.146
-79.46
-79.417
-79.534
-79.286
-79.417
-79.534
-79.806
-79.799
-79.712
-79.773
-80
-80.142
-80.34
-80.181
-80.057
-80.014
-80.488
-80.628
-80.724
-80.834
-80.921
-80.791
-81.041
-80.86
-80.656
-80.802
-80.583
-80.447
-80.479
-80.495
-80.299
-80.589
-80.69
-80.408
-80.387
-80.438
-80.519
-80.237
-80.245
-80.38
-80.309
-80.225
-79.932
-79.804
-79.923
-79.724
-79.797
-79.979
-79.772
-79.777
-79.692
-79.831
-79.734
-79.46
-79.344
-79.408
-79.325
-79.218
-79.252
-79.16
-79.414
-79.54
-79.769
-79.801
-79.613
-79.678
-79.729
-79.874
-80.116
-80.378
-80.396
-80.631
-80.667
-80.929
-80.759
-80.9
-80.939
-81.028
-81.152
-81.437
-81.644
-81.492
-81.497
-81.461
-81.733
-81.785
-81.779
-81.514
-81.601
-81.419
-81.5
-81.499
-81.553
-81.577
-81.572
-81.566
-81.649
-81.525
-81.335
-81.412
-81.325
-81.369
-81.236
-81.285
-81.361
-81.703
-81.732
-81.942
-82.099
-82.038
-81.744
-81.662
-81.479
-81.698
-81.39
-81.608
-81.692
-81.823
-81.853
-81.658
-81.735
-81.637
-81.753
-81.805
-82.054
-81.908
-82.136
-82.074
-81.864
-82.035
-82.286
-82.144
-81.908
-81.549
-81.472
-81.691
-81.871
-81.846
-81.697
-81.741
-81.84
-81.698
-81.436
-81.512
-81.145
-81.306
-81.411
-81.293
-81.045
-80.961
-81.181
-81.288
-81.268
-81.361
-81.417
-81.514
-81.548
-81.243
-81.144
-81.589
-81.461
-81.573
-81.872
-81.662
-81.44
-81.457
-81.286
-81.308
-81.393
-81.669
-81.766
-81.839
-81.972
-82.066
-82.077
-81.96
-81.73
-81.646
-81.458
-81.459
-81.492
-81.968
-82.135
-82.058
-81.826
-81.732
-81.607
-81.586
-81.692
-81.893
-82.038
-81.783
-81.901
-81.694
-81.885
-81.795
-81.525
-81.575
-81.325
-81.258
-81.371
-81.105
-81.37
-81.142
-80.936
-81.408
-81.822
-82.075
-82.027
-81.908
-81.788
-81.817
-81.808
-81.953
-81.827
-81.757
-82.002
-81.639
-81.714
-81.543
-81.292
-81.471
-81.333
-81.176
-81.072
-81.12
-80.971
-80.933
-80.974
-80.699
-80.751
-80.49
-80.489
-80.455
-80.493
-80.489
-80.321
-80.565
-80.714
-80.238
-79.953
-79.384
-78.973
-78.514
-78.439
-78.128
-77.973
-77.727
-77.623
-77.408
-77.074
-76.58
-76.063
-75.8
-75.891
-75.591
-75.401
-75.074
-74.73
-74.542
-74.207
-74.012
-73.82
-73.756
-73.67
-73.612
-73.7
-73.741
-73.874
-73.731
-73.855
-73.86
-73.612
-73.449
-73.295
-73.372
-73.132
-73.259
-73.298
-73.187
-73.223
-73.049
-73.061
-72.928
-72.773
-72.864
-72.749
-72.961
-72.788
-72.742
-72.741
-72.676
-72.442
-72.393
-72.124
-72.184
-72.296
-72.315
-72.05
-71.811
-71.866
-71.715
-71.7
-71.754
-71.739
-71.651
-71.558
-71.371
-71.473
-71.583
-71.685
-71.463
-71.248
-70.766
-70.368
-69.978
-69.556
-69.096
-68.674
-68.389
-68.246
-67.982
-67.787
-67.461
-67.248
-66.892
-66.743
-66.754
-66.898
-66.562
-66.461
-66.23
-65.935
-65.61
-65.245
-64.958
-64.677
-64.447
-64.359
-64.255
-64.137
-64.13
-64.126
-64.118
-63.758
-63.81
-63.578
-63.492
-63.237
-63.353
-63.506
-63.35
-63.18
-63.237
-63.321
-63.265
-63.186
-62.873
-62.904
-62.683
-62.448
-62.593
-62.689
-62.888
-62.969
-62.873
-62.81
-62.813
-62.935
-62.923
-63.002
-63.134
-62.901
-62.815
-62.608
-62.199
-62.304
-62.211
-62.237
-62.502
-62.243
-62.399
-62.454
-62.682
-62.757
-62.669
-62.754
-62.846
-62.725
-62.723
-62.946
-63.064
-63.022
-63.033
-62.922
-62.729
-62.836
-62.921
-63.002
-63.085
-62.996
-63
-63.062
-63.322
-63.404
-63.353
-63.615
-63.569
-63.33
-63.473
-63.257
-63.447
-63.235
-63.327
-63.415
-63.82
-63.793
-64.194
-64.427
-64.315
-64.452
-64.565
-64.684
-64.669
-64.634
-64.653
-64.672
-64.476
-64.772
-64.79
-64.954
-64.921
-64.918
-64.885
-64.963
-65.119
-65.041
-65.068
-64.774
-64.963
-65.089
-65.143
-64.99
-65.07
-65.155
-65.148
-65.17
-65.154
-65.211
-64.966
-64.831
-65.183
-65.32
-65.12
-65.183
-65.075
-65.1
-64.949
-64.903
-64.808
-64.994
-65.262
-65.045
-65.348
-65.572
-65.626
-65.75
-65.623
-65.736
-65.802
-65.696
-65.701
-65.706
-65.367
-65.518
-65.53
-65.509
-65.447
-65.217
-65.342
-65.413
-65.677
-65.591
-65.783
-66.081
-66.06
-66.148
-65.949
-66.22
-66.246
-66.185
-66.157
-66.298
-66.185
-66.036
-65.787
-65.999
-65.508
-65.436
-64.924
-64.854
-64.577
-64.142
-63.798
-63.734
-63.691
-63.728
-63.665
-63.699
-63.769
-63.524
-63.098
-62.93
-62.869
-62.553
-62.587
-62.422
-62.343
-62.194
-62.033
-61.914
-61.779
-61.708
-61.649
-61.436
-61.542
-61.448
-61.77
-61.619
-61.62
-61.533
-61.448
-61.397
-61.402
-61.509
-61.563
-61.473
-61.606
-61.592
-61.323
-60.953
-60.629
-60.203
-60.052
-59.537
-59.535
-59.364
-59.175
-58.975
-58.711
-58.126
-57.875
-57.877
-57.959
-57.832
-57.346
-57.246
-56.855
-56.333
-55.898
-55.557
-55.188
-54.731
-54.289
-53.634
-52.915
-51.726
-50.097
-47.243
-45
-45
-45
-45
-45
-45
-45
-45
-45
-45
-45
-45
-45
-45
-49.964
-56.8
-61.898
-65.449
-67.984
-69.829
-70.707
-71.807
-72.47
-72.714
-73.299
-73.615
-73.926
-74.08
-74.291
-74.215
-74.386
-74.373
-74.412
-74.47
-74.522
-74.545
-74.756
-74.791
-74.743
-74.843
-74.764
-74.934
-75.273
-75.275
-75.633
-75.486
-75.639
-75.342
-75.354
-75.209
-75.479
-75.664
-75.604
-75.868
-75.905
-75.753
-75.189
-75.232
-75.277
-75.308
-75.451
-75.392
-75.328
-75.132
-75.281
-75.082
-75.242
-75.291
-75.288
-75.3
-75.258
-75.465
-75.222
-75.351
-75.676
-75.755
-75.996
-76.317
-76.226
-76.135
-76.023
-75.633
-75.759
-75.899
-75.746
-75.751
-75.868
-76.041
-76.28
-76.257
-76.39
-76.397
-76.591
-76.741
-76.757
-76.764
-76.805
-76.806
-77.056
-77.049
-76.688
-76.57
-76.803
-76.741
-76.814
-76.964
-77.08
-76.924
-77.038
-76.996
-77.035
-76.951
-76.586
-76.938
-77.062
-77.237
-77.111
-77.142
-77.193
-77.053
-77.284
-77.177
-77.005
-77.161
-77.142
-77.342
-77.397
-77.414
-77.209
-77.173
-76.96
-76.833
-77.15
-76.724
-76.962
-76.789
-76.679
-76.888
-76.816
-76.71
-76.836
-76.894
-76.802
-76.925
-76.919
-77.043
-77.068
-77.148
-77.236
-77.07
-77.044
-76.975
-76.958
-77.102
-77.25
-77.597
-77.49
-77.176
-77.196
-76.986
-76.768
-77.149
-77.499
-77.631
-77.636
-77.761
-77.705
-77.474
-77.448
-77.535
-77.763
-77.981
-77.682
-77.857
-77.821
-77.802
-77.886
-77.893
-77.959
-77.626
-77.414
-77.485
-77.359
-77.375
-77.458
-77.582
-77.873
-77.681
-77.501
-77.579
-77.764
-77.624
-77.987
-77.953
-77.997
-77.835
-77.553
-77.584
-77.803
-77.805
-77.751
-77.808
-77.782
-77.768
-77.575
-77.848
-77.453
-77.745
-78.023
-77.964
-77.87
-78.066
-78.177
-78.494
-78.822
-78.639
-78.869
-79.016
-78.904
-78.774
-78.814
-78.774
-78.985
-78.974
-78.81
-78.697
-78.632
-78.516
-78.503
-78.738
-78.821
-78.542
-78.54
-78.828
-78.854
-78.621
-78.667
-78.779
-78.899
-79.01
-79.2
-79.214
-79.31
-79.451
-79.425
-79.358
-79.675
-79.647
-79.708
-79.951
-79.975
-80.123
-80.147
-80.151
-80.315
-80.479
-80.722
-80.721
-80.533
-80.794
-80.828
-80.814
-80.926
-81.001
-80.837
-80.994
-80.827
-80.841
-80.89
-80.751
-80.635
-80.519
-80.683
-80.772
-80.77
-81.06
-81.284
-81.216
-81.068
-81.113
-81.11
-80.849
-80.767
-80.779
-80.831
-80.822
-80.685
-80.717
-80.916
-80.854
-81.13
-80.974
-80.743
-80.846
-80.667
-80.674
-81.222
-80.981
-80.901
-80.805
-80.835
-81.022
-80.883
-80.806
-80.738
-80.897
-80.705
-80.708
-80.881
-80.901
-80.926
-80.941
-81.033
-80.984
-81.122
-81.203
-81.237
-81.198
-81.103
-81.082
-81.121
-80.996
-81.139
-81.167
-81.211
-81.307
-81.256
-81.342
-81.408
-81.342
-81.482
-81.825
-81.768
-82.13
-82.237
-82.019
-82.078
-82.092
-81.986
-82.106
-82.074
-81.916
-81.976
-82.139
-82.136
-82.059
-82.405
-82.364
-82.436
-82.122
-81.843
-81.549
-81.586
-81.559
-81.348
-81.124
-81.071
-81.027
-81.009
-81.11
-81.007
-81.037
-81.303
-81.469
-81.351
-81.415
-81.45
-81.157
-81.217
-81.463
-81.545
-81.308
-81.065
-81.246
-81.427
-81.409
-81.501
-81.541
-81.61
-81.667
-81.606
-81.396
-81.072
-81.084
-80.895
-80.719
-80.837
-80.788
-81.033
-81.14
-81.252
-81.368
-81.624
-81.879
-81.976
-81.944
-82.029
-82.194
-82.173
-82.511
-82.392
-82.142
-82.246
-82.525
-82.306
-82.57
-82.46
-82.612
-82.693
-82.812
-83.047
-82.99
-82.95
-82.697
-82.456
