-82.209
-82.259
-82.272
-82.4
-82.292
-82.286
-82.006
-81.983
-81.932
-81.95
-82.068
-82.075
-81.686
-81.566
-81.192
-81.19
-81.104
-80.972
-80.911
-81.001
-80.895
-80.696
-80.778
-80.614
-80.485
-80.278
-80.491
-80.435
-80.689
-80.57
-80.607
-80.5
-80.462
-80.412
-80.364
-80.342
-80.423
-80.367
-80.377
-80.478
-80.438
-80.322
-80.28
-80.247
-80.299
-80.451
-80.707
-80.561
-80.575
-80.493
-80.723
-80.798
-81.002
-81.123
-81.237
-81.259
-80.965
-81.147
-81.351
-81.22
-81.331
-81.189
-81.357
-81.362
-81.421
-81.486
-81.383
-81.187
-80.843
-80.75
-80.473
-79.938
-79.766
-79.81
-79.554
-79.341
-79.298
-79.634
-79.782
-80.003
-80.001
-79.65
-79.665
-79.879
-79.978
-79.921
-80.305
-80.291
-80.619
-80.655
-80.643
-80.661
-80.632
-80.724
-80.728
-80.772
-80.859
-80.771
-80.843
-80.786
-80.917
-80.863
-80.855
-80.941
-80.804
-80.82
-80.771
-80.846
-80.84
-80.451
-80.515
-80.539
-80.796
-80.754
-80.5
-80.303
-80.247
-80.09
-80.15
-80.125
-80.526
-80.465
-80.389
-80.476
-80.428
-80.759
-80.827
-80.802
-81.069
-80.899
-81.248
-81.036
-81.231
-81.592
-81.442
-81.309
-81.433
-81.233
-81.435
-81.478
-81.446
-81.662
-81.607
-81.692
-81.371
-81.487
-81.837
-81.699
-81.751
-82.066
-82.393
-82.444
-82.552
-82.458
-82.484
-82.699
-82.606
-82.615
-82.598
-82.642
-82.4
-82.392
-82.403
-82.269
-82.347
-82.501
-82.585
-82.36
-82.228
-82.396
-82.43
-82.162
-82.363
-82.082
-81.851
-81.904
-82.159
-82.521
-82.573
-82.48
-82.525
-82.559
-82.877
-82.956
-82.743
-82.717
-82.341
-82.376
-82.264
-82.197
-82.23
-82.323
-82.304
-82.273
-82.281
-82.189
-82.278
-82.398
-82.53
-82.668
-82.532
-82.545
-82.52
-82.578
-82.468
-82.491
-82.712
-82.922
-82.886
-82.905
-82.72
-82.677
-82.573
-82.507
-82.409
-82.207
-82.026
-82.342
-82.246
-82.234
-82.297
-82.534
-82.521
-82.54
-82.622
-82.634
-82.565
-82.343
-82.427
-82.208
-82.037
-81.753
-81.911
-82.093
-81.904
-82.037
-81.881
-81.389
-80.965
-81.206
-81.262
-81.29
-81.279
-80.912
-80.961
-81.04
-80.948
-81.329
-81.448
-81.546
-81.447
-81.554
-81.691
-81.418
-81.269
-81.541
-81.432
-81.907
-81.829
-81.843
-81.966
-81.956
-82.056
-82.197
-82.414
-82.39
-82.303
-82.472
-82.601
-82.491
-82.751
-82.687
-82.843
-83.043
-82.954
-83.054
-82.763
-83.102
-83.001
-83.154
-83.138
-83.11
-83.241
-83.32
-83.255
-83.348
-83.289
-83.395
-83.499
-83.339
-83.46
-83.249
-83.242
-83.521
-83.54
-83.479
-83.288
-83.502
-83.532
-83.437
-83.588
-83.655
-83.861
-83.995
-83.897
-83.966
-84.196
-83.968
-84.161
-84.161
-84.318
-84.089
-83.989
-83.856
-83.741
-83.634
-83.591
-83.452
-83.48
-83.59
-83.557
-83.454
-82.967
-83.052
-83.272
-83.544
-83.328
-82.965
-82.928
-82.898
-82.985
-83.083
-83.065
-82.947
-82.976
-82.734
-82.849
-82.918
-83.005
-83.022
-83.262
-83.241
-82.917
-83.136
-83.136
-83.344
-83.136
-82.96
-82.589
-82.41
-82.379
-82.341
-82.497
-82.373
-82.412
-82.415
-82.271
-82.215
-81.961
-82.23
-82.177
-82.269
-82.465
-82.194
-82.121
-81.942
-82.134
-82.216
-82.327
-82.677
-82.702
-82.787
-82.575
-82.591
-82.476
-82.439
-82.466
-82.617
-82.623
-82.704
-82.849
-82.503
-82.914
-83.044
-82.874
-82.914
-82.758
-82.681
-82.714
-82.686
-82.774
-82.691
-82.676
-82.768
-82.653
-82.578
-82.534
-82.421
-82.32
-82.042
-82.301
-82.156
-82.17
-82.154
-82.207
-81.862
-82.121
-82.101
-81.999
-82.054
-81.927
-82.096
-82.153
-82.276
-82.238
-82.303
-82.319
-82.122
-82.129
-81.868
-81.917
-82.09
-82.223
-81.683
-81.526
-81.624
-81.539
-81.459
-81.72
-81.59
-81.579
-81.597
-81.457
-81.556
-81.577
-81.795
-81.738
-81.888
-81.868
-82.088
-82.042
-81.797
-81.451
-81.452
-81.484
-81.296
-81.297
-81.126
-81.142
-81.024
-80.834
-80.635
-80.668
-80.703
-80.872
-81.117
-81.118
-80.956
-80.583
-80.611
-80.341
-80.012
-80.086
-79.723
-79.856
-79.63
-79.644
-79.949
-79.937
-80.083
-79.986
-80.057
-79.886
-79.851
-80.064
-80.139
-80.146
-80.007
-80.056
-79.874
-79.826
-79.839
-79.926
-79.98
-79.876
-80.009
-79.84
-79.96
-79.834
-80.005
-79.895
-79.772
-80.022
-80.12
-80.072
-79.956
-79.751
-79.88
-79.995
-79.901
-79.936
-80.034
-79.949
-79.835
-79.902
-79.857
-79.811
-79.837
-79.857
-79.976
-79.87
-79.76
-79.593
-79.439
-79.469
-79.459
-79.646
-79.706
-79.772
-79.669
-79.68
-79.745
-79.63
-79.773
-80.125
-80.18
-80.272
-80.349
-80.205
-80.257
-80.158
-80.25
-80.103
-80.156
-80.417
-80.393
-80.505
-80.215
-80.14
-80.161
-80.361
-80.44
-80.278
-80.05
-80.077
-80.275
-80.296
-80.279
-80.34
-80.374
-80.443
-80.35
-80.132
-80.201
-80.079
-79.843
-79.646
-79.671
-79.55
-79.388
-79.821
-79.842
-79.591
-79.212
-79.06
-78.894
-79.022
-78.799
-78.741
-78.369
-78.229
-78.225
-78.022
-77.948
-77.799
-77.832
-77.985
-78
-78.212
-78.068
-78.118
-77.973
-78.107
-78.266
-78.476
-78.814
-78.983
-78.82
-79.017
-79.116
-79.08
-79.252
-79.261
-79.411
-79.454
-79.444
-79.315
-79.055
-79.223
-79.317
-79.421
-79.552
-79.866
-79.825
-79.593
-79.541
-79.542
-79.325
-79.405
-79.485
-79.383
-79.349
-79.27
-79.4
-79.589
-79.435
-79.61
-79.794
-79.936
-79.558
-79.356
-79.123
-78.843
-78.684
-78.759
-78.853
-78.958
-79.153
-79.171
-79.176
-79.662
-79.931
-79.916
-79.648
-79.601
-79.593
-79.553
-79.548
-79.208
-79.456
-79.479
-79.652
-79.571
-79.458
-79.57
-79.621
-79.732
-79.614
-79.741
-79.903
-79.664
-79.871
-79.678
-79.774
-79.827
-79.805
-79.857
-79.934
-79.87
-79.892
-79.889
-79.6
-79.66
-79.905
-79.824
-79.721
-79.729
-79.895
-79.658
-79.608
-79.784
-79.598
-79.651
-79.88
-80.015
-79.867
-79.751
-79.931
-79.908
-80.114
-80.118
-80.03
-80.138
-80.152
-80.059
-80.246
-79.866
-79.706
-79.705
-79.643
-79.865
-80.073
-80.26
-80.112
-80.061
-79.906
-79.899
-79.907
-79.693
-79.804
-79.845
-79.842
-80.136
-80.147
-80.079
-80.251
-80.283
-79.667
-79.624
-79.784
-79.714
-79.877
-79.852
-80.16
-80.172
-80.168
-80.099
-80.04
-80.024
-80.192
-80.085
-79.927
-80.024
-79.932
-79.905
-79.628
-79.588
-79.69
-79.959
-80.19
-80.232
-80.148
-80.16
-80.439
-79.991
-80.065
-80.049
-80.091
-80.063
-79.876
-79.85
-79.764
-79.92
-79.67
-79.77
-79.913
-80.076
-80.239
-80.256
-80.008
-79.818
-79.671
-79.692
-79.614
-79.709
-79.777
-79.769
-79.845
-80.111
-80.057
-79.952
-79.947
-79.913
-80.045
-80.22
-80.306
-80.19
-79.897
-79.911
-79.634
-79.589
-79.58
-79.719
-79.83
-79.833
-79.913
-80.076
-80.154
-80.057
-80.031
-79.918
-80.005
-79.856
-79.932
-79.692
-79.759
-79.799
-79.747
-79.65
-79.726
-79.773
-79.784
-79.72
-79.897
-80.081
-80.248
-79.878
-79.703
-79.657
-79.356
-79.421
-79.616
-79.618
-79.801
-79.796
-79.593
-79.597
-79.787
-79.647
-79.863
-79.853
-79.992
-80.029
-79.875
-79.887
-79.893
-79.633
-79.764
-79.881
-79.802
-80.034
-80.112
-79.842
-79.849
-80.017
-80.135
-79.858
-79.909
-79.87
-79.835
-79.855
-79.587
-79.862
-80.063
-80.029
-79.954
-80.003
-79.74
-79.845
-79.573
-79.257
-79.49
-79.622
-79.521
-79.867
-79.861
-80.064
-80.079
-79.914
-80.051
-79.893
-79.876
-80.079
-79.759
-79.843
-79.796
-79.761
-80.067
-80.061
-80.154
-80.308
-80.506
-80.412
-80.289
-80.215
-79.986
-79.964
-80.073
-79.969
-80.129
-80.29
-80.037
-80.03
-79.769
-79.603
-79.552
-79.424
-79.551
-79.575
-79.552
-79.835
-79.898
-79.63
-79.877
-79.91
-79.735
-79.888
-79.84
-79.853
-79.677
-79.807
-79.864
-79.668
-79.616
-79.587
-79.84
-79.942
-80.017
-80.016
-80.095
-79.913
-79.631
-79.875
-79.761
-79.778
-80.066
-79.878
-79.944
-79.662
-79.789
-79.673
-79.621
-79.858
-79.775
-80.034
-80.303
-80.233
-80.324
-80.34
-80.354
-80.55
-80.475
-80.356
-80.305
-80.094
-79.937
-80.179
-80.067
-79.874
-79.825
-79.867
-80.083
-79.88
-79.954
-79.908
-80.08
-80.116
-80.202
-80.096
-80.315
-80.12
-79.786
-79.53
-79.672
-79.752
-79.733
-80.148
-80.407
-80.382
-80.354
-80.355
-80.333
-80.313
-80.281
-80.286
-80.234
-80.274
-80.062
-80.011
-79.924
-79.777
-79.803
-79.76
-79.781
-79.84
-80.266
-80.164
-80.036
-80.06
-80.03
-80.103
-80.043
-80.116
-79.894
-79.686
-79.731
-79.523
-79.185
-79.092
-79.192
-78.962
-78.914
-79.201
-79.461
-79.419
-79.387
-79.392
-79.284
-79.272
-79.161
-79.409
-79.281
-79.195
-79.018
-78.895
-78.904
-78.851
-78.722
-78.751
-78.797
-78.591
