-81.258
-81.255
-81.617
-81.645
-81.717
-81.662
-81.491
-81.478
-81.238
-81.084
-80.936
-81.075
-80.965
-80.752
-80.804
-80.907
-80.952
-80.615
-80.672
-80.832
-81.003
-80.991
-81.061
-81.022
-81.146
-81.053
-81.287
-81.236
-81.262
-81.496
-81.615
-81.498
-81.488
-81.154
-81.196
-81.053
-81.023
-80.822
-80.738
-80.733
-80.696
-80.808
-80.928
-81.08
-80.901
-80.971
-81.308
-81.07
-81.127
-81.296
-81.146
-81.139
-81.339
-81.6
-81.542
-81.566
-81.8
-81.616
-81.83
-81.748
-81.787
-82.248
-82.3
-82.202
-82.19
-82.114
-82.146
-82.44
-82.526
-82.467
-82.775
-82.888
-82.8
-83.21
-83.161
-83.004
-83.057
-82.688
-82.593
-82.991
-82.892
-83.227
-82.897
-82.9
-82.783
-82.893
-82.799
-82.876
-82.916
-82.939
-83.105
-82.897
-82.685
-82.734
-82.786
-82.775
-82.791
-82.794
-82.788
-82.973
-82.88
-82.95
-82.973
-82.727
-82.746
-82.99
-83.206
-83.095
-83.063
-82.996
-82.812
-82.729
-82.634
-82.887
-83.15
-83.185
-83.184
-83.148
-83.099
-83.328
-83.14
-83.152
-83.048
-82.838
-82.888
-83.084
-82.89
-82.815
-82.908
-82.995
-83.168
-83.176
-83.153
-83.179
-83.257
-83.156
-83.241
-83.462
-83.32
-83.192
-83.153
-83.321
-83.264
-83.576
-83.731
-83.498
-83.376
-83.759
-83.919
-83.682
-83.449
-83.783
-84.119
-84.095
-83.985
-83.849
-83.948
-84.016
-83.767
-83.763
-83.936
-83.968
-83.935
-83.819
-84.056
-84.182
-84.138
-84.305
-84.429
-84.458
-84.216
-84.192
-84.3
-84.069
-83.841
-84.053
-84.182
-84.024
-83.898
-83.773
-83.907
-83.932
-84.024
-84.049
-83.806
-83.838
-83.927
-83.756
-84.054
-84.036
-84.286
-84.372
-84.518
-84.695
-85.015
-85.24
-85.128
-85.201
-85.383
-85.681
-85.596
-85.64
-85.494
-85.63
-85.63
-85.369
-85.178
-85.219
-85.351
-85.399
-85.396
-85.522
-85.531
-85.335
-85.18
-85.342
-85.309
-85.136
-85.216
-85.03
-85.214
-85.303
-85.671
-85.566
-85.499
-85.549
-85.651
-85.922
-85.818
-85.846
-86.06
-85.997
-86.396
-86.147
-86.049
-85.912
-85.99
-86.058
-86.065
-86.243
-86.301
-86.282
-86.239
-86.268
-86.409
-86.33
-86.5
-86.601
-86.644
-86.493
-86.494
-86.373
-86.383
-86.412
-86.278
-86.303
-86.129
-86.276
-86.061
-86.077
-86.461
-86.453
-86.588
-86.644
-86.607
-86.689
-86.838
-87.161
-87.206
-87.039
-86.81
-87.001
-87.235
-87.276
-87.151
-87.108
-86.893
-86.896
-87.013
-87.308
-87.103
-86.817
-86.37
-86.105
-86.135
-86.07
-85.695
-85.794
-85.184
-84.846
-84.663
-84.469
-84.064
-84.061
-84.027
-83.669
-82.911
-82.55
-82.235
-81.933
-81.78
-81.732
-81.369
-81.332
-81.258
-81.085
-80.607
-80.532
-80.474
-80.471
-80.367
-80.13
-79.907
-79.947
-79.792
-79.484
-79.539
-79.773
-79.783
-79.513
-79.429
-79.289
-79.297
-79.475
-79.503
-79.408
-79.152
-79.182
-79.147
-79.469
-79.55
-79.482
-79.668
-79.404
-79.411
-79.331
-79.403
-79.237
-79.44
-79.383
-79.365
-79.802
-79.676
-79.922
-79.682
-79.628
-79.725
-79.718
-79.496
-79.55
-79.769
-79.754
-79.811
-79.788
-80.003
-79.857
-79.914
-80.012
-80.252
-80.279
-80.29
-80.258
-80.101
-79.858
-79.996
-79.883
-80.138
-80.135
-79.896
-79.895
-79.87
-79.939
-79.719
-79.679
-79.865
-79.691
-79.616
-79.536
-79.333
-79.054
-79.292
-79.416
-79.524
-79.39
-79.481
-79.328
-79.297
-79.47
-79.604
-79.29
-79.259
-79.125
-79.127
-78.811
-78.678
-78.183
-78.127
-77.782
-77.479
-77.084
-76.747
-76.46
-75.949
-75.755
-76.05
-75.704
-75.412
-75.257
-74.802
-74.864
-74.76
-74.702
-74.795
-74.481
-74.597
-74.599
-74.4
-74.282
-74.014
-74.048
-73.735
-73.69
-73.522
-73.638
-73.63
-73.684
-73.717
-73.832
-73.685
-73.74
-73.78
-73.916
-73.811
-73.745
-73.657
-73.429
-73.52
-73.419
-73.463
-73.146
-72.94
-73.156
-73.232
-73.574
-73.441
-73.398
-73.103
-72.963
-72.81
-72.579
-72.301
-72.199
-72.309
-72.192
-72.671
-72.765
-72.496
-72.392
-72.234
-71.989
-71.849
-71.817
-71.638
-71.795
-71.768
-71.867
-71.909
-72.082
-72.1
-71.972
-72.377
-72.088
-71.924
-71.859
-72.345
-72.214
-72.29
-72.23
-72.131
-72.023
-71.969
-71.992
-72.148
-71.902
-72.052
-71.754
-71.813
-71.78
-71.793
-71.865
-72.033
-71.935
-72.259
-71.931
-71.889
-72.002
-72.219
-72.273
-72.286
-72.114
-71.834
-72.058
-71.873
-72.029
-72.132
-71.884
-71.697
-71.766
-71.651
-71.573
-71.755
-71.875
-71.764
-71.665
-71.581
-71.198
-71.036
-70.888
-70.622
-70.188
-69.838
-69.583
-69.413
-69.241
-68.818
-68.812
-68.901
-68.584
-68.598
-68.807
-68.892
-68.767
-68.785
-68.609
-68.268
-67.994
-68.034
-67.809
-67.861
-67.996
-68.024
-68.074
-68.179
-68.333
-68.011
-68.306
-67.877
-67.665
-67.612
-67.623
-67.7
-67.511
-67.312
-67.13
-66.94
-66.923
-66.99
-66.895
-66.699
-66.341
-66.576
-66.411
-66.414
-66.336
-66.327
-66.396
-66.25
-65.938
-65.996
-66.161
-66.187
-66.279
-66.412
-66.395
-66.655
-66.596
-66.723
-66.906
-67.275
-67.204
-67.572
-67.564
-67.617
-67.905
-68.132
-68.267
-67.872
-67.84
-68.032
-67.88
-67.856
-67.705
-67.911
-67.644
-67.529
-67.47
-67.248
-67.384
-67.437
-67.473
-67.521
-67.361
-67.007
-66.982
-67.175
-66.896
-66.882
-66.84
-66.954
-66.946
-66.9
-66.928
-67.005
-67.017
-67.395
-67.492
-67.244
-67.265
-67.243
-67.606
-67.701
-67.686
-67.913
-68.064
-68.077
-67.792
-67.98
-67.904
-67.864
-67.782
-67.887
-67.919
-67.904
-67.663
-67.814
-67.871
-67.725
-67.774
-67.867
-67.952
-68.014
-68.337
-68.415
-68.483
-68.71
-68.619
-68.483
-68.877
-68.833
-68.98
-68.992
-68.988
-68.839
-68.814
-68.993
-69.239
-69.322
-69.37
-69.275
-69.568
-69.563
-69.644
-69.463
-69.708
-70.191
-70.071
-69.974
-69.965
-69.957
-69.604
-69.738
-70.006
-69.95
-69.917
-69.947
-69.98
-70.219
-70.413
-70.234
-70.406
-70.482
-70.359
-70.537
-70.573
-70.633
-70.611
-70.616
-70.61
-70.641
-70.74
-70.798
-70.54
-70.248
-70.403
-70.49
-70.799
-70.843
-70.626
-70.46
-70.672
-70.588
-70.812
-71.133
-70.995
-70.632
-70.679
-70.616
-70.741
-70.811
-70.944
-70.881
-70.713
-70.747
-70.864
-71.027
-71.198
-71.563
-71.625
-71.627
-71.546
-71.714
-71.743
-71.766
-71.498
-71.693
-71.337
-70.954
-70.881
-71.201
-71.107
-71.207
-71.171
-71.213
-71.387
-71.099
-71.271
-71.309
-71.206
-71.4
-71.409
-71.177
-71.28
-71.08
-70.896
-70.275
-70.099
-69.771
-69.695
-69.571
-69.518
-69.187
-69.108
-69.19
-69.175
-68.959
-69.127
-69.023
-68.923
-68.918
-68.684
-68.597
-68.744
-68.432
-68.424
-68.52
-68.371
-68.313
-68.311
-68.461
-68.221
-67.928
-68.01
-67.966
-67.311
-67.423
-67.329
-67.132
-66.807
-67.014
-66.992
-66.692
-66.709
-66.86
-66.953
-66.871
-66.863
-66.816
-66.861
-66.823
-66.751
-66.551
-66.752
-66.813
-66.792
-66.923
-66.933
-67.04
-66.942
-66.831
-66.741
-66.79
-66.643
-66.431
-66.495
-66.484
-66.637
-66.791
-66.951
-66.459
-66.273
-66.382
-66.19
-66.124
-66
-65.932
-66.076
-65.807
-65.654
-65.992
-66.11
-66.048
-66.031
-65.724
-65.896
-66.012
-65.818
-65.794
-65.847
-65.938
-66.084
-65.916
-65.82
-66.092
-66.079
-66.026
-66.116
-66.131
-65.963
-66.153
-66.072
-66.359
-66.147
-66.024
-66.093
-66.239
-66.034
-65.934
-66.078
-66.195
-66.477
-66.548
-66.662
-66.699
-66.462
-66.544
-66.764
-66.842
-66.856
-66.995
-67.177
-67.07
-67.042
-67.039
-67.074
-67.299
-67.413
-67.298
-67.329
-67.649
-67.999
-67.832
-67.74
-67.805
-67.817
-67.882
-67.885
-68.031
-67.952
-67.925
-67.81
-67.973
-68.12
-68.077
-68.115
-68.388
-68.254
-68.471
-68.711
-69.007
-69.183
-69.099
-69.232
-69.043
-69.023
-69.033
-69.284
-69.344
-69.44
-69.528
-69.306
-69.273
-69.152
-69.038
-68.83
-68.874
-69.071
-69.059
-69.285
-69.454
-69.669
-69.778
-69.852
-69.979
-69.895
-69.781
-69.83
-69.836
-69.797
-69.889
-69.865
-69.876
-69.868
-69.805
-69.975
-69.873
-70.112
-70.073
-70.362
-70.372
-70.325
-70.464
-70.485
-70.67
-70.785
-70.66
-70.831
-70.96
-70.88
-70.609
-70.514
-70.326
-70.312
-70.352
-70.32
-70.113
-70.105
-69.981
-69.697
-69.559
-69.611
-69.301
-69.475
-69.278
-69.486
-69.508
-69.579
-69.478
-69.543
-69.65
-69.603
-69.619
-69.659
-69.524
-69.682
-69.624
-69.569
-69.662
-69.857
-69.967
-69.746
-69.821
-70.007
-70.125
-70.409
-70.52
-70.75
-70.917
-71.341
-71.665
-71.608
-71.748
-71.796
-72.014
-71.972
-72.014
-72.086
-72.29
-72.249
-72.1
-71.988
-71.962
-71.815
-72.049
-72.067
-71.865
-71.905
-71.952
-72.161
-72.111
-72.373
-72.172
