-84.149
-84.288
-84.266
-84.347
-84.19
-84.134
-84.128
-84.031
-83.87
-83.648
-83.825
-83.991
-84.115
-84.024
-83.993
-84.158
-84.109
-84.184
-84.397
-84.659
-84.766
-84.668
-84.764
-84.408
-84.449
-84.365
-84.513
-84.697
-84.619
-84.479
-84.308
-84.471
-84.517
-84.644
-84.873
-84.897
-84.898
-85.071
-84.751
-84.897
-84.7
-84.649
-84.634
-84.626
-84.438
-84.468
-84.454
-84.603
-84.83
-84.923
-84.965
-84.97
-85.095
-85.38
-84.954
-84.906
-85.197
-85.272
-85.183
-85.007
-85.179
-85.102
-85.122
-85.235
-85.272
-85.392
-85.547
-85.8
-85.948
-85.742
-85.657
-85.747
-85.876
-85.993
-85.737
-85.889
-86.012
-86.6
-86.545
-86.279
-86.258
-86.215
-86.302
-86.361
-86.24
-85.923
-85.757
-85.989
-86.03
-86.155
-86.097
-86.198
-86.387
-86.663
-86.624
-86.562
-86.751
-86.577
-86.763
-86.767
-86.83
-86.651
-86.571
-86.632
-86.603
-86.448
-86.258
-86.217
-86.028
-86.156
-86.449
-86.649
-86.75
-86.59
-86.583
-86.972
-87.108
-87.188
-87.204
-87.198
-87.343
-87.239
-87.195
-87.003
-86.92
-87.055
-87.117
-87.114
-87.207
-87.256
-87.008
-86.868
-86.879
-86.977
-87.142
-87.132
-87.04
-87.075
-87.377
-87.194
-87.166
-87.059
-87.184
-87.12
-87.319
-87.188
-87.262
-87.444
-87.29
-87.489
-87.325
-87.397
-87.378
-87.216
-86.994
-86.9
-87.39
-87.779
-87.89
-88.106
-88.125
-88.017
-88.112
-88.218
-88.511
-88.593
-88.637
-88.481
-88.826
-88.77
-88.798
-88.823
-88.841
-88.984
-88.993
-88.718
-88.806
-88.857
-89.117
-89.041
-89.08
-89.003
-89.189
-89.037
-89.2
-89.262
-89.361
-89.274
-89.339
-89.23
-89.197
-89.353
-89.509
-89.507
-89.755
-89.675
-89.721
-89.648
-89.585
-89.642
-89.723
-89.654
-89.632
-89.611
-89.583
-89.644
-89.548
-89.485
-89.381
-89.341
-89.269
-89.153
-89.173
-89.458
-89.368
-89.245
-89.076
-89.063
-88.927
-88.717
-88.503
-88.515
-88.093
-88.242
-88.186
-88.101
-88.045
-88.055
-88.082
-88.126
-88.01
-88.159
-88.206
-88.182
-88.11
-87.848
-87.907
-87.56
-87.721
-87.721
-87.702
-87.371
-87.634
-87.959
-87.802
-87.54
-87.571
-87.558
-87.713
-87.919
-88.133
-88.258
-88.471
-88.649
-88.661
-88.494
-88.657
-88.558
-88.549
-88.287
-88.266
-88.125
-88.214
-88.343
-88.362
-88.096
-87.826
-88.005
-88.236
-88.308
-88.696
-88.743
-88.891
-89.019
-89.025
-88.773
-88.694
-88.676
-88.688
-88.391
-88.457
-88.311
-88.04
-88.116
-88.154
-88.159
-87.936
-87.724
-87.552
-87.606
-87.563
-87.568
-87.476
-87.475
-87.543
-87.764
-88.048
-88.173
-88.411
-88.322
-88.339
-88.45
-88.184
-88.365
-88.452
-88.261
-88.045
-88.193
-88.329
-88.164
-88.204
-88.234
-88.4
-88.126
-88.449
-88.32
-88.411
-88.493
-88.515
-88.439
-88.32
-88.295
-88.089
-88.225
-88.469
-88.686
-88.756
-88.764
-88.604
-88.367
-88.246
-88.205
-88.469
-88.581
-88.903
-89.05
-88.878
-88.717
-88.756
-89.188
-89.109
-89.307
-89.255
-89.113
-89.005
-89.145
-89.23
-89.21
-89.521
-89.496
-89.478
-89.53
-89.665
-89.856
-89.835
-89.967
-89.657
-89.348
-89.437
-89.313
-89.61
-89.927
-89.845
-89.749
-89.674
-89.791
-89.92
-89.792
-89.925
-89.92
-89.978
-90.064
-90.023
-90.213
-90.388
-90.791
-90.771
-90.664
-90.87
-90.852
-90.687
-90.666
-90.749
-91.073
-91.101
-91.235
-91.5
-91.094
-91.194
-91.125
-90.996
-90.982
-91.13
-90.894
-90.771
-90.938
-90.652
-90.729
-90.751
-90.659
-90.664
-90.693
-90.954
-90.604
-90.838
-90.699
-91.02
-91.011
-91.144
-91.197
-90.987
-90.913
-90.902
-90.672
-90.609
-90.489
-90.357
-90.406
-90.597
-90.59
-90.583
-90.392
-90.484
-90.532
-90.405
-90.46
-90.663
-90.535
-90.906
-90.736
-90.902
-90.673
-90.404
-90.555
-90.692
-90.586
-90.52
-90.687
-90.239
-89.961
-89.815
-89.929
-89.915
-89.816
-89.663
-89.52
-89.292
-88.986
-88.962
-88.581
-88.724
-88.857
-88.715
-88.641
-88.675
-88.773
-88.833
-88.938
-89.054
-89.372
-89.201
-89.256
-89.227
-88.93
-88.512
-88.419
-88.298
-88.249
-88.089
-88.228
-88.147
-88.132
-88.174
-88.112
-87.907
-87.928
-88.05
-88.018
-88.166
-88.12
-87.931
-87.781
-87.419
-87.294
-87.458
-87.4
-87.389
-87.401
-87.268
-87.237
-87.343
-87.213
-87.563
-87.685
-87.768
-87.65
-87.525
-87.127
-86.766
-86.695
-86.773
-86.74
-86.727
-86.509
-86.583
-86.711
-86.869
-87.051
-87.01
-87.053
-87.298
-87.372
-87.402
-86.705
-86.636
-86.106
-85.845
-85.644
-85.29
-84.854
-84.539
-84.512
-84.331
-84.266
-84.066
-83.861
-83.296
-83.341
-83.184
-83.004
-82.712
-82.427
-82.379
-82.166
-82.423
-82.224
-81.874
-81.854
-82.01
-81.767
-81.804
-81.525
-81.516
-81.349
-81.32
-81.16
-81.014
-80.961
-80.852
-80.649
-80.51
-80.567
-80.325
-80.32
-80.223
-80.117
-80.232
-80.381
-80.332
-80.394
-80.516
-80.224
-80.012
-79.791
-79.726
-79.45
-79.344
-79.38
-79.238
-79.154
-78.975
-78.815
-78.944
-79.291
-79.024
-79.023
-79.116
-79.058
-79.129
-78.725
-78.842
-78.769
-78.562
-78.55
-78.518
-78.842
-79.125
-79.138
-79.255
-79.308
-79.133
-78.917
-78.742
-78.899
-78.95
-79.025
-78.996
-79.066
-78.946
-78.677
-79.016
-79.054
-79.239
-79.061
-79.06
-79.18
-79.284
-79.386
-79.451
-79.77
-79.694
-79.358
-79.237
-79.231
-79.159
-79.457
-79.435
-79.43
-79.471
-79.52
-79.409
-79.332
-79.548
-79.583
-79.287
-79.169
-79.013
-78.911
-78.616
-78.73
-78.659
-78.953
-78.862
-78.75
-78.638
-78.78
-78.897
-78.944
-78.953
-78.556
-78.106
-78.405
-78.507
-78.388
-78.058
-78.343
-78.259
-78.147
-77.985
-77.9
-77.649
-77.572
-77.486
-77.645
-77.54
-77.497
-77.492
-77.593
-77.891
-77.856
-77.802
-77.649
-77.561
-77.458
-77.33
-77.149
-77.304
-77.18
-77.447
-77.463
-77.463
-77.343
-77.399
-77.482
-77.623
-77.668
-77.852
-77.877
-77.953
-78.078
-78.045
-77.94
-78.159
-78.163
-78.016
-77.816
-77.818
-77.927
-77.755
-77.937
-78.442
-78.298
-78.312
-78.078
-78.085
-77.981
-77.931
-77.699
-77.731
-77.801
-77.846
-77.833
-78.023
-77.893
-77.861
-77.809
-78.036
-77.807
-77.58
-77.676
-77.755
-77.799
-78.324
-78.511
-78.201
-78.419
-78.514
-78.345
-77.973
-78.084
-78.28
-78.451
-78.36
-78.605
-78.84
-78.747
-79.084
-78.979
-79.2
-79.019
-79.108
-79.128
-78.895
-78.652
-78.449
-78.639
-78.558
-78.733
-78.782
-78.855
-78.891
-78.968
-79.156
-78.829
-78.841
-78.717
-78.643
-78.548
-78.692
-78.77
-78.788
-78.619
-78.766
-78.832
-78.846
-78.84
-78.914
-78.955
-78.725
-78.644
-78.645
-78.242
-78.101
-78.141
-77.916
-77.912
-78.091
-78.158
-78.125
-77.978
-77.952
-78.226
-78.353
-78.174
-78.053
-77.978
-78.059
-78.256
-78.38
-78.291
-78.228
-78.527
-78.486
-78.797
-79.069
-79.018
-78.692
-78.56
-78.526
-78.798
-78.687
-78.615
-78.646
-78.835
-78.801
-78.695
-78.521
-78.593
-78.078
-78.325
-78.34
-78.47
-78.167
-78.184
-78.026
-77.999
-78.076
-78.158
-78.355
-78.296
-78.178
-78.161
-77.963
-77.746
-77.815
-77.671
-77.584
-77.843
-77.959
-77.909
-77.965
-77.913
-78.132
-78.091
-77.828
-77.872
-77.854
-77.537
-77.469
-77.385
-77.737
-77.652
-77.516
-77.431
-77.935
-77.966
-77.794
-77.777
-77.693
-77.577
-77.459
-77.337
-77.337
-77.454
-77.037
-77.014
-76.939
-76.721
-76.553
-76.496
-76.524
-76.369
-76.342
-76.273
-75.905
-75.926
-75.637
-75.753
-75.743
-75.927
-76.026
-75.838
-75.538
-75.836
-75.89
-75.824
-75.615
-75.797
-75.819
-75.517
-75.642
-76.065
-76.035
-75.854
-75.702
-75.456
-75.421
-75.295
-75.363
-75.196
-75.27
-74.908
-74.795
-74.664
-74.817
-74.847
-74.671
-74.671
-74.941
-74.833
-74.961
-74.696
-74.821
-74.734
-74.767
-74.99
-74.705
-74.965
-75.19
-75.014
-75.111
-74.984
-74.923
-74.985
-75.05
-74.904
-75.115
-75.078
-75.116
-75.178
-75.305
-75.262
-75.169
-75.293
-75.262
-75.417
-75.649
-75.9
-75.988
-76.105
-76.417
-76.151
-76.149
-75.948
-75.726
-75.821
-75.739
-75.594
-75.405
-75.491
-75.404
-75.529
-75.489
-75.411
-75.763
-75.752
-75.731
-75.681
-75.874
-76.113
-75.944
-76.088
-75.72
-75.737
-75.88
-75.816
-75.784
-75.67
-75.772
-75.834
-75.719
-75.639
-75.558
-75.295
-75.448
-75.392
-75.113
-74.84
-74.904
-74.937
-75.088
-75.014
-75.02
-74.941
-74.851
-74.893
-74.955
-74.962
-74.959
-74.857
-74.547
-74.569
-74.238
-74.196
-74.311
-74.306
-74.546
-74.753
-74.517
-74.416
-74.197
-74.317
-74.197
-74.307
-74.095
-73.98
-73.779
-74.017
-74.02
-73.886
-73.887
-73.495
-73.185
-73.309
-73.197
-73.277
-73.286
-73.111
-72.872
-72.66
-72.601
