-74.647
-74.72
-75.214
-75.167
-74.956
-74.96
-74.992
-74.828
-74.991
-74.63
-74.809
-74.803
-74.83
-74.752
-74.573
-74.582
-74.623
-74.723
-74.364
-74.448
-74.663
-74.492
-74.467
-74.522
-74.468
-74.394
-74.491
-74.645
-74.551
-74.562
-74.283
-74.265
-74.541
-74.475
-74.691
-74.785
-74.628
-74.499
-74.68
-74.686
-74.468
-74.605
-74.656
-74.786
-74.619
-74.333
-74.368
-74.155
-74.238
-74.207
-74.524
-74.536
-74.575
-74.265
-74.359
-74.354
-74.296
-74.519
-74.286
-74.087
-74.018
-73.989
-73.976
-73.948
-73.652
-73.799
-73.649
-73.645
-73.637
-73.817
-73.859
-74.052
-73.857
-73.877
-73.712
-73.277
-73.027
-73.127
-73
-73.161
-73.681
-73.848
-73.866
-73.915
-73.945
-73.958
-74.216
-74.382
-74.39
-74.41
-74.571
-74.193
-73.972
-73.852
-73.981
-74.181
-74.157
-74.269
-74.25
-74.239
-74.219
-73.979
-73.619
-73.564
-73.468
-73.294
-73.25
-73.282
-73.352
-73.231
-73.038
-73.011
-72.976
-72.989
-73.021
-72.895
-73.308
-73.396
-73.176
-73.421
-73.798
-73.838
-73.713
-73.859
-73.771
-74.05
-73.898
-74.025
-74.02
-74.084
-74.492
-74.518
-74.462
-74.507
-74.399
-74.126
-74.091
-74.116
-74.105
-74.097
-74.08
-74.102
-73.913
-73.872
-73.719
-73.816
-73.981
-74.024
-74.091
-74.428
-74.485
-74.618
-74.757
-74.694
-74.483
-74.733
-74.891
-74.491
-73.816
-73.188
-72.467
-71.374
-70.549
-69.474
-68.681
-67.838
-67.147
-66.477
-65.84
-65.392
-64.867
-64.169
-63.932
-63.342
-63.03
-62.78
-62.629
-62.339
-61.796
-61.511
-61.189
-60.694
-59.499
-58.518
-57.321
-56.471
-55.672
-55.06
-54.486
-53.992
-53.331
-52.794
-52
-51.013
-50.472
-49.533
-48.806
-47.914
-47.112
-46.202
-45
-45
-45
-45
-45
-45
-45
-45
-45
-45
-45
-45
-45
-45
-45
-45
-45
-45
-45
-45
-48.933
-52.542
-54.864
-56.417
-57.656
-58.435
-58.747
-58.917
-59.134
-59.27
-58.954
-59.142
-59.243
-59.053
-59.021
-58.921
-58.835
-58.995
-58.833
-58.466
-58.298
-57.927
-57.858
-57.677
-57.472
-57.222
-57.186
-56.993
-56.636
-56.308
-55.974
-56.136
-55.874
-55.825
-55.637
-55.543
-55.499
-55.499
-55.397
-55.491
-55.497
-55.646
-55.745
-55.912
-55.951
-56.063
-55.977
-56.007
-55.919
-55.979
-56.252
-56.22
-56.037
-56.406
-56.415
-56.492
-56.411
-56.243
-56.397
-56.357
-56.381
-56.479
-56.563
-56.489
-56.696
-56.712
-56.923
-57.049
-56.86
-56.966
-57.045
-57.313
-57.481
-57.451
-57.45
-57.353
-57.447
-57.616
-57.876
-57.833
-57.879
-58.12
-58.147
-58.31
-58.176
-58.337
-58.157
-57.846
-56.897
-56.518
-55.981
-55.172
-54.525
-54.056
-53.657
-52.993
-52.344
-51.76
-51.34
-50.77
-50.066
-49.679
-49.376
-48.801
-48.445
-47.716
-47.341
-46.211
-45
-45
-45
-45
-45
-45
-45
-45
-45
-45
-45
-45
-45
-45
-45
-45
-45
-45
-45
-45.503
-50.24
-53.9
-56.266
-58.68
-59.995
-60.623
-60.924
-60.932
-60.862
-60.632
-60.213
-59.797
-59.561
-59.137
-58.832
-58.09
-57.923
-57.464
-57.095
-56.725
-56.389
-55.975
-55.839
-55.581
-55.304
-54.979
-54.891
-54.789
-54.761
-54.446
-54.226
-54.117
-53.875
-53.785
-53.851
-53.528
-53.809
-53.593
-53.525
-53.406
-53.052
-53.07
-53.172
-53.213
-53.221
-53.414
-53.33
-53.374
-53.344
-53.314
-53.47
-53.489
-53.725
-53.789
-54.075
-54.355
-54.394
-54.62
-54.564
-54.454
-54.172
-54.142
-53.762
-53.13
-52.54
-52.086
-51.357
-50.597
-50.032
-49.413
-48.501
-47.786
-46.877
-45.973
-45.066
-45
-45
-45
-45
-45
-45
-45
-45
-45
-45
-45
-45
-45
-45
-45
-45
-45
-45
-47.238
-51.395
-54.963
-57.337
-59.275
-60.563
-61.457
-62.373
-62.974
-63.329
-63.658
-63.787
-64.032
-64.031
-64.135
-64.142
-63.958
-64.059
-63.851
-64.025
-64.286
-64.559
-64.366
-64.385
-64.55
-64.795
-64.902
-65.015
-64.953
-65.025
-65.147
-64.966
-65.044
-65.084
-65.095
-65.171
-65.192
-65.203
-65.108
-64.924
-64.955
-64.901
-64.919
-64.877
-65.15
-65.165
-65.35
-65.457
-65.391
-65.625
-65.675
-65.801
-65.993
-66.075
-66.045
-66.264
-66.128
-66.085
-66.108
-66.191
-66.254
-66.37
-66.401
-66.395
-66.469
-66.534
-66.475
-66.81
-67.051
-66.963
-67.171
-67.152
-66.952
-67.032
-67.438
-67.313
-66.932
-66.988
-67.191
-67.651
-67.481
-67.794
-67.75
-67.82
-67.973
-67.937
-67.69
-67.868
-68.086
-68.148
-68.346
-68.427
-68.662
-68.677
-68.791
-68.741
-68.646
-68.927
-69.008
-69.399
-69.585
-69.533
-69.706
-69.851
-69.67
-69.877
-70.183
-69.925
-70.23
-70.314
-70.532
-70.496
-70.626
-70.58
-70.689
-70.526
-70.508
-70.873
-70.802
-70.825
-70.918
-70.734
-70.916
-70.894
-71.08
-70.966
-71.123
-71.304
-71.284
-71.261
-71.086
-71.279
-71.213
-71.242
-71.445
-71.527
-71.955
-72.119
-72.225
-72.262
-72.265
-72.437
-72.196
-72.457
-72.463
-72.301
-72.582
-72.569
-72.508
-72.595
-72.634
-72.699
-72.788
-73.025
-73.238
-73.176
-73.146
-73.285
-73.676
-73.627
-73.773
-73.724
-73.922
-74.165
-74.296
-74.093
-74.265
-74.163
-73.835
-73.303
-72.546
-71.704
-70.283
-68.578
-66.628
-64.803
-62.729
-60.613
-58.685
-56.76
-54.887
-53.468
-52.361
-51.033
-49.76
-48.241
-47.098
-45.44
-45
-45
-45
-45
-45
-45
-45
-45
-45
-45
-45
-45
-45
-45
-45
-45
-45
-45
-45
-49.361
-52.94
-55.69
-57.466
-58.941
-59.602
-60.416
-60.806
-61.003
-61.371
-61.427
-61.343
-61.467
-61.44
-61.304
-61.506
-61.799
-61.72
-61.749
-61.563
-61.486
-61.317
-61.307
-61.354
-61.302
-61.457
-61.332
-61.357
-61.316
-61.376
-61.53
-61.658
-61.484
-61.511
-61.825
-61.754
-61.789
-61.829
-61.665
-62.082
-62.216
-62.165
-62.619
-62.589
-62.588
-62.621
-62.865
-62.534
-62.732
-62.812
-62.93
-63.056
-62.984
-63.273
-63.248
-63.58
-63.751
-63.705
-63.809
-63.685
-63.904
-63.915
-63.874
-63.961
-64.359
-64.683
-64.723
-64.574
-64.775
-65.002
-65.124
-65.19
-65.043
-65.022
-65.1
-65.392
-65.39
-65.557
-65.812
-65.936
-65.849
-66.024
-66.157
-66.15
-66.253
-66.48
-66.449
-66.151
-66.331
-66.43
-66.362
-66.823
-67.055
-66.789
-66.991
-67.274
-67.399
-67.478
-67.836
-67.917
-68.135
-68.319
-68.32
-68.213
-68.189
-68.166
-67.943
-67.955
-67.929
-68.144
-68.256
-68.081
-68.191
-68.303
-68.619
-68.631
-69.051
-68.893
-69.126
-69.237
-69.453
-69.299
-69.337
-69.534
-69.722
-70.131
-70.279
-70.363
-70.42
-70.434
-70.639
-70.628
-70.936
-70.981
-70.889
-71.036
-71.068
-71.051
-70.772
-70.86
-70.995
-71.067
-71.337
-71.316
-71.595
-71.416
-71.461
-71.528
-71.67
-71.993
-72.113
-71.873
-72.15
-72.257
-72.213
-72.407
-72.573
-72.536
-72.678
-72.892
-72.954
-72.585
-72.683
-72.67
-72.763
-72.94
-72.931
-73.223
-73.513
-73.537
-73.748
-73.684
-73.867
-73.799
-73.758
-73.96
-73.784
-73.796
-74.03
-74.136
-73.912
-74.038
-74.14
-74.216
-74.045
-74.125
-74.028
-74.194
-74.247
-74.217
-74.378
-74.185
-74.309
-74.211
-74.183
-74.043
-74.15
-74.496
-74.434
-74.071
-74.174
-74.436
-74.556
-74.614
-74.626
-74.557
-74.423
-74.343
-74.15
-74.251
-74.315
-74.251
-74.597
-74.486
-74.315
-74.636
-74.596
-74.545
-74.591
-74.628
-74.688
-74.606
-74.662
-74.788
-74.466
-74.503
-74.383
-74.498
-74.288
-74.374
-74.409
-74.338
-74.307
-74.448
-74.338
-74.473
-74.509
-74.535
-74.368
-74.363
-74.45
-74.517
-74.572
-74.554
-74.543
-74.675
-74.698
-74.771
-74.779
-74.863
-75.007
-74.97
-75.152
-75.068
-74.873
-75.111
-74.982
-74.777
-74.985
-74.921
-75.643
-75.6
-75.518
-75.693
-75.763
-75.889
-75.923
-76.081
-76.141
-76.068
-76.183
-76.209
-76.206
-76.301
-76.347
-76.234
-76.089
-75.926
-76.044
-76.076
-76.091
-76.132
-76.045
-75.943
-76.213
-76.552
-76.687
-76.536
-76.305
-76.38
-76.313
-76.335
-76.355
-76.382
-76.42
-76.641
-76.778
-76.937
-76.967
-77.306
-77.352
-77.147
-77.189
-77.152
-77.183
-77.005
-76.982
-76.609
-76.754
-76.835
-77.108
-77.134
-77.001
-77.387
-77.603
-77.399
-77.328
-77.275
-77.367
-77.562
-77.787
-77.931
-78.541
-78.185
-78.254
-78.323
-78.081
-78.073
-78.162
-78.113
-78.303
-78.301
-78.143
-78.342
-78.605
-79.064
-78.99
-79.05
-78.983
-79.22
-79.234
-79.142
-79.132
-79.247
-79.072
-79.172
-79.096
-78.838
-78.639
-78.811
-78.591
-78.862
-79.026
