-68.839
-68.672
-68.773
-68.817
-68.761
-68.836
-68.953
-68.863
-69.147
-69.104
-69.332
-69.508
-69.839
-69.604
-69.439
-69.554
-69.33
-69.148
-69.305
-69.237
-69.444
-69.307
-68.924
-68.916
-68.975
-68.961
-68.688
-68.767
-68.858
-68.96
-69.271
-69.419
-69.386
-69.251
-69.126
-69.339
-69.24
-69.273
-69.222
-69.356
-69.312
-69.034
-69.255
-69.581
-69.88
-69.648
-69.803
-70.019
-70.189
-70.05
-69.923
-70.136
-70.006
-70.119
-70.289
-70.245
-70.278
-70.496
-70.757
-70.989
-71.044
-71.252
-71.426
-71.547
-71.881
-72.057
-72.083
-72.051
-72.195
-72.194
-72.312
-72.294
-72.364
-72.675
-72.53
-72.497
-72.394
-72.35
-72.441
-72.232
-71.966
-71.84
-71.697
-71.993
-72.011
-71.789
-71.749
-71.555
-71.646
-71.858
-71.683
-71.815
-71.849
-71.673
-71.561
-71.712
-71.577
-71.394
-71.265
-71.171
-71.291
-71.538
-71.591
-71.743
-71.569
-71.478
-71.654
-71.692
-71.977
-71.772
-71.702
-71.6
-71.653
-71.793
-72.203
-72.146
-72.127
-72.154
-72.138
-72.175
-72.23
-72.016
-72.045
-72.235
-72.226
-72.328
-72.14
-72.073
-72.194
-72.136
-72.074
-72.164
-72.417
-72.267
-72.529
-72.643
-72.772
-72.578
-72.573
-72.642
-72.884
-73.128
-73.286
-73.367
-73.396
-73.754
-73.843
-73.782
-73.563
-73.348
-73.348
-73.484
-73.717
-73.44
-73.493
-73.735
-73.789
-73.659
-73.503
-73.884
-73.918
-73.676
-73.577
-73.613
-73.927
-73.895
-74.04
-73.89
-73.866
-73.844
-73.867
-73.688
-73.626
-73.831
-73.928
-74.095
-74.026
-73.845
-73.787
-73.657
-73.346
-73.484
-73.495
-73.411
-73.22
-72.876
-72.603
-72.611
-72.716
-72.606
-72.63
-72.922
-73.087
-72.961
-72.951
-72.722
-72.764
-73
-72.869
-72.795
-72.885
-72.976
-73.016
-72.832
-72.608
-72.473
-72.595
-72.461
-72.388
-72.25
-72.012
-72.095
-72.283
-72.371
-72.203
-72.219
-72.097
-72.165
-72.22
-72.329
-72.561
-72.613
-72.698
-72.517
-72.173
-72.157
-72.008
-72.257
-72.249
-72.131
-72.268
-72.291
-72.584
-72.493
-72.66
-72.684
-72.622
-72.668
-72.587
-72.62
-72.685
-72.499
-72.444
-72.434
-72.348
-72.204
-72.164
-72.212
-72.33
-72.29
-72.074
-72.198
-72.307
-72.064
-71.942
-72.063
-72.311
-72.583
-72.628
-72.726
-72.779
-72.769
-72.764
-72.521
-72.641
-72.59
-72.428
-72.469
-72.437
-72.633
-72.725
-72.479
-72.814
-72.583
-72.737
-72.598
-72.349
-72.197
-72.238
-72.323
-72.178
-72.289
-72.38
-72.25
-72.085
-71.599
-71.934
-71.998
-72.165
-72.165
-71.977
-72.041
-72.103
-72.086
-72.221
-72.231
-72.405
-72.151
-72.216
-72.283
-72.238
-72.403
-72.294
-72.357
-72.453
-72.478
-72.403
-72.434
-72.364
-72.741
-72.732
-72.665
-72.676
-72.922
-72.988
-72.891
-72.867
-72.934
-72.836
-72.619
-72.73
-72.731
-72.6
-72.326
-72.219
-72.338
-72.12
-72.137
-72.068
-72.204
-72.018
-72.171
-72.331
-72.313
-72.048
-71.874
-71.764
-71.587
-71.613
-71.602
-71.563
-71.64
-71.775
-71.676
-71.739
-71.451
-71.679
-71.853
-72.096
-72.073
-72.172
-71.893
-71.835
-71.584
-71.722
-71.941
-71.752
-71.68
-71.526
-71.761
-71.671
-72.093
-71.946
-71.983
-72.21
-72.331
-72.325
-72.373
-72.019
-72.196
-72.27
-72.401
-72.469
-72.363
-71.95
-72.269
-72.162
-72.265
-72.499
-72.461
-72.583
-72.363
-72.246
-72.066
-72.001
-72.103
-72.178
-72.207
-72.124
-72.248
-72.237
-72.226
-72.106
-72.093
-72.405
-72.357
-72.402
-72.155
-72.288
-72.382
-72.662
-72.456
-72.421
-72.267
-72.368
-72.419
-72.584
-72.34
-72.176
-71.876
-71.574
-71.443
-71.229
-71.17
-70.998
-70.865
-70.74
-70.374
-70.358
-70.102
-70.059
-69.877
-70.153
-69.968
-69.862
-69.982
-69.678
-69.698
-69.697
-69.526
-69.356
-69.574
-69.628
-69.497
-69.481
-69.497
-69.663
-69.199
-69.088
-68.899
-68.931
-68.922
-69.076
-69.113
-69.286
-69.244
-69.244
-69.261
-68.968
-68.952
-68.893
-68.522
-68.767
-68.981
-68.82
-68.857
-68.917
-68.819
-68.782
-68.894
-68.893
-69.146
-69.037
-68.857
-68.929
-69.017
-69.03
-69.151
-69.046
-68.998
-69.008
-69.056
-69.123
-68.842
-69.047
-69.185
-69.392
-69.456
-69.497
-69.572
-69.67
-69.925
-69.926
-70.03
-69.949
-70.19
-70.373
-70.752
-70.397
-70.449
-70.4
-70.742
-70.62
-70.433
-70.176
-69.88
-69.831
-69.456
-69.355
-69.157
-68.744
-68.517
-68.306
-68.34
-68.102
-67.982
-67.756
-67.465
-67.28
-67.197
-67.047
-66.84
-66.761
-66.61
-66.613
-66.65
-66.703
-66.735
-66.812
-66.619
-66.525
-66.523
-66.48
-66.398
-66.148
-66.114
-66.263
-66.148
-66.474
-66.227
-66.103
-66.072
-66.116
-65.94
-66.027
-65.85
-65.575
-65.976
-65.927
-65.677
-65.488
-65.545
-65.286
-65.319
-65.387
-65.037
-65.173
-65.273
-65.327
-64.982
-64.954
-64.913
-64.929
-64.713
-64.738
-64.949
-64.926
-64.699
-64.851
-64.988
-64.896
-65.144
-65.053
-65.285
-65.058
-65.16
-65.104
-64.799
-64.673
-64.628
-64.662
-64.735
-64.747
-64.576
-64.729
-64.675
-64.906
-65.024
-65.12
-65.229
-65.19
-65.027
-65.135
-65.05
-65.112
-65.17
-65.187
-64.918
-64.952
-65.158
-65.048
-64.932
-65.048
-64.962
-65.086
-65.019
-64.838
-64.817
-64.813
-65.027
-64.869
-65.125
-65.14
-65.063
-65.218
-65.451
-65.345
-65.226
-65.303
-65.066
-65.28
-65.67
-65.808
-65.627
-65.767
-65.856
-65.982
-66.04
-66.08
-66.242
-66.382
-66.369
-66.161
-66.226
-66.251
-66.036
-65.859
-66.013
-66.206
-65.928
-65.889
-66.085
-66.292
-66.263
-66.341
-66.212
-66.332
-66.204
-66.162
-66.063
-65.942
-65.916
-65.911
-65.678
-65.83
-65.82
-65.861
-65.977
-65.787
-65.894
-66.353
-66.278
-66.468
-66.567
-66.417
-66.676
-66.712
-66.626
-66.55
-66.329
-66.156
-66.3
-66.888
-66.76
-66.837
-66.754
-66.76
-66.777
-66.87
-66.929
-66.834
-66.672
-66.495
-66.691
-66.439
-66.286
-66.574
-66.852
-66.896
-66.975
-66.704
-66.697
-66.687
-66.794
-66.644
-66.61
-66.353
-66.351
-66.278
-66.29
-66.243
-66.165
-65.899
-65.961
-66.061
-65.858
-65.724
-65.645
-65.804
-66.065
-66.143
-66.131
-66.074
-66.246
-66.281
-66.467
-66.578
-66.91
-66.878
-66.857
-67.016
-67.13
-67.187
-67.282
-66.883
-67.029
-67.206
-67.408
-67.351
-67.704
-67.828
-68.018
-68.136
-68.165
-68.219
-68.131
-68.229
-68.29
-68.177
-67.888
-67.68
-67.841
-67.73
-67.563
-67.314
-67.321
-67.306
-67.222
-66.943
-66.989
-67.015
-67.076
-67.125
-66.875
-66.787
-66.578
-66.28
-66.143
-66.384
-66.505
-66.647
-66.617
-66.618
-66.716
-66.834
-66.666
-66.661
-66.763
-66.705
-66.649
-66.594
-66.751
-66.971
-66.981
-66.997
-67.295
-67.531
-67.568
-67.67
-68.184
-68.19
-68.379
-68.615
-68.701
-68.812
-69.077
-69.271
-68.999
-69.083
-68.987
-69.165
-69.52
-69.474
-69.552
-69.535
-69.483
-69.362
-69.503
-69.267
-69.495
-69.486
-69.439
-69.205
-69.458
-69.363
-69.388
-69.48
-69.649
-69.673
-69.831
-69.902
-70.152
-70.139
-70.14
-70.164
-69.959
-70.001
-70.128
-70.221
-70.4
-70.37
-70.385
-70.56
-70.639
-70.674
-70.467
-70.235
-70.097
-69.815
-69.773
-69.872
-69.996
-69.847
-69.982
-70.111
-70.085
-70.149
-70.122
-70.223
-70.479
-70.33
-70.549
-70.404
-70.31
-70.486
-70.506
-70.476
-70.555
-70.462
-70.448
-70.253
-70.214
-70.172
-70.151
-70.016
-69.995
-69.966
-69.996
-69.925
-69.897
-69.797
-69.751
-69.788
-69.916
-69.68
-69.601
-69.48
-69.393
-69.359
-69.221
-69.006
-69.084
-69.013
-68.905
-69.125
-69.096
-69.029
-69.257
-69.244
-69.589
-69.51
-69.728
-69.601
-69.89
-70.225
-70.055
-69.973
-70.213
-70.382
-69.999
-70.169
-70.078
-69.978
-69.845
-69.925
-69.807
-69.767
-69.771
-69.677
-70.061
-70.138
-69.874
-69.724
-69.388
-69.185
-69.157
-69.201
-69.183
-69.047
-69.264
-68.996
-69.137
-69.142
-69.2
-69.297
-69.463
-69.577
-69.514
-69.265
-69.054
-69.225
-69.103
-68.941
-68.755
-68.615
-68.707
-68.492
-68.351
-68.122
-68.018
-67.953
-67.945
-67.884
-68.184
-68.07
-68.145
-68.017
-68.069
-68.363
-68.423
-68.42
-68.307
-68.265
-68.501
-68.299
-68.352
-68.213
-68.331
-68.152
-68.104
-68.076
-68.105
-68.086
-68.377
-68.321
-68.399
-68.316
-68.365
-68.191
-68.026
-68.101
-67.988
-67.85
-67.478
-67.365
-67.358
-67.607
-67.31
-67.411
-67.609
-67.66
-67.542
-67.729
-67.838
-67.943
-67.948
-68.024
-67.889
-68.247
-68.201
-68.128
-68.004
-68.216
-68.252
-68.302
-68.438
-68.388
-68.703
-68.653
-68.732
-68.749
-68.875
-69.126
-69.461
-69.489
-69.224
-69.285
-69.34
-69.145
-69.049
-69.153
-69.316
-69.392
-69.136
-69.239
-69.345
-69.224
-69.316
-69.264
-69.361
-69.51
