-73.941
-73.854
-74.774
-75.826
-76.941
-77.746
-78.448
-78.868
-79.235
-79.41
-79.529
-79.493
-79.525
-79.88
-80.027
-79.92
-80.006
-80.168
-80.15
-80.041
-79.903
-79.817
-79.911
-79.988
-79.928
-80.079
-80.367
-80.411
-80.168
-80.281
-80.568
-80.349
-80.394
-80.478
-80.325
-80.35
-80.145
-79.967
-80
-79.95
-79.685
-79.747
-79.599
-79.689
-79.676
-79.484
-79.732
-79.851
-79.865
-79.958
-80.189
-80.181
-80.385
-80.44
-80.234
-79.935
-79.97
-80.038
-79.923
-80.11
-80.073
-80.132
-80.535
-80.299
-80.287
-80.028
-79.946
-80.125
-80.234
-80.023
-79.984
-80.011
-80.058
-79.987
-80.141
-80.172
-79.83
-79.723
-79.669
-79.811
-79.742
-79.777
-79.703
-79.885
-79.99
-79.957
-79.817
-79.905
-80.067
-80.249
-80.017
-80.124
-79.778
-79.701
-79.85
-79.616
-79.666
-79.725
-79.766
-79.746
-79.739
-79.664
-79.613
-79.776
-79.845
-79.813
-79.75
-79.872
-79.883
-79.761
-79.707
-79.59
-79.578
-79.894
-79.829
-79.992
-79.879
-79.974
-79.855
-80.056
-80.006
-80.077
-80.255
-80.242
-80.082
-79.903
-79.724
-79.425
-79.573
-79.69
-79.824
-79.726
-79.409
-79.448
-79.414
-79.259
-79.431
-79.851
-79.84
-79.799
-79.8
-79.954
-79.918
-79.756
-79.885
-79.835
-80.159
-80.486
-80.633
-80.838
-80.854
-80.939
-80.844
-80.885
-80.757
-80.988
-81.035
-80.943
-80.935
-80.59
-80.337
-80.432
-80.523
-80.342
-80.287
-80.333
-80.088
-80.202
-80.089
-79.807
-79.938
-80.099
-80.134
-80.25
-80.239
-80.379
-80.437
-80.229
-80.598
-80.418
-80.422
-80.409
-80.394
-80.313
-80.094
-80.377
-80.576
-80.69
-80.675
-80.484
-80.243
-80.296
-80.321
-80.114
-79.8
-79.574
-79.633
-79.638
-79.729
-79.619
-79.367
-79.331
-79.364
-79.55
-79.827
-79.821
-79.604
-79.743
-79.984
-80.134
-80.191
-80.136
-80.088
-80.148
-80.004
-79.936
-79.83
-79.761
-79.848
-79.724
-79.987
-79.95
-79.901
-79.816
-79.574
-79.35
-79.399
-79.591
-79.474
-79.494
-79.902
-79.749
-79.854
-79.583
-79.773
-79.704
-79.672
-79.398
-79.003
-78.969
-79.069
-79.267
-79.285
-79.181
-79.011
-79.103
-79.277
-79.192
-79.451
-79.413
-79.375
-79.525
-79.243
-79.185
-79.553
-79.713
-79.76
-80.081
-80.037
-79.99
-79.899
-79.911
-79.884
-79.867
-80.192
-80.083
-80.111
-79.865
-79.631
-79.671
-79.667
-79.648
-79.453
-79.629
-79.828
-79.912
-79.87
-79.861
-79.57
-79.282
-79.457
-79.382
-79.388
-79.285
-79.209
-79.183
-79.277
-79.205
-78.934
-78.935
-79.273
-79.358
-79.277
-79.483
-79.825
-79.803
-79.466
-79.518
-79.525
-79.911
-80.03
-80.264
-80.169
-79.971
-79.459
-79.503
-79.387
-79.446
-79.288
-79.27
-79.061
-79.173
-79.319
-78.966
-78.786
-78.706
-78.587
-78.807
-78.883
-78.886
-78.91
-78.862
-78.673
-78.637
-78.634
-78.889
-78.991
-79.073
-78.958
-78.644
-78.837
-79.009
-79.245
-79.182
-79.268
-79.022
-79.198
-79.181
-79.217
-78.715
-78.878
-78.893
-79.014
-78.563
-78.667
-78.58
-78.546
-78.552
-78.48
-78.467
-78.858
-78.866
-78.899
-78.576
-78.588
-78.512
-78.496
-78.513
-78.818
-78.762
-78.733
-78.796
-78.867
-78.931
-78.957
-79.048
-79.048
-79.162
-78.71
-78.735
-78.686
-78.572
-78.374
-78.214
-78.003
-77.965
-77.958
-78.231
-78.502
-78.254
-78.383
-78.712
-78.517
-78.613
-78.678
-78.615
-78.545
-78.658
-78.696
-78.634
-78.77
-78.854
-78.978
-79.019
-79.048
-79.125
-79.317
-79.421
-79.385
-78.941
-78.855
-78.98
-79.06
-79.154
-79.119
-79.172
-79.132
-79.321
-79.389
-79.303
-79.376
-79.307
-79.352
-79.258
-79.276
-79.315
-79.291
-79.178
-79.13
-79.06
-78.83
-78.534
-78.547
-78.517
-78.374
-78.54
-78.539
-78.651
-78.892
-79.105
-79.133
-78.991
-79.108
-79.091
-78.994
-78.947
-79.053
-79.074
-78.91
-78.76
-78.526
-78.57
-78.87
-78.983
-78.993
-79.032
-78.693
-78.414
-78.27
-78.359
-78.456
-78.241
-78.22
-78.374
-78.211
-78.146
-78.234
-78.432
-78.391
-78.663
-78.669
-78.622
-78.715
-78.926
-78.935
-78.879
-79.126
-79.11
-78.993
-78.976
-78.929
-78.866
-78.98
-79.169
-79.186
-79.315
-79.209
-79.031
-78.997
-79.148
-78.92
-78.878
-78.922
-78.901
-78.726
-78.758
-78.64
-78.469
-78.739
-78.703
-78.509
-78.414
-78.472
-78.437
-78.484
-78.655
-78.678
-78.545
-78.443
-78.524
-78.537
-78.531
-78.21
-78.223
-78.051
-77.363
-76.751
-76.157
-75.436
-74.362
-73.478
-72.597
-71.711
-71.119
-70.291
-69.46
-69.08
-68.568
-67.845
-67.519
-67.039
-66.662
-66.505
-66.045
-65.529
-64.937
-64.624
-64.487
-64.643
-64.182
-63.398
-62.932
-62.217
-61.425
-60.377
-59.512
-59.053
-58.302
-57.741
-57.143
-56.579
-56.228
-55.969
-55.217
-54.551
-54.128
-53.738
-53.228
-52.763
-52.55
-52.114
-51.716
-51.789
-51.65
-51.272
-50.851
-50.687
-50.28
-50.09
-49.868
-49.783
-49.363
-49.382
-49.309
-48.908
-48.678
-48.287
-47.78
-47.494
-46.725
-45.785
-45
-45
-45
-45
-45
-45
-45
-45
-45
-45
-45
-45
-45
-45
-45
-45
-45
-45
-45
-48.01
-52.416
-55.872
-58.475
-60.229
-61.362
-62.451
-63.097
-63.65
-64.349
-64.685
-64.971
-65.052
-65.045
-65.375
-65.362
-65.554
-65.686
-65.973
-66.195
-66.092
-66.183
-66.393
-66.491
-66.279
-66.391
-66.474
-66.593
-66.768
-66.69
-66.81
-66.982
-66.822
-66.87
-66.681
-66.833
-66.685
-66.474
-65.732
-65.256
-64.609
-63.884
-63.094
-62.303
-61.733
-61.032
-60.575
-60.043
-59.575
-59.207
-58.559
-58.044
-57.62
-57.384
-56.814
-56.669
-56.142
-55.973
-55.845
-55.638
-55.458
-55.087
-54.407
-53.815
-52.879
-52.013
-50.827
-49.36
-47.777
-46.388
-45
-45
-45
-45
-45
-45
-45
-45
-45
-45
-45
-45
-45
-45
-45
-45
-45
-45
-45
-46.879
-50.514
-53.841
-55.897
-57.575
-58.791
-59.414
-59.821
-60.059
-60.567
-60.466
-60.267
-60.065
-59.775
-59.675
-59.714
-59.737
-59.738
-59.647
-59.679
-59.383
-59.231
-59.365
-59.772
-59.546
-59.611
-59.276
-59.095
-59.265
-59.384
-59.433
-59.651
-59.615
-59.561
-59.482
-59.338
-59.205
-59.384
-59.839
-59.727
-59.498
-58.97
-58.226
-58.117
-57.231
-56.588
-55.857
-55.618
-55.406
-54.608
-54.363
-54.032
-53.561
-53.284
-52.751
-52.375
-52.029
-52.034
-51.849
-51.719
-51.532
-51.281
-51.264
-50.925
-50.601
-50.448
-50.291
-50.16
-49.95
-49.74
-49.629
-49.067
-49.019
-48.53
-48.077
-47.407
-46.869
-46.332
-45.314
-45
-45
-45
-45
-45
-45
-45
-45
-45
-45
-45
-45
-45
-45
-45
-45
-45
-45
-45
-48.852
-52.571
-55.479
-57.285
-58.459
-58.99
-59.266
-59.57
-59.578
-59.415
-59.056
-58.865
-58.82
-58.572
-58.437
-58.26
-57.915
-57.72
-57.335
-57.016
-56.889
-56.461
-56.492
-56.396
-56.442
-56.623
-56.304
-56.081
-56.026
-56.008
-56.223
-56.166
-56.197
-56.104
-56.028
-56.162
-56.201
-56.464
-56.336
-56.629
-56.708
-56.521
-56.492
-56.379
-56.319
-55.882
-55.647
-55.636
-55.7
-56.01
-56
-56.237
-56.346
-56.593
-56.768
-56.879
-56.763
-56.71
-56.682
-56.895
-56.98
-56.925
-57.103
-57.089
-57.383
-57.495
-57.722
-57.723
-57.7
-57.842
-58.272
-58.522
-58.263
-58.214
-58.484
-58.599
-58.711
-58.779
-58.922
-59.252
-59.277
-59.411
-59.607
-59.538
-59.95
-60.233
-60.195
-60.382
-60.83
-60.998
-61.116
-61.393
-61.576
-61.542
-61.393
-61.319
-61.493
-61.53
-61.614
-61.622
-61.751
-61.743
-61.968
-61.97
-61.981
-62.296
-62.544
-62.755
-62.833
-63.038
-63.435
-63.462
-63.419
-63.546
-63.51
-63.633
-64.051
-64.307
-64.231
-64.633
-64.909
-64.781
-64.698
-64.635
-64.879
-65.311
-65.39
-65.363
-65.51
-65.789
-65.713
-65.673
-65.907
-66.134
-66.167
-66.498
-66.857
-67.04
-67.245
-67.307
-67.167
-67.254
-67.305
-67.11
-67.488
-67.627
-67.908
-67.954
-67.867
-67.897
-68.036
-68.152
-68.346
-68.213
-68.506
-68.785
-69.114
-69.501
-69.242
-69.338
-69.418
-69.372
-69.55
-69.598
-69.774
-69.936
-70.04
-69.7
-69.685
-69.818
-70.139
-70.112
-70.056
-70.063
-69.97
-70.013
-70.177
-70.188
-70.061
-70.216
-70.369
-70.26
-70.468
-70.278
-70.207
-69.898
-70.113
-70.226
-70.327
-70.358
-70.654
-70.706
-70.81
-70.905
-70.947
-71.057
-71.222
-71.477
-71.472
-71.492
-71.22
-71.1
-70.989
-70.686
-70.799
-70.691
-70.642
-70.476
-70.268
-70.221
-70.272
-70.398
-70.604
-71.026
-70.961
-71.011
-71.168
-71.032
-70.922
-71.447
-71.694
-71.744
-71.462
-71.356
