-80.434
-80.326
-80.501
-80.543
-80.635
-80.363
-80.284
-80.178
-80.033
-79.944
-79.755
-79.636
-79.566
-79.606
-79.463
-79.634
-79.67
-79.891
-80.144
-80.032
-80.142
-80.263
-80.286
-80.149
-80.013
-80.289
-80.05
-80.164
-80.138
-80.055
-80.066
-79.926
-79.881
-80.378
-80.191
-80.241
-80.216
-80.318
-80.434
-80.406
-80.367
-80.407
-80.724
-80.603
-80.245
-80.267
-80.423
-80.166
-80.219
-79.812
-79.957
-79.652
-79.483
-79.217
-79.031
-79.102
-79.151
-79.178
-79.097
-79.106
-78.96
-78.819
-78.935
-79.051
-79.153
-79.536
-79.248
-79.383
-79.43
-79.341
-79.298
-79.085
-79.204
-78.87
-78.659
-78.648
-78.402
-78.571
-78.79
-78.758
-78.875
-78.907
-79.016
-78.747
-78.658
-78.836
-78.81
-79.1
-78.889
-79.059
-78.575
-78.545
-78.496
-78.538
-78.612
-78.771
-78.534
-78.509
-78.714
-78.881
-78.909
-78.865
-78.785
-78.481
-78.535
-78.625
-78.609
-78.73
-78.529
-78.449
-78.192
-78.019
-77.967
-78.017
-77.945
-77.91
-78.077
-77.976
-77.972
-78.238
-78.361
-77.963
-78.109
-77.944
-77.952
-77.665
-77.667
-77.513
-77.616
-77.528
-77.608
-77.767
-77.796
-77.832
-77.909
-77.678
-77.439
-77.444
-77.61
-77.617
-77.391
-77.18
-77.309
-77.566
-77.904
-78.045
-78.134
-78.205
-78.107
-78.256
-78.502
-78.245
-78.553
-78.538
-78.814
-78.675
-78.814
-78.82
-78.925
-79.051
-78.982
-78.913
-78.948
-78.668
-78.401
-78.306
-77.972
-78.129
-78.05
-78.031
-78.169
-78.016
-77.551
-77.523
-77.324
-77.524
-77.691
-77.762
-77.705
-77.328
-77.258
-77.436
-77.326
-77.557
-77.695
-77.938
-78.006
-77.833
-77.84
-77.744
-77.535
-77.568
-77.533
-77.542
-77.16
-77.096
-77.001
-76.599
-76.655
-76.521
-76.572
-76.812
-76.741
-76.687
-76.769
-76.866
-76.702
-77.062
-76.685
-76.9
-77.139
-77.098
-77.177
-77.111
-77.037
-77.146
-77.135
-77.092
-76.89
-76.761
-76.971
-77.042
-77.163
-77.336
-77.186
-77.212
-77.323
-77.315
-77.281
-77.295
-77.243
-77.473
-77.489
-77.411
-77.38
-77.568
-77.355
-77.237
-77.447
-77.595
-77.819
-77.712
-77.957
-78.028
-78.225
-78.254
-78.316
-78.403
-78.585
-78.623
-78.555
-78.705
-78.643
-78.84
-78.811
-78.634
-78.597
-78.797
-79.052
-79.14
-79.009
-79.29
-79.434
-79.544
-79.8
-79.522
-79.282
-79.27
-79.28
-79.228
-79.041
-79.147
-79.41
-79.374
-79.268
-79.327
-79.383
-79.288
-78.939
-79.024
-78.864
-78.851
-78.781
-78.863
-78.596
-78.708
-78.452
-78.279
-78.569
-78.909
-79.018
-79.433
-79.59
-79.794
-79.925
-80.017
-80.195
-79.935
-79.86
-79.629
-79.576
-79.717
-79.818
-79.677
-79.797
-79.788
-79.856
-80.005
-79.908
-80.014
-79.918
-79.966
-79.7
-79.859
-80.022
-79.98
-79.883
-79.676
-79.911
-79.778
-80.103
-80.112
-80.049
-80.043
-79.897
-79.472
-79.309
-79.505
-79.686
-79.638
-79.801
-80.042
-80.096
-80.165
-80.139
-80.062
-80.15
-79.973
-79.875
-79.785
-79.685
-79.701
-79.937
-80.079
-79.983
-79.836
-79.833
-79.864
-80.352
-80.172
-79.951
-79.773
-79.756
-79.746
-79.649
-79.805
-79.874
-79.644
-79.671
-79.739
-80.251
-80.094
-79.938
-79.801
-79.73
-79.679
-79.882
-79.775
-80.056
-80.187
-80.158
-79.988
-80.028
-79.843
-80.031
-79.913
-80.006
-79.918
-80.084
-80.048
-79.966
-80.212
-80.14
-80.113
-80.301
-80.146
-80.269
-80.029
-80.09
-80.033
-80.078
-80.032
-80.083
-80.031
-80.234
-80.135
-79.719
-79.794
-79.885
-79.756
-79.828
-79.979
-80.043
-80.025
-79.823
-80.117
-80.106
-80.054
-80.048
-80.231
-80.314
-80.437
-80.383
-80.413
-80.125
-79.864
-79.8
-79.449
-79.381
-79.468
-79.686
-79.491
-79.611
-79.783
-79.96
-80.014
-80.227
-80.184
-80.421
-80.505
-80.241
-80.229
-80.336
-80.234
-80.116
-80.408
-80.427
-80.294
-80.192
-80.169
-80.193
-80.309
-80.306
-80.128
-80.071
-79.919
-79.79
-79.414
-79.525
-79.441
-79.612
-79.664
-79.731
-79.651
-79.814
-79.924
-80.071
-80.029
-80.025
-80.102
-80.143
-80.096
-80.171
-80.079
-80.21
-80.082
-79.843
-80.009
-79.898
-79.823
-80.076
-80.084
-80.054
-80.039
-80.012
-80.004
-79.789
-79.883
-79.875
-79.908
-79.813
-80.125
-80.283
-79.943
-79.983
-80.014
-80.04
-80.097
-80.054
-79.962
-79.801
-79.817
-79.917
-80.035
-79.937
-79.897
-79.93
-80.245
-80.069
-80.058
-79.945
-80.103
-79.985
-80.177
-80.036
-80.066
-79.961
-80.07
-79.889
-80.026
-79.896
-79.983
-79.84
-79.612
-79.78
-79.872
-80.035
-79.833
-79.743
-79.713
-79.916
-79.733
-79.859
-79.849
-80.096
-80.101
-80.278
-80.244
-80.255
-80.126
-79.852
-79.545
-79.663
-79.671
-79.894
-79.857
-80.181
-80.269
-80.231
-80.385
-80.416
-80.518
-80.34
-80.232
-79.952
-79.732
-79.574
-79.86
-79.925
-79.724
-80.039
-79.898
-79.911
-80.073
-80.124
-79.957
-80.248
-80.013
-80.018
-79.927
-80.121
-80.188
-80.318
-80.29
-80.282
-80.346
-80.363
-79.954
-79.667
-79.825
-79.909
-79.665
-79.776
-79.986
-79.909
-79.901
-80.169
-79.9
-80.025
-80.027
-80.11
-79.912
-79.84
-80.079
-80.01
-80.036
-79.979
-79.932
-79.901
-79.895
-79.66
-79.912
-79.852
-79.796
-79.788
-79.738
-79.34
-79.482
-79.663
-79.912
-79.936
-80.135
-80.076
-80.281
-80.464
-80.577
-80.481
-80.242
-80.043
-80.136
-80.012
-79.893
-79.713
-79.604
-79.518
-79.521
-79.637
-79.422
-79.337
-79.468
-79.536
-79.303
-79.111
-79.168
-79.287
-79.336
-79.32
-78.917
-78.619
-78.846
-79.131
-79.02
-79.105
-79.289
-79.379
-79.25
-79.299
-79.412
-79.236
-79.194
-79.217
-79.126
-78.975
-79.14
-78.907
-78.661
-78.976
-78.915
-78.869
-78.784
-78.893
-79.147
-79.091
-79.302
-79.401
-79.443
-79.487
-79.674
-79.604
-79.322
-79.697
-79.763
-79.78
-79.859
-79.863
-79.647
-79.721
-79.473
-79.592
-79.549
-79.49
-79.673
-79.827
-79.744
-79.539
-79.784
-79.547
-79.679
-79.619
-79.67
-79.634
-79.492
-79.492
-79.793
-79.667
-79.657
-79.566
-79.811
-79.695
-79.822
-79.778
-79.98
-79.89
-80.053
-79.83
-79.868
-79.786
-79.586
-79.468
-79.402
-79.47
-79.494
-79.419
-79.592
-79.69
-79.978
-79.83
-79.969
-80.169
-80.322
-80.475
-80.432
-80.46
-80.497
-80.648
-80.383
-80.504
-80.287
-80.537
-80.583
-80.712
-80.594
-80.702
-80.644
-80.666
-80.326
-80.352
-80.074
-80.235
-80.202
-80.389
-80.47
-80.575
-80.713
-80.898
-80.732
-80.62
-80.582
-80.666
-80.539
-80.437
-80.443
-80.474
-80.72
-80.66
-81.075
-80.957
-80.74
-80.779
-80.702
-80.79
-80.668
-80.263
-80.298
-80.184
-79.693
-79.737
-80.025
-80.086
-80.281
-80.431
-80.184
-80.261
-80.252
-80.322
-80.647
-80.762
-80.42
-80.387
-80.28
-80.217
-80.117
-80.065
-79.799
-79.976
-79.987
-79.814
-79.603
-79.671
-79.512
-79.39
-79.327
-79.352
-79.265
-79.319
-79.663
-79.734
-79.568
-79.548
-79.643
-79.574
-79.594
-79.665
-79.547
-79.232
-79.418
-79.556
-79.401
-79.461
-79.254
-79.415
-79.523
-79.379
-79.248
-79.09
-79.094
-79.135
-79.114
-79.091
-78.979
-79.157
-79.113
-79.163
-79.134
-79.119
-79.217
-79.215
-79.47
-79.515
-79.588
-79.833
-79.948
-79.872
-80.03
-79.872
-79.975
-80.067
-80.316
-80.125
-80.317
-80.461
-80.352
-80.416
-80.48
-80.348
-80.231
-80.074
-79.878
-79.911
-79.906
-79.926
-79.997
-79.778
-79.531
-79.588
-79.262
-79.081
-79.203
-79.107
-78.877
-78.678
-79.039
-78.978
-78.836
-79.214
-79.232
-79.019
-78.964
-79.012
-79.124
-79.208
-79.369
-79.391
-79.022
-79.047
-78.999
-78.961
-78.914
-78.934
-78.843
-78.743
-79.069
-78.724
-78.738
-78.746
-78.538
-78.463
-78.184
-77.875
-77.804
-77.834
-77.997
-77.905
-78.289
-78.1
-78.063
-77.92
-78.124
-78.068
-78.063
-77.843
-77.656
-78.005
-77.821
-77.583
-77.435
-77.286
-77.079
-76.979
-77.274
-77.138
-77.325
-77.338
-77.482
-77.594
-77.805
-77.805
-78.103
-78.267
-78.17
-78.281
-77.997
-77.953
-77.894
-77.83
-77.908
-78.159
-77.952
-77.924
-77.944
-78.037
-78.202
-78.312
-78.056
-78.143
-78.344
-78.328
-78.801
-78.917
-79.053
-79.035
-79.07
-79.212
-79.198
-79.224
-79.179
-78.944
-79.105
-79.345
-79.56
-79.55
-79.728
-79.71
-79.618
-79.69
-79.684
-79.509
-79.472
-79.341
-79.315
-79.306
-79.449
-79.392
-79.325
-79.273
-79.162
-79.073
-79.062
-79.199
-79.305
-79.472
-79.445
-79.655
-79.625
-79.583
-79.608
-79.399
-79.256
-79.245
-79.121
-78.76
-78.963
-78.758
-78.727
-78.708
-78.552
-78.741
-78.838
-78.665
-78.625
-78.651
-78.648
-78.799
-78.711
-78.667
-78.569
-78.528
-78.81
-78.879
-78.654
-78.603
-78.513
-78.459
-78.509
-78.674
-78.543
-78.338
-78.506
-78.363
-78.487
-78.597
