-82.214
-82.293
-82.322
-82.433
-82.355
-82.347
-82.455
-82.496
-82.687
-82.814
-82.822
-82.753
-82.563
-82.381
-82.529
-82.653
-83.028
-83.048
-83.272
-83.204
-83.313
-83.257
-83.082
-83.281
-83.232
-83.068
-82.835
-82.601
-82.674
-82.763
-82.762
-82.621
-82.393
-82.511
-82.388
-82.471
-82.203
-81.792
-81.692
-81.63
-81.69
-81.642
-81.432
-81.4
-81.215
-81.23
-81.265
-81.383
-81.318
-81.212
-81.335
-81.323
-81.259
-81.227
-81.258
-81.613
-81.659
-81.417
-81.447
-81.574
-81.778
-81.918
-81.879
-81.97
-81.789
-81.883
-81.955
-82.04
-82.19
-82.452
-82.537
-82.678
-82.66
-82.512
-82.31
-82.281
-82.44
-82.381
-82.021
-82.004
-82.198
-82.38
-82.536
-82.685
-82.576
-82.277
-82.196
-82.554
-82.736
-82.499
-82.518
-82.157
-82.379
-82.353
-82.149
-81.933
-82.161
-82.004
-81.923
-82.193
-82.319
-82.384
-82.249
-82.28
-82.539
-82.739
-82.815
-82.527
-82.684
-82.695
-82.506
-82.323
-82.249
-82.162
-82.333
-82.677
-82.472
-82.312
-82.397
-82.697
-82.712
-82.559
-82.629
-82.655
-82.806
-82.96
-83.028
-83.181
-83.257
-83.218
-83.403
-83.665
-83.712
-83.676
-83.32
-83.221
-83.29
-83.313
-83.29
-83.473
-83.275
-83.145
-83.014
-82.967
-83.068
-83.25
-83.121
-82.844
-82.965
-83.427
-83.751
-83.801
-83.31
-83.008
-83.151
-83.146
-82.986
-83.178
-83.151
-83.074
-83.052
-83.118
-83.006
-82.595
-82.615
-82.631
-82.635
-82.764
-82.953
-82.94
-83.082
-82.913
-82.668
-82.815
-82.701
-82.47
-82.232
-82.409
-82.42
-82.23
-81.938
-82.114
-82.232
-82.474
-82.452
-82.343
-82.481
-82.352
-81.976
-82.19
-82.226
-82.203
-82.326
-82.256
-82.414
-82.398
-82.384
-82.365
-82.361
-82.238
-82.198
-82.197
-82.093
-82.106
-82.178
-82.303
-82.359
-82.317
-82.17
-82.227
-82.231
-81.939
-81.975
-82.207
-81.876
-82.227
-82.332
-82.595
-82.724
-82.747
-82.623
-82.568
-82.808
-82.992
-82.663
-82.83
-83.045
-83.359
-83.337
-83.616
-83.77
-83.656
-83.674
-83.58
-83.493
-83.207
-83.279
-83.35
-83.323
-82.942
-83.002
-83.049
-83.152
-83.103
-83.233
-83.421
-83.475
-83.185
-82.878
-82.781
-82.899
-82.632
-82.435
-82.368
-82.306
-82.557
-82.53
-82.328
-82.271
-82.135
-82.018
-81.683
-81.637
-81.567
-81.569
-81.711
-82.046
-82.017
-81.905
-81.931
-82.085
-81.644
-81.385
-81.041
-80.608
-80.291
-80.089
-79.759
-79.609
-79.336
-79.007
-78.574
-78.295
-78.196
-78.009
-77.755
-77.641
-77.76
-77.875
-77.778
-77.901
-77.832
-77.909
-78.131
-77.976
-77.897
-78.037
-77.877
-77.771
-77.819
-77.67
-77.712
-77.816
-77.781
-77.993
-77.932
-77.744
-77.814
-77.654
-77.624
-77.553
-77.829
-77.63
-77.627
-77.668
-77.771
-77.828
-77.908
-77.76
-77.913
-77.951
-78.108
-78.251
-78.333
-78.142
-78.221
-78.089
-77.759
-77.888
-77.86
-77.702
-77.852
-77.822
-77.76
-77.887
-77.462
-77.564
-77.51
-77.853
-78.115
-78.092
-77.841
-77.815
-77.692
-77.896
-77.734
-77.714
-77.668
-77.964
-77.924
-77.83
-77.881
-77.895
-77.754
-77.853
-77.917
-77.908
-77.666
-77.986
-77.847
-77.731
-77.81
-77.742
-77.933
-78.19
-78.298
-78.078
-77.839
-77.581
-77.605
-77.525
-77.932
-77.973
-77.731
-78.082
-78.121
-78.091
-78.452
-78.583
-78.628
-78.962
-78.925
-78.809
-78.938
-78.933
-79.052
-79.125
-79.047
-79.422
-79.479
-79.36
-79.698
-79.734
-79.694
-79.84
-79.726
-79.824
-79.792
-80.15
-79.939
-79.764
-79.898
-80.196
-80.129
-80.311
-80.33
-80.53
-80.508
-80.5
-80.924
-80.972
-80.976
-80.747
-81.072
-81.199
-81.249
-81.323
-81.17
-80.847
-80.903
-80.888
-81.19
-81.457
-81.387
-81.18
-80.897
-81.032
-80.769
-80.777
-80.606
-80.75
-80.759
-80.905
-81.068
-81.105
-81.178
-81.392
-81.322
-81.466
-81.474
-81.593
-81.75
-81.519
-81.707
-81.802
-82.024
-81.718
-81.607
-81.554
-81.778
-81.928
-81.634
-81.147
-80.663
-80.613
-80.532
-80.414
-79.976
-79.953
-80.044
-79.799
-79.659
-79.673
-79.615
-79.201
-79.092
-78.542
-78.539
-78.548
-78.459
-78.081
-78.048
-78.009
-77.853
-77.665
-77.526
-77.44
-77.583
-77.522
-77.503
-77.313
-77.455
-77.254
-77.082
-77.124
-77.171
-77.24
-76.968
-77.007
-77.041
-76.848
-76.639
-76.268
-76.087
-75.9
-75.716
-75.494
-75.083
-74.941
-74.597
-74.528
-74.63
-74.6
-74.403
-74.285
-74.116
-74.194
-73.98
-73.847
-73.935
-73.641
-73.792
-73.181
-72.799
-72.548
-72.778
-72.643
-72.484
-71.977
-72.09
-72.206
-72.331
-72.189
-72.216
-72.248
-72.178
-72.316
-72.393
-72.406
-72.587
-72.647
-72.651
-72.295
-72.01
-72.353
-72.577
-72.487
-72.646
-72.626
-72.637
-72.816
-72.888
-72.837
-72.435
-72.03
-71.922
-72.193
-71.98
-72.034
-72.102
-71.921
-72.02
-72.104
-72.474
-72.47
-72.356
-72.421
-72.605
-72.574
-72.556
-72.497
-72.233
-72.448
-72.38
-72.307
-72.321
-72.204
-72.301
-72.26
-72.324
-72.409
-72.456
-72.616
-72.424
-72.407
-72.263
-72.278
-72.157
-72.451
-72.301
-72.018
-71.958
-72.002
-71.888
-71.778
-71.948
-71.76
-71.828
-72.127
-71.922
-71.888
-71.947
-72.029
-72.286
-72.376
-72.353
-72.288
-72.47
-72.558
-72.643
-72.752
-72.761
-72.624
-72.484
-72.65
-72.661
-72.662
-72.729
-72.707
-72.431
-72.274
-72.311
-72.332
-72.204
-72.135
-71.994
-71.954
-71.665
-72.029
-71.813
-72.029
-71.861
-71.954
-71.915
-72.069
-72.329
-72.363
-72.202
-71.953
-71.671
-71.634
-71.48
-71.776
-71.566
-71.455
-71.473
-71.485
-71.571
-71.696
-71.532
-71.615
-71.891
-71.808
-71.473
-71.834
-71.61
-71.61
-71.558
-71.597
-71.502
-71.713
-71.858
-71.952
-71.947
-71.951
-72.358
-72.485
-72.479
-72.642
-72.733
-72.492
-72.734
-72.729
-72.75
-72.99
-73.059
-72.929
-73.003
-73.18
-73.445
-73.424
-73.617
-73.598
-73.587
-73.477
-73.414
-73.329
-73.525
-73.725
-73.774
-73.766
-73.827
-73.99
-74.129
-74.233
-74.094
-74.033
-74.053
-74.185
-74.115
-74.071
-74.257
-74.267
-73.955
-73.617
-73.578
-73.532
-73.741
-73.55
-73.566
-73.726
-73.439
-73.386
-73.732
-73.614
-73.614
-73.698
-74.037
-74.011
-73.636
-73.555
-73.426
-73.625
-73.61
-73.706
-73.458
-73.559
-73.612
-73.764
-73.764
-73.786
-73.634
-73.624
-73.596
-73.454
-73.513
-73.581
-73.494
-73.479
-73.264
-73.392
-73.27
-73.53
-73.556
-73.377
-73.372
-73.516
-73.49
-72.954
-72.82
-72.981
-72.967
-73.332
-73.459
-73.488
-73.405
-73.439
-73.392
-73.29
-73.325
-73.135
-73.119
-72.791
-72.673
-72.743
-72.84
-72.906
-73.128
-72.872
-72.743
-72.5
-72.364
-72.237
-72.328
-72.44
-72.363
-72.424
-72.664
-72.51
-72.519
-72.347
-72.172
-72.109
-72.436
-72.733
-72.681
-72.416
-72.094
-72.07
-72.01
-71.87
-71.802
-71.793
-71.723
-72.056
-72.032
-72.128
-71.98
-71.86
-71.506
-71.121
-70.743
-70.284
-69.831
-69.646
-69.49
-69.211
-69.051
-68.619
-68.807
-68.566
-68.31
-68.135
-67.851
-67.597
-67.231
-67.197
-67.034
-67.295
-67.372
-67.612
-67.441
-67.662
-67.734
-67.665
-67.577
-67.456
-67.365
-67.509
-67.596
-67.663
-67.33
-67.419
-67.478
-67.572
-67.388
-67.584
-67.532
-67.353
-67.217
-67.1
-67.076
-67.194
-66.982
-67.152
-66.96
-67.203
-67.014
-66.865
-67.022
-66.619
-66.468
-66.487
-66.55
-66.804
-66.694
-66.582
-66.512
-66.786
-66.462
-66.396
-66.583
-66.423
-66.547
-66.612
-66.562
-66.608
-66.517
-66.69
-66.763
-66.574
-66.369
-66.409
-66.15
-66.26
-66.239
-66.32
-66.42
-66.35
-66.323
-66.397
-66.29
-66.361
-66.417
-66.444
-66.253
-65.988
-65.944
-66.111
-65.818
-65.557
-65.667
-65.551
-65.506
-65.381
-65.442
-65.153
-65.14
-65.124
-65.321
-65.465
-65.507
-65.297
-65.208
-65.42
-65.527
-65.445
-65.551
-65.745
-65.641
-65.781
-65.964
-65.859
-65.959
-65.79
-65.992
-65.905
-65.924
-65.777
-65.634
-65.994
-66.355
-66.376
-66.229
-66.199
-66.216
-66.161
-66.141
-66.331
-66.532
-66.487
-66.73
-66.619
-66.58
-66.695
-66.615
-66.541
-66.49
-66.653
-66.707
-66.921
-67.017
-66.994
-67.04
-66.865
-66.662
-66.421
-66.41
-66.508
-66.538
-66.799
-66.69
-66.602
-66.676
-66.778
-67.018
-67.068
-67.475
-67.541
-67.674
-67.531
-67.552
-67.37
-67.686
-67.652
-67.623
-67.392
-67.586
-67.614
-67.681
-67.68
-67.366
-67.08
-66.989
-67.041
-67.061
-66.872
-66.994
-67
-67.161
-67.204
-67.579
-67.395
-67.6
-67.495
-67.495
-67.59
-67.447
-67.508
-67.237
-67.494
-67.503
-67.548
-67.455
-67.466
-67.157
-67.305
-67.365
-67.407
-67.423
-67.423
-67.476
-67.341
-67.375
-67.207
-67.406
-67.723
-67.622
-67.808
-67.863
-67.661
