-76.366
-76.396
-76.422
-76.166
-75.919
-76.079
-76.163
-76.108
-76.166
-76.173
-76.359
-76.233
-76.545
-76.536
-76.936
-76.576
-76.869
-76.715
-76.831
-76.928
-76.776
-76.921
-76.611
-76.576
-76.697
-76.621
-76.724
-76.833
-76.793
-76.835
-76.971
-77.074
-77.088
-77.113
-77.064
-77.154
-76.901
-76.733
-76.504
-76.139
-75.998
-75.851
-76.094
-76.179
-76.35
-76.255
-76.336
-76.518
-76.217
-76.384
-76.356
-76.499
-76.397
-76.156
-76.176
-76.264
-76.428
-76.681
-76.934
-76.975
-77.056
-76.938
-76.866
-76.833
-76.548
-76.126
-76.144
-75.946
-75.769
-75.814
-75.988
-75.991
-75.858
-75.586
-75.458
-75.531
-75.494
-75.456
-75.446
-75.376
-75.385
-75.439
-75.523
-75.421
-75.463
-75.479
-75.38
-75.368
-75.15
-75.211
-75.065
-75.304
-75.259
-75.153
-74.979
-74.776
-74.971
-74.957
-74.911
-75.293
-75.115
-75.355
-75.443
-75.578
-75.39
-75.099
-75.164
-75.095
-75.084
-75.19
-74.942
-74.939
-75.215
-75.239
-75.441
-75.498
-75.392
-75.398
-75.361
-75.333
-75.595
-75.854
-75.689
-75.691
-76.023
-75.736
-75.624
-75.387
-75.113
-74.973
-74.822
-74.72
-74.66
-74.582
-74.707
-74.719
-74.862
-74.8
-74.666
-74.306
-74.221
-74.237
-74.368
-74.44
-74.412
-74.386
-74.184
-74.192
-73.926
-74.183
-74.255
-74.366
-74.231
-74.145
-74.28
-74.344
-74.58
-74.594
-74.713
-74.732
-74.535
-74.481
-74.567
-74.318
-74.228
-74.073
-73.97
-74.011
-73.853
-73.629
-73.529
-73.626
-73.595
-73.797
-73.806
-73.745
-74.174
-74.227
-74.23
-74.143
-73.937
-73.799
-73.747
-73.749
-73.53
-73.236
-73.345
-73.525
-73.891
-74.132
-74.077
-74.093
-73.83
-73.817
-73.932
-73.9
-74.157
-74.19
-73.858
-73.659
-73.604
-73.526
-73.769
-73.565
-73.675
-73.435
-73.197
-73.068
-73.126
-72.574
-72.308
-72.04
-71.961
-72.035
-72.058
-71.65
-71.652
-71.458
-71.399
-71.157
-71.043
-70.955
-70.68
-70.555
-70.316
-70.29
-70.014
-69.785
-69.764
-69.565
-69.103
-69.084
-69.018
-69.288
-69.085
-68.97
-68.877
-69.02
-69.062
-69.054
-69.201
-69.148
-69.002
-69.086
-69.044
-68.712
-68.551
-68.623
-68.553
-68.632
-68.716
-68.964
-68.845
-68.935
-68.904
-68.523
-68.276
-68.51
-68.524
-68.407
-68.366
-68.224
-67.973
-67.976
-68.136
-68.009
-68.19
-68.083
-68.022
-68.02
-67.911
-67.941
-68.052
-68.042
-67.946
-67.78
-67.743
-67.432
-67.517
-67.446
-67.582
-67.495
-67.496
-67.587
-67.888
-67.891
-68.032
-67.673
-67.889
-67.652
-67.639
-67.583
-67.566
-67.586
-67.76
-67.566
-67.91
-67.946
-68.08
-67.943
-67.982
-68.083
-67.911
-68.04
-67.862
-67.836
-67.422
-67.344
-67.138
-67.596
-67.398
-67.377
-67.198
-67.523
-67.52
-67.636
-67.647
-67.794
-67.767
-67.599
-67.76
-67.898
-67.782
-67.886
-67.723
-67.985
-68.187
-68.156
-68.358
-68.216
-68.581
-68.407
-68.266
-68.44
-68.628
-68.637
-68.896
-68.721
-68.793
-68.612
-68.624
-68.414
-68.257
-68.538
-68.257
-68.492
-68.401
-68.316
-68.324
-68.286
-68.158
-67.934
-67.905
-67.772
-67.929
-67.879
-68.018
-67.794
-67.77
-67.678
-67.623
-67.686
-67.782
-67.727
-67.748
-67.821
-67.937
-67.897
-67.805
-67.832
-67.711
-67.894
-67.937
-67.82
-67.842
-67.838
-68.068
-68.104
-67.964
-68.327
-68.017
-67.875
-68.089
-67.913
-67.83
-67.711
-67.713
-67.771
-67.607
-67.613
-67.695
-67.609
-67.664
-67.761
-67.583
-67.345
-67.467
-67.413
-67.474
-67.412
-67.462
-67.52
-67.718
-67.728
-67.831
-68.102
-68.352
-68.274
-68.357
-68.494
-68.54
-68.435
-68.435
-68.645
-68.383
-68.387
-68.615
-68.751
-68.832
-68.903
-68.973
-68.77
-68.763
-68.734
-68.738
-69.1
-69.163
-69.255
-69.188
-69.473
-69.244
-69.401
-69.385
-69.566
-69.612
-69.346
-69.266
-69.015
-69.047
-69.044
-69.178
-69.165
-69.24
-69.17
-69.244
-69.249
-69.27
-69.071
-68.958
-68.623
-68.784
-68.723
-68.788
-69.033
-69.039
-68.891
-68.846
-68.948
-69.001
-68.945
-69.143
-69.335
-69.29
-69.33
-69.134
-69.076
-68.868
-68.96
-68.732
-68.87
-69.126
-69.108
-69.237
-69.3
-69.663
-69.875
-70.111
-71.481
-73.164
-74.644
-76.062
-77.137
-77.94
-78.439
-78.7
-79.065
-79.416
-79.472
-79.918
-79.685
-79.76
-79.684
-79.888
-79.847
-80.19
-80.163
-80.286
-80.312
-80.16
-80.089
-79.853
-79.927
-80.049
-80.098
-80.075
-80.189
-80.089
-80.165
-80.152
-79.827
-80.163
-80.051
-80.012
-79.821
-80.092
-80.311
-80.076
-80.059
-80.069
-80.144
-80.288
-79.904
-79.981
-80.046
-79.951
-79.868
-79.736
-79.808
-80.014
-79.892
-80.133
-79.863
-79.623
-79.688
-79.876
-79.652
-79.904
-79.943
-80.032
-80.114
-80.244
-80.08
-80.037
-80.011
-80.007
-79.954
-80.158
-80.229
-80.242
-80.05
-79.924
-79.998
-79.813
-80.225
-80.091
-80.199
-80.073
-79.983
-79.959
-79.769
-79.576
-79.632
-79.132
-79.241
-79.367
-79.366
-79.217
-79.406
-79.57
-79.486
-79.516
-79.294
-79.53
-79.362
-79.42
-79.313
-79.571
-79.516
-79.534
-79.321
-79.365
-79.724
-79.717
-79.785
-79.564
-79.566
-79.561
-79.612
-79.822
-79.788
-79.959
-79.995
-79.924
-79.899
-79.817
-79.645
-79.735
-79.787
-79.545
-79.534
-79.503
-79.799
-79.747
-79.482
-79.654
-79.582
-79.647
-79.607
-79.562
-79.45
-79.641
-79.791
-79.881
-79.901
-80.049
-80.344
-80.009
-80.115
-80.126
-79.97
-79.801
-79.791
-80.112
-79.894
-80.068
-80.029
-79.959
-79.893
-79.95
-80.004
-80.173
-80.036
-79.999
-79.866
-79.945
-80.095
-80.099
-79.967
-79.966
-80.076
-80.084
-80.142
-79.947
-80.189
-80.26
-80.266
-80.117
-79.868
-79.654
-79.645
-79.646
-79.631
-79.883
-79.606
-79.738
-79.766
-79.745
-79.921
-79.879
-79.763
-79.644
-79.516
-79.606
-79.424
-79.54
-79.581
-80.017
-80.052
-80.164
-80.223
-80.209
-79.928
-79.771
-79.698
-80.02
-79.753
-79.538
-79.574
-79.702
-79.703
-79.575
-79.819
-79.783
-79.857
-79.795
-79.807
-79.834
-79.761
-79.809
-79.871
-79.598
-79.592
-79.662
-79.779
-79.954
-79.898
-79.872
-79.834
-79.816
-80.035
-80.036
-80.319
-80.246
-80.085
-79.93
-79.932
-79.902
-79.71
-79.554
-79.313
-79.587
-79.677
-79.724
-79.691
-79.564
-79.539
-79.704
-79.842
-79.944
-80.198
-80.13
-80.041
-79.929
-79.821
-80.006
-80.08
-80.444
-80.379
-80.651
-80.584
-80.377
-80.316
-80.164
-80.229
-80.125
-79.971
-79.993
-80.248
-80.114
-79.899
-79.953
-80.161
-80.102
-80.016
-80.399
-80.694
-80.658
-80.621
-80.126
-79.991
-79.782
-80.213
-80.065
-80.163
-80.259
-80.121
-80.121
-79.733
-79.753
-79.632
-79.77
-79.821
-79.655
-79.414
-79.099
-79.319
-79.475
-79.376
-79.564
-79.543
-79.483
-79.696
-79.706
-79.597
-79.669
-79.968
-79.894
-79.948
-79.715
-79.973
-79.919
-79.848
-80.112
-80.085
-79.859
-80.089
-79.743
-79.941
-80.182
-80.138
-80.129
-80.087
-80.352
-80.171
-80.187
-80.053
-80.32
-80.261
-79.976
-80.082
-79.751
-79.813
-79.822
-79.883
-79.809
-79.861
-79.795
-79.853
-79.932
-80.097
-80.354
-80.493
-80.434
-80.189
-80.22
-80.253
-80.226
-80.502
-80.18
-80.304
-80.345
-80.358
-80.368
-79.751
-79.755
-79.847
-80.374
-80.215
-79.927
-79.69
-79.538
-79.449
-79.249
-79.289
-79.349
-79.43
-79.202
-79.323
-79.507
-79.333
-79.159
-79.237
-79.527
-79.334
-79.306
-79.412
-79.364
-79.432
-79.33
-79.422
-79.356
-79.334
-79.077
-79.056
-79.276
-79.378
-79.241
-79.081
-78.914
-78.712
-78.775
-78.75
-78.682
-78.714
-79.315
-79.339
-79.416
-79.343
-79.31
-79.23
-79.369
-79.361
-79.691
-79.929
-79.885
-80
-80.061
-79.8
-79.507
-79.808
-79.771
-79.573
-79.742
-80.002
-79.689
-79.825
-79.491
-79.719
-79.624
-79.457
-79.396
-79.268
-79.197
-79.033
-79.124
-79.088
-79.206
-78.978
-79.067
-79.028
-79.244
-79.195
-79.433
-79.434
-79.697
-79.706
-79.682
-79.589
-79.579
-79.251
-79.481
-79.59
-79.301
-79.239
-79.107
-78.719
-78.895
-79.018
-79.177
-79.295
-79.278
-79.552
-79.849
-79.753
-79.69
-79.78
-79.64
-79.657
-79.612
-79.668
-79.938
-79.819
-79.804
-80.039
-79.91
-79.979
-80.103
-80.013
-80.351
-80.306
-80.265
-80.308
-80.038
-80.212
-80.018
-79.695
-79.736
-80.04
-80.294
-80.162
-80.048
-80.053
-79.984
-79.829
-79.717
-79.678
-79.728
-79.835
-79.875
-79.876
-79.678
-79.536
-79.678
-79.467
-79.649
-79.593
-79.521
-79.274
-79.008
-79.013
-78.885
-79.045
-79.163
-79.071
-79.018
-78.979
-79.293
-79.407
-79.354
-79.208
-79.397
-79.189
-79.003
-79.162
-79.355
-79.216
-79.108
-78.868
-78.876
-78.603
-78.769
-78.708
-78.843
-78.953
-78.777
-78.806
-78.6
-78.532
-78.481
-78.363
-78.691
