-72.07
-71.968
-72.06
-72.151
-72.041
-71.99
-72.233
-72.102
-71.768
-71.702
-71.564
-71.54
-71.573
-71.504
-71.525
-71.638
-71.767
-71.803
-71.958
-72.189
-72.112
-72.088
-72.272
-72.347
-72.51
-72.678
-72.632
-72.709
-72.628
-72.683
-72.974
-73.334
-73.421
-73.224
-73.06
-73.084
-73.377
-73.109
-73.025
-72.99
-72.914
-73.026
-73.159
-73.109
-73.104
-72.992
-72.741
-72.386
-72.378
-72.519
-72.349
-72.249
-72.113
-72.206
-72.13
-72.122
-72.233
-71.91
-71.684
-71.978
-72.034
-71.952
-71.952
-71.86
-71.966
-72.227
-72.286
-72.195
-72.217
-72.098
-72.08
-72.537
-72.309
-72.488
-72.417
-72.656
-72.481
-72.309
-72.151
-71.892
-71.804
-71.767
-71.825
-71.611
-71.597
-71.767
-71.995
-72.082
-72.218
-72.108
-71.999
-71.775
-71.623
-71.426
-71.011
-70.399
-69.613
-68.879
-68.084
-67.347
-66.596
-65.861
-65.338
-64.629
-63.905
-63.38
-62.829
-62.348
-61.877
-61.601
-61.445
-61.014
-60.72
-60.519
-60.479
-60
-59.667
-59.473
-59.264
-58.756
-58.612
-58.045
-57.982
-57.846
-58.035
-58.013
-57.919
-57.798
-57.699
-57.422
-57.346
-57.392
-57.393
-57.338
-57.351
-57.539
-57.611
-57.512
-57.159
-57.091
-56.712
-56.75
-56.802
-56.922
-56.908
-56.937
-57.257
-56.851
-56.411
-56.165
-56.269
-56.456
-56.35
-56.303
-56.257
-56.392
-56.348
-56.269
-56.063
-55.97
-56.012
-55.976
-55.765
-55.711
-55.888
-55.75
-55.909
-55.85
-55.799
-55.84
-55.823
-55.709
-55.836
-56.212
-56.166
-56.363
-56.508
-56.806
-56.858
-56.871
-57.008
-56.878
-56.978
-56.802
-56.829
-56.836
-56.77
-57.06
-57.069
-57.039
-57.202
-57.204
-57.225
-57.355
-57.385
-57.48
-57.314
-57.535
-57.351
-57.711
-57.892
-58.111
-58.204
-58.112
-58.194
-58.441
-58.338
-58.47
-58.855
-58.969
-59.15
-59.085
-59.262
-59.255
-59.286
-59.528
-59.463
-59.375
-59.393
-59.284
-59.528
-59.364
-59.712
-59.971
-59.801
-59.594
-59.448
-59.38
-59.553
-59.47
-59.411
-58.989
-59.208
-59.179
-59.02
-59.021
-58.987
-59.298
-59.444
-59.463
-59.287
-59.562
-59.734
-59.805
-59.942
-60.018
-60.18
-60.18
-60.348
-60.159
-60.433
-60.465
-60.699
-60.826
-60.965
-60.953
-61.071
-61.072
-61.189
-61.297
-61.348
-61.399
-61.303
-61.2
-61.175
-61.24
-61.454
-61.507
-61.642
-62.026
-61.817
-61.954
-62.131
-62.188
-62.054
-62.01
-61.967
-61.837
-61.767
-61.739
-61.601
-61.483
-61.652
-61.628
-61.829
-61.841
-62.12
-62.227
-61.993
-62.125
-62.162
-62.295
-62.646
-62.961
-63.181
-63.05
-63.204
-63.381
-63.565
-63.67
-63.815
-63.604
-63.771
-63.516
-63.526
-63.628
-64.655
-67.218
-70.171
-72.672
-74.728
-76.366
-77.12
-77.94
-78.482
-78.955
-79.013
-79.434
-79.582
-79.594
-79.619
-79.625
-79.647
-79.721
-79.913
-80.127
-80.223
-80.182
-80.07
-80.049
-79.991
-79.946
-80.058
-79.959
-80.188
-80.003
-80.093
-80.054
-80.078
-80.084
-79.946
-79.732
-79.908
-79.815
-79.804
-79.747
-79.83
-79.857
-79.859
-79.89
-79.699
-79.815
-80.087
-80.092
-80.016
-80.018
-80.124
-79.99
-80.052
-79.794
-79.773
-79.852
-80.077
-79.941
-79.961
-79.93
-80.019
-79.91
-80.167
-80.141
-80.037
-79.928
-79.879
-79.885
-80.182
-79.931
-79.588
-79.772
-79.496
-79.472
-79.683
-79.759
-79.91
-79.878
-79.994
-79.915
-79.983
-80.067
-80.107
-79.921
-79.891
-79.891
-79.903
-80.057
-79.822
-79.733
-79.831
-79.891
-80.096
-80.118
-80.136
-80.2
-80.206
-80.115
-80.278
-80.138
-80.103
-80.258
-80.489
-80.244
-80.465
-80.288
-79.945
-80.196
-80.319
-80.466
-80.322
-80.111
-80.018
-79.881
-79.88
-80.003
-80.098
-80.171
-79.95
-79.936
-80.042
-79.949
-79.838
-79.465
-79.383
-79.268
-79.344
-79.016
-79.336
-79.386
-79.779
-80.088
-80.05
-79.988
-79.792
-79.686
-79.731
-79.628
-79.65
-79.484
-79.446
-79.529
-79.922
-79.724
-79.841
-79.962
-79.91
-79.774
-79.79
-80.108
-80.069
-80.144
-79.728
-79.646
-79.835
-79.932
-80.323
-80.33
-80.185
-80.39
-80.213
-80.177
-80.144
-80.36
-80.226
-80.015
-79.98
-79.981
-79.81
-80.021
-79.678
-79.711
-79.45
-79.464
-79.721
-79.87
-79.761
-79.648
-79.713
-79.741
-79.776
-79.789
-79.839
-79.717
-79.75
-79.963
-79.789
-79.551
-79.617
-79.742
-79.715
-79.877
-79.639
-79.933
-80.049
-80.03
-80.196
-80.194
-79.92
-79.793
-79.881
-80.004
-79.891
-79.725
-79.787
-79.911
-79.887
-79.817
-79.897
-79.891
-79.661
-79.461
-79.484
-79.562
-79.523
-79.381
-79.341
-79.423
-79.324
-79.391
-79.382
-79.346
-79.221
-79.493
-79.385
-79.457
-79.696
-79.885
-80.113
-79.965
-79.901
-79.779
-79.757
-79.824
-79.758
-79.683
-79.635
-79.708
-79.798
-79.954
-79.848
-80.062
-80.125
-79.912
-79.992
-79.976
-80.067
-80.01
-79.967
-80.171
-80.028
-80.248
-79.868
-79.931
-79.91
-79.941
-79.847
-79.881
-79.824
-80.088
-79.898
-79.631
-79.474
-79.522
-79.784
-79.741
-79.835
-79.639
-79.781
-79.913
-79.575
-79.747
-79.509
-80.039
-79.993
-80.086
-79.854
-79.922
-79.911
-79.909
-80.126
-80.082
-79.861
-79.662
-79.797
-80.008
-79.693
-79.708
-80.016
-80.204
-79.99
-79.728
-79.676
-80.075
-79.929
-79.685
-79.806
-79.714
-79.521
-79.552
-79.631
-79.763
-80.002
-79.863
-80.1
-80.202
-80.099
-80.25
-80.004
-80.057
-79.957
-80.236
-80.212
-80.131
-80.419
-80.349
-80.009
-79.793
-79.814
-79.5
-79.571
-79.893
-79.992
-80.231
-80.467
-80.153
-80.043
-79.998
-79.858
-80.184
-80.16
-80.201
-80.47
-80.381
-80.301
-80.402
-80.255
-80.237
-80.124
-79.903
-79.758
-79.866
-79.96
-80.101
-80.003
-79.954
-80.027
-79.809
-79.636
-79.307
-79.366
-79.566
-79.404
-79.444
-79.399
-79.126
-79.2
-79.262
-79.262
-79.22
-79.345
-79.152
-79.11
-79.138
-79.202
-79.118
-78.958
-79.054
-79.001
-78.862
-78.749
-78.872
-78.657
-78.759
-78.663
-78.567
-78.76
-78.974
-79.086
-78.908
-79.378
-79.441
-79.298
-79.356
-79.634
-79.591
-79.684
-79.667
-79.656
-79.691
-79.561
-79.617
-79.541
-79.601
-79.558
-79.541
-79.423
-79.099
-79.125
-79.281
-79.211
-79.28
-79.488
-79.501
-79.42
-79.319
-79.486
-79.51
-79.25
-79.333
-79.177
-79.164
-79.376
-79.118
-79.095
-79.202
-79.07
-79.045
-79.015
-78.92
-79.089
-79.064
-79.016
-79.15
-79.059
-79.408
-79.566
-79.436
-79.515
-79.491
-79.426
-79.519
-79.606
-79.628
-79.732
-79.789
-79.947
-79.812
-79.704
-79.371
-79.485
-79.457
-79.453
-79.506
-79.185
-78.99
-78.958
-79.042
-79.078
-79.245
-79.53
-79.794
-79.382
-79.335
-79.263
-79.288
-79.21
-79.091
-79.442
-79.419
-79.471
-79.232
-79.32
-79.456
-79.381
-79.407
-79.475
-79.183
-79.588
-79.682
-79.746
-79.537
-79.302
-79.265
-79.502
-79.413
-79.318
-79.364
-79.563
-79.498
-79.474
-79.41
-79.508
-79.429
-79.504
-79.498
-79.632
-79.768
-79.696
-79.75
-79.892
-79.724
-79.815
-79.647
-79.675
-79.829
-79.771
-80.155
-80.191
-80.288
-80.275
-80.329
-80.573
-80.84
-80.946
-81.03
-80.992
-80.866
-80.733
-80.6
-80.505
-80.283
-80.23
-80.395
-80.444
-80.451
-80.616
-80.504
-80.682
-80.918
-80.852
-80.909
-81.102
-80.942
-81.186
-81.075
-81.215
-81.269
-80.948
-81.144
-80.882
-80.851
-80.884
-80.667
-80.786
-80.856
-80.867
-81.006
-80.611
-80.561
-80.782
-80.705
-80.802
-80.907
-80.745
-80.863
-81.027
-80.924
-80.985
-80.954
-80.769
-80.593
-80.567
-80.564
-80.321
-80.166
-80.219
-80.204
-80.092
-80.295
-79.972
-79.984
-79.944
-79.833
-79.678
-79.609
-79.454
-79.53
-79.489
-79.667
-79.707
-79.684
-79.593
-79.465
-79.749
-79.743
-79.666
-79.795
-79.947
-79.798
-80.058
-79.829
-79.673
-79.478
-79.694
-79.686
-79.486
-79.467
-79.297
-79.238
-79.466
-79.367
-79.486
-79.357
-79.349
-79.231
-79.152
-79.045
-79.175
-79.021
-79.097
-78.966
-79.232
-79.117
-78.698
-78.53
-78.327
-78.475
-78.576
-78.822
-78.842
-78.826
-78.508
-78.578
-78.624
-78.701
-78.91
-78.777
-78.486
-78.393
-78.501
-78.2
-78.004
-78.212
-78.246
-78.463
-78.086
-78.474
-78.28
-78.86
-78.829
-78.87
-78.771
-78.842
-78.762
-78.411
-78.385
-78.622
-78.718
-78.579
-78.331
-78.192
-78.036
-78.21
-78.293
-78.224
-78.176
-78.201
-78.158
-78.119
-78.062
-78.201
-78.25
-78.494
-78.592
-78.712
-78.716
-78.732
-78.629
-78.675
-79
-78.954
-78.863
-78.799
-78.735
-78.54
-78.692
-78.664
-78.647
-78.883
-78.494
-78.201
-78.357
-78.278
-78.247
-78.095
-77.848
-77.844
-77.928
-77.873
-77.976
-78.103
-78.168
-78.232
-78.298
-78.684
-78.594
-78.267
-77.956
-78.081
-77.885
-78.119
-78.291
-78.461
-78.661
