-72.272
-72.355
-72.104
-71.974
-71.822
-71.897
-71.907
-71.602
-71.962
-71.788
-71.803
-71.589
-71.414
-71.383
-71.544
-71.553
-71.616
-71.72
-71.794
-71.613
-71.478
-71.473
-71.415
-71.232
-71.234
-71.474
-71.489
-71.462
-71.459
-71.594
-71.715
-71.66
-71.733
-71.658
-71.39
-71.356
-71.112
-71.107
-70.963
-71.061
-71.083
-71.193
-70.972
-70.795
-70.894
-70.707
-70.72
-70.878
-70.965
-70.549
-70.624
-70.525
-70.582
-70.43
-70.599
-70.788
-70.787
-71.029
-71.172
-71.243
-71.289
-71.458
-71.408
-71.541
-71.666
-71.397
-71.494
-71.448
-71.724
-71.678
-71.728
-71.333
-71.348
-71.524
-71.902
-71.683
-71.783
-71.745
-71.762
-71.551
-71.443
-71.374
-71.17
-71.125
-71.106
-71.329
-71.108
-70.869
-70.727
-71.087
-70.998
-70.934
-70.948
-70.679
-70.595
-70.685
-70.825
-70.918
-70.53
-70.502
-70.359
-70.556
-70.506
-70.425
-70.413
-70.52
-70.336
-70.603
-70.637
-71.145
-70.865
-70.646
-70.394
-70.434
-70.522
-70.67
-70.95
-70.995
-71.373
-71.455
-71.656
-71.819
-71.837
-71.983
-71.712
-71.791
-71.7
-71.492
-71.586
-71.74
-71.791
-71.946
-71.818
-72.088
-72.084
-72.146
-71.906
-71.868
-71.952
-71.843
-71.677
-71.567
-71.501
-71.346
-71.438
-71.409
-71.393
-71.278
-71.445
-71.391
-71.358
-71.426
-71.5
-71.582
-71.545
-71.683
-71.755
-71.693
-71.517
-71.079
-71.153
-71.344
-70.961
-70.895
-70.848
-70.741
-71.022
-71.149
-71.287
-71.204
-71.066
-71.09
-71.197
-71.233
-71.237
-71.254
-71.329
-71.322
-71.569
-71.562
-71.187
-71.152
-70.823
-70.909
-71.003
-70.865
-70.861
-71.029
-71.089
-71.081
-71.138
-71.035
-71.299
-71.05
-71.475
-71.351
-71.215
-71.093
-71.142
-71.176
-71.288
-71.195
-71.443
-71.277
-71.293
-71.271
-71.223
-71.15
-71.21
-71.234
-71.291
-71.261
-71.367
-71.245
-70.95
-71.025
-70.804
-70.818
-70.611
-70.789
-70.702
-70.561
-70.605
-70.651
-70.731
-70.885
-70.925
-70.896
-70.988
-71.294
-71.117
-71.061
-70.917
-71.135
-70.893
-70.625
-70.541
-70.732
-70.834
-70.597
-70.755
-70.84
-70.847
-71.053
-71.329
-71.263
-71.27
-70.991
-70.907
-70.981
-71.064
-70.969
-70.995
-71.09
-71.038
-71.248
-71.227
-71.107
-71.062
-71.265
-71.339
-71.14
-71.33
-71.391
-71.001
-71.024
-71.095
-71.203
-71.133
-70.894
-70.909
-70.835
-70.659
-70.716
-70.619
-70.725
-70.666
-70.383
-70.093
-70.118
-70.06
-69.992
-70.395
-70.236
-70.119
-69.811
-69.833
-69.948
-69.95
-70.028
-70.014
-69.882
-69.817
-69.58
-69.54
-69.414
-69.618
-69.49
-69.495
-69.369
-69.307
-69.221
-69.103
-69.069
-69.212
-69.171
-69.348
-69.231
-68.974
-68.822
-69.014
-69.256
-69.095
-68.932
-69.008
-69.224
-69.352
-69.319
-69.332
-68.997
-68.547
-67.74
-67.13
-66.222
-65.441
-64.785
-64.406
-63.801
-62.84
-62.141
-61.642
-61.124
-60.556
-60.143
-59.911
-59.489
-58.718
-58.317
-57.684
-57.432
-57.044
-56.819
-56.807
-56.279
-56.077
-55.854
-55.78
-55.765
-55.716
-55.395
-55.189
-54.954
-54.795
-54.585
-54.685
-54.731
-54.611
-54.515
-54.615
-54.393
-54.365
-54.31
-54.15
-54.261
-54.288
-54.403
-54.254
-53.995
-53.835
-53.989
-54.161
-53.961
-54.011
-53.913
-53.549
-53.663
-53.459
-53.276
-53.341
-53.399
-53.28
-53.153
-53.333
-53.264
-53.384
-53.457
-53.639
-53.402
-53.369
-53.434
-53.465
-53.282
-53.106
-53.056
-52.787
-52.723
-52.4
-52.232
-52.385
-52.2
-52.142
-52.099
-52.125
-52.004
-51.96
-52.132
-52.336
-52.365
-52.374
-52.437
-52.627
-52.764
-52.871
-52.976
-52.964
-53.018
-53.319
-53.315
-53.568
-53.665
-53.377
-53.244
-52.792
-52.329
-51.798
-51.12
-50.665
-50.139
-49.397
-48.674
-47.784
-46.866
-45.788
-45
-45
-45
-45
-45
-45
-45
-45
-45
-45
-45
-45
-45
-45
-45
-45
-45
-45
-45
-48.368
-52.438
-55.569
-58.256
-59.559
-60.638
-61.361
-61.729
-62.247
-62.441
-62.746
-62.928
-62.943
-62.698
-62.718
-62.629
-62.94
-62.967
-62.795
-62.782
-62.681
-62.669
-62.586
-62.509
-62.51
-62.258
-61.895
-61.998
-61.814
-61.651
-62.013
-61.85
-61.9
-61.957
-61.892
-62.069
-62.02
-61.987
-62.188
-62.192
-62.102
-62.206
-62.091
-61.818
-61.972
-62.256
-62.133
-61.938
-61.954
-61.772
-62.08
-62.004
-61.996
-62.109
-62.261
-62.299
-62.347
-62.579
-62.697
-62.731
-62.856
-62.488
-62.177
-62.248
-62.444
-62.788
-62.934
-62.962
-62.759
-62.811
-63.099
-63.033
-63.385
-63.03
-62.836
-62.659
-62.556
-62.602
-62.72
-62.646
-62.437
-62.632
-63.022
-62.977
-63.196
-63.408
-63.611
-63.827
-63.943
-63.922
-64.008
-64.087
-64.004
-64.196
-64.212
-64.409
-64.615
-64.812
-65.268
-65.321
-65.362
-65.422
-65.418
-65.249
-65.659
-65.631
-65.574
-65.62
-65.814
-65.84
-65.969
-65.963
-66.151
-66.457
-66.289
-66.513
-66.699
-66.715
-66.567
-66.324
-66.277
-66.267
-66.426
-66.383
-66.498
-66.845
-66.848
-67.11
-67.358
-67.387
-67.451
-67.601
-67.556
-67.715
-67.852
-68.011
-68.123
-68.156
-68.407
-68.254
-68.483
-68.467
-68.495
-68.64
-68.686
-68.665
-68.857
-68.964
-68.989
-69.187
-69.15
-69.122
-69.096
-69.392
-69.506
-69.495
-69.816
-69.673
-69.406
-69.326
-69.721
-70.113
-70.283
-70.279
-70.217
-70.281
-70.149
-70.163
-70.324
-70.294
-70.326
-70.402
-70.507
-70.342
-70.467
-70.433
-70.51
-70.643
-70.728
-70.514
-70.713
-70.919
-70.95
-70.918
-70.849
-70.715
-70.833
-70.694
-70.9
-70.826
-71.085
-71.268
-70.956
-71.028
-71.031
-71.268
-71.223
-71.23
-71.213
-71.234
-71.307
-70.944
-70.915
-71.049
-71.198
-71.058
-71.115
-70.944
-70.827
-70.877
-70.912
-71.026
-71.083
-71.184
-71.303
-71.564
-71.427
-71.392
-71.535
-71.859
-71.739
-71.807
-71.71
-71.553
-71.613
-71.694
-71.61
-71.679
-71.825
-71.908
-71.69
-71.896
-72.084
-71.767
-71.388
-71.349
-71.243
-71.016
-71.082
-71.009
-70.921
-71.088
-71.213
-71.153
-70.879
-70.709
-70.555
-70.502
-70.625
-70.793
-70.885
-70.619
-70.537
-70.415
-70.539
-70.451
-70.443
-70.387
-70.246
-70.551
-70.633
-70.674
-70.723
-70.759
-70.792
-70.915
-71.021
-71.247
-71.287
-71.247
-71.316
-71.117
-71.144
-71.066
-71.31
-71.567
-71.505
-71.577
-71.59
-71.807
-71.551
-71.463
-71.509
-71.611
-71.753
-71.79
-71.795
-71.852
-71.823
-71.59
-71.625
-71.515
-71.6
-71.735
-71.905
-71.895
-71.687
-71.683
-71.802
-71.883
-71.514
-71.137
-71.018
-70.593
-70.766
-70.839
-70.928
-71.202
-71.316
-71.255
-71.446
-71.408
-71.334
-71.315
-71.12
-70.963
-70.971
-71.044
-70.982
-70.828
-71.025
-71.2
-71.185
-71.001
-71.13
-71.041
-70.812
-70.681
-70.67
-70.949
-71.096
-71.106
-71.091
-70.963
-70.771
-70.714
-70.855
-70.95
-70.63
-70.833
-70.881
-70.67
-70.623
-70.434
-70.386
-70.224
-70.463
-70.539
-70.409
-70.226
-70.442
-70.694
-70.896
-70.867
-70.951
-71.131
-71.382
-71.413
-71.574
-71.402
-71.525
-71.61
-71.77
-71.651
-71.928
-71.926
-71.639
-71.934
-72.028
-71.971
-71.939
-71.909
-71.916
-71.902
-71.94
-72.036
-72.04
-71.906
-71.708
-71.588
-71.558
-71.392
-71.706
-71.366
-71.241
-70.966
-70.873
-70.918
-70.74
-70.608
-70.642
-70.311
-70.334
-70.239
-70.054
-70.08
-69.884
-70.24
-70.253
-70.573
-70.637
-70.6
-70.45
-70.428
-70.532
-70.687
-70.806
-70.845
-70.766
-70.968
-70.983
-70.833
-70.556
-70.582
-70.648
-70.376
-70.529
-70.54
-70.546
-70.677
-70.584
-71.022
-71.119
-71.168
-70.804
-70.704
-70.813
-71.086
-71.006
-70.7
-70.694
-71.057
-71.082
-70.888
-71.221
-71.342
-71.385
-71.305
-71.217
-71.346
-71.347
-71.35
-71.425
-71.47
-71.469
-71.487
-71.397
-71.438
-71.485
-71.267
-71.378
-71.504
-71.732
-71.319
-71.586
-71.823
-71.993
-71.721
-71.621
-71.672
-71.632
-71.846
-72.203
-72.501
-72.411
-72.414
-72.344
-72.562
-73.01
-72.639
-72.415
-72.222
-72.138
-72.317
-72.26
-72.136
-72.254
-72.349
-72.439
-72.313
-72.398
-72.088
-72.359
-72.263
-72.415
-72.492
-72.54
-72.373
-72.243
-72.273
-72.709
-72.806
-72.775
-72.909
-72.94
-72.938
-73.023
-72.728
-72.725
-72.682
-72.754
-72.951
-72.647
-72.805
-72.638
-72.865
-72.576
-72.593
-72.85
-73.021
-73.38
-73.533
-74.078
-74.214
-74.213
-74.117
-74.033
-73.995
-74.003
-74.151
-74.106
-73.81
-73.729
-73.678
-73.835
-73.856
-73.758
-73.731
-73.658
-73.617
-73.38
-73.558
-73.27
-73.219
-73.274
-73.438
-73.181
-73.262
-73.348
-73.605
-73.783
-73.845
-73.736
-73.832
-73.634
-73.441
-73.562
-73.619
-73.816
