-76.487
-76.646
-76.576
-76.748
-76.75
-76.798
-77.105
-77.236
-77.187
-77.545
-77.376
-77.525
-77.6
-77.423
-77.622
-77.546
-77.436
-77.447
-77.683
-77.606
-77.605
-77.418
-77.417
-77.481
-77.561
-77.797
-77.794
-77.812
-77.695
-77.764
-77.455
-77.464
-77.817
-77.793
-77.888
-77.772
-78.061
-77.743
-77.347
-77.423
-77.472
-77.556
-77.633
-77.249
-77.06
-76.976
-77.174
-77.226
-77.28
-77.373
-77.002
-76.896
-76.784
-76.812
-76.669
-76.533
-76.618
-76.872
-77.023
-76.919
-76.719
-76.511
-76.809
-76.524
-76.501
-76.322
-76.373
-76.567
-76.544
-76.675
-76.975
-77.145
-77.028
-77.267
-77.18
-77.402
-77.383
-77.302
-77.201
-77.2
-77.051
-77.115
-77.072
-77.314
-77.258
-77.418
-77.599
-77.605
-77.545
-77.784
-78.061
-78.365
-78.492
-78.4
-78.287
-78.189
-78.304
-78.244
-78.239
-78.301
-78.583
-78.505
-78.558
-78.099
-78.042
-78.05
-78.065
-78.014
-77.822
-77.672
-78.294
-78.452
-78.473
-78.406
-78.543
-78.925
-78.939
-78.942
-78.887
-78.759
-78.865
-78.718
-78.762
-78.838
-79.068
-79.088
-79.413
-79.342
-79.327
-79.331
-79.52
-79.712
-79.361
-79.496
-79.537
-79.699
-79.847
-79.664
-79.921
-79.637
-79.544
-79.714
-79.578
-79.483
-79.217
-79.134
-79.082
-79.102
-79.138
-79.192
-79.046
-79.21
-79.225
-79.432
-79.367
-79.533
-79.328
-79.324
-79.331
-79.289
-79.006
-79.027
-79.081
-79.11
-79.317
-79.591
-79.311
-78.929
-79.148
-78.852
-78.748
-78.758
-78.658
-78.572
-78.412
-78.39
-78.4
-78.499
-78.546
-78.43
-78.424
-78.178
-77.928
-77.958
-77.825
-77.525
-77.426
-77.551
-77.601
-77.518
-77.448
-77.774
-77.684
-77.548
-77.769
-77.809
-77.719
-77.737
-77.738
-77.598
-77.669
-77.742
-78.047
-77.939
-78.268
-77.978
-77.919
-77.982
-78.088
-77.86
-78.011
-77.909
-77.834
-77.951
-77.713
-77.712
-77.888
-77.575
-77.361
-77.412
-77.357
-77.454
-77.406
-77.108
-77.596
-77.603
-77.506
-77.337
-77.273
-77.757
-77.604
-77.66
-77.59
-77.607
-77.739
-77.581
-77.567
-77.642
-77.528
-77.563
-77.827
-77.812
-77.478
-77.385
-77.636
-77.514
-77.478
-77.433
-77.107
-76.826
-76.892
-76.761
-76.726
-76.812
-76.551
-76.704
-76.871
-76.848
-76.549
-76.523
-76.521
-76.427
-76.449
-76.285
-76.43
-76.424
-76.743
-76.891
-77.065
-77.172
-77.07
-77.265
-77.335
-77.386
-77.042
-77.173
-77.154
-77.055
-77.167
-77.297
-77.377
-77.557
-77.389
-77.256
-77.291
-77.096
-77.033
-76.933
-77.183
-77.309
-77.246
-77.179
-77.34
-77.084
-77.146
-77.266
-77.086
-76.797
-76.554
-76.486
-76.426
-76.348
-76.249
-76.179
-76.236
-76.11
-75.888
-75.758
-76.032
-75.948
-76.294
-76.315
-76.295
-76.125
-76.202
-76.077
-76.021
-76.411
-76.35
-76.277
-76.512
-76.406
-76.714
-76.735
-76.804
-76.835
-76.649
-76.517
-76.558
-76.697
-76.457
-76.272
-76.206
-76.434
-76.629
-76.524
-76.396
-76.398
-76.552
-76.58
-76.511
-76.558
-76.618
-76.576
-75.978
-76.109
-76.074
-76.158
-76.042
-76.117
-76.267
-76.322
-76.607
-76.343
-76.104
-75.974
-75.794
-75.931
-75.732
-75.806
-76.157
-76.185
-76.456
-76.648
-76.682
-76.709
-76.545
-76.457
-75.861
-75.368
-74.688
-74.072
-73.275
-72.579
-71.986
-71.718
-70.94
-70.12
-70.071
-70.032
-69.965
-69.543
-69.429
-69.211
-69.157
-68.634
-68.345
-68.068
-67.741
-67.575
-67.604
-67.45
-67.147
-67.226
-67.034
-66.845
-66.923
-66.741
-66.332
-66.145
-66.001
-66.04
-65.957
-65.771
-65.867
-65.96
-65.733
-65.462
-65.246
-64.978
-65.01
-64.965
-64.808
-64.693
-64.696
-64.829
-64.681
-64.691
-64.74
-64.668
-64.53
-64.51
-64.534
-64.592
-64.698
-64.6
-64.988
-65.044
-65.022
-65.021
-64.884
-64.849
-65.23
-65.237
-65.201
-65.273
-65.327
-65.341
-65.479
-65.421
-65.684
-65.94
-65.934
-65.983
-65.706
-65.659
-65.498
-65.576
-65.46
-65.581
-65.613
-65.576
-65.667
-65.85
-65.704
-65.731
-65.944
-65.86
-65.961
-66.254
-66.193
-66.136
-66.132
-66.191
-66.116
-66.404
-66.738
-66.779
-66.454
-66.456
-66.43
-66.261
-66.45
-66.59
-66.854
-66.963
-66.749
-66.644
-66.51
-66.605
-66.651
-66.957
-67.085
-66.948
-67.236
-66.978
-67.115
-67.091
-66.986
-67.019
-66.944
-66.827
-66.769
-66.793
-66.732
-66.682
-66.469
-65.862
-65.459
-64.846
-64.482
-63.945
-63.316
-62.795
-62.392
-61.926
-61.566
-61.337
-61.15
-60.669
-60.543
-60.323
-60.553
-60.653
-60.381
-60.33
-60.431
-60.06
-59.692
-59.275
-59.129
-59.059
-58.859
-58.676
-58.694
-58.34
-58.459
-58.411
-58.136
-57.971
-57.949
-57.91
-57.841
-57.927
-57.94
-57.628
-57.462
-57.57
-57.604
-57.672
-57.632
-57.482
-57.626
-57.729
-57.797
-57.922
-57.801
-57.963
-58.081
-58.005
-58.061
-57.993
-58.119
-57.999
-57.853
-57.81
-58.072
-58.197
-58.377
-58.592
-58.305
-58.378
-58.345
-58.499
-58.214
-58.237
-58.189
-58.411
-58.518
-58.501
-58.612
-58.747
-58.479
-58.804
-58.872
-58.898
-58.876
-59.134
-59.077
-58.668
-58.774
-58.721
-58.781
-59.222
-59.453
-59.447
-59.302
-59.585
-59.649
-59.651
-60.046
-60.238
-60.355
-60.427
-60.735
-60.583
-60.685
-60.644
-60.608
-60.581
-60.463
-60.557
-60.688
-60.684
-60.873
-60.762
-60.888
-60.864
-60.911
-60.877
-60.688
-60.809
-60.881
-61.075
-61.227
-61.008
-61.153
-61.261
-61.228
-61.421
-61.648
-61.677
-61.926
-61.906
-61.876
-61.735
-61.785
-61.935
-62.207
-62.33
-62.433
-62.445
-62.502
-62.87
-62.923
-62.984
-63.07
-63.262
-63.218
-63.346
-63.417
-63.271
-63.124
-63.02
-63.22
-63.289
-63.535
-63.692
-63.799
-63.862
-63.614
-63.227
-63.725
-63.676
-63.733
-63.838
-63.743
-63.739
-63.855
-64.126
-64.599
-64.515
-64.38
-64.386
-64.567
-64.843
-65.042
-64.828
-64.783
-64.998
-64.765
-64.786
-64.936
-64.753
-64.645
-64.842
-64.95
-65.217
-65.37
-65.583
-65.665
-65.797
-65.847
-66.18
-66.211
-66.386
-66.27
-66.374
-66.385
-66.608
-66.775
-66.467
-66.499
-66.47
-66.853
-66.81
-66.833
-67.091
-67.175
-67.337
-67.261
-67.42
-67.41
-67.225
-67.041
-67.226
-67.208
-67.44
-67.579
-67.724
-67.713
-67.79
-67.749
-67.634
-67.686
-67.961
-67.76
-67.842
-67.547
-67.724
-67.699
-67.831
-67.774
-67.614
-67.449
-67.329
-67.319
-67.448
-67.118
-67.362
-67.285
-67.387
-67.78
-67.962
-68.198
-68.443
-68.117
-68.026
-68.339
-68.371
-68.262
-68.227
-68.406
-68.421
-68.194
-68.408
-68.587
-68.667
-68.454
-68.249
-68.32
-68.525
-68.598
-68.481
-68.631
-68.433
-68.296
-68.495
-68.653
-68.603
-68.418
-68.633
-68.71
-68.444
-68.43
-68.617
-68.23
-68.199
-68.327
-68.575
-68.329
-68.202
-67.976
-67.972
-68.304
-68.303
-68.158
-68.111
-67.97
-68.216
-68.257
-68.119
-68.098
-68.066
-68.576
-68.483
-68.615
-68.444
-68.577
-68.527
-68.524
-68.889
-68.942
-68.927
-68.888
-68.865
-68.753
-68.574
-68.658
-68.593
-68.445
-68.362
-68.255
-68.321
-68.257
-67.861
-68.155
-68.134
-68.351
-68.486
-68.555
-68.504
-68.376
-68.499
-68.542
-68.457
-68.344
-68.345
-68.343
-68.391
-68.553
-68.523
-68.707
-68.674
-68.835
-68.588
-68.323
-68.116
-68.253
-68.599
-68.543
-68.433
-68.429
-68.527
-68.681
-68.779
-68.902
-69.148
-69.196
-69.189
-69.158
-69.352
-69.286
-69.125
-69.114
-69.236
-69.108
-69.211
-69.501
-69.331
-69.252
-69.283
-69.304
-69.111
-68.883
-68.729
-68.736
-69.047
-69.343
-69.407
-69.472
-69.492
-69.549
-69.606
-69.434
-69.321
-69.286
-68.999
-68.964
-68.99
-68.892
-69.017
-69.022
-69.327
-69.35
-69.436
-69.411
-69.136
-69.243
-69.165
-69.218
-69.388
-69.477
-68.922
-68.736
-68.597
-68.337
-68.324
-68.198
-68.076
-67.956
-68.102
-68.272
-68.556
-68.487
-68.504
-68.222
-68.302
-68.292
-68.094
-68.449
-68.563
-68.575
-68.383
-68.171
-68.364
-68.447
-68.374
-68.135
-68.387
-68.455
-68.484
-68.492
-68.627
-68.705
-68.734
-68.58
-68.633
-68.615
-68.224
-68.319
-68.655
-68.554
-68.656
-68.807
-69.407
-69.478
-69.522
-69.567
-69.672
-69.668
-69.997
-69.631
-69.282
-69.214
-69.083
-69.14
-68.921
-68.791
-68.916
-68.995
-69.078
-69.188
-69.302
-69.419
-69.631
-69.55
-69.328
-69.336
-69.284
-69.41
-69.14
-69.422
-69.615
-69.668
-69.618
-69.576
-69.732
-69.528
-69.592
-69.653
-69.651
-69.701
-69.675
-69.61
-69.56
-69.328
-69.408
-69.544
-69.377
-69.356
-69.349
-69.403
-69.473
-69.546
-69.683
-69.545
-69.561
-69.916
-70.117
-69.911
-69.847
-69.932
-69.783
-69.624
-69.596
-69.721
-69.843
-69.583
-69.701
-69.832
-69.908
-69.714
-69.381
-69.548
-69.648
-69.679
-69.682
-69.768
-69.529
-69.557
