-82.01
-81.745
-81.579
-81.704
-81.433
-81.3
-81.423
-81.217
-81.261
-81.224
-81.306
-81.428
-81.313
-81.285
-81.456
-81.143
-81.22
-81.035
-81.038
-80.968
-81.069
-80.638
-80.543
-80.327
-80.317
-80.254
-80.266
-80.152
-79.872
-79.914
-79.918
-79.728
-79.541
-79.561
-79.501
-79.44
-79.691
-79.689
-79.627
-79.787
-79.912
-79.795
-79.596
-79.505
-79.597
-79.149
-78.91
-78.948
-78.858
-78.652
-78.455
-78.412
-78.602
-78.543
-78.232
-78.133
-78.157
-78.413
-78.436
-78.278
-78.487
-78.368
-78.224
-78.238
-78.584
-78.404
-78.516
-78.659
-78.743
-78.753
-78.732
-78.455
-78.935
-78.776
-78.948
-79.019
-79.05
-79.171
-79.003
-78.844
-78.768
-78.843
-78.955
-79.098
-79.206
-79.105
-78.875
-78.966
-78.895
-78.94
-79.108
-78.968
-78.975
-78.828
-78.759
-78.606
-78.652
-78.642
-78.648
-78.619
-78.605
-78.321
-78.424
-78.372
-78.366
-78.278
-78.196
-77.75
-77.679
-77.911
-77.782
-77.484
-77.595
-77.631
-77.789
-78.038
-77.907
-78.24
-78.387
-78.668
-78.811
-78.862
-78.68
-78.421
-78.489
-78.34
-78.107
-78.038
-78.091
-77.881
-77.804
-77.746
-77.506
-77.725
-77.768
-77.881
-78.002
-77.993
-77.818
-77.696
-77.874
-77.73
-77.783
-77.938
-78.163
-78.5
-78.652
-78.669
-78.621
-78.898
-78.591
-78.35
-78.343
-78.267
-78.198
-78.429
-78.466
-78.447
-78.588
-78.612
-78.482
-78.495
-78.232
-78.453
-78.439
-78.476
-78.578
-78.587
-78.731
-78.591
-78.686
-78.695
-78.666
-78.881
-78.913
-78.945
-79.007
-79.117
-79.08
-78.984
-78.864
-78.981
-79.169
-79.089
-79.32
-79.556
-79.501
-79.263
-79.343
-79.568
-79.407
-79.381
-79.387
-79.435
-79.523
-79.581
-79.595
-79.581
-79.659
-79.655
-79.481
-79.532
-79.675
-79.998
-80.087
-80.01
-79.971
-79.746
-80.095
-80.288
-80.246
-80.634
-80.792
-80.842
-80.878
-80.7
-80.721
-80.654
-80.783
-80.75
-80.659
-80.679
-80.551
-80.508
-80.596
-80.572
-80.395
-80.487
-80.718
-80.309
-80.149
-80.239
-80.551
-80.928
-80.948
-80.903
-80.861
-81.065
-81.193
-80.935
-81.017
-80.973
-80.825
-80.533
-80.316
-80.361
-80.537
-80.276
-80.291
-80.152
-79.945
-80.115
-79.987
-79.775
-79.786
-79.761
-79.735
-79.6
-79.267
-79.256
-79.218
-79.246
-79.311
-79.403
-79.487
-79.527
-79.375
-79.259
-79.448
-79.439
-79.699
-79.827
-79.698
-79.707
-79.501
-79.591
-79.582
-79.572
-79.501
-79.703
-80.026
-79.931
-79.875
-79.944
-79.982
-80.279
-80.217
-79.985
-79.947
-79.973
-79.884
-79.885
-79.775
-79.853
-79.492
-79.5
-79.741
-79.768
-79.685
-79.643
-79.794
-79.919
-80.18
-80.182
-80.164
-79.945
-79.72
-79.734
-79.638
-79.55
-79.406
-79.19
-79.298
-79.424
-79.409
-79.621
-79.765
-79.652
-79.804
-79.646
-79.676
-80.009
-79.592
-79.703
-79.874
-80.174
-80.236
-80.244
-79.918
-79.881
-79.755
-79.535
-79.484
-79.447
-79.296
-79.516
-79.182
-78.933
-78.748
-78.794
-78.833
-79.317
-79.383
-79.799
-79.865
-79.845
-79.725
-80.053
-80.142
-80.29
-80.295
-80.218
-80.094
-79.876
-80.215
-80.324
-80.104
-79.825
-79.91
-79.784
-79.752
-79.855
-79.899
-79.75
-79.954
-80.151
-79.921
-79.912
-79.929
-79.922
-80.085
-80.091
-80.122
-80.135
-80.421
-80.266
-80.108
-79.838
-79.858
-79.984
-79.871
-79.673
-79.727
-79.867
-79.594
-79.628
-79.757
-79.74
-79.998
-80.188
-80.161
-80.212
-79.955
-79.92
-79.888
-80.07
-79.958
-79.742
-79.865
-79.925
-80.004
-80.106
-80.207
-80.109
-80.104
-79.878
-80.1
-80.052
-79.854
-80.019
-79.963
-80.164
-80.258
-80.094
-80.113
-80.114
-80.01
-79.837
-79.639
-79.667
-79.951
-80.02
-79.989
-80.13
-80.187
-80.094
-79.777
-79.967
-79.938
-79.847
-80.126
-80.421
-80.562
-80.451
-80.113
-80.361
-80.183
-80.263
-80.299
-80.039
-80.052
-80.124
-80.174
-79.964
-80.026
-79.969
-79.789
-80.027
-79.908
-79.893
-79.983
-80.007
-79.977
-80.145
-80.054
-79.839
-80.042
-79.876
-80.079
-80.02
-80.199
-80.15
-79.9
-79.648
-80.066
-79.938
-79.919
-79.962
-79.905
-79.9
-80.127
-80.087
-80.224
-80.442
-80.547
-80.573
-80.239
-80.245
-80.206
-80.156
-80.238
-80.328
-80.433
-80.569
-80.754
-80.673
-80.579
-80.556
-80.556
-80.364
-80.314
-80.288
-80.25
-80.227
-80
-80.118
-80.067
-80.026
-80.162
-80.142
-80.211
-80.446
-80.362
-80.243
-80.328
-80.259
-80.043
-79.951
-79.853
-79.985
-79.881
-79.896
-79.987
-79.756
-79.585
-79.708
-79.836
-79.737
-79.66
-79.634
-79.703
-79.663
-79.604
-79.644
-79.708
-79.741
-79.684
-79.766
-80.025
-79.988
-79.711
-79.62
-79.747
-79.596
-79.938
-79.592
-79.398
-79.222
-79.087
-79.167
-79.431
-79.416
-79.635
-79.806
-79.966
-80.091
-79.962
-80.084
-80.237
-79.992
-79.941
-79.83
-79.89
-79.705
-79.751
-79.732
-79.679
-79.479
-79.55
-79.782
-79.838
-79.936
-79.964
-79.924
-79.885
-80.1
-80.017
-80.047
-79.979
-79.979
-79.994
-79.857
-79.993
-80.162
-79.91
-79.64
-79.815
-80.092
-80.048
-80.084
-80.309
-80.349
-80.307
-80.016
-79.939
-79.761
-79.711
-79.468
-79.513
-79.32
-79.407
-79.478
-79.572
-79.876
-79.909
-79.767
-79.604
-79.568
-79.332
-79.325
-79.854
-80.065
-80.196
-80.279
-80.366
-80.321
-80.238
-80.277
-80.1
-80.137
-79.963
-79.679
-79.55
-79.441
-79.583
-79.877
-79.799
-79.955
-80.158
-80.194
-80.006
-79.936
-79.738
-80.2
-80.071
-80.143
-80.134
-80.345
-80.327
-80.196
-80.216
-80.072
-80.049
-80.13
-80.169
-80.405
-80.583
-80.457
-80.369
-80.656
-80.633
-80.393
-80.266
-80.177
-80.256
-80.214
-80
-80.116
-80.033
-79.917
-79.682
-79.904
-80.1
-80.324
-80.613
-80.496
-80.432
-80.383
-80.415
-80.298
-80.263
-80.194
-80.26
-80.2
-80.265
-80.128
-79.934
-79.868
-79.874
-79.791
-79.782
-79.965
-79.902
-80.036
-79.865
-80.027
-79.884
-79.94
-80.278
-80.605
-80.586
-80.72
-80.307
-80.172
-80.178
-80.161
-80.058
-79.902
-79.933
-79.889
-79.839
-79.709
-79.613
-79.856
-79.688
-79.847
-79.714
-79.654
-79.752
-79.79
-79.823
-79.813
-79.847
-79.643
-79.791
-79.659
-79.93
-80.084
-79.823
-79.938
-80.061
-79.657
-79.687
-79.476
-79.388
-79.537
-79.553
-79.773
-79.8
-79.752
-79.499
-79.496
-79.372
-79.354
-79.212
-79.108
-79.121
-79.237
-79.139
-79.395
-79.254
-79.445
-79.316
-79.353
-79.775
-79.742
-79.679
-79.453
-79.316
-79.379
-79.159
-79.197
-79.267
-79.296
-79.308
-79.234
-79.622
-79.851
-80.118
-80.313
-80.461
-80.474
-80.542
-80.675
-80.446
-80.418
-80.664
-80.62
-80.968
-81.069
-80.78
-80.565
-80.288
-80.339
-80.316
-80.373
-80.453
-80.288
-80.268
-80.275
-80.432
-80.364
-80.317
-80.203
-80.343
-80.612
-80.683
-81.045
-81.264
-81.086
-81.169
-81.047
-80.997
-80.987
-80.999
-80.812
-80.52
-80.493
-80.516
-80.701
-80.909
-80.607
-80.674
-80.686
-80.622
-80.801
-80.982
-80.821
-80.669
-80.539
-80.287
-80.53
-80.493
-80.662
-80.575
-80.275
-80.412
-80.335
-80.529
-80.433
-80.077
-80.006
-79.748
-79.602
-79.496
-79.567
-79.798
-79.678
-79.761
-79.813
-79.755
-79.549
-79.4
-79.426
-79.501
-79.389
-79.534
-79.399
-79.473
-79.617
-79.58
-79.466
-79.416
-79.593
-79.413
-79.467
-79.726
-79.907
-79.906
-79.917
-80.115
-80.199
-80.104
-80.027
-79.884
-79.636
-79.701
-79.864
-80.13
-80.159
-80.338
-80.449
-80.508
-80.248
-80.297
-80.514
-80.45
-80.652
-80.657
-80.906
-81.02
-81.111
-81.135
-80.926
-80.806
-80.74
-80.594
-80.576
-80.7
-80.868
-80.79
-80.683
-80.471
-80.661
-80.728
-80.867
-80.912
-80.822
-80.664
-80.405
-80.151
-80.252
-80.187
-80.169
-80.211
-80.041
-80.133
-80.11
-80.012
-80.021
-79.897
-79.684
-79.525
-79.504
-79.402
-79.748
-79.664
-79.823
-79.898
-79.892
-79.838
-79.821
-79.954
-79.944
-79.832
-79.813
-80.126
-80.342
-80.191
-80.206
-80.297
-80.268
-80.288
-80.299
-80.516
-80.362
-80.125
-80.109
-80.075
-79.799
-79.558
-79.748
-79.676
-79.924
-80.167
-80.295
-80.2
-80.08
-80.17
-80.155
-80.091
-80.081
-80.28
-80.235
-80.197
-80.039
-80.129
-80.168
-80.005
-79.948
-79.931
-79.942
-79.605
-79.643
-79.528
-79.506
-79.445
-79.338
-79.448
-79.363
-79.396
-79.294
-78.981
-79.162
-79.251
-79.277
-79.389
-79.076
-79.21
-79.201
-79.019
-78.976
-78.699
-78.708
-78.754
-78.591
-78.371
-78.337
-78.357
-78.265
-78.57
-78.758
-78.592
-78.669
-78.708
-78.727
-78.71
-79.192
-79.141
-78.824
-78.854
-78.879
-78.91
-79.096
-79.093
-79.035
-78.866
-78.906
-78.997
-78.865
-78.748
-78.8
-78.743
-78.9
-78.696
-78.668
-78.448
-78.674
-78.868
-78.956
-78.976
