-76.169
-76.271
-76.359
-76.293
-76.147
-76.221
-76.287
-76.562
-76.637
-76.603
-76.656
-76.771
-76.657
-76.723
-76.772
-76.832
-76.579
-76.553
-76.424
-76.248
-76.17
-76.205
-76.195
-76.15
-76.422
-76.259
-76.235
-76.294
-76.351
-76.155
-76.241
-76.316
-76.507
-76.4
-76.431
-76.249
-76.25
-76.405
-76.399
-76.47
-76.63
-76.502
-76.496
-76.936
-77.148
-77.441
-77.648
-77.976
-78.123
-78.042
-78.278
-78.211
-77.99
-77.919
-77.934
-77.846
-78.076
-78.223
-78.292
-78.151
-78.289
-78.125
-77.834
-77.67
-77.694
-77.578
-77.552
-77.614
-77.724
-77.701
-77.686
-77.768
-77.989
-77.991
-77.886
-78.054
-77.763
-77.855
-78.077
-78.144
-78.222
-78.322
-78.492
-78.179
-78.743
-78.668
-78.906
-79.204
-79.346
-79.342
-79.522
-79.59
-79.674
-79.809
-79.553
-79.41
-79.45
-79.256
-79.185
-79.256
-79.211
-79.29
-79.012
-79.099
-78.79
-78.815
-78.904
-79.154
-79.123
-79.319
-79.488
-79.343
-79.327
-79.615
-79.375
-79.659
-79.349
-79.336
-78.936
-78.947
-78.904
-78.674
-78.645
-78.689
-78.71
-78.769
-78.72
-78.442
-78.4
-78.339
-78.565
-78.468
-78.605
-78.663
-78.298
-78.342
-78.332
-78.156
-78.106
-77.982
-77.787
-77.837
-77.819
-77.99
-78.302
-78.003
-77.764
-77.526
-77.767
-77.667
-77.882
-78.007
-77.973
-78.048
-77.633
-77.411
-77.677
-77.897
-77.904
-77.68
-77.808
-78.038
-77.913
-77.965
-77.909
-77.81
-78.154
-78.379
-78.355
-78.398
-78.452
-78.452
-78.38
-78.23
-78.566
-78.392
-78.235
-77.975
-78.045
-77.986
-78.152
-78.22
-77.951
-78.218
-78.09
-78.15
-78.336
-78.294
-78.165
-78.055
-77.992
-78.089
-78.38
-78.107
-78.264
-78.205
-78.014
-78.018
-78.12
-78.337
-78.3
-78.643
-78.386
-78.327
-78.233
-78.049
-77.975
-77.991
-77.911
-77.715
-77.725
-77.846
-77.721
-77.887
-77.916
-77.929
-77.909
-78.05
-78.131
-78.092
-78.234
-78.352
-78.354
-78.43
-78.489
-78.539
-78.725
-78.626
-78.311
-78.303
-78.165
-78.429
-78.248
-78.458
-78.362
-78.219
-78.516
-78.54
-78.728
-78.611
-78.616
-78.999
-78.816
-78.821
-79.234
-79.284
-79.154
-79.029
-78.898
-79.085
-79.019
-78.848
-78.905
-79.053
-79.207
-79.209
-79.148
-79.166
-79.237
-79.214
-79.317
-79.252
-79.396
-79.25
-79.582
-79.651
-79.553
-79.226
-79.077
-78.943
-79.163
-79.262
-79.236
-79.323
-79.467
-79.273
-79.224
-79.081
-79.079
-78.957
-79.004
-79.03
-79.104
-79.039
-79.035
-79.022
-79.106
-79.376
-79.132
-79.253
-79.372
-79.311
-79.478
-79.734
-79.757
-79.572
-79.616
-79.543
-79.319
-79.5
-79.178
-79.221
-79.189
-79.309
-79.148
-79.48
-79.43
-79.359
-79.107
-79.12
-78.927
-78.95
-78.845
-78.828
-78.894
-78.661
-78.274
-78.427
-78.126
-78.116
-77.986
-77.77
-77.776
-78.008
-78.216
-78.18
-78.136
-78.21
-78.272
-78.38
-78.499
-78.429
-78.234
-78.34
-78.426
-78.244
-78.282
-78.175
-78.137
-78.349
-78.394
-78.1
-77.945
-77.792
-78.121
-78.089
-78.093
-78.117
-78.192
-78.181
-78.226
-78.317
-78.195
-78.435
-78.239
-78.06
-77.785
-77.838
-77.81
-77.915
-78.029
-77.807
-77.739
-77.719
-77.675
-77.698
-77.475
-77.562
-77.682
-77.887
-78.006
-78.02
-77.829
-77.675
-77.702
-77.65
-77.403
-77.569
-77.558
-77.514
-77.77
-77.953
-77.763
-77.833
-77.406
-77.528
-77.663
-77.763
-77.603
-77.649
-77.788
-77.798
-77.704
-77.663
-77.814
-77.804
-77.807
-77.739
-77.358
-77.362
-77.25
-77.228
-77.084
-76.776
-76.542
-76.348
-76.082
-75.549
-75.165
-74.843
-74.515
-74.222
-73.931
-73.574
-73.12
-72.888
-72.684
-72.592
-72.601
-72.314
-72.295
-72.051
-71.715
-71.434
-71.246
-71.053
-71.185
-71.327
-71.224
-71.229
-71.042
-71.218
-71.147
-71.251
-71.45
-71.636
-71.49
-71.635
-71.835
-71.814
-71.912
-71.929
-71.849
-71.673
-71.818
-71.461
-71.49
-71.558
-71.408
-71.268
-71.142
-71.087
-70.991
-70.955
-70.952
-71.014
-71.291
-71.109
-71.242
-71.424
-71.241
-71.192
-71.124
-70.509
-70.472
-70.472
-70.664
-70.837
-70.78
-71.018
-71.13
-71.478
-71.44
-71.27
-71.323
-71.465
-71.371
-71.352
-71.537
-71.721
-71.606
-71.403
-71.312
-71.446
-71.61
-71.541
-71.465
-71.506
-71.678
-71.802
-71.876
-71.954
-71.854
-71.947
-72.209
-72.411
-72.413
-72.377
-72.518
-72.428
-72.294
-72.446
-72.487
-72.616
-72.585
-72.214
-72.103
-72.023
-72.387
-72.538
-72.625
-72.725
-72.726
-72.653
-72.652
-72.844
-73.009
-73.066
-73.062
-72.838
-72.694
-72.904
-72.934
-73.119
-73.264
-73.305
-73.204
-73.341
-73.259
-73.337
-73.405
-73.35
-73.584
-73.512
-73.775
-73.812
-73.837
-73.84
-73.79
-73.947
-74.192
-74.134
-73.893
-73.873
-73.82
-73.725
-74.148
-74.321
-74.378
-74.332
-74.168
-74.276
-74.664
-74.285
-74.171
-74.131
-73.882
-73.888
-73.744
-74.012
-73.921
-73.856
-73.92
-74.192
-74.62
-74.465
-74.409
-74.484
-74.571
-74.729
-74.663
-74.421
-74.213
-73.926
-73.818
-74.095
-74.241
-74.253
-74.301
-74.253
-74.176
-74.224
-74.254
-74.069
-73.916
-74.056
-74.099
-74.043
-73.925
-73.915
-73.838
-73.918
-73.732
-73.722
-73.706
-73.848
-73.487
-73.534
-73.486
-73.334
-73.267
-73.244
-73.145
-73.064
-72.814
-72.757
-72.352
-72.473
-72.37
-72.14
-72.553
-72.332
-72.337
-72.258
-72.332
-72.42
-72.297
-72.146
-72.018
-72.203
-72.072
-72.049
-71.866
-71.59
-71.61
-71.65
-71.37
-71.389
-71.075
-71.079
-71.164
-71.412
-71.555
-71.418
-71.55
-71.505
-71.321
-71.152
-71.338
-71.025
-70.961
-71.096
-71.064
-71.011
-71.126
-71.201
-71.263
-71.336
-71.444
-71.376
-71.409
-71.256
-71.411
-71.618
-71.634
-71.761
-71.779
-72.012
-72.508
-72.344
-72.363
-72.58
-72.835
-72.722
-72.972
-73.049
-73.386
-73.569
-73.611
-73.326
-73.553
-73.517
-73.238
-73.089
-73.263
-73.289
-73.289
-73.133
-73.402
-73.52
-73.646
-73.881
-74.115
-74.343
-74.458
-74.346
-74.474
-74.251
-74.462
-74.306
-74.093
-74.064
-74.25
-74.227
-74.295
-74.049
-74.073
-74.116
-74.178
-74.303
-74.152
-74.061
-74.253
-74.114
-74.161
-74.004
-73.934
-73.852
-73.826
-73.644
-73.94
-73.864
-73.858
-73.995
-73.785
-73.791
-73.768
-73.934
-74.05
-73.83
-73.837
-74.085
-73.876
-74.044
-74.065
-73.877
-73.944
-73.949
-73.854
-73.591
-73.481
-73.663
-73.411
-73.238
-73.041
-73.167
-73.369
-73.128
-73.023
-73.105
-73.151
-73.156
-73.101
-73.132
-73.22
-73.155
-73.125
-72.828
-72.889
-72.595
-72.493
-72.098
-72.287
-72.269
-71.927
-71.808
-71.955
-71.967
-72.154
-72.098
-71.968
-71.893
-71.671
-71.748
-71.725
-71.653
-71.405
-71.454
-71.547
-71.581
-71.628
-71.574
-71.677
-71.763
-71.81
-71.86
-71.934
-71.689
-71.866
-71.744
-71.974
-71.966
-72.2
-72.392
-72.262
-72.304
-72.448
-72.341
-72.151
-72.204
-72.004
-71.923
-71.662
-71.781
-71.646
-71.732
-71.797
-71.423
-71.495
-71.502
-71.507
-71.565
-71.481
-71.464
-71.447
-71.422
-71.578
-71.455
-71.583
-71.631
-71.728
-71.756
-71.863
-71.906
-71.872
-71.823
-71.861
-72.019
-72.015
-71.993
-72.255
-71.919
-72.18
-71.968
-72.24
-71.801
-71.664
-71.514
-71.668
-71.561
-71.222
-71.348
-71.331
-71.296
-70.955
-70.969
-70.852
-70.978
-70.88
-70.796
-70.563
-70.428
-70.658
-70.626
-70.646
-70.582
-70.606
-70.674
-70.617
-70.523
-70.722
-70.553
-70.552
-70.725
-70.629
-70.61
-70.491
-70.602
-70.377
-70.084
-69.872
-70.222
-70.142
-70.273
-70.407
-70.521
-70.412
-70.3
-70.139
-70.405
-70.262
-70.388
-70.374
-70.263
-70.13
-70.302
-70.069
-70.212
-70.034
-70.045
-69.766
-69.966
-69.897
-70.049
-70.145
-69.975
-69.851
-69.813
-69.776
-69.663
-69.511
-69.628
-69.843
-69.869
-70.018
-70.079
-70.165
-70.408
-70.495
-70.752
-70.799
-70.604
-70.623
-70.47
-70.408
-70.39
-70.178
-70.006
-70.173
-70.102
-70.145
-70.211
-70.305
-70.263
-70.114
-70.308
-70.418
-70.408
-70.246
-70.312
-70.087
-70.13
-70.237
-70.39
-70.631
-70.706
-70.724
-70.794
-70.987
-70.72
-70.916
-70.947
-70.972
-70.904
-70.839
-70.883
-70.829
-70.701
-70.719
-70.43
-70.21
-70.258
-70.236
-70.08
-70.532
-70.354
-70.295
-70.186
-70.258
-70.578
-70.492
-70.31
-70.203
-70.264
-70.275
-70.496
-70.739
-70.86
-70.628
-70.424
-70.398
-70.354
-70.199
-70.541
-70.643
-70.226
-70.012
-70.113
-69.895
-70.046
-69.785
-69.786
-69.613
-69.506
-69.695
-69.504
-69.323
-69.337
-69.565
-69.684
-69.726
-69.762
-69.864
-70.039
-70.001
-69.907
-69.646
-69.512
-69.665
-69.877
-70.081
-70.084
-70.28
-70.321
-70.516
-70.641
-70.52
-70.468
-70.629
-70.624
-70.745
