-81.443
-81.471
-81.38
-81.177
-81.152
-80.67
-80.417
-80.178
-80.025
-79.919
-79.757
-79.707
-79.581
-79.829
-80.183
-80.4
-80.535
-80.257
-80.529
-80.78
-80.611
-80.483
-80.329
-80.354
-80.01
-79.909
-79.958
-79.901
-79.844
-79.61
-79.546
-79.6
-79.649
-79.407
-79.586
-79.696
-79.96
-79.901
-79.954
-80.28
-80.095
-80.075
-80.017
-79.829
-80.183
-80.273
-80.104
-80.068
-79.886
-79.927
-79.948
-80.131
-80.049
-79.997
-79.966
-80.03
-79.965
-79.689
-79.748
-79.662
-79.605
-79.461
-79.4
-79.618
-79.534
-79.45
-79.705
-79.805
-79.819
-79.695
-79.582
-79.622
-79.748
-79.572
-79.536
-79.287
-79.656
-79.423
-79.392
-79.525
-79.518
-79.156
-79.259
-78.879
-78.8
-78.908
-79.146
-79.387
-79.205
-79.015
-78.968
-79.005
-79.048
-78.977
-78.995
-78.988
-78.772
-78.797
-78.954
-78.937
-78.847
-78.948
-79.091
-79.099
-79.162
-79.062
-78.977
-78.821
-78.588
-78.739
-78.897
-78.863
-79.043
-79.075
-79.059
-78.958
-79.101
-79.218
-79.265
-79.134
-79.395
-79.453
-79.312
-79.385
-79.436
-79.572
-79.626
-79.852
-79.746
-80.001
-80.172
-80.134
-79.989
-79.883
-79.908
-79.782
-79.898
-79.684
-79.62
-79.583
-79.548
-79.653
-79.53
-79.728
-79.671
-79.434
-79.328
-79.449
-79.494
-79.314
-79.267
-79.118
-79.164
-79.389
-79.815
-79.895
-79.787
-79.766
-79.477
-79.782
-79.687
-79.93
-79.881
-79.751
-79.952
-79.796
-79.684
-79.525
-79.248
-79.155
-79.021
-78.935
-79.002
-79.205
-79.499
-78.973
-79.034
-78.903
-78.861
-78.74
-78.726
-78.477
-78.33
-78.464
-78.68
-78.939
-79.086
-79.41
-79.46
-79.336
-79.194
-79.333
-79.561
-79.422
-79.275
-79.339
-79.334
-79.284
-79.286
-79.463
-79.4
-79.693
-79.578
-79.98
-80.064
-80.082
-80.149
-80.401
-80.314
-80.519
-80.611
-80.587
-80.583
-80.423
-80.883
-81.215
-81.456
-81.338
-81.523
-81.644
-81.713
-81.854
-81.912
-82.255
-82.417
-82.425
-82.254
-82.533
-82.393
-82.57
-82.502
-82.585
-82.445
-82.395
-82.367
-82.5
-82.87
-83.179
-83.052
-82.942
-82.76
-82.813
-82.988
-82.996
-82.844
-82.875
-82.946
-82.983
-82.887
-83.233
-83.468
-83.293
-83.44
-83.294
-83.36
-83.483
-83.434
-82.817
-82.813
-82.637
-82.821
-82.741
-82.431
-82.499
-82.828
-83.039
-82.851
-82.494
-82.291
-82.546
-82.473
-82.499
-82.509
-82.366
-82.025
-81.859
-82.027
-82.012
-81.842
-81.956
-82.088
-82.338
-82.391
-82.688
-82.657
-82.709
-82.538
-82.475
-82.449
-82.63
-82.484
-82.287
-82.647
-82.3
-82.443
-82.289
-82.043
-82.016
-82.112
-82.049
-82.148
-82.011
-81.92
-82.132
-82.101
-82.027
-81.987
-82.219
-82.649
-82.608
-82.719
-82.828
-82.633
-82.677
-82.416
-82.445
-82.675
-82.823
-82.812
-82.941
-83.077
-83.072
-83.197
-83.374
-83.138
-83.461
-83.342
-83.233
-83.12
-83.089
-83.245
-83.299
-83.388
-83.372
-83.26
-83.26
-83.18
-83.325
-83.468
-83.553
-83.647
-83.589
-83.612
-83.59
-83.584
-83.334
-82.98
-82.948
-83.271
-83.422
-83.111
-83.124
-83.373
-83.341
-83.176
-83.021
-82.977
-82.851
-82.557
-82.588
-82.313
-82.488
-82.378
-82.554
-82.662
-82.779
-82.909
-82.655
-82.657
-82.884
-83.218
-83.131
-83.337
-83.364
-83.355
-83.263
-83.243
-83.028
-83.11
-82.921
-82.848
-82.62
-82.469
-82.519
-82.536
-82.661
-82.879
-82.721
-82.934
-82.831
-82.849
-82.533
-82.737
-82.461
-82.303
-82.034
-81.963
-81.48
-81.875
-81.862
-81.857
-81.736
-81.894
-82.039
-82.245
-82.307
-82.125
-82.029
-82.081
-82.18
-82.219
-82.175
-82.213
-82.308
-82.029
-81.896
-81.759
-81.471
-81.591
-81.518
-81.832
-81.724
-81.637
-81.504
-81.781
-81.604
-81.692
-81.664
-82.057
-82.112
-81.912
-82.067
-82.416
-82.249
-82.078
-81.986
-82.175
-81.913
-82.097
-82.194
-82.23
-82.138
-82.215
-82.269
-82.291
-82.643
-82.934
-83.15
-83.227
-83.379
-83.454
-83.352
-83.276
-83.522
-83.584
-83.89
-84.002
-84.08
-84.164
-84.332
-84.26
-84.145
-84.447
-84.432
-84.134
-84.277
-84.257
-84.462
-84.595
-84.657
-84.866
-84.783
-84.683
-84.662
-84.568
-84.7
-85.1
-85.32
-85.408
-85.518
-85.519
-85.61
-85.75
-85.678
-85.53
-85.496
-85.496
-85.356
-85.397
-85.389
-85.31
-85.27
-85.615
-85.505
-85.54
-85.552
-85.502
-85.763
-85.809
-85.842
-85.851
-85.913
-86.183
-85.961
-86.05
-86.01
-85.89
-85.932
-85.622
-85.695
-85.855
-85.689
-85.573
-85.634
-85.757
-85.901
-86.001
-86.264
-86.089
-85.824
-85.917
-86.088
-86.08
-85.852
-85.658
-85.611
-85.455
-85.369
-85.572
-85.736
-85.987
-85.892
-85.893
-85.9
-85.927
-85.738
-85.872
-85.888
-85.794
-85.744
-85.675
-85.899
-85.711
-85.631
-85.703
-85.984
-86.045
-85.971
-85.911
-86.171
-86.097
-85.88
-85.385
-85.453
-85.614
-85.546
-85.574
-85.699
-85.561
-85.638
-85.083
-84.784
-84.944
-84.476
-84.18
-84.12
-83.901
-84.093
-84.012
-83.959
-83.821
-83.997
-84.083
-83.696
-83.535
-83.297
-83.287
-83.202
-83.111
-83.068
-82.765
-82.83
-82.953
-82.832
-82.797
-82.697
-82.618
-82.477
-82.55
-82.648
-82.782
-82.579
-82.605
-82.461
-82.412
-82.125
-82.105
-82.302
-82.402
-82.278
-82.413
-82.464
-82.547
-82.569
-82.401
-82.421
-82.043
-81.968
-82.081
-81.921
-81.668
-81.928
-82.02
-82.008
-82.047
-81.725
-81.771
-81.756
-81.695
-81.308
-81.212
-81.146
-81.133
-80.912
-80.892
-80.573
-80.537
-80.367
-80.306
-80.016
-80.185
-80.342
-80.289
-80.475
-80.46
-80.661
-80.593
-80.491
-80.255
-79.77
-80.086
-80.153
-79.727
-79.676
-79.533
-79.549
-79.598
-79.786
-79.67
-79.553
-79.568
-79.656
-79.613
-79.756
-79.787
-79.867
-80.014
-79.782
-79.511
-79.6
-79.509
-79.425
-79.234
-79.41
-79.465
-79.421
-79.161
-79.221
-79.311
-79.189
-78.96
-78.716
-78.832
-78.748
-78.75
-78.803
-78.375
-78.453
-78.468
-78.522
-78.353
-78.217
-78.209
-78.308
-78.238
-78.203
-77.97
-78.066
-77.953
-78.154
-78.407
-78.458
-78.514
-78.488
-78.331
-78.455
-78.497
-78.531
-78.395
-78.231
-78.312
-78.287
-78.251
-78.117
-78.257
-78.534
-78.461
-78.43
-78.809
-78.718
-78.579
-78.624
-78.849
-78.791
-78.414
-78.484
-78.348
-78.293
-78.221
-77.971
-78.075
-77.986
-77.739
-77.669
-77.586
-77.829
-77.905
-77.892
-77.843
-77.678
-77.527
-77.391
-77.753
-77.535
-77.469
-77.492
-77.3
-77.181
-77.345
-77.559
-77.297
-77.406
-77.486
-77.532
-77.25
-77.08
-76.898
-77.083
-77.276
-77.357
-77.34
-77.283
-77.223
-76.79
-77.086
-77.129
-77.206
-77.377
-77.542
-77.444
-77.449
-77.571
-77.511
-77.492
-77.402
-77.47
-77.338
-77.033
-77.039
-77.104
-76.825
-76.558
-76.443
-76.387
-76.429
-76.394
-76.5
-76.222
-76.15
-76.209
-76.448
-76.443
-76.576
-76.319
-76.273
-76.258
-76.505
-76.609
-76.228
-76.458
-76.566
-77.01
-76.932
-77.056
-77.106
-77.107
-77.413
-77.808
-78.094
-78.207
-78.344
-78.317
-78.464
-78.208
-78.266
-78.187
-78.314
-78.53
-78.547
-78.49
-78.683
-78.825
-78.712
-78.463
-78.48
-78.475
-78.128
-77.729
-77.826
-77.668
-77.751
-77.499
-77.177
-77.037
-77.022
-76.997
-76.829
-76.702
-76.497
-76.333
-76.223
-76.409
-76.452
-76.497
-76.393
-76.525
-76.362
-76.27
-76.229
-76.175
-76.236
-76.247
-75.948
-75.938
-75.794
-75.615
-75.552
-75.615
-75.656
-75.765
-75.792
-75.959
-75.879
-75.72
-75.67
-75.706
-75.57
-75.632
-75.842
-75.94
-76.057
-76.016
-75.852
-76.103
-76.019
-76.136
-76.413
-76.401
-76.356
-76.496
-76.466
-76.416
-76.448
-76.505
-76.502
-77.038
-76.741
-76.916
-76.835
-76.808
-77.017
-76.941
-76.981
-76.719
-76.625
-76.782
-76.998
-76.926
-76.908
-77.126
-77.213
-77.06
-77.084
-77.131
-77.323
-77.321
-77.5
-77.449
-77.382
-77.54
-77.596
-77.533
-77.535
-77.344
-77.283
-77.417
-77.561
-77.601
-78.019
-78.169
-78.075
-77.977
-78.148
-78.422
-78.404
-78.463
-78.182
-78.26
-78.154
-78.229
-77.875
-77.568
-77.765
-77.778
-77.798
-77.465
-77.433
-77.582
-77.761
-77.624
-77.557
-77.683
-77.596
-77.464
-77.322
-77.37
-77.272
-77.357
-77.32
-77.379
-77.315
-77.07
-77.198
-77.402
-77.502
-77.485
-77.48
-77.593
-77.578
-77.768
-77.716
-77.53
-77.181
-77.307
-77.144
-77.336
-77.191
-77.169
-77.131
-77.321
-77.402
-77.325
-77.315
-77.226
-77.439
-77.656
-77.762
-77.832
-77.684
-77.541
-77.755
-77.953
-77.916
-78.023
-77.791
-77.781
-77.872
-77.691
-77.742
-77.774
-77.53
-77.377
-77.592
-77.721
-77.825
-77.772
-77.708
-77.671
-77.55
-77.52
-77.355
-77.415
-77.754
-77.573
-77.977
-77.939
-78.146
-78.111
-77.906
-78.148
-78.358
