-78.762
-78.601
-78.651
-78.425
-78.21
-78.385
-78.377
-78.228
-78.274
-78.328
-78.336
-78.239
-78.168
-78.097
-78.385
-78.441
-78.509
-78.309
-78.342
-78.638
-78.826
-78.863
-78.688
-78.821
-78.804
-78.845
-78.942
-78.917
-78.574
-78.65
-78.7
-79.007
-79.277
-79.166
-79.205
-79.233
-79.232
-79.128
-79.114
-79.161
-79.167
-79.086
-78.998
-78.987
-78.976
-78.973
-78.867
-78.445
-78.612
-78.592
-78.53
-78.543
-78.817
-78.808
-78.802
-79.172
-79.354
-79.286
-79.355
-79.191
-79.414
-79.515
-79.672
-79.844
-79.693
-79.796
-79.95
-79.787
-79.414
-79.422
-79.525
-79.89
-79.813
-79.885
-79.845
-79.997
-79.611
-79.757
-80.01
-80.088
-79.688
-79.669
-79.618
-79.78
-80.043
-79.877
-79.779
-79.567
-79.865
-80.279
-80.373
-80.252
-80.102
-79.945
-79.917
-80.27
-80.078
-79.946
-79.81
-79.809
-79.965
-79.556
-79.559
-80.119
-79.811
-79.775
-79.817
-80.111
-79.964
-80.015
-80.054
-80.15
-80.194
-80.225
-80.31
-80.163
-80.082
-80.107
-80.169
-79.926
-79.917
-79.909
-80.21
-80.184
-80.185
-80.261
-79.875
-79.713
-79.651
-79.652
-79.747
-80.207
-80.004
-80.012
-79.903
-79.994
-79.608
-79.657
-79.735
-79.87
-80.073
-80.256
-80.131
-80.283
-80.267
-80.277
-80.462
-80.692
-80.763
-80.979
-81.206
-81.273
-81.547
-81.656
-81.391
-81.204
-81.089
-80.99
-80.733
-80.761
-80.649
-80.838
-80.841
-80.843
-80.855
-80.868
-80.901
-80.974
-80.959
-80.77
-80.9
-81.012
-81.076
-81.104
-80.846
-80.694
-80.607
-80.543
-80.545
-80.513
-80.607
-80.474
-80.404
-80.302
-80.18
-80.166
-79.877
-79.672
-79.305
-79.439
-79.19
-79.168
-79.21
-79.27
-78.886
-78.972
-78.712
-78.796
-78.897
-78.654
-78.661
-78.604
-78.578
-78.419
-78.519
-78.938
-79.232
-79.177
-79.16
-79.197
-79.307
-79.534
-79.373
-79.488
-79.19
-78.957
-78.66
-78.492
-78.609
-78.361
-78.398
-78.292
-78.421
-78.427
-78.438
-78.701
-78.884
-78.996
-79.385
-79.255
-79.414
-79.305
-79.213
-79.202
-79.37
-79.412
-79.221
-79.673
-79.8
-79.76
-79.616
-79.607
-79.586
-79.414
-79.637
-79.858
-79.953
-79.95
-80.174
-79.817
-79.509
-79.646
-79.722
-79.337
-79.221
-79.539
-79.717
-79.468
-79.54
-79.808
-79.826
-79.809
-79.828
-79.936
-80.047
-80.238
-80.506
-80.381
-80.467
-80.347
-80.223
-80.092
-80.087
-80.065
-79.783
-79.838
-79.732
-79.641
-79.662
-79.847
-80.1
-80.26
-80.297
-80.285
-80.462
-80.619
-80.561
-80.304
-80.283
-80.435
-80.701
-80.466
-80.716
-80.659
-80.85
-81.227
-81.21
-81.213
-81.299
-81.167
-81.145
-81.2
-81.139
-81.395
-81.274
-81.069
-80.802
-80.79
-80.824
-81.059
-81.078
-81.082
-81.112
-81.084
-81.12
-81.149
-81.076
-80.911
-80.887
-80.762
-80.81
-81.068
-80.822
-80.927
-80.867
-80.933
-80.876
-80.742
-80.803
-80.823
-81.095
-81.268
-81.401
-81.257
-81.387
-81.399
-81.59
-81.446
-81.347
-81.025
-80.964
-81.101
-81.312
-81.416
-81.393
-81.162
-81.204
-81.029
-81.369
-81.427
-81.777
-81.766
-81.82
-81.86
-81.837
-81.877
-82.08
-81.893
-81.855
-81.464
-81.599
-81.386
-81.217
-81.313
-81.181
-81.11
-81.231
-81.203
-81.264
-81.16
-81.267
-81.276
-81.671
-81.631
-81.6
-81.654
-81.802
-81.945
-81.946
-82.034
-82.079
-82.322
-82.313
-82.208
-82.076
-82.356
-82.315
-82.435
-82.277
-82.037
-82.214
-82.209
-82.03
-82.173
-82.03
-82.205
-82.383
-82.264
-81.921
-81.762
-81.293
-81.492
-81.454
-81.574
-81.634
-81.569
-81.646
-81.566
-81.489
-81.914
-81.98
-81.913
-81.799
-81.968
-81.922
-81.837
-81.684
-81.649
-81.565
-81.513
-81.267
-81.249
-81.249
-81.123
-81.323
-81.296
-81.443
-82.022
-82.251
-82.339
-82.21
-82.032
-82.191
-82.42
-82.588
-82.836
-82.776
-82.744
-82.941
-83.122
-83.351
-83.572
-83.391
-83.264
-83.197
-83.108
-82.826
-82.656
-82.737
-82.685
-82.658
-82.593
-82.633
-82.563
-82.628
-82.554
-82.327
-82.366
-82.477
-82.267
-81.929
-82.099
-82.046
-81.982
-82.051
-82.087
-82.056
-81.96
-82.124
-81.891
-82.026
-82.1
-82.048
-81.991
-81.831
-81.831
-82.005
-82.163
-82.253
-82.296
-82.253
-82.323
-82.817
-82.707
-82.829
-82.921
-83.02
-83.099
-83.211
-83.312
-83.001
-82.951
-82.815
-82.987
-83.1
-83.116
-83.116
-82.641
-82.811
-82.783
-82.77
-82.544
-82.358
-82.153
-82.545
-82.623
-82.421
-82.297
-82.137
-81.762
-81.406
-81.27
-81.504
-81.473
-81.464
-81.396
-81.42
-81.316
-81.386
-81.174
-81.021
-81.04
-80.972
-81.007
-80.98
-81.067
-81.061
-81.22
-81.024
-80.799
-80.828
-80.951
-80.71
-80.684
-80.592
-80.713
-80.481
-80.513
-80.52
-80.575
-80.559
-80.452
-80.51
-80.472
-80.627
-80.784
-80.72
-80.847
-80.817
-80.88
-81.29
-81.158
-81.311
-80.912
-81.054
-81.08
-80.859
-80.845
-81.099
-81.071
-80.876
-80.957
-80.977
-81.231
-80.911
-80.748
-80.936
-81.051
-81.276
-81.016
-81.124
-81.468
-81.439
-81.471
-81.459
-81.464
-81.616
-81.488
-81.234
-81.107
-81.011
-80.908
-80.986
-81.046
-81.155
-81.213
-81.45
-81.569
-81.639
-81.708
-81.711
-81.988
-81.711
-81.672
-81.514
-81.661
-81.865
-81.564
-81.478
-81.503
-81.76
-81.872
-81.718
-81.643
-81.418
-81.483
-81.548
-81.518
-81.303
-81.244
-81.031
-81.245
-81.391
-81.009
-80.977
-80.873
-80.989
-81.094
-81.13
-81.253
-81.325
-81.232
-81.349
-81.336
-81.557
-81.712
-81.717
-81.882
-81.955
-81.828
-82.141
-81.795
-81.698
-81.744
-81.438
-81.211
-80.992
-81.014
-81.174
-81.286
-81.316
-81.808
-81.804
-81.725
-81.773
-81.866
-81.689
-81.355
-81.202
-81.117
-81.13
-81.17
-80.983
-80.943
-80.919
-80.983
-80.687
-80.83
-80.839
-80.656
-80.746
-80.641
-80.662
-80.863
-81.015
-81.211
-81.166
-81.187
-81.205
-81.364
-81.578
-81.158
-81.27
-81.355
-81.219
-81.04
-81.255
-81.276
-81.425
-81.363
-81.154
-80.97
-81.071
-81.134
-81.186
-81.399
-81.492
-81.398
-81.424
-81.188
-81.314
-81.082
-80.878
-80.9
-81.099
-80.994
-80.826
-80.986
-80.783
-80.716
-80.341
-80.102
-80.325
-80.184
-80.046
-80.217
-80.266
-80.205
-80.034
-80.035
-79.812
-79.837
-79.655
-79.45
-79.389
-79.372
-79.235
-79.41
-79.596
-79.268
-79.471
-79.2
-78.887
-78.725
-78.655
-78.78
-78.911
-78.822
-78.783
-78.669
-78.936
-78.869
-78.855
-78.671
-78.633
-78.485
-78.56
-78.565
-78.231
-78.303
-78.47
-78.569
-78.422
-78.492
-78.446
-78.367
-78.37
-78.236
-78.373
-78.689
-78.597
-78.719
-78.652
-78.609
-78.61
-78.503
-78.435
-78.467
-78.484
-78.364
-78.33
-78.122
-78.357
-78.795
-78.909
-79.093
-79.371
-79.049
-79
-78.886
-78.715
-78.486
-78.699
-78.707
-78.575
-78.27
-78.185
-78.137
-78.231
-78.394
-78.48
-78.436
-78.364
-78.348
-78.625
-78.42
-78.596
-78.501
-78.536
-78.486
-78.596
-78.586
-78.549
-78.654
-78.477
-78.517
-78.632
-78.55
-78.733
-78.792
-78.978
-78.933
-78.886
-78.815
-78.652
-78.745
-78.73
-78.363
-78.182
-78.195
-77.977
-77.955
-77.999
-77.806
-77.921
-77.999
-78.061
-77.885
-77.597
-77.581
-77.817
-77.776
-78.101
-77.75
-77.636
-77.605
-77.618
-77.627
-77.667
-77.57
-77.48
-77.657
-77.849
-77.582
-77.377
-77.616
-77.536
-77.532
-77.6
-77.25
-77.115
-77.237
-77.526
-77.467
-77.484
-77.347
-77.244
-77.247
-77.46
-77.283
-77.274
-77.417
-77.82
-77.861
-77.885
-77.661
-77.288
-77.068
-76.953
-77.147
-77.007
-76.937
-76.995
-77.045
-76.843
-76.835
-76.778
-76.54
-76.158
-76.137
-76.144
-76.149
-76.23
-76.282
-76.383
-76.338
-76.346
-76.256
-76.254
-76.538
-76.671
-76.651
-76.686
-76.847
-77.042
-77.171
-76.999
-77.01
-76.932
-77.197
-77.378
-77.301
-76.979
-76.676
-76.759
-76.698
-76.725
-76.965
-76.836
-76.475
-76.708
-76.814
-76.617
-76.737
-76.615
-76.787
-76.582
-76.555
-76.675
-76.72
-76.423
-76.309
-76.324
-76.117
-75.953
-75.726
-75.656
-75.772
-76.012
-76.24
-76.292
-76.464
-76.265
-76.518
-76.743
-76.639
-76.297
-75.88
-75.728
-75.802
-75.986
-76.083
-75.899
-75.98
-75.904
-75.924
-75.866
-75.818
-75.758
-75.686
-75.46
-75.578
-75.655
-75.368
-75.131
-75.217
-75.02
-75.225
-74.85
-74.721
-75.006
-75.196
-75.15
-75.12
-75.191
-75.477
-75.266
-75.074
-74.957
-74.908
-75.104
-75.047
-74.973
-74.853
-74.723
-74.936
-75.164
-75.35
-75.569
-75.113
-75.132
-75.179
-75.352
-75.319
-75.213
-75.185
-75.322
-75.409
-75.307
-75.302
-75.41
-75.709
-75.569
-75.55
-75.485
-75.809
-75.737
-75.707
-75.582
-75.705
-75.644
-75.433
-75.307
-75.275
-75.277
-75.259
-75.445
-75.334
-75.184
-75.211
-75.258
