-81.265
-81.442
-81.04
-81.156
-80.893
-80.907
-80.745
-80.742
-80.632
-80.693
-80.695
-80.659
-80.94
-80.892
-80.719
-80.826
-81.038
-80.919
-80.837
-80.587
-80.89
-80.749
-80.898
-81.059
-80.866
-80.653
-81.032
-81.127
-81.074
-80.888
-80.862
-81.02
-81.21
-81.394
-81.402
-81.445
-81.76
-81.803
-81.631
-81.582
-81.447
-81.351
-81.588
-81.516
-81.411
-81.839
-81.797
-81.802
-81.497
-81.574
-81.411
-81.184
-81.228
-81.15
-81.314
-81.484
-81.601
-81.575
-81.749
-81.893
-81.637
-81.557
-81.551
-81.783
-81.668
-81.347
-81.626
-81.662
-81.88
-82.028
-82.289
-82.145
-82.416
-82.495
-82.669
-82.607
-82.895
-82.954
-82.953
-82.877
-82.95
-83.107
-82.95
-83.015
-83.063
-82.977
-82.89
-82.894
-82.755
-82.609
-82.419
-82.677
-82.537
-82.472
-82.547
-82.657
-82.407
-82.351
-82.394
-82.505
-82.498
-82.518
-82.486
-82.523
-82.696
-82.721
-82.914
-83.047
-83.026
-83.003
-83.292
-83.306
-83.195
-83.383
-83.431
-83.385
-83.458
-83.465
-83.622
-83.616
-83.408
-83.215
-83.056
-83.308
-83.145
-82.898
-83.015
-83.035
-82.98
-83.238
-83.493
-83.537
-83.431
-83.461
-83.667
-83.977
-83.647
-83.728
-83.77
-83.578
-83.737
-83.838
-83.679
-83.413
-83.363
-83.158
-83.174
-83.02
-83.103
-82.945
-83.098
-83.148
-83.394
-83.329
-83.402
-83.44
-83.355
-83.32
-83.176
-83.31
-82.872
-83.009
-82.997
-82.976
-82.678
-82.634
-82.649
-82.641
-82.325
-82.431
-82.164
-81.908
-81.891
-81.877
-82.071
-82.176
-82.172
-82.287
-82.185
-82.023
-82.079
-81.905
-81.625
-81.455
-81.419
-81.426
-81.649
-81.836
-81.739
-81.711
-81.871
-81.691
-81.533
-81.619
-81.662
-81.713
-81.689
-81.798
-82.013
-82.066
-82.211
-82.417
-82.162
-82.089
-82.478
-82.607
-82.596
-82.409
-82.192
-81.895
-81.733
-81.648
-81.396
-81.145
-81.325
-81.229
-81.18
-80.953
-80.552
-80.365
-80.229
-79.991
-79.577
-78.972
-78.613
-78.189
-77.723
-77.761
-77.664
-77.437
-77.082
-76.836
-76.378
-76.278
-76.319
-76.334
-75.883
-75.817
-75.618
-75.517
-75.45
-75.37
-75.39
-75.286
-75.159
-75.03
-74.253
-73.961
-73.655
-73.406
-72.571
-72.21
-71.886
-71.39
-71.014
-70.605
-70.224
-69.897
-69.665
-69.344
-69.195
-68.834
-68.551
-68.157
-67.89
-67.767
-67.742
-67.786
-67.67
-67.388
-67.51
-67.602
-67.695
-67.668
-67.752
-67.588
-67.622
-67.491
-67.194
-67.184
-67.189
-67.149
-66.903
-66.716
-66.941
-66.678
-66.514
-66.294
-65.84
-65.482
-65.256
-64.988
-64.71
-64.721
-64.543
-64.222
-63.792
-63.729
-63.595
-63.324
-63.07
-62.876
-63.031
-62.885
-62.681
-62.522
-62.431
-62.002
-61.772
-61.485
-61.531
-61.171
-60.563
-60.313
-59.62
-59.534
-59.257
-59.261
-59.373
-59.236
-59.053
-58.89
-58.931
-58.501
-57.902
-57.526
-57.412
-56.986
-56.682
-56.174
-55.583
-55.102
-54.553
-54.134
-53.11
-51.875
-50.446
-47.868
-45
-45
-45
-45
-45
-45
-45
-45
-45
-45
-45
-45
-45
-45
-48.927
-55.428
-60.971
-64.56
-67.285
-69.111
-70.344
-71.09
-71.237
-71.677
-72.215
-72.354
-72.321
-72.091
-71.963
-71.565
-70.919
-70.607
-70.366
-69.931
-69.727
-69.293
-68.894
-68.615
-68.258
-68.127
-67.757
-67.499
-66.995
-66.59
-66.609
-66.253
-66.259
-65.831
-65.901
-65.849
-66.128
-66.013
-65.781
-65.821
-65.861
-65.782
-65.892
-65.551
-65.061
-64.663
-64.109
-63.881
-62.926
-62.297
-62.003
-61.317
-60.92
-60.395
-59.878
-59.21
-58.675
-58.158
-57.587
-56.959
-56.495
-54.894
-53.283
-51.331
-48.404
-45
-45
-45
-45
-45
-45
-45
-45
-45
-45
-45
-45
-45
-45
-45
-49.091
-53.622
-56.885
-58.602
-59.706
-60.514
-60.305
-59.872
-59.082
-58.295
-57.343
-56.453
-55.447
-54.403
-53.171
-51.935
-50.341
-48.713
-46.822
-45
-45
-45
-45
-45
-45
-45
-45
-45
-45
-45
-45
-45
-46.025
-51.455
-56.348
-59.614
-61.424
-62.49
-63.032
-63.268
-62.893
-62.475
-61.966
-61.33
-60.513
-59.709
-58.677
-57.921
-57.152
-56.701
-56.007
-55.32
-54.744
-53.995
-52.971
-51.697
-50.463
-48.799
-46.323
-45
-45
-45
-45
-45
-45
-45
-45
-45
-45
-45
-45
-45
-47.035
-52.67
-57.249
-60.457
-62.787
-64.226
-65.263
-65.681
-65.785
-65.563
-65.777
-65.725
-65.441
-65.067
-64.472
-64.46
-64.172
-63.744
-63.147
-62.161
-61.37
-60.318
-59.102
-58.175
-57.245
-55.933
-54.702
-53.443
-52.321
-50.799
-48.872
-45.629
-45
-45
-45
-45
-45
-45
-45
-45
-45
-45
-45
-45
-45
-48.117
-54.195
-59.04
-62.786
-65.274
-67.006
-67.82
-68.333
-68.788
-69.113
-69.329
-69.18
-68.969
-68.981
-68.818
-68.781
-68.488
-68.377
-67.931
-67.657
-67.095
-66.644
-66.408
-65.774
-65.393
-64.852
-64.693
-64.149
-63.404
-62.856
-62.554
-62.41
-61.922
-61.601
-61.299
-61.07
-60.962
-61.003
-61.166
-60.995
-60.895
-60.658
-60.606
-60.505
-60.532
-60.591
-60.545
-60.573
-60.443
-60.718
-61.184
-60.906
-61.067
-61.024
-60.843
-60.881
-60.709
-60.548
-60.078
-59.743
-59.561
-59.425
-59.369
-58.902
-58.347
-58.377
-58.348
-58.005
-57.572
-57.757
-57.75
-57.404
-57.2
-56.916
-56.48
-56.445
-56.301
-55.812
-55.314
-55.102
-54.893
-54.462
-54.332
-53.988
-53.543
-53.131
-52.35
-51.263
-49.81
-47.205
-45
-45
-45
-45
-45
-45
-45
-45
-45
-45
-45
-45
-45
-45
-52.095
-58.819
-63.5
-66.752
-68.977
-70.577
-71.756
-72.428
-72.969
-73.524
-73.606
-73.444
-73.3
-72.919
-72.563
-72.603
-72.297
-72.301
-72.143
-71.941
-71.882
-71.969
-71.969
-71.976
-71.732
-71.772
-71.817
-71.978
-71.959
-71.716
-72.004
-72.045
-71.989
-72.216
-72.059
-72.236
-72.113
-72.142
-72.425
-72.544
-72.557
-72.384
-72.361
-72.506
-72.717
-72.937
-72.878
-73.067
-73.065
-73.055
-73.233
-73.589
-73.69
-73.927
-74.005
-74.074
-74.195
-74.265
-74.539
-74.513
-74.555
-74.594
-74.603
-74.665
-74.883
-74.915
-75.361
-75.561
-75.721
-75.937
-76.033
-76.405
-76.25
-76.504
-76.604
-76.548
-76.54
-76.81
-77.291
-77.386
-77.309
-77.553
-77.469
-77.468
-77.762
-78.209
-78.264
-78.384
-78.748
-79.044
-79.177
-79.472
-79.537
-79.622
-79.357
-79.523
-79.726
-79.964
-79.939
-80.063
-80.173
-80.33
-80.533
-80.592
-80.598
-80.731
-80.953
-81.093
-81.35
-81.423
-81.429
-81.23
-81.605
-81.56
-81.68
-81.614
-81.709
-82.302
-82.479
-82.9
-82.997
-83.077
-83.247
-83.376
-83.597
-83.834
-84.093
-84.163
-84.245
-84.462
-84.622
-84.616
-84.678
-84.993
-85.182
-85.312
-85.386
-85.315
-85.393
-85.489
-85.738
-86.052
-86.111
-86.074
-86.126
-86.216
-86.594
-86.529
-86.449
-86.47
-86.776
-86.885
-86.893
-86.97
-87.013
-87.026
-87.464
-87.193
-86.941
-86.977
-87.39
-87.218
-87.332
-87.581
-87.756
-88.027
-88.061
-88.133
-88.351
-88.505
-88.714
-88.782
-88.798
-88.894
-88.932
-88.608
-88.4
-88.484
-88.402
-88.426
-88.41
-88.387
-88.315
-88.506
-88.506
-88.576
-88.79
-88.589
-88.592
-88.566
-88.474
-88.6
-88.766
-89.118
-89.294
-89.117
-89.235
-89.317
-89.506
-89.515
-89.593
-89.688
-89.542
-89.93
-89.754
-89.801
-89.755
-89.853
-89.961
-90.509
-90.56
-90.484
-90.488
-90.764
-90.733
-90.999
-91.175
-91.285
-91.218
-91.234
-91.303
-91.629
-91.35
-91.433
-91.419
-91.367
-91.273
-91.267
-91.586
-91.843
-91.777
-91.845
-91.731
-91.802
-91.797
-92.09
-92.402
-92.543
-92.425
-92.283
-92.191
-92.424
-92.261
-92.129
-92.442
-92.459
-92.585
-92.552
-92.959
-92.952
-92.733
-92.786
-92.856
-92.53
-92.584
-92.516
-92.318
-92.008
-92.049
-92.031
-91.951
-92.176
-92.209
-92.201
-92.34
-92.019
-91.964
-92.013
-91.759
-91.849
-91.985
-91.763
-91.478
-91.274
-91.294
-91.537
-91.582
-91.746
-91.649
-91.699
-91.992
-91.756
-91.793
-91.95
-92.074
-91.925
-91.875
-91.86
-91.803
-91.945
-92.073
-91.845
-91.569
-91.515
-91.555
-91.636
-91.823
-91.588
-91.798
-91.681
-91.553
-91.634
-91.809
-91.815
-92.016
-92.127
-92.472
-92.548
-92.608
-92.587
-92.707
-92.849
-92.78
-92.905
-92.994
-92.832
-93.046
-92.981
-92.903
-93.026
-93.074
-93.053
-92.949
-92.737
-93.006
-92.639
-92.546
-92.6
-92.774
-92.728
-92.931
-92.876
-93.227
-93.404
-93.387
-93.56
-93.458
-93.448
-93.669
-93.961
-93.917
-93.561
-93.624
-93.665
-93.766
-93.49
-93.641
-93.59
