-79.59
-79.627
-79.883
-80.004
-80.019
-80.381
-80.321
-80.611
-80.625
-80.62
-80.68
-80.714
-80.496
-80.644
-80.618
-80.331
-80.245
-80.267
-80.302
-80.096
-80.221
-79.94
-79.757
-79.901
-80.1
-80.006
-79.825
-79.58
-79.391
-79.244
-79.009
-78.99
-78.741
-78.659
-78.406
-78.313
-78.504
-78.464
-78.521
-78.527
-78.723
-78.868
-79.118
-78.965
-78.83
-78.744
-78.874
-79.003
-79.087
-79.052
-79.214
-79.497
-79.42
-79.323
-79.432
-79.525
-79.692
-79.771
-79.791
-79.787
-79.816
-79.775
-79.412
-79.426
-79.548
-79.669
-79.592
-79.384
-79.181
-78.979
-78.825
-78.822
-79.194
-79.361
-79.215
-79.265
-79.443
-79.467
-79.752
-80.204
-80.195
-80.536
-80.565
-80.582
-80.76
-80.25
-80.31
-80.223
-80.504
-80.357
-80.477
-80.407
-80.512
-80.72
-80.755
-80.642
-80.766
-80.484
-80.517
-80.501
-80.675
-80.646
-80.502
-80.396
-80.89
-80.77
-80.756
-80.669
-80.733
-80.603
-80.695
-80.553
-80.566
-80.633
-80.849
-81.218
-81.244
-81.174
-81.116
-80.798
-80.541
-80.516
-80.753
-80.643
-80.684
-80.944
-80.747
-80.772
-80.831
-80.517
-80.402
-80.19
-80.213
-80.077
-79.795
-79.958
-80.164
-80.044
-80.074
-80.056
-79.894
-80.109
-80.127
-79.881
-80.285
-80.276
-80.384
-80.753
-80.633
-80.537
-80.452
-80.496
-80.501
-80.424
-80.512
-80.173
-80.439
-80.488
-80.531
-80.441
-80.406
-80.394
-80.202
-80.069
-80.03
-80.019
-80.191
-79.956
-79.823
-79.724
-79.702
-79.672
-79.979
-80.193
-80.408
-80.139
-80.131
-80.229
-80.656
-80.631
-80.645
-80.752
-80.718
-80.903
-80.943
-80.728
-81.097
-80.987
-81.064
-81.204
-80.841
-80.88
-80.71
-80.661
-80.612
-80.277
-80.172
-79.956
-80.142
-80.234
-80.053
-80.001
-80.272
-79.905
-80.007
-80.022
-80.156
-80.114
-79.998
-80.109
-79.979
-79.682
-79.99
-79.992
-79.875
-79.908
-79.495
-79.368
-79.086
-79.191
-78.786
-78.849
-78.949
-78.791
-78.858
-78.979
-78.827
-78.826
-78.916
-79.134
-79.176
-79.154
-79.301
-79.424
-79.348
-79.61
-79.531
-79.296
-79.129
-79.118
-79.197
-79.26
-79.254
-79.053
-79.09
-78.743
-78.618
-78.402
-78.425
-78.059
-78.227
-78.092
-77.992
-78.026
-78.101
-77.841
-77.685
-77.694
-77.948
-78.002
-78.012
-77.993
-78.079
-78.217
-78.16
-78.057
-77.979
-78.021
-78.199
-78.427
-78.508
-78.385
-78.268
-77.922
-78.005
-77.965
-77.752
-77.953
-78.303
-78.381
-78.603
-78.815
-78.852
-78.71
-79.011
-79.236
-79.065
-79.009
-79.033
-78.866
-78.753
-78.855
-78.924
-78.823
-78.901
-79.059
-78.799
-78.738
-78.504
-78.745
-78.643
-78.452
-78.752
-78.794
-78.472
-78.701
-78.647
-78.895
-78.802
-78.659
-78.958
-78.779
-78.533
-78.391
-78.446
-78.333
-78.236
-78.066
-78.041
-78.232
-78.244
-78.303
-78.069
-78.201
-78.456
-78.54
-78.406
-78.29
-78.172
-78.168
-78.283
-78.764
-78.705
-78.868
-79.117
-78.955
-78.943
-78.821
-78.419
-78.279
-77.869
-77.678
-77.192
-76.78
-76.531
-76.305
-76.117
-75.89
-75.378
-75.315
-75.002
-74.874
-74.471
-74.047
-73.912
-73.649
-73.497
-73.182
-72.973
-72.91
-72.594
-72.785
-72.737
-72.673
-72.464
-72.435
-72.299
-71.959
-71.356
-70.998
-70.384
-69.895
-69.254
-69.108
-68.886
-68.52
-68.186
-67.512
-67.472
-67.445
-67.386
-67.179
-66.747
-66.534
-66.519
-66.301
-65.987
-65.747
-65.464
-64.854
-64.604
-63.794
-63.074
-62.543
-63.814
-65.98
-68.164
-70.197
-71.362
-72.25
-72.949
-73.23
-73.627
-73.72
-73.831
-73.641
-73.662
-74.343
-75.167
-75.615
-76.084
-76.297
-76.619
-76.841
-76.899
-76.987
-77.006
-76.801
-76.428
-75.863
-75.622
-75.203
-74.911
-74.776
-74.607
-74.458
-74.255
-74.168
-74.149
-74.133
-74.388
-74.615
-74.696
-74.971
-75.147
-75.125
-75.864
-76.556
-76.773
-77.288
-77.469
-77.665
-77.693
-78.145
-78.534
-78.441
-78.602
-78.653
-78.54
-78.694
-78.717
-78.814
-78.666
-78.455
-78.09
-78.111
-77.818
-77.798
-77.583
-77.402
-77.286
-77.305
-77.274
-77.239
-77.055
-77.097
-76.885
-77.087
-77.093
-77.097
-77.061
-77.226
-77.51
-77.432
-77.523
-77.76
-77.684
-77.587
-77.545
-77.886
-77.991
-78.003
-78.181
-78.337
-78.319
-78.4
-78.549
-78.358
-77.973
-77.936
-77.817
-77.434
-77.131
-76.914
-76.992
-76.896
-77.049
-77.182
-77.285
-77.501
-77.448
-77.615
-77.657
-77.729
-77.996
-78.05
-77.936
-78.228
-78.323
-78.46
-78.41
-78.462
-78.364
-78.41
-78.312
-78.184
-78.33
-78.614
-78.475
-78.547
-78.422
-78.649
-78.568
-78.633
-78.924
-78.724
-78.944
-78.863
-78.758
-78.901
-78.919
-78.869
-79.092
-79.1
-79.233
-79.13
-79.205
-79.427
-79.36
-79.43
-79.409
-79.431
-79.64
-79.558
-79.516
-79.537
-79.716
-79.781
-79.568
-79.587
-79.757
-79.786
-79.772
-79.924
-79.91
-79.843
-79.71
-79.574
-79.547
-79.451
-79.563
-79.351
-79.32
-79.331
-79.586
-79.556
-79.562
-79.538
-79.782
-79.802
-79.519
-79.711
-79.652
-79.765
-79.722
-79.709
-79.606
-79.57
-79.579
-79.518
-79.579
-79.686
-79.694
-79.826
-79.854
-79.767
-79.875
-79.692
-79.745
-79.652
-79.899
-79.927
-79.918
-79.88
-79.936
-79.819
-79.975
-80.073
-79.806
-79.829
-79.673
-79.842
-79.687
-79.858
-79.904
-79.776
-79.999
-80.27
-80.187
-80.143
-79.753
-79.941
-80.044
-79.629
-79.816
-80.045
-79.945
-79.957
-79.862
-79.868
-79.868
-79.959
-79.977
-79.937
-79.859
-79.933
-80.053
-80.056
-80.083
-80.018
-80.01
-79.848
-80.015
-79.856
-79.797
-80.003
-79.891
-80.056
-79.967
-80.118
-80.044
-80.147
-79.964
-80.083
-79.85
-79.814
-79.778
-80.078
-79.97
-79.973
-80.063
-80.118
-80.04
-79.804
-79.901
-79.826
-79.604
-79.546
-79.476
-79.121
-79.128
-79.438
-79.389
-79.237
-79.25
-79.286
-79.278
-79.274
-79.248
-79.241
-79.242
-79.509
-79.417
-79.382
-79.648
-79.496
-79.899
-79.963
-80.042
-79.977
-79.976
-79.923
-79.86
-79.916
-79.9
-79.677
-79.66
-79.525
-79.615
-79.881
-79.668
-79.629
-79.695
-79.625
-79.511
-79.806
-79.87
-79.936
-80.029
-79.752
-79.528
-79.962
-79.67
-79.729
-79.972
-80.1
-80.002
-79.967
-79.872
-79.956
-79.982
-80.143
-80.078
-79.955
-80.11
-80.438
-80.18
-80.172
-80.193
-80.251
-80.13
-80.233
-80.283
-80.281
-80.25
-79.952
-80.01
-80.064
-79.853
-80.009
-79.813
-80.044
-80.139
-79.844
-79.944
-80.134
-80.428
-80.581
-80.504
-80.169
-80.235
-80.254
-80.156
-80.106
-80.196
-80.052
-80.071
-79.845
-79.977
-79.61
-79.446
-79.524
-79.327
-79.151
-79.036
-79.144
-78.902
-78.853
-78.767
-78.734
-78.485
-78.218
-78.411
-78.272
-78.007
-78.178
-78.245
-78.419
-78.238
-78.177
-78.265
-78.503
-78.496
-78.525
-78.684
-78.788
-78.665
-78.845
-78.785
-78.544
-78.895
-78.749
-78.815
-78.685
-78.76
-78.831
-78.989
-79.148
-79.401
-79.425
-79.183
-78.963
-79.216
-79.24
-79.068
-79.15
-79.133
-79.062
-79.045
-79.193
-79.345
-79.3
-79.379
-79.355
-79.463
-79.391
-79.536
-79.562
-79.633
-79.796
-79.591
-79.534
-79.312
-79.49
-79.634
-79.608
-79.678
-79.524
-79.53
-79.521
-79.508
-79.608
-79.558
-79.685
-79.679
-79.614
-79.67
-79.551
-79.554
-79.677
-79.727
-79.747
-79.763
-79.593
-79.459
-79.532
-79.782
-79.791
-79.995
-79.884
-79.796
-79.924
-79.991
-79.968
-80.242
-80.289
-80.206
-80.349
-80.425
-80.162
-80.071
-79.934
-79.732
-79.86
-79.855
-80.237
-80.262
-80.31
-80.374
-80.232
-80.206
-80.158
-80.254
-80.058
-79.901
-79.806
-79.638
-79.419
-79.368
-79.004
-79.101
-78.817
-78.773
-78.171
-77.777
-77.569
-77.339
-77.272
-77.223
-77.261
-77.323
-77.117
-76.921
-76.693
-76.756
-76.543
-76.24
-76.166
-76.001
-75.787
-75.728
-75.909
-76.128
-76.116
-76.522
-76.685
-76.579
-76.437
-76.25
-76.386
-76.606
-76.759
-76.758
-76.817
-76.811
-77.131
-77.149
-77.187
-77.177
-76.967
-77.09
-77.018
-77.168
-77.187
-77.257
-77.643
-77.619
-77.806
-77.814
-77.492
-77.596
-77.837
-77.692
-77.803
-77.772
-77.689
-77.747
-77.604
-77.516
-77.631
-77.506
-77.513
-77.774
-77.776
-77.762
-77.781
-77.874
-77.851
-77.814
-77.929
-77.938
-78.336
-78.238
-78.389
-78.527
-78.428
-78.35
-78.316
-78.319
-78.601
-78.579
-78.578
-78.445
-78.373
-78.935
-79.041
-79.126
-79.036
-79.429
-79.249
-79.338
-79.31
-79.066
-79.019
-78.758
-78.421
-78.485
-78.399
-78.481
-78.25
-78.658
-78.609
-78.624
-79
-79.124
-79.117
-79.041
-78.942
-79.028
-79.266
-79.435
-79.68
-79.742
-79.765
-79.642
-79.329
-79.455
-79.671
-79.814
-79.933
-79.991
-80.307
-80.279
-80.4
-80.511
-80.353
-80.344
-80.485
-80.596
-80.689
-80.781
