-84.435
-84.364
-84.434
-84.293
-83.913
-83.845
-83.697
-83.422
-83.416
-83.371
-83.382
-83.531
-83.436
-83.3
-83.596
-83.924
-84.168
-84.27
-84.302
-84.374
-84.14
-84.423
-84.325
-84.31
-84.454
-84.647
-84.686
-84.594
-84.466
-84.396
-84.783
-84.743
-84.871
-84.42
-84.432
-84.75
-84.715
-84.82
-84.577
-84.644
-84.779
-84.978
-84.819
-84.782
-84.832
-84.647
-84.745
-84.882
-85.167
-84.947
-85.016
-85.1
-85.218
-85.296
-85.24
-85.42
-85.155
-84.922
-85.298
-85.33
-85.249
-85.388
-85.425
-85.558
-85.74
-85.946
-85.992
-85.97
-86.146
-86.162
-86.341
-86.588
-86.297
-86.414
-86.388
-86.183
-86.374
-86.313
-86.125
-86.098
-85.949
-85.775
-85.917
-85.933
-86.046
-86.042
-86.275
-86.388
-86.279
-86.238
-86.335
-86.27
-86.538
-86.454
-86.462
-86.521
-86.475
-86.658
-86.65
-86.778
-86.891
-87.124
-87.204
-86.971
-87.097
-87.359
-87.629
-87.417
-87.489
-87.666
-87.541
-87.538
-87.631
-87.867
-88.016
-88.103
-88.345
-88.27
-88.584
-88.469
-88.435
-88.333
-88.404
-88.218
-88.248
-88.323
-88.61
-88.417
-88.348
-88.251
-88.335
-88.394
-88.183
-88.269
-88.5
-88.462
-88.637
-88.448
-88.684
-88.748
-88.397
-88.686
-88.773
-88.597
-88.691
-88.6
-88.237
-88.379
-88.396
-88.202
-88.051
-87.996
-88.243
-88.596
-88.704
-88.723
-88.61
-88.404
-88.392
-88.649
-88.786
-88.458
-88.564
-88.577
-88.601
-88.552
-88.403
-88.339
-88.669
-88.822
-89.094
-89.035
-89.025
-89.088
-89.23
-89.189
-88.975
-88.982
-88.784
-88.932
-88.833
-88.45
-88.544
-88.673
-88.75
-88.616
-88.449
-88.663
-88.89
-89.047
-89.285
-89.386
-89.102
-89.242
-89.27
-89.14
-89.105
-88.787
-88.826
-88.712
-88.87
-89.048
-88.737
-88.858
-88.735
-88.958
-88.837
-88.871
-88.713
-88.802
-88.995
-89.086
-89.147
-88.909
-88.36
-87.816
-87.665
-87.382
-86.91
-86.44
-86.167
-86.033
-85.777
-85.642
-85.062
-84.894
-84.576
-84.362
-84.07
-83.865
-83.651
-83.277
-83.148
-83.18
-83.067
-82.517
-82.156
-81.925
-81.648
-81.65
-81.304
-81.114
-80.76
-80.855
-80.94
-80.919
-80.649
-80.833
-80.655
-80.706
-80.703
-80.268
-80.037
-79.933
-79.735
-79.713
-79.549
-79.294
-79.128
-79.454
-79.528
-79.549
-79.201
-79.082
-79.443
-79.462
-79.196
-79.164
-79.243
-79.246
-79.347
-79.217
-79.201
-79.29
-79.513
-79.743
-79.713
-79.737
-79.377
-79.42
-79.264
-78.878
-78.283
-77.85
-77.802
-77.73
-77.387
-77.171
-77.097
-76.868
-77.005
-76.759
-76.643
-76.415
-76.265
-76.058
-75.964
-75.964
-75.611
-75.444
-75.251
-74.784
-74.467
-74.422
-74.192
-74.252
-74.274
-73.982
-73.999
-73.782
-73.492
-73.172
-72.836
-72.356
-71.885
-71.408
-70.852
-70.303
-70.209
-70.038
-70.101
-70.005
-69.936
-69.713
-69.513
-69.214
-68.928
-68.808
-68.709
-68.372
-68.039
-67.517
-67.366
-67.036
-66.655
-66.211
-65.676
-65.518
-65.483
-65.154
-65.13
-64.747
-64.7
-64.541
-64.393
-64.122
-63.745
-63.311
-63.295
-63.417
-63.419
-63.497
-63.34
-63.242
-62.944
-62.762
-62.598
-62.338
-62.23
-61.958
-61.828
-61.769
-62.03
-61.949
-61.69
-61.144
-61.011
-61.102
-60.902
-60.947
-61.46
-61.373
-61.148
-60.897
-60.977
-60.469
-60.174
-59.917
-59.449
-59.223
-58.922
-58.508
-58.385
-58.128
-57.568
-56.905
-56.254
-55.8
-55.029
-54.139
-53.101
-51.328
-49.09
-45
-45
-45
-45
-45
-45
-45
-45
-45
-45
-45
-45
-45
-45
-45
-49.509
-54.801
-58.726
-61.499
-63.066
-64.421
-67.204
-70.188
-72.143
-73.888
-74.976
-75.902
-76.454
-76.954
-76.977
-77.075
-77.002
-76.911
-76.943
-77.065
-77.125
-77.103
-76.873
-76.755
-76.525
-76.15
-75.856
-75.422
-75.371
-75.407
-75.301
-75.482
-75.368
-75.56
-75.806
-75.999
-76.054
-75.988
-76.039
-76.263
-76.342
-76.306
-76.255
-76.29
-76.53
-76.603
-76.236
-75.993
-75.56
-75.226
-74.86
-74.576
-74.259
-74.15
-74.305
-74.348
-74.496
-74.376
-74.331
-74.679
-74.779
-74.956
-75.181
-75.117
-75.026
-74.901
-75.038
-74.937
-74.796
-74.881
-74.649
-74.583
-74.938
-75.2
-75.452
-75.524
-75.637
-75.637
-75.824
-75.564
-75.502
-75.504
-75.847
-75.843
-75.918
-75.99
-76.001
-76.266
-76.136
-76.03
-75.914
-76.215
-76.533
-76.611
-76.737
-76.701
-76.923
-77.027
-77.248
-77.48
-77.539
-77.439
-77.42
-77.528
-77.498
-77.599
-77.559
-77.74
-77.772
-77.864
-78.228
-78.212
-78.242
-78.232
-78.307
-78.439
-78.234
-77.951
-78.151
-78.277
-78.033
-77.992
-77.876
-77.38
-77.5
-77.364
-77.134
-76.99
-77.177
-77.408
-77.653
-77.918
-78.159
-78.144
-78.255
-78.399
-78.311
-78.301
-78.437
-78.127
-77.938
-78.043
-77.95
-77.903
-77.965
-77.888
-77.862
-77.683
-77.724
-77.963
-77.948
-77.88
-77.577
-77.359
-77.416
-77.55
-77.58
-77.266
-77.154
-77.353
-77.3
-77.539
-77.682
-77.634
-77.676
-77.723
-77.615
-77.973
-78.057
-78.235
-78.287
-78.557
-78.443
-78.316
-78.439
-78.649
-78.662
-78.576
-78.584
-78.784
-79.008
-79.253
-79.283
-79.225
-79.072
-79.247
-79.325
-79.318
-79.186
-79.258
-79.429
-79.773
-79.796
-79.711
-79.564
-79.866
-80.106
-79.884
-79.826
-79.797
-79.77
-79.945
-79.949
-79.712
-79.454
-79.801
-79.926
-80.129
-80.321
-80.212
-80.071
-80.398
-80.244
-80.229
-80.09
-79.928
-79.9
-80.047
-80.218
-80.171
-80.285
-80.186
-80.258
-80.325
-80.358
-80.314
-80.292
-80.345
-80.38
-80.384
-80.298
-80.398
-80.345
-80.442
-80.25
-80.126
-80.256
-80.631
-80.31
-80.508
-80.24
-80.063
-80.203
-80.245
-80.219
-80.043
-80.401
-80.455
-80.247
-80.085
-80.056
-80.074
-80.267
-80.158
-80.302
-80.194
-80.111
-79.906
-79.708
-79.758
-79.66
-79.701
-79.648
-79.729
-79.756
-79.899
-79.82
-80.007
-80.219
-80.212
-80.363
-80.513
-80.713
-80.643
-80.893
-80.783
-80.623
-80.639
-80.642
-80.584
-80.579
-80.541
-80.673
-80.667
-80.558
-80.166
-80.054
-79.866
-79.902
-79.849
-80.011
-80.161
-80.21
-80.172
-79.937
-80.157
-79.956
-80.264
-80.459
-80.555
-80.451
-80.392
-80.315
-80.35
-80.572
-80.54
-80.388
-80.28
-80.181
-80.362
-80.169
-79.912
-79.579
-79.869
-79.945
-79.978
-80.011
-80.045
-80
-79.928
-79.848
-79.79
-79.76
-79.784
-79.863
-79.981
-79.987
-79.954
-80.09
-80.144
-80.032
-79.983
-80.342
-80.403
-80.522
-80.704
-80.621
-80.715
-80.977
-80.899
-80.613
-80.475
-80.243
-79.799
-79.72
-79.523
-79.037
-78.717
-78.5
-78.208
-78.264
-78.248
-78.318
-78.241
-78.1
-77.965
-77.68
-77.757
-77.923
-77.821
-77.957
-77.97
-77.986
-78.056
-78.012
-78.153
-78.099
-77.916
-77.895
-78.001
-78.025
-77.915
-78.086
-78.238
-78.475
-78.737
-78.746
-78.749
-78.501
-78.523
-78.433
-78.557
-78.719
-78.757
-79.115
-79.241
-79.436
-79.33
-79.533
-79.849
-79.829
-80.231
-80.229
-80.242
-79.959
-79.913
-80.077
-79.645
-79.557
-79.605
-79.459
-79.75
-79.874
-79.874
-79.917
-79.683
-79.864
-79.728
-80.094
-79.991
-79.924
-79.994
-80.118
-80.384
-80.58
-80.518
-80.793
-80.918
-81.03
-81.201
-81.088
-81.238
-81.2
-81.033
-81.08
-81.34
-81.343
-81.271
-81.418
-81.461
-81.559
-81.757
-81.504
-81.623
-81.471
-81.266
-80.989
-80.93
-80.416
-80.222
-79.896
-79.447
-79.099
-78.667
-78.274
-77.799
-78.019
-77.84
-77.86
-78.043
-77.825
-77.756
-77.606
-77.481
-76.948
-76.813
-76.511
-76.463
-76.65
-76.766
-76.891
-76.75
-77.165
-76.807
-77.019
-77.114
-77.006
-77.159
-77.065
-76.765
-76.577
-76.619
-76.656
-76.387
-76.299
-76.082
-75.971
-75.975
-75.932
-75.922
-75.814
-75.775
-75.656
-75.593
-75.776
-75.873
-75.901
-76.048
-76.148
-76.282
-76.212
-76.304
-76.721
-77.065
-77.272
-76.93
-77.163
-77.121
-77.258
-77.316
-77.35
-77.583
-78.077
-78.112
-78.136
-78.158
-78.216
-78.473
-78.579
-78.654
-78.579
-78.773
-79.004
-78.872
-78.872
-78.907
-78.94
-78.982
-79.06
-78.823
-78.816
-78.539
-78.492
-78.75
-78.914
-78.752
-78.724
-78.803
-78.71
-78.81
-79.004
-79.26
-79.06
-79.112
-79.237
-79.077
-79.076
-79.006
-79.058
-78.866
-78.983
-79.227
-79.391
-79.195
-79.093
-79.194
-79.035
-79.166
-79.394
-79.365
-79.39
-79.508
-79.526
-79.557
-79.426
-79.61
-79.656
-79.523
-79.307
-79.788
-79.789
-79.933
-79.636
-79.711
-80.069
-80.071
-80.341
-80.316
-80.469
-80.542
-80.638
-80.764
-80.856
-80.922
-80.986
-80.86
-80.751
-80.679
-80.53
-80.696
-80.892
-81.098
-81.185
-81.264
-81.389
-81.222
-81.22
-81.337
-81.361
-81.355
-81.134
-81.173
-81.424
