-79.487
-79.338
-79.455
-79.161
-79.327
-79.26
-79.426
-79.342
-79.386
-79.397
-79.526
-79.531
-79.344
-79.231
-79.131
-78.995
-79.175
-79.168
-79.097
-79.248
-79.072
-78.963
-79.115
-78.802
-79.014
-78.97
-78.997
-79.057
-79.14
-79.052
-79.135
-79.565
-79.727
-79.993
-80.196
-80.132
-79.977
-80.142
-80.226
-79.973
-79.689
-79.979
-79.854
-79.86
-79.938
-79.737
-79.661
-79.815
-79.607
-79.674
-79.523
-79.272
-79.187
-79.312
-79.31
-79.074
-78.974
-78.957
-78.794
-78.639
-78.569
-78.678
-78.595
-78.539
-78.52
-78.483
-78.46
-78.432
-78.347
-78.291
-78.382
-78.284
-78.334
-78.63
-78.508
-78.411
-78.402
-78.362
-78.343
-78.121
-78.062
-77.87
-77.765
-77.72
-77.461
-77.532
-77.8
-77.691
-77.779
-77.887
-77.692
-77.573
-77.406
-76.951
-77.182
-77.251
-76.903
-76.779
-76.649
-76.431
-76.627
-76.801
-76.73
-76.532
-76.677
-76.775
-76.978
-76.953
-77.176
-77.222
-77.217
-77.207
-77.265
-77.293
-77.306
-77.432
-77.445
-77.224
-77.04
-77.078
-77.082
-76.963
-77.031
-77.118
-77.009
-77.164
-77.206
-77.288
-77.144
-77.18
-77.245
-77.209
-76.994
-77.102
-76.946
-76.723
-76.75
-76.77
-76.963
-76.951
-77.01
-77.216
-77.28
-77.141
-77.174
-77.125
-76.955
-76.505
-76.453
-76.682
-77.153
-77.229
-77.284
-77.049
-77.077
-76.759
-76.754
-76.666
-76.701
-77.182
-77.277
-77.121
-76.686
-76.76
-76.657
-76.57
-76.71
-76.65
-76.772
-76.653
-76.877
-76.846
-76.658
-76.835
-77.107
-77.244
-77.672
-77.634
-77.594
-77.474
-77.37
-77.053
-77.048
-77.39
-77.249
-77.175
-77.299
-77.384
-77.306
-77.248
-77.031
-77.01
-77.121
-77.15
-77.19
-77.238
-77.177
-77.052
-77.168
-77.446
-77.257
-77.516
-77.639
-77.44
-77.535
-77.635
-77.583
-77.647
-77.782
-77.942
-77.904
-78.059
-78.178
-77.918
-77.999
-78.306
-78.441
-78.24
-78.378
-78.518
-78.674
-78.315
-78.075
-78.071
-77.959
-77.936
-77.922
-78.347
-78.647
-78.556
-78.395
-78.364
-78.436
-78.13
-77.991
-77.815
-77.746
-77.981
-78.14
-78.362
-78.336
-78.356
-78.565
-78.365
-78.338
-78.672
-78.55
-78.656
-78.724
-78.672
-78.606
-78.838
-78.803
-78.781
-79.06
-79.007
-78.869
-78.535
-78.684
-78.96
-78.913
-79.16
-79.186
-79.038
-78.944
-79.072
-79.388
-79.155
-79.103
-79.255
-79.435
-79.325
-79.133
-79.2
-79.183
-79.082
-78.865
-78.99
-78.869
-78.716
-78.874
-78.705
-78.444
-78.48
-78.196
-78.3
-78.527
-78.69
-78.492
-78.469
-78.338
-78.535
-78.447
-78.505
-78.664
-78.827
-78.975
-79.389
-79.479
-79.474
-79.163
-79.426
-79.471
-79.285
-79.323
-79.137
-79.257
-79.317
-79.438
-79.587
-79.637
-80.081
-80.144
-80.141
-80.378
-80.427
-80.472
-80.77
-80.676
-80.674
-80.573
-80.825
-80.634
-80.515
-80.276
-80.06
-79.881
-79.834
-79.925
-79.805
-79.82
-79.805
-79.583
-79.708
-79.919
-80.142
-79.956
-79.999
-80.183
-80.064
-79.958
-79.957
-79.738
-79.817
-80.023
-80.215
-79.814
-79.884
-79.794
-79.694
-79.667
-79.553
-79.935
-79.828
-79.701
-79.873
-79.825
-79.684
-79.652
-79.219
-79.071
-79.048
-79.022
-79.098
-78.983
-78.753
-78.821
-78.53
-78.235
-78.017
-77.689
-77.729
-77.51
-77.826
-77.725
-77.371
-77.551
-77.525
-77.827
-77.87
-77.782
-77.682
-77.474
-77.369
-77.41
-76.992
-76.776
-76.567
-76.548
-76.709
-76.722
-76.742
-76.797
-76.827
-76.854
-76.869
-76.891
-77.183
-76.662
-76.702
-76.495
-76.449
-76.53
-76.699
-77.06
-76.919
-77.164
-76.891
-77.216
-77.259
-77.301
-77.355
-77.459
-77.477
-77.541
-77.44
-77.566
-77.858
-77.539
-77.311
-77.117
-76.934
-76.772
-76.694
-76.656
-76.696
-76.72
-76.807
-76.803
-76.9
-77.489
-77.328
-77.149
-77.16
-77.316
-77.462
-77.394
-77.517
-77.805
-77.727
-77.864
-77.812
-77.854
-77.618
-77.698
-77.592
-77.486
-77.209
-77.029
-76.993
-76.901
-76.393
-76.158
-75.82
-75.608
-75.311
-75.284
-75.42
-75.355
-75.187
-75.028
-74.786
-74.948
-75.115
-75.081
-74.772
-74.573
-74.611
-74.829
-74.964
-75.053
-75.205
-75.105
-75.424
-75.677
-75.598
-76.004
-76.119
-76.199
-76.168
-76.393
-76.438
-76.869
-76.788
-77.093
-77.222
-77.201
-77.119
-77.188
-77.144
-77.404
-77.646
-77.673
-78.039
-78.182
-78.257
-78.157
-78.296
-78.371
-78.39
-78.387
-78.68
-78.945
-78.846
-78.94
-78.942
-78.913
-78.918
-78.922
-78.697
-78.713
-79.003
-78.986
-78.746
-78.804
-78.657
-78.535
-78.357
-78.772
-78.689
-78.518
-78.651
-78.645
-78.376
-78.557
-78.535
-78.208
-77.959
-78.062
-78.293
-78.361
-78.418
-78.287
-78.377
-78.453
-78.748
-78.929
-79.071
-79.312
-79.376
-79.715
-79.481
-79.77
-79.821
-79.69
-79.529
-79.559
-79.321
-79.351
-79.486
-79.557
-79.666
-79.436
-79.417
-79.238
-78.993
-79.179
-78.953
-79.413
-79.611
-79.448
-79.558
-79.643
-79.587
-79.657
-79.876
-79.887
-79.473
-79.14
-78.776
-78.818
-78.818
-78.559
-78.408
-78.049
-77.904
-77.464
-77.087
-77.012
-76.856
-76.66
-76.476
-76.353
-76.544
-76.097
-75.906
-75.689
-75.624
-75.554
-75.414
-75.464
-75.315
-75.351
-75.595
-75.787
-75.726
-75.728
-75.583
-75.562
-75.562
-75.641
-75.708
-75.909
-75.754
-75.781
-75.59
-75.398
-75.375
-75.546
-75.515
-75.192
-75.239
-75.456
-75.721
-75.59
-75.57
-75.585
-75.806
-75.761
-76.025
-76.196
-76.337
-76.288
-76.447
-76.659
-76.845
-77.217
-77.152
-77.37
-77.407
-77.249
-77.282
-77.421
-77.268
-77.277
-77.106
-76.979
-76.827
-76.819
-76.651
-76.597
-76.691
-76.536
-76.649
-76.728
-76.783
-76.702
-76.688
-76.515
-76.721
-76.776
-76.753
-77.092
-77.21
-77.389
-77.721
-77.662
-77.509
-77.289
-77.289
-76.834
-77.02
-76.767
-76.967
-77.26
-77.28
-77.042
-76.786
-76.854
-76.493
-76.529
-76.52
-76.568
-76.623
-76.512
-76.517
-76.598
-76.372
-76.472
-76.536
-76.542
-76.671
-76.754
-76.678
-76.825
-77.337
-77.33
-77.251
-77.406
-77.486
-77.533
-77.715
-77.566
-77.658
-77.659
-77.549
-77.653
-77.374
-77.481
-77.217
-77.22
-76.947
-76.912
-77.021
-77.095
-76.519
-76.542
-76.233
-76.11
-76.281
-76.416
-76.289
-76.385
-76.352
-76.402
-76.651
-76.635
-76.788
-77.075
-77.075
-76.9
-76.698
-76.711
-76.807
-76.531
-76.371
-76.436
-76.442
-76.244
-76.451
-76.526
-76.574
-76.716
-76.93
-76.949
-76.808
-76.895
-77.03
-76.933
-77.008
-76.88
-76.905
-77.054
-77.071
-76.947
-76.997
-76.901
-76.779
-76.9
-77.09
-76.966
-77.092
-77.323
-77.231
-77.695
-77.854
-78.08
-78.198
-78.396
-78.478
-78.572
-78.728
-78.524
-78.589
-78.458
-78.763
-78.59
-78.76
-78.278
-78.286
-78.27
-78.279
-78.421
-78.584
-78.5
-78.348
-78.449
-78.411
-78.521
-78.216
-78.249
-78.466
-78.403
-78.416
-78.464
-78.46
-78.412
-78.592
-78.434
-78.567
-78.595
-78.837
-78.543
-78.631
-78.794
-78.796
-78.706
-78.623
-78.354
-78.109
-77.935
-77.983
-78.118
-78.125
-78.097
-78.023
-78.126
-78.184
-78.501
-78.575
-78.856
-78.608
-78.524
-78.516
-78.509
-78.598
-78.535
-78.426
-78.256
-78.28
-78.354
-78.377
-78.269
-78.264
-77.709
-77.845
-78.002
-77.707
-77.603
-77.695
-77.839
-77.939
-78.186
-78.375
-78.411
-78.289
-78.424
-78.412
-78.59
-78.482
-78.483
-78.546
-78.448
-78.305
-78.357
-78.48
-78.617
-78.713
-78.718
-78.587
-78.632
-78.488
-78.499
-78.311
-78.479
-78.288
-78.491
-78.605
-78.89
-79.193
-79.136
-78.987
-79.125
-78.516
-78.37
-78.439
-78.239
-78.106
-78.095
-78.226
-78.246
-78.188
-78.069
-77.985
-77.817
-77.955
-77.742
-77.66
-77.743
-77.763
-77.886
-77.783
-77.726
-77.701
-77.519
-77.238
-77.22
-77.366
-77.524
-77.408
-77.362
-77.39
-77.265
-77.298
-77.466
-77.62
-77.718
-77.895
-78.015
-77.898
-78.126
-78.189
-78.354
-78.322
-78.424
-78.14
-78.133
-77.923
-77.881
-77.929
-78.18
-78.352
-78.244
-78.222
-78.342
-78.15
-78.039
-78.256
-78.301
-78.383
-78.138
-78.095
-78.213
-78.318
-78.604
-78.609
-78.587
-78.607
-78.883
-78.756
-78.697
-78.917
-78.864
-78.897
-79.042
-79.016
-78.922
-78.781
-78.742
-79.094
-78.979
-78.88
-78.653
-78.459
-78.492
-78.567
-78.499
-78.226
-78.129
-78.144
-78.213
-78.241
-78.422
-78.411
-78.046
-77.989
-78.152
-78.437
-78.525
-78.41
-78.286
-78.383
-78.501
-78.703
-78.529
-78.545
-78.595
-78.556
-78.693
-78.428
-78.468
-78.725
-78.879
-79.013
-79.28
-79.364
-79.482
-79.42
-79.295
-79.397
-79.575
-79.282
-78.947
-78.758
-78.892
-78.653
-78.702
-78.948
-79.014
-79.091
-79.123
-79.08
-79.217
-78.997
-78.855
-78.962
-78.918
-78.717
-78.548
-78.6
-78.223
