-79.278
-79.266
-79.2
-79.255
-79.514
-79.645
-79.428
-79.493
-79.407
-79.606
-79.432
-79.22
-79.249
-79.442
-79.653
-79.863
-79.939
-79.905
-79.886
-79.503
-79.401
-79.514
-79.467
-79.459
-79.444
-79.569
-79.413
-79.108
-79.045
-79.076
-79.033
-78.988
-78.671
-78.769
-78.729
-78.484
-78.431
-78.496
-78.443
-78.218
-78.243
-78.18
-77.935
-78.071
-78.091
-78.065
-78.455
-78.639
-78.788
-78.712
-78.477
-78.492
-78.837
-79.052
-79.044
-79.144
-79.02
-79.011
-79.022
-78.853
-79.152
-79.444
-79.806
-80.025
-80.107
-80.179
-80.234
-80.255
-79.988
-79.66
-79.655
-79.583
-79.786
-79.579
-79.572
-79.638
-79.55
-79.44
-79.369
-79.596
-79.706
-80.071
-80.296
-80.134
-80.3
-79.927
-79.958
-79.768
-79.794
-79.649
-79.366
-79.529
-79.136
-79.172
-79.04
-78.904
-79.082
-79.182
-79.544
-79.657
-79.654
-79.551
-79.616
-79.865
-79.965
-79.877
-79.758
-80.054
-80.083
-79.962
-79.931
-79.728
-79.441
-79.714
-79.863
-79.959
-80.159
-79.94
-79.801
-79.589
-79.661
-79.626
-79.746
-80.001
-80.081
-79.935
-79.942
-80.06
-80.416
-80.235
-79.883
-79.695
-79.724
-79.416
-79.51
-79.636
-79.925
-79.932
-79.784
-79.759
-79.999
-79.938
-79.889
-79.796
-79.566
-79.352
-79.178
-78.885
-79.04
-78.941
-78.882
-78.71
-78.844
-78.788
-78.655
-78.486
-78.442
-78.64
-78.421
-78.445
-78.226
-78.153
-78.141
-78.419
-78.568
-78.504
-78.222
-78.262
-78.105
-77.701
-77.516
-77.511
-77.524
-77.384
-77.447
-77.644
-77.542
-77.809
-77.671
-77.579
-77.6
-77.594
-77.548
-77.509
-77.483
-77.572
-77.568
-77.486
-77.369
-77.173
-77.41
-77.078
-76.79
-76.777
-76.712
-76.584
-76.294
-76.214
-76.658
-76.628
-76.628
-76.53
-76.645
-76.62
-76.382
-76.597
-76.524
-76.562
-76.45
-76.368
-76.505
-76.342
-76.55
-76.43
-76.526
-76.634
-76.724
-76.779
-76.676
-76.552
-76.537
-76.766
-76.728
-76.789
-76.755
-76.549
-76.726
-76.816
-76.544
-76.08
-75.471
-74.72
-73.36
-72.443
-71.581
-71.122
-70.594
-69.813
-69.182
-68.421
-67.806
-67.415
-67.021
-66.274
-65.5
-65.218
-64.848
-64.426
-64.115
-63.525
-63.464
-63.196
-62.618
-62.375
-62.324
-62.238
-61.858
-61.727
-61.672
-61.441
-61.498
-61.401
-61.301
-61.244
-61.302
-61.357
-61.251
-61.233
-61.123
-60.901
-60.424
-59.785
-59.063
-58.72
-57.953
-57.288
-56.809
-56.606
-56.229
-55.903
-55.47
-55.311
-55.027
-54.59
-54.096
-53.799
-53.766
-53.51
-53.212
-53.142
-52.952
-52.919
-52.684
-52.65
-52.247
-52.062
-52.114
-52.403
-52.147
-52.268
-51.813
-51.486
-51.085
-51.03
-51.226
-51.06
-50.934
-50.873
-50.59
-50.483
-50.563
-50.29
-50.117
-50.135
-50.024
-49.693
-49.525
-49.72
-49.701
-49.783
-50.062
-53.229
-58.18
-63.083
-67.407
-70.935
-73.502
-75.244
-76.137
-76.728
-76.928
-77.003
-76.866
-76.931
-77.089
-77.176
-77.395
-77.599
-77.621
-77.729
-77.61
-77.77
-77.818
-77.83
-77.656
-77.84
-77.865
-77.94
-78.223
-78.205
-78.269
-78.117
-77.993
-78.441
-78.504
-78.817
-78.654
-78.908
-78.97
-78.993
-78.814
-79.015
-78.969
-79.238
-79.306
-79.127
-79.43
-79.166
-79.226
-79.423
-79.319
-79.203
-79.372
-79.317
-79.398
-79.376
-79.394
-79.488
-79.243
-79.321
-79.235
-79.291
-79.389
-79.478
-79.368
-79.272
-79.492
-79.32
-79.513
-79.458
-79.594
-79.54
-79.314
-79.683
-79.647
-79.746
-79.585
-79.525
-79.597
-79.717
-79.647
-79.472
-79.725
-79.864
-79.677
-79.543
-79.646
-79.558
-78.98
-78.608
-77.838
-77.331
-76.874
-76.59
-75.98
-75.777
-75.643
-75.473
-75.53
-75.042
-75.008
-75.082
-75.134
-75.445
-75.461
-75.415
-75.283
-75.178
-74.958
-74.739
-74.331
-73.908
-73.215
-73.122
-72.861
-72.661
-72.558
-72.226
-72.457
-72.413
-72.286
-72.151
-72.277
-72.097
-72.121
-72.001
-72.092
-72.373
-72.541
-72.723
-72.601
-72.211
-71.79
-71.086
-70.865
-70.499
-70.404
-70.335
-70.491
-70.276
-70.119
-69.599
-69.225
-68.696
-68.139
-67.658
-67.499
-67.346
-66.963
-66.586
-66.038
-65.288
-64.511
-63.572
-62.666
-61.868
-61.288
-60.844
-60.649
-60.489
-60.46
-60.417
-60.541
-60.407
-60.481
-60.245
-60.442
-60.167
-59.642
-59.379
-59.226
-58.88
-58.917
-58.829
-58.527
-58.889
-58.78
-59.225
-59.377
-60.027
-60.615
-60.961
-61.216
-61.677
-62.016
-62.105
-62.624
-62.976
-62.968
-63.476
-63.782
-63.958
-64.243
-64.623
-64.914
-65.148
-64.903
-64.795
-64.777
-64.351
-64.119
-63.973
-63.609
-63.179
-63.031
-63.255
-63.472
-63.612
-63.538
-63.423
-63.319
-63.447
-63.561
-63.864
-63.727
-63.822
-64.354
-64.558
-64.797
-65.007
-65.021
-64.85
-64.588
-64.359
-63.918
-63.327
-62.949
-62.572
-62.349
-62.17
-62.022
-62.24
-62.113
-61.7
-61.034
-60.386
-59.856
-59.368
-58.906
-58.259
-57.841
-57.417
-56.982
-56.963
-56.868
-56.652
-56.497
-56.959
-56.884
-57.192
-57.176
-57.224
-57.453
-57.447
-57.803
-57.822
-58.082
-58.193
-58.497
-58.697
-58.805
-59.371
-59.509
-59.798
-59.934
-60.125
-60.329
-60.501
-60.628
-60.645
-60.697
-61.283
-61.603
-62.029
-62.27
-62.804
-62.889
-62.869
-63.011
-63.084
-63.211
-63.52
-64.009
-64.232
-64.57
-64.714
-65.147
-65.586
-65.96
-66.389
-66.673
-66.678
-66.815
-67.127
-67.135
-67.384
-67.42
-67.616
-67.753
-68.07
-68.353
-68.375
-68.616
-68.804
-68.745
-68.997
-69.319
-69.284
-69.152
-69.36
-69.38
-69.734
-70.046
-70.278
-70.308
-70.594
-70.771
-71.09
-71.138
-71.334
-71.62
-71.7
-71.185
-71.547
-71.981
-72.291
-72.189
-72.659
-72.394
-72.462
-72.608
-72.823
-73.158
-73.308
-73.268
-73.122
-73.376
-73.412
-73.366
-73.211
-73.047
-72.96
-73.232
-73.349
-73.523
-73.888
-74.102
-74.246
-74.488
-74.71
-74.675
-74.75
-74.731
-74.641
-74.403
-74.404
-74.77
-74.982
-75.037
-75.178
-75.118
-74.863
-74.787
-74.625
-74.745
-74.961
-75.082
-75.244
-75.422
-75.633
-75.789
-75.752
-75.781
-75.754
-75.779
-75.86
-75.86
-75.965
-75.971
-75.83
-75.616
-75.943
-75.865
-76.127
-76.337
-76.502
-76.447
-76.54
-76.607
-77.035
-77.218
-77.064
-76.979
-76.807
-76.547
-76.586
-76.586
-76.761
-76.781
-76.917
-76.801
-76.8
-77.111
-77.364
-77.268
-77.326
-77.078
-77.033
-77.107
-76.991
-77.212
-77.364
-77.447
-77.467
-77.465
-77.582
-77.61
-77.449
-77.2
-77.064
-77.215
-77.145
-77.377
-77.363
-77.131
-77.451
-77.315
-77.571
-77.249
-77.02
-77.001
-77.21
-77.269
-77.424
-77.588
-77.541
-77.633
-77.738
-77.594
-77.692
-77.582
-77.552
-77.619
-77.744
-77.76
-77.83
-77.969
-78.167
-78.052
-77.951
-78.184
-78.052
-78.145
-78.208
-77.762
-77.945
-77.786
-77.859
-77.788
-77.954
-77.952
-77.899
-77.894
-78.082
-77.836
-77.616
-77.63
-77.833
-77.959
-77.868
-77.814
-77.78
-77.591
-77.441
-77.172
-76.949
-77.199
-77.02
-77.009
-77.1
-77.023
-77.033
-77.158
-77.467
-77.403
-77.455
-77.76
-77.7
-77.782
-77.725
-77.938
-77.995
-78.111
-78.085
-78.05
-78.27
-78.168
-78.105
-78.172
-78.412
-78.591
-78.29
-78.146
-78.222
-78.218
-78.127
-78.018
-78.271
-78.422
-78.068
-78.187
-77.969
-77.957
-78.065
-77.838
-77.859
-77.833
-77.922
-78.183
-78.121
-78.005
-77.859
-77.653
-77.791
-77.674
-77.7
-77.672
-77.556
-77.585
-77.564
-77.56
-77.46
-77.613
-77.604
-77.67
-77.76
-77.583
-77.729
-77.791
-77.688
-77.565
-77.594
-77.673
-77.528
-77.469
-77.491
-77.725
-77.692
-77.693
-77.694
-77.87
-77.881
-77.741
-77.808
-77.44
-77.418
-77.413
-77.209
-77.076
-77.049
-77.272
-77.308
-77.321
-77.023
-77.17
-76.943
-76.785
-76.518
-76.625
-76.652
-76.539
-76.488
-76.15
-76.077
-76.252
-76.134
-75.928
-76.211
-76.353
-76.375
-76.337
-76.42
-76.585
-76.692
-76.574
-76.577
-76.474
-76.522
-76.555
-76.626
-76.835
-76.505
-76.563
-76.805
-77.052
-76.942
-77.006
-77.094
-77.18
-77.24
-77.381
-77.405
-77.275
-77.062
-76.875
-76.782
-76.686
-76.696
-76.91
-76.99
-76.991
-77.07
-77.18
-76.987
-77.011
-76.793
-76.775
-76.716
-76.744
-77.053
-77.003
-76.858
-76.7
-76.713
-76.743
-76.705
-76.639
-76.588
-76.702
-76.639
-76.37
-76.542
-76.813
-76.982
-76.776
-76.86
-76.948
-77.224
-77.491
-77.459
-77.42
-77.324
-77.249
-77.149
-77.096
-77.069
-77.193
-77.306
-77.279
-77.21
-77.506
-77.361
-77.444
-77.649
-77.658
-77.569
-77.801
-77.964
-78.048
-77.936
-78.032
-78.138
-77.867
-77.709
-77.613
-77.413
-77.417
-77.33
-77.299
-76.93
-76.999
-77.047
-76.966
-76.94
-76.744
-76.756
-76.842
-76.674
-76.62
-76.675
-76.537
