-81.74
-81.735
-81.692
-81.415
-81.353
-81.37
-81.683
-81.501
-81.646
-81.549
-81.672
-81.648
-81.732
-81.697
-81.683
-81.945
-82.125
-82.101
-82.076
-82.251
-82.175
-82.125
-82.227
-82.304
-82.239
-82.372
-82.381
-82.156
-82.328
-82.366
-82.756
-82.76
-82.738
-82.894
-82.718
-82.801
-82.776
-82.871
-83.005
-82.669
-82.727
-82.738
-82.518
-82.413
-82.345
-82.28
-81.899
-81.807
-81.869
-81.706
-81.727
-81.614
-81.666
-81.656
-81.553
-81.624
-81.727
-81.843
-81.936
-81.756
-81.503
-81.514
-81.261
-81.541
-81.671
-81.6
-81.689
-81.801
-81.811
-81.875
-81.785
-81.795
-81.77
-81.794
-82.042
-81.995
-81.858
-81.768
-81.641
-81.571
-81.605
-81.939
-81.985
-81.833
-81.869
-82.109
-82.035
-81.963
-82.095
-82.078
-82.154
-81.969
-81.681
-81.721
-81.71
-81.685
-81.614
-81.733
-81.574
-81.832
-81.545
-81.632
-81.493
-81.416
-81.307
-81.616
-81.442
-81.32
-81.459
-81.707
-81.983
-82.145
-82.263
-82.25
-82.434
-82.341
-82.321
-82.302
-82.209
-82.434
-82.329
-82.622
-82.945
-82.921
-82.939
-83.024
-83.234
-83.453
-83.442
-83.662
-83.371
-83.329
-83.159
-83.037
-83.171
-82.888
-82.7
-82.753
-82.595
-82.639
-82.543
-82.534
-82.419
-82.176
-82.163
-82.096
-82.098
-82.073
-81.834
-81.88
-81.864
-81.98
-81.814
-81.708
-81.385
-81.349
-81.415
-81.428
-81.246
-81.249
-81.124
-81.452
-81.523
-81.764
-81.8
-81.909
-81.905
-81.714
-81.383
-81.459
-81.434
-81.654
-81.414
-81.422
-81.147
-81.092
-81.247
-81.11
-81.11
-81.068
-81.215
-81.488
-81.221
-81.18
-81.095
-81.146
-81.323
-81.502
-81.931
-81.879
-81.918
-81.79
-81.791
-81.996
-81.814
-81.8
-81.925
-81.961
-82.37
-82.513
-82.702
-82.974
-83.008
-83.213
-83.165
-83.261
-83.26
-83.362
-83.349
-83.203
-83.393
-83.282
-83.284
-83.288
-83.198
-83.078
-82.708
-82.985
-82.994
-82.631
-82.657
-82.548
-82.575
-82.534
-82.493
-82.486
-82.486
-82.345
-82.408
-82.438
-82.198
-82.336
-82.56
-82.196
-81.736
-81.7
-81.299
-80.684
-80.175
-79.744
-79.495
-79.011
-78.6
-78.6
-78.398
-78.182
-77.658
-77.277
-77.16
-76.788
-76.6
-76.444
-76.077
-75.702
-75.375
-75.382
-75.165
-75.38
-75.201
-74.935
-74.737
-74.555
-74.612
-74.503
-74.642
-74.788
-74.828
-74.693
-74.418
-74.369
-74.223
-74.142
-74.358
-74.753
-74.48
-74.455
-74.36
-74.534
-74.698
-74.771
-74.9
-74.919
-75.07
-74.89
-75.011
-75.132
-75.428
-75.3
-75.244
-75.271
-75.344
-75.232
-75.395
-75.278
-75.293
-75.471
-75.247
-75.15
-74.619
-74.184
-73.999
-73.42
-73.251
-72.971
-72.884
-72.597
-72.314
-72.05
-71.841
-71.778
-71.375
-71.133
-70.923
-70.954
-71.564
-73.021
-74.401
-75.776
-76.645
-77.161
-78.063
-78.365
-78.702
-78.962
-79.147
-79.107
-78.833
-78.818
-78.858
-79.151
-79.177
-79.274
-79.161
-79.046
-79.198
-78.997
-79.208
-79.119
-79.226
-78.991
-79.228
-78.874
-78.681
-78.703
-78.775
-78.954
-79.107
-79.002
-79.196
-78.996
-79.132
-79.063
-79.167
-79.286
-79.09
-79.371
-79.333
-79.274
-79.286
-79.336
-79.145
-79.312
-79.104
-79.316
-79.399
-79.459
-79.543
-79.78
-79.575
-79.593
-79.78
-79.663
-79.552
-79.612
-79.826
-79.791
-79.72
-79.726
-79.789
-79.746
-79.545
-79.585
-79.571
-79.601
-79.661
-79.703
-79.606
-79.813
-79.792
-79.973
-79.802
-79.86
-80.019
-79.924
-79.953
-79.964
-80.053
-80.009
-80.093
-80.046
-79.951
-80.007
-79.746
-80.166
-79.773
-79.25
-78.611
-78.312
-78.179
-77.938
-77.669
-77.82
-77.967
-77.769
-77.326
-77.122
-76.696
-76.426
-76.061
-76.13
-75.841
-75.02
-74.415
-73.8
-73.489
-73.181
-72.918
-72.716
-72.449
-72.515
-72.314
-72.27
-72.266
-72.372
-72.372
-72.767
-73.587
-74.603
-75.338
-75.857
-76.17
-76.218
-76.478
-76.371
-76.623
-76.78
-76.995
-76.988
-77.156
-77.186
-76.954
-76.774
-76.98
-77.174
-77.201
-76.858
-76.786
-76.267
-76.169
-75.986
-75.605
-75.673
-75.747
-75.65
-75.717
-75.857
-75.833
-76.007
-76.063
-76.04
-75.901
-75.843
-75.927
-75.984
-76.2
-76.295
-76.432
-76.278
-76.395
-76.347
-76.592
-76.626
-76.934
-76.658
-76.77
-76.837
-77.024
-77.159
-77.316
-77.492
-77.336
-77.233
-77.293
-77.193
-77.288
-77.498
-77.788
-77.571
-77.67
-77.695
-77.797
-77.831
-77.684
-77.348
-76.94
-76.844
-76.952
-76.711
-76.881
-76.898
-76.999
-77.269
-77.005
-76.785
-76.884
-77.032
-76.936
-76.951
-77.133
-76.903
-77.158
-77.126
-76.951
-76.364
-76.387
-76.468
-76.533
-76.461
-76.538
-76.297
-76.274
-76.657
-76.936
-77.292
-77.355
-77.381
-77.441
-77.398
-77.576
-77.77
-77.806
-77.827
-77.648
-77.911
-78.034
-78.016
-78.142
-78.228
-78.349
-78.319
-78.127
-78.216
-78.084
-78.203
-78.093
-78.041
-78.012
-77.51
-77.318
-76.896
-76.529
-76.68
-76.594
-76.58
-76.676
-76.827
-77.112
-77.06
-77.104
-77.363
-77.363
-77.459
-77.415
-77.52
-77.37
-77.306
-76.833
-76.604
-76.192
-76.388
-76.357
-76.231
-76.408
-76.317
-76.426
-76.856
-77.026
-77.07
-77.162
-77.241
-77.316
-77.366
-77.059
-77.114
-77.077
-77.08
-76.966
-77.127
-77.162
-77.251
-77.452
-77.771
-77.764
-77.99
-78.194
-78.325
-78.393
-78.194
-78.443
-78.562
-78.511
-78.588
-78.666
-78.752
-78.852
-78.954
-78.842
-79.052
-79.023
-79.025
-79.091
-79.077
-79.403
-79.32
-79.397
-79.477
-79.488
-79.607
-79.532
-79.508
-79.612
-79.411
-79.334
-79.439
-79.324
-79.568
-79.549
-79.743
-79.701
-79.543
-79.536
-79.646
-79.84
-79.592
-79.653
-79.504
-78.907
-78.709
-78.778
-78.667
-78.461
-78.552
-78.461
-78.223
-78.388
-78.642
-78.806
-78.631
-78.722
-78.739
-78.487
-78.304
-78.186
-78.189
-78.134
-78.05
-78.24
-78.319
-78.038
-77.895
-78.171
-77.936
-77.838
-78.018
-78.243
-78.428
-78.52
-78.402
-78.447
-78.784
-78.882
-78.896
-78.72
-78.613
-78.782
-78.911
-78.964
-78.838
-78.946
-78.976
-79.272
-79.467
-79.35
-79.334
-79.23
-78.93
-79.134
-79.118
-79.113
-79.203
-79.262
-79.254
-79.215
-79.266
-79.032
-79.151
-79.11
-79.251
-79.329
-79.42
-79.34
-79.511
-79.758
-79.763
-79.687
-79.375
-79.528
-79.672
-79.614
-79.884
-79.876
-79.677
-79.629
-79.781
-80.033
-80.128
-80.189
-80.218
-80.103
-80.369
-80.189
-80.249
-80.423
-80.673
-80.768
-80.78
-80.955
-80.784
-80.875
-80.855
-81.108
-81.065
-81.064
-81.227
-81.29
-81.152
-80.812
-80.812
-80.908
-80.78
-80.502
-80.198
-79.786
-79.452
-79.031
-78.746
-78.377
-78.026
-77.924
-77.604
-77.508
-77.189
-77.209
-76.914
-76.899
-77.033
-76.826
-76.885
-76.9
-77.056
-77.421
-77.584
-77.502
-77.622
-77.761
-77.784
-77.94
-77.749
-77.9
-78.17
-78.097
-77.905
-77.96
-78.299
-78.371
-78.598
-78.949
-79.079
-78.895
-78.738
-78.683
-78.45
-78.552
-78.684
-78.857
-78.845
-78.945
-78.891
-79.103
-79.141
-79.195
-79.246
-79.444
-79.338
-79.336
-79.266
-79.114
-79.111
-78.971
-78.999
-79.28
-79.269
-79.193
-79.059
-79.008
-79.169
-79.319
-79.146
-79.305
-79.479
-79.443
-79.423
-79.595
-79.636
-79.544
-79.375
-79.419
-79.442
-79.362
-79.271
-79.309
-79.348
-79.564
-79.837
-79.944
-79.936
-79.988
-80.195
-80.023
-79.93
-79.9
-80.153
-80.362
-80.495
-80.615
-80.507
-80.365
-80.468
-80.554
-80.495
-80.365
-80.363
-80.197
-80.405
-80.585
-80.83
-81.017
-81.042
-80.883
-80.758
-80.792
-80.774
-80.94
-81.107
-80.887
-80.726
-80.579
-80.341
-79.806
-79.264
-78.817
-78.717
-78.475
-78.118
-77.578
-77.232
-77.126
-77.061
-77.027
-76.582
-76.617
-76.559
-76.574
-76.514
-76.135
-75.947
-75.93
-75.911
-75.712
-75.676
-75.728
-75.656
-75.548
-75.461
-75.426
-75.292
-75.101
-75.231
-75.049
-74.833
-74.642
-74.607
-74.762
-74.814
-74.61
-74.87
-74.865
-74.857
-74.884
-74.955
-75.385
-75.371
-75.54
-75.604
-75.793
-76.093
-76.17
-76.185
-76.199
-76.303
-76.389
-76.488
-76.598
-76.603
-76.674
-76.78
-76.6
-76.409
-76.433
-76.489
-76.374
-76.377
-76.377
-76.273
-76.337
-76.209
-76.292
-76.348
-76.295
-76.33
-76.426
-76.329
-76.481
-76.392
-76.52
-76.571
-76.749
-76.689
-77.142
-77.2
-77.05
-77.264
-77.147
-77.335
-77.42
-77.33
-77.427
-77.184
-77.081
-76.815
-76.971
-77.049
-77.003
-77.243
-77.389
-77.63
-77.874
-77.799
-77.974
-78.175
-78.172
-78.176
-78.349
-78.352
-78.622
-78.809
-78.301
-78.234
-78.093
-78.199
-78.354
-78.448
-78.564
-78.6
-78.446
-78.782
-79.111
-78.98
-78.704
-78.535
-78.514
-78.475
-78.338
-78.692
-78.62
-78.566
-78.562
-78.232
-78.274
-78.376
-78.635
