-78.294
-78.59
-78.547
-78.415
-78.464
-78.325
-78.345
-78.483
-78.38
-78.675
-78.568
-78.41
-78.388
-78.442
-78.663
-78.347
-78.468
-78.318
-78.089
-78.235
-78.513
-78.431
-78.666
-78.778
-78.783
-78.74
-78.582
-78.682
-78.873
-79.074
-79.198
-79.303
-79.319
-79.255
-79.434
-79.539
-79.532
-79.603
-79.67
-79.966
-79.848
-79.924
-79.939
-79.869
-80.016
-79.545
-79.427
-79.235
-79.202
-78.975
-78.99
-78.95
-79.069
-79.06
-79.204
-79.321
-79.56
-79.707
-79.51
-79.403
-79.743
-79.931
-79.765
-79.677
-79.66
-79.757
-79.562
-79.615
-79.878
-79.935
-79.843
-79.895
-79.771
-79.885
-79.705
-79.577
-79.642
-79.581
-79.618
-79.759
-79.56
-79.665
-79.577
-79.758
-79.821
-79.885
-80.016
-79.912
-79.853
-79.891
-79.684
-79.581
-79.593
-79.329
-78.966
-79.147
-79.035
-79.229
-79.168
-78.921
-79.183
-78.971
-78.924
-78.567
-78.854
-78.646
-78.703
-78.471
-78.579
-78.864
-78.568
-78.435
-78.549
-78.96
-78.82
-78.908
-78.743
-78.566
-78.395
-77.975
-77.997
-77.985
-77.713
-77.359
-77.465
-77.678
-77.728
-77.807
-77.714
-77.795
-77.866
-77.744
-77.627
-77.39
-77.519
-77.817
-77.673
-77.562
-77.413
-77.402
-77.427
-77.176
-77.153
-77.543
-77.63
-77.53
-77.653
-77.689
-77.745
-77.544
-77.685
-77.823
-77.904
-78.009
-78.088
-78.126
-78.129
-77.969
-77.986
-78.048
-78.155
-78.458
-78.439
-78.423
-78.45
-78.416
-78.397
-78.116
-78.115
-78.126
-78.285
-77.985
-77.977
-78.026
-77.805
-77.601
-77.613
-77.871
-77.584
-77.674
-77.776
-77.559
-77.552
-77.816
-77.807
-78.093
-77.783
-77.713
-77.667
-77.812
-77.83
-77.778
-77.559
-77.765
-77.993
-77.796
-77.527
-77.553
-77.766
-77.536
-77.543
-77.719
-77.866
-77.777
-77.738
-77.546
-77.453
-77.307
-76.992
-77.205
-77.422
-77.26
-77.148
-77.172
-76.979
-77.172
-77.083
-77.341
-77.472
-77.23
-77.102
-76.979
-77.154
-77.033
-77.067
-77.227
-76.979
-76.962
-76.728
-76.808
-76.715
-76.599
-76.481
-76.477
-76.14
-75.96
-75.964
-76.049
-76.157
-76.037
-76.005
-75.821
-75.959
-76.118
-76.322
-76.11
-76.073
-75.712
-75.98
-76.01
-75.748
-75.622
-75.488
-75.516
-75.582
-75.397
-75.486
-75.729
-76.046
-75.621
-75.521
-75.739
-75.98
-76.095
-75.897
-75.841
-75.968
-75.656
-75.771
-75.887
-75.905
-75.714
-75.77
-75.91
-75.95
-75.994
-75.96
-75.927
-76.163
-76.041
-76.294
-75.899
-75.885
-75.701
-75.91
-75.874
-75.599
-75.421
-75.319
-75.119
-75.183
-75.329
-75.244
-74.914
-74.996
-75.032
-75.25
-75.067
-75.243
-75.147
-75.296
-75.311
-75.411
-75.593
-75.769
-75.747
-75.98
-75.919
-76.08
-76.057
-76.197
-76.26
-76.015
-76.16
-76.226
-76.463
-76.44
-76.692
-76.822
-76.994
-76.696
-76.689
-76.696
-76.735
-76.875
-77.091
-77.137
-77.206
-77.684
-78.156
-78.899
-78.999
-79.174
-79.483
-79.59
-79.782
-79.848
-79.758
-79.83
-79.927
-80.03
-79.68
-79.546
-79.675
-79.687
-79.862
-79.849
-80.094
-80.21
-79.943
-79.921
-80.049
-79.863
-79.815
-79.597
-79.503
-79.53
-79.427
-79.291
-79.421
-79.491
-79.443
-79.44
-79.45
-79.478
-79.312
-79.406
-79.329
-79.24
-79.16
-78.768
-78.777
-78.88
-78.71
-78.672
-78.66
-78.541
-78.4
-78.489
-78.422
-78.481
-78.406
-78.477
-78.427
-78.217
-77.472
-77.021
-76.615
-76.479
-76.208
-76.138
-75.628
-75.511
-75.562
-75.369
-75.283
-75.033
-74.666
-74.705
-74.653
-74.967
-75.331
-75.35
-75.687
-76.136
-76.396
-76.439
-76.531
-76.802
-76.913
-77.025
-76.954
-76.781
-77.013
-77.006
-77.306
-77.68
-77.839
-77.966
-77.709
-77.562
-77.65
-77.753
-78.078
-78.03
-78.006
-78.143
-78.002
-78.109
-77.93
-77.662
-77.492
-77.175
-76.985
-76.743
-76.815
-76.54
-76.736
-76.742
-76.077
-75.794
-75.434
-75.079
-74.548
-74.466
-74.36
-74.77
-74.581
-74.811
-74.903
-75.247
-75.719
-75.779
-75.959
-76.145
-76.304
-76.556
-76.398
-76.707
-76.748
-76.876
-76.788
-76.728
-76.848
-76.741
-76.888
-76.798
-76.97
-76.87
-76.708
-76.755
-76.543
-76.557
-76.462
-76.437
-76.348
-76.272
-76.411
-76.508
-76.725
-76.671
-76.761
-76.914
-77.101
-77.04
-77.176
-77.442
-77.727
-78.003
-78.2
-78.299
-78.224
-78.403
-77.999
-77.758
-77.297
-77.424
-77.363
-77.502
-77.401
-77.381
-77.606
-77.438
-77.525
-77.645
-77.321
-77.385
-77.363
-77.506
-77.322
-77.494
-77.159
-77.594
-77.653
-77.874
-77.798
-77.791
-77.894
-78.101
-78.207
-78.015
-77.984
-77.745
-77.388
-76.507
-76.07
-75.46
-74.889
-74.195
-73.958
-73.374
-73.25
-73.361
-73.613
-73.915
-74.331
-74.498
-74.681
-74.868
-74.985
-74.879
-75.24
-75.469
-75.788
-75.923
-76.013
-76.138
-76.394
-76.711
-76.854
-76.888
-76.745
-76.958
-77.178
-77.112
-77.011
-77.248
-77.44
-77.781
-77.795
-77.918
-77.965
-78.039
-78.327
-78.502
-78.271
-78.104
-78.33
-78.339
-78.563
-78.788
-78.725
-78.776
-78.764
-78.921
-79.024
-78.902
-79.007
-79.099
-79.457
-79.38
-79.145
-79.175
-79.004
-79.074
-79.16
-79.235
-79.347
-79.379
-79.392
-79.396
-79.46
-79.313
-79.639
-79.806
-79.593
-79.663
-79.651
-79.61
-79.463
-79.509
-79.828
-80.067
-80.063
-80.204
-80.008
-80.042
-79.971
-79.842
-79.834
-79.787
-79.441
-79.192
-78.932
-78.924
-78.679
-78.465
-78.322
-78.11
-77.934
-77.966
-77.855
-77.758
-77.975
-78.238
-78.263
-78.374
-78.373
-78.446
-78.545
-78.81
-78.761
-78.762
-78.772
-78.673
-78.8
-79.086
-79.018
-79.137
-79.221
-79.152
-78.983
-79.128
-79.039
-79.188
-79.054
-78.777
-78.829
-78.969
-78.724
-78.636
-78.41
-78.303
-77.844
-77.697
-77.815
-77.615
-77.529
-77.311
-77.171
-77.35
-77.253
-77.237
-77.316
-77.479
-77.467
-77.286
-77.236
-77.191
-77.324
-77.663
-77.551
-77.602
-77.695
-77.921
-77.945
-78.354
-78.219
-78.283
-78.196
-78.494
-78.361
-78.576
-78.788
-79.068
-78.977
-78.821
-78.848
-78.668
-78.533
-78.571
-78.383
-78.407
-78.403
-78.493
-78.513
-78.59
-78.54
-78.562
-78.474
-78.998
-78.895
-79.024
-79.061
-79.19
-79.32
-79.321
-79.369
-79.359
-79.446
-79.623
-79.824
-79.63
-79.624
-79.526
-79.609
-79.398
-79.522
-79.653
-79.266
-79.484
-79.459
-79.597
-79.554
-79.474
-79.506
-79.473
-79.425
-79.602
-79.652
-79.852
-79.972
-79.873
-79.889
-79.927
-79.914
-79.922
-79.981
-79.755
-79.565
-79.748
-79.502
-79.537
-79.467
-79.833
-79.658
-79.856
-79.896
-79.649
-79.202
-78.931
-78.779
-78.194
-77.785
-77.789
-77.475
-77.402
-77.058
-76.663
-76.707
-76.482
-76.58
-76.554
-76.408
-76.426
-76.426
-76.457
-76.325
-76.52
-76.703
-76.816
-76.976
-76.976
-77.018
-76.986
-77.252
-77.56
-77.691
-77.838
-77.773
-77.518
-77.669
-77.542
-77.645
-77.66
-77.702
-77.845
-77.592
-77.586
-77.356
-77.208
-77.497
-77.415
-77.46
-77.506
-77.582
-77.674
-77.578
-77.478
-77.495
-77.593
-77.556
-77.71
-77.633
-77.631
-77.612
-77.484
-77.313
-77.334
-77.575
-77.743
-77.809
-77.876
-78.045
-78.405
-78.268
-78.248
-78.237
-78.497
-78.416
-78.263
-78.325
-78.636
-78.687
-78.494
-78.379
-78.479
-78.375
-78.055
-78.043
-77.866
-78.135
-78.05
-77.693
-77.792
-77.748
-78.214
-77.942
-78.031
-78.172
-78.318
-78.183
-78.198
-78.284
-77.897
-77.786
-76.944
-76.653
-76.452
-75.98
-75.9
-75.648
-75.328
-75.335
-75.124
-74.563
-74.458
-74.415
-74.284
-74.065
-74.033
-74.147
-74.34
-74.104
-73.977
-73.91
-74.181
-74.257
-74.155
-74.147
-74.312
-74.138
-74.258
-74.222
-74.495
-74.395
-74.497
-74.495
-74.132
-74.299
-74.413
-74.459
-74.512
-74.475
-74.47
-74.882
-74.832
-75.082
-74.838
-75.15
-75.396
-75.217
-75.178
-75.393
-75.291
-75.143
-75.318
-75.092
-75.213
-75.244
-75.085
-75.055
-75.126
-75.083
-75.036
-74.928
-74.843
-74.862
-74.533
-74.79
-75.086
-75.023
-74.976
-75.369
-75.27
-75.266
-75.495
-75.634
-75.592
-75.58
-75.634
-75.791
-75.937
-76.013
-76.05
-75.772
-75.58
-75.54
-75.623
-75.742
-75.727
-75.743
-75.809
-75.887
-76.037
-75.974
-75.978
-76.025
-76.01
-76.243
-76.246
-76.164
-76.222
-76.285
-76.287
-76.37
-76.466
-76.58
-76.699
-76.769
-76.812
-77.134
-76.987
-76.893
-76.543
-76.593
-76.72
-76.609
-76.809
-76.839
-76.865
-77.094
-77.083
-77.297
-77.384
-77.48
-77.569
-77.44
-77.449
-77.61
-77.687
-77.388
-77.461
-77.295
-77.348
-76.968
-76.776
-76.782
-76.868
-76.618
-76.571
-76.886
-76.743
-76.722
-76.816
-76.826
-76.834
-76.867
-76.894
-76.769
-76.312
-76.094
-76.269
-76.437
-76.233
-76.247
-76.138
-76.027
-75.849
-75.776
-75.907
