-83.462
-83.332
-83.374
-83.373
-83.621
-83.607
-83.572
-83.57
-83.535
-83.538
-83.743
-83.61
-83.539
-83.49
-83.578
-83.479
-83.502
-83.513
-83.593
-83.663
-83.385
-83.383
-83.437
-83.317
-83.221
-83.361
-83.294
-83.184
-83.309
-83.339
-83.345
-83.361
-83.41
-83.318
-82.981
-83.158
-83.129
-82.922
-83.211
-83.569
-83.777
-84.046
-83.863
-83.807
-83.997
-84.159
-83.788
-83.832
-83.875
-83.755
-84.013
-84.17
-84.147
-84.164
-84.096
-84.119
-83.967
-83.98
-83.901
-83.684
-83.928
-84.076
-84.022
-84.141
-84.254
-84.28
-84.068
-84.139
-83.983
-84.02
-84.069
-84.044
-84.121
-84.078
-84.23
-84.306
-84.696
-84.501
-84.707
-84.406
-84.156
-83.939
-83.952
-83.85
-83.903
-83.722
-83.511
-83.613
-83.678
-83.895
-83.994
-83.911
-83.88
-83.639
-83.52
-83.612
-83.657
-83.824
-83.761
-83.399
-83.537
-83.382
-83.409
-83.448
-83.467
-83.414
-83.458
-83.422
-83.48
-83.265
-83.359
-83.356
-83.342
-83.636
-83.632
-83.66
-83.679
-83.774
-83.993
-84.142
-84.089
-83.911
-84.091
-84.357
-84.359
-84.34
-84.502
-84.24
-84.195
-84.021
-84.035
-84.228
-84.193
-84.12
-84.412
-84.38
-84.775
-84.612
-84.6
-84.843
-84.929
-84.969
-84.979
-85.204
-85.202
-85.362
-85.294
-85.285
-85.209
-85.23
-84.924
-84.933
-85.043
-85.195
-85.37
-85.37
-85.633
-85.698
-85.813
-86.282
-86.437
-86.425
-86.202
-86.345
-86.162
-86.051
-86.102
-86.327
-86.246
-86.034
-86.143
-86.241
-86.076
-86.076
-86.152
-86.256
-85.991
-86.146
-86.077
-85.843
-85.716
-85.445
-85.348
-85.418
-85.572
-85.671
-85.785
-85.832
-85.813
-85.679
-85.954
-86.145
-86.154
-86.31
-86.472
-86.381
-86.341
-86.329
-86.347
-86.168
-86.178
-85.99
-85.976
-86.106
-85.854
-85.796
-85.876
-85.877
-86.032
-86.254
-85.983
-86.028
-85.847
-85.841
-85.715
-85.635
-85.773
-86.174
-86.044
-86.264
-86.638
-86.455
-86.639
-86.791
-86.58
-86.884
-87.048
-87.318
-87.22
-87.544
-87.708
-87.833
-87.634
-87.471
-87.122
-86.944
-86.305
-85.87
-85.475
-85.173
-84.83
-84.817
-84.492
-84.127
-83.889
-83.307
-82.485
-81.809
-81.051
-80.445
-79.592
-79.091
-78.692
-78.004
-77.824
-77.275
-76.797
-76.24
-76.13
-75.56
-75.148
-74.453
-74.009
-73.888
-73.55
-73.21
-72.797
-72.76
-72.717
-72.703
-72.512
-72.279
-72.102
-72.021
-71.977
-72.022
-71.986
-72.092
-71.912
-71.863
-71.895
-71.96
-71.852
-71.967
-72.051
-72.103
-72.304
-72.554
-72.477
-72.394
-72.315
-72.247
-72.308
-72.465
-72.567
-72.507
-72.362
-72.268
-72.142
-71.801
-71.004
-70.053
-69.201
-68.285
-67.318
-66.454
-65.713
-65.082
-64.093
-63.512
-63.01
-62.491
-61.799
-61.483
-60.624
-60.033
-59.463
-58.848
-58.479
-58.236
-57.742
-57.577
-57.176
-56.907
-56.579
-56.309
-55.801
-55.127
-54.71
-53.658
-52.942
-51.785
-50.365
-47.537
-45
-45
-45
-45
-45
-45
-45
-45
-45
-45
-45
-45
-45
-45
-49.813
-56.532
-61.765
-65.693
-68.301
-70.083
-71.08
-71.821
-72.234
-72.802
-73.075
-73.663
-73.681
-73.14
-72.903
-72.647
-72.261
-72.155
-71.756
-71.412
-71.05
-70.79
-70.582
-70.187
-69.961
-69.925
-69.738
-69.529
-69.286
-69.056
-69.192
-69.106
-68.82
-68.802
-68.546
-68.386
-68.167
-68.148
-68.233
-68.216
-67.789
-67.604
-67.534
-67.455
-67.606
-67.778
-67.663
-67.64
-66.86
-66.979
-67.132
-66.803
-65.761
-64.626
-63.289
-61.851
-60.472
-59.279
-57.613
-55.647
-53.72
-51.798
-49.277
-45
-45
-45
-45
-45
-45
-45
-45
-45
-45
-45
-45
-45
-45
-45.088
-51.56
-56.904
-60.719
-63.54
-65.387
-66.449
-66.962
-67.145
-67.189
-66.611
-65.904
-65.486
-64.785
-64.214
-63.725
-62.739
-61.624
-60.717
-59.495
-57.921
-56.13
-54.623
-53.237
-51.304
-49.158
-45.862
-45
-45
-45
-45
-45
-45
-45
-45
-45
-45
-45
-45
-45
-46.887
-52.581
-57.101
-60.388
-62.496
-64.105
-64.954
-65.104
-65.223
-64.937
-64.579
-64.145
-63.387
-62.875
-62.143
-61.316
-60.634
-60.104
-59.744
-59.158
-58.459
-57.925
-57.356
-56.825
-56.183
-55.995
-55.456
-54.807
-54.077
-53.465
-52.343
-51.206
-50.001
-47.906
-45
-45
-45
-45
-45
-45
-45
-45
-45
-45
-45
-45
-45
-45
-49.511
-55.41
-59.795
-62.848
-64.671
-65.893
-66.548
-67.057
-66.929
-66.659
-66.325
-65.808
-65.46
-64.774
-64
-63.476
-62.941
-62.407
-61.658
-61.193
-60.593
-60.042
-59.57
-59.377
-58.766
-58.098
-57.672
-56.909
-56.365
-55.911
-55.298
-55.038
-54.606
-53.931
-53.301
-52.688
-52.264
-51.332
-49.974
-48.131
-45
-45
-45
-45
-45
-45
-45
-45
-45
-45
-45
-45
-45
-45
-50.469
-56.873
-61.697
-65.29
-67.625
-69.013
-69.787
-70.549
-70.824
-71.275
-71.333
-71.307
-71.476
-71.711
-71.842
-72.017
-72.038
-72.011
-72.079
-72.234
-72.293
-72.307
-72.517
-72.679
-72.567
-72.498
-72.458
-72.443
-72.426
-72.699
-72.843
-73.054
-73.34
-73.52
-73.566
-73.54
-73.709
-73.94
-74.008
-73.852
-73.971
-74.052
-74.103
-74.318
-74.295
-74.634
-74.52
-74.443
-74.36
-74.228
-74.23
-73.99
-73.633
-73.534
-73.312
-73.096
-72.878
-72.819
-72.975
-73.124
-72.93
-72.838
-72.717
-72.56
-72.473
-72.074
-72.001
-72.371
-72.725
-72.886
-73.137
-73.124
-72.834
-72.67
-72.799
-72.797
-73.103
-73.301
-73.426
-73.503
-73.71
-74.145
-74.179
-74.114
-74.116
-74.281
-74.353
-74.707
-74.798
-74.738
-75.176
-75.306
-75.646
-75.809
-75.783
-75.769
-75.663
-75.684
-75.915
-76.104
-76.144
-76.314
-76.403
-76.559
-76.93
-77.216
-77.305
-77.499
-77.416
-77.548
-77.639
-77.806
-77.87
-78.115
-78.399
-78.478
-78.67
-78.908
-79.047
-79.343
-79.684
-79.6
-79.452
-79.653
-79.59
-79.746
-79.742
-79.784
-80.089
-80.355
-80.494
-80.667
-80.549
-80.69
-80.954
-81.186
-81.507
-81.719
-82.136
-82.507
-82.746
-82.938
-83.135
-83.035
-83.161
-82.908
-82.968
-82.92
-83.042
-83.212
-83.432
-83.291
-83.648
-83.748
-83.913
-83.896
-84.189
-84.385
-84.658
-84.785
-85.126
-84.975
-85.223
-85.235
-85.538
-85.653
-85.436
-85.788
-85.976
-85.82
-85.68
-85.964
-86.22
-86.187
-86.071
-86.164
-86.497
-86.66
-86.49
-86.881
-87.103
-87.031
-87.344
-87.082
-86.885
-86.644
-86.382
-85.769
-85.443
-85.128
-85.022
-85.165
-84.651
-84.37
-84.431
-83.938
-83.778
-83.52
-83.301
-83.135
-83.152
-83.074
-83.089
-83.117
-82.835
-82.89
-82.488
-82.22
-81.937
-81.709
-81.535
-81.492
-81.533
-81.576
-81.674
-81.532
-81.603
-81.441
-81.261
-81.11
-80.909
-81.119
-80.907
-81.076
-81.022
-81.003
-81.034
-80.912
-81.071
-81.336
-81.584
-81.56
-81.815
-81.741
-81.73
-82.017
-82.15
-82.254
-82.704
-82.351
-82.307
-82.519
-82.716
-82.864
-83.174
-83.119
-83.119
-83.308
-83.092
-83.393
-83.24
-83.76
-83.845
-83.757
-83.485
-83.4
-83.534
-83.988
-83.877
-83.848
-84.19
-84.314
-84.488
-84.568
-84.566
-84.605
-84.678
-84.93
-84.8
-84.97
-85.053
-85.007
-84.972
-85.221
-85.139
-85.291
-85.73
-85.464
-85.471
-85.563
-85.876
-85.936
-85.945
-86.188
-86.315
-86.08
-86.206
-86.369
-86.278
-86.49
-86.624
-86.803
-86.777
-86.935
-87.043
-87.155
-87.379
-87.658
-87.777
-87.702
-87.44
-87.142
-86.837
-86.397
-86.03
-85.823
-85.5
-85.231
-85.032
-84.627
-84.166
-84.213
-83.812
-83.454
-83.229
-82.866
-82.843
-82.731
-82.488
-82.383
-82.26
-82.218
-81.982
-81.919
-81.684
-81.871
-81.981
-82.286
-82.18
-82.232
-82.328
-82.235
-82.189
-81.943
-81.841
-81.578
-81.669
-81.303
-81.465
-81.461
-81.573
-81.371
-81.497
-81.537
-81.647
-81.818
-81.625
-81.59
-81.48
-81.6
-81.53
-81.552
-81.139
-81.132
-81.02
-81.351
-81.317
-81.474
-81.63
-81.889
-81.897
-82.179
-82.444
-82.42
-82.423
-82.689
-82.744
-82.893
-82.879
-82.796
-82.852
-82.983
-83.305
-83.324
-83.592
-83.587
-83.47
-83.652
-83.698
-83.494
-83.835
-83.985
-83.905
-83.941
-83.898
-83.927
-83.875
-83.946
-84.441
-84.461
-84.699
-84.857
-85.262
-85.237
-85.189
-85.582
-85.377
-85.122
-84.976
-85.313
-85.418
-85.148
-84.941
-84.973
-85.008
-84.661
-84.883
-84.761
-84.718
-84.85
-84.825
-84.865
-84.94
-85.183
-85.102
-85.022
-85.176
-85.129
-85.15
-85.008
-85.11
-85.277
-85.89
-85.91
-85.834
-85.688
-85.951
-86.103
-86.022
-86.206
-86.241
-86.105
-86.349
-86.296
