-81.116
-80.866
-80.984
-80.995
-81.111
-81.099
-81.423
-81.548
-81.52
-81.454
-81.754
-81.774
-81.927
-82.058
-82.198
-82.447
-82.586
-82.454
-82.356
-82.174
-82.116
-82.163
-82.541
-82.553
-82.635
-82.629
-82.89
-82.889
-82.832
-82.8
-82.81
-82.969
-83.039
-83.165
-82.845
-82.902
-83.041
-83.027
-82.702
-82.98
-83.236
-83.564
-83.566
-83.256
-83.515
-83.511
-83.56
-83.878
-83.75
-83.845
-84.175
-84.294
-84.223
-84.014
-84.141
-84.45
-84.344
-84.071
-84.107
-84.035
-83.968
-83.735
-83.895
-83.923
-84.039
-84.154
-84.083
-83.945
-83.917
-83.948
-84.017
-84.106
-84.07
-84.205
-84.362
-84.444
-84.451
-84.843
-85.241
-85.241
-85.412
-85.419
-85.343
-85.278
-85.432
-85.32
-85.049
-84.904
-85.071
-84.868
-85.104
-84.81
-85.002
-85.277
-85.161
-85.355
-85.401
-85.248
-85.079
-84.95
-85.026
-84.956
-85.103
-85.129
-85.208
-85.318
-85.166
-85.505
-85.599
-85.359
-85.051
-84.884
-84.984
-84.912
-84.857
-85.035
-85.158
-85.189
-85.156
-85.613
-85.477
-85.54
-85.468
-85.538
-85.715
-85.6
-85.787
-85.72
-85.898
-86.147
-86.075
-85.991
-86.165
-86.314
-86.235
-86.33
-86.518
-87.112
-87.001
-87.146
-87.12
-87.148
-87.014
-87.363
-87.177
-87.023
-86.976
-87.055
-87.173
-87.29
-87.604
-87.606
-87.641
-87.437
-87.855
-87.757
-87.729
-87.546
-87.647
-87.832
-87.641
-87.63
-87.835
-87.663
-87.751
-87.985
-88.358
-88.303
-88.125
-88.06
-88.198
-88.119
-88.04
-88.23
-88.116
-88.112
-88.268
-88.038
-88.152
-88.219
-88.189
-88.217
-88.314
-88.316
-88.015
-88.014
-88.336
-88.293
-88.318
-88.144
-87.986
-88.072
-87.993
-87.954
-88.022
-87.96
-87.918
-88.086
-88.152
-88.202
-88.337
-88.318
-88.406
-88.398
-88.482
-88.513
-88.848
-88.789
-88.77
-88.872
-88.858
-88.741
-88.897
-89.128
-89.125
-89.056
-88.9
-89.038
-89.153
-89.231
-89.056
-89.405
-89.225
-89.373
-89.372
-89.286
-89.466
-89.392
-89.182
-89.25
-89.322
-89.653
-89.29
-89.317
-88.927
-88.791
-88.795
-88.838
-89.105
-89.068
-89.09
-89.17
-89.16
-89.193
-88.934
-88.817
-88.984
-88.923
-88.695
-88.734
-88.795
-88.385
-88.555
-88.644
-88.839
-89.01
-89.384
-89.582
-89.768
-89.973
-89.961
-90.217
-90.193
-90.045
-90.2
-89.972
-90.112
-90.178
-90.06
-90.017
-89.791
-89.943
-90.05
-90.042
-89.936
-89.817
-89.828
-89.966
-89.913
-89.685
-89.595
-89.696
-89.514
-89.396
-89.416
-89.301
-89.252
-89.378
-89.531
-89.278
-89.238
-89.187
-89.202
-89.311
-89.448
-89.573
-89.695
-89.588
-88.997
-88.604
-88.227
-87.767
-87.18
-86.862
-86.424
-85.841
-85.264
-84.973
-84.716
-83.948
-83.528
-83.422
-83.239
-83.197
-82.839
-82.665
-82.69
-82.703
-82.478
-82.134
-81.903
-81.852
-81.794
-81.669
-81.301
-81.085
-80.911
-80.702
-80.662
-80.698
-80.356
-79.99
-80.185
-80.017
-79.828
-79.813
-79.34
-79.439
-79.539
-79.47
-79.28
-79.369
-79.143
-78.968
-78.794
-78.646
-78.665
-78.57
-78.556
-78.74
-78.785
-78.917
-78.65
-78.877
-79.134
-79.324
-79.404
-79.518
-79.434
-79.606
-79.747
-79.578
-79.452
-79.519
-79.341
-79.461
-79.68
-79.701
-79.499
-79.219
-79.358
-79.402
-79.304
-78.737
-78.659
-78.433
-78.276
-77.862
-77.482
-77.033
-76.705
-76.195
-76.076
-75.75
-75.613
-75.668
-75.483
-75.622
-75.588
-75.58
-75.36
-75.061
-74.918
-74.824
-74.733
-74.357
-74.288
-73.905
-73.561
-73.34
-72.742
-72.659
-72.31
-71.788
-71.256
-70.806
-70.485
-70
-69.759
-69.489
-69.238
-69.016
-68.714
-68.684
-68.553
-68.404
-68.121
-68.273
-68.034
-67.736
-67.189
-66.808
-66.483
-65.933
-65.401
-64.774
-64.04
-63.147
-61.976
-60.939
-60.044
-58.984
-57.772
-56.692
-55.457
-54.437
-53.072
-51.247
-48.974
-45
-45
-45
-45
-45
-45
-45
-45
-45
-45
-45
-45
-45
-45
-46.301
-52.858
-58.297
-62.095
-64.652
-66.454
-67.281
-67.594
-67.586
-67.486
-66.924
-66.285
-65.569
-65.226
-64.513
-63.982
-63.201
-62.328
-61.268
-60.205
-58.898
-57.576
-56.277
-54.983
-53.798
-52.262
-50.548
-48.707
-45.415
-45
-45
-45
-45
-45
-45
-45
-45
-45
-45
-45
-45
-45
-47.835
-53.872
-58.937
-62.564
-65.043
-66.532
-67.55
-67.75
-68.193
-68.335
-68.473
-68.676
-68.662
-68.321
-68.088
-67.765
-67.651
-67.487
-67.191
-66.842
-66.824
-66.88
-66.994
-66.798
-66.628
-66.456
-66.261
-66.256
-66.209
-66.165
-66.186
-65.922
-65.577
-65.255
-65.03
-64.464
-63.456
-62.742
-61.765
-60.606
-59.607
-58.582
-57.693
-56.6
-55.388
-54.423
-53.068
-51.29
-49.163
-45.531
-45
-45
-45
-45
-45
-45
-45
-45
-45
-45
-45
-45
-45
-46.522
-52.688
-58.301
-62.255
-65.003
-67.035
-67.925
-68.573
-68.84
-68.955
-69.177
-69.189
-69.164
-68.979
-68.607
-68.784
-68.459
-68.231
-67.831
-67.548
-67.566
-67.56
-67.41
-67.431
-67.47
-67.558
-67.415
-67.344
-67.527
-67.427
-67.526
-67.305
-67.121
-67.352
-67.398
-67.474
-67.299
-67.575
-67.544
-67.504
-67.353
-67.411
-67.278
-67.073
-66.629
-66.613
-66.426
-65.943
-65.949
-66.06
-65.858
-65.658
-65.266
-65.207
-65.117
-64.961
-65.063
-64.805
-64.921
-65.019
-65.298
-64.967
-64.669
-64.587
-64.931
-65.051
-65.063
-65.237
-65.735
-65.802
-65.773
-66.019
-66.262
-66.681
-66.929
-66.923
-67.278
-67.682
-67.836
-67.88
-68.142
-68.109
-68.098
-68.188
-68.108
-68.114
-68.31
-68.161
-67.947
-67.774
-67.389
-67.104
-66.862
-66.642
-66.455
-66.038
-66.202
-66.07
-66.021
-65.982
-65.84
-65.883
-66
-66.096
-66.118
-65.657
-65.913
-66.067
-65.955
-65.938
-66.024
-66.09
-66.033
-66.25
-66.051
-65.975
-65.814
-65.77
-65.94
-66.06
-65.921
-66.221
-66.309
-66.318
-66.534
-66.541
-66.669
-66.896
-66.957
-67.09
-67.343
-67.419
-67.793
-68.057
-67.802
-67.824
-67.909
-68.05
-68.098
-68.211
-68.413
-68.344
-68.562
-68.592
-68.917
-69.168
-69.347
-69.467
-69.653
-69.948
-70.263
-70.346
-70.23
-70.388
-70.6
-70.738
-71.233
-71.361
-71.385
-71.578
-71.558
-71.625
-72.202
-72.189
-72.388
-72.564
-72.959
-72.942
-73.157
-73.336
-73.467
-73.481
-73.572
-73.795
-74.007
-74.018
-74.124
-74.35
-74.313
-74.471
-74.866
-74.805
-74.744
-74.987
-75.247
-75.475
-75.646
-75.717
-75.847
-75.931
-76.227
-76.563
-76.572
-76.424
-76.657
-76.863
-77.237
-77.316
-77.647
-77.896
-77.923
-78.026
-78.064
-78.127
-78.294
-78.489
-78.486
-78.344
-78.347
-78.288
-78.325
-78.051
-77.838
-77.895
-78.178
-78.136
-78.294
-78.691
-78.889
-78.74
-78.77
-78.74
-79.108
-79.025
-79.075
-79.49
-79.808
-79.851
-79.673
-79.918
-80.101
-80.342
-80.512
-80.489
-80.514
-80.025
-79.712
-79.736
-79.821
-79.855
-79.91
-80.278
-80.401
-80.191
-80.363
-80.479
-80.237
-80.053
-80.22
-80.531
-80.774
-80.851
-80.771
-81.036
-81.013
-81.294
-81.346
-81.387
-81.437
-81.652
-81.908
-81.965
-82.165
-82.191
-82.339
-82.724
-82.946
-82.807
-82.971
-83.301
-83.251
-83.481
-83.565
-83.611
-83.702
-84.002
-83.988
-84.236
-84.166
-83.988
-84.23
-84.48
-84.503
-84.524
-84.744
-84.718
-84.971
-85.044
-84.836
-84.887
-84.998
-84.741
-84.831
-84.973
-84.999
-85.238
-85.488
-85.395
-85.443
-85.375
-85.54
-85.644
-85.648
-85.602
-85.651
-85.7
-85.806
-85.728
-85.545
-85.516
-85.687
-85.835
-85.567
-85.921
-85.925
-85.98
-86.111
-86.616
-86.823
-86.778
-86.928
-87.324
-87.462
-87.26
-87.33
-87.33
-87.449
-87.728
-87.513
-87.392
-87.43
-87.472
-87.489
-87.599
-87.668
-87.611
-87.591
-87.599
-87.769
-87.782
-87.628
-87.794
-87.998
-87.849
-87.789
-87.872
-88.145
-88.37
-88.236
-88.163
-88.184
-87.949
-87.968
-88.284
-88.054
-87.942
-87.987
-87.931
-88.08
-88.206
-88.324
-88.694
-88.815
-88.859
-88.707
-88.447
-88.576
-88.399
-88.337
-88.273
-88.427
-88.305
-88.505
-88.481
-88.113
-88.395
-88.633
-88.812
-88.487
-88.454
-88.454
-88.492
-88.469
-88.556
-88.729
-88.825
-88.662
-88.714
-88.869
-89.133
-89.266
-89.207
-89.274
-89.107
-88.907
-88.885
-88.595
-88.729
-88.784
-88.796
-88.742
-88.761
-88.68
-88.436
-88.59
-88.323
-88.498
-88.558
-88.602
-88.641
-88.379
-88.507
-88.816
-88.789
-88.729
-88.749
-88.493
-88.837
-88.888
-88.943
-89.074
-89.171
-88.975
-89.082
-89.263
-89.274
-89.449
-89.108
-89.053
-89.081
-89.216
-89.388
-89.305
-89.088
-89.148
-89.276
-89.157
-89.243
-89.303
-89.356
-89.2
-89.42
-89.366
