-88.206
-88.413
-88.324
-88.406
-88.566
-88.677
-88.568
-88.625
-88.561
-88.662
-88.654
-88.563
-88.794
-88.862
-88.739
-88.838
-89.112
-89.073
-89.071
-89.34
-89.219
-89.269
-89.618
-89.595
-89.56
-89.371
-89.407
-89.44
-89.593
-89.576
-89.696
-89.717
-89.734
-89.814
-89.999
-90.012
-89.912
-89.915
-89.614
-89.615
-89.946
-89.985
-90.342
-90.258
-90.185
-90.16
-90.079
-89.909
-89.855
-90.126
-90.015
-89.877
-89.931
-90.089
-90.013
-90.105
-89.991
-89.871
-89.847
-89.835
-90.038
-89.989
-89.773
-90.038
-90.141
-90.406
-90.079
-90.302
-90.469
-90.473
-90.56
-90.923
-90.772
-90.715
-90.793
-90.857
-90.828
-90.765
-90.954
-90.945
-91.242
-91.276
-91.716
-91.652
-91.823
-91.983
-91.935
-91.931
-91.711
-91.846
-91.553
-91.565
-91.906
-91.92
-91.796
-92.171
-92.131
-92.154
-92.255
-92.169
-91.99
-92.063
-91.877
-91.985
-91.759
-91.44
-91.539
-91.546
-91.264
-91.473
-91.555
-91.591
-91.693
-91.5
-91.509
-91.588
-91.568
-91.602
-91.383
-91.414
-91.261
-91.066
-90.87
-91.013
-91.2
-91.462
-91.447
-91.259
-91.367
-91.461
-91.609
-91.793
-91.579
-91.619
-91.771
-91.456
-91.418
-91.441
-91.264
-91.162
-91.243
-91.402
-91.518
-91.417
-91.487
-91.437
-91.427
-91.62
-91.391
-91.519
-91.447
-91.58
-91.615
-91.454
-91.482
-91.276
-91.322
-91.021
-90.921
-91.045
-90.77
-90.793
-90.645
-90.489
-90.517
-90.398
-90.58
-90.533
-90.49
-90.381
-90.59
-90.429
-90.511
-90.515
-90.729
-90.523
-90.283
-90.442
-90.365
-90.438
-90.573
-90.448
-90.421
-90.36
-90.073
-89.972
-89.89
-90.085
-89.967
-89.794
-89.702
-89.774
-89.864
-89.838
-89.752
-89.641
-89.699
-89.876
-89.607
-89.496
-89.273
-89.238
-89.28
-89.186
-89.376
-89.202
-89.249
-89.175
-89.117
-88.726
-88.769
-88.721
-88.646
-88.321
-87.825
-87.603
-87.447
-87.281
-87.044
-86.86
-86.22
-85.964
-85.451
-85.153
-84.856
-84.237
-83.905
-83.261
-82.962
-82.507
-82.353
-82.337
-82.176
-82.321
-82.082
-81.96
-81.719
-81.908
-81.574
-81.591
-81.293
-81.301
-81.138
-80.995
-80.876
-80.595
-80.529
-80.706
-80.431
-80.187
-80.092
-79.861
-79.66
-79.692
-79.608
-79.636
-79.8
-79.742
-79.985
-79.65
-79.463
-79.658
-79.542
-79.488
-79.098
-79.137
-79.017
-78.832
-78.95
-79.175
-79.249
-79.158
-79.269
-79.309
-79.272
-79.038
-79.054
-79.33
-79.067
-79.197
-79.008
-78.59
-78.374
-78.084
-77.865
-77.644
-77.06
-76.766
-76.715
-76.192
-75.76
-75.715
-75.732
-75.532
-75.657
-75.436
-75.502
-75.394
-74.752
-74.969
-75.326
-75.103
-75.099
-75.097
-75.002
-75.069
-74.924
-74.946
-74.978
-74.64
-74.634
-74.535
-74.385
-74.499
-74.563
-74.466
-74.472
-74.52
-74.36
-74.228
-74.351
-74.31
-74.481
-74.249
-74.292
-74.357
-74.35
-74.258
-74.21
-74.053
-74.207
-74.156
-74.03
-73.908
-73.808
-73.31
-73.334
-73.114
-72.813
-72.437
-72.184
-71.678
-71.248
-71.006
-70.834
-70.437
-69.968
-69.846
-69.831
-69.197
-68.559
-68.766
-68.526
-68.479
-68.422
-68.327
-67.949
-67.92
-68.036
-67.941
-68.01
-67.594
-67.759
-67.776
-67.546
-67.552
-67.571
-67.271
-67.174
-67.076
-67.185
-67.093
-67.041
-66.941
-66.975
-66.959
-66.826
-67.014
-66.995
-67.066
-66.867
-66.524
-66.718
-66.664
-66.52
-66.75
-66.9
-66.946
-66.928
-67.072
-67.172
-67.254
-67.162
-66.862
-66.591
-66.736
-66.589
-66.635
-66.594
-66.82
-66.876
-66.563
-66.751
-66.982
-67.107
-66.724
-66.368
-66.1
-65.981
-65.603
-65.198
-64.891
-64.295
-63.626
-62.984
-62.201
-61.411
-60.506
-59.909
-59.426
-58.711
-57.985
-57.255
-56.257
-55.584
-54.535
-53.226
-51.689
-49.636
-46.117
-45
-45
-45
-45
-45
-45
-45
-45
-45
-45
-45
-45
-45
-45
-49.83
-55.839
-60.497
-63.631
-65.26
-66.57
-67.237
-67.45
-67.7
-67.659
-67.235
-66.934
-66.608
-65.876
-65.112
-64.753
-63.943
-63.146
-62.553
-62.206
-61.642
-61.075
-60.652
-59.996
-59.307
-58.548
-57.938
-57.166
-56.319
-55.552
-54.67
-53.949
-52.74
-51.515
-49.702
-46.873
-45
-45
-45
-45
-45
-45
-45
-45
-45
-45
-45
-45
-45
-45
-50.577
-55.976
-59.847
-62.314
-63.874
-64.708
-64.948
-64.965
-64.664
-64.382
-64.069
-63.704
-63.214
-62.739
-62.316
-61.672
-60.951
-60.549
-60.097
-59.649
-59.593
-59.196
-59.079
-58.764
-58.764
-58.626
-58.512
-58.328
-57.971
-57.678
-57.175
-56.535
-56.025
-55.332
-54.44
-53.454
-52.286
-50.931
-49.103
-46.332
-45
-45
-45
-45
-45
-45
-45
-45
-45
-45
-45
-45
-45
-46.598
-53.202
-58.566
-62.452
-65.099
-66.47
-67.483
-68.29
-68.685
-68.836
-68.919
-68.809
-68.7
-68.593
-68.414
-68.3
-68.161
-68.219
-68.121
-67.815
-67.53
-67.292
-66.946
-67.091
-66.626
-66.647
-66.991
-67.111
-67.022
-66.674
-66.293
-66.17
-66.423
-66.425
-66.515
-66.58
-66.572
-66.583
-66.703
-66.628
-66.781
-66.945
-67.185
-67.467
-67.524
-67.61
-67.521
-67.297
-67.663
-67.519
-67.599
-67.055
-67.026
-66.894
-66.61
-66.307
-65.964
-65.82
-65.514
-64.965
-64.774
-64.576
-64.466
-63.785
-63.546
-63.126
-62.807
-62.816
-62.745
-62.416
-62.259
-62.302
-62.05
-61.975
-61.953
-61.973
-62.045
-61.885
-61.879
-61.994
-62.066
-62.121
-62.275
-62.447
-62.753
-62.878
-62.826
-62.663
-62.745
-62.781
-63.062
-62.789
-62.728
-63.136
-63.202
-63.337
-63.246
-62.84
-62.927
-62.95
-63.091
-62.872
-62.642
-62.598
-62.37
-62.479
-62.239
-62.348
-62.634
-62.789
-62.877
-62.659
-62.846
-62.888
-62.617
-62.556
-62.79
-62.925
-63.021
-62.835
-62.929
-63.024
-62.857
-63.24
-63.38
-63.372
-63.423
-63.503
-63.602
-63.649
-63.445
-63.691
-63.802
-63.956
-63.933
-64.234
-64.328
-64.571
-64.613
-64.643
-64.642
-64.842
-64.534
-64.278
-64.238
-64.208
-64.554
-64.788
-64.754
-64.856
-65.166
-65.316
-65.388
-65.593
-66.022
-66.303
-66.512
-66.345
-66.74
-66.862
-66.845
-67.053
-67.344
-67.285
-67.568
-67.944
-68.154
-68.22
-68.608
-68.812
-69.029
-69.346
-69.736
-69.61
-69.682
-69.989
-70.32
-70.447
-70.297
-70.415
-70.265
-70.241
-70.269
-70.281
-70.695
-71.099
-71.046
-71.264
-71.275
-71.105
-71.448
-71.614
-72.028
-72.118
-72.128
-72.143
-72.066
-72.067
-72.13
-72.354
-72.482
-72.522
-72.635
-72.629
-72.946
-72.969
-73.322
-73.35
-73.494
-73.747
-73.897
-74.116
-73.868
-73.898
-73.786
-73.804
-73.948
-74.127
-74.709
-74.752
-74.978
-75.039
-75.249
-75.565
-75.579
-75.39
-75.51
-75.519
-75.607
-75.695
-75.667
-75.578
-75.558
-75.695
-75.75
-75.908
-75.822
-76.027
-76.132
-76.078
-76.265
-76.209
-76.461
-76.465
-76.797
-76.706
-77.087
-76.913
-76.868
-76.81
-76.936
-77.056
-77.339
-77.578
-77.672
-77.706
-77.891
-77.979
-78.544
-78.493
-78.618
-78.344
-78.599
-78.858
-78.999
-78.84
-79.253
-79.462
-79.723
-79.865
-79.712
-79.968
-79.83
-79.905
-79.722
-79.722
-79.506
-79.572
-79.823
-80.07
-80.264
-80.399
-80.452
-80.279
-80.351
-80.5
-80.479
-80.362
-80.331
-80.108
-80.478
-80.603
-80.505
-80.54
-80.435
-80.619
-80.737
-80.953
-80.917
-81.251
-81.649
-81.827
-81.914
-82.146
-82.283
-82.054
-82.273
-82.286
-82.243
-82.575
-82.526
-82.661
-83.117
-83.339
-83.395
-83.213
-83.238
-83.298
-83.541
-83.27
-83.25
-83.316
-83.411
-83.59
-83.275
-83.181
-83.369
-83.535
-83.552
-83.692
-83.717
-83.686
-83.799
-83.99
-84.45
-84.636
-84.994
-85.17
-85.42
-85.678
-85.897
-86.121
-86.289
-86.34
-86.342
-86.567
-86.697
-86.967
-87.035
-87.116
-87.461
-87.784
-87.946
-88.377
-88.574
-88.749
-88.774
-88.991
-89.132
-89.475
-89.492
-89.651
-89.746
-89.779
-89.61
-89.748
-89.788
-89.984
-89.909
-90.045
-90.264
-90.176
-90.294
-90.586
-90.284
-90.365
-90.506
-90.162
-90.309
-90.222
-90.155
-90.073
-90.305
-90.481
-90.74
-90.879
-90.814
-90.894
-90.929
-91.008
-91.113
-91.102
-91.404
-91.239
-91.469
-91.529
-91.522
-91.454
-91.195
-91.274
-91.325
-91.132
-91.242
-91.083
-91.134
-91.114
-91.329
-91.393
-91.498
-91.628
-91.618
-91.741
-91.595
-91.495
-91.577
-91.387
-91.512
-91.367
-91.405
-91.312
-91.261
-91.354
-91.335
-91.609
-91.656
-91.561
-91.441
-91.203
-91.181
-91.451
-91.424
-91.596
-91.447
-91.813
-91.722
-91.684
-91.616
-91.716
-92.007
-91.923
-92.036
-92.044
-92.022
-91.815
-91.725
-91.647
-91.664
-91.88
-92.006
-91.979
-91.832
-91.618
-91.589
-91.435
