-81.597
-81.361
-81.302
-81.415
-81.385
-81.52
-81.556
-81.437
-81.379
-81.373
-81.643
-81.665
-81.806
-81.971
-82.182
-82.098
-82.154
-82.068
-81.972
-81.781
-81.862
-81.713
-81.647
-81.432
-81.502
-81.474
-81.565
-81.584
-81.374
-81.073
-81.175
-80.889
-81.145
-81.335
-81.287
-81.162
-81.302
-81.386
-81.376
-81.414
-81.467
-81.172
-81.328
-81.329
-81.296
-81.281
-81.632
-81.743
-81.685
-81.29
-81.17
-81.385
-81.095
-80.902
-80.685
-80.623
-80.452
-80.494
-80.423
-80.441
-80.177
-80.329
-80.118
-80.231
-80.281
-80.289
-80.537
-80.601
-80.717
-80.973
-80.761
-80.824
-80.769
-80.871
-80.707
-81.107
-81.02
-81.27
-81.249
-81.295
-81.297
-81.017
-81.129
-81.488
-81.445
-81.66
-81.576
-81.474
-81.331
-81.407
-81.178
-81.498
-81.37
-81.755
-81.74
-81.506
-81.311
-81.569
-81.496
-81.124
-81.23
-81.398
-81.137
-81.093
-81.345
-81.219
-81.51
-81.567
-81.509
-81.723
-81.616
-81.809
-81.714
-81.565
-81.361
-81.32
-81.342
-81.502
-81.367
-81.427
-81.291
-81.264
-81.497
-81.255
-81.229
-81.176
-81.046
-81.026
-81.111
-81.335
-81.428
-81.517
-81.569
-81.447
-81.381
-81.235
-81.122
-81.133
-80.986
-81.234
-81.423
-81.197
-81.58
-81.342
-81.628
-81.558
-81.652
-81.618
-81.686
-81.633
-81.822
-81.585
-81.648
-81.773
-81.822
-81.518
-81.327
-81.376
-81.524
-81.655
-81.766
-81.528
-81.685
-81.702
-81.521
-81.619
-81.592
-81.549
-81.718
-81.551
-81.88
-81.829
-81.801
-81.867
-81.703
-81.742
-81.828
-81.868
-81.902
-81.914
-82.255
-82.29
-82.289
-82.236
-82.246
-81.94
-81.735
-81.753
-81.922
-81.941
-82.014
-82.048
-82.273
-82.342
-82.479
-82.336
-82.397
-82.432
-82.411
-82.029
-82.026
-82.198
-82.175
-82.56
-82.433
-82.569
-82.519
-82.143
-82.152
-82.475
-82.478
-82.742
-82.636
-82.836
-82.86
-82.835
-82.958
-83.102
-83.129
-83.144
-83.181
-83.242
-83.269
-83.433
-83.558
-83.534
-83.597
-83.505
-83.527
-83.208
-83.22
-82.969
-82.874
-82.902
-83.074
-82.795
-82.868
-82.881
-83.099
-83
-82.828
-82.844
-82.799
-82.816
-82.727
-82.932
-82.974
-82.856
-82.892
-82.875
-82.822
-82.58
-82.865
-82.864
-82.913
-82.849
-82.879
-82.947
-83.053
-82.981
-82.846
-82.934
-82.635
-82.561
-82.583
-82.409
-82.569
-82.759
-82.563
-82.74
-82.669
-82.742
-82.809
-82.99
-82.783
-82.818
-82.448
-82.267
-82.301
-82.187
-82.112
-82.094
-82.292
-82.054
-82.206
-82.011
-81.983
-81.983
-81.82
-81.888
-81.467
-81.495
-81.376
-81.401
-81.578
-81.51
-81.394
-81.469
-81.302
-81.531
-81.859
-81.897
-81.814
-81.987
-82.401
-82.424
-82.366
-82.088
-82.06
-82.237
-82.429
-82.435
-82.585
-82.648
-83.089
-82.993
-83.007
-83.158
-82.842
-82.922
-83.098
-83.13
-83.36
-83.486
-83.594
-83.485
-83.487
-83.403
-83.442
-83.458
-83.31
-83.298
-83.43
-83.103
-82.452
-81.684
-81.313
-81.01
-80.648
-80.549
-80.46
-80.297
-80.25
-80.084
-80.28
-80.198
-80.259
-80.023
-80.01
-80.252
-80.278
-80.205
-80.025
-80.122
-80.013
-79.84
-79.959
-80.083
-80.121
-80.018
-79.883
-79.734
-79.632
-79.888
-80.123
-80.149
-80.367
-80.207
-80.006
-79.881
-79.764
-80.126
-80.309
-80.122
-80.293
-80.497
-80.71
-80.319
-80.216
-80.084
-79.939
-79.91
-79.846
-79.922
-79.895
-79.813
-79.929
-79.95
-80.037
-80.051
-80.131
-79.943
-79.755
-79.6
-79.681
-79.599
-79.749
-79.555
-79.159
-78.488
-77.579
-76.648
-76.014
-75.531
-75.395
-75.137
-74.896
-75.028
-74.82
-74.33
-73.987
-73.559
-73.146
-73.342
-73.174
-73.142
-73.138
-73.279
-73.238
-73.482
-73.742
-73.894
-74.235
-74.104
-74.201
-73.962
-74.281
-74.335
-74.397
-74.592
-74.65
-74.588
-74.764
-74.989
-75.257
-75.467
-75.574
-75.501
-75.316
-75.591
-75.706
-75.811
-76.129
-75.945
-75.939
-75.537
-74.915
-74.468
-74.155
-74.03
-73.569
-73.362
-73.29
-73.032
-73.2
-73.35
-73.011
-73.407
-73.551
-73.878
-74.329
-75.115
-75.693
-75.964
-76.257
-76.592
-76.759
-76.951
-77.211
-77.499
-77.744
-77.82
-77.892
-78.06
-78.11
-78.15
-78.138
-77.967
-77.916
-78.02
-78.119
-77.98
-78.161
-78.214
-77.999
-78.088
-78.098
-77.833
-77.724
-77.571
-77.721
-77.383
-77.286
-76.683
-75.987
-74.956
-74.066
-73.536
-72.705
-72.295
-71.863
-71.645
-71.297
-71.407
-71.438
-71.63
-71.903
-72.143
-72.29
-72.443
-72.831
-72.959
-73.615
-74.291
-74.959
-75.376
-75.778
-76.286
-76.233
-76.273
-76.579
-76.801
-76.98
-77.103
-77.138
-77.218
-77.382
-77.605
-77.847
-77.715
-77.656
-77.712
-77.628
-77.768
-78.11
-78.165
-78.109
-78.226
-78.351
-78.415
-78.364
-78.502
-78.374
-78.408
-78.44
-78.605
-78.592
-78.614
-79.062
-79.065
-78.872
-78.792
-78.731
-78.831
-78.637
-78.918
-78.987
-79.076
-79.185
-79.144
-79.097
-79.325
-79.351
-79.209
-78.892
-79.168
-79.257
-79.37
-79.23
-79.297
-79.464
-79.643
-79.785
-79.789
-79.721
-79.781
-79.948
-79.732
-79.851
-79.728
-79.797
-80.015
-80.068
-79.836
-79.81
-79.968
-79.797
-80.058
-80.209
-80.038
-80.178
-80.089
-79.905
-80.016
-80.119
-80.194
-79.863
-79.865
-79.874
-79.947
-79.707
-79.941
-79.874
-79.842
-79.81
-79.898
-79.977
-79.79
-79.737
-79.728
-79.854
-79.779
-79.734
-79.701
-79.692
-79.381
-79.493
-79.393
-79.767
-79.623
-79.705
-79.681
-79.923
-79.996
-79.924
-79.925
-80.047
-79.931
-80.211
-80.027
-80.002
-80.202
-80.378
-80.544
-80.714
-80.605
-80.217
-80.467
-80.361
-80.536
-80.47
-80.607
-80.733
-80.658
-80.433
-80.613
-80.369
-80.189
-79.994
-79.731
-79.752
-79.929
-79.931
-80.042
-79.915
-79.867
-79.571
-79.353
-78.804
-78.547
-78.575
-78.229
-77.91
-77.916
-77.874
-77.637
-77.368
-77.256
-77.445
-77.297
-77.338
-77.541
-77.634
-77.572
-77.564
-77.509
-77.559
-77.759
-77.859
-78.048
-78.058
-77.898
-78.009
-78.203
-78.21
-78.356
-78.341
-78.35
-78.513
-78.28
-78.483
-78.527
-78.483
-78.503
-78.558
-78.772
-78.77
-78.866
-79.027
-79.035
-79.039
-78.911
-79.114
-79.174
-79.514
-79.305
-79.138
-79.063
-79.159
-79.426
-79.499
-79.4
-79.481
-79.503
-79.367
-79.385
-79.66
-79.607
-79.809
-79.713
-79.624
-79.778
-79.866
-80.107
-80.185
-80.202
-80.117
-80.041
-79.992
-79.877
-79.851
-79.669
-79.493
-79.635
-79.535
-79.561
-79.927
-80.054
-79.933
-79.761
-79.74
-79.739
-79.889
-80.008
-80.039
-80.127
-80.408
-80.164
-79.877
-79.993
-80.345
-80.213
-80.233
-80.144
-80.389
-80.601
-80.805
-80.451
-80.339
-80.574
-80.487
-80.683
-80.562
-80.455
-80.47
-80.718
-80.932
-81.009
-81.041
-80.966
-81.039
-80.933
-80.99
-81.454
-81.414
-81.624
-81.601
-81.211
-81.364
-81.192
-81.252
-81.446
-81.491
-81.732
-81.679
-81.369
-81.22
-81.16
-81.009
-80.761
-80.463
-80.606
-80.583
-80.38
-80.462
-80.329
-80.616
-80.518
-80.587
-80.626
-80.79
-80.899
-81.065
-80.763
-80.808
-80.922
-80.819
-80.958
-80.969
-81.158
-81.13
-80.962
-80.933
-81.118
-81.132
-81.148
-81.4
-81.785
-81.858
-81.722
-81.455
-81.215
-81.017
-81.283
-81.232
-81.056
-81.024
-80.885
-80.745
-80.831
-80.744
-80.808
-80.921
-80.689
-80.803
-80.801
-81.057
-80.793
-80.947
-80.855
-80.765
-80.9
-80.918
-80.73
-80.664
-80.655
-80.218
-80.095
-80.255
-80.055
-80.093
-79.983
-80.09
-80.002
-79.959
-79.924
-79.947
-80.13
-79.884
-79.887
-79.831
-79.818
-79.591
-79.649
-79.347
-79.488
-79.405
-79.547
-79.728
-79.908
-80.355
-80.506
-80.158
-79.843
-79.823
-79.47
-79.338
-79.543
-79.509
-79.626
-79.681
-79.641
-79.378
-79.703
-79.589
-79.641
-79.726
-80.016
-80.059
-80.164
-80.259
-80.232
-80.088
-80.028
-80.029
-80.177
-80.204
-80.063
-80.091
-79.762
-79.661
-79.606
-79.693
-79.66
-79.576
-79.545
-79.301
-79.58
-79.658
-79.426
-79.687
-79.635
-79.847
-79.945
-79.726
-80.018
-80.391
-80.501
-80.433
-80.387
-80.27
-80.254
-80.578
-80.707
-80.919
-81.131
-81.057
-80.906
-81.094
-80.973
-81.347
-81.883
-81.725
-81.815
-81.76
-81.663
-81.557
-81.58
-81.635
-81.458
-81.699
-81.658
-81.712
-81.946
-81.832
-81.984
-81.812
-81.75
-81.65
-81.467
-81.592
-81.352
-81.158
-81.422
-81.244
-81.07
-80.773
-80.855
-80.951
-81.04
-81.192
-80.881
-80.835
-80.962
-81.046
-81.129
-80.969
-81.059
-81.341
-81.21
-81.016
-80.968
-81.022
-81.036
-81.321
-81.439
-81.247
-81.272
-81.154
-81.469
-81.557
-81.511
-81.24
-81.476
-81.889
-81.848
-81.826
-81.933
-81.973
-82.092
-82.155
-82.48
-82.609
-82.954
-82.886
-83.177
-83.222
-83.164
-83.199
-83.314
-83.214
