-80.296
-80.533
-80.351
-80.2
-80.096
-80.18
-79.79
-79.961
-80.058
-80.037
-79.967
-80.095
-80.384
-80.387
-80.436
-80.157
-80.282
-80.464
-80.407
-80.525
-80.77
-80.841
-80.735
-80.707
-81
-80.98
-80.829
-81.062
-81.249
-81.126
-81.182
-81.102
-81.141
-80.991
-80.879
-80.825
-80.973
-81.161
-81.301
-81.444
-81.358
-81.688
-81.697
-81.703
-81.786
-81.95
-82.232
-82.449
-82.576
-82.581
-82.721
-83.088
-83.094
-83.178
-83.216
-82.823
-82.918
-83.287
-82.982
-82.927
-82.932
-82.904
-82.79
-82.931
-82.873
-82.972
-82.649
-82.436
-82.626
-82.778
-82.878
-82.589
-82.523
-82.708
-82.716
-82.644
-82.537
-82.687
-82.97
-83.145
-83.184
-83.368
-83.18
-83.342
-83.415
-83.352
-83.029
-82.748
-82.796
-83.022
-83.246
-83.333
-83.596
-83.343
-83.423
-83.349
-83.184
-83.383
-83.315
-83.458
-83.312
-83.475
-83.632
-83.838
-83.868
-83.796
-83.917
-84.045
-83.853
-83.797
-83.809
-83.659
-83.735
-83.853
-84.13
-84.248
-84.209
-84.318
-84.199
-84.167
-84.049
-84.016
-83.78
-83.849
-83.75
-83.619
-83.746
-83.877
-83.848
-83.69
-83.909
-84.004
-84.121
-83.937
-83.884
-84.001
-83.988
-83.64
-83.489
-83.547
-83.61
-83.401
-83.392
-83.338
-82.906
-82.76
-82.672
-82.828
-82.816
-82.795
-82.902
-83.107
-82.996
-83.04
-83.46
-83.632
-83.465
-83.55
-83.531
-83.662
-83.334
-83.442
-83.774
-83.885
-84.019
-83.906
-83.701
-83.507
-83.179
-83.353
-83.091
-82.86
-82.716
-82.53
-82.431
-82.325
-82.223
-82.445
-82.685
-82.886
-82.907
-82.628
-82.725
-82.838
-82.938
-82.978
-83.033
-83.088
-83.215
-83.242
-83.418
-83.335
-83.136
-83.36
-83.21
-83.298
-82.96
-83.067
-83.037
-82.709
-82.581
-82.518
-82.811
-82.862
-82.861
-82.673
-82.942
-82.871
-82.705
-82.724
-82.828
-82.779
-82.762
-82.866
-82.893
-83.057
-83.176
-83.37
-83.45
-83.766
-83.66
-83.706
-83.722
-83.642
-83.627
-83.707
-83.556
-83.45
-83.868
-83.725
-83.3
-83.341
-83.544
-83.689
-83.325
-83.348
-83.168
-83.247
-83.446
-83.313
-83.151
-83.268
-83.287
-83.329
-83.153
-83.14
-82.882
-83.022
-83.07
-83.094
-83.211
-83.27
-83.213
-83.552
-83.63
-83.649
-83.636
-83.459
-83.308
-82.99
-83.013
-82.882
-82.809
-82.975
-83.014
-83.035
-83.265
-83.171
-83.02
-82.884
-82.918
-82.905
-82.906
-82.787
-82.86
-82.681
-82.349
-82.324
-82.111
-81.975
-81.929
-82.017
-82.057
-82.237
-82.321
-82.341
-82.361
-82.354
-82.516
-82.388
-82.273
-82.251
-82.138
-82.27
-82.53
-82.741
-82.758
-82.902
-82.918
-82.908
-82.954
-82.991
-82.829
-82.686
-82.958
-83.016
-82.993
-83.135
-83.382
-83.367
-83.35
-83.184
-83.192
-83.43
-83.307
-83.297
-83.483
-83.327
-83.458
-83.465
-83.688
-83.616
-83.377
-83.059
-83.081
-82.972
-82.997
-83.121
-83.038
-82.869
-82.978
-82.969
-83.025
-83.349
-83.387
-83.357
-83.841
-83.915
-83.691
-83.753
-83.662
-84.079
-84.126
-84.193
-84.337
-84.149
-84.101
-84.056
-84.34
-84.343
-84.171
-84.062
-84.131
-84.34
-84.156
-84.039
-84.498
-84.447
-84.235
-84.574
-84.881
-85.069
-85.19
-85.501
-85.592
-85.745
-85.964
-86.149
-86.232
-86.331
-86.492
-86.712
-86.751
-86.704
-86.964
-87.038
-86.7
-86.743
-86.912
-86.897
-87.124
-87.003
-86.971
-87.102
-87.126
-87.209
-87.208
-87.309
-87.327
-87.376
-87.425
-87.501
-87.49
-87.453
-87.108
-86.677
-86.544
-86.722
-86.528
-86.272
-86.299
-86.114
-86.055
-85.991
-85.287
-83.968
-82.195
-80.231
-78.454
-76.319
-74.124
-71.953
-69.344
-66.929
-64.509
-62.61
-60.776
-58.667
-57.172
-55.449
-53.757
-51.756
-49.362
-45
-45
-45
-45
-45
-45
-45
-45
-45
-45
-45
-45
-57.089
-67.001
-72.049
-74.675
-75.951
-76.367
-76.763
-76.723
-76.701
-76.567
-76.147
-75.456
-74.791
-73.957
-73.681
-73.356
-73.142
-72.427
-72.285
-72.072
-72.393
-72.58
-72.888
-73.024
-73.09
-72.917
-73.151
-73.117
-73.131
-73.419
-73.533
-73.785
-73.697
-73.694
-73.389
-73.446
-73.746
-74.367
-74.737
-74.892
-75.228
-75.222
-75.362
-75.139
-75.446
-75.205
-74.957
-74.972
-74.952
-75.056
-75.375
-75.465
-75.567
-75.786
-75.885
-75.907
-76.22
-76.206
-76.299
-76.164
-75.986
-75.723
-75.859
-75.88
-75.875
-75.701
-75.85
-75.826
-75.975
-75.977
-76.036
-75.976
-75.903
-75.817
-75.734
-75.646
-75.423
-75.326
-75.153
-75.162
-75.188
-75.345
-75.499
-75.879
-76.336
-76.869
-77.279
-77.387
-77.387
-77.487
-77.699
-77.814
-78.076
-78.049
-78.041
-78.072
-78.342
-78.159
-78.109
-77.993
-78.082
-77.955
-77.716
-77.841
-77.768
-77.678
-77.453
-77.42
-77.565
-77.588
-77.623
-77.632
-77.801
-77.862
-77.972
-77.751
-77.859
-77.841
-77.958
-77.644
-77.513
-77.496
-77.572
-77.673
-77.503
-77.575
-77.566
-77.371
-77.523
-77.848
-77.823
-77.872
-77.812
-77.593
-77.256
-77.666
-77.409
-77.232
-77.347
-77.146
-77.055
-77.313
-77.538
-77.907
-78.144
-78.38
-78.539
-78.599
-78.559
-78.689
-78.906
-78.842
-78.851
-78.94
-78.944
-78.977
-79.084
-79.175
-79.239
-79.282
-79.222
-79.119
-79.283
-79.52
-79.515
-79.644
-79.783
-79.842
-79.754
-79.542
-79.706
-79.659
-79.837
-79.895
-80.147
-79.54
-79.374
-79.133
-79.154
-79.093
-79.1
-78.97
-79.141
-78.943
-78.852
-78.652
-78.987
-78.86
-79.003
-79.173
-79.104
-78.974
-78.941
-79.107
-79.403
-79.306
-79.421
-79.801
-79.825
-79.961
-79.905
-79.818
-79.826
-79.768
-79.532
-79.559
-79.491
-79.555
-79.625
-79.746
-79.843
-79.971
-79.918
-79.656
-79.69
-79.836
-79.55
-79.703
-79.582
-79.427
-79.452
-79.8
-79.778
-79.639
-79.632
-79.767
-79.744
-80.031
-80.079
-80.156
-80.153
-80.357
-80.422
-80.398
-80.583
-80.184
-80.134
-79.742
-79.788
-79.852
-79.897
-79.92
-79.629
-79.607
-79.619
-79.336
-79.652
-80.198
-80.096
-79.766
-79.636
-79.602
-80.032
-80.012
-80.2
-80.201
-80.346
-80.361
-80.579
-80.58
-80.582
-80.458
-80.477
-80.662
-80.555
-80.525
-80.439
-80.321
-80.146
-80.241
-80.198
-79.789
-79.856
-79.938
-80.165
-80.438
-80.16
-80.194
-80.362
-80.169
-79.762
-79.804
-79.898
-80.027
-79.858
-79.821
-79.956
-80.037
-80.033
-79.637
-79.856
-79.992
-79.874
-79.885
-79.651
-79.956
-79.945
-80.231
-80.27
-80.37
-80.593
-80.544
-80.72
-80.565
-80.47
-80.523
-80.783
-80.444
-80.455
-80.669
-80.367
-80.485
-80.593
-80.718
-80.665
-80.644
-80.614
-80.329
-80.411
-80.037
-79.969
-80.214
-80.216
-80.513
-80.443
-80.53
-80.364
-80.095
-80.146
-80.03
-80.063
-80.12
-80.067
-80.179
-79.962
-79.945
-80.149
-80.069
-79.961
-80.041
-80.125
-80.42
-80.699
-80.676
-80.631
-80.509
-80.329
-80.554
-80.464
-80.505
-80.685
-80.566
-80.387
-80.318
-80.142
-80.07
-80.337
-80.527
-80.469
-80.613
-80.529
-80.557
-80.333
-80.389
-80.133
-79.984
-80.13
-80.001
-79.942
-79.807
-79.799
-79.614
-79.586
-79.758
-79.657
-79.823
-79.762
-79.63
-79.723
-79.659
-79.935
-80.313
-80.27
-80.098
-80.569
-80.785
-80.912
-80.823
-81.016
-80.987
-80.89
-80.982
-81.122
-80.881
-80.563
-80.527
-80.699
-80.733
-80.447
-80.525
-80.825
-80.874
-80.724
-80.74
-80.799
-80.889
-80.892
-80.932
-80.959
-81.254
-81.32
-81.349
-81.236
-81.212
-81.313
-81.297
-81.14
-81.186
-81.38
-81.688
-81.763
-81.568
-81.485
-81.473
-81.244
-81.265
-81.249
-81.463
-81.271
-81.056
-81.007
-81.344
-81.204
-81.036
-81.28
-81.279
-81.151
-81.194
-81.325
-81.27
-81.195
-81.364
-81.458
-81.444
-81.528
-81.373
-81.348
-81.052
-81.094
-81.138
-81.129
-80.981
-80.71
-80.814
-80.79
-80.641
-80.574
-80.432
-80.734
-80.64
-80.693
-80.682
-80.929
-80.834
-81.052
-81.19
-81.167
-81.112
-81.071
-80.914
-81.009
-81.095
-80.823
-80.788
-80.631
-80.634
-80.922
-80.811
-80.719
-80.372
-80.449
-80.57
-80.456
-80.398
-80.395
-80.357
-80.3
-80.157
-80.468
-80.819
-80.783
-80.593
-80.465
-80.574
-80.546
-80.576
-80.678
-80.475
-80.387
-80.468
-80.793
-80.8
-80.946
-80.901
-80.867
-80.866
-81.196
-81.248
-81.213
-81.178
-80.964
-80.765
-80.516
-80.623
-80.502
-80.616
-80.321
-80.114
-80.381
-80.499
-80.255
-80.462
-80.398
-80.723
-80.894
-80.739
-80.735
-81.136
-81.304
-80.952
-80.885
-80.694
-80.746
-80.702
-80.725
-80.73
-80.926
-81.208
-81.282
-81.225
-80.968
-81.101
-81.056
-81.001
-81.151
-81.215
-81.212
-81.247
-81.423
-81.351
-81.19
-81.163
-81.159
-81.201
-81.097
-81.228
-80.915
-81.056
-80.942
-80.989
-80.896
-81.193
-81.125
-80.996
-80.739
-80.955
