-78.417
-78.465
-78.572
-78.607
-78.457
-78.356
-78.238
-78.325
-78.249
-78.207
-78.381
-78.188
-78.045
-78.031
-78.311
-78.144
-77.947
-77.958
-77.919
-77.744
-77.578
-77.483
-77.73
-77.868
-77.835
-77.975
-78.008
-78.059
-78.099
-77.928
-77.901
-77.752
-77.535
-77.42
-77.274
-77.277
-77.507
-77.513
-77.601
-77.788
-77.838
-77.856
-77.637
-77.94
-77.635
-77.754
-77.648
-77.611
-77.823
-77.803
-77.76
-77.777
-77.752
-77.747
-77.536
-77.804
-77.685
-77.695
-77.559
-77.516
-77.489
-77.283
-77.183
-77.375
-77.446
-77.515
-77.585
-77.747
-77.691
-77.622
-77.68
-77.998
-77.889
-77.971
-77.958
-77.929
-78.067
-78.114
-77.705
-77.734
-77.635
-77.739
-78.019
-77.92
-78.025
-78.149
-77.975
-77.928
-77.915
-77.972
-77.741
-78.023
-77.908
-78.173
-78.08
-77.819
-77.951
-77.744
-77.79
-77.852
-77.841
-77.819
-77.887
-77.756
-77.932
-78.068
-78.061
-77.986
-77.982
-78.023
-77.976
-77.988
-78.103
-78.157
-78.032
-77.941
-77.902
-77.95
-77.89
-77.833
-77.707
-77.854
-77.768
-77.744
-77.897
-77.928
-77.814
-77.704
-77.348
-77.397
-77.494
-77.228
-77.32
-77.561
-77.326
-77.375
-76.94
-76.795
-77.032
-76.639
-76.679
-76.888
-77.183
-77.242
-77.271
-77.308
-77.387
-77.275
-77.199
-77.313
-77.242
-76.96
-76.838
-77.124
-77.139
-77.434
-77.558
-77.495
-77.487
-77.485
-77.579
-77.732
-77.853
-78.336
-78.298
-77.89
-77.642
-77.559
-77.702
-77.395
-77.46
-77.141
-77.313
-77.288
-77.261
-77.242
-77.117
-77.453
-77.769
-77.562
-77.602
-77.7
-77.646
-77.637
-77.342
-77.186
-77.178
-77.012
-76.885
-77.036
-77.05
-77.18
-77.371
-77.484
-77.283
-77.174
-77.102
-76.901
-76.833
-76.78
-76.921
-77.324
-77.318
-77.394
-77.365
-77.153
-76.967
-76.773
-76.588
-76.536
-76.615
-76.734
-76.454
-76.45
-76.646
-76.628
-76.742
-76.738
-76.382
-76.129
-76.137
-76.329
-76.183
-76.039
-75.988
-75.946
-76.015
-75.945
-75.748
-76.015
-76.058
-76.033
-76.038
-76.203
-76.228
-76.35
-76.33
-76.321
-76.265
-76.302
-76.177
-75.888
-75.812
-75.604
-75.398
-75.427
-75.7
-75.646
-75.485
-75.54
-75.468
-75.488
-75.531
-75.873
-76.153
-76.493
-76.428
-76.389
-76.16
-76.194
-76.074
-75.877
-75.516
-75.657
-75.781
-75.512
-75.345
-75.239
-75.5
-75.329
-75.019
-74.945
-75.045
-75.057
-74.827
-74.763
-74.785
-74.88
-74.869
-74.652
-74.709
-74.815
-74.645
-74.448
-74.357
-74.24
-74.218
-74.259
-74.356
-74.269
-74.036
-73.892
-73.964
-73.82
-73.746
-73.61
-73.466
-73.331
-73.161
-73.123
-72.993
-72.901
-73.106
-72.735
-72.919
-73.137
-73.475
-73.653
-73.936
-73.811
-73.681
-73.535
-73.141
-73.3
-73.111
-72.953
-73.115
-73.222
-73.34
-73.267
-73.178
-73.179
-73.328
-73.532
-73.587
-73.618
-73.888
-73.972
-74.074
-73.973
-73.869
-73.834
-73.489
-73.267
-73.4
-73.513
-73.62
-73.297
-73.132
-72.992
-73.063
-73.262
-73.022
-72.902
-72.976
-72.761
-72.662
-72.91
-73.071
-73.37
-73.413
-73.694
-73.743
-73.998
-74.057
-74.179
-74.016
-73.742
-73.782
-73.78
-73.748
-73.789
-73.612
-73.714
-73.927
-73.922
-74.266
-74.238
-74.281
-74.328
-74.307
-74.325
-74.46
-74.864
-75.026
-75.061
-75.065
-74.822
-74.548
-74.522
-74.463
-74.583
-74.727
-74.774
-74.739
-74.573
-74.642
-74.369
-74.246
-73.916
-73.638
-73.836
-73.559
-73.28
-72.951
-71.434
-69.863
-68.383
-66.767
-64.693
-63.322
-61.729
-59.976
-58.416
-56.805
-55.583
-54.155
-53.019
-52.07
-50.729
-49.644
-48.675
-47.597
-46.393
-45
-45
-45
-45
-45
-45
-45
-45
-45
-45
-45
-45
-45
-45
-48.491
-59.244
-66.399
-70.668
-73.215
-74.545
-75.504
-76.072
-76.57
-76.787
-77.081
-77.293
-77.732
-77.663
-77.783
-77.609
-77.583
-77.875
-78.195
-78.277
-78.161
-78.039
-77.993
-77.994
-77.355
-76.889
-76.609
-75.892
-75.517
-74.656
-73.681
-72.997
-72.319
-71.965
-71.829
-71.508
-71.246
-70.749
-69.864
-68.842
-67.49
-66.98
-66.681
-66.281
-66.136
-66.089
-66.014
-66.283
-66.4
-66.656
-67.036
-67.189
-67.453
-67.844
-68.01
-68.324
-68.648
-69.027
-69.348
-69.605
-70.146
-70.356
-70.87
-71.227
-71.408
-71.453
-71.875
-72.246
-72.339
-72.604
-72.795
-73.24
-73.308
-73.39
-73.16
-73.027
-72.822
-72.559
-72.425
-72.549
-72.496
-72.402
-72.384
-72.672
-72.719
-73.012
-72.814
-73.122
-73.398
-73.662
-73.63
-73.759
-73.649
-74.164
-74.588
-74.718
-74.563
-74.727
-74.838
-75.364
-75.332
-75.283
-75.457
-75.635
-75.534
-75.282
-74.348
-72.903
-71.599
-70.01
-68.767
-67.602
-66.593
-66.007
-65.545
-64.954
-64.514
-64.672
-64.561
-64.571
-64.804
-65.141
-65.451
-65.464
-65.789
-66.068
-66.052
-66.172
-66.624
-66.851
-67.373
-67.97
-68.18
-68.73
-69.308
-69.777
-69.821
-69.992
-69.968
-70.18
-70.443
-71.039
-71.322
-71.439
-71.598
-71.599
-71.764
-71.988
-72.148
-72.334
-72.755
-72.776
-72.924
-73.216
-73.424
-73.494
-73.793
-74.034
-74.365
-74.32
-74.528
-74.754
-74.956
-75.313
-75.543
-75.59
-75.818
-76.013
-76.163
-76.12
-76.227
-76.45
-76.376
-76.35
-76.594
-76.591
-76.443
-76.605
-76.907
-77.001
-76.998
-76.975
-76.93
-76.944
-77.034
-76.751
-76.978
-77.35
-77.454
-77.283
-77.293
-77.172
-77.503
-77.706
-77.926
-78.092
-78.066
-78.409
-78.628
-78.528
-78.47
-78.275
-78.612
-78.868
-79.294
-79.225
-79.247
-79.239
-79.413
-79.339
-79.459
-79.475
-79.742
-79.84
-79.667
-79.668
-79.58
-79.528
-79.657
-79.637
-79.606
-79.443
-79.7
-79.679
-79.234
-79.371
-79.562
-79.281
-79.491
-79.558
-79.387
-79.428
-79.418
-79.37
-79.401
-79.508
-79.508
-79.5
-79.622
-79.768
-79.744
-79.613
-79.919
-80.01
-80.463
-80.414
-80.453
-80.382
-80.203
-79.939
-80.128
-80.141
-79.901
-79.932
-79.664
-79.623
-79.528
-79.312
-79.451
-79.417
-79.358
-79.25
-79.152
-79.439
-79.519
-79.093
-79.161
-79.075
-79.002
-78.781
-78.727
-78.897
-78.584
-78.625
-78.814
-78.846
-78.916
-78.791
-78.467
-78.548
-78.209
-78.119
-78.475
-78.682
-78.521
-78.423
-78.592
-78.674
-78.56
-78.718
-78.706
-78.922
-78.821
-78.882
-78.66
-78.81
-78.973
-79.166
-79.165
-78.885
-78.992
-79.001
-78.915
-79.054
-78.663
-78.712
-78.773
-78.514
-78.469
-78.57
-78.502
-78.442
-78.555
-78.606
-78.582
-78.778
-78.656
-78.718
-78.686
-78.667
-78.598
-78.393
-78.179
-78.099
-77.988
-78.346
-78.473
-78.23
-78.296
-78.017
-78.178
-77.889
-77.804
-77.786
-77.513
-77.654
-77.489
-77.433
-77.534
-77.607
-77.635
-77.312
-77.308
-77.43
-77.511
-77.469
-77.462
-77.331
-77.558
-77.785
-77.983
-78.139
-78.113
-78.33
-78.227
-78.404
-78.536
-78.638
-78.52
-78.338
-78.378
-78.45
-78.489
-78.467
-78.394
-78.568
-78.466
-78.292
-78.264
-78.242
-78.375
-78.686
-78.417
-78.449
-78.337
-78.279
-78.451
-78.373
-78.651
-78.622
-78.598
-78.801
-78.86
-78.738
-78.628
-78.82
-78.755
-78.432
-78.61
-78.346
-78.277
-78.752
-78.944
-78.622
-78.494
-78.766
-78.547
-78.504
-78.985
-78.972
-79.017
-79.191
-79.111
-79.055
-79.097
-79.368
-79.345
-79.456
-79.305
-79.264
-79.372
-79.424
-79.377
-79.319
-79.254
-79.538
-79.845
-79.687
-79.871
-79.855
-79.639
-79.488
-79.511
-79.301
-79.235
-79.485
-79.588
-79.718
-79.469
-79.65
-79.586
-79.847
-79.881
-79.711
-79.785
-79.735
-79.914
-79.751
-79.867
-79.938
-80.01
-79.878
-80.044
-79.962
-80.209
-80.382
-80.304
-80.456
-80.489
-80.362
-80.279
-80.323
-80.404
-80.476
-80.494
-80.66
-80.555
-80.344
-80.424
-80.559
-80.398
-80.479
-80.544
-80.722
-80.765
-80.787
-80.452
-80.282
-80.266
-80.069
-79.977
-79.916
-79.807
-79.819
-79.894
-79.832
-79.886
-79.837
-80.039
-80.069
-79.972
-79.994
-80.003
-80.072
-80.168
-80.153
-80.175
-80.311
-80.441
-80.255
-80.121
-80.157
-80.179
-80.214
-80.522
-80.544
-80.651
-80.78
-81.007
-80.974
-81.041
-81.135
-81.315
-81.423
-81.361
-81.1
-81.164
-80.923
-80.796
-80.92
-80.603
-80.429
-80.369
-80.297
-80.078
-80.206
-79.948
-79.757
-79.777
-79.696
-79.705
-79.616
-79.449
-79.529
-79.697
-79.791
-79.828
-79.66
-79.846
-79.939
-79.984
-79.775
-79.896
-79.914
-79.875
-79.62
-79.808
-79.818
-79.707
-79.731
-79.89
-79.686
-79.812
-79.813
-79.641
-79.395
-79.253
-79.575
-79.671
-79.895
-79.786
-79.696
-79.735
-79.891
-79.749
-79.656
-79.735
-79.65
-79.883
-80.113
-80.004
-79.983
-79.673
-79.698
-79.52
-79.384
-79.521
-79.316
-79.344
-79.129
-79.121
-79.021
-78.98
