-86.168
-86.303
-86.084
-86.39
-86.563
-86.54
-86.557
-86.733
-86.884
-86.917
-87.109
-87.025
-87.422
-87.543
-87.965
-88.069
-88.271
-88.415
-88.373
-88.435
-88.526
-88.623
-88.795
-88.588
-88.684
-88.782
-89.085
-89.171
-89.287
-89.464
-89.642
-89.577
-89.718
-89.857
-90.08
-90.154
-90.263
-90.242
-90.258
-90.296
-90.571
-90.662
-90.786
-91.315
-91.345
-91.402
-91.299
-91.435
-91.367
-91.369
-91.239
-91.571
-91.732
-91.324
-91.231
-91.379
-91.367
-91.466
-91.248
-91.44
-91.375
-91.784
-91.854
-91.821
-91.653
-91.743
-91.781
-92.051
-92.133
-92.037
-91.995
-91.895
-91.902
-91.713
-91.886
-91.44
-91.077
-91.1
-90.71
-90.496
-90.612
-90.505
-90.471
-90.582
-90.653
-91.025
-91.033
-91.235
-91.385
-91.294
-91.49
-91.355
-91.438
-91.421
-91.578
-91.497
-91.797
-92.088
-92.031
-91.999
-92.159
-92.145
-92.21
-92.007
-92.429
-92.336
-92.427
-92.379
-92.463
-92.809
-92.652
-92.845
-92.872
-92.759
-92.872
-92.888
-93.228
-93.286
-93.308
-93.255
-93.011
-93.137
-92.996
-93.042
-93.061
-93.095
-93.105
-93.125
-93.408
-93.179
-93.354
-93.668
-93.812
-93.494
-93.543
-93.371
-93.223
-93.05
-92.859
-92.807
-92.695
-92.844
-92.859
-92.758
-92.729
-93.03
-92.93
-92.669
-92.771
-92.686
-92.785
-92.762
-92.643
-92.421
-92.469
-92.651
-92.508
-92.439
-92.365
-92.513
-92.686
-92.758
-93.013
-92.912
-92.987
-93.1
-93.08
-92.915
-92.879
-92.941
-92.962
-93.218
-93.205
-93.082
-93.3
-93.266
-93.332
-93.247
-93.41
-93.122
-93.039
-93.119
-92.819
-92.784
-92.904
-92.785
-92.841
-92.476
-92.435
-92.415
-92.444
-92.461
-92.551
-92.473
-92.432
-92.775
-92.697
-92.505
-92.459
-92.434
-92.742
-93
-93.1
-92.8
-92.77
-92.532
-92.263
-92.208
-92.263
-92.357
-92.406
-92.244
-92.112
-91.77
-92.047
-92.23
-92.36
-92.68
-92.823
-93.063
-92.905
-92.632
-92.9
-92.679
-92.574
-92.732
-92.507
-92.399
-92.42
-92.471
-92.184
-92.427
-92.401
-92.442
-92.683
-92.638
-92.629
-92.443
-92.238
-92.251
-92.433
-92.759
-92.684
-92.664
-92.457
-92.51
-92.43
-92.098
-91.984
-91.99
-92.102
-92.065
-92.101
-92.124
-92.201
-92.222
-92.306
-92.301
-92.136
-91.819
-92.105
-92.031
-92.007
-92.014
-91.822
-91.522
-91.385
-91.481
-91.602
-91.49
-91.52
-91.856
-91.774
-91.456
-91.633
-91.689
-91.839
-91.811
-91.75
-91.872
-91.916
-91.992
-91.726
-91.692
-91.808
-92.256
-92.38
-92.347
-92.447
-92.371
-92.475
-92.411
-92.465
-92.574
-92.171
-92.053
-91.947
-91.91
-91.771
-91.761
-91.817
-91.926
-92.041
-91.865
-92.004
-91.71
-91.46
-90.771
-90.398
-90.169
-89.704
-89.411
-89.222
-88.611
-88.289
-88.122
-87.97
-87.766
-87.615
-87.587
-87.238
-87.112
-86.855
-86.663
-86.447
-86.35
-86.179
-85.872
-85.392
-85.248
-85.355
-85.162
-85.067
-84.766
-84.726
-84.942
-84.822
-84.919
-85.017
-85.13
-85.146
-85.188
-85.262
-85.128
-85.245
-84.97
-84.94
-84.923
-84.96
-84.827
-85.059
-85.131
-85.213
-85.323
-85.296
-85.41
-85.511
-85.379
-85.264
-85.255
-85.49
-85.283
-85.226
-85.339
-85.38
-85.197
-85.479
-85.421
-85.406
-85.407
-85.298
-85.487
-85.822
-85.914
-85.988
-86.138
-86.262
-86.319
-86.228
-86.131
-86.188
-86.2
-85.962
-86.014
-86.246
-86.328
-86.336
-86.434
-86.642
-87.108
-87.331
-87.353
-87.631
-87.544
-87.383
-87.191
-87.265
-87.304
-87.221
-87.33
-87.432
-87.405
-87.461
-87.56
-87.848
-87.918
-87.866
-88.107
-87.865
-87.706
-87.415
-87.267
-86.767
-86.154
-86.032
-85.328
-85.01
-84.49
-83.404
-82.698
-81.983
-81.497
-80.704
-80.2
-79.586
-78.881
-78.206
-77.272
-76.574
-75.862
-75.176
-74.194
-73.497
-73.051
-72.151
-71.536
-70.939
-70.056
-69.098
-68.113
-67.143
-66.117
-65.143
-64.39
-63.644
-62.78
-61.923
-61.639
-61.158
-60.638
-60.069
-59.357
-58.921
-58.1
-57.032
-55.973
-55.081
-53.933
-52.698
-51.211
-48.984
-45.034
-45
-45
-45
-45
-45
-45
-45
-45
-45
-45
-45
-45
-45
-45.243
-52.058
-57.761
-62.464
-65.248
-67.101
-68.425
-69.325
-69.855
-70.232
-70.042
-70.4
-70.721
-70.762
-70.841
-70.61
-70.509
-70.305
-69.787
-69.272
-68.705
-68.149
-67.931
-67.338
-67.176
-66.723
-66.455
-66.3
-65.953
-65.402
-64.596
-64.244
-63.707
-63.16
-62.525
-62.172
-61.834
-61.384
-60.794
-60.22
-59.848
-59.478
-59.164
-58.871
-58.496
-58.181
-58.107
-57.597
-57.166
-56.799
-56.378
-56.126
-55.742
-55.033
-54.562
-54.16
-53.8
-53.163
-52.574
-51.439
-50.348
-47.967
-45
-45
-45
-45
-45
-45
-45
-45
-45
-45
-45
-45
-45
-45
-49.937
-56.729
-61.862
-65.445
-67.814
-69.563
-70.784
-71.54
-71.855
-72.366
-72.763
-73.047
-73.23
-73.185
-73.589
-74.101
-74.375
-74.47
-74.414
-74.503
-74.852
-74.951
-75.139
-74.913
-75.027
-74.807
-74.536
-74.466
-74.335
-73.941
-73.708
-73.579
-73.078
-73.189
-73.098
-72.681
-72.304
-72.419
-72.31
-72.263
-72.045
-71.996
-71.814
-71.677
-71.659
-71.728
-71.994
-71.938
-71.995
-72.138
-72.43
-72.539
-72.198
-71.974
-72.038
-71.95
-71.847
-71.903
-72.02
-72.084
-71.939
-72.072
-72.067
-72.31
-72.567
-72.723
-72.896
-73.08
-72.935
-72.973
-72.734
-72.815
-72.782
-73.121
-73.375
-73.59
-73.705
-73.898
-73.929
-73.913
-74.058
-74.19
-74.39
-74.322
-74.595
-74.664
-74.778
-74.554
-74.526
-74.737
-74.913
-74.701
-74.97
-75.123
-74.854
-75.042
-75.29
-75.492
-75.45
-75.467
-75.503
-76.127
-76.07
-75.933
-76.079
-76.341
-76.586
-76.557
-76.708
-76.648
-77.029
-77.258
-77.356
-77.465
-77.697
-78.194
-78.066
-77.966
-78.277
-78.339
-78.696
-78.92
-79.053
-79.19
-79.624
-79.919
-80.224
-80.166
-80.183
-80.269
-80.37
-80.334
-80.621
-80.899
-81.222
-81.076
-81.134
-81.404
-81.66
-81.683
-81.704
-81.982
-81.932
-82.299
-82.222
-82.032
-81.685
-81.892
-81.986
-81.843
-81.708
-81.898
-81.943
-81.863
-82.078
-82.207
-82.2
-82.332
-82.473
-82.494
-82.716
-82.726
-82.66
-82.831
-83.105
-82.926
-83.041
-83.21
-83.109
-83.236
-83.451
-83.749
-83.582
-83.884
-83.792
-83.926
-83.858
-84.041
-84.13
-84.302
-84.012
-84.282
-84.344
-84.638
-84.888
-85.238
-84.952
-84.843
-84.485
-84.734
-84.681
-84.469
-84.42
-84.287
-84.602
-84.653
-84.607
-84.623
-84.739
-84.882
-84.65
-84.64
-84.561
-84.608
-84.585
-84.375
-84.32
-84.036
-84.235
-84.1
-84.208
-84.27
-84.052
-84.152
-83.981
-84.131
-84.22
-84.162
-84.276
-84.328
-84.341
-84.303
-84.448
-84.297
-84.206
-84.145
-84.149
-84.296
-84.568
-84.646
-84.718
-84.69
-84.883
-84.913
-85.082
-85.346
-85.671
-85.887
-85.986
-86.061
-86.227
-86.408
-86.367
-86.397
-86.289
-86.337
-86.438
-86.442
-86.475
-86.63
-86.599
-86.773
-86.953
-86.998
-86.781
-86.732
-86.885
-87.172
-87.125
-86.993
-87.178
-87.157
-87.335
-87.399
-87.229
-87.453
-87.456
-87.453
-87.325
-87.319
-87.586
-87.827
-88
-88.015
-88.107
-88.306
-88.184
-88.135
-88.081
-88.071
-88.162
-88.372
-88.273
-88.375
-88.385
-88.343
-88.654
-88.848
-89.091
-89.34
-89.377
-89.292
-89.542
-89.727
-89.684
-89.777
-89.787
-89.816
-89.876
-89.746
-89.505
-89.697
-89.691
-89.601
-89.676
-89.83
-89.768
-89.886
-90.06
-90.012
-89.878
-90.12
-90.192
-90.048
-90.227
-90.424
-90.527
-90.426
-90.227
-90.078
-90.195
-90.125
-90.05
-89.907
-90.045
-90.118
-90.092
-90.103
-90.16
-89.987
-89.912
-89.709
-89.956
-89.902
-90.02
-90.052
-90.109
-89.833
-89.798
-89.932
-89.921
-90.034
-90.05
-89.962
-89.891
-89.825
-89.672
-89.452
-89.735
-90.094
-89.914
-89.859
-89.987
-90.213
-90.278
-90.365
-90.51
-90.663
-90.883
-90.874
-90.816
-90.997
-91.488
-91.7
-91.392
-91.182
-91
-91.306
-91.485
-91.538
-91.696
-91.844
-91.885
-92.05
-92.061
-92.325
-92.347
-92.423
-92.414
-92.298
-92.621
-92.452
-92.455
-92.517
-92.653
-92.856
-93.016
-92.946
-93.272
-93.087
-92.842
-93.047
-92.991
-93.278
-93.139
-92.978
-93.064
-93.01
-92.945
-92.755
-93.167
-93.161
-93.138
-93.271
-93.447
-93.148
-93.26
-93.177
-93.085
-92.938
-93.138
-93.122
-92.884
-92.569
-92.587
-92.686
-92.776
-92.783
-93.065
-93.127
-93.271
-93.149
-92.929
-92.883
-92.818
-92.827
-92.834
-92.901
-93.13
-92.928
-92.805
-92.789
-92.694
-92.594
-92.602
-92.88
-92.786
-92.667
-92.524
-92.64
-92.497
-92.454
-92.36
-92.284
-92.365
-92.132
-92.136
-92.133
-92.342
-92.311
