-71.695
-71.524
-71.749
-71.902
-71.731
-71.598
-71.346
-71.37
-70.995
-70.868
-70.488
-70.473
-70.637
-70.555
-70.386
-70.545
-70.563
-70.467
-70.329
-70.289
-70.287
-70.307
-70.113
-70.331
-70.327
-70.544
-70.763
-70.881
-70.768
-70.908
-70.578
-70.69
-70.921
-70.986
-71.035
-71.108
-71.309
-70.944
-71.092
-70.788
-70.904
-70.94
-70.793
-70.794
-70.681
-70.808
-70.591
-70.715
-70.814
-70.92
-71.058
-70.93
-70.989
-71.112
-71.288
-71.294
-71.464
-71.239
-71.329
-71.263
-71.177
-71.004
-71.164
-71.141
-71.318
-71.25
-71.153
-70.83
-70.875
-70.837
-70.786
-70.795
-70.542
-70.562
-70.604
-70.449
-70.52
-70.694
-70.67
-70.716
-70.662
-70.782
-70.777
-70.619
-70.814
-70.594
-70.478
-70.583
-70.431
-70.622
-70.533
-70.914
-70.972
-71.244
-71.043
-70.684
-70.793
-71.148
-71.081
-71.069
-71.166
-71.482
-71.935
-72.232
-72.198
-71.873
-71.673
-71.843
-71.849
-71.619
-71.909
-71.866
-72.008
-71.656
-71.674
-72.055
-72.111
-72.295
-72.069
-72.178
-72.082
-71.85
-71.879
-71.506
-71.447
-71.541
-71.605
-71.572
-71.783
-71.979
-72.071
-72.103
-72.076
-72.106
-72.07
-72.068
-72.015
-71.629
-71.87
-71.819
-71.955
-72.082
-72.146
-71.97
-72.027
-72.04
-71.838
-71.544
-71.768
-71.591
-71.668
-71.563
-71.539
-71.602
-71.335
-71.392
-71.314
-71.455
-71.232
-70.846
-70.891
-70.911
-71.135
-71.245
-71.082
-70.941
-70.914
-70.963
-71.166
-71.398
-71.464
-71.571
-71.286
-71.185
-71.174
-71.407
-71.463
-71.791
-71.997
-71.677
-71.795
-71.844
-72.189
-72.163
-72.135
-72.09
-71.945
-72.048
-72.375
-72.766
-72.611
-72.903
-72.801
-72.796
-72.695
-72.219
-72.022
-72.274
-72.336
-72.202
-72.34
-72.167
-72.411
-72.583
-72.599
-72.773
-73.017
-72.931
-72.946
-72.66
-72.423
-72.637
-72.823
-72.819
-72.67
-72.71
-72.598
-72.825
-72.922
-72.98
-72.78
-72.981
-72.75
-72.725
-73.016
-73.015
-73.062
-73.002
-73.243
-73.072
-72.813
-72.985
-72.91
-72.986
-72.943
-72.955
-72.913
-72.66
-72.568
-72.625
-72.781
-72.707
-72.914
-73.051
-72.859
-72.75
-72.764
-72.632
-72.585
-72.513
-72.495
-72.557
-72.346
-72.499
-72.29
-72.341
-72.383
-72.141
-72.201
-72.341
-72.462
-72.675
-72.444
-72.568
-72.572
-72.371
-72.197
-72.349
-72.366
-72.14
-72.25
-72.257
-72.428
-72.067
-72.097
-72.327
-72.425
-72.673
-72.582
-72.446
-72.22
-72.434
-72.072
-72.462
-72.444
-72.663
-73.024
-73.114
-73.021
-72.943
-72.839
-72.78
-72.98
-73.283
-73.323
-73.186
-73.085
-73.411
-73.253
-73.252
-73.453
-73.631
-73.485
-73.52
-73.231
-73.658
-73.474
-73.608
-73.849
-73.839
-73.864
-73.981
-74.081
-74.103
-74.152
-74.144
-74.199
-74.107
-74.013
-74.055
-73.806
-73.573
-73.711
-73.582
-73.489
-73.389
-73.431
-73.625
-73.516
-73.493
-73.28
-73.311
-73.454
-73.336
-73.294
-73.054
-73.171
-72.844
-72.98
-73.487
-73.47
-73.513
-73.509
-73.486
-73.471
-73.411
-73.374
-73.38
-73.374
-73.109
-72.93
-73.141
-73.37
-73.324
-73.495
-73.423
-73.362
-73.388
-73.241
-73.33
-73.247
-73.098
-72.757
-72.866
-72.593
-72.516
-72.32
-72.118
-72.12
-72.031
-71.795
-71.768
-71.928
-71.85
-71.405
-71.549
-71.556
-71.478
-71.394
-71.228
-71.376
-71.683
-71.664
-71.687
-71.57
-71.44
-71.368
-71.129
-71.052
-71.08
-71.279
-71.337
-71.507
-71.537
-71.708
-71.573
-71.336
-71.584
-71.49
-71.199
-71.5
-71.36
-71.118
-71.292
-71.287
-71.297
-71.346
-71.237
-71.053
-71.186
-71.156
-70.914
-70.822
-70.787
-70.771
-70.401
-70.39
-70.612
-70.223
-70.175
-69.991
-69.849
-69.66
-69.708
-69.782
-69.631
-69.763
-69.808
-69.759
-69.93
-69.965
-70.196
-70.258
-70.305
-70.643
-70.725
-71.1
-70.902
-70.675
-70.953
-70.707
-70.652
-70.487
-70.41
-70.296
-70.23
-70.17
-70.222
-70.323
-70.762
-70.797
-70.966
-71.132
-71.007
-71.022
-71.032
-71.066
-71.206
-71.248
-71.222
-71.104
-71.427
-71.307
-71.213
-71.002
-71.101
-70.865
-70.696
-70.604
-70.705
-70.947
-71.047
-70.754
-70.872
-70.962
-71.206
-71.49
-71.57
-71.457
-71.665
-71.565
-71.737
-71.707
-71.992
-71.981
-72.093
-72.178
-71.872
-71.815
-71.733
-71.61
-71.335
-71.238
-71.14
-71.143
-71.196
-71.378
-71.26
-71.326
-71.434
-71.551
-71.342
-71.438
-71.483
-71.569
-71.796
-71.906
-71.741
-71.634
-71.724
-71.852
-72.014
-72.028
-71.667
-71.654
-71.829
-72.014
-71.942
-71.958
-71.606
-71.264
-71.475
-71.757
-71.745
-71.81
-71.639
-71.544
-71.425
-71.494
-71.777
-71.748
-72.025
-72.183
-72.046
-72.081
-71.864
-71.514
-70.916
-70.288
-69.499
-68.751
-68.033
-67.331
-66.494
-65.766
-65.175
-64.432
-64.058
-63.524
-63.038
-62.783
-62.116
-61.606
-61.181
-60.796
-60.262
-59.927
-59.441
-58.885
-58.602
-58.422
-58.567
-58.351
-58.118
-58.371
-58.243
-57.835
-57.85
-57.775
-57.443
-57.179
-57.19
-57.16
-57.093
-56.912
-57.444
-60.067
-64.227
-68.216
-71.307
-73.782
-75.489
-76.535
-77.361
-77.941
-78.139
-78.53
-78.853
-79.147
-79.35
-79.411
-79.513
-79.537
-79.696
-79.8
-79.797
-79.761
-79.855
-79.961
-79.816
-79.675
-79.769
-79.905
-80.052
-80.093
-80.203
-80.229
-80.148
-80.047
-79.918
-79.951
-79.939
-80.009
-79.635
-79.687
-79.858
-79.685
-79.704
-79.782
-79.87
-79.55
-78.944
-78.272
-77.815
-77.364
-77.076
-76.6
-76.515
-76.708
-76.741
-76.774
-76.61
-76.569
-76.551
-76.626
-76.784
-76.874
-77.187
-76.92
-76.975
-76.967
-77.075
-77.435
-77.653
-77.743
-77.869
-77.997
-78.75
-78.992
-79.238
-79.545
-79.569
-79.688
-79.463
-79.317
-79.482
-79.562
-79.71
-79.612
-79.659
-79.695
-79.593
-79.659
-79.854
-79.605
-79.724
-79.617
-79.382
-79.475
-79.669
-79.863
-79.654
-79.684
-79.69
-79.645
-79.396
-79.619
-79.818
-79.748
-79.796
-79.712
-79.891
-79.9
-79.807
-79.565
-79.621
-79.658
-79.618
-79.771
-80.055
-79.784
-79.983
-79.84
-79.882
-79.905
-79.791
-79.626
-79.685
-79.542
-79.673
-79.804
-79.818
-79.68
-79.844
-79.895
-79.8
-80.086
-80.049
-80.218
-80.021
-79.833
-79.869
-79.725
-79.956
-79.933
-79.981
-79.849
-79.941
-79.871
-79.85
-79.801
-79.885
-79.663
-79.892
-80.017
-80.084
-80.224
-80.119
-80.103
-80.06
-80.046
-79.882
-79.959
-79.877
-79.992
-79.829
-79.678
-79.681
-79.638
-79.601
-79.744
-79.779
-79.832
-79.672
-79.765
-79.698
-79.914
-80.047
-79.963
-79.751
-79.592
-79.824
-79.579
-79.683
-80.016
-79.945
-79.868
-79.83
-79.894
-80.047
-80.235
-80.171
-80
-79.841
-79.931
-79.898
-79.714
-80.062
-80.096
-79.967
-80.127
-80.069
-80.214
-80.155
-80.01
-79.888
-79.797
-79.693
-79.726
-79.593
-79.542
-79.784
-79.635
-79.599
-79.768
-79.766
-79.861
-79.676
-79.776
-79.744
-79.512
-79.466
-79.637
-79.577
-79.584
-79.747
-79.665
-79.624
-79.814
-79.841
-79.939
-79.93
-79.961
-79.831
-79.734
-79.637
-79.885
-79.882
-80.154
-80.097
-79.947
-79.865
-79.885
-79.749
-79.665
-79.771
-79.776
-79.656
-79.738
-79.803
-79.609
-79.779
-79.825
-79.8
-79.597
-79.044
-78.403
-77.748
-77.181
-76.531
-76.196
-76.03
-75.513
-75.31
-75.233
-75.164
-75.003
-74.882
-75.023
-74.842
-74.883
-74.981
-75.007
-75.033
-75.098
-75.569
-75.837
-75.907
-76.161
-76.225
-76.026
-76.21
-76.047
-76.008
-75.758
-75.616
-75.712
-75.631
-75.928
-76.234
-76.343
-76.423
-76.319
-76.453
-76.839
-77.01
-76.961
-77.081
-77.368
-77.464
-77.486
-77.592
-77.688
-77.732
-77.63
-77.908
-77.9
-77.879
-77.701
-77.787
-77.973
-78.228
-78.098
-78.208
-78.069
-78.077
-78.239
-78.403
-78.599
-78.293
-78.22
-78.375
-78.466
-78.369
-78.527
-78.722
-78.629
-78.644
-78.924
-78.937
-78.861
-79.179
-79.006
-78.983
-78.678
-78.792
-78.938
-79.102
-79.228
-79.536
-79.597
-79.449
-79.458
-79.375
-79.374
-79.261
-79.09
-78.939
-79.128
-78.973
-79.181
-79.132
-79.27
-79.239
-79.443
-79.675
-80.027
-80.053
-79.929
-79.763
-79.71
-79.916
-79.662
-79.528
-79.605
-79.74
-79.734
-79.836
-79.505
-79.562
-79.4
-79.528
-79.145
-79.151
-79.377
-79.211
-79.323
-79.434
-79.22
-79.093
-79.519
-79.491
-79.588
-79.692
-79.806
-79.766
-79.801
-80.138
-80.206
-80.14
-80.158
-79.931
-79.686
-79.706
-79.458
-79.44
-79.2
-78.926
-78.928
-78.786
-78.836
-78.678
-78.693
-78.792
-78.832
-78.739
-78.734
-78.852
-78.775
-78.979
-78.85
-78.85
-78.929
-78.81
-78.951
-78.73
-78.784
-78.81
-78.694
-78.785
-78.818
-78.846
-78.453
-78.582
-78.628
-78.783
-79.003
-78.854
-78.594
-78.544
-78.473
