-73.185
-73.324
-73.603
-73.59
-73.574
-73.607
-73.724
-73.906
-74.164
-74.125
-74.132
-74.269
-74.363
-74.298
-74.444
-74.239
-74.628
-74.497
-74.379
-74.482
-74.636
-74.747
-74.85
-75.203
-75.073
-75.22
-75.336
-75.292
-74.913
-75.274
-75.226
-75.411
-75.326
-75.193
-75.027
-75.11
-74.752
-74.92
-74.831
-74.641
-74.567
-74.493
-74.868
-75.148
-75.191
-75.324
-75.206
-75.53
-75.491
-75.654
-75.435
-75.388
-75.401
-75.515
-75.455
-75.632
-75.536
-75.584
-75.802
-75.804
-75.866
-75.972
-75.97
-76.215
-76.26
-76.239
-76.302
-76.2
-76.17
-76.403
-76.455
-76.381
-76.417
-76.493
-76.648
-76.919
-76.998
-77.179
-77.284
-77.28
-77.177
-77.194
-77.158
-77.218
-77.335
-77.567
-77.437
-77.356
-77.064
-77.268
-77.282
-77.102
-77.288
-77.168
-77.064
-77.136
-77.043
-77.105
-77.342
-77.121
-77.257
-77.262
-77.124
-77
-77.085
-77.388
-77.732
-77.715
-77.726
-77.929
-77.842
-77.87
-77.978
-78.224
-78.361
-78.399
-78.176
-78.057
-78.216
-78.129
-77.954
-77.897
-78.114
-78.057
-77.907
-77.972
-77.878
-78.018
-77.783
-77.8
-77.789
-77.982
-78.004
-78.274
-78.138
-77.966
-77.964
-77.872
-77.916
-78.137
-78.197
-78.041
-78.225
-78.21
-78.392
-78.364
-78.398
-78.456
-78.546
-78.605
-78.534
-78.506
-78.333
-78.215
-77.697
-77.5
-77.592
-77.561
-77.751
-77.661
-77.728
-77.677
-77.712
-77.477
-77.402
-77.497
-77.477
-77.214
-77.204
-77.018
-76.753
-76.615
-76.703
-76.646
-76.598
-76.568
-76.613
-76.464
-76.238
-76.174
-76.141
-76.106
-76.188
-76.114
-76.106
-76.153
-75.976
-75.666
-75.717
-75.594
-75.467
-75.46
-75.69
-75.98
-76.297
-76.165
-76.155
-76.335
-76.507
-76.501
-76.532
-76.515
-76.188
-76.487
-76.159
-75.985
-75.95
-75.889
-75.842
-75.992
-76.165
-76.23
-76.265
-76.246
-75.953
-76.088
-75.938
-75.871
-75.908
-75.978
-75.888
-75.959
-76.133
-76.396
-76.118
-75.951
-75.938
-75.978
-76.035
-76.023
-76.03
-76.037
-76.17
-76.145
-76.218
-76.119
-76.477
-76.553
-76.579
-76.535
-76.586
-76.823
-76.737
-76.982
-76.785
-76.657
-76.873
-76.71
-76.448
-76.435
-76.535
-76.452
-76.586
-76.434
-76.255
-76.348
-76.332
-76.233
-76.412
-76.353
-76.355
-76.294
-76.317
-76.077
-75.619
-75.687
-75.828
-75.59
-75.546
-75.595
-75.507
-75.503
-75.382
-75.12
-74.969
-74.921
-74.923
-74.844
-74.663
-74.43
-74.41
-74.431
-74.535
-74.654
-74.58
-74.433
-74.377
-74.328
-74.342
-74.614
-74.368
-74.406
-74.513
-74.659
-75.033
-74.764
-74.972
-74.682
-74.708
-74.856
-74.711
-74.684
-74.496
-74.289
-74.577
-74.775
-74.751
-74.832
-74.805
-75.097
-75.288
-75.229
-75.018
-75.227
-75.067
-75.269
-75.355
-75.383
-75.547
-75.706
-76.098
-76.123
-76.134
-76.175
-76.286
-76.395
-76.244
-76.213
-76.056
-76.184
-76.352
-76.246
-76.655
-76.879
-77.091
-77.048
-76.91
-77.046
-76.922
-76.754
-76.986
-76.989
-77.199
-76.882
-76.936
-76.669
-76.803
-77.023
-76.888
-76.884
-76.334
-76.303
-76.529
-76.63
-76.52
-76.344
-76.432
-76.327
-76.486
-76.396
-76.227
-76.302
-76.257
-76.341
-76.445
-76.421
-76.412
-76.419
-76.544
-76.497
-76.577
-76.537
-76.747
-76.548
-76.43
-76.363
-76.41
-76.284
-76.363
-76.614
-76.652
-76.469
-76.538
-76.457
-76.481
-76.467
-76.387
-76.572
-76.766
-76.592
-76.55
-76.643
-76.788
-76.931
-77.02
-77.039
-77.316
-77.381
-77.291
-77.133
-77.025
-76.887
-76.984
-76.517
-76.166
-76.033
-76.092
-76.288
-76.358
-76.185
-76.08
-75.99
-76.042
-75.939
-75.713
-75.753
-75.735
-75.534
-75.384
-75.317
-75.45
-75.262
-75.066
-75.204
-75.331
-75.43
-75.526
-75.351
-75.495
-75.408
-75.468
-75.348
-75.227
-74.978
-74.748
-74.655
-74.32
-74.404
-74.563
-74.449
-74.755
-74.715
-74.92
-74.642
-75.074
-75.059
-75.304
-75.321
-75.258
-75.249
-75.398
-75.201
-75.522
-75.561
-75.604
-75.618
-75.669
-75.823
-75.924
-75.807
-75.626
-75.81
-75.807
-75.728
-75.721
-75.656
-75.809
-75.807
-75.717
-75.752
-75.644
-75.574
-75.587
-75.513
-75.984
-76.1
-76.064
-76.009
-75.951
-75.951
-76.081
-75.928
-75.709
-75.651
-75.648
-75.468
-75.507
-75.607
-75.653
-75.616
-75.583
-75.389
-75.332
-75.364
-75.086
-74.734
-74.792
-74.955
-75.129
-75.18
-75.369
-75.317
-75.211
-75.16
-75.032
-74.98
-75.234
-75.302
-75.317
-75.115
-75.273
-75.223
-74.848
-74.744
-74.75
-74.795
-74.759
-74.688
-74.628
-75.026
-75.067
-75.526
-75.324
-75.131
-75.385
-75.264
-75.064
-75.349
-75.432
-75.257
-74.99
-74.789
-75.176
-75.228
-75.251
-75.173
-74.882
-74.103
-73.221
-72.679
-71.634
-70.766
-70.08
-69.343
-68.673
-67.855
-67.161
-66.307
-66.024
-65.57
-65.041
-64.368
-63.489
-62.332
-61.443
-60.261
-59.345
-58.399
-57.468
-56.824
-55.663
-54.837
-54.121
-53.475
-53.009
-52.365
-51.868
-51.407
-50.833
-50.484
-50.065
-49.691
-48.936
-48.357
-47.696
-46.845
-45.857
-45
-45
-45
-45
-45
-45
-45
-45
-45
-45
-45
-45
-45
-45
-45
-45
-45
-45
-45
-48.446
-52.52
-55.582
-57.915
-59.651
-60.765
-61.649
-62.324
-62.82
-63.274
-63.276
-63.348
-63.546
-63.527
-63.625
-63.605
-63.582
-63.544
-63.615
-63.691
-63.434
-63.384
-63.384
-63.159
-62.83
-62.026
-61.66
-61.071
-60.335
-59.743
-59.253
-58.623
-57.732
-57.354
-57.209
-56.728
-56.169
-55.992
-56.104
-55.783
-55.445
-55.186
-55.22
-55.019
-54.615
-54.67
-54.552
-54.248
-53.93
-53.622
-53.4
-53.394
-53.148
-53.269
-53.046
-53.002
-53.114
-52.678
-52.437
-52.352
-52.128
-52.107
-52.04
-52.061
-52.156
-52.024
-51.972
-51.796
-51.685
-51.884
-51.693
-51.703
-51.746
-51.722
-52.102
-52.245
-52.128
-52.006
-52.067
-52.209
-51.968
-52.033
-51.951
-51.992
-51.864
-51.821
-51.988
-52.157
-52.415
-52.829
-52.44
-52.454
-52.681
-52.755
-52.776
-52.517
-52.375
-52.249
-52.418
-52.801
-52.978
-53.148
-53.354
-53.227
-53.282
-53.254
-53.481
-53.697
-53.905
-53.873
-53.967
-53.916
-54.114
-54.331
-54.539
-54.598
-54.867
-54.866
-54.731
-54.662
-54.999
-54.803
-55.105
-55.142
-55.486
-55.47
-55.317
-55.361
-55.203
-55.346
-55.405
-55.306
-55.487
-55.511
-55.597
-55.667
-55.936
-56.202
-56.271
-56.478
-56.708
-56.77
-56.822
-57.254
-57.374
-57.335
-57.209
-57.399
-57.446
-57.482
-57.747
-58.244
-58.301
-58.144
-58.46
-58.6
-58.795
-58.711
-58.914
-58.949
-59.219
-59.089
-59.202
-59.068
-58.94
-59.084
-58.804
-58.58
-58.759
-58.918
-58.958
-59.086
-59.054
-58.998
-58.873
-58.955
-58.948
-58.839
-59.029
-59.424
-59.604
-59.755
-59.926
-59.98
-59.758
-60.127
-59.994
-60.211
-60.238
-60.654
-60.964
-61.056
-61.122
-61.484
-61.624
-62.01
-62.156
-62.291
-62.155
-62.433
-62.366
-62.387
-62.521
-62.505
-62.409
-62.179
-62.458
-62.522
-62.327
-62.304
-62.267
-62.236
-62.11
-62.165
-62.267
-62.429
-62.774
-62.912
-62.575
-62.862
-63.068
-63.138
-63.423
-63.404
-63.671
-63.797
-64.032
-64.489
-64.664
-64.622
-64.678
-64.876
-64.758
-64.703
-64.739
-64.727
-64.966
-65.248
-65.408
-65.485
-65.386
-65.21
-65.377
-65.314
-65.438
-65.527
-65.586
-65.852
-65.978
-65.847
-66.029
-66.258
-66.381
-66.445
-66.377
-66.524
-66.517
-66.608
-66.745
-66.62
-66.833
-66.78
-66.888
-67.231
-67.391
-67.329
-67.336
-67.284
-67.398
-67.597
-67.378
-67.411
-67.333
-67.438
-67.248
-67.389
-67.177
-67.148
-67.249
-67.299
-67.397
-67.368
-67.019
-67.161
-67.66
-67.623
-67.666
-67.617
-67.906
-67.647
-67.801
-67.887
-67.745
-67.984
-68.046
-68.361
-68.35
-68.285
-68.283
-68.282
-68.447
-68.447
-68.519
-68.386
-68.326
-68.057
-67.763
-68.038
-67.937
-68.011
-67.955
-68.052
-67.782
-67.916
-67.927
-67.855
-67.808
-68.008
-67.967
-67.799
-67.877
-67.927
-67.863
-67.871
-67.862
-67.978
-68.033
-68.131
-68.291
-68.252
-68.228
-68.262
-68.336
-68.33
-68.346
-68.449
-68.38
-68.621
-68.474
-68.321
-68.378
-68.468
-68.245
-68.419
-68.112
-67.978
-68.063
-68.098
-68.418
-68.262
-68.343
-68.532
-68.529
-68.138
-68.31
-68.253
-68.56
-68.511
-68.813
-68.713
-68.863
-69.008
-68.875
-68.85
-68.652
-68.716
-68.947
-68.895
-68.882
-68.757
-68.729
-68.787
-68.569
-68.538
-68.809
-68.745
-68.651
-68.467
-68.302
-68.447
-68.418
-68.309
-68.428
-68.499
-68.715
-68.596
-68.765
-68.779
-68.738
-69.06
-68.855
-68.981
-68.93
-68.795
-68.758
-68.737
-68.49
-68.633
-68.547
-68.541
-68.967
-68.893
-68.88
-69.065
-68.795
