-79.765
-79.766
-79.814
-79.929
-79.887
-79.879
-79.814
-79.888
-79.886
-79.841
-79.888
-79.981
-80.008
-80.006
-79.952
-79.938
-79.939
-80.016
-79.993
-80.012
-80.038
-80.035
-80.07
-80.086
-80.042
-80.157
-80.183
-80.069
-80.079
-80.125
-80.132
-80.093
-80.025
-80.02
-79.985
-80.035
-80.035
-79.965
-80.079
-80.102
-80.053
-80.048
-80.03
-79.991
-80.004
-80.039
-80.006
-79.974
-79.962
-79.962
-79.977
-79.956
-80.026
-80.015
-80.079
-80.05
-80.072
-80.047
-79.943
-80.029
-79.992
-80.072
-80.068
-80.127
-80.175
-80.069
-79.879
-79.796
-79.845
-79.785
-79.76
-79.795
-79.768
-79.757
-79.753
-79.759
-79.714
-79.714
-79.797
-79.749
-79.771
-79.771
-79.802
-79.755
-79.766
-79.768
-79.825
-79.778
-79.808
-79.794
-79.805
-79.833
-79.812
-79.794
-79.884
-79.877
-79.912
-79.86
-79.894
-79.878
-79.899
-79.892
-79.888
-79.942
-79.937
-79.941
-79.851
-79.8
-79.795
-79.694
-79.766
-79.749
-79.765
-79.774
-79.742
-79.744
-79.71
-79.691
-79.687
-79.612
-79.675
-79.749
-79.696
-79.657
-79.618
-79.728
-79.677
-79.664
-79.733
-79.72
-79.762
-79.734
-79.687
-79.73
-79.713
-79.802
-79.755
-79.719
-79.653
-79.783
-79.744
-79.72
-79.642
-79.622
-79.583
-79.546
-79.534
-79.562
-79.644
-79.652
-79.663
-79.673
-79.714
-79.821
-79.896
-79.902
-79.905
-79.884
-79.949
-79.98
-79.974
-79.876
-79.921
-79.955
-79.906
-79.988
-80.06
-80.119
-80.171
-80.188
-80.289
-80.32
-80.293
-80.229
-80.241
-80.254
-80.303
-80.265
-80.246
-80.148
-80.154
-80.125
-80.044
-80.029
-80.017
-79.942
-79.909
-79.902
-79.866
-79.827
-79.86
-79.867
-79.878
-79.874
-79.861
-79.915
-79.844
-79.885
-80.06
-80.06
-80.088
-80.09
-80.083
-80.197
-80.066
-80.076
-80.133
-80.092
-80.034
-79.916
-80.021
-80.173
-80.178
-80.147
-80.168
-80.095
-80.078
-79.98
-80.033
-80.11
-80.184
-80.203
-80.288
-80.335
-80.334
-80.323
-80.287
-80.333
-80.238
-80.239
-80.171
-80.185
-80.155
-80.083
-80.03
-80.014
-79.882
-79.855
-79.886
-79.973
-79.985
-79.966
-79.996
-79.971
-79.886
-79.97
-79.955
-79.977
-79.876
-79.809
-79.82
-79.77
-79.855
-79.897
-79.916
-79.963
-80.041
-80.092
-80.03
-80.037
-80.049
-80.104
-80.149
-80.257
-80.246
-80.315
-80.387
-80.348
-80.381
-80.423
-80.431
-80.454
-80.489
-80.443
-80.493
-80.457
-80.356
-80.278
-80.28
-80.209
-80.189
-80.179
-80.208
-80.194
-80.149
-80.135
-80.062
-80.101
-80.179
-80.138
-80.135
-80.141
-80.129
-80.105
-80.085
-80.102
-80.143
-80.212
-80.204
-80.282
-80.209
-80.227
-80.31
-80.263
-80.256
-80.18
-80.15
-80.079
-80.052
-80.038
-80.072
-80.022
-79.991
-79.98
-80.038
-80.086
-80.102
-80.075
-80.097
-80.091
-80.222
-80.195
-80.187
-80.228
-80.244
-80.108
-80.03
-80.019
-80.086
-80.2
-80.162
-80.19
-80.235
-80.166
-80.157
-80.202
-80.157
-80.18
-80.141
-80.08
-80.139
-80.115
-80.076
-80.087
-80.04
-80.065
-80.032
-79.999
-80.039
-79.98
-80.065
-80.001
-79.961
-79.942
-79.915
-79.864
-79.955
-79.888
-79.894
-79.912
-79.863
-79.931
-79.897
-79.91
-79.949
-79.906
-79.864
-79.846
-79.964
-79.988
-79.89
-79.815
-79.802
-79.805
-79.792
-79.839
-79.945
-79.985
-79.997
-79.902
-79.919
-79.838
-79.828
-79.843
-79.843
-79.78
-79.762
-79.743
-79.763
-79.73
-79.739
-79.753
-79.8
-79.66
-79.647
-79.703
-79.643
-79.701
-79.684
-79.594
-79.665
-79.628
-79.644
-79.706
-79.617
-79.605
-79.581
-79.553
-79.599
-79.633
-79.717
-79.699
-79.718
-79.706
-79.745
-79.72
-79.76
-79.797
-79.87
-79.895
-79.878
-79.889
-79.869
-79.819
-79.741
-79.742
-79.756
-79.663
-79.769
-79.83
-79.824
-79.784
-79.794
-79.753
-79.801
-79.777
-79.737
-79.746
-79.837
-79.817
-79.731
-79.745
-79.808
-79.853
-79.814
-79.832
-79.812
-79.77
-79.759
-79.718
-79.614
-79.582
-79.546
-79.565
-79.649
-79.62
-79.587
-79.658
-79.61
-79.598
-79.644
-79.561
-79.575
-79.615
-79.573
-79.536
-79.505
-79.452
-79.364
-79.384
-79.347
-79.466
-79.482
-79.536
-79.572
-79.641
-79.558
-79.594
-79.575
-79.585
-79.633
-79.578
-79.584
-79.583
-79.598
-79.585
-79.536
-79.553
-79.499
-79.458
-79.519
-79.488
-79.585
-79.612
-79.552
-79.608
-79.567
-79.598
-79.654
-79.672
-79.645
-79.637
-79.659
-79.667
-79.601
-79.758
-79.771
-79.736
-79.717
-79.713
-79.652
-79.537
-79.663
-79.738
-79.717
-79.676
-79.718
-79.766
-79.783
-79.814
-79.781
-79.751
-79.824
-79.788
-79.836
-79.798
-79.855
-79.899
-79.949
-80.048
-80.086
-80.082
-80.123
-80.112
-80.069
-80.037
-80.019
-80.078
-80.152
-80.123
-80.073
-80.024
-80.101
-80.164
-80.261
-80.237
-80.199
-80.14
-80.162
-80.105
-80.151
-80.17
-80.17
-80.154
-80.094
-80.035
-80.049
-79.921
-79.92
-80.004
-79.921
-79.902
-79.936
-79.896
-79.895
-79.845
-79.803
-79.771
-79.756
-79.732
-79.758
-79.716
-79.626
-79.545
-79.586
-79.529
-79.544
-79.604
-79.715
-79.637
-79.683
-79.578
-79.626
-79.759
-79.777
-79.712
-79.75
-79.779
-79.741
-79.841
-79.809
-79.788
-79.79
-79.861
-79.771
-79.775
-79.821
-79.827
-79.906
-79.949
-79.909
-79.909
-79.873
-79.849
-79.851
-79.961
-79.963
-80.013
-79.992
-80.032
-80.016
-80.015
-79.928
-79.839
-79.845
-79.866
-79.846
-79.848
-79.839
-79.956
-79.997
-79.987
-79.99
-79.978
-79.987
-79.999
-79.994
-79.953
-79.995
-79.993
-79.989
-80.025
-80.115
-80.071
-80.023
-80.039
-80.02
-79.97
-79.953
-79.985
-79.926
-79.943
-79.91
-79.909
-79.951
-79.885
-79.916
-79.896
-79.919
-79.853
-79.953
-80.068
-80.074
-80.08
-80.041
-80.01
-80.025
-80.022
-80.034
-79.981
-79.972
-79.993
-79.959
-80.022
-80.057
-80.017
-79.991
-80.006
-80.016
-80.014
-80.005
-80.053
-80.025
-79.999
-79.896
-79.791
-79.844
-79.802
-79.84
-79.946
-79.971
-80.015
-80.096
-80.078
-80.087
-79.993
-80.02
-79.945
-79.975
-79.999
-79.911
-79.871
-79.887
-79.947
-80.055
-79.993
-80.067
-80.11
-80.199
-80.167
-80.229
-80.177
-80.172
-80.188
-80.209
-80.2
-80.169
-80.141
-80.108
-80.211
-80.23
-80.158
-80.202
-80.16
-80.135
-80.156
-80.169
-80.141
-80.011
-79.988
-79.955
-79.909
-79.848
-79.789
-79.697
-79.637
-79.694
-79.651
-79.706
-79.659
-79.676
-79.693
-79.591
-79.659
-79.71
-79.806
-79.705
-79.764
-79.725
-79.805
-79.824
-79.843
-79.806
-79.885
-79.877
-79.863
-79.812
-79.75
-79.839
-79.819
-79.764
-79.769
-79.894
-79.928
-79.905
-79.948
-80.077
-80.077
-80.09
-80.003
-79.999
-80.01
-80.001
-79.943
-80.01
-79.978
-79.935
-80.01
-80.031
-79.971
-80.013
-80.004
-79.997
-80.019
-80.035
-79.978
-79.98
-79.965
-79.945
-79.991
-79.842
-79.806
-79.779
-79.762
-79.804
-79.874
-79.875
-79.859
-79.987
-80.06
-80.074
-80.016
-79.981
-79.961
-80.016
-79.969
-80.023
-80.03
-80.052
-80.086
-80.03
-79.931
-79.893
-79.805
-79.797
-79.803
-79.718
-79.744
-79.81
-79.812
-79.777
-79.785
-79.798
-79.758
-79.804
-79.816
-79.78
-79.786
-79.849
-79.839
-79.802
-79.8
-79.888
-79.926
-79.946
-79.894
-80.011
-80.026
-80.068
-80.056
-80.005
-80.073
-80.13
-80.147
-80.253
-80.369
-80.319
-80.374
-80.351
-80.242
-80.261
-80.318
-80.294
-80.265
-80.215
-80.214
-80.189
-80.109
-80.146
-80.074
-80.086
-80.007
-79.993
-79.924
-79.945
-79.926
-79.873
-79.883
-79.83
-79.808
-79.795
-79.852
-79.956
-79.917
-79.973
-79.95
-79.991
-80.017
-80.035
-80.006
-80.04
-80.008
-80.022
-80.046
-80.13
-80.124
-80.09
-80.076
-80.032
-80.003
-80.059
-80.15
-80.222
-80.194
-80.218
-80.078
-80.129
-80.203
-80.221
-80.209
-80.259
-80.276
-80.253
-80.239
-80.188
-80.193
-80.213
-80.243
-80.213
-80.183
-80.208
-80.19
-80.155
-80.055
-80.062
-80.032
-79.99
-79.951
-79.883
-79.905
-80.045
-80.021
-79.977
-79.974
-79.934
-79.821
-79.846
-79.889
-79.905
-79.9
-79.802
-79.817
-79.873
-79.847
-79.851
-79.844
-79.88
-79.94
-79.871
-79.943
-79.807
-79.796
-79.714
-79.702
-79.648
-79.68
-79.654
-79.71
-79.659
-79.625
-79.665
-79.713
-79.749
-79.678
-79.719
-79.694
-79.668
-79.717
-79.633
-79.686
-79.709
-79.698
-79.758
-79.738
-79.72
-79.818
-79.952
-79.942
-79.986
-79.926
-79.936
-79.854
-79.91
-79.912
-79.998
-80.065
-79.97
-80.02
-79.967
-79.989
-79.992
-79.968
-80.026
-80.011
-80.004
-80.029
-80.089
-80.172
-80.144
-80.241
-80.24
-80.24
-80.19
-80.132
-80.116
-80.054
-80.028
-80.094
-80.154
-80.159
-80.262
-80.305
-80.31
-80.319
-80.324
-80.252
-80.178
-80.24
-80.245
-80.187
-80.068
-80.034
-80.064
-79.975
-79.986
-79.961
-80.031
-80.021
-80.026
-80.021
-80.001
-79.925
-79.973
-79.98
-79.975
-80.048
-80.02
-80.069
-80.142
-80.055
-80.035
-79.985
-80.018
-79.899
-79.895
-79.887
-79.877
-79.868
-79.825
-79.897
-79.88
-79.936
-79.899
-79.965
-80.004
-79.95
-79.899
-79.887
-79.893
-79.945
-79.908
-80.008
-80.058
-79.998
-80.052
-80.046
-80.056
-80.043
-80.011
-79.936
-79.943
-79.951
-79.974
-80.012
-79.93
-79.892
-79.964
-80.01
-79.978
-79.961
-79.977
-79.932
-79.853
-79.713
-79.741
-79.745
-79.764
-79.712
-79.693
-79.665
-79.694
-79.72
-79.689
-79.725
-79.785
-79.804
-79.702
-79.773
-79.844
-79.838
-79.936
-79.85
-79.884
-79.972
-79.928
-79.951
-79.978
-79.961
-80.034
-79.953
-79.898
-79.9
-79.956
-80.012
-80.045
-80.026
-80
-80.07
-79.976
-79.93
-79.857
-79.905
-79.838
-79.823
-79.87
-79.856
-79.895
-79.984
-80.011
-80.013
-80.016
-80.124
-80.172
-80.027
-80.055
-80.081
-80.095
-80.009
-80.011
-79.967
-79.984
-79.935
-79.874
-79.856
-79.8
-79.801
-79.873
-79.86
-79.863
-79.896
-79.878
-79.849
-79.879
-79.885
-79.892
-79.925
-79.904
-79.963
-79.972
-80.001
-80.042
-80.034
-80.021
-79.965
-79.824
-79.889
-79.886
-79.864
-79.799
-79.787
-79.749
-79.729
-79.721
-79.763
-79.751
-79.778
-79.732
-79.737
-79.693
-79.719
-79.726
-79.793
-79.839
-79.848
-79.825
-79.886
-79.854
-79.726
-79.618
-79.556
-79.565
-79.5
-79.38
-79.386
-79.336
-79.341
-79.288
-79.238
-79.201
-79.165
-79.225
-79.256
-79.259
-79.272
-79.183
-79.14
-79.142
-79.13
-79.122
-79.071
-79.062
-79.075
-79.076
-79.128
-79.126
-79.117
-79.119
-79.056
-79.018
-79.009
-79.013
-78.997
-78.954
-78.976
-78.942
-78.897
-78.87
-78.862
-78.818
-78.888
-78.864
-78.804
-78.863
-78.938
-78.987
-78.92
-78.836
-78.763
-78.745
-78.792
-78.806
-78.779
-78.804
-78.84
-78.828
-78.847
-78.78
-78.876
-78.826
-78.837
-78.872
-78.845
-78.804
-78.882
-78.988
-78.951
-78.951
-78.927
-78.906
-78.883
-78.814
-78.8
-78.79
-78.777
-78.782
-78.763
-78.838
-78.811
-78.833
-79.001
-79.05
-79.005
-78.957
-78.909
-78.873
-78.881
-78.833
-78.858
-78.94
-79.044
-79.008
-79.035
-79.065
-79.119
-79.094
-79.127
-79.173
-79.102
-79.134
-79.111
-79.039
-79.062
-79.187
-79.168
-79.09
-79.067
-79.042
-79.089
-79.232
-79.206
-79.192
-79.165
-79.212
-79.248
-79.227
-79.247
-79.215
-79.285
-79.164
-79.216
-79.152
-79.128
-79.094
-79.08
-79.115
-79.097
-79.035
-79.042
-79.037
-79.134
-79.176
-79.208
-79.186
-79.159
-79.163
-79.137
-79.124
-79.085
-79.103
-79.017
-78.962
-79.009
-79.042
-79.042
-79.085
-79.119
-79.092
-79.035
-79.044
-78.979
-78.963
-78.951
-78.931
-79.046
-79.066
-79.107
-79.171
-79.189
-79.134
-79.166
-79.161
-79.136
-79.167
-79.16
-79.175
-79.105
-79.136
-79.171
-79.237
-79.19
-79.191
-79.226
-79.218
-79.263
-79.278
-79.334
-79.279
-79.294
-79.282
-79.308
-79.235
-79.297
-79.285
-79.293
-79.311
-79.439
-79.426
-79.403
-79.464
-79.413
-79.386
-79.376
-79.367
-79.396
-79.409
-79.399
-79.295
-79.335
-79.328
-79.371
-79.4
-79.363
-79.387
-79.356
-79.352
-79.374
-79.378
-79.403
-79.351
-79.355
-79.386
-79.32
-79.42
-79.37
-79.403
-79.454
-79.478
-79.466
-79.448
-79.466
-79.487
-79.498
-79.463
-79.423
-79.423
-79.446
-79.44
-79.349
-79.329
-79.45
-79.508
-79.497
-79.574
-79.589
-79.611
-79.643
-79.595
-79.663
-79.636
-79.659
-79.542
-79.517
-79.58
-79.559
-79.553
-79.553
-79.617
-79.666
-79.587
-79.566
-79.616
-79.563
-79.609
-79.563
-79.553
-79.467
-79.501
-79.504
-79.505
-79.577
-79.543
-79.598
-79.513
-79.527
-79.457
-79.42
-79.392
-79.394
-79.314
-79.241
-79.181
-79.136
-79.184
-79.112
-79.085
-79.084
-79.098
-79.061
-79.144
-79.22
-79.2
-79.117
-79.15
-79.106
-79.154
-79.197
-79.151
-79.224
-79.141
-79.265
-79.162
-79.145
-79.117
-79.165
-79.238
-79.349
-79.297
-79.314
-79.306
-79.212
-79.211
-79.306
-79.347
-79.368
-79.396
-79.358
-79.298
-79.279
-79.253
-79.231
-79.266
-79.264
-79.29
-79.325
-79.275
-79.301
-79.364
-79.366
-79.24
-79.243
-79.228
-79.21
-79.255
-79.262
-79.306
-79.249
-79.243
-79.271
-79.221
-79.211
-79.215
-79.259
-79.277
-79.242
-79.236
-79.337
-79.465
-79.362
-79.383
-79.398
-79.432
-79.453
-79.517
-79.523
-79.45
-79.492
-79.479
-79.53
-79.457
-79.426
-79.507
-79.401
-79.381
-79.418
-79.387
-79.48
-79.476
-79.475
-79.411
-79.49
-79.461
-79.482
-79.609
-79.653
-79.553
-79.485
-79.449
-79.535
-79.522
-79.517
-79.576
-79.671
-79.651
-79.64
-79.609
-79.595
-79.68
-79.688
-79.641
-79.593
-79.597
-79.543
-79.638
-79.582
-79.654
-79.639
-79.587
-79.588
-79.55
-79.556
-79.578
-79.587
-79.566
-79.591
-79.648
-79.692
-79.762
-79.73
-79.68
-79.75
-79.921
-79.942
-79.963
-80.011
-80.063
-80.019
-80.064
-79.965
-80.025
-80.092
-80.086
-80.062
-80.164
-80.186
-80.11
-80.113
-80.14
-80.056
-80.045
-79.997
-79.991
-80.013
-80.025
-80.074
-80.13
-80.052
-80.094
-80.066
-80.035
-80.029
-80.073
-80.043
-80.068
-80.024
-80.004
-79.979
-80
-80.052
-80.03
-80.038
-80.07
-80.126
-80.238
-80.191
-80.231
-80.193
-80.229
-80.241
-80.203
-80.167
-80.158
-80.196
-80.19
-80.239
-80.322
-80.325
-80.336
-80.357
-80.307
-80.282
-80.351
-80.3
-80.366
-80.326
-80.365
-80.361
-80.327
-80.346
-80.384
-80.288
-80.273
-80.289
-80.247
-80.218
-80.215
-80.247
-80.206
-80.172
-80.123
-80.088
-80.19
-80.146
-80.199
-80.296
-80.243
-80.207
-80.204
-80.198
-80.155
-80.066
-80.1
-79.985
-80.018
-80.027
-80.117
-80.141
-80.261
-80.272
-80.245
-80.235
-80.332
-80.347
-80.326
-80.291
-80.305
-80.231
-80.27
-80.243
-80.286
-80.211
-80.149
-80.136
-80.084
-80.123
-80.16
-80.149
-80.169
-80.179
-80.187
-80.112
-80.135
-80.112
-80.062
-80.083
-80.13
-80.146
-80.167
-80.186
-80.228
-80.262
-80.264
-80.195
-80.171
-80.119
-80.156
-80.048
-79.978
-79.882
-79.971
-80.002
-80.031
-80.04
-80.065
-80.049
-80.088
-80.07
-80.063
-80.099
-80.034
-80.038
-79.991
-79.99
-79.883
-79.982
-80.043
-80.08
-80.028
-80.04
-80.024
-80.027
-80.065
-80.058
-80.003
-80.063
-80.028
-79.996
-79.969
-79.981
-79.992
-79.948
-79.956
-79.896
-79.857
-79.812
-79.896
-79.815
-79.731
-79.75
-79.821
-79.791
-79.784
-79.856
-79.782
-79.789
-79.896
-79.854
-79.949
-79.993
-80.036
-80.015
-80.038
-80.011
-79.973
-80
-80.007
-79.999
-80.018
-80.014
-80.026
-80.044
-80.013
-80
-79.956
-79.967
-80.018
-80.038
-80.04
-79.942
-79.984
-79.941
-79.939
-79.804
-79.835
-79.836
-79.858
-79.823
-79.942
-79.935
-79.894
-79.838
-79.8
-79.857
-79.823
-79.914
-79.984
-79.992
-80.105
-80.162
-80.156
-80.042
-80.128
-80.175
-80.15
-80.126
-80.118
-80.138
-80.103
-80.106
-80.197
-80.181
-80.192
-80.223
-80.223
-80.216
-80.192
-80.186
-80.126
-80.138
-80.134
-80.139
-80.136
-80.1
-80.106
-80.152
-80.155
-80.146
-80.204
-80.096
-80.009
-80.033
-79.976
-80.064
-80.044
-80.045
-80.045
-79.998
-80.109
-80.133
-80.147
-80.126
-80.064
-80.104
-80.075
-79.983
-80.035
-79.955
-79.928
-79.939
-79.841
-79.835
-79.828
-79.851
-79.923
-79.99
-80.053
-79.978
-80.02
-80.001
-79.964
-80.048
-80.083
-80.056
-80.125
-80.154
-80.098
-80.063
-80.054
-80.004
-79.957
-79.972
-79.969
-79.945
-79.913
-79.964
-80.019
-80.021
-80.047
-80.1
-79.985
-79.991
-80.048
-80.119
-80.106
-80.041
-80.102
-80.125
-80.104
-80.212
-80.252
-80.229
-80.172
-80.187
-80.136
-80.158
-80.168
-80.207
-80.16
-80.239
-80.109
-80.114
-80.127
-80.047
-79.967
-80.034
-80.01
-80.044
-80.06
-80.034
-79.917
-79.991
-79.974
-79.954
-79.958
-80.001
-80.045
-80.035
-80.023
-80.075
-79.982
-79.976
-79.964
-80.012
-80.022
-79.999
-80.048
-80.084
-80.15
-80.181
-80.133
-80.113
-80.134
-80.143
-80.153
-80.078
-80.023
-80.03
-80.088
-80.091
-80.011
-80.06
-80.02
-80.089
-80.058
-80.09
-80.101
-80.028
-80.113
-80.1
-80.15
-80.193
-80.172
-80.152
-80.065
-80.106
-80.097
-80.098
-80.112
-80.141
-80.133
-80.114
-80.15
-80.17
-80.176
-80.134
-80.083
-80.073
-80.102
-80.085
-80.026
-80
-79.995
-79.945
-79.921
-79.968
-79.993
-80
-79.992
-79.901
-79.96
-79.965
-79.982
-79.963
-80.037
-80.05
-80.042
-80.137
-80.171
-80.159
-80.062
-80.071
-80.024
-79.934
-79.855
-79.839
-79.903
-79.95
-79.963
-79.923
-79.931
-79.988
-80.059
-80.003
-79.916
-79.89
-79.958
-79.932
-79.999
-80.029
-80.089
-80.165
-80.118
-80.102
-80.15
-80.166
-80.112
-80.163
-80.15
-80.067
-80.138
-80.005
-80.04
-80.066
-80.022
-80.003
-80.07
-80.027
-79.999
-79.979
-80.071
-80.105
-80.144
-80.225
-80.142
-80.123
-80.118
-80.161
-80.141
-80.222
-80.156
-80.215
-80.297
-80.308
-80.268
-80.252
-80.178
-80.131
-80.155
-80.153
-80.196
-80.164
-80.183
-80.196
-80.183
-80.299
-80.234
-80.219
-80.176
-80.239
-80.229
-80.203
-80.171
-80.166
-80.128
-80.152
-80.054
-80.074
-80.005
-80.073
-80.046
-79.95
-79.969
-79.933
-79.847
-79.814
-79.92
-79.801
-79.769
-79.828
-79.789
-79.798
-79.775
-79.759
-79.7
-79.603
-79.603
-79.594
-79.544
-79.536
-79.495
-79.414
-79.48
-79.522
-79.6
-79.683
-79.712
-79.761
-79.893
-79.954
-79.964
-80.039
-79.92
-79.963
-79.943
-79.917
-79.932
-79.877
-79.842
-79.824
-79.853
-79.737
-79.759
-79.812
-79.793
-79.754
-79.656
-79.631
-79.617
-79.674
-79.675
-79.684
-79.727
-79.821
-79.791
-79.863
-79.951
-79.912
-79.84
-79.897
-79.89
-79.898
-79.902
-79.838
-79.828
-79.823
-79.829
-79.867
-79.854
-79.771
-79.734
-79.758
-79.748
-79.697
-79.749
-79.73
-79.796
-79.851
-79.825
-79.802
-79.843
-79.851
-79.943
-79.948
-79.988
-79.909
-79.88
-79.84
-79.789
-79.766
-79.738
-79.788
-79.748
-79.786
-79.706
-79.834
-79.768
-79.778
-79.874
-79.855
-79.848
-79.831
-79.899
-80.024
-80.042
-80.022
-80.025
-79.949
-79.966
-79.972
-79.964
-79.949
-79.957
-79.882
-79.829
-79.852
-79.862
-79.841
-79.847
-79.871
-79.837
-79.808
-79.766
-79.775
-79.846
-79.878
-79.869
-79.837
-79.831
-79.803
-79.845
-79.955
-79.931
-79.889
-79.833
-79.886
-79.975
-79.965
-79.992
-80.067
-80.01
-80.064
-79.994
-80.12
-80.109
-80.105
-80.054
-80.079
-80.005
-79.942
-79.924
-79.894
-79.981
-80.006
-80.029
-79.952
-79.913
-79.939
-79.863
-79.87
-79.915
-79.936
-79.862
-79.798
-79.836
-79.894
-79.875
-79.893
-79.903
-79.923
-79.823
-79.776
-79.841
-79.869
-79.771
-79.705
-79.643
-79.635
-79.646
-79.684
-79.649
-79.706
-79.769
-79.793
-79.791
-79.77
-79.781
-79.802
-79.81
-79.843
-79.851
-79.861
-79.889
-79.83
-79.787
-79.771
-79.809
-79.813
-79.825
-79.887
-79.969
-80.047
-79.946
-79.953
-79.847
-79.846
-79.901
-79.949
-80.025
-80.049
-80.018
-79.991
-79.882
-79.815
-79.871
-79.9
-79.934
-80.054
-80
-79.989
-79.945
-79.889
-79.892
-79.879
-79.909
-79.86
-79.835
-79.826
-79.799
-79.827
-79.914
-79.892
-79.862
-79.886
-79.957
-79.949
-79.997
-80.022
-80.015
-79.975
-80.074
-80.117
-80.029
-80.039
-80.122
-80.105
-80.122
-80.125
-80.125
-80.095
-80.159
-80.162
-80.102
-80.069
-80.03
-80.004
-80.077
-80.068
-80.129
-80.122
-80.027
-79.994
-80.006
-79.997
-79.961
-80.04
-80.08
-80.03
-80.082
-80.017
-80.008
-79.983
-79.957
-79.922
-80.045
-80.002
-80.065
-80.038
-79.993
-79.966
-79.99
-80.034
-80.089
-79.992
-79.972
-79.966
-79.993
-79.976
-79.968
-79.997
-80.027
-80.014
-80.098
-80.177
-80.23
-80.188
-80.188
-80.287
-80.34
-80.279
-80.347
-80.318
-80.35
-80.4
-80.36
-80.341
-80.288
-80.368
-80.336
-80.353
-80.261
-80.215
-80.137
-80.051
-80.121
-80.004
-79.911
-79.935
-79.912
-79.857
-79.852
-79.82
-79.848
-79.765
-79.812
-79.859
-79.883
-79.896
-80.006
-80.089
-80.074
-80.098
-80.071
-80.084
-80.06
-80.035
-80.107
-80.046
-80.065
-80.01
-80.014
-80.028
-80.03
-79.987
-79.993
-80.054
-80.029
-79.969
-79.948
-79.895
-79.866
-79.892
-79.94
-79.913
-79.888
-79.783
-79.688
-79.806
-79.752
-79.776
-79.732
-79.71
-79.674
-79.701
-79.655
-79.624
-79.665
-79.724
-79.845
-79.933
-79.912
-79.872
-79.655
-79.58
-79.558
-79.561
-79.621
-79.665
-79.64
-79.684
-79.486
-79.504
-79.533
-79.544
-79.509
-79.573
-79.56
-79.65
-79.746
-79.746
-79.723
-79.747
-79.725
-79.768
-79.697
-79.808
-79.747
-79.746
-79.791
-79.79
-79.782
-79.915
-79.914
-79.829
-79.772
-79.641
-79.596
-79.665
-79.686
-79.755
-79.812
-79.8
-79.861
-79.88
-80.039
-80.037
-80.062
-80.118
-80.115
-80.086
-80.106
-80.129
-80.215
-80.208
-80.185
-80.156
-80.192
-80.279
-80.273
-80.244
-80.139
-80.164
-80.208
-80.236
-80.314
-80.327
-80.323
-80.278
-80.254
-80.212
-80.128
-80.127
-80.134
-80.249
-80.161
-80.214
-80.289
-80.326
-80.363
-80.399
-80.458
-80.503
-80.509
-80.558
-80.586
-80.571
-80.508
-80.453
-80.368
-80.331
-80.301
-80.336
-80.326
-80.416
-80.45
-80.385
-80.347
-80.344
-80.273
-80.26
-80.283
-80.348
-80.373
-80.437
-80.486
-80.516
-80.502
-80.434
-80.394
-80.274
-80.237
-80.173
-80.144
-80.194
-80.234
-80.304
-80.312
-80.185
-80.135
-80.19
-80.226
-80.273
-80.181
-80.196
-80.219
-80.177
-80.169
-80.188
-80.141
-80.092
-80.038
-79.984
-79.975
-79.885
-79.875
-79.82
-79.69
-79.721
-79.708
-79.699
-79.727
-79.692
-79.715
-79.855
-79.846
-79.795
-79.786
-79.775
-79.773
-79.782
-79.692
-79.701
-79.627
-79.625
-79.618
-79.665
-79.564
-79.55
-79.48
-79.44
-79.389
-79.386
-79.48
-79.492
-79.492
-79.415
-79.418
-79.517
-79.449
-79.488
-79.443
-79.5
-79.577
-79.546
-79.531
-79.434
-79.485
-79.485
-79.515
-79.427
-79.467
-79.429
-79.485
-79.52
-79.514
-79.573
-79.538
-79.533
-79.533
-79.54
-79.56
-79.529
-79.574
-79.574
-79.53
-79.506
-79.475
-79.447
-79.382
-79.374
-79.359
-79.339
-79.371
-79.374
-79.295
-79.336
-79.33
-79.222
-79.199
-79.166
-79.11
-79.103
-79.092
-79.052
-78.954
-79
-78.93
-78.952
-78.904
-78.964
-78.975
-78.955
-78.892
-78.915
-78.96
-78.958
-79.003
-78.938
-78.952
-79.047
-78.981
-78.989
-79.018
-79.013
-79.061
-79.077
-79.097
-79.084
-79.076
-79.063
-79.123
-79.119
-79.066
-79.096
-79.08
-79.023
-79.1
-79.178
-79.101
-79.087
-79.054
-79.119
-79.131
-79.114
-79.163
-79.176
-79.183
-79.261
-79.221
-79.129
-79.108
-79.024
-79.052
-79.065
-79.151
-79.135
-79.162
-79.228
-79.166
-79.135
-79.112
-79.16
-79.147
-79.199
-79.293
-79.325
-79.245
-79.364
-79.346
-79.43
-79.413
-79.448
-79.433
-79.427
-79.409
-79.319
-79.267
-79.221
-79.223
-79.202
-79.233
-79.182
-79.2
-79.175
-79.135
-79.15
-79.211
-79.185
-79.144
-79.137
-79.151
-79.117
-79.084
-79.084
-79.065
-78.999
-79.082
-79.097
-79.112
-79.129
-79.261
-79.278
-79.314
-79.243
-79.248
-79.194
-79.29
-79.215
-79.25
-79.217
-79.229
-79.153
-79.143
-79.236
-79.171
-79.139
-79.122
-79.161
-79.126
-79.104
-79.106
-79.078
-79.108
-79.02
-78.984
-78.916
-78.898
-78.91
-78.84
-78.71
-78.628
-78.574
-78.515
-78.47
-78.391
-78.302
-78.289
-78.181
-78.096
-78.15
-78.081
-78.063
-78.017
-77.939
-77.874
-77.833
-77.806
-77.781
-77.644
-77.547
-77.456
-77.3
-77.222
-77.135
-77.071
-77.02
-76.967
-76.923
-76.886
-76.833
-76.84
-76.823
-76.73
-76.537
-76.364
-76.316
-76.303
-76.198
-76.163
-76.133
-76.081
-76.009
-75.981
-75.991
-75.904
-75.871
-75.763
-75.802
-75.725
-75.581
-75.525
-75.545
-75.512
-75.473
-75.454
-75.36
-75.32
-75.393
-75.378
-75.292
-75.296
-75.337
-75.291
-75.169
-75.173
-75.144
-75.055
-75.003
-75.018
-74.957
-75.036
-75.027
-75.05
-75.008
-75.024
-74.949
-74.961
-75.014
-74.963
-74.975
-74.913
-74.85
-74.924
-74.95
-74.88
-74.908
-74.93
-74.954
-74.926
-74.885
-74.788
-74.773
-74.711
-74.679
-74.572
-74.581
-74.591
-74.652
-74.644
-74.639
-74.61
-74.59
-74.541
-74.495
-74.571
-74.615
-74.718
-74.743
-74.779
-74.818
-74.895
-74.942
-74.866
-74.884
-74.883
-74.812
-74.655
-74.654
-74.662
-74.677
-74.77
-74.753
-74.812
-74.766
-74.802
-74.777
-74.824
-74.842
-74.793
-74.794
-74.776
-74.767
-74.822
-74.73
-74.738
-74.774
-74.823
-74.962
-74.893
-74.893
-74.907
-74.98
-74.997
-74.996
-74.94
-74.982
-74.97
-74.898
-74.839
-74.827
-74.823
-74.758
-74.782
-74.791
-74.734
-74.716
-74.767
-74.637
-74.607
-74.578
-74.503
-74.38
-74.31
-74.25
-74.157
-73.989
-73.886
-73.851
-73.785
-73.712
-73.645
-73.517
-73.469
-73.437
-73.394
-73.368
-73.324
-73.278
-73.07
-73.048
-72.979
-72.937
-72.893
-72.779
-72.681
-72.596
-72.585
-72.661
-72.625
-72.575
-72.544
-72.459
-72.464
-72.44
-72.299
-72.125
-72.028
-72.044
-72.011
-71.944
-71.862
-71.871
-71.815
-71.776
-71.769
-71.764
-71.791
-71.744
-71.679
-71.601
-71.571
-71.523
-71.444
-71.384
-71.287
-71.347
-71.335
-71.414
-71.411
-71.375
-71.37
-71.297
-71.359
-71.483
-71.494
-71.508
-71.497
-71.435
-71.461
-71.392
-71.389
-71.342
-71.346
-71.342
-71.381
-71.408
-71.38
-71.315
-71.349
-71.366
-71.291
-71.298
-71.249
-71.274
-71.271
-71.304
-71.267
-71.178
-71.11
-71.077
-71.149
-71.164
-71.124
-71.154
-71.188
-71.192
-71.149
-71.222
-71.292
-71.269
-71.229
-71.335
-71.444
-71.452
-71.455
-71.492
-71.481
-71.404
-71.462
-71.452
-71.472
-71.465
-71.466
-71.398
-71.427
-71.451
-71.474
-71.441
-71.562
-71.593
-71.651
-71.695
-71.768
-71.826
-71.961
-72.121
-72.295
-72.355
-72.42
-72.505
-72.538
-72.69
-72.794
-72.901
-73.002
-73.111
-73.23
-73.293
-73.427
-73.527
-73.662
-73.771
-73.891
-73.967
-74.064
-74.257
-74.382
-74.484
-74.495
-74.612
-74.644
-74.7
-74.817
-74.889
-74.914
-74.965
-75.026
-75.067
-75.213
-75.245
-75.289
-75.345
-75.421
-75.486
-75.563
-75.643
-75.756
-75.847
-75.887
-75.971
-75.998
-76.013
-76.087
-75.98
-76.005
-75.97
-75.987
-75.966
-76.054
-76.108
-76.142
-76.175
-76.139
-76.186
-76.195
-76.168
-76.203
-76.312
-76.334
-76.33
-76.333
-76.381
-76.432
-76.531
-76.602
-76.674
-76.699
-76.691
-76.731
-76.77
-76.732
-76.794
-76.846
-76.882
-76.917
-76.956
-77.005
-77.111
-77.188
-77.209
-77.316
-77.453
-77.474
-77.475
-77.437
-77.447
-77.516
-77.537
-77.503
-77.508
-77.505
-77.622
-77.598
-77.654
-77.726
-77.75
-77.784
-77.803
-77.753
-77.771
-77.812
-77.882
-77.966
-77.928
-77.907
-77.878
-77.836
-77.891
-77.878
-77.888
-77.926
-77.902
-77.857
-77.86
-77.813
-77.812
-77.815
-77.804
-77.815
-77.868
-77.759
-77.738
-77.716
-77.777
-77.703
-77.684
-77.646
-77.631
-77.623
-77.678
-77.663
-77.701
-77.771
-77.813
-77.818
-77.683
-77.726
-77.678
-77.732
-77.783
-77.804
-77.776
-77.827
-77.819
-77.755
-77.747
-77.718
-77.727
-77.636
-77.654
-77.593
-77.595
-77.59
-77.553
-77.58
-77.585
-77.661
-77.589
-77.485
-77.508
-77.491
-77.46
-77.401
-77.366
-77.332
-77.382
-77.465
-77.449
-77.5
-77.53
-77.607
-77.653
-77.752
-77.753
-77.834
-77.778
-77.718
-77.76
-77.762
-77.727
-77.746
-77.703
-77.747
-77.679
-77.642
-77.588
-77.562
-77.603
-77.668
-77.703
-77.676
-77.67
-77.703
-77.725
-77.669
-77.656
-77.684
-77.635
-77.693
-77.658
-77.73
-77.714
-77.679
-77.719
-77.573
-77.582
-77.555
-77.589
-77.545
-77.515
-77.56
-77.513
-77.548
-77.52
-77.525
-77.555
-77.583
-77.645
-77.647
-77.647
-77.624
-77.673
-77.594
-77.614
-77.681
-77.725
-77.686
-77.702
-77.701
-77.712
-77.727
-77.696
-77.627
-77.603
-77.584
-77.611
-77.531
-77.611
-77.577
-77.589
-77.583
-77.543
-77.589
-77.626
-77.737
-77.746
-77.802
-77.807
-77.762
-77.713
-77.763
-77.785
-77.721
-77.622
-77.681
-77.691
-77.723
-77.785
-77.846
-77.748
-77.838
-77.909
-77.912
-77.886
-77.935
-77.965
-77.945
-78.028
-78.036
-77.959
-77.859
-77.839
-77.873
-77.843
-77.824
-77.69
-77.677
-77.62
-77.559
-77.751
-77.854
-77.842
-77.821
-77.768
-77.746
-77.752
-77.796
-77.74
-77.716
-77.697
-77.582
-77.586
-77.562
-77.462
-77.395
-77.358
-77.343
-77.404
-77.452
-77.401
-77.318
-77.278
-77.264
-77.231
-77.073
-76.999
-76.994
-76.957
-76.968
-76.934
-76.882
-76.801
-76.751
-76.728
-76.65
-76.634
-76.647
-76.575
-76.557
-76.576
-76.481
-76.502
-76.385
-76.333
-76.345
-76.263
-76.211
-76.129
-76.081
-75.994
-76.032
-75.9
-75.905
-75.88
-75.922
-75.896
-75.861
-75.752
-75.775
-75.791
-75.827
-75.867
-75.814
-75.91
-75.849
-75.845
-75.91
-75.884
-75.968
-76.005
-76.039
-76.054
-75.994
-75.99
-75.868
-75.901
-75.83
-75.802
-75.744
-75.778
-75.695
-75.717
-75.742
-75.717
-75.785
-75.768
-75.823
-75.799
-75.747
-75.693
-75.59
-75.614
-75.696
-75.655
-75.6
-75.615
-75.722
-75.739
-75.78
-75.799
-75.744
-75.693
-75.589
-75.629
-75.58
-75.615
-75.642
-75.623
-75.57
-75.607
-75.536
-75.565
-75.583
-75.505
-75.526
-75.462
-75.388
-75.368
-75.351
-75.352
-75.326
-75.326
-75.431
-75.367
-75.362
-75.344
-75.26
-75.281
-75.238
-75.245
-75.273
-75.212
-75.223
-75.155
-75.211
-75.27
-75.252
-75.237
-75.293
-75.241
-75.175
-75.209
-75.165
-75.136
-75.203
-75.18
-75.174
-75.151
-75.19
-75.199
-75.179
-75.238
-75.206
-75.257
-75.156
-75.206
-75.257
-75.246
-75.255
-75.264
-75.294
-75.316
-75.337
-75.315
-75.259
-75.184
-75.206
-75.116
-75.12
-75.109
-75.127
-75.102
-75.147
-75.151
-75.193
-75.122
-75.061
-75.04
-74.992
-74.969
-74.988
-74.929
-74.837
-74.833
-74.845
-74.722
-74.742
-74.748
-74.759
-74.773
-74.798
-74.834
-74.732
-74.688
-74.601
-74.727
-74.733
-74.644
-74.61
-74.582
-74.532
-74.507
-74.578
-74.523
-74.521
-74.484
-74.412
-74.431
-74.385
-74.391
-74.525
-74.496
-74.519
-74.452
-74.296
-74.337
-74.309
-74.219
-74.216
-74.134
-74.048
-74.032
-73.931
-73.919
-73.924
-73.903
-73.866
-73.92
-73.951
-74.021
-73.974
-74.08
-74.024
-73.89
-73.877
-73.909
-73.9
-73.845
-73.804
-73.812
-73.815
-73.812
-73.785
-73.755
-73.733
-73.681
-73.659
-73.633
-73.714
-73.688
-73.718
-73.76
-73.784
-73.782
-73.836
-73.812
-73.739
-73.653
-73.682
-73.654
-73.618
-73.555
-73.501
-73.482
-73.508
-73.606
-73.653
-73.624
-73.689
-73.716
-73.794
-73.693
-73.641
-73.569
-73.53
-73.488
-73.481
-73.595
-73.56
-73.44
-73.438
-73.363
-73.36
-73.502
-73.437
-73.383
-73.404
-73.473
-73.359
-73.326
-73.451
-73.466
-73.516
-73.6
-73.635
-73.634
-73.755
-73.699
-73.699
-73.817
-73.87
-73.839
-73.937
-73.973
-74.045
-74.01
-74.055
-74.137
-74.145
-74.185
-74.189
-74.226
-74.259
-74.23
-74.242
-74.291
-74.322
-74.203
-74.169
-74.259
-74.316
-74.252
-74.292
-74.303
-74.29
-74.338
-74.306
-74.19
-74.185
-74.196
-74.184
-74.191
-74.172
-74.169
-74.207
-74.232
-74.279
-74.281
-74.223
-74.256
-74.175
-74.155
-74.086
-74.086
-74.101
-74.139
-74.182
-74.159
-74.177
-74.231
-74.223
-74.315
-74.244
-74.305
-74.212
-74.208
-74.195
-74.276
-74.297
-74.238
-74.196
-74.247
-74.356
-74.407
-74.449
-74.38
-74.423
-74.388
-74.403
-74.439
-74.51
-74.578
-74.613
-74.626
-74.699
-74.766
-74.849
-74.752
-74.795
-74.801
-74.745
-74.73
-74.777
-74.698
-74.646
-74.725
-74.708
-74.767
-74.738
-74.81
-74.845
-74.858
-74.819
-74.814
-74.838
-74.894
-74.867
-74.921
-74.995
-75.019
-75.01
-75.091
-75.102
-75.09
-75.159
-75.113
-75.095
-75.101
-75.099
-75.149
-75.23
-75.22
-75.296
-75.33
-75.279
-75.332
-75.332
-75.314
-75.254
-75.204
-75.224
-75.146
-75.166
-75.296
-75.407
-75.548
-75.572
-75.54
-75.494
-75.589
-75.491
-75.447
-75.493
-75.458
-75.561
-75.608
-75.554
-75.523
-75.613
-75.557
-75.48
-75.448
-75.445
-75.438
-75.477
-75.538
-75.5
-75.493
-75.388
-75.505
-75.564
-75.673
-75.765
-75.784
-75.813
-75.87
-75.835
-75.803
-75.851
-75.901
-75.938
-75.987
-76.052
-76.149
-76.138
-76.131
-76.255
-76.352
-76.496
-76.464
-76.537
-76.56
-76.567
-76.421
-76.417
-76.401
-76.441
-76.416
-76.348
-76.458
-76.556
-76.588
-76.616
-76.625
-76.512
-76.478
-76.479
-76.506
-76.574
-76.649
-76.722
-76.683
-76.648
-76.657
-76.681
-76.776
-76.843
-76.822
-76.805
-76.876
-76.854
-76.836
-76.858
-76.866
-76.963
-76.969
-76.972
-77.034
-77.049
-77.067
-77.07
-77.143
-77.147
-77.105
-77.179
-77.157
-77.14
-77.256
-77.326
-77.278
-77.366
-77.35
-77.378
-77.338
-77.256
-77.23
-77.163
-77.169
-77.238
-77.265
-77.246
-77.159
-77.249
-77.214
-77.277
-77.238
-77.209
-77.146
-77.235
-77.349
-77.397
-77.414
-77.347
-77.312
-77.332
-77.318
-77.217
-77.169
-77.178
-77.254
-77.211
-77.263
-77.314
-77.348
-77.406
-77.47
-77.513
-77.474
-77.45
-77.348
-77.44
-77.567
-77.44
-77.406
-77.318
-77.304
-77.257
-77.313
-77.289
-77.23
-77.247
-77.304
-77.349
-77.26
-77.272
-77.302
-77.207
-77.183
-77.201
-77.21
-77.236
-77.212
-77.228
-77.264
-77.265
-77.273
-77.3
-77.267
-77.28
-77.274
-77.258
-77.234
-77.25
-77.25
-77.311
-77.323
-77.376
-77.389
-77.264
-77.203
-77.212
-77.085
-77.072
-77.173
-77.157
-77.172
-77.174
-77.142
-77.143
-77.109
-77.066
-77.046
-77.066
-77.045
-77.09
-77.089
-77.064
-77.16
-77.188
-77.176
-77.134
-77.107
-77.078
-77.004
-77.036
-77.026
-77
-77.049
-77.098
-77.143
-77.135
-77.138
-77.143
-77.166
-77.307
-77.279
-77.222
-77.224
-77.18
-77.217
-77.194
-77.297
-77.333
-77.394
-77.406
-77.522
-77.478
-77.508
-77.468
-77.494
-77.509
-77.494
-77.525
-77.502
-77.516
-77.554
-77.67
-77.647
-77.608
-77.672
-77.701
-77.65
-77.643
-77.693
-77.644
-77.635
-77.637
-77.669
-77.764
-77.812
-77.843
-77.818
-77.857
-77.845
-77.836
-77.86
-77.902
-77.935
-77.904
-77.855
-77.851
-77.867
-77.941
-77.854
-77.888
-77.836
-77.887
-77.887
-77.818
-77.859
-77.842
-77.855
-77.855
-77.852
-77.871
-77.926
-77.877
-77.928
-77.841
-77.886
-77.877
-77.885
-77.936
-77.898
-77.813
-77.915
-77.884
-77.937
-77.975
-77.944
-77.956
-77.919
-77.949
-77.881
-77.844
-77.839
-77.85
-77.847
-77.831
-77.766
-77.794
-77.836
-77.916
-77.944
-77.987
-78.052
-78.033
-78.004
-78.012
-78.024
-78.044
-78.063
-78.12
-78.075
-78.064
-78.139
-78.108
-78.078
-78.046
-77.991
-77.906
-77.98
-77.893
-77.849
-77.81
-77.809
-77.769
-77.83
-77.825
-77.796
-77.764
-77.812
-77.836
-77.699
-77.682
-77.603
-77.642
-77.665
-77.576
-77.551
-77.532
-77.577
-77.673
-77.694
-77.599
-77.577
-77.555
-77.561
-77.562
-77.533
-77.524
-77.527
-77.492
-77.523
-77.603
-77.581
-77.622
-77.685
-77.699
-77.656
-77.692
-77.696
-77.717
-77.781
-77.744
-77.702
-77.621
-77.587
-77.588
-77.594
-77.668
-77.611
-77.574
-77.64
-77.603
-77.569
-77.596
-77.64
-77.675
-77.651
-77.71
-77.757
-77.746
-77.76
-77.733
-77.683
-77.709
-77.685
-77.731
-77.691
-77.711
-77.718
-77.695
-77.689
-77.711
-77.658
-77.661
-77.677
-77.633
-77.635
-77.681
-77.788
-77.839
-77.878
-77.829
-77.751
-77.833
-77.793
-77.711
-77.719
-77.626
-77.59
-77.674
-77.677
-77.631
-77.698
-77.666
-77.677
-77.671
-77.731
-77.625
-77.667
-77.738
-77.806
-77.906
-77.848
-77.903
-77.856
-77.822
-77.717
-77.732
-77.69
-77.654
-77.708
-77.656
-77.704
-77.631
-77.626
-77.689
-77.709
-77.743
-77.789
-77.76
-77.817
-77.876
-77.934
-77.858
-77.839
-77.816
-77.777
-77.752
-77.717
-77.741
-77.723
-77.839
-77.914
-77.929
-77.94
-77.988
-77.934
-77.905
-78.005
-78.129
-78.113
-78.085
-78.042
-78.013
-78.084
-78.017
-77.947
-77.897
-77.951
-77.969
-77.896
-77.983
-77.944
-77.858
-77.883
-77.893
-77.871
-77.918
-77.841
-77.808
-77.73
-77.791
-77.778
-77.784
-77.742
-77.661
-77.671
-77.628
-77.497
-77.452
-77.495
-77.454
-77.465
-77.451
-77.413
-77.35
-77.25
-77.207
-77.169
-77.172
-77.139
-77.157
-77.181
-77.092
-76.981
-77.009
-76.984
-76.987
-76.953
-76.879
-76.824
-76.82
-76.805
-76.669
-76.635
-76.595
-76.641
-76.602
-76.604
-76.618
-76.617
-76.685
-76.582
-76.632
-76.66
-76.643
-76.65
-76.504
-76.473
-76.441
-76.47
-76.534
-76.556
-76.646
-76.518
-76.556
-76.577
-76.595
-76.554
-76.56
-76.478
-76.401
-76.534
-76.501
-76.486
-76.51
-76.521
-76.484
-76.505
-76.486
-76.553
-76.559
-76.504
-76.538
-76.52
-76.487
-76.464
-76.54
-76.605
-76.697
-76.665
-76.699
-76.708
-76.659
-76.602
-76.636
-76.64
-76.591
-76.649
-76.6
-76.682
-76.712
-76.752
-76.763
-76.792
-76.793
-76.856
-76.927
-76.916
-76.902
-76.789
-76.764
-76.813
-76.845
-76.887
-76.929
-76.957
-76.914
-76.931
-76.854
-76.854
-76.923
-76.98
-77.003
-77.058
-77.032
-77.037
-76.958
-77.024
-77.038
-76.998
-76.986
-76.989
-76.969
-76.921
-76.904
-76.943
-76.919
-76.895
-76.81
-76.841
-76.902
-76.948
-76.972
-76.916
-76.944
-76.983
-77.006
-77.091
-77.106
-77.05
-77.04
-77.018
-77.046
-77.02
-76.956
-76.963
-77.002
-76.993
-77.094
-77.056
-77.109
-77.176
-77.158
-77.113
-77.157
-77.193
-77.263
-77.257
-77.287
-77.306
-77.327
-77.278
-77.33
-77.276
-77.262
-77.425
-77.415
-77.358
-77.366
-77.374
-77.305
-77.321
-77.384
-77.391
-77.393
-77.373
-77.331
-77.375
-77.358
-77.388
-77.346
-77.354
-77.446
-77.437
-77.403
-77.356
-77.368
-77.375
-77.364
-77.292
-77.336
-77.265
-77.322
-77.298
-77.309
-77.312
-77.248
-77.232
-77.208
-77.218
-77.259
-77.187
-77.08
-77.127
-77.106
-77.014
-77.047
-77.049
-77.058
-77.089
-77.216
-77.252
-77.161
-77.162
-77.102
-77.12
-77.182
-77.118
-77.135
-77.094
-77.072
-76.983
-76.954
-76.898
-76.855
-76.847
-76.878
-76.844
-76.881
-76.825
-76.801
-76.856
-76.939
-76.917
-76.966
-77.089
-77.051
-77.034
-77.04
-76.967
-76.95
-76.925
-76.942
-76.931
-76.9
-76.846
-76.94
-76.996
-76.97
-77.057
-77.182
-77.137
-77.15
-77.092
-77.081
-77.147
-77.127
-77.188
-77.079
-77.057
-77.104
-77.093
-77.067
-77.047
-77.02
-77.125
-77.182
-77.205
-77.173
-77.142
-77.141
-77.222
-77.242
-77.305
-77.246
-77.267
-77.328
-77.395
-77.417
-77.395
-77.493
-77.494
-77.383
-77.308
-77.341
-77.347
-77.278
-77.25
-77.188
-77.24
-77.216
-77.185
-77.194
-77.201
-77.234
-77.239
-77.321
-77.382
-77.426
-77.379
-77.379
-77.406
-77.439
-77.449
-77.432
-77.448
-77.537
-77.492
-77.52
-77.505
-77.547
-77.629
-77.652
-77.71
-77.649
-77.655
-77.657
-77.647
-77.637
-77.604
-77.71
-77.694
-77.723
-77.791
-77.708
-77.699
-77.713
-77.867
-77.869
-77.846
-77.862
-77.97
-78.006
-78.106
-78.151
-78.144
-78.058
-78.022
-78.023
-77.989
-77.952
-77.827
-77.872
-77.873
-77.876
-77.851
-77.868
-77.885
-77.937
-77.898
-77.958
-78.029
-77.988
-78
-78.06
-78.12
-78.132
-78.164
-78.133
-78.189
-78.143
-78.115
-78.004
-78.025
-78.045
-77.975
-77.989
-78.038
-78.049
-78.105
-78.058
-78.027
-78.093
-78.164
-78.212
-78.238
-78.223
-78.185
-78.097
-78.135
-78.086
-78.132
-78.15
-78.2
-78.188
-78.188
-78.134
-78.133
-78.093
-78.046
-77.991
-78.053
-78.022
-78.053
-78.002
-78.075
-78.043
-77.909
-77.878
-77.866
-77.881
-77.879
-77.899
-77.961
-77.874
-77.817
-77.844
-77.817
-77.858
-77.708
-77.673
-77.74
-77.686
-77.674
-77.714
-77.673
-77.692
-77.559
-77.588
-77.46
-77.451
-77.48
-77.522
-77.446
-77.45
-77.509
-77.462
-77.466
-77.331
-77.277
-77.163
-77.132
-77.131
-77.077
-77.008
-76.962
-76.908
-76.934
-76.841
-76.864
-76.895
-76.919
-76.857
-76.71
-76.66
-76.716
-76.711
-76.682
-76.566
-76.618
-76.657
-76.665
-76.718
-76.794
-76.842
-76.793
-76.657
-76.694
-76.613
-76.635
-76.613
-76.614
-76.584
-76.605
-76.592
-76.674
-76.73
-76.713
-76.649
-76.575
-76.543
-76.549
-76.48
-76.479
-76.413
-76.465
-76.428
-76.435
-76.473
-76.449
-76.398
-76.533
-76.667
-76.675
-76.724
-76.749
-76.813
-76.932
-77.051
-77.084
-77.071
-77.095
-77.014
-76.977
-77.009
-76.957
-76.963
-76.983
-76.954
-77.058
-77.086
-77.125
-77.197
-77.31
-77.361
-77.429
-77.386
-77.471
-77.502
-77.426
-77.546
-77.526
-77.549
-77.586
-77.665
-77.716
-77.743
-77.897
-77.913
-77.853
-77.922
-78.006
-78.103
-78.195
-78.262
-78.329
-78.258
-78.29
-78.239
-78.302
-78.355
-78.297
-78.251
-78.249
-78.18
-78.224
-78.252
-78.273
-78.324
-78.307
-78.299
-78.292
-78.309
-78.354
-78.416
-78.399
-78.396
-78.462
-78.389
-78.35
-78.377
-78.491
-78.561
-78.637
-78.595
-78.587
-78.609
-78.671
-78.725
-78.797
-78.792
-78.79
-78.739
-78.696
-78.663
-78.644
-78.587
-78.59
-78.616
-78.664
-78.717
-78.712
-78.765
-78.767
-78.707
-78.724
-78.624
-78.603
-78.56
-78.536
-78.578
-78.612
-78.596
-78.495
-78.375
-78.455
-78.468
-78.447
-78.446
-78.392
-78.354
-78.412
-78.362
-78.377
-78.48
-78.508
-78.57
-78.574
-78.589
-78.635
-78.758
-78.762
-78.792
-78.775
-78.774
-78.75
-78.66
-78.681
-78.836
-78.918
-78.933
-78.834
-78.862
-78.972
-79.024
-79.017
-79.015
-78.882
-78.877
-78.933
-78.93
-78.937
-78.962
-78.981
-79.038
-78.968
-78.953
-79.005
-79.027
-79.089
-78.993
-79.058
-79.146
-79.085
-79.081
-79.045
-79.1
-79.001
-78.99
-79.028
-79.061
-79.158
-79.144
-79.128
-79.126
-79.075
-79.075
-79.015
-79.015
-79.102
-79.037
-79.062
-79.033
-79.012
-78.926
-78.914
-78.859
-78.864
-78.914
-79.005
-79.047
-79.004
-79.113
-79.119
-79.133
-79.199
-79.225
-79.195
-79.138
-79.114
-79.053
-79.011
-79.02
-78.98
-78.955
-78.939
-78.957
-79.012
-79.032
-79.069
-79.015
-78.954
-78.96
-79.068
-79.093
-79.09
-79.139
-79.194
-79.22
-79.22
-79.219
-79.194
-79.193
-79.126
-79.185
-79.282
-79.26
-79.253
-79.336
-79.307
-79.2
-79.211
-79.189
-79.176
-79.144
-79.183
-79.164
-79.162
-79.094
-79.148
-79.139
-79.266
-79.308
-79.299
-79.339
-79.397
-79.351
-79.424
-79.382
-79.382
-79.397
-79.371
-79.342
-79.318
-79.324
-79.363
-79.353
-79.355
-79.363
-79.352
-79.336
-79.338
-79.344
-79.249
-79.292
-79.326
-79.34
-79.309
-79.272
-79.249
-79.227
-79.198
-79.225
-79.151
-79.066
-79.135
-79.123
-79.172
-79.238
-79.201
-79.221
-79.296
-79.258
-79.172
-79.188
-79.173
-79.152
-79.169
-79.113
-79.12
-79.229
-79.222
-79.192
-79.112
-79.209
-79.13
-79.169
-79.227
-79.209
-79.222
-79.336
-79.275
-79.25
-79.209
-79.191
-79.224
-79.27
-79.15
-79.223
-79.222
-79.204
-79.152
-79.126
-79.03
-79.041
-79.031
-79.078
-79.093
-79.18
-79.148
-79.079
-79.037
-79.085
-79.023
-79.005
-78.944
-78.882
-78.836
-78.733
-78.778
-78.759
-78.839
-78.775
-78.78
-78.779
-78.747
-78.694
-78.703
-78.621
-78.497
-78.457
-78.53
-78.475
-78.424
-78.5
-78.549
-78.522
-78.548
-78.617
-78.62
-78.638
-78.598
-78.554
-78.584
-78.551
-78.452
-78.497
-78.514
-78.621
-78.532
-78.643
-78.637
-78.608
-78.712
-78.821
-78.731
-78.71
-78.691
-78.612
-78.524
-78.511
-78.531
-78.521
-78.522
-78.581
-78.527
-78.481
-78.558
-78.652
-78.57
-78.619
-78.674
-78.703
-78.768
-78.812
-78.81
-78.747
-78.679
-78.709
-78.779
-78.723
-78.82
-78.793
-78.859
-78.865
-78.899
-78.833
-78.818
-78.813
-78.843
-78.788
-78.826
-78.738
-78.717
-78.653
-78.542
-78.533
-78.583
-78.653
-78.613
-78.626
-78.664
-78.713
-78.668
-78.683
-78.718
-78.724
-78.7
-78.673
-78.693
-78.653
-78.763
-78.736
-78.775
-78.818
-78.821
-78.786
-78.853
-78.926
-78.887
-78.892
-78.832
-78.891
-78.896
-78.892
-78.945
-78.957
-78.995
-79.071
-79.193
-79.222
-79.151
-79.192
-79.183
-79.201
-79.121
-79.052
-79
-79.052
-79.073
-79.082
-79.034
-79.14
-79.177
-79.043
-79.002
-79.082
-79.027
-79.036
-78.992
-78.972
-78.915
-78.939
-78.909
-78.982
-79.058
-79.009
-79.05
-79.032
-78.939
-78.821
-78.842
-78.734
-78.751
-78.731
-78.668
-78.717
-78.738
-78.658
-78.66
-78.66
-78.655
-78.667
-78.729
-78.786
-78.752
-78.773
-78.798
-78.8
-78.765
-78.828
-78.821
-78.867
-78.925
-78.926
-78.896
-78.921
-78.945
-78.959
-79.017
-78.987
-78.98
-79.077
-78.999
-79.086
-79.206
-79.265
-79.184
-79.191
-79.236
-79.196
-79.182
-79.139
-79.178
-79.183
-79.225
-79.248
-79.311
-79.271
-79.237
-79.198
-79.249
-79.283
-79.303
-79.332
-79.374
-79.341
-79.264
-79.301
-79.312
-79.244
-79.169
-79.174
-79.136
-79.082
-79.084
-79.064
-78.945
-78.906
-78.932
-78.954
-79.006
-78.953
-78.902
-78.823
-78.825
-78.916
-78.898
-78.824
-78.89
-78.963
-79.021
-79.058
-79.083
-79.095
-79.112
-79.019
-78.873
-78.831
-78.833
-78.834
-78.824
-78.749
-78.663
-78.652
-78.657
-78.596
-78.6
-78.602
-78.559
-78.493
-78.496
-78.41
-78.371
-78.367
-78.396
-78.347
-78.309
-78.259
-78.249
-78.176
-78.134
-78.137
-78.177
-78.075
-78.039
-77.949
-77.972
-77.974
-77.968
-78.003
-77.959
-77.992
-77.973
-77.951
-77.956
-77.923
-77.942
-77.987
-78.06
-78.074
-78.065
-78.023
-77.991
-77.992
-77.96
-77.977
-78.005
-78.029
-78.056
-78.038
-78.087
-78.036
-78.064
-78.143
-78.224
-78.251
-78.217
-78.273
-78.272
-78.317
-78.41
-78.412
-78.514
-78.532
-78.508
-78.505
-78.602
-78.626
-78.613
-78.635
-78.566
-78.624
-78.649
-78.669
-78.699
-78.633
-78.617
-78.614
-78.651
-78.791
-78.779
-78.822
-78.834
-78.867
-78.892
-78.852
-78.817
-78.836
-78.889
-78.85
-78.807
-78.793
-78.774
-78.879
-78.988
-79.006
-79.093
-79.009
-78.941
-78.936
-78.929
-78.93
-78.984
-79.039
-79.049
-79.059
-78.994
-79.064
-79.113
-79.104
-79.193
-79.252
-79.332
-79.327
-79.334
-79.374
-79.354
-79.259
-79.278
-79.249
-79.264
-79.327
-79.357
-79.313
-79.328
-79.255
-79.199
-79.184
-79.265
-79.305
-79.322
-79.273
-79.275
-79.214
-79.259
-79.28
-79.231
-79.323
-79.239
-79.289
-79.269
-79.278
-79.301
-79.371
-79.447
-79.466
-79.355
-79.397
-79.444
-79.383
-79.422
-79.486
-79.5
-79.522
-79.612
-79.56
-79.622
-79.542
-79.427
-79.47
-79.417
-79.297
-79.24
-79.274
-79.286
-79.216
-79.185
-79.162
-79.17
-79.217
-79.301
-79.351
-79.357
-79.43
-79.421
-79.472
-79.405
-79.411
-79.317
-79.347
-79.451
-79.4
-79.48
-79.494
-79.422
-79.458
-79.418
-79.48
-79.457
-79.396
-79.468
-79.51
-79.468
-79.468
-79.457
-79.45
-79.445
-79.37
-79.239
-79.244
-79.284
-79.225
-79.277
-79.307
-79.326
-79.308
-79.206
-79.311
-79.223
-79.192
-79.209
-79.275
-79.253
-79.208
-79.271
-79.288
-79.31
-79.302
-79.298
-79.292
-79.282
-79.237
-79.157
-79.19
-79.235
-79.259
-79.177
-79.199
-79.256
-79.207
-79.193
-79.242
-79.287
-79.242
-79.28
-79.328
-79.337
-79.448
-79.398
-79.276
-79.29
-79.248
-79.294
-79.31
-79.37
-79.237
-79.158
-79.224
-79.205
-79.238
-79.239
-79.188
-79.143
-79.081
-79.096
-79.108
-79.207
-79.228
-79.186
-79.25
-79.302
-79.183
-79.086
-79.129
-79.125
-79.18
-79.188
-79.236
-79.15
-79.197
-79.209
-79.184
-79.166
-79.062
-79.167
-79.209
-79.171
-79.263
-79.247
-79.21
-79.265
-79.26
-79.285
-79.325
-79.302
-79.235
-79.244
-79.319
-79.265
-79.331
-79.347
-79.342
-79.356
-79.393
-79.299
-79.261
-79.297
-79.279
-79.305
-79.394
-79.462
-79.436
-79.477
-79.457
-79.411
-79.373
-79.421
-79.487
-79.398
-79.493
-79.488
-79.467
-79.441
-79.436
-79.499
-79.529
-79.506
-79.493
-79.539
-79.553
-79.654
-79.665
-79.529
-79.522
-79.546
-79.479
-79.527
-79.645
-79.564
-79.482
-79.456
-79.519
-79.561
-79.629
-79.602
-79.625
-79.609
-79.601
-79.583
-79.525
-79.529
-79.463
-79.513
-79.508
-79.537
-79.589
-79.566
-79.547
-79.649
-79.679
-79.663
-79.747
-79.661
-79.707
-79.78
-79.672
-79.759
-79.758
-79.713
-79.785
-79.829
-79.906
-79.853
-79.888
-79.945
-79.955
-79.859
-79.826
-79.754
-79.734
-79.825
-79.925
-79.818
-79.795
-79.758
-79.74
-79.782
-79.845
-79.882
-79.946
-80.006
-80.008
-79.993
-79.991
-79.902
-79.885
-79.915
-79.883
-79.922
-79.87
-79.856
-79.797
-79.839
-79.847
-79.876
-79.902
-79.91
-79.944
-79.933
-79.985
-79.976
-79.972
-79.929
-80
-80
-79.961
-79.854
-79.794
-79.772
-79.81
-79.745
-79.648
-79.654
-79.686
-79.637
-79.708
-79.687
-79.713
-79.773
-79.784
-79.827
-79.815
-79.885
-79.84
-79.852
-79.802
-79.767
-79.758
-79.791
-79.849
-79.896
-79.855
-79.883
-79.895
-79.939
-79.899
-79.92
-79.865
-79.849
-79.848
-79.819
-79.725
-79.736
-79.671
-79.751
-79.785
-79.831
-79.835
-79.836
-79.872
-79.853
-79.775
-79.752
-79.846
-79.778
-79.775
-79.796
-79.693
-79.712
-79.662
-79.629
-79.588
-79.544
-79.584
-79.556
-79.652
-79.681
-79.694
-79.663
-79.736
-79.677
-79.667
-79.717
-79.74
-79.703
-79.579
-79.546
-79.615
-79.678
-79.7
-79.724
-79.715
-79.765
-79.794
-79.742
-79.954
-79.985
-80.003
-79.968
-79.938
-79.869
-79.917
-79.808
-79.74
-79.754
-79.741
-79.69
-79.679
-79.686
-79.675
-79.731
-79.825
-79.87
-79.932
-79.928
-79.847
-79.868
-79.843
-79.816
-79.755
-79.82
-79.815
-79.846
-79.839
-79.793
-79.729
-79.806
-79.794
-79.753
-79.776
-79.724
-79.788
-79.716
-79.656
-79.568
-79.56
-79.59
-79.607
-79.64
-79.632
-79.685
-79.704
-79.615
-79.664
-79.631
-79.671
-79.684
-79.646
-79.637
-79.709
-79.666
-79.628
-79.658
-79.661
-79.656
-79.584
-79.644
-79.706
-79.593
-79.551
-79.646
-79.646
-79.6
-79.642
-79.642
-79.696
-79.68
-79.703
-79.65
-79.63
-79.609
-79.62
-79.646
-79.671
-79.69
-79.618
-79.627
-79.738
-79.779
-79.751
-79.714
-79.72
-79.773
-79.791
-79.754
-79.769
-79.766
-79.694
-79.79
-79.836
-79.798
-79.745
-79.672
-79.691
-79.751
-79.746
-79.704
-79.733
-79.791
-79.788
-79.736
-79.731
-79.703
-79.578
-79.609
-79.563
-79.505
-79.457
-79.463
-79.585
-79.61
-79.509
-79.518
-79.574
-79.588
-79.498
-79.475
-79.548
-79.471
-79.487
-79.507
-79.476
-79.434
-79.382
-79.327
-79.377
-79.356
-79.312
-79.301
-79.32
-79.257
-79.306
-79.384
-79.372
-79.29
-79.217
-79.104
-79.059
-79.014
-79.066
-79.18
-79.19
-79.143
-79.07
-79.119
-79.023
-79.113
-79.094
-79.033
-78.977
-78.984
-78.947
-78.914
-78.977
-78.802
-78.741
-78.726
-78.716
-78.693
-78.688
-78.75
-78.8
-78.691
-78.747
-78.725
-78.739
-78.805
-78.818
-78.815
-78.786
-78.792
-78.736
-78.744
-78.781
-78.745
-78.74
-78.754
-78.834
-78.834
-78.86
-78.863
-78.849
-78.914
-78.824
-78.874
-78.887
-78.802
-78.79
-78.913
-78.991
-79.069
-79.077
-78.981
-79.112
-79.071
-79.035
-79.018
-79.058
-79.026
-78.914
-78.875
-78.946
-78.901
-78.789
-78.779
-78.797
-78.789
-78.82
-78.794
-78.797
-78.897
-78.803
-78.82
-78.823
-78.842
-78.824
-78.781
-78.769
-78.743
-78.728
-78.72
-78.641
-78.634
-78.632
-78.591
-78.519
-78.53
-78.583
-78.681
-78.776
-78.799
-78.735
-78.733
-78.709
-78.738
-78.759
-78.749
-78.775
-78.761
-78.704
-78.742
-78.71
-78.799
-78.834
-78.871
-78.779
-78.715
-78.751
-78.799
-78.786
-78.776
-78.847
-78.834
-78.887
-78.824
-78.889
-78.953
-78.943
-78.951
-78.952
-78.911
-78.96
-78.884
-78.956
-78.995
-79.017
-79.033
-79.048
-79.042
-79.145
-79.181
-79.121
-79.077
-79.06
-79.043
-78.989
-78.978
-78.963
-78.842
-78.829
-78.788
-78.689
-78.648
-78.69
-78.677
-78.598
-78.586
-78.663
-78.683
-78.711
-78.805
-78.883
-78.937
-78.996
-78.988
-78.981
-79.014
-79.123
-79.105
-79.179
-79.219
-79.254
-79.236
-79.276
-79.147
-79.13
-79.108
-79.149
-79.05
-79.067
-79.172
-79.209
-79.275
-79.256
-79.361
-79.394
-79.356
-79.294
-79.258
-79.327
-79.391
-79.422
-79.456
-79.432
-79.391
-79.457
-79.443
-79.418
-79.37
-79.379
-79.406
-79.443
-79.375
-79.266
-79.252
-79.271
-79.368
-79.405
-79.384
-79.396
-79.486
-79.407
-79.323
-79.23
-79.177
-79.222
-79.227
-79.17
-79.258
-79.181
-79.156
-79.154
-79.168
-79.267
-79.268
-79.273
-79.213
-79.168
-79.088
-79.062
-79.056
-79.123
-79.124
-79.14
-79.174
-79.156
-79.17
-79.12
-79.163
-79.25
-79.319
-79.328
-79.274
-79.275
-79.298
-79.201
-79.18
-79.119
-79.08
-79.096
-79.04
-79.018
-79.018
-78.952
-78.939
-78.987
-78.963
-78.986
-78.991
-79.016
-78.985
-78.958
-79.005
-78.896
-78.715
-78.708
-78.636
-78.539
-78.55
-78.549
-78.57
-78.494
-78.457
-78.421
-78.468
-78.458
-78.441
-78.37
-78.278
-78.221
-78.236
-78.239
-78.187
-78.106
-78.081
-78.054
-78.062
-78.061
-78.036
-78.033
-77.995
-78.021
-78.046
-78.12
-78.088
-78.171
-78.128
-78.097
-78.002
-77.982
-77.98
-78.06
-78.071
-78.028
-78.07
-78.031
-78.021
-77.905
-77.846
-77.895
-77.868
-77.955
-78.012
-77.964
-77.974
-77.89
-77.952
-77.85
-77.877
-77.93
-77.851
-77.823
-77.812
-77.891
-77.953
-77.958
-78.021
-77.958
-77.98
-78.048
-78.078
-78.052
-77.974
-78.061
-78.053
-78.162
-78.16
-78.213
-78.207
-78.14
-78.211
-78.179
-78.187
-78.234
-78.212
-78.263
-78.254
-78.273
-78.306
-78.354
-78.388
-78.313
-78.3
-78.274
-78.272
-78.203
-78.207
-78.102
-78.107
-78.108
-78.128
-78.183
-78.232
-78.147
-78.106
-78.179
-78.219
-78.171
-78.12
-78.129
-78.085
-78.134
-78.156
-78.201
-78.176
-78.226
-78.179
-78.208
-78.133
-78.199
-78.249
-78.201
-78.212
-78.296
-78.263
-78.221
-78.189
-78.286
-78.176
-78.192
-78.202
-78.252
-78.16
-78.168
-78.182
-78.191
-78.153
-78.181
-78.222
-78.138
-78.188
-78.175
-78.18
-78.179
-78.16
-78.142
-78.123
-78.168
-78.134
-78.112
-78.118
-78.089
-78.062
-78.133
-78.131
-78.173
-78.164
-78.104
-78.106
-78.147
-78.201
-78.207
-78.192
-78.241
-78.251
-78.22
-78.176
-78.149
-78.139
-78.168
-78.169
-78.18
-78.218
-78.223
-78.192
-78.233
-78.314
-78.278
-78.316
-78.427
-78.465
-78.441
-78.461
-78.489
-78.492
-78.444
-78.363
-78.308
-78.274
-78.238
-78.291
-78.301
-78.301
-78.245
-78.268
-78.313
-78.258
-78.345
-78.38
-78.338
-78.376
-78.308
-78.361
-78.334
-78.314
-78.366
-78.377
-78.359
-78.369
-78.373
-78.482
-78.448
-78.51
-78.484
-78.558
-78.611
-78.642
-78.666
-78.738
-78.73
-78.751
-78.685
-78.65
-78.608
-78.574
-78.506
-78.515
-78.409
-78.395
-78.403
-78.354
-78.334
-78.356
-78.276
-78.336
-78.442
-78.395
-78.394
-78.405
-78.264
-78.215
-78.244
-78.233
-78.104
-78.083
-78.087
-78.04
-78.064
-77.96
-77.975
-78.02
-78.039
-78.007
-78.024
-77.974
-77.878
-77.815
-77.676
-77.623
-77.529
-77.499
-77.522
-77.5
-77.472
-77.446
-77.376
-77.33
-77.339
-77.333
-77.335
-77.317
-77.398
-77.376
-77.387
-77.305
-77.258
-77.264
-77.3
-77.311
-77.287
-77.299
-77.26
-77.175
-77.106
-77.175
-77.182
-77.155
-77.033
-76.974
-76.969
-76.857
-76.751
-76.88
-76.901
-76.972
-77
-76.956
-76.947
-76.954
-76.959
-76.972
-76.971
-76.899
-76.959
-76.896
-76.901
-76.973
-77.065
-77.15
-77.213
-77.233
-77.249
-77.202
-77.222
-77.201
-77.108
-77.044
-77.028
-77.08
-77.166
-77.134
-77.109
-77.16
-77.166
-77.206
-77.185
-77.185
-77.218
-77.201
-77.15
-77.125
-77.169
-77.263
-77.186
-77.083
-77.075
-77.113
-77.218
-77.177
-77.166
-77.092
-77.082
-77.071
-76.973
-77.073
-77.025
-77.027
-76.973
-76.903
-77.018
-77.04
-77.093
-77.187
-77.215
-77.297
-77.28
-77.28
-77.31
-77.377
-77.396
-77.5
-77.491
-77.389
-77.248
-77.366
-77.368
-77.355
-77.281
-77.298
-77.296
-77.376
-77.451
-77.481
-77.474
-77.507
-77.65
-77.62
-77.602
-77.61
-77.635
-77.559
-77.516
-77.478
-77.504
-77.599
-77.623
-77.653
-77.598
-77.595
-77.634
-77.644
-77.69
-77.681
-77.664
-77.661
-77.547
-77.483
-77.497
-77.506
-77.486
-77.467
-77.549
-77.546
-77.643
-77.646
-77.651
-77.611
-77.616
-77.678
-77.795
-77.664
-77.581
-77.626
-77.651
-77.651
-77.625
-77.5
-77.453
-77.481
-77.51
-77.597
-77.614
-77.512
-77.51
-77.436
-77.37
-77.4
-77.405
-77.399
-77.445
-77.39
-77.389
-77.404
-77.364
-77.412
-77.398
-77.451
-77.404
-77.387
-77.408
-77.392
-77.464
-77.451
-77.54
-77.634
-77.649
-77.671
-77.666
-77.718
-77.692
-77.662
-77.776
-77.792
-77.806
-77.86
-77.905
-77.978
-77.904
-77.897
-77.903
-78.032
-78.155
-78.146
-78.162
-78.11
-78.158
-78.214
-78.183
-78.111
-78.186
-78.22
-78.219
-78.211
-78.186
-78.237
-78.226
-78.21
-78.083
-78.142
-78.109
-78.097
-78.146
-78.074
-78.026
-78.007
-77.999
-77.968
-77.895
-77.984
-78.014
-78.089
-78.045
-78.065
-78.05
-78.1
-78.152
-78.18
-78.254
-78.224
-78.351
-78.445
-78.474
-78.401
-78.398
-78.399
-78.429
-78.4
-78.441
-78.463
-78.475
-78.534
-78.533
-78.476
-78.469
-78.431
-78.459
-78.439
-78.47
-78.528
-78.429
-78.469
-78.407
-78.492
-78.468
-78.457
-78.419
-78.393
-78.353
-78.442
-78.423
-78.415
-78.379
-78.273
-78.269
-78.238
-78.206
-78.285
-78.289
-78.234
-78.141
-78.111
-78.102
-78.114
-78.132
-78.099
-78.175
-78.082
-78.067
-78.178
-78.208
-78.274
-78.319
-78.283
-78.305
-78.376
-78.492
-78.361
-78.39
-78.408
-78.421
-78.357
-78.304
-78.28
-78.254
-78.195
-78.133
-78.107
-78.122
-78.13
-78.073
-78.092
-78.092
-78.184
-78.223
-78.209
-78.22
-78.295
-78.324
-78.347
-78.308
-78.31
-78.374
-78.441
-78.485
-78.541
-78.522
-78.609
-78.665
-78.689
-78.767
-78.678
-78.66
-78.724
-78.727
-78.742
-78.701
-78.629
-78.589
-78.559
-78.597
-78.632
-78.704
-78.655
-78.769
-78.774
-78.775
-78.786
-78.778
-78.843
-78.873
-78.814
-78.795
-78.73
-78.695
-78.75
-78.78
-78.754
-78.82
-78.843
-78.836
-78.802
-78.774
-78.75
-78.752
-78.738
-78.785
-78.767
-78.713
-78.731
-78.821
-78.798
-78.792
-78.78
-78.783
-78.781
-78.682
-78.638
-78.615
-78.661
-78.662
-78.622
-78.561
-78.649
-78.686
-78.71
-78.724
-78.727
-78.729
-78.771
-78.77
-78.889
-78.884
-78.883
-78.787
-78.848
-78.864
-78.843
-78.859
-78.864
-78.91
-78.944
-78.919
-78.946
-78.935
-78.959
-79.025
-78.988
-78.988
-79.059
-79.075
-79.078
-79.062
-79.134
-79.155
-79.147
-79.178
-79.237
-79.254
-79.187
-79.077
-79.1
-79.126
-79.184
-79.214
-79.23
-79.141
-79.12
-79.085
-79.114
-79.135
-79.232
-79.25
-79.275
-79.303
-79.405
-79.412
-79.516
-79.466
-79.415
-79.43
-79.477
-79.443
-79.428
-79.498
-79.49
-79.482
-79.447
-79.43
-79.452
-79.454
-79.471
-79.382
-79.479
-79.424
-79.428
-79.373
-79.329
-79.378
-79.43
-79.489
-79.527
-79.518
-79.517
-79.555
-79.543
-79.564
-79.576
-79.689
-79.666
-79.668
-79.665
-79.654
-79.714
-79.685
-79.69
-79.75
-79.693
-79.626
-79.659
-79.619
-79.672
-79.67
-79.614
-79.681
-79.765
-79.748
-79.716
-79.682
-79.671
-79.64
-79.668
-79.759
-79.686
-79.686
-79.761
-79.715
-79.7
-79.732
-79.733
-79.729
-79.646
-79.572
-79.611
-79.515
-79.536
-79.597
-79.583
-79.621
-79.667
-79.619
-79.648
-79.693
-79.643
-79.617
-79.668
-79.665
-79.719
-79.686
-79.63
-79.629
-79.701
-79.77
-79.874
-79.814
-79.744
-79.7
-79.749
-79.692
-79.697
-79.774
-79.716
-79.802
-79.732
-79.767
-79.725
-79.743
-79.735
-79.676
-79.589
-79.697
-79.678
-79.667
-79.733
-79.782
-79.797
-79.766
-79.68
-79.73
-79.698
-79.718
-79.727
-79.725
-79.787
-79.858
-79.831
-79.878
-79.903
-79.924
-79.849
-79.864
-79.834
-79.816
-79.771
-79.725
-79.757
-79.732
-79.722
-79.764
-79.677
-79.661
-79.666
-79.668
-79.675
-79.714
-79.663
-79.695
-79.646
-79.648
-79.647
-79.63
-79.59
-79.646
-79.692
-79.759
-79.77
-79.691
-79.622
-79.634
-79.678
-79.639
-79.669
-79.64
-79.669
-79.596
-79.577
-79.558
-79.631
-79.694
-79.85
-79.849
-79.752
-79.745
-79.717
-79.747
-79.718
-79.786
-79.745
-79.747
-79.724
-79.703
-79.695
-79.642
-79.556
-79.659
-79.637
-79.739
-79.832
-79.801
-79.943
-79.872
-79.922
-80.071
-80.126
-80.24
-80.18
-80.315
-80.389
-80.341
-80.353
-80.433
-80.424
-80.451
-80.427
-80.431
-80.41
-80.317
-80.271
-80.253
-80.233
-80.226
-80.274
-80.308
-80.227
-80.256
-80.242
-80.232
-80.186
-80.121
-80.164
-80.152
-80.106
-80.057
-80.043
-80.123
-80.204
-80.214
-80.173
-80.245
-80.185
-80.218
-80.195
-80.212
-80.191
-80.11
-80.105
-80.17
-80.197
-80.275
-80.27
-80.194
-80.185
-80.116
-80.119
-80.05
-80.073
-80.061
-80.128
-80.106
-80.124
-80.128
-80.149
-80.114
-80.097
-80.167
-80.173
-80.117
-80.136
-80.17
-80.191
-80.248
-80.332
-80.419
-80.328
-80.51
-80.502
-80.504
-80.499
-80.514
-80.428
-80.395
-80.294
-80.37
-80.192
-80.187
-80.279
-80.188
-80.101
-80.133
-80.075
-80.027
-79.959
-79.979
-80.085
-80.092
-80.068
-80.171
-80.135
-80.167
-80.127
-80.08
-80.047
-79.99
-79.971
-79.886
-79.922
-79.998
-80.035
-80.066
-80.081
-80.06
-80.085
-80.012
-80.021
-80.028
-80.045
-80.119
-80.095
-80.059
-80.067
-80.084
-80.078
-80.088
-80.137
-80.087
-80.011
-80.067
-79.984
-79.984
-79.892
-79.861
-79.938
-79.859
-79.865
-79.837
-79.829
-79.828
-79.751
-79.697
-79.733
-79.613
-79.575
-79.588
-79.523
-79.456
-79.471
-79.544
-79.498
-79.474
-79.469
-79.51
-79.417
-79.468
-79.4
-79.405
-79.399
-79.382
-79.35
-79.366
-79.382
-79.375
-79.421
-79.314
-79.262
-79.251
-79.246
-79.306
-79.321
-79.228
-79.275
-79.269
-79.265
-79.361
-79.332
-79.367
-79.412
-79.408
-79.359
-79.34
-79.36
-79.357
-79.381
-79.462
-79.534
-79.532
-79.527
-79.485
-79.474
-79.463
-79.612
-79.55
-79.532
-79.507
-79.539
-79.46
-79.446
-79.368
-79.373
-79.415
-79.362
-79.368
-79.396
-79.459
-79.493
-79.512
-79.548
-79.518
-79.471
-79.461
-79.478
-79.49
-79.491
-79.491
-79.533
-79.502
-79.525
-79.555
-79.601
-79.516
-79.506
-79.397
-79.386
-79.408
-79.314
-79.197
-79.286
-79.272
-79.219
-79.161
-79.168
-79.168
-79.181
-79.135
-79.193
-79.269
-79.377
-79.395
-79.45
-79.48
-79.449
-79.494
-79.442
-79.433
-79.36
-79.476
-79.497
-79.449
-79.502
-79.415
-79.416
-79.319
-79.312
-79.415
-79.378
-79.391
-79.331
-79.36
-79.391
-79.276
-79.225
-79.327
-79.335
-79.315
-79.301
-79.259
-79.339
-79.377
-79.35
-79.341
-79.357
-79.417
-79.403
-79.421
-79.399
-79.39
-79.353
-79.341
-79.321
-79.276
-79.307
-79.266
-79.272
-79.291
-79.269
-79.2
-79.206
-79.231
-79.16
-79.26
-79.202
-79.093
-79.004
-78.926
-78.914
-78.952
-78.95
-78.912
-78.82
-78.895
-78.803
-78.797
-78.728
-78.689
-78.689
-78.775
-78.791
-78.802
-78.811
-78.848
-78.791
-78.809
-78.811
-78.768
-78.891
-79.019
-79.022
-78.976
-78.995
-78.951
-78.941
-78.957
-79.011
-79.017
-79.108
-79.033
-79.045
-79.009
-78.944
-78.96
-78.917
-78.968
-79.003
-79.055
-79.027
-79
-79.019
-78.978
-79.08
-79.093
-79.027
-79.024
-79.207
-79.178
-79.16
-79.225
-79.238
-79.272
-79.283
-79.358
-79.381
-79.482
-79.548
-79.514
-79.519
-79.525
-79.565
-79.541
-79.514
-79.608
-79.619
-79.592
-79.482
-79.478
-79.438
-79.454
-79.458
-79.455
-79.506
-79.589
-79.579
-79.593
-79.592
-79.623
-79.709
-79.721
-79.672
-79.752
-79.724
-79.721
-79.743
-79.788
-79.813
-79.89
-79.911
-79.872
-79.975
-79.98
-79.987
-79.956
-79.873
-79.856
-79.834
-79.741
-79.735
-79.777
-79.899
-79.945
-79.881
-79.847
-79.818
-79.905
-79.968
-80.078
-80.191
-80.214
-80.162
-80.198
-80.229
-80.19
-80.151
-80.236
-80.317
-80.387
-80.366
-80.396
-80.421
-80.492
-80.598
-80.661
-80.689
-80.725
-80.755
-80.792
-80.738
-80.701
-80.737
-80.738
-80.78
-80.704
-80.687
-80.781
-80.802
-80.749
-80.721
-80.659
-80.586
-80.62
-80.568
-80.603
-80.497
-80.533
-80.421
-80.33
-80.354
-80.425
-80.4
-80.384
-80.323
-80.326
-80.314
-80.34
-80.392
-80.378
-80.355
-80.33
-80.354
-80.303
-80.394
-80.364
-80.299
-80.305
-80.342
-80.261
-80.262
-80.331
-80.349
-80.34
-80.339
-80.377
-80.352
-80.417
-80.437
-80.479
-80.554
-80.538
-80.575
-80.539
-80.609
-80.664
-80.629
-80.57
-80.45
-80.494
-80.461
-80.41
-80.399
-80.307
-80.308
-80.259
-80.247
-80.396
-80.445
-80.387
-80.359
-80.343
-80.404
-80.421
-80.283
-80.231
-80.181
-80.279
-80.235
-80.203
-80.124
-80.12
-80.174
-80.219
-80.177
-80.132
-80.107
-80.089
-79.964
-79.952
-80.055
-80.055
-79.995
-79.949
-79.93
-79.972
-79.991
-80.029
-80.031
-80.016
-80.014
-79.965
-79.888
-80.016
-80.076
-80.185
-80.159
-80.132
-80.132
-80.165
-80.101
-80.09
-80.151
-80.098
-80.145
-80.153
-80.18
-80.153
-80.099
-80.111
-80.072
-80.157
-80.175
-80.233
-80.248
-80.21
-80.241
-80.173
-80.154
-80.163
-80.182
-80.212
-80.303
-80.312
-80.365
-80.451
-80.533
-80.498
-80.472
-80.486
-80.541
-80.459
-80.508
-80.537
-80.381
-80.364
-80.316
-80.226
-80.195
-80.216
-80.238
-80.351
-80.449
-80.392
-80.413
-80.348
-80.246
-80.262
-80.255
-80.293
-80.288
-80.286
-80.321
-80.3
-80.272
-80.105
-80.036
-80.069
-80.035
-80.056
-79.941
-79.952
-79.78
-79.855
-79.944
-79.947
-79.953
-79.881
-79.763
-79.71
-79.693
-79.574
-79.656
-79.813
-79.838
-79.916
-79.888
-79.887
-79.846
-79.792
-79.846
-79.796
-79.795
-79.648
-79.673
-79.71
-79.681
-79.623
-79.613
-79.65
-79.623
-79.539
-79.559
-79.544
-79.618
-79.649
-79.638
-79.682
-79.692
-79.756
-79.737
-79.812
-79.802
-79.837
-79.797
-79.846
-79.884
-79.861
-79.921
-79.872
-79.874
-79.977
-79.989
-79.999
-80.091
-80.161
-80.16
-80.123
-80.003
-80.002
-79.908
-79.969
-79.96
-79.886
-79.791
-79.816
-79.807
-79.836
-79.828
-79.823
-79.807
-79.861
-79.891
-79.968
-79.949
-80.027
-80.158
-80.152
-80.208
-80.182
-80.17
-80.184
-80.158
-80.21
-80.265
-80.217
-80.218
-80.221
-80.197
-80.145
-80.188
-80.259
-80.375
-80.469
-80.542
-80.527
-80.54
-80.567
-80.62
-80.516
-80.552
-80.581
-80.541
-80.549
-80.471
-80.461
-80.483
-80.538
-80.5
-80.637
-80.647
-80.599
-80.591
-80.597
-80.611
-80.567
-80.595
-80.639
-80.606
-80.661
-80.654
-80.675
-80.704
-80.581
-80.572
-80.571
-80.688
-80.72
-80.682
-80.671
-80.595
-80.669
-80.672
-80.683
-80.789
-80.796
-80.813
-80.723
-80.77
-80.671
-80.599
-80.568
-80.561
-80.527
-80.525
-80.558
-80.53
-80.518
-80.525
-80.515
-80.399
-80.336
-80.387
-80.463
-80.463
-80.402
-80.396
-80.453
-80.429
-80.44
-80.457
-80.466
-80.494
-80.463
-80.582
-80.507
-80.61
-80.631
-80.585
-80.557
-80.531
-80.593
-80.613
-80.657
-80.542
-80.558
-80.596
-80.619
-80.557
-80.605
-80.652
-80.689
-80.624
-80.59
-80.571
-80.688
-80.624
-80.641
-80.693
-80.641
-80.709
-80.663
-80.667
-80.643
-80.687
-80.687
-80.689
-80.793
-80.814
-80.82
-80.84
-80.933
-80.842
-80.779
-80.878
-80.919
-80.884
-80.912
-80.975
-81.025
-80.92
-80.924
-80.898
-80.913
-80.873
-80.939
-81.044
-81.089
-81.138
-81.16
-81.13
-81.176
-81.193
-81.112
-81.201
-81.175
-81.111
-80.984
-80.996
-80.927
-80.83
-80.839
-80.946
-80.91
-80.884
-80.863
-80.829
-80.83
-80.777
-80.912
-81.002
-81.006
-81.027
-80.966
-81.022
-80.949
-80.951
-80.997
-80.816
-80.896
-80.908
-80.877
-80.867
-80.935
-80.914
-80.9
-80.91
-80.875
-80.972
-80.975
-80.92
-80.995
-81.127
-81.208
-81.17
-81.225
-81.131
-81.018
-81.005
-80.962
-80.944
-80.894
-80.784
-80.761
-80.74
-80.84
-80.825
-80.835
-80.853
-80.919
-80.922
-80.957
-81.013
-81.023
-81.023
-81.016
-81.013
-80.971
-80.947
-80.999
-81.02
-81.074
-80.987
-81.025
-80.99
-81.062
-81.043
-81.116
-81.148
-81.134
-81.227
-81.198
-81.259
-81.291
-81.241
-81.307
-81.226
-81.243
-81.204
-81.309
-81.3
-81.342
-81.296
-81.264
-81.299
-81.263
-81.363
-81.335
-81.337
-81.361
-81.309
-81.328
-81.251
-81.18
-81.255
-81.202
-81.096
-81.041
-80.982
-81.065
-81.103
-81.106
-81.018
-80.917
-80.852
-80.978
-80.935
-80.886
-80.908
-80.878
-80.825
-80.906
-80.867
-80.835
-80.816
-80.82
-80.727
-80.706
-80.76
-80.797
-80.741
-80.738
-80.713
-80.745
-80.783
-80.831
-80.918
-80.904
-80.952
-80.942
-81.027
-81.066
-81.05
-81.031
-81.078
-81.084
-81.1
-81.2
-81.177
-81.149
-81.222
-81.299
-81.279
-81.268
-81.203
-81.278
-81.281
-81.349
-81.316
-81.28
-81.284
-81.413
-81.485
-81.495
-81.429
-81.415
-81.473
-81.513
-81.55
-81.57
-81.53
-81.546
-81.504
-81.444
-81.434
-81.425
-81.444
-81.435
-81.445
-81.414
-81.341
-81.332
-81.312
-81.309
-81.274
-81.244
-81.295
-81.292
-81.252
-81.21
-81.207
-81.11
-81.074
-81.056
-81.06
-81.046
-81.061
-81.103
-81.127
-81.049
-81.2
-81.093
-81.074
-81.056
-80.997
-80.941
-80.927
-80.914
-80.831
-80.697
-80.775
-80.839
-80.826
-80.744
-80.676
-80.655
-80.622
-80.661
-80.651
-80.663
-80.696
-80.629
-80.594
-80.727
-80.757
-80.88
-80.806
-80.83
-80.89
-80.932
-81.002
-81.055
-81.004
-81.017
-81.035
-80.986
-80.932
-80.869
-80.889
-80.924
-80.95
-80.962
-80.875
-80.827
-80.841
-80.811
-80.879
-80.862
-80.859
-80.905
-80.949
-81.003
-81.014
-80.96
-80.985
-81.021
-81.133
-81.097
-81.102
-81.109
-81.14
-81.201
-81.305
-81.215
-81.174
-81.243
-81.173
-81.163
-81.13
-81.132
-81.128
-81.039
-81.08
-81.111
-81.096
-81.096
-81.125
-81.16
-81.154
-81.157
-81.185
-81.136
-81.198
-81.233
-81.178
-81.14
-81.171
-81.135
-81.213
-81.168
-81.159
-81.206
-81.238
-81.262
-81.276
-81.363
-81.351
-81.409
-81.427
-81.446
-81.481
-81.505
-81.481
-81.467
-81.356
-81.314
-81.301
-81.205
-81.128
-81.271
-81.106
-81.049
-81.022
-81.027
-81.031
-81.007
-81.052
-81.064
-81.188
-81.147
-81.14
-81.159
-81.108
-81.112
-81.116
-81.076
-81.05
-81.075
-81.019
-81.032
-81.043
-81.013
-80.97
-80.938
-80.902
-80.862
-80.73
-80.742
-80.658
-80.669
-80.757
-80.788
-80.767
-80.817
-80.733
-80.744
-80.761
-80.732
-80.73
-80.721
-80.687
-80.651
-80.599
-80.683
-80.732
-80.775
-80.794
-80.766
-80.754
-80.777
-80.803
-80.812
-80.751
-80.678
-80.649
-80.585
-80.591
-80.523
-80.456
-80.532
-80.464
-80.527
-80.52
-80.518
-80.533
-80.517
-80.376
-80.381
-80.333
-80.406
-80.38
-80.333
-80.269
-80.304
-80.209
-80.238
-80.189
-80.196
-80.276
-80.291
-80.299
-80.29
-80.335
-80.405
-80.439
-80.401
-80.471
-80.478
-80.469
-80.434
-80.391
-80.379
-80.465
-80.487
-80.535
-80.548
-80.598
-80.503
-80.481
-80.482
-80.517
-80.492
-80.432
-80.385
-80.391
-80.345
-80.387
-80.329
-80.356
-80.329
-80.27
-80.211
-80.207
-80.169
-80.15
-80.055
-80.15
-80.128
-80.098
-80.08
-80.196
-80.167
-80.169
-80.132
-80.167
-80.132
-80.184
-80.234
-80.196
-80.268
-80.254
-80.156
-80.153
-80.102
-80.072
-80.137
-80.158
-80.109
-80.192
-80.085
-79.978
-79.983
-79.882
-79.9
-79.831
-79.869
-79.871
-79.853
-79.852
-79.911
-79.902
-79.89
-79.881
-79.943
-79.849
-79.877
-80.011
-80.006
-79.951
-79.942
-80.019
-80.01
-80.008
-79.949
-79.992
-79.968
-79.956
-79.951
-79.931
-79.884
-79.866
-79.945
-79.953
-79.935
-79.9
-79.915
-79.88
-79.78
-79.696
-79.789
-79.795
-79.78
-79.773
-79.704
-79.699
-79.714
-79.735
-79.738
-79.73
-79.805
-79.837
-79.817
-79.846
-79.831
-79.826
-79.83
-79.862
-79.893
-79.991
-80.074
-79.996
-80.069
-80.074
-80.138
-80.122
-80.223
-80.277
-80.285
-80.357
-80.355
-80.356
-80.423
-80.398
-80.376
-80.403
-80.425
-80.348
-80.332
-80.362
-80.381
-80.489
-80.556
-80.629
-80.676
-80.719
-80.662
-80.606
-80.656
-80.731
-80.704
-80.752
-80.756
-80.838
-80.782
-80.787
-80.806
-80.86
-80.758
-80.768
-80.799
-80.781
-80.776
-80.763
-80.821
-80.785
-80.731
-80.775
-80.728
-80.696
-80.625
-80.632
-80.697
-80.681
-80.66
-80.749
-80.773
-80.865
-80.819
-80.759
-80.798
-80.855
-80.843
-80.837
-80.8
-80.776
-80.755
-80.745
-80.805
-80.767
-80.816
-80.861
-80.902
-80.883
-80.905
-80.934
-80.924
-80.858
-80.872
-80.894
-80.883
-80.855
-80.805
-80.971
-80.949
-80.913
-80.943
-80.875
-80.9
-80.892
-80.875
-80.81
-80.792
-80.771
-80.803
-80.783
-80.748
-80.792
-80.76
-80.744
-80.747
-80.808
-80.793
-80.732
-80.725
-80.723
-80.762
-80.723
-80.704
-80.724
-80.697
-80.695
-80.659
-80.586
-80.607
-80.649
-80.704
-80.733
-80.748
-80.685
-80.764
-80.787
-80.767
-80.794
-80.694
-80.683
-80.621
-80.554
-80.544
-80.559
-80.581
-80.594
-80.629
-80.546
-80.599
-80.579
-80.641
-80.71
-80.738
-80.802
-80.832
-80.845
-80.834
-80.87
-80.849
-80.813
-80.842
-80.86
-80.916
-80.933
-80.905
-80.874
-80.859
-80.809
-80.842
-80.827
-80.791
-80.748
-80.747
-80.747
-80.686
-80.749
-80.755
-80.802
-80.777
-80.738
-80.714
-80.679
-80.672
-80.785
-80.83
-80.887
-80.95
-80.957
-80.988
-81.012
-80.942
-80.935
-80.853
-80.86
-80.897
-80.928
-80.909
-81.002
-80.975
-80.964
-80.958
-81.01
-81.065
-81.065
-81.07
-81.199
-81.153
-81.093
-81.104
-81.055
-81.037
-80.977
-80.913
-80.949
-80.951
-81.003
-81.057
-81.162
-81.162
-81.147
-81.061
-81.036
-81.082
-81.032
-81.066
-81.01
-81.048
-80.925
-80.909
-80.933
-81.003
-81.032
-81.004
-80.932
-80.841
-80.862
-80.952
-81.002
-81.077
-81.059
-80.944
-80.957
-80.886
-80.981
-80.956
-80.971
-80.929
-80.9
-80.856
-80.926
-80.928
-80.988
-80.999
-81.02
-81.022
-80.982
-80.899
-80.987
-81.043
-81.095
-81.054
-81.071
-81.106
-81.079
-81.071
-81.035
-80.971
-80.988
-80.936
-80.855
-80.897
-80.81
-80.86
-80.845
-80.746
-80.78
-80.79
-80.801
-80.859
-80.977
-80.952
-80.965
-80.947
-80.968
-81.048
-81.128
-81.119
-81.142
-81.09
-81.123
-81.095
-81.115
-81.143
-81.177
-81.144
-81.196
-81.114
-81.114
-81.106
-81.072
-81.05
-81.056
-81.047
-80.915
-80.92
-80.976
-81.036
-81.056
-81.066
-80.96
-81.002
-80.927
-80.927
-80.884
-80.894
-80.892
-80.86
-80.943
-80.925
-80.876
-80.843
-80.786
-80.844
-80.875
-80.925
-80.98
-80.923
-80.93
-80.887
-80.916
-80.871
-80.874
-80.874
-80.817
-80.746
-80.785
-80.859
-80.88
-80.848
-80.828
-80.797
-80.862
-80.857
-80.928
-80.902
-80.888
-80.85
-80.766
-80.689
-80.657
-80.601
-80.575
-80.559
-80.528
-80.465
-80.482
-80.474
-80.374
-80.444
-80.3
-80.282
-80.216
-80.071
-80.115
-80.131
-80.101
-80.073
-79.992
-79.899
-79.947
-79.954
-79.982
-79.956
-80.017
-80.064
-80.058
-80.166
-80.161
-80.026
-80.117
-80.178
-80.221
-80.19
-80.207
-79.995
-79.857
-79.819
-79.79
-79.747
-79.827
-79.824
-79.851
-79.913
-79.986
-80.015
-79.911
-79.96
-80.035
-79.987
-80.004
-79.945
-80.102
-80.047
-80.03
-79.931
-79.891
-79.941
-79.886
-80.004
-80.05
-80.089
-80.072
-80.047
-79.99
-80.071
-80.163
-80.15
-80.153
-80.216
-80.129
-80.078
-80.013
-79.95
-79.889
-79.863
-79.898
-79.907
-79.743
-79.888
-79.919
-79.984
-79.994
-79.913
-79.885
-79.846
-79.801
-79.801
-79.841
-79.859
-79.834
-79.807
-79.762
-79.817
-79.808
-79.838
-79.81
-79.871
-79.826
-79.857
-79.836
-79.726
-79.697
-79.748
-79.731
-79.794
-79.822
-79.801
-79.728
-79.744
-79.736
-79.669
-79.613
-79.598
-79.592
-79.624
-79.612
-79.652
-79.66
-79.664
-79.731
-79.694
-79.659
-79.587
-79.668
-79.727
-79.822
-79.793
-79.785
-79.84
-79.874
-79.842
-79.865
-79.829
-79.838
-79.879
-79.87
-79.886
-79.844
-79.894
-79.873
-79.747
-79.828
-79.853
-79.896
-79.857
-79.949
-79.971
-80.013
-79.998
-79.948
-79.942
-79.924
-79.906
-79.888
-79.882
-79.882
-79.809
-79.887
-79.883
-79.907
-79.951
-79.88
-79.916
-79.989
-80.079
-80.068
-80.074
-80.097
-80.084
-80.058
-80.031
-80.061
-80.081
-80.074
-80.037
-79.956
-79.925
-79.951
-79.932
-79.926
-79.933
-79.935
-79.973
-79.955
-80
-80.042
-80.054
-80.063
-79.969
-79.968
-80.019
-80.087
-80.052
-80.08
-80.048
-79.963
-80.12
-80.164
-80.174
-80.091
-80.068
-80.025
-79.975
-79.935
-79.984
-79.979
-79.983
-80.006
-79.888
-79.879
-79.859
-79.892
-79.936
-79.981
-80.062
-80.028
-80.042
-80.042
-79.944
-79.854
-79.894
-79.913
-79.936
-79.927
-79.899
-79.967
-79.981
-79.964
-80.049
-80.085
-80.077
-80.049
-80.02
-79.998
-79.973
-80.069
-80.002
-80.015
-79.983
-80.021
-79.969
-79.968
-79.974
-79.909
-79.836
-79.904
-79.917
-80.108
-80.157
-80.215
-80.197
-80.239
-80.159
-80.129
-80.125
-80.085
-80.065
-80.072
-80.073
-80.07
-80.061
-80.022
-80.107
-80.127
-80.14
-80.168
-80.119
-80.174
-80.059
-80.077
-80.142
-80.107
-80.157
-80.131
-80.18
-80.172
-80.183
-80.173
-80.161
-80.161
-80.252
-80.152
-80.015
-79.951
-79.942
-79.989
-79.928
-79.888
-79.902
-79.991
-80.015
-79.958
-79.953
-79.943
-79.916
-79.849
-79.829
-79.805
-79.868
-79.821
-79.853
-79.811
-79.781
-79.722
-79.803
-79.874
-79.874
-79.966
-79.957
-79.954
-79.785
-79.764
-79.89
-79.858
-79.838
-79.804
-79.77
-79.754
-79.742
-79.74
-79.77
-79.772
-79.782
-79.725
-79.737
-79.714
-79.796
-79.843
-79.854
-79.826
-79.823
-79.821
-79.752
-79.709
-79.756
-79.848
-79.916
-79.886
-79.997
-80.007
-79.992
-80.042
-79.989
-79.95
-79.922
-79.837
-79.767
-79.724
-79.659
-79.623
-79.625
-79.671
-79.64
-79.673
-79.609
-79.539
-79.595
-79.54
-79.556
-79.548
-79.479
-79.538
-79.439
-79.444
-79.499
-79.525
-79.544
-79.556
-79.599
-79.627
-79.605
-79.559
-79.47
-79.501
-79.509
-79.5
-79.433
-79.436
-79.522
-79.512
-79.497
-79.542
-79.522
-79.459
-79.437
-79.453
-79.475
-79.352
-79.406
-79.426
-79.363
-79.435
-79.321
-79.472
-79.386
-79.451
-79.48
-79.484
-79.547
-79.703
-79.585
-79.597
-79.623
-79.592
-79.671
-79.599
-79.566
-79.548
-79.589
-79.544
-79.571
-79.669
-79.724
-79.763
-79.739
-79.834
-79.849
-79.884
-79.802
-79.795
-79.735
-79.829
-79.871
-79.87
-79.903
-79.917
-79.939
-79.98
-79.879
-79.722
-79.758
-79.801
-79.869
-79.886
-79.862
-79.932
-79.926
-80.017
-80.017
-80.064
-79.985
-79.954
-80.002
-80.011
-80.093
-80.107
-80.086
-80.082
-80.096
-80.113
-80.169
-80.177
-80.26
-80.289
-80.288
-80.279
-80.239
-80.348
-80.312
-80.257
-80.323
-80.348
-80.359
-80.315
-80.368
-80.385
-80.347
-80.416
-80.362
-80.351
-80.338
-80.322
-80.317
-80.347
-80.303
-80.34
-80.288
-80.266
-80.305
-80.408
-80.444
-80.503
-80.484
-80.43
-80.426
-80.372
-80.292
-80.272
-80.193
-80.251
-80.262
-80.269
-80.245
-80.233
-80.239
-80.201
-80.217
-80.249
-80.255
-80.159
-80.069
-80.076
-80.031
-80.083
-79.989
-79.891
-79.951
-79.883
-79.919
-79.89
-79.852
-79.812
-79.823
-79.742
-79.744
-79.673
-79.748
-79.727
-79.73
-79.675
-79.731
-79.739
-79.76
-79.845
-79.839
-79.83
-79.839
-79.881
-79.883
-79.915
-79.878
-79.825
-79.864
-79.84
-79.837
-79.856
-79.813
-79.768
-79.698
-79.801
-79.812
-79.807
-79.819
-79.932
-79.888
-79.862
-79.906
-79.961
-79.962
-79.979
-80.072
-80.053
-80.119
-80.157
-80.208
-80.252
-80.277
-80.269
-80.222
-80.221
-80.196
-80.111
-80.114
-80.105
-80.075
-80.054
-80.03
-80.019
-79.866
-79.846
-79.836
-79.937
-79.993
-80.057
-80.067
-80.072
-80.075
-80.224
-80.16
-80.075
-80.019
-79.972
-79.897
-79.942
-80.043
-80.044
-80.028
-80.029
-80.014
-79.964
-79.959
-80.059
-80.063
-80.097
-80.123
-80.118
-80.057
-80.074
-80.159
-80.184
-80.179
-80.157
-80.079
-80.087
-80.111
-80.048
-80.061
-80.06
-80.039
-80.043
-79.959
-79.983
-79.952
-79.924
-79.969
-79.844
-79.832
-79.869
-79.815
-79.831
-79.858
-79.866
-79.819
-79.779
-79.818
-79.772
-79.829
-79.875
-79.867
-79.912
-79.97
-80.069
-80.124
-80.223
-80.346
-80.382
-80.426
-80.408
-80.398
-80.469
-80.433
-80.443
-80.368
-80.38
-80.356
-80.433
-80.39
-80.363
-80.366
-80.397
-80.412
-80.387
-80.351
-80.3
-80.313
-80.307
-80.297
-80.248
-80.251
-80.29
-80.167
-80.134
-80.015
-80.022
-80.053
-80.021
-80.067
-80.157
-80.097
-80.13
-80.189
-80.178
-80.118
-80.138
-80.119
-80.076
-79.995
-79.974
-79.948
-79.893
-79.846
-79.829
-79.809
-79.779
-79.823
-79.766
-79.738
-79.637
-79.628
-79.555
-79.522
-79.471
-79.531
-79.497
-79.471
-79.447
-79.418
-79.488
-79.424
-79.488
-79.507
-79.462
-79.482
-79.392
-79.338
-79.39
-79.335
-79.428
-79.398
-79.338
-79.269
-79.272
-79.261
-79.297
-79.286
-79.349
-79.387
-79.468
-79.437
-79.551
-79.468
-79.387
-79.306
-79.253
-79.204
-79.226
-79.181
-79.162
-79.207
-79.206
-79.28
-79.312
-79.341
-79.3
-79.327
-79.489
-79.583
-79.65
-79.646
-79.63
-79.662
-79.64
-79.583
-79.596
-79.579
-79.689
-79.606
-79.669
-79.676
-79.626
-79.632
-79.622
-79.629
-79.673
-79.611
-79.635
-79.692
-79.687
-79.589
-79.636
-79.652
-79.716
-79.813
-79.752
-79.755
-79.78
-79.829
-79.793
-79.863
-79.921
-80.064
-80.081
-80.04
-80.016
-79.909
-79.857
-79.82
-79.779
-79.793
-79.749
-79.739
-79.714
-79.722
-79.704
-79.657
-79.671
-79.649
-79.718
-79.603
-79.588
-79.634
-79.65
-79.585
-79.585
-79.549
-79.522
-79.561
-79.568
-79.565
-79.58
-79.533
-79.611
-79.574
-79.499
-79.472
-79.458
-79.478
-79.506
-79.508
-79.561
-79.499
-79.511
-79.61
-79.604
-79.672
-79.658
-79.696
-79.69
-79.691
-79.617
-79.72
-79.674
-79.701
-79.674
-79.691
-79.682
-79.765
-79.757
-79.755
-79.843
-79.779
-79.778
-79.772
-79.714
-79.747
-79.777
-79.679
-79.614
-79.653
-79.649
-79.613
-79.609
-79.562
-79.512
-79.405
-79.417
-79.416
-79.407
-79.335
-79.289
-79.328
-79.329
-79.324
-79.319
-79.321
-79.337
-79.369
-79.388
-79.369
-79.289
-79.266
-79.26
-79.258
-79.243
-79.228
-79.265
-79.192
-79.196
-79.226
-79.207
-79.169
-79.133
-79.125
-79.06
-79.141
-79.076
-79.087
-79.028
-79.197
-79.222
-79.183
-79.111
-79.075
-79.024
-79.008
-78.975
-79.002
-78.944
-78.977
-78.915
-78.911
-78.903
-78.923
-78.968
-79.023
-78.961
-78.86
-78.96
-79
-78.912
-78.956
-78.963
-78.913
-78.841
-78.831
-78.824
-78.787
-78.779
-78.814
-78.834
-78.798
-78.805
-78.781
-78.811
-78.867
-78.85
-78.792
-78.883
-78.843
-78.88
-78.904
-78.916
-78.962
-79.04
-79.031
-79.052
-78.981
-78.969
-79.04
-78.989
-78.978
-79.017
-79.071
-79.178
-79.196
-79.171
-79.248
-79.259
-79.258
-79.317
-79.248
-79.279
-79.297
-79.215
-79.149
-79.054
-79.012
-78.992
-79.035
-79.055
-79.044
-78.955
-78.876
-78.928
-78.907
-78.981
-79.004
-79.091
-79.053
-79.173
-79.117
-79.109
-79.134
-79.186
-79.155
-79.12
-79.253
-79.238
-79.16
-79.124
-79.049
-79.061
-79.009
-79.084
-79.123
-79.041
-79.06
-79.03
-78.969
-79.044
-79.036
-79.119
-79.189
-79.252
-79.248
-79.199
-79.146
-79.153
-79.12
-79.072
-78.992
-79.013
-79.023
-79.028
-79.054
-79.05
-79.019
-79.001
-78.981
-79.031
-79.033
-78.891
-78.881
-78.911
-78.983
-78.978
-79.006
-79.025
-79.081
-79.154
-79.235
-79.137
-79.173
-79.214
-79.221
-79.261
-79.279
-79.243
-79.243
-79.18
-79.143
-79.181
-79.078
-79.001
-78.874
-78.854
-78.796
-78.721
-78.808
-78.841
-78.827
-78.886
-78.875
-78.957
-78.974
-79.065
-79.02
-79.063
-79.056
-79.191
-79.232
-79.246
-79.231
-79.265
-79.317
-79.305
-79.344
-79.347
-79.397
-79.424
-79.408
-79.389
-79.385
-79.489
-79.527
-79.505
-79.525
-79.523
-79.461
-79.5
-79.474
-79.452
-79.453
-79.442
-79.534
-79.534
-79.592
-79.559
-79.55
-79.549
-79.646
-79.616
-79.637
-79.618
-79.533
-79.578
-79.523
-79.524
-79.454
-79.465
-79.49
-79.481
-79.399
-79.377
-79.447
-79.396
-79.419
-79.342
-79.381
-79.412
-79.421
-79.443
-79.417
-79.415
-79.469
-79.54
-79.493
-79.489
-79.446
-79.371
-79.323
-79.428
-79.411
-79.355
-79.394
-79.399
-79.443
-79.457
-79.447
-79.478
-79.427
-79.448
-79.494
-79.434
-79.493
-79.566
-79.517
-79.568
-79.619
-79.51
-79.558
-79.562
-79.581
-79.69
-79.715
-79.679
-79.564
-79.617
-79.68
-79.671
-79.618
-79.604
-79.643
-79.682
-79.663
-79.672
-79.596
-79.65
-79.622
-79.57
-79.564
-79.553
-79.569
-79.559
-79.545
-79.484
-79.559
-79.568
-79.511
-79.556
-79.593
-79.575
-79.593
-79.595
-79.541
-79.556
-79.506
-79.524
-79.492
-79.492
-79.596
-79.649
-79.647
-79.696
-79.799
-79.669
-79.718
-79.705
-79.729
-79.709
-79.681
-79.604
-79.62
-79.532
-79.513
-79.439
-79.461
-79.47
-79.479
-79.519
-79.491
-79.499
-79.499
-79.452
-79.365
-79.355
-79.3
-79.251
-79.291
-79.283
-79.21
-79.167
-79.153
-79.123
-79.143
-79.087
-79.127
-79.131
-79.058
-79.093
-79.061
-79.115
-79.134
-79.133
-79.23
-79.181
-79.172
-78.987
-79.024
-78.945
-78.909
-78.877
-78.816
-78.808
-78.777
-78.813
-78.826
-78.827
-78.81
-78.865
-78.811
-78.77
-78.649
-78.66
-78.655
-78.682
-78.642
-78.665
-78.638
-78.609
-78.644
-78.671
-78.732
-78.699
-78.607
-78.662
-78.653
-78.622
-78.68
-78.661
-78.735
-78.739
-78.736
-78.748
-78.775
-78.768
-78.812
-78.874
-78.934
-78.962
-78.992
-79.066
-79.149
-79.28
-79.299
-79.28
-79.222
-79.208
-79.13
-79.123
-79.091
-79.053
-79.076
-79.047
-79.088
-79.084
-79.08
-79.054
-79.008
-78.895
-78.93
-78.93
-78.988
-79.115
-79.146
-79.169
-79.135
-79.167
-79.129
-79.121
-79.195
-79.211
-79.205
-79.272
-79.22
-79.234
-79.153
-79.033
-79.108
-79.092
-79.058
-78.969
-79.038
-79.108
-79.16
-79.141
-79.17
-79.161
-79.141
-79.101
-79.116
