-78.91
-78.824
-78.758
-78.804
-78.788
-78.767
-78.738
-78.749
-78.719
-78.716
-78.732
-78.677
-78.666
-78.634
-78.665
-78.545
-78.494
-78.384
-78.306
-78.256
-78.276
-78.332
-78.271
-78.265
-78.171
-78.165
-78.159
-78.188
-78.139
-78.096
-78.041
-78.063
-78.06
-78.007
-78.023
-77.95
-77.936
-77.948
-77.895
-77.878
-77.819
-77.749
-77.695
-77.626
-77.626
-77.602
-77.591
-77.523
-77.519
-77.556
-77.503
-77.527
-77.507
-77.486
-77.441
-77.368
-77.259
-77.358
-77.288
-77.283
-77.18
-77.128
-77.055
-77.061
-76.989
-76.875
-76.801
-76.811
-76.762
-76.705
-76.741
-76.725
-76.766
-76.724
-76.723
-76.724
-76.659
-76.621
-76.605
-76.578
-76.49
-76.544
-76.471
-76.507
-76.615
-76.608
-76.601
-76.609
-76.638
-76.562
-76.592
-76.509
-76.456
-76.504
-76.405
-76.453
-76.467
-76.428
-76.479
-76.435
-76.322
-76.235
-76.205
-76.213
-76.26
-76.269
-76.301
-76.221
-76.146
-76.143
-76.028
-76.098
-76.141
-76.136
-76.152
-76.193
-76.261
-76.29
-76.283
-76.35
-76.373
-76.328
-76.269
-76.261
-76.235
-76.185
-76.138
-76.042
-76.077
-75.985
-75.955
-75.919
-75.803
-75.767
-75.727
-75.691
-75.652
-75.651
-75.556
-75.469
-75.429
-75.456
-75.447
-75.408
-75.354
-75.409
-75.435
-75.412
-75.435
-75.428
-75.435
-75.534
-75.59
-75.418
-75.448
-75.482
-75.462
-75.366
-75.335
-75.365
-75.315
-75.314
-75.295
-75.298
-75.322
-75.242
-75.221
-75.185
-75.214
-75.161
-75.114
-75.148
-75.152
-75.104
-75.113
-75.053
-74.913
-74.938
-74.818
-74.739
-74.693
-74.569
-74.509
-74.584
-74.61
-74.581
-74.575
-74.55
-74.462
-74.516
-74.57
-74.639
-74.633
-74.613
-74.564
-74.621
-74.577
-74.528
-74.53
-74.45
-74.389
-74.462
-74.45
-74.422
-74.395
-74.397
-74.474
-74.462
-74.461
-74.477
-74.465
-74.496
-74.487
-74.521
-74.499
-74.476
-74.527
-74.481
-74.492
-74.557
-74.582
-74.604
-74.531
-74.505
-74.541
-74.432
-74.443
-74.433
-74.43
-74.311
-74.256
-74.18
-74.126
-74.063
-73.875
-73.804
-73.822
-73.737
-73.691
-73.72
-73.751
-73.766
-73.79
-73.826
-73.831
-73.794
-73.782
-73.85
-73.818
-73.824
-73.836
-73.808
-73.901
-73.811
-73.799
-73.808
-73.737
-73.708
-73.789
-73.65
-73.658
-73.601
-73.518
-73.553
-73.554
-73.563
-73.579
-73.59
-73.5
-73.498
-73.517
-73.54
-73.509
-73.391
-73.332
-73.321
-73.369
-73.302
-73.33
-73.412
-73.415
-73.42
-73.451
-73.458
-73.532
-73.446
-73.424
-73.302
-73.285
-73.312
-73.365
-73.374
-73.412
-73.404
-73.451
-73.422
-73.373
-73.403
-73.398
-73.409
-73.452
-73.404
-73.339
-73.365
-73.436
-73.433
-73.323
-73.28
-73.244
-73.228
-73.193
-73.158
-73.023
-73.016
-72.953
-72.866
-72.858
-72.86
-72.843
-72.857
-72.803
-72.844
-72.918
-72.961
-72.981
-72.962
-72.871
-72.781
-72.688
-72.68
-72.556
-72.515
-72.479
-72.476
-72.48
-72.46
-72.551
-72.565
-72.508
-72.492
-72.415
-72.38
-72.358
-72.39
-72.376
-72.367
-72.425
-72.43
-72.376
-72.384
-72.397
-72.431
-72.443
-72.454
-72.485
-72.502
-72.553
-72.505
-72.468
-72.492
-72.508
-72.425
-72.409
-72.341
-72.336
-72.321
-72.356
-72.32
-72.271
-72.193
-72.131
-72.098
-72.175
-72.167
-72.238
-72.169
-72.115
-72.137
-72.108
-72.151
-72.228
-72.278
-72.208
-72.189
-72.216
-72.213
-72.295
-72.318
-72.308
-72.232
-72.202
-72.177
-72.154
-72.073
-72.11
-72.073
-72.078
-72.106
-72.083
-72.056
-71.982
-72.091
-72.08
-71.917
-71.947
-71.959
-71.922
-71.871
-71.795
-71.74
-71.761
-71.791
-71.82
-71.871
-71.957
-71.97
-71.967
-71.84
-71.787
-71.803
-71.776
-71.785
-71.714
-71.681
-71.678
-71.611
-71.65
-71.739
-71.808
-71.856
-71.74
-71.737
-71.743
-71.717
-71.675
-71.678
-71.651
-71.672
-71.661
-71.682
-71.645
-71.633
-71.745
-71.769
-71.817
-71.783
-71.796
-71.834
-71.839
-71.862
-71.819
-71.735
-71.659
-71.66
-71.695
-71.491
-71.509
-71.474
-71.491
-71.389
-71.392
-71.433
-71.435
-71.431
-71.485
-71.448
-71.432
-71.446
-71.436
-71.46
-71.388
-71.377
-71.393
-71.42
-71.432
-71.32
-71.289
-71.241
-71.249
-71.375
-71.436
-71.409
-71.471
-71.497
-71.529
-71.553
-71.568
-71.566
-71.555
-71.537
-71.626
-71.647
-71.62
-71.645
-71.643
-71.538
-71.442
-71.373
-71.416
-71.327
-71.255
-71.298
-71.254
-71.263
-71.346
-71.411
-71.511
-71.469
-71.542
-71.545
-71.613
-71.735
-71.787
-71.862
-71.918
-71.907
-71.929
-71.868
-71.876
-71.848
-71.835
-71.842
-71.893
-71.924
-71.89
-71.799
-71.863
-71.897
-71.928
-71.935
-72.026
-71.999
-72.01
-72.022
-72.03
-72.041
-72.043
-72.033
-72.031
-72.052
-72.091
-72.09
-72.121
-72.202
-72.218
-72.184
-72.132
-72.226
-72.281
-72.288
-72.284
-72.234
-72.217
-72.246
-72.137
-72.225
-72.214
-72.271
-72.213
-72.186
-72.183
-72.197
-72.232
-72.316
-72.269
-72.325
-72.307
-72.312
-72.215
-72.159
-72.205
-72.255
-72.26
-72.222
-72.246
-72.298
-72.246
-72.209
-72.229
-72.181
-72.17
-72.171
-72.173
-72.248
-72.223
-72.217
-72.223
-72.253
-72.281
-72.285
-72.288
-72.284
-72.282
-72.215
-72.192
-72.136
-72.066
-72.016
-71.98
-71.928
-71.941
-71.946
-71.955
-71.913
-71.877
-71.971
-71.992
-71.963
-71.974
-71.959
-72.021
-71.932
-71.94
-71.883
-71.913
-71.874
-72.013
-71.963
-71.939
-72.02
-71.94
-71.971
-71.959
-71.953
-71.951
-71.987
-71.914
-71.893
-71.831
-71.861
-71.851
-71.836
-71.8
-71.896
-71.969
-72.053
-72.037
-72.132
-72.161
-72.261
-72.279
-72.353
-72.345
-72.363
-72.317
-72.353
-72.367
-72.329
-72.258
-72.177
-72.196
-72.119
-72.093
-72.163
-72.159
-72.155
-72.274
-72.268
-72.278
-72.265
-72.255
-72.314
-72.346
-72.298
-72.382
-72.378
-72.433
-72.456
-72.446
-72.385
-72.292
-72.283
-72.334
-72.288
-72.318
-72.426
-72.376
-72.285
-72.334
-72.376
-72.286
-72.286
-72.326
-72.412
-72.439
-72.357
-72.387
-72.465
-72.428
-72.464
-72.463
-72.442
-72.445
-72.498
-72.488
-72.468
-72.406
-72.427
-72.492
-72.363
-72.344
-72.403
-72.447
-72.452
-72.371
-72.383
-72.406
-72.342
-72.406
-72.463
-72.508
-72.478
-72.535
-72.516
-72.511
-72.565
-72.537
-72.467
-72.468
-72.436
-72.461
-72.45
-72.49
-72.52
-72.458
-72.445
-72.403
-72.39
-72.481
-72.477
-72.408
-72.396
-72.329
-72.45
-72.454
-72.444
-72.429
-72.51
-72.527
-72.544
-72.494
-72.504
-72.491
-72.462
-72.566
-72.599
-72.619
-72.619
-72.596
-72.568
-72.594
-72.621
-72.614
-72.634
-72.654
-72.609
-72.56
-72.648
-72.677
-72.733
-72.79
-72.708
-72.624
-72.638
-72.633
-72.532
-72.506
-72.521
-72.507
-72.619
-72.571
-72.582
-72.614
-72.53
-72.54
-72.425
-72.345
-72.366
-72.387
-72.404
-72.408
-72.412
-72.234
-72.131
-72.197
-72.275
-72.224
-72.231
-72.115
-72.176
-72.153
-72.211
-72.225
-72.251
-72.267
-72.177
-72.104
-72.133
-72.084
-72.053
-72.032
-72.004
-71.962
-72.059
-72.067
-72.016
-72.107
-72.161
-72.287
-72.287
-72.245
-72.178
-72.184
-72.193
-72.181
-72.211
-72.189
-72.286
-72.297
-72.258
-72.356
-72.433
-72.507
-72.421
-72.424
-72.458
-72.366
-72.431
-72.409
-72.534
-72.482
-72.56
-72.531
-72.514
-72.511
-72.6
-72.645
-72.635
-72.734
-72.804
-72.838
-72.819
-72.835
-72.872
-72.845
-72.886
-72.927
-73.03
-73.085
-73.161
-73.098
-73.247
-73.171
-73.175
-73.095
-73.078
-73.003
-73.054
-73.114
-73.056
-73.065
-73.07
-73.042
-73.081
-73.103
-73.037
-73.115
-73.081
-73.118
-73.163
-73.16
-73.198
-73.155
-73.108
-73.009
-72.912
-72.847
-72.891
-72.959
-72.966
-72.946
-72.985
-72.928
-72.886
-72.95
-72.961
-73.012
-73.003
-73
-73.035
-73.1
-73.089
-73.047
-73.058
-72.977
-72.995
-72.982
-72.979
-73.042
-73.032
-73.022
-72.972
-73.005
-72.97
-73.038
-73.03
-73.027
-73.042
-73.013
-72.972
-72.919
-72.982
-72.992
-73.053
-72.974
-73.034
-73.082
-73.149
-73.232
-73.208
-73.232
-73.286
-73.283
-73.252
-73.273
-73.276
-73.269
-73.35
-73.395
-73.406
-73.429
-73.441
-73.44
-73.49
-73.393
-73.433
-73.388
-73.424
-73.353
-73.378
-73.365
-73.406
-73.448
-73.42
-73.419
-73.437
-73.371
-73.339
-73.279
-73.199
-73.154
-73.198
-73.237
-73.175
-73.038
-73.012
-72.986
-73.023
-73.027
-73.041
-72.926
-72.906
-72.87
-72.882
-72.889
-72.84
-72.866
-72.827
-72.845
-72.852
-72.916
-72.926
-72.918
-72.914
-73.041
-73.059
-73.047
-73.081
-73.088
-73.075
-73.065
-73.064
-73.242
-73.168
-73.142
-73.214
-73.355
-73.352
-73.249
-73.212
-73.219
-73.296
-73.247
-73.221
-73.217
-73.26
-73.209
-73.176
-73.177
-73.191
-73.116
-73.128
-73.122
-73.098
-73.181
-73.217
-73.231
-73.284
-73.327
-73.251
-73.307
-73.28
-73.233
-73.212
-73.218
-73.302
-73.304
-73.323
-73.347
-73.373
-73.354
-73.398
-73.445
-73.434
-73.486
-73.488
-73.499
-73.502
-73.435
-73.397
-73.463
-73.447
-73.407
-73.456
-73.48
-73.41
-73.513
-73.544
-73.64
-73.713
-73.669
-73.62
-73.547
-73.579
-73.626
-73.741
-73.788
-73.825
-73.902
-73.878
-73.86
-73.921
-73.988
-74.022
-74.102
-74.109
-74.112
-74.058
-74.094
-74.041
-74.007
-74.044
-74.115
-74.104
-74.124
-74.162
-74.012
-74.027
-74.098
-74.144
-74.181
-74.209
-74.222
-74.207
-74.155
-74.151
-74.065
-74.112
-74.103
-74.033
-74.062
-74.003
-74.1
-74.129
-74.237
-74.276
-74.302
-74.267
-74.262
-74.343
-74.323
-74.288
-74.301
-74.326
-74.365
-74.406
-74.424
-74.472
-74.557
-74.539
-74.547
-74.52
-74.548
-74.719
-74.749
-74.639
-74.615
-74.778
-74.841
-74.836
-74.948
-74.962
-74.937
-74.944
-74.957
-74.958
-74.905
-74.99
-74.961
-74.955
-74.94
-74.96
-74.959
-74.99
-75.046
-74.993
-74.852
-74.802
-74.879
-74.97
-74.951
-74.972
-74.999
-75.003
-75.084
-75.095
-75.122
-75.177
-75.144
-75.087
-75.095
-74.94
-74.943
-75.022
-75.014
-75.055
-75.028
-75.007
-75.081
-75.115
-75.057
-75.047
-75.016
-75.058
-75.098
-75.067
-75.148
-75.179
-75.135
-75.13
-75.137
-75.108
-75.153
-75.187
-75.304
-75.384
-75.351
-75.326
-75.311
-75.266
-75.262
-75.202
-75.271
-75.325
-75.29
-75.344
-75.352
-75.289
-75.316
-75.249
-75.199
-75.168
-75.269
-75.22
-75.213
-75.161
-75.198
-75.198
-75.151
-75.198
-75.179
-75.163
-75.238
-75.253
-75.208
-75.239
-75.343
-75.404
-75.464
-75.499
-75.522
-75.582
-75.693
-75.791
-75.718
-75.739
-75.76
-75.843
-75.846
-75.69
-75.738
-75.69
-75.704
-75.783
-75.813
-75.837
-75.911
-75.933
-75.922
-75.884
-75.858
-75.837
-75.893
-75.976
-75.89
-75.946
-75.86
-75.786
-75.76
-75.783
-75.728
-75.735
-75.798
-75.837
-75.867
-75.835
-75.856
-75.873
-75.91
-75.902
-75.859
-75.919
-75.89
-75.931
-75.973
-75.962
-76.038
-76.045
-76.028
-76.008
-75.965
-75.933
-76.028
-76.104
-76.146
-76.195
-76.217
-76.167
-76.127
-76.161
-76.221
-76.243
-76.25
-76.325
-76.377
-76.328
-76.281
-76.302
-76.258
-76.29
-76.244
-76.251
-76.204
-76.239
-76.214
-76.278
-76.312
-76.274
-76.3
-76.323
-76.426
-76.364
-76.398
-76.402
-76.449
-76.487
-76.488
-76.581
-76.616
-76.614
-76.445
-76.406
-76.423
-76.503
-76.452
-76.457
-76.453
-76.444
-76.401
-76.543
-76.544
-76.52
-76.358
-76.36
-76.258
-76.265
-76.146
-76.051
-76.04
-76.067
-76.073
-76.013
-75.998
-75.904
-75.78
-75.779
-75.695
-75.627
-75.521
-75.498
-75.478
-75.463
-75.437
-75.418
-75.429
-75.341
-75.319
-75.312
-75.213
-75.182
-75.108
-75.034
-75.012
-75.008
-75.083
-74.958
-74.883
-74.85
-74.798
-74.829
-74.813
-74.852
-74.885
-74.784
-74.734
-74.681
-74.678
-74.546
-74.46
-74.417
-74.416
-74.308
-74.306
-74.363
-74.325
-74.327
-74.248
-74.159
-74.093
-74.041
-74.052
-73.97
-74.101
-74.139
-74.108
-74.024
-73.96
-73.856
-73.898
-73.851
-73.833
-73.875
-73.896
-73.85
-73.859
-73.772
-73.763
-73.654
-73.587
-73.586
-73.561
-73.513
-73.468
-73.441
-73.42
-73.333
-73.229
-73.172
-73.137
-73.064
-73.056
-73.049
-73.013
-72.985
-72.915
-72.855
-72.849
-72.868
-72.803
-72.793
-72.744
-72.69
-72.732
-72.729
-72.638
-72.695
-72.627
-72.62
-72.6
-72.547
-72.547
-72.531
-72.549
-72.429
-72.497
-72.513
-72.47
-72.471
-72.603
-72.503
-72.519
-72.523
-72.442
-72.358
-72.282
-72.251
-72.202
-72.262
-72.197
-72.194
-72.216
-72.19
-72.279
-72.328
-72.301
-72.265
-72.233
-72.111
-72.175
-72.179
-72.228
-72.185
-72.155
-72.186
-72.158
-72.132
-72.168
-72.148
-72.076
-72.141
-72.096
-72.029
-72.048
-72.041
-71.99
-71.978
-71.953
-71.941
-71.928
-71.878
-71.887
-71.816
-71.844
-71.899
-71.85
-71.896
-71.864
-71.865
-71.875
-71.784
-71.689
-71.712
-71.568
-71.659
-71.683
-71.606
-71.615
-71.624
-71.559
-71.518
-71.493
-71.444
-71.45
-71.399
-71.421
-71.368
-71.297
-71.308
-71.275
-71.314
-71.238
-71.181
-71.211
-71.315
-71.273
-71.253
-71.225
-71.132
-71.058
-71.068
-71.086
-71.028
-71.064
-71.073
-71.012
-71.066
-71.085
-71.081
-71.04
-71.001
-70.9
-70.955
-70.927
-70.877
-70.925
-70.901
-70.871
-70.888
-70.867
-70.911
-70.87
-70.892
-70.938
-70.961
-71.051
-71.047
-71.022
-71.062
-71.031
-71.009
-70.956
-70.795
-70.754
-70.782
-70.749
-70.761
-70.78
-70.757
-70.847
-70.936
-70.977
-70.959
-70.903
-70.952
-71.029
-70.919
-70.917
-70.922
-70.987
-70.991
-71.036
-71.049
-70.958
-70.918
-71.018
-71.109
-71.12
-71.072
-71.076
-71.086
-71.072
-71.158
-71.114
-71.157
-71.065
-71.064
-71.12
-71.13
-70.997
-70.962
-70.997
-70.955
-71
-71.069
-71.119
-71.071
-71.031
-71.037
-71.042
-71.027
-70.882
-70.81
-70.821
-70.81
-70.857
-70.849
-70.832
-70.846
-70.821
-70.875
-70.871
-70.867
-70.818
-70.934
-70.945
-70.971
-71.038
-71.037
-70.973
-71.022
-71.039
-71.04
-71.11
-71.129
-71.072
-71.06
-71.004
-70.965
-70.961
-70.977
-70.981
-71.097
-71.024
-71.042
-71.069
-71.081
-71.102
-70.994
-70.976
-70.874
-70.903
-70.855
-70.912
-70.797
-70.868
-70.844
-70.784
-70.871
-70.907
-70.964
-70.957
-71.01
-70.948
-70.98
-70.942
-70.964
-70.876
-71.01
-71.014
-71.006
-71.052
-71.111
-71.099
-71.14
-71.114
-70.995
-70.977
-70.997
-70.836
-70.818
-70.867
-70.882
-70.91
-71.033
-71.031
-70.941
-70.902
-70.963
-70.94
-70.924
-70.911
-70.888
-70.932
-70.839
-70.869
-70.879
-70.867
-70.79
-70.795
-70.826
-70.784
-70.795
-70.776
-70.757
-70.745
-70.619
-70.634
-70.619
-70.611
-70.456
-70.48
-70.491
-70.432
-70.484
-70.477
-70.544
-70.527
-70.514
-70.519
-70.474
-70.427
-70.457
-70.424
-70.397
-70.503
-70.448
-70.531
-70.519
-70.46
-70.383
-70.317
-70.367
-70.38
-70.324
-70.315
-70.294
-70.188
-70.243
-70.249
-70.291
-70.248
-70.192
-70.206
-70.092
-70.082
-70.003
-70.018
-70.008
-70.058
-70.037
-70.024
-69.971
-70.047
-70.028
-69.975
-70.007
-69.903
-69.866
-69.848
-69.776
-69.776
-69.772
-69.867
-69.879
-69.791
-69.784
-69.742
-69.712
-69.66
-69.686
-69.699
-69.728
-69.677
-69.587
-69.617
-69.688
-69.766
-69.701
-69.701
-69.811
-69.837
-69.841
-69.955
-69.908
-69.899
-69.832
-69.872
-69.866
-69.924
-69.905
-69.941
-69.934
-69.918
-69.903
-69.815
-69.837
-69.865
-69.881
-69.791
-69.864
-69.919
-69.909
-69.935
-69.956
-69.914
-69.927
-69.993
-69.959
-69.976
-69.942
-69.925
-69.999
-70
-70.04
-69.986
-69.989
-69.977
-69.988
-69.94
-69.858
-69.912
-69.891
-69.837
-69.932
-69.833
-69.88
-69.84
-69.825
-69.922
-69.882
-69.911
-69.967
-69.928
-69.865
-69.835
-69.778
-69.786
-69.793
-69.824
-69.87
-69.8
-69.782
-69.806
-69.806
-69.854
-69.873
-69.826
-69.862
-69.848
-69.755
-69.726
-69.768
-69.775
-69.786
-69.798
-69.735
-69.639
-69.603
-69.644
-69.554
-69.437
-69.422
-69.422
-69.417
-69.357
-69.38
-69.387
-69.424
-69.38
-69.424
-69.359
-69.391
-69.413
-69.373
-69.384
-69.321
-69.354
-69.355
-69.24
-69.235
-69.255
-69.228
-69.207
-69.276
-69.28
-69.206
-69.207
-69.19
-69.228
-69.132
-69.115
-69.097
-69.104
-69.128
-69.07
-69.08
-69.067
-69.013
-69.18
-69.152
-69.174
-69.173
-69.085
-69.113
-69.114
-69.129
-69.272
-69.244
-69.274
-69.229
-69.261
-69.198
-69.14
-69.132
-69.177
-69.162
-69.041
-69.105
-69.165
-69.192
-69.203
-69.18
-69.147
-69.169
-69.19
-69.22
-69.247
-69.233
-69.208
-69.174
-69.246
-69.222
-69.152
-69.173
-69.165
-69.178
-69.125
-69.083
-69.091
-68.968
-69.088
-69.121
-69.078
-69.035
-69.025
-68.973
-68.961
-69.003
-68.988
-68.973
-68.908
-68.908
-68.895
-68.885
-68.851
-68.894
-68.948
-68.961
-69.028
-69.04
-69.075
-69.105
-69.145
-69.109
-69.129
-69.214
-69.126
-69.108
-69.102
-69.076
-69.114
-69.132
-69.157
-69.079
-68.922
-68.956
-68.836
-68.811
-68.843
-68.726
-68.717
-68.689
-68.678
-68.677
-68.784
-68.753
-68.767
-68.651
-68.676
-68.624
-68.532
-68.446
-68.423
-68.359
-68.435
-68.397
-68.371
-68.348
-68.396
-68.401
-68.313
-68.36
-68.356
-68.312
-68.324
-68.314
-68.313
-68.31
-68.313
-68.238
-68.301
-68.301
-68.367
-68.339
-68.325
-68.248
-68.172
-68.216
-68.131
-68.11
-68.058
-67.963
-68.051
-68.076
-68.141
-68.179
-68.052
-68.012
-68.127
-68.063
-68.066
-68.063
-68.097
-68.053
-68.107
-68.045
-68.038
-68.006
-68.01
-67.987
-67.914
-67.863
-67.847
-67.867
-67.794
-67.782
-67.805
-67.701
-67.744
-67.741
-67.687
-67.652
-67.676
-67.71
-67.746
-67.655
-67.682
-67.633
-67.486
-67.386
-67.319
-67.322
-67.271
-67.254
-67.208
-67.159
-67.102
-67.107
-67.086
-66.998
-66.997
-67.015
-66.974
-66.982
-66.89
-66.909
-66.819
-66.773
-66.779
-66.799
-66.777
-66.794
-66.676
-66.651
-66.58
-66.633
-66.573
-66.645
-66.604
-66.655
-66.553
-66.456
-66.464
-66.38
-66.426
-66.505
-66.571
-66.588
-66.578
-66.585
-66.63
-66.613
-66.552
-66.483
-66.569
-66.575
-66.479
-66.477
-66.351
-66.297
-66.294
-66.218
-66.292
-66.24
-66.206
-66.209
-66.254
-66.104
-66.083
-66.062
-66.071
-66.058
-66.026
-65.974
-65.983
-66.011
-66.003
-65.917
-65.955
-65.928
-65.886
-65.87
-65.765
-65.848
-65.926
-65.865
-65.825
-65.757
-65.787
-65.784
-65.734
-65.661
-65.657
-65.583
-65.721
-65.631
-65.571
-65.645
-65.662
-65.607
-65.54
-65.563
-65.525
-65.404
-65.324
-65.343
-65.307
-65.295
-65.322
-65.277
-65.204
-65.209
-65.148
-65.027
-64.944
-64.93
-64.915
-64.968
-65.047
-65.051
-65.007
-64.947
-64.892
-64.87
-64.808
-64.822
-64.797
-64.743
-64.725
-64.63
-64.608
-64.565
-64.508
-64.548
-64.573
-64.645
-64.65
-64.637
-64.578
-64.502
-64.423
-64.359
-64.405
-64.495
-64.534
-64.497
-64.46
-64.394
-64.375
-64.419
-64.347
-64.333
-64.341
-64.304
-64.277
-64.273
-64.227
-64.261
-64.215
-64.16
-64.149
-64.065
-64.032
-64.006
-64.047
-63.951
-64.017
-64.018
-63.959
-63.928
-64.027
-64.038
-64.081
-64.166
-64.128
-64.06
-63.949
-63.857
-63.795
-63.753
-63.755
-63.731
-63.738
-63.786
-63.799
-63.794
-63.844
-63.84
-63.802
-63.881
-63.926
-63.925
-64.013
-64.01
-63.972
-63.938
-63.822
-63.813
-63.705
-63.682
-63.65
-63.652
-63.64
-63.623
-63.598
-63.585
-63.553
-63.552
-63.53
-63.455
-63.422
-63.412
-63.318
-63.307
-63.34
-63.284
-63.209
-63.261
-63.291
-63.359
-63.409
-63.386
-63.467
-63.518
-63.448
-63.518
-63.482
-63.421
-63.332
-63.35
-63.358
-63.313
-63.367
-63.366
-63.404
-63.371
-63.329
-63.304
-63.33
-63.316
-63.322
-63.387
-63.374
-63.352
-63.33
-63.279
-63.311
-63.266
-63.281
-63.297
-63.32
-63.405
-63.343
-63.297
-63.349
-63.367
-63.377
-63.488
-63.459
-63.54
-63.487
-63.452
-63.422
-63.411
-63.402
-63.454
-63.414
-63.415
-63.336
-63.345
-63.306
-63.429
-63.374
-63.303
-63.208
-63.201
-63.186
-63.275
-63.264
-63.253
-63.261
-63.312
-63.292
-63.248
-63.217
-63.135
-63.075
-63.113
-63.093
-63.101
-63.196
-63.239
-63.258
-63.247
-63.204
-63.176
-63.173
-63.061
-63.046
-63.132
-63.032
-63.061
-63.076
-63.072
-63.073
-63.055
-63.082
-63.058
-63.016
-63.06
-63.066
-62.981
-62.986
-62.897
-62.937
-62.974
-62.9
-62.907
-62.966
-63.049
-62.996
-62.986
-62.954
-62.921
-62.886
-62.843
-62.796
-62.871
-62.917
-62.958
-62.922
-62.918
-62.809
-62.752
-62.791
-62.704
-62.81
-62.807
-62.801
-62.861
-62.928
-62.892
-62.822
-62.796
-62.884
-62.832
-62.846
-62.866
-62.837
-62.862
-62.907
-62.873
-62.896
-62.893
-62.761
-62.799
-62.778
-62.821
-62.842
-62.822
-62.831
-62.861
-62.837
-62.867
-62.909
-62.913
-62.934
-62.937
-62.865
-62.858
-62.863
-62.845
-62.829
-62.83
-62.828
-62.831
-62.78
-62.832
-62.795
-62.707
-62.702
-62.716
-62.768
-62.722
-62.626
-62.66
-62.649
-62.619
-62.604
-62.627
-62.632
-62.572
-62.564
-62.585
-62.56
-62.536
-62.436
-62.417
-62.491
-62.458
-62.474
-62.447
-62.489
-62.527
-62.561
-62.565
-62.555
-62.461
-62.478
-62.49
-62.501
-62.493
-62.523
-62.616
-62.653
-62.77
-62.729
-62.639
-62.577
-62.59
-62.655
-62.597
-62.576
-62.543
-62.532
-62.503
-62.392
-62.393
-62.392
-62.339
-62.343
-62.384
-62.344
-62.391
-62.46
-62.456
-62.414
-62.397
-62.445
-62.417
-62.384
-62.35
-62.327
-62.389
-62.432
-62.413
-62.407
-62.372
-62.379
-62.382
-62.378
-62.44
-62.467
-62.473
-62.541
-62.507
-62.558
-62.593
-62.674
-62.61
-62.606
-62.573
-62.632
-62.544
-62.568
-62.53
-62.503
-62.604
-62.624
-62.702
-62.637
-62.658
-62.659
-62.602
-62.496
-62.429
-62.411
-62.379
-62.402
-62.359
-62.425
-62.462
-62.42
-62.41
-62.399
-62.353
-62.391
-62.421
-62.433
-62.467
-62.515
-62.531
-62.46
-62.457
-62.464
-62.405
-62.417
-62.35
-62.313
-62.358
-62.347
-62.285
-62.29
-62.261
-62.261
-62.277
-62.238
-62.32
-62.266
-62.367
-62.396
-62.389
-62.406
-62.405
-62.423
-62.422
-62.398
-62.444
-62.401
-62.289
-62.348
-62.292
-62.306
-62.298
-62.253
-62.277
-62.358
-62.379
-62.357
-62.322
-62.249
-62.145
-62.158
-62.222
-62.216
-62.179
-62.198
-62.208
-62.139
-62.168
-62.217
-62.192
-62.168
-62.191
-62.177
-62.244
-62.308
-62.314
-62.344
-62.313
-62.262
-62.298
-62.218
-62.171
-62.264
-62.205
-62.119
-62.084
-62.082
-62.201
-62.293
-62.425
-62.348
-62.27
-62.211
-62.216
-62.176
-62.113
-62.117
-62.053
-62.018
-62.05
-62.107
-62.106
-62.027
-62.074
-62.118
-62.096
-62.121
-62.152
-62.166
-62.24
-62.275
-62.162
-62.201
-62.105
-62.141
-62.147
-62.179
-62.16
-62.121
-62.185
-62.234
-62.189
-62.15
-62.191
-62.256
-62.288
-62.385
-62.387
-62.435
-62.333
-62.357
-62.378
-62.353
-62.356
-62.396
-62.355
-62.368
-62.351
-62.394
-62.373
-62.35
-62.311
-62.254
-62.333
-62.367
-62.347
-62.396
-62.371
-62.348
-62.334
-62.342
-62.3
-62.358
-62.432
-62.481
-62.432
-62.445
-62.479
-62.517
-62.453
-62.482
-62.514
-62.557
-62.427
-62.398
-62.352
-62.363
-62.387
-62.405
-62.375
-62.46
-62.458
-62.437
-62.471
-62.479
-62.542
-62.539
-62.601
-62.642
-62.572
-62.598
-62.508
-62.498
-62.491
-62.458
-62.406
-62.389
-62.428
-62.368
-62.384
-62.416
-62.334
-62.5
-62.562
-62.519
-62.526
-62.502
-62.5
-62.442
-62.399
-62.431
-62.395
-62.526
-62.466
-62.459
-62.441
-62.409
-62.42
-62.511
-62.535
-62.555
-62.539
-62.551
-62.653
-62.711
-62.692
-62.686
-62.663
-62.741
-62.782
-62.808
-62.899
-62.872
-62.78
-62.719
-62.754
-62.808
-62.851
-62.889
-62.804
-62.841
-62.901
-62.845
-62.871
-62.79
-62.765
-62.715
-62.806
-62.776
-62.872
-62.804
-62.813
-62.794
-62.702
-62.673
-62.692
-62.683
-62.657
-62.589
-62.623
-62.46
-62.44
-62.531
-62.568
-62.552
-62.551
-62.52
-62.439
-62.359
-62.266
-62.274
-62.286
-62.265
-62.272
-62.341
-62.321
-62.403
-62.482
-62.492
-62.527
-62.519
-62.489
-62.546
-62.464
-62.39
-62.432
-62.421
-62.448
-62.416
-62.467
-62.462
-62.494
-62.355
-62.329
-62.247
-62.289
-62.286
-62.317
-62.239
-62.308
-62.375
-62.429
-62.414
-62.472
-62.491
-62.442
-62.497
-62.553
-62.537
-62.563
-62.555
-62.583
-62.489
-62.517
-62.491
-62.436
-62.387
-62.395
-62.402
-62.508
-62.564
-62.529
-62.619
-62.594
-62.601
-62.574
-62.569
-62.681
-62.701
-62.75
-62.766
-62.729
-62.797
-62.881
-62.892
-62.897
-62.943
-63.043
-63.092
-63.055
-63.099
-63.093
-63.11
-63.118
-63.108
-63.106
-63.092
-63.077
-63.074
-63.1
-63.129
-63.12
-63.047
-63.046
-62.945
-62.84
-62.801
-62.826
-62.751
-62.67
-62.605
-62.509
-62.542
-62.519
-62.389
-62.303
-62.178
-62.067
-62.07
-62.089
-62.035
-61.994
-61.923
-61.889
-61.755
-61.698
-61.623
-61.512
-61.526
-61.521
-61.463
-61.393
-61.253
-61.21
-61.192
-61.219
-61.305
-61.211
-61.12
-61.053
-61.051
-61.06
-61.035
-60.925
-60.867
-60.807
-60.72
-60.62
-60.587
-60.466
-60.365
-60.316
-60.257
-60.137
-60.047
-59.96
-59.893
-59.906
-59.707
-59.571
-59.476
-59.46
-59.341
-59.277
-59.192
-59.038
-59.057
-59.056
-58.944
-58.833
-58.618
-58.429
-58.308
-58.304
-58.19
-58.083
-58.07
-58.006
-57.823
-57.784
-57.716
-57.593
-57.496
-57.359
-57.195
-57.112
-57.07
-56.965
-56.939
-56.821
-56.649
-56.605
-56.525
-56.321
-56.197
-56.121
-56.059
-55.998
-55.892
-55.849
-55.735
-55.695
-55.522
-55.463
-55.399
-55.281
-55.219
-55.007
-54.859
-54.657
-54.553
-54.354
-54.238
-54.098
-53.947
-53.793
-53.64
-53.481
-53.308
-53.128
-53.018
-52.818
-52.633
-52.442
-52.285
-52.153
-51.917
-51.684
-51.443
-51.245
-51.039
-50.784
-50.551
-50.323
-50.065
-49.806
-49.467
-49.098
-48.852
-48.423
-47.964
-47.589
-47.045
-46.533
-45.979
-45.332
-45
-45
-45
-45
-45
-45
-45
-45
-45
-45
-45
-45
-45
-45
-45
-45
-45
-45
-45
-45
-45
-45
-45
-45
-45
-45
-45
-45
-45
-45
-45
-45
-45
-45
-45
-45
-45
-45
-45
-45
-45
-45
-45
-45
-45
-45
-45
-45
-45
-45
-45
-45
-45
-45
-45
-45
-45
-45
-45
-45
-45
-45
-45
-45
-45
-45
-45
-45
-45
-45
-45
-45
-45
-45
-45
-45
-45
-45
-45
-45
-45
-45
-45
-45
-45
-45
-45
-45
-45
-45
-45
-45
-45
-45
-45
-45
-45
-45
-45
-45
-45
-45
-45
-45
-45
-45
-45
-45
-45
-45
-45
-45
-45
-45
-45
-45
-45
-45
-45
-45
-45
-45
-45
-45
-45
-45
-45
-45
-45
-45
-45
-45
-45
-45
-45
-45
-45
-45
-45
-45
-45
-45
-45
-45
-45
-45
-45
-45.34
-45.87
-46.399
-46.781
-47.325
-47.837
-48.459
-48.923
-49.444
-49.847
-50.328
-50.769
-51.123
-51.478
-51.891
-52.312
-52.7
-53.109
-53.44
-53.792
-54.11
-54.481
-54.789
-55.046
-55.191
-55.538
-55.763
-55.894
-56.25
-56.388
-56.585
-56.712
-56.833
-56.969
-57.163
-57.326
-57.444
-57.481
-57.533
-57.746
-57.774
-57.861
-57.978
-58.085
-58.151
-58.214
-58.277
-58.273
-58.378
-58.43
-58.417
-58.456
-58.478
-58.515
-58.524
-58.442
-58.482
-58.506
-58.511
-58.466
-58.479
-58.365
-58.348
-58.23
-58.162
-58.104
-57.97
-57.924
-57.961
-57.905
-57.804
-57.703
-57.666
-57.696
-57.39
-57.321
-57.219
-57.157
-57.192
-57.114
-56.973
-56.842
-56.665
-56.597
-56.494
-56.392
-56.209
-56.128
-56.124
-55.961
-55.847
-55.702
-55.642
-55.513
-55.346
-55.232
-55.117
-54.93
-54.869
-54.66
-54.61
-54.6
-54.565
-54.328
-54.177
-54.139
-54.025
-53.979
-53.79
-53.72
-53.644
-53.502
-53.472
-53.337
-53.28
-53.103
-52.881
-52.734
-52.629
-52.533
-52.389
-52.217
-52.188
-52.035
-51.881
-51.801
-51.759
-51.679
-51.478
-51.381
-51.222
-51.159
-51.028
-51.014
-50.905
-50.723
-50.657
-50.461
-50.367
-50.197
-50.04
-49.956
-49.852
-49.751
-49.608
-49.463
-49.409
-49.272
-49.11
-48.972
-48.822
-48.672
-48.538
-48.371
-48.295
-48.037
-47.861
-47.601
-47.369
-47.036
-46.751
-46.423
-46.136
-45.894
-45.643
-45.286
-45.033
-45
-45
-45
-45
-45
-45
-45
-45
-45
-45
-45
-45
-45
-45
-45
-45
-45
-45
-45
-45
-45
-45
-45
-45
-45
-45
-45
-45
-45
-45
-45
-45
-45
-45
-45
-45
-45
-45
-45
-45
-45
-45
-45
-45
-45
-45
-45
-45
-45
-45
-45
-45
-45
-45
-45
-45
-45
-45
-45
-45
-45
-45
-45
-45
-45
-45
-45
-45
-45
-45
-45
-45
-45
-45
-45
-45
-45
-45
-45
-45
-45
-45
-45
-45
-45
-45
-45
-45
-45
-45
-45
-45
-45
-45
-45
-45
-45
-45
-45
-45
-45
-45
-45
-45
-45
-45
-45
-45
-45
-45
-45
-45
-45
-45
-45
-45
-45
-45
-45
-45
-45
-45
-45
-45
-45
-45
-45
-45
-45
-45
-45
-45.034
-45.618
-46.211
-46.707
-47.295
-47.925
-48.492
-49.052
-49.59
-50.119
-50.6
-51.084
-51.643
-52.235
-52.765
-53.27
-53.632
-54.055
-54.534
-54.979
-55.487
-55.915
-56.25
-56.641
-57.034
-57.427
-57.795
-58.177
-58.403
-58.675
-58.83
-59.224
-59.49
-59.78
-60.013
-60.24
-60.411
-60.644
-60.815
-60.927
-61.004
-61.194
-61.306
-61.399
-61.44
-61.513
-61.676
-61.779
-61.825
-61.862
-61.905
-62.006
-62.013
-62.112
-62.209
-62.218
-62.302
-62.306
-62.315
-62.298
-62.306
-62.274
-62.228
-62.187
-62.205
-62.236
-62.265
-62.213
-62.168
-62.156
-62.109
-62.153
-62.091
-62.028
-62.106
-62.042
-61.887
-61.882
-61.802
-61.674
-61.684
-61.603
-61.483
-61.36
-61.215
-61.128
-61.047
-60.997
-60.896
-60.82
-60.656
-60.548
-60.437
-60.369
-60.388
-60.312
-60.241
-60.169
-60.068
-59.974
-59.926
-59.86
-59.742
-59.681
-59.556
-59.43
-59.304
-59.25
-59.143
-59.03
-59.013
-58.911
-58.827
-58.748
-58.642
-58.563
-58.412
-58.347
-58.174
-58.035
-57.842
-57.756
-57.763
-57.668
-57.564
-57.507
-57.366
-57.259
-57.214
-57.16
-57.067
-57.084
-56.958
-56.766
-56.682
-56.603
-56.626
-56.458
-56.361
-56.179
-56.028
-55.895
-55.878
-55.76
-55.577
-55.499
-55.456
-55.271
-55.205
-55.16
-55.061
-54.862
-54.689
-54.568
-54.533
-54.344
-54.188
-54.108
-54.083
-53.96
-53.787
-53.68
-53.608
-53.498
-53.422
-53.357
-53.254
-53.187
-53.075
-52.935
-52.748
-52.609
-52.439
-52.264
-52.149
-52.036
-51.906
-51.831
-51.566
-51.54
-51.493
-51.374
-51.325
-51.119
-50.93
-50.801
-50.664
-50.496
-50.34
-50.113
-49.919
-49.83
-49.609
-49.455
-49.169
-48.989
-48.784
-48.586
-48.458
-48.205
-47.931
-47.733
-47.467
-47.209
-46.956
-46.694
-46.377
-46.118
-45.777
-45.439
-45.045
-45
-45
-45
-45
-45
-45
-45
-45
-45
-45
-45
-45
-45
-45
-45
-45
-45
-45
-45
-45
-45
-45
-45
-45
-45
-45
-45
-45
-45
-45
-45
-45
-45
-45
-45
-45
-45
-45
-45
-45
-45
-45
-45
-45
-45
-45
-45
-45
-45
-45
-45
-45
-45
-45
-45
-45
-45
-45
-45
-45
-45
-45
-45
-45
-45
-45
-45
-45
-45
-45
-45
-45
-45
-45
-45
-45
-45
-45
-45
-45
-45
-45
-45
-45
-45
-45
-45
-45
-45
-45
-45
-45
-45
-45
-45
-45
-45
-45
-45.717
-47.055
-48.301
-49.574
-50.847
-52.114
-53.337
-54.53
-55.694
-56.844
-57.907
-59.051
-60.121
-61.123
-62.03
-62.842
-63.727
-64.531
-65.346
-65.999
-66.623
-67.21
-67.788
-68.397
-68.904
-69.457
-69.997
-70.472
-70.924
-71.342
-71.653
-72.057
-72.335
-72.63
-72.923
-73.146
-73.451
-73.769
-73.986
-74.222
-74.438
-74.567
-74.665
-74.841
-75.064
-75.179
-75.285
-75.451
-75.57
-75.659
-75.773
-75.897
-76.096
-76.19
-76.285
-76.402
-76.462
-76.429
-76.454
-76.509
-76.509
-76.569
-76.582
-76.64
-76.728
-76.851
-76.828
-76.849
-76.948
-77.071
-77.085
-77.179
-77.154
-77.075
-77.1
-77.198
-77.237
-77.291
-77.278
-77.245
-77.227
-77.237
-77.223
-77.224
-77.202
-77.186
-77.189
-77.192
-77.181
-77.227
-77.275
-77.208
-77.239
-77.271
-77.22
-77.234
-77.191
-77.101
-77.09
-77.148
-77.137
-77.19
-77.233
-77.249
-77.191
-77.223
-77.279
-77.305
-77.323
-77.36
-77.387
-77.402
-77.383
-77.374
-77.293
-77.367
-77.292
-77.33
-77.325
-77.334
-77.295
-77.249
-77.247
-77.245
-77.249
-77.302
-77.295
-77.335
-77.26
-77.217
-77.229
-77.291
-77.265
-77.342
-77.432
-77.518
-77.651
-77.695
-77.748
-77.733
-77.725
-77.658
-77.641
-77.686
-77.611
-77.522
-77.572
-77.659
-77.686
-77.733
-77.721
-77.721
-77.697
-77.719
-77.722
-77.758
-77.789
-77.763
-77.659
-77.546
-77.541
-77.61
-77.549
-77.536
-77.646
-77.607
-77.66
-77.646
-77.754
-77.652
-77.66
-77.681
-77.672
-77.598
-77.626
-77.612
-77.678
-77.669
-77.746
-77.768
-77.708
-77.745
-77.726
-77.795
-77.773
-77.77
-77.753
-77.792
-77.778
-77.861
-77.918
-77.963
-78.031
-78.036
-78.034
-78.089
-78.013
-77.985
-78.044
-78.042
-78.112
-78.148
-78.165
-78.158
-78.128
-78.054
-78.153
-78.149
-78.19
-78.122
-78.154
-78.106
-78.113
-78.106
-78.178
-78.174
-78.246
-78.21
-78.108
-77.99
-77.95
-77.951
-77.992
-77.976
-77.924
-77.968
-77.96
-77.977
-77.799
-77.785
-77.902
-77.914
-77.965
-77.979
-78.003
-78.032
-78.039
-78.06
-78.07
-78.079
-78.085
-78.102
-78.074
-78.08
-78.083
-78.181
-78.141
-78.191
-78.263
-78.409
-78.331
-78.41
-78.368
-78.389
-78.352
-78.399
-78.393
-78.306
-78.324
-78.353
-78.307
-78.38
-78.282
-78.312
-78.325
-78.362
-78.376
-78.339
-78.354
-78.345
-78.347
-78.389
-78.388
-78.356
-78.355
-78.344
-78.314
-78.381
-78.351
-78.411
-78.415
-78.453
-78.503
-78.442
-78.478
-78.491
-78.459
-78.541
-78.52
-78.58
-78.68
-78.614
-78.741
-78.771
-78.844
-78.861
-78.824
-78.683
-78.698
-78.744
-78.72
-78.759
-78.742
-78.673
-78.681
-78.596
-78.679
-78.611
-78.557
-78.667
-78.653
-78.554
-78.675
-78.68
-78.731
-78.749
-78.731
-78.761
-78.712
-78.7
-78.827
-78.755
-78.668
-78.691
-78.642
-78.725
-78.774
-78.775
-78.796
-78.819
-78.858
-78.801
-78.77
-78.705
-78.765
-78.803
-78.72
-78.687
-78.665
-78.62
-78.555
-78.633
-78.642
-78.597
-78.604
-78.572
-78.536
-78.57
-78.651
-78.594
-78.547
-78.495
-78.484
-78.507
-78.515
-78.474
-78.414
-78.382
-78.388
-78.291
-78.226
-78.19
-78.134
-78.161
-78.09
-78.097
-78.217
-78.136
-78.1
-78.086
-78.008
-78.05
-77.974
-78
-78.067
-77.955
-77.927
-77.85
-77.844
-77.825
-77.862
-77.87
-77.833
-77.867
-77.809
-77.797
-77.836
-77.748
-77.711
-77.712
-77.707
-77.767
-77.781
-77.636
-77.577
-77.555
-77.544
-77.569
-77.672
-77.656
-77.677
-77.746
-77.69
-77.699
-77.748
-77.757
-77.662
-77.715
-77.801
-77.782
-77.772
-77.771
-77.775
-77.77
-77.786
-77.73
-77.672
-77.719
-77.799
-77.773
-77.708
-77.645
-77.649
-77.552
-77.581
-77.438
-77.376
-77.275
-77.208
-77.18
-77.256
-77.125
-77.06
-76.921
-76.949
-76.769
-76.694
-76.539
-76.341
-76.284
-76.267
-76.248
-76.077
-76.072
-76.035
-75.965
-75.927
-75.838
-75.663
-75.664
-75.645
-75.601
-75.549
-75.509
-75.482
-75.486
-75.473
-75.332
-75.219
-75.187
-75.13
-75.09
-75.069
-75.124
-75.05
-75.028
-74.993
-74.87
-74.816
-74.752
-74.687
-74.587
-74.576
-74.553
-74.47
-74.41
-74.406
-74.34
-74.306
-74.254
-74.179
-74.072
-74.018
-74.017
-73.998
-73.997
-73.874
-73.785
-73.82
-73.891
-73.687
-73.7
-73.68
-73.702
-73.584
-73.598
-73.584
-73.546
-73.716
-73.647
-73.639
-73.593
-73.611
-73.598
-73.603
-73.611
-73.627
-73.49
-73.467
-73.391
-73.392
-73.413
-73.349
-73.494
-73.407
-73.301
-73.334
-73.227
-73.172
-73.203
-73.17
-73.174
-73.125
-73.057
-73.073
-73.145
-73.178
-73.123
-73.129
-73.225
-73.229
-73.155
-73.13
-73.179
-73.135
-73.128
-73.11
-73.194
-73.168
-73.114
-73.197
-73.235
-73.239
-73.245
-73.202
-73.185
-73.154
-73.203
-73.189
-73.056
-73.057
-73.082
-73.027
-73.071
-72.994
-73.034
-73.074
-73.109
-73.123
-73.2
-73.281
-73.305
-73.387
-73.399
-73.448
-73.39
-73.408
-73.445
-73.456
-73.473
-73.461
-73.509
-73.459
-73.45
-73.471
-73.504
-73.586
-73.601
-73.602
-73.635
-73.609
-73.614
-73.65
-73.655
-73.723
-73.771
-73.765
-73.827
-73.739
-73.785
-73.798
-73.76
-73.776
-73.741
-73.753
-73.788
-73.866
-73.941
-73.93
-73.983
-73.98
-74.043
-74.119
-74.148
-74.166
-74.2
-74.153
-74.182
-74.18
-74.17
-74.262
-74.385
-74.359
-74.331
-74.24
-74.223
-74.27
-74.289
-74.274
-74.305
-74.299
-74.324
-74.307
-74.348
-74.415
-74.456
-74.574
-74.593
-74.63
-74.727
-74.777
-74.892
-75.009
-75.087
-75.248
-75.201
-75.4
-75.416
-75.539
-75.533
-75.596
-75.675
-75.745
-75.848
-75.901
-75.899
-75.906
-76.005
-76.102
-76.231
-76.32
-76.398
-76.405
-76.493
-76.539
-76.54
-76.498
-76.515
-76.565
-76.551
-76.485
-76.488
-76.51
-76.661
-76.661
-76.776
-76.803
-76.838
-76.914
-76.912
-76.986
-77.106
-77.081
-77.155
-77.243
-77.287
-77.231
-77.302
-77.34
-77.465
-77.504
-77.555
-77.488
-77.518
-77.443
-77.409
-77.39
-77.425
-77.468
-77.501
-77.603
-77.615
-77.633
-77.648
-77.681
-77.696
-77.68
-77.676
-77.633
-77.616
-77.637
-77.697
-77.684
-77.667
-77.721
-77.741
-77.824
-77.818
-77.861
-77.847
-77.855
-77.804
-77.791
-77.88
-77.899
-77.853
-77.789
-77.928
-77.984
-77.99
-77.965
-77.992
-77.978
-78.002
-77.991
-78.007
-78.097
-78.043
-78.052
-78.045
-78.048
-78.07
-78.04
-78.017
-78.058
-78.036
-77.974
-78.032
-78.108
-78
-78.023
-78.05
-77.921
-77.944
-77.978
-77.973
-78.089
-78.098
-78.199
-78.215
-78.146
-78.044
-78.121
-78.223
-78.365
-78.357
-78.397
-78.386
-78.43
-78.38
-78.382
-78.395
-78.388
-78.421
-78.424
-78.485
-78.494
-78.525
-78.503
-78.503
-78.543
-78.534
-78.538
-78.657
-78.676
-78.585
-78.532
-78.577
-78.496
-78.61
-78.552
-78.64
-78.603
-78.63
-78.65
-78.586
-78.555
-78.537
-78.538
-78.566
-78.597
-78.563
-78.607
-78.652
-78.605
-78.576
-78.552
-78.592
-78.591
-78.613
-78.575
-78.567
-78.566
-78.427
-78.529
-78.555
-78.621
-78.66
-78.614
-78.534
-78.578
-78.525
-78.648
-78.712
-78.666
-78.813
-78.878
-78.86
-78.901
-78.842
-78.793
-78.789
-78.756
-78.734
-78.783
-78.821
-78.784
-78.838
-78.743
-78.668
-78.677
-78.728
-78.767
-78.749
-78.788
-78.721
-78.85
-78.851
-78.836
-78.889
-78.945
-78.948
-78.912
-78.885
-78.895
-78.841
-78.842
-78.817
-78.846
-78.86
-78.937
-78.83
-78.754
-78.745
-78.759
-78.719
-78.744
-78.739
-78.788
-78.807
-78.863
-78.925
-78.941
-78.915
-78.921
-78.899
-78.959
-79.013
-79.064
-79.019
-79.001
-78.947
-78.989
-79.029
-79.041
-78.96
-78.856
-78.892
-78.826
-78.783
-78.783
-78.783
-78.8
-78.725
-78.683
-78.681
-78.619
-78.614
-78.543
-78.601
-78.636
-78.686
-78.624
-78.576
-78.552
-78.475
-78.475
-78.506
-78.522
-78.615
-78.563
-78.559
-78.574
-78.593
-78.604
-78.59
-78.535
-78.473
-78.49
-78.364
-78.398
-78.423
-78.389
-78.367
-78.29
-78.288
-78.291
-78.283
-78.287
-78.311
-78.303
-78.322
-78.348
-78.311
-78.319
-78.166
-78.071
-78.012
-77.981
-77.939
-77.964
-77.948
-77.932
-77.934
-77.845
-77.795
-77.914
-77.874
-77.808
-77.803
-77.76
-77.856
-77.883
-77.902
-77.91
-77.938
-77.986
-77.939
-77.975
-77.964
-77.937
-77.864
-77.944
-77.941
-77.994
-77.953
-77.988
-77.955
-77.955
-78.007
-78.056
-78.004
-77.992
-77.958
-77.909
-77.93
-77.946
-77.951
-78.038
-77.959
-77.983
-77.993
-78.023
-78.039
-78.106
-78.112
-78.128
-78.099
-78.076
-78.06
-78.053
-78.041
-78.012
-78.113
-78.143
-78.133
-78.174
-78.243
-78.219
-78.295
-78.261
-78.304
-78.236
-78.291
-78.225
-78.208
-78.158
-78.19
-78.153
-78.192
-78.142
-78.23
-78.213
-78.257
-78.207
-78.194
-78.33
-78.346
-78.321
-78.359
-78.302
-78.258
-78.312
-78.326
-78.344
-78.326
-78.338
-78.293
-78.419
-78.422
-78.401
-78.31
-78.337
-78.356
-78.499
-78.551
-78.537
-78.45
-78.514
-78.537
-78.428
-78.495
-78.48
-78.475
-78.459
-78.448
-78.394
-78.419
-78.363
-78.373
-78.446
-78.465
-78.574
-78.597
-78.611
-78.686
-78.732
-78.72
-78.727
-78.791
-78.883
-78.939
-78.898
-78.946
-79.003
-79.066
-79.091
-79.141
-79.192
-79.262
-79.252
-79.191
-79.206
-79.255
-79.205
-79.107
-79.048
-79.144
-79.14
-79.133
-79.168
-79.043
-79.03
-79.079
-78.977
-79.011
-79.021
-79.041
-79.13
-79.153
-79.134
-79.185
-79.172
-79.173
-79.159
-79.168
-79.165
-79.082
-78.986
-78.899
-78.887
-78.916
-78.966
-78.929
-78.928
-78.913
-78.908
-78.824
-78.875
-78.901
-78.986
-78.953
-78.913
-78.871
-78.782
-78.808
-78.825
-78.829
-78.862
-78.895
-78.993
-78.98
-79.022
-79.036
-78.969
-79.036
-79.085
-79.062
-79.043
-79.098
-79.012
-79.006
-78.871
-78.861
-78.966
-79.003
-79.049
-79.01
-79.01
-79.014
-79.054
-79.027
-79.003
-78.974
-78.972
-78.918
-78.999
-78.938
-78.927
-78.96
-78.994
-78.983
-79.047
-79.104
-79.069
-79.052
-78.961
-78.933
-79.013
-78.979
-79.011
-79.054
-79.22
-79.289
-79.323
-79.427
-79.385
-79.421
-79.388
-79.391
-79.299
-79.39
-79.515
-79.468
-79.419
-79.425
-79.442
-79.481
-79.437
-79.447
-79.461
-79.429
-79.35
-79.354
-79.46
-79.408
-79.371
-79.394
-79.467
-79.498
-79.451
-79.462
-79.378
-79.369
-79.415
-79.428
-79.516
-79.513
-79.463
-79.562
-79.564
-79.501
-79.463
-79.488
-79.55
-79.619
-79.577
-79.591
-79.648
-79.568
-79.565
-79.623
-79.592
-79.587
-79.616
-79.604
-79.639
-79.644
-79.604
-79.541
-79.524
-79.5
-79.5
-79.541
-79.622
-79.6
-79.596
-79.575
-79.582
-79.498
-79.584
-79.64
-79.617
-79.634
-79.613
-79.593
-79.534
-79.621
-79.641
-79.671
-79.586
-79.666
-79.57
-79.53
-79.527
-79.527
-79.59
-79.639
-79.619
-79.666
-79.682
-79.609
-79.601
-79.521
-79.481
-79.527
-79.587
-79.72
-79.668
-79.658
-79.564
-79.575
-79.615
-79.738
-79.661
-79.77
-79.693
-79.768
-79.782
-79.839
-79.836
-79.833
-79.811
-79.775
-79.833
-79.992
-79.928
-79.984
-79.891
-79.797
-79.772
-79.723
-79.79
-79.752
-79.69
-79.784
-79.775
-79.89
-79.911
-79.947
-79.94
-79.927
-79.902
-79.889
-79.802
-79.766
-79.72
-79.674
-79.716
-79.742
-79.725
-79.623
-79.662
-79.684
-79.624
-79.651
-79.7
-79.651
-79.577
-79.595
-79.51
-79.437
-79.479
-79.496
-79.455
-79.522
-79.507
-79.474
-79.447
-79.488
-79.463
-79.545
-79.603
-79.599
-79.549
-79.614
-79.644
-79.67
-79.606
-79.598
-79.587
-79.571
-79.544
-79.607
-79.642
-79.7
-79.712
-79.74
-79.706
-79.657
-79.569
-79.541
-79.585
-79.501
-79.465
-79.545
-79.418
-79.468
-79.397
-79.461
-79.352
-79.356
-79.364
-79.264
-79.218
-79.312
-79.347
-79.333
-79.33
-79.312
-79.315
-79.386
-79.359
-79.323
-79.28
-79.194
-79.158
-79.186
-79.218
-79.331
-79.42
-79.453
-79.555
-79.509
-79.579
-79.57
-79.587
-79.555
-79.591
-79.595
-79.63
-79.657
-79.751
-79.793
-79.781
-79.804
-79.789
-79.848
-79.734
-79.695
-79.682
-79.637
-79.712
-79.753
-79.774
-79.783
-79.721
-79.809
-79.882
-79.872
-79.814
-79.905
-79.86
-79.841
-79.78
-79.766
-79.83
-79.894
-79.921
-79.897
-79.98
-80.015
-79.928
-79.881
-79.844
-79.837
-79.798
-79.806
-79.884
-79.963
-79.957
-79.93
-80.033
-80.092
-80.051
-80.094
-79.948
-79.941
-79.924
-79.889
-79.831
-79.807
-79.729
-79.786
-79.759
-79.769
-79.834
-79.903
-79.928
-79.877
-79.894
-79.916
-79.904
-79.989
-79.923
-79.876
-79.92
-79.932
-79.948
-79.975
-79.969
-79.918
-79.897
-79.874
-79.885
-79.907
-79.918
-79.91
-79.93
-79.919
-79.974
-79.993
-79.912
-79.879
-79.877
-79.843
-79.921
-79.871
-79.91
-79.938
-79.896
-79.836
-79.854
-79.961
-80.05
-80.03
-80.026
-80.057
-80.049
-80.052
-80.112
-80.101
-80.021
-79.962
-79.981
-80.118
-80.182
-80.189
-80.057
-80.071
-80.066
-79.99
-80.047
-80.019
-80.074
-80.093
-80.048
-80.081
-80.061
-80.071
-80.078
-80.094
-80.106
-80.103
-80.162
-80.248
-80.228
-80.256
-80.288
-80.315
-80.249
-80.278
-80.298
-80.239
-80.184
-80.143
-80.164
-80.169
-80.127
-80.159
-80.079
-80.054
-79.961
-79.972
-79.932
-79.968
-80.042
-80.063
-80.086
-80.105
-80.13
-80.04
-80.057
-80.036
-80.116
-80.064
-80.072
-80.053
-80.023
-80.062
-80.072
-79.988
-80.003
-79.96
-79.909
-79.899
-79.9
-79.864
-79.869
-79.95
-80.003
-80.107
-80.058
-80.081
-80.031
-80.023
-80.036
-80.217
-80.173
-80.123
-80.239
-80.26
-80.359
-80.296
-80.364
-80.323
-80.314
-80.286
-80.314
-80.294
-80.343
-80.283
-80.273
-80.265
-80.385
-80.317
-80.294
-80.309
-80.234
-80.248
-80.179
-80.241
-80.259
-80.292
-80.217
-80.079
-80.144
-80.174
-80.173
-80.161
-80.099
-80.116
-80.162
-80.241
-80.17
-80.097
-80.044
-79.973
-79.89
-79.914
-79.998
-79.984
-79.985
-79.961
-79.95
-79.956
-79.913
-79.905
-79.924
-79.907
-79.997
-80.002
-80.026
-80.054
-80.144
-80.166
-80.092
-80.076
-80.104
-80.25
-80.283
-80.372
-80.294
-80.284
-80.348
-80.309
-80.399
-80.35
-80.309
-80.42
-80.428
-80.373
-80.442
-80.392
-80.474
-80.505
-80.432
-80.502
-80.471
-80.457
-80.5
-80.494
-80.466
-80.396
-80.439
-80.445
-80.498
-80.523
-80.542
-80.587
-80.637
-80.571
-80.55
-80.616
-80.503
-80.561
-80.533
-80.452
-80.359
-80.435
-80.371
-80.375
-80.42
-80.346
-80.23
-80.225
-80.18
-80.116
-80.159
-80.116
-80.183
-80.194
-80.198
-80.069
-80.188
-80.241
-80.25
-80.265
-80.269
-80.197
-80.215
-80.19
-80.211
-80.143
-80.2
-80.227
-80.219
-80.228
-80.249
-80.293
-80.26
-80.223
-80.198
-80.154
-80.106
-80.121
-80.113
-80.033
-80.043
-80.1
-80.105
-80.125
-80.204
-80.14
-80.048
-80.014
-79.914
-79.95
-80.06
-79.983
-79.941
-79.918
-79.894
-79.949
-80.076
-80.03
-80.126
-80.204
-80.133
-80.174
-80.166
-80.099
-80.069
-80.069
-80.048
-80.122
-80.152
-80.259
-80.22
-80.254
-80.262
-80.303
-80.268
-80.192
-80.169
-80.104
-80.207
-80.171
-80.208
-80.173
-80.22
-80.204
-80.153
-80.194
-80.14
-80.134
-80.082
-80.079
-80.125
-80.1
-80.083
-80.065
-80.067
-80.125
-80.063
-80.08
-80.02
-80.014
-80.004
-80.001
-79.956
-80.024
-80.041
-79.985
-80.071
-80.016
-80.116
-80.182
-80.223
-80.188
-80.275
-80.196
-80.168
-80.149
-80.225
-80.207
-80.179
-80.204
-80.178
-80.169
-80.203
-80.185
-80.195
-80.22
-80.335
-80.366
-80.432
-80.483
-80.454
-80.457
-80.504
-80.46
-80.465
-80.539
-80.463
-80.54
-80.429
-80.365
-80.36
-80.374
-80.391
-80.474
-80.462
-80.341
-80.37
-80.427
-80.471
-80.534
-80.573
-80.6
-80.539
-80.519
-80.435
-80.485
-80.439
-80.417
-80.324
-80.34
-80.243
-80.229
-80.223
-80.175
-80.166
-80.211
-80.136
-80.09
-80.112
-80.098
-80.109
-80.114
-80.08
-80.142
-80.181
-80.085
-80.14
-80.081
-80.096
-80.131
-80.104
-80.003
-79.941
-79.983
-80.032
-79.955
-79.934
-79.966
-80.006
-80.005
-79.993
-79.973
-79.906
-79.905
-79.845
-79.914
-79.93
-79.903
-79.884
-79.938
-80.008
-80.036
-80.072
-80.112
-80.069
-80.079
-80.087
-79.978
-79.986
-80.011
-79.976
-80.004
-80.013
-79.951
-79.909
-79.949
-79.921
-79.983
-79.875
-79.835
-79.798
-79.835
-79.895
-79.976
-79.892
-79.919
-79.97
-79.998
-80.004
-79.949
-79.876
-79.835
-79.862
-79.942
-79.868
-79.926
-79.924
-79.941
-79.983
-79.955
-79.975
-80.052
-80.052
-80.025
-80.015
-80.121
-80.108
-80.068
-80.057
-80.067
-80.022
-79.965
-79.9
-79.909
-79.985
-79.882
-79.822
-79.837
-79.905
-79.835
-79.859
-79.884
-79.837
-79.807
-79.794
-79.858
-79.84
-79.875
-79.861
-79.854
-79.885
-79.935
-79.973
-79.969
-79.985
-79.943
-79.912
-79.894
-79.899
-79.867
-79.932
-79.968
-80.021
-80.099
-80.122
-80.075
-80.075
-80.083
-80.091
-80.032
-80.083
-80.143
-80.228
-80.125
-80.164
-80.209
-80.267
-80.287
-80.332
-80.4
-80.329
-80.364
-80.313
-80.362
-80.322
-80.341
-80.359
-80.263
-80.209
-80.187
-80.235
-80.246
-80.197
-80.264
-80.284
-80.245
-80.188
-80.138
-80.146
-80.128
-80.194
-80.179
-80.12
-80.116
-80.033
-79.92
-79.951
-79.994
-79.948
-79.932
-79.942
-79.871
-79.99
-79.98
-80.069
-80.129
-80.127
-80.147
-80.078
-80.138
-80.064
-80.121
-80.104
-80.127
-80.155
-80.165
-80.133
-80.166
-80.115
-80.05
-80.113
-80.162
-80.152
-80.269
-80.209
-80.267
-80.247
-80.25
-80.215
-80.132
-80.191
-80.249
-80.246
-80.189
-80.197
-80.189
-80.172
-80.163
-80.179
-80.182
-80.288
-80.346
-80.395
-80.39
-80.382
-80.403
-80.319
-80.392
-80.439
-80.519
-80.545
-80.587
-80.654
-80.713
-80.791
-80.765
-80.782
-80.767
-80.793
-80.815
-80.682
-80.558
-80.639
-80.663
-80.648
-80.643
-80.548
-80.525
-80.49
-80.432
-80.394
-80.408
-80.523
-80.522
-80.488
-80.521
-80.558
-80.531
-80.483
-80.533
-80.679
-80.668
-80.631
-80.666
-80.646
-80.744
-80.673
-80.523
-80.548
-80.568
-80.62
-80.629
-80.633
-80.572
-80.603
-80.497
-80.517
-80.522
-80.505
-80.503
-80.48
-80.37
-80.523
-80.511
-80.489
-80.426
-80.438
-80.456
-80.479
-80.337
-80.392
-80.356
-80.386
-80.409
-80.386
-80.381
-80.388
-80.363
-80.347
-80.301
-80.303
-80.333
-80.38
-80.462
-80.424
-80.344
-80.341
-80.306
-80.354
-80.332
-80.31
-80.354
-80.366
-80.33
-80.319
-80.364
-80.321
-80.19
-80.227
-80.28
-80.37
-80.375
-80.346
-80.355
-80.377
-80.403
-80.396
-80.443
-80.408
-80.366
-80.404
-80.402
-80.418
-80.352
-80.359
-80.424
-80.442
-80.387
-80.391
-80.41
-80.402
-80.403
-80.429
-80.464
-80.456
-80.435
-80.383
-80.43
-80.446
-80.538
-80.674
-80.749
-80.8
-80.813
-80.795
-80.761
-80.844
-80.841
-80.798
-80.725
-80.745
-80.703
-80.729
-80.713
-80.759
-80.753
-80.791
-80.797
-80.863
-80.855
-80.872
-80.817
-80.836
-80.876
-80.858
-80.848
-80.885
-80.87
-80.877
-80.854
-80.842
-80.839
-80.935
-80.991
-80.945
-80.912
-80.878
-80.933
-80.92
-80.807
-80.736
-80.826
-80.831
-80.81
-80.824
-80.891
-80.89
-80.897
-80.837
-80.748
-80.779
-80.692
-80.637
-80.61
-80.665
-80.685
-80.688
-80.692
-80.657
-80.579
-80.614
-80.577
-80.489
-80.439
-80.441
-80.545
-80.613
-80.585
-80.617
-80.641
-80.658
-80.755
-80.773
-80.751
-80.777
-80.836
-80.786
-80.737
-80.808
-80.803
-80.756
-80.739
-80.729
-80.732
-80.742
-80.715
-80.747
-80.769
-80.871
-80.82
-80.755
-80.711
-80.644
-80.639
-80.653
-80.682
-80.672
-80.735
-80.72
-80.698
-80.755
-80.822
-80.713
-80.652
-80.733
-80.78
-80.843
-80.85
-80.947
-81.035
-81.015
-81.112
-81.103
-81.058
-81.045
-81.097
-81.162
-81.255
-81.226
-81.126
-81.143
-81.139
-81.089
-81.114
-81.205
-81.212
-81.212
-81.218
-81.286
-81.241
-81.305
-81.312
-81.306
-81.268
-81.25
-81.251
-81.19
-81.086
-81.01
-80.968
-81.013
-80.92
-80.98
-80.973
-80.991
-80.954
-80.965
-80.913
-80.911
-80.948
-80.963
-80.913
-80.899
-80.878
-80.886
-80.821
-80.806
-80.79
-80.868
-80.952
-81.039
-80.942
-80.86
-80.782
-80.79
-80.797
-80.666
-80.657
-80.673
-80.663
-80.641
-80.587
-80.591
-80.607
-80.581
-80.542
-80.533
-80.547
-80.557
-80.53
-80.569
-80.628
-80.61
-80.546
-80.539
-80.546
-80.49
-80.542
-80.477
-80.44
-80.55
-80.503
-80.494
-80.464
-80.524
-80.483
-80.443
-80.45
-80.367
-80.381
-80.298
-80.318
-80.268
-80.242
-80.253
-80.179
-80.195
-80.252
-80.199
-80.239
-80.241
-80.248
-80.278
-80.227
-80.23
-80.187
-80.107
-80.112
-80.065
-80.083
-80.023
-80.046
-80.063
-80.032
-80.043
-80.144
-80.151
-80.087
-79.971
-80.058
-80.033
-80.06
-80.089
-80.184
-80.182
-80.223
-80.184
-80.277
-80.242
-80.304
-80.28
-80.23
-80.212
-80.247
-80.264
-80.325
-80.352
-80.335
-80.205
-80.29
-80.321
-80.28
-80.282
-80.376
-80.413
-80.456
-80.431
-80.313
-80.409
-80.473
-80.451
-80.473
-80.511
-80.468
-80.443
-80.467
-80.452
-80.442
-80.565
-80.502
-80.53
-80.602
-80.582
-80.53
-80.616
-80.669
-80.665
-80.709
-80.779
-80.785
-80.782
-80.767
-80.763
-80.868
-80.85
-80.892
-80.931
-80.935
-80.97
-81.019
-81.082
-81.108
-81.135
-81.177
-81.22
-81.145
-81.121
-81.038
-81.115
-81.113
-81.111
-81.144
-81.089
-81.167
-81.125
-81.167
-81.151
-81.127
-81.117
-81.132
-81.115
-81.154
-81.136
-81.113
-81.076
-81.079
-81.05
-81.005
-80.936
-80.902
-80.93
-80.863
-80.895
-80.862
-80.896
-80.902
-80.96
-80.912
-80.897
-80.844
-80.844
-80.955
-80.956
-80.955
-80.892
-80.895
-80.857
-80.86
-80.879
-80.889
-80.929
-80.875
-80.919
-80.922
-80.94
-80.868
-80.937
-80.947
-81.014
-80.961
-80.917
-80.873
-80.916
-80.832
-80.8
-80.757
-80.705
-80.691
-80.704
-80.699
-80.644
-80.57
-80.548
-80.528
-80.585
-80.499
-80.497
-80.528
-80.544
-80.587
-80.604
-80.611
-80.587
-80.601
-80.494
-80.506
-80.514
-80.545
-80.55
-80.587
-80.647
-80.741
-80.713
-80.701
-80.67
-80.782
-80.754
-80.782
-80.866
-80.927
-81.012
-80.975
-81.098
-81.119
-81.115
-81.122
-81.122
-81.153
-81.204
-81.072
-81.119
-81.096
-81.03
-80.977
-80.904
-80.89
-80.827
-80.815
-80.948
-80.959
-80.972
-81.022
-81.022
-80.974
-80.937
-80.98
-80.862
-80.842
-80.848
-80.898
-80.922
-80.847
-80.845
-80.881
-80.887
-80.9
-80.979
-80.869
-80.831
-80.864
-80.82
-80.788
-80.855
-80.886
-80.794
-80.795
-80.839
-80.797
-80.852
-80.79
-80.803
-80.906
-80.944
-81.008
-81.003
-80.95
-80.878
-80.885
-80.948
-80.916
-80.917
-80.941
-80.974
-80.989
-80.944
-81.041
-81.096
-81.102
-81.062
-81
-80.904
-80.871
-80.803
-80.811
-80.732
-80.723
-80.654
-80.677
-80.692
-80.65
-80.646
-80.723
-80.791
-80.83
-80.824
-80.817
-80.812
-80.839
-80.869
-80.914
-80.942
-80.996
-80.98
-81.025
-81.021
-81.038
-81.037
-81.028
-81.076
-81.075
-81.081
-81.011
-81.012
-81.035
-80.99
-81.027
-81.028
-80.927
-80.906
-80.912
-80.912
-80.922
-80.894
-80.844
-80.839
-80.776
-80.783
-80.823
-80.815
-80.785
-80.81
-80.898
-80.946
-80.899
-80.913
-80.931
-80.883
-80.853
-80.888
-80.742
-80.863
-80.843
-80.934
-80.803
-80.693
-80.734
-80.766
-80.744
-80.722
-80.702
-80.729
-80.786
-80.741
-80.825
-80.859
-80.773
-80.827
-80.853
-80.825
-80.832
-80.798
-80.855
-80.928
-80.91
-80.852
-80.901
-80.932
-80.954
-80.957
-80.955
-81.063
-81.062
-81.172
-81.122
-81.09
-81.066
-80.975
-80.925
-80.888
-80.775
-80.664
-80.727
-80.715
-80.718
-80.745
-80.642
-80.606
-80.653
-80.622
-80.677
-80.62
-80.623
-80.599
-80.506
-80.562
-80.53
-80.593
-80.546
-80.479
-80.503
-80.479
-80.427
-80.494
-80.491
-80.593
-80.646
-80.627
-80.519
-80.523
-80.57
-80.65
-80.641
-80.628
-80.654
-80.728
-80.875
-80.796
-80.785
-80.916
-80.94
-80.942
-80.962
-80.975
-80.927
-81.033
-81.051
-81.03
-81.055
-81.018
-80.982
-81.006
-81.015
-81.057
-81.059
-81.058
-81.011
-81.118
-81.115
-81.159
-81.198
-81.056
-81.049
-81.11
-81.145
-81.132
-81.122
-81.17
-81.199
-81.084
-81.177
-81.132
-81.102
-81.2
-81.222
-81.289
-81.355
-81.306
-81.339
-81.314
-81.224
-81.248
-81.316
-81.273
-81.237
-81.19
-81.133
-81.216
-81.168
-81.111
-81.203
-81.226
-81.211
-81.191
-81.101
-81.045
-81.06
-81.025
-81.053
-81.085
-81.09
-81.059
-81.037
-80.908
-80.887
-80.884
-80.894
-80.948
-80.964
-80.969
-81.008
-81.001
-81.042
-81.047
-81.079
-81.122
-81.182
-81.119
-81.207
-81.237
-81.26
-81.314
-81.303
-81.301
-81.336
-81.325
-81.329
-81.259
-81.249
-81.222
-81.189
-81.133
-81.192
-81.207
-81.141
-81.09
-81.151
-81.167
-81.149
-81.133
-81.176
-81.202
-81.213
-81.201
-81.133
-81.055
-81.158
-81.12
-81.153
-81.151
-81.125
-81.179
-81.155
-81.151
-81.167
-81.103
-81.101
-81.086
-80.984
-81.046
-81.096
-81.151
-81.117
-81.111
-81.161
-81.203
-81.141
-81.216
-81.16
-81.117
-81.145
-81.121
-81.209
-81.189
-81.341
-81.235
-81.223
-81.262
-81.228
-81.273
-81.252
-81.345
-81.374
-81.395
-81.382
-81.401
-81.417
-81.329
-81.276
-81.24
-81.353
-81.318
-81.273
-81.228
-81.16
-81.075
-81.073
-81.131
-81.176
-81.152
-81.019
-81.029
-81.019
-80.985
-81.008
-81.065
-81.123
-81.182
-81.148
-81.195
-81.182
-81.194
-81.14
-81.082
-81.055
-81.03
-81.116
-81.266
-81.25
-81.238
-81.254
-81.351
-81.253
-81.194
-81.152
-81.184
-81.179
-81.177
-81.255
-81.209
-81.239
-81.35
-81.372
-81.307
-81.372
-81.379
-81.382
-81.389
-81.364
-81.418
-81.455
-81.457
-81.567
-81.596
-81.571
-81.589
-81.546
-81.574
-81.612
-81.603
-81.565
-81.583
-81.536
-81.579
-81.482
-81.574
-81.491
-81.449
-81.452
-81.505
-81.504
-81.54
-81.543
-81.512
-81.59
-81.623
-81.595
-81.615
-81.585
-81.624
-81.577
-81.59
-81.627
-81.6
-81.505
-81.499
-81.477
-81.446
-81.432
-81.387
-81.465
-81.494
-81.492
-81.533
-81.695
-81.773
-81.681
-81.653
-81.626
-81.662
-81.63
-81.595
-81.516
-81.521
-81.559
-81.643
-81.622
-81.661
-81.631
-81.653
-81.57
-81.547
-81.656
-81.626
-81.634
-81.635
-81.749
-81.701
-81.725
-81.713
-81.788
-81.829
-81.814
-81.874
-81.911
-81.914
-81.868
-81.932
-81.939
-81.888
-81.887
-81.901
-81.833
-81.855
-81.901
-81.94
-81.853
-81.854
-81.845
-81.784
-81.735
-81.76
-81.788
-81.786
-81.778
-81.758
-81.817
-81.821
-81.814
-81.804
-81.834
-81.817
-81.853
-81.922
-81.956
-81.927
-81.872
-81.88
-81.853
-81.823
-81.875
-81.877
-81.818
-81.828
-81.789
-81.816
-81.84
-81.833
-81.794
-81.787
-81.849
-81.89
-81.877
-81.863
-81.885
-81.824
-81.911
-81.868
-81.844
-81.882
-81.82
-81.757
-81.762
-81.808
-81.862
-81.881
-81.88
-81.88
-81.858
-81.897
-81.955
-81.929
-81.917
-81.901
-81.957
-81.975
-81.951
-81.943
-81.905
-81.977
-82.055
-82.03
-81.973
-82.009
-82.047
-82.095
-82.126
-82.044
-82.16
-82.17
-82.196
-82.146
-82.141
-82.056
-82.088
-82.094
-82.124
-82.171
-82.18
-82.137
-82.03
-81.998
-82.006
-81.979
-81.944
-81.95
-81.879
-81.853
-81.804
-81.842
-81.842
-81.794
-81.756
-81.766
-81.722
-81.703
-81.757
-81.709
-81.685
-81.644
-81.63
-81.619
-81.555
-81.496
-81.545
-81.564
-81.606
-81.503
-81.52
-81.505
-81.494
-81.506
-81.567
-81.556
-81.585
-81.485
-81.397
-81.41
-81.436
-81.418
-81.361
-81.363
-81.36
-81.331
-81.327
-81.368
-81.322
-81.44
-81.407
-81.375
-81.339
-81.339
-81.335
-81.368
-81.346
-81.338
-81.336
-81.347
-81.466
-81.468
-81.465
-81.402
-81.39
-81.366
-81.328
-81.324
-81.409
-81.44
-81.462
-81.516
-81.526
-81.586
-81.583
-81.614
-81.544
-81.485
-81.542
-81.506
-81.467
-81.4
-81.473
-81.478
-81.444
-81.448
-81.401
-81.496
-81.415
-81.451
-81.452
-81.504
-81.49
-81.504
-81.526
-81.526
-81.554
-81.488
-81.528
-81.534
-81.586
-81.554
-81.651
-81.633
-81.571
-81.631
-81.664
-81.712
-81.705
-81.715
-81.697
-81.633
-81.594
-81.633
-81.685
-81.604
-81.581
-81.581
-81.609
-81.588
-81.453
-81.469
-81.393
-81.416
-81.486
-81.409
-81.42
-81.489
-81.513
-81.537
-81.523
-81.535
-81.613
-81.581
-81.614
-81.58
-81.599
-81.67
-81.624
-81.736
-81.745
-81.853
-81.891
-81.902
-81.851
-81.805
-81.778
-81.838
-81.916
-81.949
-81.948
-81.938
-81.972
-81.933
-81.976
-82.094
-82.072
-82.112
-81.996
-81.975
-82.023
-82.106
-82.09
-82.142
-82.159
-82.118
-82.121
-82.083
-82.095
-82.097
-82.017
-82.092
-82.143
-82.19
-82.153
-82.134
-82.072
-82.112
-82.107
-82.075
-82.029
-82.011
-81.963
-81.926
-81.899
-81.954
-81.919
-81.864
-81.875
-81.891
-81.849
-81.893
-81.839
-81.849
-81.731
-81.634
-81.569
-81.57
-81.531
-81.544
-81.54
-81.5
-81.579
-81.497
-81.421
-81.391
-81.377
-81.453
-81.495
-81.45
-81.344
-81.31
-81.369
-81.358
-81.408
-81.387
-81.309
-81.275
-81.219
-81.195
-81.195
-81.198
-81.196
-81.22
-81.202
-81.225
-81.261
-81.297
-81.251
-81.313
-81.291
-81.268
-81.297
-81.314
-81.292
-81.284
-81.275
-81.316
-81.291
-81.34
-81.348
-81.337
-81.331
-81.268
-81.249
-81.263
-81.251
-81.201
-81.225
-81.262
-81.234
-81.259
-81.252
-81.207
-81.154
-81.074
-81.083
-80.973
-80.858
-80.931
-80.873
-80.903
-80.831
-80.825
-80.807
-80.788
-80.744
-80.737
-80.79
-80.782
-80.772
-80.805
-80.859
-80.879
-80.98
-80.949
-80.923
-80.987
-81.03
-80.979
-80.993
-80.981
-80.995
-81.031
-81.04
-81.031
-81.095
-81.12
-81.152
-81.155
-81.266
-81.25
-81.22
-81.154
-81.19
-81.12
-81.229
-81.227
-81.226
-81.238
-81.286
-81.234
-81.119
-81.037
-81.084
-81.094
-81.179
-81.13
-81.088
-81.194
-81.175
-81.1
-81.208
-81.237
-81.228
-81.163
-81.076
-81.076
-80.953
-80.969
-80.997
-80.987
-80.992
-81.018
-81.008
-80.949
-80.996
-80.925
-80.819
-80.881
-80.902
-80.917
-80.899
-80.975
-80.988
-81.032
-81.057
-81.046
-81.083
-81.075
-81.068
-81.147
-81.171
-81.164
-81.198
-81.206
-81.263
-81.181
-81.193
-81.253
-81.237
-81.188
-81.148
-81.182
-81.157
-81.138
-81.111
-81.19
-81.128
-81.123
-81.134
-81.155
-81.19
-81.233
-81.247
-81.29
-81.271
-81.263
-81.405
-81.48
-81.53
-81.479
-81.501
-81.512
-81.548
-81.571
-81.511
-81.426
-81.367
-81.392
-81.397
-81.447
-81.466
-81.432
-81.39
-81.434
-81.504
-81.548
-81.513
-81.536
-81.473
-81.547
-81.608
-81.51
-81.407
-81.305
-81.36
-81.338
-81.372
-81.337
-81.317
-81.346
-81.388
-81.356
-81.376
-81.408
-81.347
-81.34
-81.333
-81.406
-81.397
-81.332
-81.362
-81.351
-81.372
-81.366
-81.39
-81.285
-81.267
-81.354
-81.362
-81.385
-81.367
-81.308
-81.312
-81.299
-81.311
-81.405
-81.388
-81.363
-81.386
-81.385
-81.364
-81.422
-81.353
-81.38
-81.412
-81.405
-81.355
-81.318
-81.395
-81.455
-81.422
-81.381
-81.4
-81.469
-81.4
-81.36
-81.401
-81.381
-81.266
-81.219
-81.24
-81.292
-81.32
-81.35
-81.38
-81.329
-81.333
-81.306
-81.361
-81.314
-81.316
-81.286
-81.272
-81.291
-81.284
-81.297
-81.278
-81.234
-81.186
-81.199
-81.162
-81.212
-81.222
-81.213
-81.199
-81.142
-81.117
-81.113
-81.157
-81.224
-81.286
-81.274
-81.275
-81.259
-81.251
-81.176
-81.248
-81.271
-81.339
-81.317
-81.348
-81.391
-81.371
-81.299
-81.357
-81.303
-81.288
-81.271
-81.244
-81.284
-81.252
-81.264
-81.3
-81.339
-81.315
-81.267
-81.262
-81.22
-81.206
-81.252
-81.283
-81.294
-81.279
-81.315
-81.354
-81.382
-81.362
-81.348
-81.391
-81.448
-81.381
-81.38
-81.477
-81.48
-81.518
-81.511
-81.549
-81.58
-81.721
-81.768
-81.761
-81.733
-81.801
-81.824
-81.907
-81.822
-81.832
-81.813
-81.79
-81.757
-81.785
-81.785
-81.793
-81.784
-81.727
-81.738
-81.715
-81.744
-81.741
-81.751
-81.726
-81.713
-81.707
-81.716
-81.675
-81.646
-81.65
-81.729
-81.845
-81.876
-81.944
-81.935
-81.906
-81.865
-81.906
-81.931
-81.837
-81.925
-81.935
-82.056
-82.12
-82.173
-82.038
-82.065
-82.121
-82.112
-82.065
-82.034
-81.98
-82.035
-81.971
-81.877
-81.921
-81.884
-81.806
-81.802
-81.744
-81.723
-81.763
-81.833
-81.741
-81.801
-81.775
-81.739
-81.773
-81.847
-81.896
-81.839
-81.882
-81.843
-81.855
-81.845
-81.85
-81.858
-81.872
-81.872
-81.808
-81.741
-81.715
-81.701
-81.759
-81.755
-81.753
-81.775
-81.891
-81.906
-81.863
-81.82
-81.92
-81.995
-82.017
-82.022
-82.021
-82.11
-82.099
-82.127
-82.108
-82.051
-82.025
-82.059
-82.16
-82.071
-82.111
-82.199
-82.098
-82.042
-82.055
-82.02
-82.026
-82.028
-82.018
-82.044
-82.009
-81.989
-81.928
-81.947
-81.945
-81.912
-81.899
-81.898
-81.886
-81.88
-81.811
-81.855
-81.87
-81.927
-81.902
-81.969
-82.028
-82.007
-82.014
-81.942
-82.006
-81.974
-82.033
-82
-81.922
-81.856
-81.882
-81.783
-81.817
-81.858
-81.982
-81.972
-81.894
-81.984
-81.945
-82.011
-82.088
-82.012
-81.965
-81.885
-81.917
-81.926
-81.932
-81.955
-81.993
-81.928
-81.917
-81.96
-81.996
-81.971
-81.997
-82.156
-82.116
-82.075
-82.098
-82.023
-82.045
-82.011
-82.015
-82.035
-82.034
-82.077
-82.135
-82.178
-82.213
-82.287
-82.317
-82.33
-82.251
-82.215
-82.219
-82.257
-82.204
-82.253
-82.147
-82.255
-82.227
-82.269
-82.367
-82.311
-82.334
-82.421
-82.358
-82.354
-82.351
-82.366
-82.367
-82.382
-82.364
-82.331
-82.388
-82.502
-82.489
-82.414
-82.374
-82.38
-82.271
-82.284
-82.321
-82.392
-82.334
-82.412
-82.464
-82.474
-82.492
-82.436
-82.518
-82.455
-82.506
-82.55
-82.45
-82.462
-82.475
-82.444
-82.465
-82.416
-82.442
-82.487
-82.494
-82.5
-82.484
-82.435
-82.502
-82.451
-82.358
-82.343
-82.319
-82.348
-82.357
-82.345
-82.374
-82.381
-82.386
-82.365
-82.388
-82.306
-82.349
-82.454
-82.452
-82.426
-82.393
-82.387
-82.397
-82.385
-82.39
-82.493
-82.487
-82.451
-82.348
-82.277
-82.304
-82.343
-82.374
-82.328
-82.397
-82.283
-82.327
-82.403
-82.379
-82.377
-82.416
-82.426
-82.412
-82.375
-82.387
-82.32
-82.391
-82.421
-82.335
-82.401
-82.399
-82.484
-82.415
-82.456
-82.396
-82.433
-82.328
-82.314
-82.227
-82.124
-82.087
-82.079
-82.009
-81.923
-81.923
-81.906
-81.95
-81.999
-81.97
-81.976
-81.927
-81.992
-81.962
-81.959
-81.876
-81.86
-81.825
-81.793
-81.883
-81.926
-81.916
-81.893
-81.914
-81.882
-81.833
-81.927
-81.93
-81.905
-81.84
-81.852
-81.824
-81.908
-81.926
-81.95
-81.834
-81.833
-81.74
-81.824
-81.824
-81.811
-81.67
-81.662
-81.668
-81.636
-81.653
-81.629
-81.629
-81.643
-81.675
-81.624
-81.642
-81.655
-81.634
-81.603
-81.56
-81.512
-81.573
-81.519
-81.555
-81.549
-81.513
-81.559
-81.655
-81.649
-81.578
-81.627
-81.659
-81.631
-81.566
-81.492
-81.418
-81.363
-81.398
-81.334
-81.394
-81.359
-81.321
-81.379
-81.431
-81.446
-81.459
-81.416
-81.414
-81.419
-81.417
-81.478
-81.528
-81.447
-81.383
-81.35
-81.43
-81.463
-81.455
-81.428
-81.379
-81.396
-81.375
-81.394
-81.49
-81.59
-81.658
-81.582
-81.522
-81.512
-81.539
-81.539
-81.51
-81.528
-81.522
-81.586
-81.622
-81.687
-81.597
-81.605
-81.623
-81.533
-81.549
-81.557
-81.499
-81.563
-81.544
-81.486
-81.501
-81.499
-81.479
-81.45
-81.536
-81.587
-81.584
-81.561
-81.596
-81.585
-81.443
-81.429
-81.347
-81.341
-81.309
-81.315
-81.296
-81.329
-81.378
-81.419
-81.489
-81.349
-81.417
-81.468
-81.528
-81.485
-81.551
-81.481
-81.451
-81.407
-81.381
-81.291
-81.324
-81.336
-81.343
-81.396
-81.385
-81.312
-81.371
-81.338
-81.384
-81.434
-81.415
-81.461
-81.461
-81.375
-81.314
-81.33
-81.363
-81.475
-81.429
-81.441
-81.458
-81.504
-81.518
-81.589
-81.629
-81.665
-81.69
-81.754
-81.804
-81.788
-81.763
-81.827
-81.81
-81.828
-81.812
-81.775
-81.791
-81.766
-81.783
-81.748
-81.695
-81.749
-81.746
-81.705
-81.633
-81.529
-81.47
-81.433
-81.466
-81.506
-81.5
-81.565
-81.517
-81.656
-81.69
-81.827
-81.877
-81.991
-81.982
-81.939
-81.993
-81.958
-82.054
-81.969
-81.934
-81.968
-81.945
-81.891
-81.934
-81.949
-82.052
-82.075
-82.008
-81.985
-81.97
-81.998
-82.015
-82.067
-82.132
-82.21
-82.181
-82.169
-82.147
-82.189
-82.128
-82.2
-82.211
-82.283
-82.371
-82.345
-82.276
-82.223
-82.297
-82.268
-82.2
-82.203
-82.187
-82.24
-82.156
-82.141
-82.071
-82.145
-82.12
-82.087
-82.126
-82.078
-82.112
-82.16
-82.149
-82.084
-82.116
-82.087
-82.076
-82.021
-81.963
-81.919
-81.861
-81.929
-81.861
-81.884
-81.793
-81.746
-81.635
-81.636
-81.621
-81.699
-81.69
-81.712
-81.626
-81.574
-81.576
-81.492
-81.512
-81.561
-81.653
-81.6
-81.625
-81.676
-81.575
-81.67
-81.659
-81.696
-81.657
-81.653
-81.597
-81.658
-81.648
-81.709
-81.679
-81.648
-81.674
-81.733
-81.713
-81.751
-81.804
-81.815
-81.795
-81.776
-81.685
-81.743
-81.75
-81.723
-81.783
-81.792
-81.77
-81.832
-81.888
-81.959
-82.022
-82.002
-81.952
-81.859
-81.847
-81.844
-81.912
-81.928
-82.05
-81.998
-81.994
-81.974
-81.943
-81.968
-81.824
-81.793
-81.718
-81.703
-81.637
-81.687
-81.647
-81.606
-81.603
-81.631
-81.649
-81.715
-81.699
-81.737
-81.789
-81.84
-81.812
-81.825
-81.881
-81.944
-81.914
-81.958
-81.93
-81.992
-81.974
-81.991
-82.037
-82.085
-82.098
-82.076
-82.078
-82.117
-82.123
-82.256
-82.298
-82.418
-82.449
-82.386
-82.312
-82.321
-82.261
-82.185
-82.228
-82.211
-82.294
-82.276
-82.248
-82.22
-82.194
-82.1
-82.148
-82.137
-82.058
-82.034
-82.167
-82.17
-82.176
-82.196
-82.169
-82.11
-82.069
-82.079
-82.152
-82.203
-82.23
-82.308
-82.309
-82.441
-82.4
-82.475
-82.566
-82.505
-82.484
-82.556
-82.6
-82.573
-82.58
-82.555
-82.519
-82.453
-82.484
-82.402
-82.453
-82.435
-82.389
-82.376
-82.379
-82.277
-82.284
-82.36
-82.256
-82.311
-82.332
-82.259
-82.334
-82.42
-82.456
-82.491
-82.36
-82.418
-82.485
-82.548
-82.583
-82.567
-82.56
-82.632
-82.641
-82.681
-82.647
-82.715
-82.743
-82.777
-82.743
-82.804
-82.858
-82.862
-82.825
-82.837
-82.786
-82.889
-82.934
-82.976
-82.987
-83.01
-83.009
-83.022
-82.988
-82.953
-82.946
-82.817
-82.851
-82.787
-82.813
-82.689
-82.705
-82.677
-82.669
-82.681
-82.596
-82.557
-82.668
-82.704
-82.669
-82.662
-82.589
-82.61
-82.583
-82.562
-82.606
-82.634
-82.654
-82.578
-82.544
-82.588
-82.565
-82.588
-82.576
-82.588
-82.619
-82.574
-82.544
-82.532
-82.534
-82.54
-82.715
-82.689
-82.714
-82.709
-82.755
-82.668
-82.605
-82.5
-82.527
-82.526
-82.514
-82.447
-82.391
-82.36
-82.352
-82.417
-82.41
-82.438
-82.387
-82.392
-82.449
-82.417
-82.451
-82.493
-82.481
-82.365
-82.359
-82.364
-82.455
-82.333
-82.334
-82.349
-82.338
-82.261
-82.237
-82.205
-82.191
-82.148
-82.243
-82.239
-82.283
-82.301
-82.27
-82.291
-82.276
-82.272
-82.265
-82.318
-82.233
-82.253
-82.24
-82.233
-82.284
-82.207
-82.185
-82.206
-82.208
-82.321
-82.357
-82.273
-82.391
-82.484
-82.512
-82.575
-82.539
-82.536
-82.578
-82.554
-82.522
-82.466
-82.432
-82.376
-82.393
-82.454
-82.392
-82.448
-82.437
-82.443
-82.429
-82.415
-82.365
-82.271
-82.323
-82.323
-82.356
-82.368
-82.419
-82.389
-82.396
-82.433
-82.447
-82.4
-82.461
-82.469
-82.486
-82.535
-82.565
-82.616
-82.696
-82.754
-82.777
-82.754
-82.776
-82.835
-82.772
-82.751
-82.764
-82.709
-82.702
-82.795
-82.812
-82.772
-82.664
-82.524
-82.58
-82.658
-82.687
-82.694
-82.746
-82.711
-82.687
-82.742
-82.759
-82.829
-82.867
-82.861
-82.858
-82.888
-82.843
-82.901
-82.929
-82.911
-82.969
-82.992
-83.037
-83.044
-82.964
-83.042
-82.999
-83.014
-83
-83.02
-83.029
-83.06
-83.123
-83.066
-83.018
-83.076
-83.113
-83.1
-83.123
-83.175
-83.147
-83.138
-83.038
-83.075
-83.059
-83.136
-83.067
-83.151
-83.077
-83.06
-83.123
-83.166
-83.085
-83.076
-83.092
-83.085
-83.116
-83.131
-83.177
-83.234
-83.244
-83.317
-83.364
-83.365
-83.384
-83.361
-83.297
-83.351
-83.377
-83.398
-83.395
-83.463
-83.374
-83.403
-83.48
-83.463
-83.541
-83.601
-83.611
-83.582
-83.631
-83.563
-83.597
-83.628
-83.549
-83.531
-83.519
-83.579
-83.572
-83.624
-83.561
-83.724
-83.733
-83.704
-83.744
-83.752
-83.784
-83.879
-83.881
-83.838
-83.82
-83.815
-83.786
-83.789
-83.804
-83.698
-83.784
-83.735
-83.721
-83.648
-83.615
-83.537
-83.541
-83.548
-83.524
-83.539
-83.547
-83.486
-83.503
-83.503
-83.471
-83.435
-83.427
-83.457
-83.408
-83.432
-83.39
-83.189
-83.213
-83.219
-83.188
-83.161
-83.14
-83.126
-83.111
-83.137
-83.221
-83.193
-83.163
-83.129
-83.002
-82.992
-83.053
-83.119
-83.052
-83.096
-83.196
-83.128
-83.133
-83.154
-83.168
-83.106
-83.063
-83.107
-83.034
-82.914
-82.926
-82.947
-82.911
-82.858
-82.892
-82.841
-82.757
-82.748
-82.733
-82.787
-82.768
-82.83
-82.976
-82.985
-82.958
-83.005
-83.01
-82.984
-82.985
-82.89
-82.812
-82.83
-82.795
-82.828
-82.808
-82.774
-82.788
-82.759
-82.782
-82.741
-82.651
-82.67
-82.695
-82.659
-82.68
-82.674
-82.696
-82.742
-82.77
-82.755
-82.877
-82.855
-82.913
-82.898
-82.866
-82.834
-82.802
-82.806
-82.951
-83.003
-83.009
-82.943
-83.023
-83.105
-83.174
-83.091
-83.028
-83.028
-83.057
-83.124
-83.092
-83.027
-83.084
-83.06
-83.023
-83.112
-83.069
-83.097
-83.048
-83.056
-83.019
-82.995
-82.958
-82.978
-82.99
-82.997
-82.893
-82.886
-82.896
-82.794
-82.676
-82.686
-82.71
-82.711
-82.697
-82.726
-82.805
-82.883
-82.845
-82.927
-83.029
-82.947
-82.962
-82.969
-82.946
-82.943
-83.044
-83.004
-82.991
-82.952
-82.86
-82.866
-82.856
-82.884
-82.925
-82.943
-82.935
-82.855
-82.846
-82.77
-82.87
-82.828
-82.794
-82.826
-82.749
-82.792
-82.828
-82.809
-82.78
-82.777
-82.79
-82.687
-82.754
-82.787
-82.787
-82.758
-82.803
-82.749
-82.826
-82.949
-82.918
-83.05
-83.083
-83.066
-83.06
-83.067
-83.169
-83.107
-83.046
-83.051
-83.095
-83.064
-83.102
-83.134
-83.145
-83.08
-83.087
-83.084
-83.116
-83.173
-83.081
-83.009
-82.941
-82.998
-82.981
-83.008
-82.944
-82.962
-82.941
-82.93
-82.885
-82.876
-82.896
-82.861
-82.855
-82.862
-82.894
-83.026
-83.011
-82.957
-82.955
-83.004
-82.995
-83.018
-83.08
-83.088
-82.987
-83.092
-83.103
-83.106
-83.113
-83.089
-83.149
-83.24
-83.303
-83.349
-83.359
-83.305
-83.194
-83.279
-83.233
-83.166
-83.19
-83.176
-83.178
-83.23
-83.218
-83.157
-83.177
-83.196
-83.284
-83.277
-83.361
-83.39
-83.416
-83.383
-83.314
-83.272
-83.267
-83.294
-83.287
-83.372
-83.372
-83.366
-83.339
-83.284
-83.239
-83.187
-83.156
-83.285
-83.23
-83.27
-83.282
-83.361
-83.318
-83.35
-83.362
-83.435
-83.499
-83.514
-83.541
-83.573
-83.603
-83.576
-83.554
-83.554
-83.514
-83.461
-83.515
-83.553
-83.564
-83.57
-83.539
-83.489
-83.466
-83.523
-83.609
-83.624
-83.597
-83.668
-83.754
-83.736
-83.714
-83.734
-83.789
-83.811
-83.853
-83.85
-83.835
-83.829
-83.846
-83.778
-83.758
-83.78
-83.756
-83.733
-83.677
-83.765
-83.784
-83.809
-83.612
-83.634
-83.643
-83.654
-83.632
-83.745
-83.821
-83.885
-83.937
-83.949
-83.981
-84
-84.073
-84.099
-84.084
-84.009
-83.987
-83.932
-83.889
-83.908
-83.909
-83.92
-84.032
-84.083
-84.104
-84.097
-84.014
-84.054
-84.026
-83.99
-84.014
-84.027
-83.981
-83.968
-84.01
-83.988
-84.069
-84.084
-84.097
-84.15
-84.097
-84.099
-84.104
-84.149
-84.143
-84.229
-84.19
-84.133
-84.108
-84.102
-84.102
-84.152
-84.157
-84.042
-84.055
-84.119
-84.145
-84.186
-84.167
-84.152
-84.087
-84.042
-84.031
-84.039
-84.059
-84.007
-83.953
-83.954
-83.957
-83.985
-84.028
-84.006
-83.957
-84.002
-83.956
-83.902
-83.871
-83.861
-83.848
-83.868
-83.902
-83.987
-84.003
-84.051
-84.022
-83.984
-84.003
-84.074
-84.005
-83.937
-83.884
-83.93
-83.983
-83.999
-84.002
-84.074
-84.103
-84.047
-84.086
-84.013
-83.883
-83.811
-83.834
-83.82
-83.87
-83.831
-83.795
-83.835
-83.794
-83.725
-83.77
-83.769
-83.764
-83.784
-83.736
-83.696
-83.732
-83.705
-83.657
-83.68
-83.665
-83.676
-83.705
-83.65
-83.624
-83.679
-83.684
-83.634
-83.558
-83.664
-83.664
-83.734
-83.719
-83.766
-83.792
-83.803
-83.769
-83.793
-83.912
-83.83
-83.771
-83.832
-83.814
-83.758
-83.769
-83.718
-83.717
-83.654
-83.601
-83.66
-83.647
-83.735
-83.678
-83.644
-83.604
-83.655
-83.679
-83.658
-83.68
-83.718
-83.79
-83.776
-83.784
-83.753
-83.811
-83.877
-83.9
-83.982
-84.065
-84.149
-84.237
-84.165
-84.277
-84.283
-84.348
-84.393
-84.361
-84.439
-84.4
-84.346
-84.311
-84.31
-84.342
-84.358
-84.452
-84.46
-84.426
-84.423
-84.442
-84.427
-84.44
-84.414
-84.443
-84.401
-84.378
-84.343
-84.373
-84.417
-84.396
-84.399
-84.313
-84.375
-84.379
-84.397
-84.41
-84.244
-84.263
-84.26
-84.248
-84.232
-84.295
-84.338
-84.272
-84.299
-84.338
-84.34
-84.419
-84.454
-84.464
-84.39
-84.326
-84.319
-84.38
-84.442
-84.449
-84.501
-84.598
-84.489
-84.513
-84.443
-84.396
-84.363
-84.384
-84.345
-84.26
-84.377
-84.446
-84.435
-84.493
-84.508
-84.4
-84.585
-84.699
-84.782
-84.823
-84.874
-84.934
-85.006
-84.954
-85.004
-85.037
-84.992
-85.069
-85.042
-85.028
-84.981
-84.989
-85.023
-84.958
-84.926
-84.965
-84.895
-84.904
-84.911
-84.949
-84.989
-84.981
-85.045
-85.108
-85.087
-85.138
-85.224
-85.248
-85.264
-85.297
-85.313
-85.442
-85.434
-85.564
-85.598
-85.61
-85.632
-85.624
-85.596
-85.562
-85.609
-85.619
-85.701
-85.734
-85.821
-85.877
-85.906
-85.897
-85.938
-85.799
-85.808
-85.692
-85.773
-85.76
-85.73
-85.721
-85.662
-85.599
-85.553
-85.618
-85.587
-85.531
-85.586
-85.527
-85.57
-85.544
-85.487
-85.523
-85.556
-85.553
-85.565
-85.596
-85.562
-85.616
-85.604
-85.538
-85.533
-85.593
-85.605
-85.553
-85.595
-85.605
-85.691
-85.649
-85.679
-85.642
-85.667
-85.728
-85.791
-85.804
-85.813
-85.774
-85.765
-85.806
-85.802
-85.793
-85.763
-85.815
-85.791
-85.791
-85.77
-85.71
-85.714
-85.674
-85.775
-85.758
-85.652
-85.71
-85.663
-85.652
-85.733
-85.681
-85.621
-85.7
-85.76
-85.784
-85.713
-85.7
-85.628
-85.601
-85.484
-85.496
-85.423
-85.436
-85.445
-85.393
-85.435
-85.401
-85.486
-85.521
-85.495
-85.565
-85.585
-85.674
-85.715
-85.681
-85.656
-85.595
-85.558
-85.418
-85.312
-85.412
-85.395
-85.365
-85.397
-85.423
-85.406
-85.363
-85.323
-85.278
-85.253
-85.274
-85.312
-85.292
-85.222
-85.223
-85.244
-85.115
-85.019
-85.02
-84.992
-84.966
-85.082
-85.105
-85.099
-84.956
-85.035
-85.039
-84.991
-85.05
-85.047
-85.037
-85.037
-85.046
-85.018
-85.014
-84.931
-84.951
-85.022
-84.972
-84.925
-85.009
-85
-85.03
-85.083
-85.1
-85.075
-85.124
-85.079
-85.109
-85.142
-85.13
-85.102
-85.106
-85.057
-85.204
-85.213
-85.276
-85.26
-85.32
-85.313
-85.221
-85.255
-85.21
-85.188
-85.101
-85.127
-85.18
-85.234
-85.155
-85.14
-85.073
-85.096
-85.035
-84.94
-84.981
-84.941
-84.979
-85
-85.048
-85.098
-85.038
-85.072
-85.1
-85.18
-85.188
-85.251
-85.232
-85.164
-85.169
-85.054
-85.08
-85.104
-85.1
-85.121
-85.087
-85.066
-85.159
-85.212
-85.162
-85.109
-85.081
-85.187
-85.197
-85.214
-85.27
-85.295
-85.25
-85.169
-85.259
-85.232
-85.225
-85.253
-85.355
-85.425
-85.48
-85.462
-85.411
-85.411
-85.38
-85.435
-85.408
-85.369
-85.367
-85.327
-85.235
-85.22
-85.112
-85.119
-85.169
-85.098
-85.195
-85.194
-85.191
-85.253
-85.29
-85.201
-85.15
-85.148
-85.163
-85.192
-85.221
-85.232
-85.223
-85.201
-85.232
-85.232
-85.267
-85.292
-85.308
-85.23
-85.185
-85.13
-85.031
-84.987
-85.043
-84.94
-84.978
-84.978
-84.897
-84.89
-84.918
-84.938
-84.984
-84.903
-84.852
-84.848
-84.837
-84.815
-84.814
-84.869
-84.866
-84.973
-85.058
-85.066
-85.057
-85.022
-84.989
-84.975
-85.01
-85.032
-84.924
-84.83
-84.744
-84.713
-84.783
-84.742
-84.719
-84.71
-84.678
-84.65
-84.625
-84.626
-84.617
-84.659
-84.67
-84.597
-84.617
-84.615
-84.624
-84.608
-84.463
-84.537
-84.532
-84.517
-84.531
-84.498
-84.523
-84.545
-84.63
-84.699
-84.718
-84.71
-84.669
-84.764
-84.772
-84.766
-84.85
-84.863
-84.848
-84.96
-84.88
-84.908
-85.028
-85.015
-85.044
-85.081
-84.976
-84.978
-85.08
-85.097
-85.169
-85.157
-85.139
-85.161
-85.089
-85.166
-85.126
-85.055
-85.076
-85.206
-85.221
-85.231
-85.245
-85.265
-85.251
-85.175
-85.165
-85.215
-85.223
-85.264
-85.25
-85.272
-85.225
-85.287
-85.307
-85.29
-85.264
-85.262
-85.204
-85.162
-85.147
-85.014
-84.992
-84.967
-84.908
-84.836
-84.875
-84.925
-84.993
-84.994
-85.014
-85.046
-85.084
-85.109
-85.109
-85.008
-85.04
-84.9
-84.867
-84.908
-84.979
-84.982
-85.023
-85.011
-85.029
-84.991
-85.044
-85.109
-85.196
-85.186
-85.186
-85.194
-85.31
-85.336
-85.352
-85.385
-85.322
-85.261
-85.298
-85.336
-85.242
-85.226
-85.311
-85.399
-85.387
-85.359
-85.306
-85.335
-85.394
-85.358
-85.354
-85.368
-85.381
-85.338
-85.32
-85.182
-85.27
-85.389
-85.432
-85.524
-85.491
-85.465
-85.546
-85.644
-85.712
-85.645
-85.666
-85.646
-85.619
-85.683
-85.673
-85.76
-85.827
-85.754
-85.637
-85.607
-85.588
-85.664
-85.639
-85.608
-85.594
-85.502
-85.506
-85.483
-85.427
-85.437
-85.365
-85.346
-85.307
-85.252
-85.139
-85.182
-85.226
-85.218
-85.25
-85.313
-85.284
-85.255
-85.238
-85.257
-85.253
-85.286
-85.29
-85.356
-85.33
-85.301
-85.18
-85.212
-85.263
-85.208
-85.219
-85.288
-85.326
-85.26
-85.47
-85.481
-85.506
-85.49
-85.375
-85.272
-85.318
-85.361
-85.427
-85.366
-85.395
-85.438
-85.431
-85.417
-85.545
-85.553
-85.63
-85.645
-85.664
-85.624
-85.642
-85.591
-85.566
-85.483
-85.479
-85.435
-85.464
-85.494
-85.416
-85.48
-85.505
-85.511
-85.508
-85.562
-85.493
-85.535
-85.497
-85.548
-85.516
-85.583
-85.543
-85.569
-85.55
-85.64
-85.646
-85.57
-85.562
-85.568
-85.463
-85.547
-85.569
-85.52
-85.495
-85.512
-85.508
-85.475
-85.671
-85.466
-85.484
-85.564
-85.521
-85.52
-85.51
-85.476
-85.492
-85.502
-85.366
-85.297
-85.378
-85.346
-85.312
-85.26
-85.234
-85.287
-85.235
-85.193
-85.21
-85.311
-85.384
-85.399
-85.474
-85.395
-85.443
-85.423
-85.433
-85.446
-85.484
-85.514
-85.515
-85.454
-85.496
-85.475
-85.43
-85.308
-85.387
-85.431
-85.403
-85.502
-85.386
-85.366
-85.363
-85.355
-85.359
-85.332
-85.294
-85.306
-85.337
-85.263
-85.296
-85.403
-85.38
-85.433
-85.42
-85.39
-85.411
-85.423
-85.534
-85.464
-85.446
-85.443
-85.426
-85.412
-85.409
-85.294
-85.379
-85.374
-85.423
-85.523
-85.468
-85.311
-85.311
-85.351
-85.414
-85.531
-85.629
-85.698
-85.632
-85.701
-85.645
-85.685
-85.725
-85.742
-85.795
-85.861
-85.944
-85.907
-85.898
-85.912
-85.977
-85.996
-86.076
-86.111
-86.128
-86.187
-86.088
-86.052
-86.084
-86.134
-86.066
-86.109
-86.171
-86.166
-86.215
-86.188
-86.168
-86.18
-86.206
-86.307
-86.276
-86.328
-86.323
-86.384
-86.367
-86.281
-86.165
-86.149
-86.134
-86.084
-86.144
-86.082
-86.058
-86.135
-86.119
-86.076
-86.031
-85.987
-85.97
-85.919
-85.889
-85.739
-85.756
-85.745
-85.73
-85.753
-85.602
-85.577
-85.581
-85.543
-85.511
-85.418
-85.451
-85.506
-85.459
-85.498
-85.509
-85.38
-85.39
-85.418
-85.482
-85.459
-85.392
-85.44
-85.359
-85.342
-85.313
-85.292
-85.216
-85.118
-85.065
-85.087
-85.13
-85.137
-85.04
-85.013
-84.947
-84.876
-84.797
-84.753
-84.755
-84.723
-84.73
-84.722
-84.706
-84.72
-84.682
-84.701
-84.711
-84.762
-84.731
-84.654
-84.671
-84.551
-84.526
-84.548
-84.545
-84.448
-84.51
-84.607
-84.612
-84.701
-84.725
-84.73
-84.735
-84.81
-84.853
-84.84
-84.841
-84.812
-84.755
-84.744
-84.79
-84.851
-84.869
-84.894
-84.911
-84.963
-84.954
-85.002
-84.986
-85.107
-85.084
-85.083
-85.094
-85.041
-85.063
-85.096
-85.052
-85.003
-84.982
-84.913
-84.898
-84.943
-84.89
-84.98
-84.954
-84.964
-85.025
-85.05
-85.049
-84.988
-84.95
-84.95
-85.043
-85.011
-85.057
-84.995
-85.028
-85.044
-85.054
-84.961
-84.975
-85.021
-84.983
-84.944
-84.988
-85.029
-84.948
-84.893
-84.985
-84.93
-84.843
-84.812
-84.837
-84.789
-84.767
-84.612
-84.584
-84.67
-84.667
-84.651
-84.619
-84.565
-84.555
-84.573
-84.466
-84.476
-84.459
-84.464
-84.415
-84.446
-84.401
-84.373
-84.325
-84.341
-84.349
-84.395
-84.406
-84.411
-84.435
-84.446
-84.45
-84.388
-84.307
-84.367
-84.278
-84.284
-84.314
-84.315
-84.323
-84.272
-84.225
-84.191
-84.22
-84.208
-84.19
-84.273
-84.227
-84.238
-84.171
-84.19
-84.168
-84.204
-84.301
-84.349
-84.237
-84.254
-84.236
-84.322
-84.356
-84.402
-84.441
-84.432
-84.435
-84.392
-84.432
-84.493
-84.38
-84.343
-84.427
-84.524
-84.568
-84.617
-84.601
-84.555
-84.612
-84.458
-84.488
-84.448
-84.438
-84.421
-84.507
-84.461
-84.536
-84.538
-84.535
-84.522
-84.409
-84.324
-84.289
-84.228
-84.288
-84.303
-84.395
-84.439
-84.398
-84.479
-84.427
-84.436
-84.477
-84.368
-84.391
-84.408
-84.411
-84.345
-84.388
-84.354
-84.353
-84.385
-84.368
-84.417
-84.384
-84.4
-84.363
-84.385
-84.42
-84.441
-84.492
-84.489
-84.476
-84.527
-84.54
-84.482
-84.437
-84.483
-84.432
-84.407
-84.361
-84.397
-84.454
-84.461
-84.4
-84.386
-84.313
-84.233
-84.217
-84.231
-84.252
-84.254
-84.228
-84.287
-84.289
-84.263
-84.304
-84.247
-84.297
-84.33
-84.367
-84.287
-84.232
-84.357
-84.368
-84.29
-84.318
-84.333
-84.292
-84.395
-84.338
-84.261
-84.281
-84.281
-84.23
-84.203
-84.21
-84.18
-84.25
-84.241
-84.241
-84.238
-84.28
-84.254
-84.226
-84.355
-84.332
-84.293
-84.318
-84.237
-84.147
-84.068
-84.082
-84.069
-84.013
-83.97
-83.963
-83.893
-83.784
-83.769
-83.731
-83.731
-83.639
-83.549
-83.503
-83.42
-83.39
-83.306
-83.338
-83.365
-83.411
-83.404
-83.375
-83.389
-83.366
-83.324
-83.299
-83.394
-83.423
-83.53
-83.496
-83.474
-83.408
-83.373
-83.334
-83.26
-83.344
-83.353
-83.332
-83.371
-83.37
-83.364
-83.46
-83.451
-83.444
-83.396
