-76.243
-76.409
-76.512
-76.564
-76.53
-76.701
-76.876
-76.623
-76.751
-76.938
-76.987
-76.739
-76.729
-76.616
-76.873
-76.751
-76.742
-77.046
-76.911
-76.907
-76.931
-76.956
-77.029
-77.112
-77.19
-77.152
-77.212
-77.217
-77.311
-77.375
-77.332
-77.431
-77.235
-77.089
-76.909
-76.619
-76.495
-76.394
-76.575
-76.614
-76.587
-76.764
-76.643
-76.661
-76.626
-76.658
-76.556
-76.337
-76.589
-76.707
-76.735
-76.866
-76.673
-76.53
-76.579
-76.61
-76.658
-76.81
-76.594
-76.764
-76.589
-76.802
-77.226
-77.331
-77.409
-77.593
-77.147
-76.879
-76.841
-76.86
-76.917
-77.016
-76.879
-76.882
-76.652
-76.565
-76.504
-76.84
-76.906
-76.766
-76.692
-76.715
-76.735
-76.719
-76.467
-76.504
-76.4
-76.311
-75.898
-75.915
-75.872
-75.855
-75.545
-75.683
-75.535
-75.334
-75.042
-75.081
-74.964
-74.716
-74.754
-74.59
-74.666
-74.347
-74.239
-74.398
-74.545
-74.73
-74.89
-74.872
-74.772
-74.76
-74.836
-74.739
-74.897
-74.595
-74.67
-74.718
-74.637
-74.849
-74.918
-74.783
-74.659
-74.556
-74.313
-74.365
-74.313
-74.467
-74.377
-74.426
-74.524
-74.232
-74.222
-74.11
-74.104
-74.299
-74.703
-74.901
-74.808
-75.005
-75.141
-74.789
-74.756
-75.039
-75.222
-75.042
-75.149
-75.355
-75.497
-75.38
-75.487
-75.372
-75.592
-75.689
-75.731
-75.764
-75.665
-75.738
-75.579
-75.518
-75.293
-75.159
-75.237
-74.994
-75.147
-74.811
-74.842
-74.803
-74.792
-74.756
-74.87
-75.084
-74.958
-74.901
-75.115
-74.832
-74.646
-74.499
-74.566
-74.464
-74.461
-74.273
-74.41
-74.163
-74.173
-74.116
-74.14
-74.156
-74.02
-74.201
-74.323
-74.357
-74.225
-74.138
-74.022
-74.199
-74.11
-74.066
-74.032
-74.13
-74.126
-74.066
-73.778
-73.658
-73.412
-73.172
-73.309
-73.446
-73.488
-73.547
-73.522
-73.699
-73.573
-73.359
-73.412
-73.713
-73.643
-73.602
-73.401
-73.271
-73.124
-72.997
-72.776
-72.629
-72.952
-72.821
-72.687
-72.818
-73.067
-73.295
-73.177
-73.317
-73.408
-73.454
-73.457
-73.41
-73.565
-73.357
-73.238
-73.312
-73.233
-73.252
-73.051
-72.692
-72.636
-72.404
-72.276
-72.001
-71.893
-71.561
-71.789
-71.901
-71.825
-71.683
-71.857
-71.669
-71.637
-71.514
-71.526
-71.51
-71.764
-71.875
-71.675
-71.229
-71.101
-71.41
-71.301
-71.265
-71.493
-71.694
-71.471
-71.668
-71.565
-71.535
-71.602
-71.535
-71.406
-71.545
-71.698
-71.856
-71.784
-71.819
-72.081
-72.109
-72.042
-72.147
-72.047
-72.162
-72.146
-72.318
-72.262
-72.32
-72.457
-72.615
-72.796
-72.86
-72.864
-72.942
-72.909
-73.126
-72.946
-73.111
-73.296
-73.253
-73.002
-72.924
-72.943
-72.967
-72.782
-72.819
-73.004
-73.144
-73.188
-73.147
-73.123
-73.296
-73.488
-73.671
-73.89
-74.245
-74.418
-74.6
-74.512
-74.538
-74.669
-74.608
-74.417
-74.188
-74.283
-74.086
-74.218
-74.046
-74.122
-74.084
-74.124
-74.242
-74.302
-74.385
-74.242
-74.165
-74.206
-74.356
-74.396
-74.257
-74.212
-74.477
-74.546
-74.564
-74.418
-74.634
-74.643
-74.875
-74.929
-74.923
-74.807
-74.559
-74.838
-74.706
-74.995
-74.9
-74.915
-75.206
-75.09
-74.897
-74.76
-74.625
-74.604
-74.468
-74.288
-74.007
-74.035
-74.136
-74.228
-74.134
-74.051
-74.09
-74.17
-74.418
-74.383
-74.361
-74.311
-73.884
-73.964
-73.876
-73.879
-73.593
-73.586
-73.403
-73.471
-73.308
-73.297
-73.349
-73.547
-73.613
-73.946
-74.037
-74.179
-74.165
-74.479
-74.718
-74.638
-74.504
-74.589
-74.494
-74.715
-74.363
-74.16
-74.109
-74.145
-74.061
-74.241
-74.165
-74.319
-74.259
-74.149
-74.045
-74.237
-74.361
-74.305
-74.441
-74.517
-74.772
-74.862
-74.724
-74.633
-74.646
-74.627
-74.819
-75.025
-74.691
-74.763
-74.649
-74.847
-74.706
-74.884
-74.924
-75.013
-75.176
-74.773
-74.705
-74.561
-74.51
-74.341
-74.463
-74.229
-73.952
-74.089
-73.788
-73.709
-73.846
-73.703
-73.465
-73.412
-73.352
-73.263
-73.393
-73.409
-73.18
-73.234
-73.498
-73.417
-73.529
-73.45
-73.316
-73.366
-73.313
-73.468
-73.638
-73.258
-73.094
-72.871
-72.943
-72.952
-73.035
-73.086
-72.859
-72.982
-73.039
-73.348
-73.489
-73.632
-73.89
-73.754
-73.736
-73.773
-73.893
-73.727
-73.567
-73.492
-73.552
-73.336
-73.312
-73.556
-73.746
-73.637
-73.54
-73.718
-73.784
-73.588
-73.659
-73.664
-73.702
-73.581
-73.332
-73.163
-73.15
-73.09
-73.024
-73.143
-73.133
-72.845
-72.63
-72.745
-72.631
-72.346
-72.375
-72.159
-71.944
-72.065
-72.307
-72.261
-72.158
-72.437
-72.396
-72.507
-72.545
-72.501
-72.421
-72.284
-72.581
-72.454
-72.343
-72.3
-72.368
-72.48
-72.238
-72.121
-72.02
-72.135
-72.335
-72.425
-72.34
-71.972
-71.861
-71.86
-72
-72.261
-72.323
-72.374
-72.757
-74.018
-75.257
-76.404
-77.653
-78.548
-79.003
-79.506
-79.633
-79.795
-79.831
-79.75
-79.93
-79.93
-80.037
-79.515
-79.671
-79.793
-79.852
-79.785
-80.032
-80.16
-80.031
-79.998
-80.115
-79.921
-79.632
-79.849
-79.935
-80.269
-80.141
-80.144
-80.016
-80.024
-80.076
-79.816
-80.014
-79.768
-79.902
-80.265
-80.285
-80.253
-80.137
-80.03
-80.08
-80.106
-80.152
-80.051
-79.931
-79.894
-80.169
-80.099
-80.194
-80.162
-80.158
-79.986
-79.982
-80.393
-80.381
-80.556
-80.64
-80.729
-80.598
-80.447
-80.33
-80.462
-80.237
-80.283
-80.413
-80.135
-80.23
-80.137
-79.866
-80.163
-79.969
-80.034
-79.781
