-80.898
-80.795
-80.499
-80.59
-80.634
-80.665
-80.741
-80.894
-80.573
-80.532
-80.455
-80.481
-80.742
-80.828
-80.791
-80.623
-80.472
-80.457
-80.502
-80.239
-80.393
-80.435
-80.414
-80.437
-80.396
-80.269
-80.335
-80.281
-80.316
-80.217
-80.145
-80.304
-80.218
-80.25
-80.008
-79.861
-79.76
-79.849
-79.702
-79.459
-79.205
-79.201
-79.433
-79.797
-79.999
-79.827
-79.998
-79.878
-80.025
-79.906
-79.882
-79.995
-80.026
-80.095
-80.001
-79.849
-79.871
-80.055
-80.241
-80.343
-80.265
-80.134
-80.078
-79.984
-79.986
-79.786
-79.631
-79.291
-79.368
-79.282
-79.406
-79.408
-79.368
-79.382
-79.53
-79.537
-79.536
-79.19
-79.276
-79.065
-78.942
-78.875
-78.975
-78.962
-78.664
-78.824
-78.882
-78.683
-78.566
-78.619
-78.703
-78.773
-78.445
-78.537
-78.305
-78.347
-78.423
-78.455
-78.714
-78.616
-78.568
-78.92
-78.907
-78.892
-78.85
-79.221
-78.991
-79.095
-79.255
-79.03
-79.107
-79.18
-79.01
-78.743
-78.601
-78.682
-78.35
-78.048
-78.125
-77.981
-77.782
-77.77
-77.566
-77.472
-77.579
-77.437
-77.575
-77.391
-77.303
-77.519
-77.435
-77.253
-77.015
-76.917
-76.712
-76.421
-76.666
-76.581
-76.547
-76.872
-76.977
-77.002
-76.748
-76.634
-76.549
-76.59
-76.63
-76.61
-76.655
-76.643
-76.631
-76.74
-76.809
-76.751
-77.011
-77.235
-77.208
-77.171
-77.088
-77.439
-77.461
-77.198
-77.118
-77.254
-77.336
-77.325
-77.334
-77.312
-77.341
-77.235
-77.338
-77.514
-77.618
-77.837
-77.832
-77.816
-77.774
-77.628
-77.59
-77.475
-77.469
-77.776
-77.71
-77.785
-77.506
-77.498
-77.435
-77.287
-77.446
-77.268
-77.087
-77.344
-77.26
-77.357
-77.42
-77.335
-77.501
-77.525
-77.623
-77.353
-77.413
-77.262
-77.592
-77.483
-77.43
-77.617
-77.63
-77.766
-77.774
-78.323
-78.167
-78.469
-78.824
-78.824
-79.104
-79.102
-79.102
-79.075
-79.138
-79.161
-79.553
-79.509
-79.351
-79.463
-79.368
-79.549
-79.371
-79.524
-79.552
-79.505
-79.443
-79.122
-78.908
-79.289
-79.369
-79.64
-79.815
-79.989
-79.988
-79.727
-79.689
-79.643
-79.793
-79.592
-79.908
-80.019
-80.048
-80.021
-80.006
-80.196
-80.191
-80.164
-80.144
-80.159
-79.789
-79.695
-79.712
-79.779
-80.184
-80.115
-80.166
-80.465
-80.466
-80.471
-80.297
-80.359
-80.5
-80.298
-80.451
-80.842
-80.847
-80.813
-80.742
-80.877
-81.131
-81.151
-81.362
-81.383
-81.338
-81.564
-81.685
-82.014
-82.036
-82.267
-82.555
-82.571
-82.533
-82.417
-82.342
-82.44
-82.297
-81.953
-81.645
-81.606
-81.429
-81.261
-81.483
-81.401
-81.303
-81.317
-81.162
-81.403
-81.409
-81.385
-81.212
-81.423
-81.334
-81.228
-81.282
-81.141
-81.292
-81.493
-81.786
-81.96
-82.005
-81.76
-81.877
-82.118
-82.157
-81.93
-82.049
-82.118
-81.886
-81.738
-81.734
-81.459
-81.553
-81.673
-81.804
-81.668
-81.717
-81.738
-81.704
-81.76
-81.986
-81.825
-81.867
-81.619
-81.933
-81.722
-81.753
-81.705
-81.985
-81.922
-81.801
-81.842
-81.761
-81.736
-82.038
-82.003
-82.157
-82.132
-82.035
-82.009
-82.045
-81.935
-81.926
-82.071
-82.131
-81.942
-81.997
-82.065
-81.964
-81.887
-81.9
-81.955
-81.828
-82.045
-82.133
-81.979
-82.344
-82.316
-82.353
-82.26
-82.118
-82.091
-82.089
-82.289
-81.995
-81.908
-81.639
-81.559
-81.416
-81.309
-81.398
-81.503
-81.416
-81.679
-81.732
-81.733
-81.367
-81.511
-81.651
-81.51
-81.628
-81.637
-81.949
-81.597
-81.565
-81.514
-81.506
-81.688
-81.804
-81.682
-81.844
-81.831
-81.748
-81.605
-81.744
-81.648
-81.652
-81.757
-81.722
-81.643
-81.545
-81.575
-81.374
-81.452
-81.456
-81.723
-81.961
-82.175
-82.272
-82.01
-82.172
-82.035
-82.024
-82.013
-81.852
-82.001
-82.335
-82.569
-82.529
-82.673
-82.879
-83.017
-83.225
-83.221
-83.182
-83.151
-83.281
-83.186
-82.985
-83.13
-82.982
-83.173
-83.375
-83.497
-83.307
-83.527
-83.368
-83.74
-83.794
-83.532
-83.657
-83.968
-83.945
-83.899
-83.963
-84.025
-84.01
-83.931
-84.259
-84.077
-84.334
-84.322
-84.373
-84.565
-84.748
-84.591
-84.444
-84.664
-84.793
-84.826
-84.756
-84.744
-85.04
-85.02
-84.766
-84.786
-84.921
-84.963
-84.946
-85.376
-85.307
-85.661
-85.533
-85.582
-85.461
-85.635
-85.664
-85.826
-85.732
-85.877
-85.798
-85.653
-85.544
-85.184
-85.022
-84.923
-84.726
-84.771
-84.784
-84.517
-84.475
-84.541
-84.47
-84.699
-84.633
-84.463
-84.758
-84.978
-84.791
-85.055
-85.086
-85.075
-85.111
-84.618
-84.813
-84.937
-84.923
-84.947
-84.775
-84.695
-84.745
-84.91
-85.058
-84.969
-84.691
-85.093
-85.03
-84.929
-84.958
-85.235
-85.091
-85.058
-84.972
-85.038
-84.747
-84.702
-85.149
-85.291
-85.389
-85.527
-85.294
-85.456
-85.433
-85.317
-85.185
-85.374
-85.264
-85.509
-85.704
-85.576
-85.611
-85.757
-85.535
-85.534
-85.724
-85.613
-85.276
-84.852
-84.732
-84.489
-84.006
-83.31
-82.972
-82.593
-82.15
-81.568
-81.212
-81.152
-81.058
-80.79
-80.61
-80.229
-80.016
-80.014
-79.994
-79.837
-79.677
-79.335
-78.995
-78.854
-78.839
-78.866
-78.811
-78.527
-78.443
-78.178
-78.105
-77.92
-78.034
-77.925
-78.041
-77.691
-77.56
-77.576
-77.833
-77.781
-77.646
-77.462
-77.501
-77.685
-77.609
-77.547
-77.387
-77.651
-77.718
-77.742
-77.664
-77.677
-77.553
-77.359
-77.385
-77.355
-77.072
-77.164
-77.23
-77.352
-77.476
-77.61
-77.547
-77.73
-77.624
-77.589
