-77.128
-77.003
-76.796
-76.435
-76.556
-76.404
-76.445
-76.355
-76.235
-76.271
-75.947
-76.065
-76.351
-76.464
-76.18
-75.975
-76.188
-76.116
-75.824
-75.831
-75.748
-75.847
-76.101
-76.343
-76.389
-76.275
-76.318
-76.419
-76.482
-76.408
-76.147
-75.826
-75.824
-76.098
-75.803
-75.854
-75.804
-75.853
-76.068
-75.79
-75.576
-75.588
-75.552
-75.266
-75.272
-75.272
-75.293
-75.615
-75.86
-75.731
-75.737
-75.601
-75.588
-75.285
-75.115
-74.963
-74.74
-74.643
-74.701
-74.813
-75.202
-74.958
-75.065
-74.785
-74.697
-74.773
-74.592
-74.554
-74.626
-74.706
-74.809
-74.503
-74.361
-74.218
-74.24
-73.95
-73.916
-73.873
-73.8
-73.532
-73.435
-73.425
-73.639
-73.5
-73.466
-73.572
-73.816
-73.434
-73.592
-73.821
-73.916
-73.888
-73.836
-73.919
-74.09
-73.924
-73.794
-74.337
-74.653
-74.802
-74.876
-74.947
-75.078
-75.241
-75.018
-75.28
-75.227
-75.493
-75.484
-75.355
-75.275
-74.995
-75.042
-74.98
-74.969
-74.813
-74.86
-75.095
-75.119
-75.158
-74.877
-74.759
-74.994
-74.985
-74.859
-75.026
-75.272
-75.128
-75.15
-74.862
-75.144
-75.415
-75.327
-75.385
-75.25
-75.136
-74.738
-74.801
-74.632
-75.104
-76.106
-77.163
-77.943
-78.369
-78.922
-79.245
-79.416
-79.512
-79.454
-79.338
-79.72
-79.98
-80.042
-80.126
-79.818
-79.949
-79.824
-79.636
-79.776
-80.076
-80.291
-80.084
-80.011
-79.885
-79.802
-79.822
-79.853
-80.049
-80.178
-80.307
-80.318
-80.336
-80.432
-80.243
-80.077
-79.953
-80.063
-79.781
-79.648
-79.654
-79.54
-79.785
-79.743
-79.783
-79.847
-79.794
-79.975
-79.844
-79.793
-79.616
-79.628
-79.715
-79.777
-79.67
-79.69
-79.812
-80.109
-80.135
-79.971
-79.699
-79.752
-79.892
-79.864
-79.752
-79.558
-79.59
-79.468
-79.904
-79.768
-79.587
-79.628
-79.917
-79.847
-79.809
-79.898
-79.943
-80.031
-80.036
-80.226
-80.184
-80.348
-80.35
-80.329
-80.215
-79.929
-80.142
-80.133
-79.964
-80.231
-80.229
-80.237
-80.139
-79.974
-79.832
-79.609
-79.534
-79.879
-80.009
-80.094
-80.052
-80.213
-79.931
-80.052
-79.81
-79.811
-79.687
-79.691
-79.956
-80.064
-79.867
-79.665
-79.836
-80.009
-79.883
-79.859
-79.818
-79.819
-80.028
-79.973
-80.108
-80.323
-80.321
-80.223
-80.275
-80.23
-80.323
-80.227
-80.135
-80.211
-80.073
-79.853
-79.585
-79.685
-79.721
-79.773
-80.036
-80.123
-80.092
-80.156
-80.093
-80.363
-80.273
-80.408
-80.396
-80.278
-80.312
-80.367
-80.248
-80.159
-79.868
-79.961
-80.089
-80.328
-80.147
-80.233
-80.004
-79.871
-80.114
-80.139
-80.349
-80.301
-80.088
-80.101
-79.868
-79.808
-79.846
-80.164
-80.313
-80.332
-80.19
-80.065
-80.108
-80.062
-80.205
-80.041
-79.836
-79.845
-79.889
-79.997
-79.919
-79.978
-79.913
-79.754
-79.671
-79.582
-79.671
-79.615
-79.636
-79.656
-79.901
-79.949
-80.027
-80.083
-80.066
-80.209
-80.061
-80.012
-79.918
-79.787
-79.906
-79.752
-79.887
-79.836
-79.897
-79.923
-79.859
-79.99
-80.025
-80.02
-79.907
-79.964
-79.74
-79.968
-80.05
-80.013
-79.958
-80.025
-80.036
-79.817
-79.904
-80.049
-80.128
-80.118
-80.101
-80.026
-79.74
-79.648
-79.537
-79.483
-79.762
-79.871
-79.827
-79.87
-79.87
-79.834
-79.819
-80.081
-79.891
-80.092
-80.14
-80.051
-80.072
-80.05
-80.134
-80.132
-79.997
-79.863
-80.037
-80.066
-80.136
-80.097
-79.97
-80.012
-79.552
-79.733
-79.593
-79.483
-79.502
-79.411
-79.203
-79.204
-79.244
-79.055
-79.205
-79.127
-79.042
-79.154
-79.215
-79.005
-79.281
-79.34
-79.236
-79.075
-79.23
-79.246
-78.962
-79.203
-79.232
-79.513
-79.476
-79.65
-79.704
-79.852
-79.84
-79.746
-79.747
-79.705
-79.532
-79.191
-79.149
-78.947
-78.841
-78.588
-78.658
-78.853
-78.844
-78.771
-78.74
-78.687
-78.699
-78.661
-78.732
-78.803
-78.955
-79.214
-79.112
-79.347
-79.431
-79.637
-79.516
-79.555
-79.474
-79.511
-79.456
-79.436
-79.31
-79.554
-79.809
-79.797
-79.926
-79.673
-79.828
-79.85
-79.857
-80.019
-79.783
-79.591
-79.585
-79.743
-79.833
-79.924
-79.777
-79.674
-79.805
-79.774
-79.577
-79.72
-79.878
-79.921
-79.798
-79.834
-80.094
-79.807
-79.521
-79.637
-79.663
-79.464
-79.389
-79.454
-79.344
-79.481
-79.51
-79.655
-79.71
-79.962
-80.008
-80.345
-79.682
-79.807
-79.795
-79.743
-79.721
-79.64
-79.661
-79.909
-79.779
-79.488
-79.574
-79.69
-79.957
-79.984
-80.118
-79.873
-79.866
-79.639
-79.811
-79.931
-79.848
-79.703
-79.691
-79.878
-79.453
-79.242
-79.058
-79.037
-78.878
-78.82
-79.132
-79.189
-79.236
-79.285
-79.025
-79.088
-79.25
-79.466
-79.557
-79.537
-79.772
-79.899
-79.99
-80.105
-79.916
-79.635
-79.681
-79.442
-79.467
-79.38
-79.452
-79.545
-79.734
-79.654
-79.886
-80.13
-80.119
-80.215
-80.062
-79.833
-79.58
-79.637
-79.608
-79.663
-79.523
-79.752
-79.625
-79.666
-79.739
-79.743
-79.636
-79.85
-79.846
-79.631
-79.539
-79.303
-79.324
-79.272
-79.456
-79.441
-79.641
-79.474
-79.482
-79.373
-79.414
-79.524
-79.558
-79.554
-79.37
-79.403
-79.877
-79.903
-79.599
-79.382
-79.344
-79.438
-79.602
-79.619
-79.492
-79.871
-79.84
-79.772
-79.784
-79.914
-79.9
-80.392
-80.467
-80.286
-80.313
-80.245
-80.387
-80.4
-80.636
-80.902
-80.831
-81.01
-80.94
-80.674
-80.581
-80.427
-80.249
-80.319
-80.401
-80.107
-80.109
-80.363
-80.303
-80.238
-80.477
