-76.536
-76.491
-76.563
-76.777
-76.787
-77.08
-77.18
-77.246
-77.264
-77.44
-77.371
-77.382
-77.561
-77.43
-77.357
-77.543
-77.412
-77.295
-77.366
-77.342
-77.389
-77.464
-77.671
-77.943
-77.772
-77.887
-78.001
-78.104
-78.145
-77.903
-77.922
-78.134
-78.577
-78.683
-78.701
-78.55
-78.515
-78.549
-78.438
-78.459
-78.308
-78.387
-78.284
-77.968
-78.098
-78.115
-77.86
-77.462
-77.568
-77.334
-77.611
-77.656
-77.644
-77.639
-77.493
-77.602
-77.698
-77.715
-77.638
-77.728
-77.837
-77.607
-77.329
-77.447
-77.482
-77.518
-77.437
-77.157
-77.19
-76.969
-77.015
-76.917
-76.697
-76.997
-76.61
-76.741
-76.817
-77.09
-76.956
-77.117
-77.281
-77.268
-76.944
-76.743
-76.525
-76.861
-76.936
-77
-77.085
-76.981
-77.234
-77.407
-77.437
-77.311
-77.427
-77.299
-77.282
-77.139
-77.01
-76.788
-76.945
-77.237
-77.137
-76.894
-76.929
-76.812
-77.101
-77.165
-76.756
-76.398
-76.35
-76.438
-76.452
-76.383
-75.85
-76.105
-76.142
-76.003
-76.123
-75.726
-75.804
-75.708
-75.814
-75.796
-75.444
-75.427
-75.389
-75.083
-75.088
-75.178
-75.293
-75.08
-75.294
-75.465
-75.672
-75.625
-75.621
-75.663
-75.61
-75.728
-75.876
-75.689
-76.095
-76.175
-76.051
-76.309
-76.315
-76.344
-76.266
-76.277
-76.236
-76.049
-76.064
-75.896
-75.473
-75.74
-75.636
-75.45
-75.474
-75.46
-75.426
-75.004
-74.904
-75.187
-75.095
-75.021
-74.929
-74.961
-74.922
-75.079
-74.872
-74.837
-74.948
-74.748
-74.596
-74.841
-75.195
-75.234
-75.375
-75.314
-75.238
-75.117
-75.241
-75.295
-75.462
-75.031
-75.195
-75.388
-75.256
-75.587
-75.673
-75.566
-75.289
-75.258
-75.176
-75.33
-75.401
-75.388
-75.539
-75.546
-75.548
-75.676
-75.632
-75.369
-75.461
-75.308
-75.344
-75.579
-75.483
-75.776
-75.935
-76.032
-76.204
-76.242
-75.971
-75.776
-75.518
-75.293
-75.304
-75.333
-75.516
-75.471
-75.365
-75.893
-76.899
-77.907
-78.429
-78.83
-79.147
-79.55
-79.628
-79.802
-79.811
-79.84
-79.973
-79.831
-79.949
-79.928
-80.279
-80.283
-80.269
-80.094
-80.256
-80.405
-80.21
-80.297
-80.027
-80.26
-80.18
-80.126
-79.99
-79.969
-79.971
-79.959
-80.038
-80.226
-80.065
-79.874
-79.843
-79.805
-79.967
-79.782
-80.107
-80.314
-80.093
-80.339
-80.042
-80.091
-80.111
-80.031
-79.874
-79.792
-80.01
-80.046
-79.724
-79.824
-79.847
-79.922
-79.874
-80.027
-80.198
-80.155
-80.069
-80.121
-80.081
-79.899
-80.069
-80.066
-80.14
-80.155
-80.283
-80.181
-80.113
-80.223
-80.171
-80.113
-80.247
-79.944
-79.906
-79.972
-80.107
-80.206
-80.159
-80.171
-80.313
-80.285
-79.914
-79.87
-79.724
-79.822
-80.014
-79.894
-79.884
-80.019
-80.137
-80.247
-80.335
-80.256
-80.029
-79.982
-79.999
-79.966
-79.706
-79.538
-79.882
-79.665
-79.617
-79.771
-79.906
-79.878
-79.609
-79.908
-79.815
-79.754
-79.772
-79.549
-79.652
-79.768
-79.717
-79.882
-79.966
-79.841
-80.139
-80.085
-79.8
-79.682
-79.754
-79.612
-79.633
-79.923
-80.05
-80.185
-79.963
-79.994
-80.106
-80.017
-80.021
-79.961
-79.956
-79.855
-80.042
-80.026
-80.041
-80.094
-80.354
-80.43
-80.355
-80.402
-80.479
-80.353
-80.392
-80.508
-80.405
-80.572
-80.533
-80.455
-80.563
-80.619
-80.825
-80.667
-80.563
-80.651
-80.499
-80.262
-80.209
-80.096
-79.998
-80
-80.023
-80.328
-80.344
-80.393
-80.331
-80.525
-80.19
-80.134
-80.118
-80.174
-80.131
-80.369
-80.23
-80.376
-80.458
-80.282
-80.267
-80.101
-79.955
-80.278
-80.195
-79.934
-79.852
-79.785
-79.666
-79.596
-79.529
-79.414
-79.467
-79.488
-79.505
-79.391
-79.634
-79.451
-79.188
-79.337
-79.225
-79.271
-79.507
-79.555
-79.471
-79.789
-79.918
-80.114
-80.305
-80.399
-80.599
-80.695
-80.838
-81.089
-81.038
-81.01
-80.874
-80.956
-80.853
-80.686
-80.746
-80.813
-80.925
-80.896
-81.192
-81.134
-80.91
-80.77
-80.915
-80.548
-80.529
-80.465
-80.398
-80.279
-80.366
-80.421
-80.416
-80.527
-80.7
-80.74
-80.665
-80.733
-80.876
-80.832
-80.991
-81.405
-81.432
-81.219
-81.11
-80.916
-80.88
-80.588
-80.652
-80.841
-81.113
-81.362
-81.281
-81.251
-80.792
-80.726
-80.88
-80.872
-81.241
-81.024
-81.01
-80.971
-80.796
-80.875
-80.537
-80.429
-80.479
-80.538
-80.76
-80.472
-80.54
-80.445
-80.674
-80.544
-80.239
-80.052
-79.884
-79.694
-79.715
-79.809
-79.675
-79.782
-79.825
-79.772
-80.003
-79.65
-79.508
-79.864
-79.536
-79.179
-78.87
-78.598
-78.21
-77.794
-77.534
-77.39
-77.281
-77.009
-76.803
-76.628
-76.501
-76.342
-75.812
-75.647
-75.427
-75.095
-74.857
-74.953
-75.015
-75
-75.038
-74.822
-74.701
-74.732
-74.493
-74.293
-74.375
-74.253
-74.416
-74.368
-73.946
-74.057
-74.141
-74.036
-74.02
-74.124
-74.117
-74.257
-74.366
-74.479
-74.607
-74.675
-74.462
-74.567
-74.563
-74.66
-74.911
-74.715
-74.904
-75.206
-75.402
-75.306
-75.149
-75.183
-75.148
-75.364
-75.069
-75.196
-75.397
-75.342
-75.794
-75.962
-75.916
-75.758
-75.956
-76.205
-75.996
-76.087
-76.045
-75.924
-75.924
-76.223
-76.27
-76.075
-76.184
-76.05
-76.293
-76.274
-76.13
-76.27
-76.134
-76.207
-76.413
-76.527
-76.746
-76.778
-76.802
-76.915
-76.988
-77.486
-77.718
-77.85
-77.839
-77.756
-77.561
-77.378
-77.224
-77.064
-76.943
-76.82
-76.873
-76.702
-76.81
-77.073
-77.141
-77.083
-77.162
-77.239
