-81.878
-81.88
-82.133
-82.032
-82.276
-82.183
-82.063
-82.111
-81.913
-81.948
-82.024
-82.225
-82.35
-82.038
-82.009
-81.72
-81.95
-82.056
-81.794
-81.876
-81.83
-81.886
-82.015
-81.93
-81.712
-81.628
-81.561
-81.678
-81.266
-81.493
-81.113
-81.093
-81.048
-80.743
-80.826
-80.878
-80.744
-80.718
-80.594
-80.359
-80.249
-80.21
-80.29
-80.034
-79.789
-79.789
-79.655
-79.952
-79.919
-80.063
-80.256
-80.328
-80.383
-80.157
-80.16
-79.81
-79.744
-79.716
-79.783
-79.78
-79.978
-79.809
-79.951
-80.046
-79.748
-79.525
-79.335
-79.138
-79.081
-78.807
-78.974
-78.702
-78.821
-78.574
-78.671
-78.409
-78.434
-78.305
-78.358
-78.462
-78.607
-78.813
-78.832
-78.783
-78.792
-78.736
-78.736
-78.864
-78.817
-78.981
-79.051
-78.943
-78.847
-78.851
-78.782
-78.54
-78.656
-78.386
-78.493
-78.221
-78.025
-77.938
-77.92
-77.714
-77.766
-77.734
-77.697
-77.562
-77.568
-77.484
-77.291
-77.003
-76.916
-76.753
-76.963
-76.907
-76.893
-76.851
-76.821
-76.776
-76.992
-77.078
-77.244
-77.138
-77.117
-76.986
-77.185
-77.208
-77.258
-77.183
-77.288
-77.317
-77.007
-77.302
-77.244
-77.163
-77.03
-77.088
-77.19
-76.991
-76.98
-77.051
-76.884
-76.631
-76.506
-76.313
-76.199
-76.262
-76.283
-76.353
-76.301
-76.033
-76.163
-76.152
-76.235
-76.304
-76.366
-76.311
-76.314
-76.369
-76.395
-76.475
-76.478
-76.513
-76.465
-76.435
-76.552
-76.881
-76.741
-76.883
-77.012
-77.194
-77.234
-77.261
-77.354
-77.201
-77.251
-77.288
-77.464
-77.511
-77.371
-77.292
-77.409
-77.49
-77.364
-77.247
-77.29
-77.18
-77.019
-77.031
-77.239
-77.481
-77.65
-77.675
-77.644
-77.597
-77.519
-77.925
-77.663
-77.896
-77.754
-77.834
-77.497
-77.347
-77.364
-77.559
-77.551
-77.499
-77.655
-77.641
-77.692
-77.466
-77.557
-77.75
-77.46
-77.659
-77.772
-77.575
-77.466
-77.5
-77.22
-77.191
-77.272
-77.397
-77.397
-77.249
-77.48
-77.276
-77.309
-77.249
-77.326
-77.052
-77.126
-77.005
-77.171
-76.861
-76.847
-76.71
-76.501
-76.513
-76.391
-76.316
-76.211
-76.093
-76.113
-76.327
-76.381
-76.224
-76.252
-76.163
-76.116
-76.185
-75.972
-75.939
-75.828
-75.809
-75.801
-75.653
-75.803
-75.808
-75.849
-76.048
-75.828
-75.395
-75.203
-74.973
-74.615
-74.666
-74.391
-74.029
-73.872
-73.436
-73.024
-72.632
-72.143
-72.016
-71.905
-71.929
-71.421
-70.847
-70.892
-70.901
-70.824
-70.63
-70.627
-70.435
-70.023
-69.996
-69.962
-69.765
-69.239
-69.029
-68.891
-68.775
-68.958
-68.846
-68.755
-68.681
-68.5
-68.58
-68.448
-68.393
-68.217
-68.255
-68.189
-68.389
-68.338
-67.91
-67.652
-67.462
-67.254
-66.671
-66.272
-66.145
-65.885
-65.603
-65.282
-65.112
-64.939
-64.749
-64.724
-64.755
-64.574
-64.146
-64.02
-63.785
-63.616
-63.201
-62.977
-62.972
-63.042
-63.017
-62.975
-62.955
-62.809
-63.181
-65.637
-68.767
-71.82
-74.181
-76.014
-77.107
-77.95
-78.471
-78.925
-79.337
-79.415
-79.538
-79.524
-79.438
-79.588
-79.545
-79.459
-79.675
-79.577
-79.515
-79.688
-79.751
-79.785
-79.888
-80.341
-80.233
-80.129
-80.116
-80.282
-80.279
-80.391
-80.206
-79.972
-79.924
-80.111
-79.984
-80.094
-80.119
-80.164
-80.291
-80.296
-80.101
-79.939
-79.947
-79.91
-80.054
-79.979
-79.933
-79.751
-79.952
-80.057
-80.309
-80.108
-80.153
-80.05
-80.078
-80.022
-79.835
-79.887
-79.862
-79.912
-79.979
-80.092
-80.092
-80.028
-80.22
-80.01
-80.155
-80.088
-80.176
-80.133
-79.962
-79.767
-80.008
-79.838
-80.084
-80.177
-80.192
-80.259
-80.023
-79.925
-79.743
-79.77
-80.041
-79.788
-79.944
-79.945
-79.807
-79.678
-79.671
-79.794
-80.033
-80.092
-79.954
-79.863
-79.816
-79.951
-79.906
-79.82
-79.874
-79.983
-80.121
-79.954
-79.952
-80.002
-79.926
-80.006
-80.042
-79.906
-79.975
-79.971
-79.981
-79.764
-79.879
-80.015
-79.793
-80.175
-79.8
-79.777
-79.881
-79.694
-79.527
-79.521
-79.539
-79.623
-79.765
-79.8
-79.881
-79.927
-79.88
-79.883
-79.771
-79.578
-79.591
-79.868
-79.456
-79.742
-79.733
-79.897
-80.08
-80.031
-79.999
-79.992
-79.887
-79.762
-80.051
-80.276
-80.294
-80.295
-80.283
-80.445
-80.526
-80.503
-80.441
-80.192
-80.027
-80.087
-79.993
-80.226
-80.007
-79.881
-80.079
-80.076
-80.274
-79.997
-79.781
-79.617
-79.902
-79.822
-79.928
-80.054
-80.047
-79.959
-80.077
-79.8
-79.983
-80.119
-80.178
-80.286
-80.267
-79.933
-79.935
-80.152
-80.101
-80.009
-79.816
-79.991
-80.125
-79.924
-79.856
-79.784
-79.768
-79.472
-79.318
-79.145
-78.939
-78.981
-79.058
-79.056
-79.45
-79.351
-79.555
-79.628
-79.511
-79.437
-79.185
-79.175
-79.194
-79.12
-79.396
-79.513
-79.581
-79.636
-79.505
-79.541
-79.465
-79.517
-79.74
-79.586
-79.611
-79.574
-79.731
-79.73
-79.823
-79.937
-79.939
-79.973
-79.821
-79.628
-79.77
-79.666
-79.634
-79.964
-80.096
-79.882
-80.059
-79.98
-79.782
-79.797
-79.972
-79.967
-80.08
-79.823
-79.853
-79.849
-79.906
-79.745
-79.892
-79.865
-79.912
-79.843
-79.796
-79.835
-79.865
-79.977
-79.821
-79.54
-79.494
-79.52
-79.44
-79.763
-79.637
-79.958
-79.857
-79.804
-79.877
-79.983
-80.011
-80.011
-79.829
-79.76
-79.718
-80.094
-79.873
-79.702
-79.678
-79.642
-79.712
-79.614
-79.664
-79.642
-79.652
-79.632
-79.677
-79.543
-79.713
-79.723
-79.719
-79.758
-79.472
