-78.416
-78.589
-78.627
-78.48
-78.39
-78.468
-78.525
-79.006
-79.088
-79.137
-78.822
-78.755
-78.638
-78.732
-78.823
-78.821
-78.714
-78.714
-78.632
-78.44
-78.311
-78.282
-78.077
-77.765
-78.072
-78.036
-78.252
-78.449
-78.948
-79.151
-79.41
-79.646
-79.715
-79.965
-79.952
-79.817
-80.012
-79.889
-79.855
-80.047
-80.115
-80.14
-80.236
-80.26
-80.364
-80.186
-80.075
-79.656
-79.97
-79.983
-79.846
-79.671
-79.744
-79.673
-79.841
-79.9
-79.957
-79.799
-79.591
-79.627
-79.327
-79.608
-79.341
-79.218
-78.779
-78.664
-78.976
-78.765
-78.806
-78.971
-78.971
-78.977
-79.107
-78.993
-78.927
-78.763
-78.606
-78.8
-78.919
-79.188
-79.256
-79.274
-79.28
-79.378
-79.39
-79.335
-79.253
-79.507
-79.638
-79.784
-79.855
-79.803
-79.85
-79.865
-79.767
-79.612
-79.681
-79.575
-79.919
-79.873
-79.679
-79.626
-79.956
-79.865
-79.763
-79.692
-79.63
-79.489
-79.434
-79.52
-79.474
-79.423
-79.519
-79.592
-79.835
-79.842
-79.867
-79.982
-80.088
-80.336
-80.279
-80.005
-80.134
-80.124
-80.123
-80.34
-80.388
-80.456
-80.312
-80.199
-79.849
-79.849
-79.446
-79.488
-79.465
-79.513
-79.531
-79.606
-79.771
-79.834
-79.875
-79.803
-79.729
-79.694
-79.543
-79.543
-79.518
-79.286
-79.555
-79.463
-79.62
-79.543
-79.83
-79.886
-80.196
-80.03
-79.923
-79.985
-80.057
-80.17
-80.137
-80.312
-80.1
-80.123
-80.099
-80.146
-80.197
-79.953
-80.154
-80.04
-79.907
-79.942
-79.928
-79.998
-79.841
-80.093
-80.109
-80.198
-80.19
-79.638
-79.565
-79.566
-79.787
-79.758
-79.998
-79.933
-79.803
-79.562
-79.707
-79.733
-79.697
-80.018
-80.032
-79.861
-80.073
-80.122
-80.103
-80.048
-79.945
-79.826
-79.827
-79.865
-79.67
-79.862
-79.796
-79.798
-79.677
-79.543
-79.335
-79.639
-79.905
-79.986
-80.106
-80.189
-79.971
-79.887
-79.954
-80.086
-79.905
-80.078
-80.257
-80.406
-80.296
-80.334
-80.288
-80.086
-80.351
-80.566
-80.423
-80.389
-80.565
-80.206
-80.145
-80.056
-80.084
-80.202
-80.188
-80.258
-80.323
-80.081
-80.206
-80.075
-80.021
-79.895
-79.878
-79.728
-80.016
-79.974
-80.038
-80.01
-79.942
-79.896
-80.008
-79.881
-80.026
-79.944
-79.97
-79.783
-79.82
-80.043
-80.182
-79.922
-79.842
-79.579
-79.482
-79.831
-79.671
-79.964
-80.016
-79.809
-79.88
-79.8
-79.79
-80.137
-80.337
-80.195
-80.198
-80.179
-80.3
-80.255
-80.244
-80.108
-80.278
-80.156
-80.34
-79.959
-80.062
-79.811
-79.665
-79.603
-79.623
-79.704
-79.739
-79.64
-79.669
-79.258
-79.512
-79.479
-79.648
-79.444
-79.365
-79.419
-79.65
-79.441
-79.193
-78.843
-79.113
-79.167
-79.207
-79.31
-79.32
-79.249
-79.187
-79.422
-79.549
-79.5
-79.528
-79.545
-79.487
-79.74
-79.557
-79.554
-79.439
-79.525
-79.94
-80.112
-80.278
-80.401
-80.45
-80.651
-80.419
-80.291
-80.217
-80.106
-80.144
-80.085
-80.255
-80.119
-79.814
-79.686
-79.937
-79.977
-79.846
-79.673
-79.639
-79.583
-79.547
-79.947
-79.889
-79.846
-79.926
-80.022
-80.145
-80.076
-80.102
-80.064
-79.904
-79.767
-80.11
-80.103
-79.946
-80.049
-79.774
-79.71
-79.526
-79.266
-79.31
-79.393
-79.186
-78.968
-79.401
-79.327
-79.178
-79.45
-79.573
-79.784
-79.929
-79.811
-79.605
-79.522
-79.593
-79.637
-79.7
-79.267
-79.386
-79.393
-79.188
-79.422
-79.665
-79.538
-79.523
-79.413
-79.287
-79.058
-79.184
-79.608
-79.55
-79.57
-79.583
-79.42
-79.267
-79.165
-79.386
-79.191
-78.967
-78.881
-79.436
-79.307
-79.444
-79.459
-79.526
-79.399
-79.225
-79.107
-79.057
-79.04
-78.911
-78.625
-78.798
-78.705
-78.888
-78.856
-78.841
-78.819
-79.082
-79.091
-79.155
-79.165
-79.123
-79.181
-79.361
-79.497
-79.688
-80.052
-80.171
-79.94
-80.015
-80.008
-80.209
-80.15
-79.928
-79.275
-78.801
-78.521
-77.876
-77.272
-76.998
-76.428
-76.064
-76.236
-76.661
-77.077
-77.455
-77.594
-77.962
-77.8
-78.172
-78.291
-78.435
-78.392
-78.458
-78.737
-78.649
-78.721
-78.756
-79.162
-79.123
-79.225
-79.473
-79.744
-79.453
-79.504
-79.349
-79.126
-79.642
-79.629
-79.627
-79.568
-79.649
-79.357
-79.463
-79.517
-79.718
-80.144
-80.233
-79.923
-79.782
-79.941
-79.8
-79.757
-79.693
-79.597
-79.297
-79.145
-79.148
-79.119
-79.444
-79.623
-79.669
-79.339
-79.366
-79.359
-79.328
-79.359
-79.642
-79.609
-79.526
-79.471
-79.607
-79.495
-79.458
-79.588
-79.567
-79.728
-79.826
-79.722
-79.646
-79.693
-79.872
-79.676
-79.487
-79.492
-79.682
-79.867
-80.026
-80.147
-79.996
-79.857
-79.975
-79.892
-79.657
-79.483
-79.344
-78.918
-78.71
-78.641
-78.386
-78.407
-78.605
-78.843
-79.078
-79.042
-79.024
-78.946
-79.055
-78.698
-78.928
-78.996
-79.11
-79.158
-79.391
-79.447
-79.499
-79.628
-79.703
-79.644
-79.939
-80.061
-79.982
-79.689
-79.782
-79.77
-79.658
-79.522
-79.86
-79.684
-79.896
-79.993
-80.149
-79.892
-79.865
-79.812
-79.594
-79.698
-79.815
-79.946
-79.916
-79.919
-79.867
-80.058
-79.897
-79.711
-80.085
-79.94
-79.937
-79.897
-79.876
-79.913
-79.809
-79.348
-79.482
-79.453
-79.414
-79.626
-79.632
-79.917
-80.082
-79.934
-79.99
-79.956
-80.064
-79.944
-79.939
-79.736
-79.607
-79.922
-79.903
-80.12
-79.928
-79.905
-80.116
-80.104
-80.003
-80.093
-80.143
-79.953
-80.126
-80.211
-80.229
-80.389
-80.263
-80.16
-79.913
-79.82
-79.591
-79.664
-79.971
-79.978
-80.083
-80.091
-80.109
-79.776
-79.796
-79.78
-79.726
-79.818
-79.706
-79.65
-79.773
-79.791
-80.174
-80.225
-80.345
-80.105
-80.13
-79.958
-80.042
-80.018
-79.984
-79.822
-79.818
-79.767
-79.536
-79.456
-79.033
-78.918
-78.604
-78.674
-78.798
-78.91
-78.952
-78.986
-78.945
-79.018
-78.949
-78.996
-79
-78.958
-78.9
-79.162
-79.181
-79.249
-79.082
-79.211
-79.151
-79.075
-79.266
-79.381
-79.33
-79.311
-79.146
-79.428
-79.492
-79.787
-79.522
-79.506
-79.53
-79.624
-79.496
-79.761
-79.477
-79.526
-79.648
-79.514
-79.717
-79.653
-79.782
-79.586
-79.723
-79.405
-79.325
-79.279
-79.186
-79.276
-79.409
-79.424
-79.385
-79.473
-79.208
-79.085
-79.31
-79.114
-79.103
-79.498
-79.388
-79.322
-79.388
-79.404
-78.91
-79.014
-79.026
-78.905
-79.022
-79.319
-79.327
-79.325
-79.204
-78.984
-79.311
-79.27
-79.423
-79.221
-79.18
-79.241
-79.404
-79.315
-79.173
-79.165
-79.157
-79.128
-79.081
-78.993
-78.927
-78.442
-78.152
-77.879
-77.559
-77.617
-77.603
-77.623
-77.377
-77.231
-77.206
-77.243
-77.414
-77.4
-77.262
-77.274
-77.381
-77.209
-77.003
-77.046
-77.085
-76.979
-77.106
-77.212
-77.67
-77.615
-77.739
-77.863
-77.971
-77.811
-77.987
-77.983
-78.21
-78.184
-77.932
-77.957
-77.849
-78.025
-78.031
-78.287
-78.368
-78.396
-78.316
-78.495
-78.387
-78.581
-78.72
-78.739
-78.471
-78.237
-78.499
-78.436
-78.733
-78.753
-78.864
-78.713
-78.564
-78.748
-79
-79.193
-79.497
-79.88
-79.654
-79.35
-79.112
-79.006
-78.993
-79.278
-79.101
-78.972
-78.885
-78.958
-78.507
-78.627
-78.504
-78.272
-78.143
-77.898
-78.005
-77.903
-77.942
-78.216
-78.439
-78.502
-78.505
-78.501
-78.518
-78.55
-78.707
-78.368
-78.507
-78.219
-78.447
-78.208
-78.685
-78.713
-78.793
-78.916
-79.055
-79.199
-79.482
-79.52
-79.509
-79.43
-79.582
-79.421
-79.279
-79.23
-79.446
-79.173
-79.09
-79.123
-79.113
-78.943
-78.956
-78.817
-78.864
-78.923
-79.087
-78.95
-78.923
-78.949
-78.996
-79.084
-79.43
-79.591
-79.544
-79.325
-79.204
-79.37
-79.448
-79.251
-79.628
-79.717
-79.921
-80.037
-80.19
-80.2
-80.22
-80.056
-80.063
-80.069
-79.804
-79.855
-79.726
-79.791
-79.878
-79.785
-80.207
-79.76
-79.892
-79.627
-79.589
-79.559
-79.554
-79.527
-79.683
-79.509
-79.255
-79.195
-79.061
-79.104
-78.971
-79.243
-79.18
-79.258
-79.13
-79.175
-79.339
-79.294
-79.053
-78.911
-78.919
-78.925
-79.26
-79.23
-79.038
-79.081
-79.323
-79.036
-79.216
-79.094
-79.109
-79.234
-79.105
-79.033
-79.209
-79.008
-78.975
-78.693
-78.793
-78.568
-78.087
-77.866
-77.966
-77.805
-77.298
-77.174
-77.241
-76.839
-76.742
-76.746
-76.637
-76.268
-76.155
-75.951
-76.015
-76.128
-76.091
-76.134
-75.899
-75.599
-75.602
-75.424
-75.3
-75.05
-75.043
-75.057
-74.809
-74.534
-74.38
-74.571
-74.569
-74.506
-74.429
-74.307
-74.362
-74.566
-74.571
-74.619
-74.622
-74.672
-74.898
-74.821
-74.982
-75.133
-75.216
-75.083
-75.1
-74.704
-74.724
-74.76
-74.989
-74.808
-74.606
-74.667
-74.483
-74.725
-74.882
-74.875
-74.907
-74.85
-74.701
-74.973
-74.561
-74.624
-74.883
-74.861
-74.755
