-81.21
-81.223
-81.153
-80.883
-80.778
-80.576
-80.643
-80.544
-80.588
-80.663
-80.804
-81.107
-81.333
-81.313
-81.297
-81.278
-81.141
-81.6
-81.719
-81.565
-81.548
-81.831
-81.928
-81.932
-82.046
-81.954
-81.904
-82.066
-81.798
-81.653
-81.534
-81.384
-81.264
-81.271
-81.307
-81.413
-81.058
-81.09
-81.368
-81.363
-81.164
-81.308
-81.527
-81.367
-81.402
-81.469
-81.228
-81.254
-81.083
-81.053
-81.02
-81.006
-80.861
-81.065
-81.045
-80.852
-80.708
-80.771
-80.781
-80.913
-81.023
-80.852
-80.895
-80.8
-80.929
-80.944
-80.618
-80.709
-80.956
-81.068
-80.94
-81.057
-81.09
-80.998
-81.012
-80.82
-80.729
-80.667
-80.591
-80.694
-80.454
-80.097
-80.192
-80.451
-80.258
-80.349
-80.479
-80.534
-80.455
-80.414
-80.492
-80.615
-80.692
-80.871
-80.956
-80.969
-80.932
-81.153
-80.986
-80.69
-80.493
-80.766
-80.664
-80.882
-80.621
-80.765
-80.752
-80.836
-80.312
-80.334
-80.333
-80.343
-80.301
-80.621
-80.924
-80.88
-80.852
-80.911
-80.885
-81.105
-80.933
-81.215
-81.087
-80.982
-81.004
-81.075
-80.964
-81.03
-81.301
-81.245
-81.009
-80.788
-80.821
-80.749
-80.868
-80.869
-80.737
-80.862
-80.648
-80.488
-80.294
-80.567
-80.683
-80.619
-80.485
-80.561
-80.413
-80.617
-80.496
-80.793
-81.026
-80.972
-81.14
-81.275
-81.382
-81.298
-81.486
-81.638
-81.634
-81.842
-81.691
-81.966
-81.987
-81.932
-82.111
-82.473
-82.198
-82.066
-81.73
-81.615
-81.449
-81.744
-81.903
-81.976
-81.75
-81.752
-81.718
-81.767
-81.946
-82.092
-82.192
-82.607
-82.549
-82.476
-82.337
-82.175
-82.176
-82.342
-82.544
-82.204
-82.429
-82.408
-82.26
-82.159
-82.178
-82.395
-81.984
-82.162
-82.258
-82.305
-82.291
-82.393
-82.575
-82.443
-82.453
-82.544
-82.659
-82.762
-82.803
-82.9
-83.052
-83.064
-83.151
-83.147
-83.361
-83.618
-83.354
-83.167
-82.987
-82.944
-83.086
-82.723
-82.817
-82.869
-82.872
-82.496
-82.532
-82.547
-82.463
-82.556
-82.219
-82.309
-82.469
-82.634
-82.714
-82.579
-82.614
-82.433
-81.979
-81.963
-81.747
-81.74
-81.733
-82.169
-82.062
-82.199
-82.253
-82.2
-82.273
-82.215
-82.214
-82.204
-82.233
-82.143
-82.132
-81.952
-81.993
-82.109
-81.954
-81.97
-81.853
-81.824
-81.977
-82.14
-82.124
-82.121
-81.895
-81.486
-82.083
-81.997
-82.174
-82.136
-81.968
-81.877
-81.687
-81.653
-81.954
-81.938
-82.094
-82.157
-81.933
-82.089
-82.051
-82.06
-82.063
-81.857
-81.757
-81.857
-81.8
-81.646
-81.564
-81.284
-81.612
-81.63
-81.748
-81.744
-81.608
-81.616
-81.762
-81.638
-81.361
-81.256
-81.231
-81.316
-81.357
-81.613
-81.679
-81.461
-81.398
-81.513
-81.33
-81.511
-81.457
-81.429
-81.466
-81.437
-81.412
-81.4
-81.273
-80.994
-80.878
-80.64
-80.75
-80.726
-80.69
-80.764
-80.727
-80.728
-80.877
-80.81
-80.969
-81.085
-81.119
-80.973
-80.951
-81.029
-81.203
-81.074
-81.342
-81.332
-81.138
-81.364
-81.338
-81.737
-81.639
-81.693
-81.762
-81.866
-82
-82.012
-82.303
-82.54
-82.578
-82.688
-82.594
-82.559
-82.34
-82.379
-82.152
-82.058
-82.056
-82.122
-82.027
-82.527
-82.525
-82.375
-82.532
-82.759
-82.682
-82.767
-82.668
-83.116
-83.155
-83.318
-83.475
-83.626
-83.719
-83.872
-83.67
-83.683
-83.368
-83.201
-83.199
-82.851
-82.835
-82.99
-83.042
-82.76
-83.059
-83.002
-83.027
-83.076
-83.478
-83.457
-83.574
-83.64
-83.63
-83.738
-83.807
-83.68
-83.891
-83.649
-83.499
-83.406
-83.417
-83.291
-83.107
-83.284
-83.455
-83.792
-83.811
-83.766
-83.746
-83.725
-83.425
-83.327
-83.315
-83.254
-83.278
-83.359
-83.399
-83.165
-83.233
-82.991
-82.869
-82.988
-83.033
-82.467
-81.958
-81.435
-81.068
-80.887
-80.45
-80.155
-80.266
-80.012
-79.875
-79.801
-79.603
-79.777
-79.776
-79.385
-79.261
-79.158
-79.064
-78.954
-79.249
-79.168
-79.119
-79.186
-79.218
-79.073
-79.109
-78.963
-79.025
-79.229
-79.113
-79.312
-79.317
-79.126
-79.033
-79.077
-78.896
-78.814
-78.758
-78.985
-78.797
-78.72
-78.718
-78.809
-78.816
-79.078
-79.118
-78.748
-78.495
-78.406
-78.446
-78.189
-78.258
-78.184
-78
-78.271
-78.229
-78.228
-78.285
-78.349
-78.405
-78.389
-78.302
-78.467
-78.398
-78.472
-78.526
-78.727
-78.797
-78.548
-78.628
-78.712
-78.71
-78.623
-78.765
-78.758
-78.916
-78.979
-79.235
-79.248
-78.941
-79.241
-79.104
-78.971
-78.9
-78.622
-78.414
-78.188
-78.035
-78.055
-77.768
-77.46
-77.429
-77.473
-77.586
-77.572
-77.49
-77.29
-77.202
-77.161
-76.93
-77.111
-77.35
-77.451
-77.271
-76.977
-77.182
-77.142
-77.383
-77.642
-77.633
-77.736
-77.833
-77.915
-78.13
-78.439
-78.626
-78.546
-78.646
-78.519
-78.637
-78.426
-78.274
-78.365
-78.471
-78.749
-79.024
-79.07
-79.205
-79.049
-79.152
-79.126
-79.072
-78.971
-78.872
-79.061
-79.185
-79.25
-78.915
-79.134
-79.303
-79.219
-79.083
-79.031
-78.882
-79.115
-79.271
-79.169
-79.135
-78.825
-78.373
-78.221
-77.927
-77.704
-77.559
-77.411
-77.519
-77.432
-77.697
-77.23
-76.749
-77.172
-77.372
-77.158
-76.956
-76.681
-76.342
-76.135
-75.527
-75.246
-75.526
-75.312
-75.096
-75.126
-74.768
-74.849
-75.066
-75.12
-75.158
-75.058
-75.353
-75.574
-75.614
-75.394
-75.671
-75.541
-75.509
-75.488
-75.643
-75.72
-75.748
-76.207
-76.408
-76.329
-76.344
-76.526
-76.519
-76.558
-76.628
-76.613
-76.628
-76.918
-77.079
-77.205
-77.092
-77.274
-77.521
-77.223
-77.377
-77.599
-77.665
-77.452
-77.37
-77.178
-77.079
-77.189
-77.325
-77.252
-77.432
-77.497
-77.782
-77.616
-77.801
-77.887
-78.263
-78.244
-78.552
-78.54
-78.651
-78.765
-78.946
-79.196
-79.097
-78.824
-78.484
-78.499
-78.943
-78.995
-78.912
-78.823
-78.841
-78.878
-78.913
-78.977
-78.796
-79.06
-79.088
-79.035
-78.874
-78.814
-78.94
-78.934
-78.946
-78.553
-78.399
-78.519
-78.633
-78.722
-78.876
-79.009
-79.052
-79.294
-79.3
-79.017
-78.959
-79.092
-79.364
-79.074
-79.086
-79.028
-79.295
-79.356
-79.396
-79.486
-79.41
-79.342
-79.512
-79.631
-79.768
-79.809
-79.806
-79.801
-79.639
-79.634
-79.79
-79.621
-79.437
-79.383
-79.678
-79.628
-79.354
-79.06
-79.059
-79.19
-79.294
-79.177
-79.122
-78.863
-78.687
-78.46
-78.523
-78.516
-78.392
-78.64
-78.749
-78.737
-78.596
-78.677
-78.561
-78.392
-78.518
-78.359
-78.433
-78.389
-78.435
-78.455
-78.425
-78.296
-78.416
-78.208
-78.252
-78.247
-78.251
-78.151
-78.326
-78.412
-78.655
-78.642
-78.87
-78.54
-78.444
-78.35
-78.725
-78.995
-78.993
-78.758
-78.605
-78.582
-78.366
-78.243
-78.039
-77.922
-77.742
-77.941
-77.76
-77.905
-77.789
-77.754
-77.813
-77.724
-77.796
-77.637
-77.766
-77.779
-77.729
-77.532
-77.477
-77.569
-77.411
-77.471
-77.284
-77.315
-77.023
-77.047
-77.37
-77.343
-77.354
-77.365
-77.338
-77.187
-77.24
-77.296
-77.358
-77.528
-77.51
-77.31
-77.594
-77.66
-77.617
-77.338
-77.301
-77.205
-77.353
-77.49
-77.854
-78.047
-78.015
-77.987
-78.105
-77.774
-77.771
-77.613
-77.793
-77.819
-77.808
-78.044
-77.856
-77.989
-77.843
-77.728
-77.689
-77.524
-77.652
-77.29
-77.487
-77.386
-77.07
-77.159
-77.334
-77.358
-77.576
-77.568
-77.612
-78.001
-78.024
-78.049
-78.078
-78.027
-77.843
-77.912
-77.83
-77.884
-77.94
-77.708
-77.882
-77.921
-77.878
-78.102
-78.172
-77.925
-78.011
-78.197
-77.999
-77.747
-77.717
-77.6
-77.652
-77.654
-77.582
-77.416
-77.234
-77.176
-77.083
-77.242
-77.009
-76.989
-77.088
-77.021
-77.009
-76.861
-76.749
-76.483
-76.636
-76.649
-76.644
-76.644
-76.328
-76.292
-76.24
-76.161
-76.073
-76.146
-75.915
-75.733
-75.899
-75.978
-76.303
-76.389
-76.515
-76.53
-76.645
-76.549
-76.393
-76.207
-76.26
-76.294
-76.167
-76.223
-76.197
-76.059
-76.236
-76.378
-76.485
-76.51
-76.388
-76.383
-76.531
-76.562
-76.562
-76.839
-77.166
-77.427
-77.371
-77.45
-77.657
-77.56
-77.568
-77.606
-77.793
-77.788
-77.804
-77.894
-78.034
-78.3
-78.448
-78.431
-78.913
-78.987
-79.031
-78.665
-78.685
-78.842
-78.454
-78.313
-78.302
-78.304
-78.477
-78.157
-78.152
-78.38
-78.686
-78.693
-78.722
-78.846
-79.007
-79.05
-79.165
-78.885
-78.711
-78.882
-78.522
-78.544
-78.53
-78.502
-78.543
-78.604
-78.689
-78.583
-78.613
-78.454
-78.329
-78.374
-78.427
-78.515
-78.624
-78.724
-78.78
-78.487
-78.755
-78.666
-78.849
-79.017
-79.019
-79.16
-78.96
-78.922
-79.02
-79.17
-79.461
-79.525
-79.471
-79.442
-79.336
-79.228
-79.275
-79.262
-79.262
-79.101
-79.259
-79.15
-79.168
-79.364
-79.349
-79.506
-79.325
