-79.345
-79.345
-79.159
-79.023
-79.023
-78.661
-78.505
-78.349
-78.388
-78.643
-78.437
-78.474
-78.384
-78.272
-78.114
-78.395
-78.223
-78.221
-78.102
-78.134
-78.172
-78.053
-77.682
-77.542
-77.427
-77.429
-77.874
-78.131
-78.563
-78.904
-79.525
-79.833
-80.094
-79.904
-79.916
-80.017
-80.135
-79.987
-80.345
-80.167
-80.16
-80.177
-80.036
-80.122
-80.171
-80.254
-80.019
-79.952
-80.216
-80.12
-79.971
-80.07
-80.032
-79.987
-79.832
-79.994
-79.855
-79.743
-79.705
-79.962
-79.986
-80.069
-80.094
-80.114
-80.101
-80.133
-80.007
-79.792
-79.913
-79.945
-80.068
-80.074
-79.987
-79.985
-80.071
-80.037
-80.037
-79.955
-79.815
-79.873
-79.873
-80.02
-79.784
-79.664
-79.638
-79.61
-79.784
-79.6
-79.919
-80.06
-80.115
-79.8
-79.892
-80.119
-79.948
-79.954
-80.076
-79.972
-79.748
-79.929
-79.987
-79.935
-79.961
-79.697
-80.063
-80.077
-80.167
-79.91
-79.824
-79.751
-79.874
-80.032
-80.26
-79.944
-79.91
-80.023
-80.298
-80.017
-80.097
-80.077
-79.826
-79.865
-79.869
-79.894
-79.949
-79.782
-79.798
-79.622
-79.517
-79.434
-79.551
-79.799
-79.868
-79.929
-79.909
-80.049
-80.117
-80.15
-80.311
-80.297
-80.302
-80.331
-80.631
-80.506
-80.514
-80.646
-80.609
-80.171
-80.2
-80.135
-80.271
-80.228
-79.965
-79.793
-79.887
-79.861
-79.9
-79.939
-79.948
-79.86
-80.064
-79.968
-80.222
-80.148
-80.046
-79.972
-80.252
-80.13
-80.177
-80.113
-80.275
-80.199
-79.983
-79.951
-79.613
-79.664
-79.786
-79.874
-79.869
-80.051
-79.957
-79.91
-79.661
-79.704
-79.853
-79.694
-79.434
-79.305
-79.284
-79.531
-79.537
-79.719
-79.744
-79.999
-80.158
-79.873
-80.007
-80.153
-80.087
-79.713
-79.806
-79.855
-79.757
-79.795
-79.757
-79.848
-79.752
-79.816
-79.997
-80.361
-80.557
-80.503
-80.508
-80.409
-80.303
-80.007
-79.956
-79.663
-79.823
-79.852
-79.984
-79.97
-79.786
-80.006
-79.799
-79.653
-79.554
-79.701
-80.064
-79.822
-79.985
-79.964
-79.827
-79.725
-79.686
-79.834
-79.91
-80.211
-79.925
-80.031
-79.945
-80.048
-79.944
-79.874
-79.727
-79.81
-79.761
-79.778
-79.715
-79.781
-79.999
-80.226
-80.123
-79.936
-79.816
-79.767
-79.736
-79.913
-80.162
-80.096
-80.275
-80.143
-79.978
-80.026
-79.953
-79.989
-79.979
-79.863
-79.915
-80.06
-80.19
-80.136
-80.125
-80.09
-79.928
-80.129
-80.132
-80.156
-79.991
-80.018
-79.959
-79.985
-79.932
-79.74
-79.513
-79.666
-79.372
-79.461
-79.611
-79.733
-79.832
-79.789
-79.738
-79.732
-80.07
-80.059
-80.218
-80.467
-80.562
-80.545
-80.473
-80.411
-80.266
-80.371
-80.249
-80.064
-80.248
-80.478
-80.415
-80.62
-80.288
-79.813
-80.12
-80.05
-79.997
-80.137
-80.345
-80.431
-80.323
-80.299
-80.114
-80.051
-79.983
-80.047
-80.072
-80.039
-79.727
-79.643
-79.722
-79.811
-79.8
-79.539
-79.463
-79.556
-79.534
-79.461
-79.375
-79.644
-79.587
-79.335
-79.174
-79.182
-79.195
-79.269
-79.373
-79.659
-79.769
-79.828
-79.867
-79.771
-79.672
-79.818
-79.749
-79.72
-79.736
-79.616
-79.448
-79.457
-79.541
-79.44
-79.376
-79.209
-79.25
-79.365
-79.45
-79.366
-79.487
-79.463
-79.702
-80.025
-79.595
-79.697
-79.7
-79.459
-79.284
-79.176
-79.119
-79.193
-79.172
-79.174
-78.963
-79.301
-79.113
-78.786
-79.029
-79.083
-79.013
-78.836
-78.862
-78.78
-78.948
-79.067
-79.093
-79.046
-79.199
-79.311
-79.405
-79.527
-79.754
-79.585
-79.598
-79.371
-79.213
-79.181
-78.997
-79.032
-78.759
-78.538
-78.551
-78.655
-78.654
-78.788
-78.969
-79.103
-79.197
-79.205
-79.341
-79.543
-79.563
-79.486
-79.576
-79.599
-79.84
-79.747
-79.738
-79.487
-79.288
-79.554
-79.484
-79.327
-79.473
-79.338
-79.153
-79.558
-79.134
-79.051
-78.618
-78.215
-77.893
-77.827
-77.551
-77.489
-77.324
-77.368
-77.438
-77.019
-76.946
-76.774
-76.44
-76.761
-77.295
-77.749
-78.199
-78.71
-79.099
-79.334
-79.416
-79.477
-79.275
-79.416
-79.336
-79.641
-79.669
-79.807
-79.639
-79.752
-79.895
-79.806
-79.958
-80.159
-80.25
-80.122
-79.922
-79.788
-79.851
-79.677
-79.848
-79.958
-79.837
-79.91
-79.665
-79.63
-79.516
-79.71
-79.693
-79.543
-79.466
-79.491
-79.731
-79.827
-79.813
-79.852
-79.96
-80.052
-80.011
-80.322
-80.1
-80.217
-80.267
-80.122
-80.066
-80.078
-79.995
-79.926
-79.908
-79.828
-79.836
-79.821
-79.672
-79.549
-79.439
-79.565
-79.919
-80.001
-80.014
-79.819
-80.062
-80.058
-80.079
-80.07
-80.003
-79.934
-80.194
-80.305
-80.119
-80.131
-80.096
-80.194
-80.178
-80.178
-80.095
-79.992
-79.812
-79.676
-79.932
-79.932
-79.98
-79.99
-80.146
-80.003
-79.778
-79.851
-79.826
-80.027
-80.137
-80.153
-80.188
-80.259
-80.329
-80.231
-80.309
-80.103
-80.331
-79.912
-79.942
-80.03
-79.728
-79.707
-79.778
-79.48
-79.207
-79.367
-79.59
-79.568
-79.919
-79.98
-80.095
-80.352
-79.99
-80.298
-80.033
-79.946
-80.026
-80.104
-79.885
-79.955
-79.892
-79.815
-79.511
-79.522
-79.482
-79.499
-79.775
-79.821
-79.852
-79.775
-79.493
-79.532
-79.614
-79.701
-79.505
-79.638
-80.001
-79.771
-79.799
-80.138
-80.047
-79.916
-80.02
-79.823
-79.935
-80.1
-79.903
-79.837
-80.046
-80.049
-79.994
-80.096
-79.964
-79.903
-80.023
-80.189
-79.806
-79.74
-79.636
-79.503
-79.54
-79.547
-79.306
-79.122
-78.651
-78.637
-78.732
-78.694
-78.624
-78.668
-78.698
-78.842
-78.602
-78.915
-79.056
-78.951
-78.855
-79.002
-78.947
-79.073
-79.09
-79.273
-79.406
-79.198
-79.172
-79.27
-79.131
-79.174
-79.386
-79.567
-79.532
-79.504
-79.389
-79.215
-79.155
-79.532
-79.287
-79.18
-79.104
-79.111
-79.167
-79.126
-78.885
-79.216
-79.4
-79.487
-79.489
-79.753
-79.723
-79.797
-79.777
-79.851
-79.893
-80.013
-79.988
-80.088
-80.082
-79.825
-79.873
-79.782
-79.818
-79.896
-79.847
-79.845
-79.888
-79.933
-79.881
-80.061
-80.376
-80.331
-80.572
-80.391
-80.525
-80.576
-80.443
-80.391
-80.622
-80.363
-80.306
-80.2
-80.104
-79.971
-80.079
-80.077
-80.131
-79.944
-80.145
-80.099
-80.126
-79.922
-79.751
-79.84
-79.914
-79.802
-79.791
-79.841
-79.749
-79.866
-79.949
-80.075
-80.206
-80.048
-79.794
-79.9
-79.955
-80.172
-80.35
-80.343
-80.227
-80.156
-80.304
-80.103
-80.163
-80.376
-80.332
-80.252
-80.12
-80.249
-80.208
-80.119
-79.993
-80.081
-80.134
-80.195
-79.916
-79.907
-80.243
-80.351
-80.143
-80.199
-79.773
-79.894
-79.905
-79.614
-79.796
-79.914
-79.513
-79.509
-79.12
-79.219
-79.124
-79.256
-79.404
-79.32
-79.473
-79.447
-79.331
-79.469
-79.609
-79.581
-79.573
-79.637
-79.587
-79.44
-79.319
-79.164
-79.263
-79.248
-79.511
-79.688
-79.626
-79.584
-79.926
-79.778
-79.688
-79.981
-79.851
-79.789
-80.044
-79.846
-79.776
-79.802
-80.234
-80.126
-80.252
-80.331
-80.418
-80.445
-80.513
-80.654
-80.747
-80.575
-80.565
-80.586
-80.504
-80.562
-80.259
-80.196
-79.989
-80.053
-80.186
-80.462
-80.415
-80.415
-80.273
-80.177
-80.077
-79.958
-79.937
-79.815
-79.684
-79.899
-79.784
-79.846
-79.928
-79.864
-79.89
-79.968
-79.888
-79.53
-79.78
-79.582
-79.692
-79.802
-79.701
-79.384
-79.136
-79.109
-79.393
-79.551
-79.399
-79.147
-79.11
-79.172
-79.165
-79.199
-79.012
-79.087
-79.137
-79.023
-78.988
-79.103
-79.222
-79.39
-79.181
-79.097
-78.973
-79.142
-79.283
-79.267
-79.16
-79.168
-78.826
-78.909
-78.717
-78.812
-78.941
-79.06
-79.321
-79.445
-79.224
-79.714
-79.627
-79.768
-80.011
-80.021
-79.868
-79.893
-79.968
-79.938
-79.998
-79.716
-79.973
-79.769
-79.64
-79.837
-79.531
-79.877
-79.61
-79.28
-79.256
-79.187
-79.226
-79.157
-79.278
-79.083
-79.148
-79.028
-79.075
-79.199
-79.368
-79.677
-79.722
-79.505
-79.491
-79.287
-79.383
-79.595
-79.255
-78.927
-79.072
-79.169
-79.11
-79.243
-79.167
-79.288
-79.38
-79.448
-79.302
-79.357
-79.337
-79.418
-79.36
-79.412
-79.511
-79.313
-79.117
-78.931
-78.858
-79.095
-79.098
-78.977
-79.206
-78.91
-78.69
-78.727
-79.045
-79.109
-79.053
-79.136
-79.478
-79.227
-79.088
-79.282
-79.131
-79.347
-79.266
-79.156
-79.134
-79.374
-79.224
-79.037
-79.175
-79.092
-79.124
-79.026
-79.269
-79.454
-79.555
-79.587
-79.529
-79.455
-79.851
-79.628
-79.519
-79.439
-79.376
-79.186
-79.228
-79.142
-79.107
-78.973
-79.153
-79.324
-79.195
-79.041
-79.104
-79.199
-79.066
-79.177
-79.312
-79.454
-79.218
-79.328
-79.254
-79.459
-79.594
-79.426
-79.38
-79.631
-79.715
-79.606
-79.634
-79.795
-79.696
-79.529
-79.449
-79.174
-79.135
-79.026
-78.928
-78.747
-78.765
-79.04
-78.877
