-85.869
-85.934
-86.133
-86.178
-86.182
-86.306
-86.402
-86.534
-86.734
-86.842
-87.112
-86.929
-87.028
-87.054
-86.934
-86.703
-86.948
-86.964
-87.099
-86.819
-86.747
-86.948
-86.808
-86.744
-86.668
-86.781
-86.964
-87.054
-86.798
-86.814
-86.908
-86.961
-86.957
-86.948
-87.175
-87.214
-87.206
-87.099
-87.153
-87.129
-87.003
-87.108
-87.111
-87.298
-87.417
-87.275
-87.334
-87.291
-87.47
-87.677
-87.695
-87.613
-87.912
-87.997
-88.308
-88.16
-88.159
-87.913
-87.891
-87.632
-87.318
-87.371
-87.358
-87.074
-87.316
-87.436
-87.477
-87.866
-87.753
-88.156
-88.141
-87.986
-87.948
-87.81
-87.843
-87.901
-87.826
-87.932
-88.163
-88.311
-88.292
-88.583
-88.836
-88.841
-89
-89.049
-89.012
-88.924
-88.899
-89.018
-89.087
-89.018
-88.971
-89.146
-89.388
-89.419
-89.307
-89.187
-89.372
-89.489
-89.472
-89.598
-89.513
-89.592
-89.128
-89.153
-89.239
-89.395
-89.177
-89.543
-89.313
-89.547
-89.518
-89.617
-89.398
-89.406
-88.976
-89.031
-88.905
-88.641
-88.594
-88.721
-88.925
-89.005
-88.974
-88.744
-88.713
-88.756
-88.899
-88.783
-89.041
-88.818
-88.743
-88.907
-88.888
-88.621
-88.672
-88.63
-88.47
-88.518
-88.556
-88.6
-88.646
-88.703
-88.618
-88.584
-88.707
-88.564
-88.515
-88.61
-88.589
-88.411
-88.306
-88.499
-88.508
-88.121
-88.272
-88.712
-88.486
-88.456
-88.505
-88.22
-88.323
-87.99
-88.028
-88.146
-88.283
-88.139
-88.148
-88.303
-88.479
-88.514
-88.461
-88.431
-88.349
-88.39
-88.344
-88.414
-88.581
-89
-88.957
-89.161
-89.167
-88.978
-89.227
-89.296
-89.446
-89.572
-89.454
-89.576
-89.537
-89.741
-89.855
-89.843
-89.439
-89.344
-89.314
-89.323
-89.259
-89.276
-89.48
-89.262
-89.058
-89.128
-89.361
-89.142
-88.945
-89.304
-89.13
-89.114
-89.404
-89.327
-89.332
-89.342
-89.832
-89.932
-89.997
-89.785
-89.899
-90.176
-89.95
-90.04
-90.079
-89.982
-90.118
-89.985
-89.975
-90.344
-90.38
-90.48
-90.227
-90.216
-90.227
-90.247
-90.323
-90.226
-90.008
-90.067
-89.904
-90.048
-89.98
-89.775
-89.696
-89.54
-89.341
-89.333
-89.466
-89.681
-89.546
-89.466
-89.617
-89.585
-89.622
-89.57
-89.527
-89.03
-89.046
-88.942
-89.111
-88.839
-89.102
-89.218
-89.046
-89.058
-88.767
-88.829
-88.821
-88.748
-89.139
-89.185
-89.042
-88.968
-89.015
-89.027
-89.183
-89.51
-89.519
-89.332
-89.274
-89.234
-89.194
-89.488
-89.355
-89.198
-89.414
-89.315
-89.195
-89.186
-89.13
-89.195
-89.328
-89.312
-89.228
-89.123
-89.049
-89.124
-89.09
-88.971
-88.875
-88.951
-89.194
-89.226
-89.331
-89.67
-89.497
-89.415
-89.574
-89.793
-89.768
-89.81
-89.612
-89.721
-89.55
-89.542
-89.292
-89.205
-89.228
-89.396
-89.441
-89.77
-90.076
-89.87
-89.957
-90.125
-90.321
-90.24
-89.965
-89.722
-89.707
-89.667
-89.704
-89.708
-89.521
-89.475
-89.435
-89.495
-89.603
-89.791
-89.848
-90.076
-89.974
-89.83
-89.89
-89.56
-89.498
-89.388
-89.332
-89.441
-89.672
-89.594
-89.642
-89.876
-89.861
-89.885
-89.856
-90.028
-90.153
-90.315
-90.255
-90.547
-90.552
-90.753
-90.537
-90.862
-91.233
-91.416
-91.405
-91.203
-91.357
-91.148
-91.273
-91.307
-91.034
-91.218
-91.548
-91.417
-91.509
-91.646
-91.549
-91.452
-91.41
-91.382
-91.491
-91.405
-91.234
-91.499
-91.42
-91.228
-90.985
-90.882
-90.939
-91.018
-90.91
-90.882
-90.644
-90.586
-90.726
-90.504
-90.387
-90.273
-90.145
-90.229
-90.119
-89.974
-90.019
-90.13
-89.927
-90.065
-89.893
-90.049
-90.388
-90.431
-90.54
-90.778
-90.639
-90.682
-90.692
-90.784
-90.756
-90.813
-90.321
-90.217
-90.262
-90.037
-89.881
-89.881
-89.473
-89.377
-89.421
-89.209
-89.17
-88.82
-88.948
-88.866
-88.957
-88.99
-88.815
-88.755
-88.631
-88.699
-88.98
-88.986
-88.796
-88.564
-88.386
-88.062
-88.194
-88.398
-88.172
-88.243
-88.174
-88.351
-88.458
-88.196
-87.743
-87.344
-87.085
-87.025
-86.736
-86.117
-85.958
-85.684
-85.444
-85.386
-85.077
-84.969
-84.504
-84.334
-83.814
-83.876
-83.443
-83.579
-83.321
-83.26
-83.207
-82.902
-82.806
-82.772
-82.608
-82.394
-82.184
-81.856
-81.656
-81.982
-82.014
-81.806
-81.442
-80.939
-80.778
-80.691
-80.705
-80.439
-80.243
-80.384
-80.297
-80.039
-79.83
-79.642
-79.374
-79.373
-79.331
-78.753
-78.525
-78.293
-78.356
-78.338
-78.267
-78.023
-78.109
-78.076
-77.82
-77.617
-77.174
-77.119
-77.088
-77.046
-77.14
-77.048
-77.099
-77.167
-77.129
-77.164
-77.249
-77.171
-77.406
-77.238
-77.06
-77.193
-76.797
-76.789
-76.787
-76.872
-77.087
-76.897
-77.068
-76.911
-77.198
-77.155
-77.18
-77.353
-77.426
-77.319
-77.191
-77.147
-77.047
-76.659
-76.941
-76.981
-76.927
-76.844
-76.697
-76.69
-76.801
-77.068
-77.173
-77.189
-76.956
-76.726
-76.975
-76.885
-76.825
-76.713
-76.827
-76.565
-76.578
-76.731
-76.671
-76.619
-76.468
-76.301
-76.354
-76.066
-76.169
-76.31
-76.301
-76.356
-76.588
-76.511
-76.448
-76.572
-76.457
-76.465
-76.675
-76.654
-76.598
-76.636
-76.397
-76.636
-76.531
-76.472
-76.457
-76.654
-76.501
-76.558
-76.678
-76.493
-76.637
-76.669
-76.681
-76.721
-76.83
-76.803
-76.542
-76.674
-76.536
-76.517
-76.669
-76.656
-76.715
-76.567
-76.651
-76.799
-76.829
-76.765
-76.551
-76.344
-76.423
-76.601
-76.426
-76.495
-76.302
-76.503
-76.208
-76.323
-76.239
-76.152
-76.345
-76.431
-76.458
-76.232
-76.325
-75.986
-75.98
-75.909
-75.997
-75.969
-75.702
-75.679
-75.946
-76.089
-75.999
-76.247
-76.354
-76.229
-76.252
-76.297
-76.492
-76.744
-76.74
-76.961
-76.941
-76.934
-77.027
-76.743
-76.855
-76.729
-76.761
-76.735
-76.851
-76.835
-76.983
-76.893
-76.963
-77.177
-77.376
-77.436
-77.71
-77.829
-77.987
-78.132
-78.277
-78.13
-78.15
-78.557
-78.297
-78.493
-78.466
-78.326
-78.318
-78.25
-78.284
-78.366
-78.48
-78.455
-78.578
-78.217
-78.02
-77.977
-77.801
-77.799
-77.806
-77.751
-77.855
-77.828
-77.957
-77.927
-77.801
-77.847
-77.665
-77.514
-77.482
-77.526
-77.595
-77.695
-77.614
-77.783
-77.71
-77.98
-78.123
-78.188
-78.184
-77.911
-78.097
-77.858
-77.777
-77.758
-77.732
-77.695
-77.474
-77.484
-77.349
-77.439
-77.147
-77.253
-77.117
-77.19
-77.148
-77.186
-77.093
-77.151
-77.155
-77.05
-77.212
-77.101
-77.206
-77.134
-77.004
-77.096
-77.09
-77.127
-77.359
-77.141
-77.259
-77.267
-77.23
-77.271
-77.202
-77.181
-77.496
-77.682
-77.85
-77.771
-77.675
-77.637
-77.698
-77.542
-77.76
-77.854
-77.773
-77.93
-77.823
-77.928
-77.977
-77.999
-77.752
-77.603
-77.648
-77.562
-77.578
-77.627
-77.354
-77.08
-77.086
-76.907
-77.083
-77.345
-77.449
-77.608
-77.52
-77.566
-77.609
-77.375
-76.865
-77.027
-77.19
-77.204
-77.312
-77.375
-77.161
-77.151
-77.024
-77.165
-77.289
-77.395
-77.424
-77.528
-77.581
-77.681
-77.791
-77.513
-77.198
-77.16
-77.212
-77.169
-76.997
-77.014
-77.091
-77.631
-77.705
-77.612
-77.751
-77.794
-77.839
-77.846
-77.882
-77.785
-77.81
-77.663
-77.438
-77.377
-77.476
-77.484
-77.248
-77.313
-77.177
-77.372
-77.241
-77.123
-77.25
-77.069
-77.263
-77.073
-77.207
-77.311
-77.551
-77.397
-77.463
-77.639
-77.374
-77.551
-77.589
-77.359
-77.358
-77.14
-77.186
-77.056
-76.96
-76.899
-76.837
-76.927
-77.043
-76.914
-76.832
-76.754
-76.707
-76.657
-76.895
-76.858
-76.794
-76.841
-76.904
-77.15
-76.905
-76.827
-76.674
-76.511
-76.375
-76.566
-76.584
-76.54
-76.596
-76.512
-76.56
-76.634
-76.608
-76.641
-76.52
-76.438
-76.554
-76.712
-76.715
-76.692
-76.692
-76.736
-76.931
-76.842
-76.965
-76.791
-77.074
-77.114
-77.226
-77.122
-76.923
-77.17
-77.152
-77.183
-77.527
-77.299
-77.078
-76.788
-76.725
-76.624
-76.194
-76.123
-76.077
-76.248
-76.077
-76.031
-76.131
-76.133
-76.133
-76.44
-76.375
-76.288
-76.472
-76.51
-76.732
-76.591
-76.825
-76.974
-77.172
-77.27
-77.463
-77.478
-77.356
-77.416
-77.736
-77.89
-78.042
-78.143
-78.067
-77.763
-77.692
-77.688
-77.645
-77.516
-77.349
-77.397
-77.638
-77.603
-77.877
-77.885
-77.945
-78.103
-78.153
-78.176
-78.001
-78.065
-78.047
-77.965
-77.819
-77.813
-77.628
-77.845
-77.604
-77.684
-77.936
-77.965
-78.032
-77.759
-77.555
-77.386
-77.294
-77.182
-77.049
-76.59
-76.675
-76.947
-76.947
-77.138
-77.032
-76.842
-76.832
-76.906
-76.887
-76.753
-76.598
-76.695
-76.741
-76.649
-76.905
-77.037
-77.072
-76.886
-76.961
-76.797
-76.764
-76.814
-76.941
-77.038
-77.038
-77.054
-77.019
-77.021
-76.952
-76.762
-76.862
-76.99
-76.764
-76.802
-76.769
