-80.261
-80.361
-80.256
-80.314
-80.326
-80.216
-80.104
-80.105
-79.852
-79.9
-79.599
-79.57
-79.706
-79.775
-79.784
-79.65
-79.853
-79.357
-79.513
-79.297
-79.272
-79.346
-79.286
-79.338
-79.299
-79.256
-79.608
-79.89
-80.015
-80.035
-79.809
-79.589
-79.758
-79.723
-79.755
-79.69
-79.581
-79.467
-78.982
-78.893
-78.955
-78.907
-78.86
-79.074
-78.958
-79.084
-78.99
-78.977
-79.232
-79.334
-79.064
-78.778
-78.912
-78.881
-78.804
-78.759
-78.797
-78.558
-78.835
-78.569
-78.684
-78.398
-78.285
-78.364
-78.512
-78.405
-78.479
-78.685
-78.77
-79.01
-79.079
-79.162
-78.976
-78.991
-79.013
-79.098
-79.101
-79.357
-79.507
-79.843
-79.775
-79.834
-80.157
-80.277
-80.22
-80.065
-80.019
-79.884
-79.988
-80.026
-79.986
-80.09
-80.102
-80.088
-79.902
-79.787
-79.913
-79.855
-79.883
-79.919
-79.961
-80.227
-80.395
-80.394
-80.141
-80.301
-80.104
-79.859
-79.927
-79.647
-79.647
-79.644
-79.566
-79.536
-79.628
-79.705
-79.745
-79.919
-79.9
-79.966
-79.58
-79.595
-79.717
-79.658
-79.928
-80.132
-80.029
-79.685
-79.577
-79.451
-79.518
-79.504
-79.342
-79.543
-79.65
-79.32
-79.285
-79.156
-79.044
-79.208
-78.977
-78.87
-79.098
-78.898
-78.749
-78.775
-78.948
-79.063
-78.908
-78.77
-78.767
-78.644
-78.483
-78.65
-78.614
-78.788
-79.034
-79.08
-79.085
-78.832
-78.67
-78.832
-78.844
-78.821
-78.773
-78.638
-78.884
-79.122
-79.208
-79.129
-79.257
-79.278
-79.183
-79.008
-78.869
-78.961
-78.842
-78.635
-78.87
-79.104
-79.222
-79.217
-79.375
-79.177
-79.301
-79.207
-79.74
-79.838
-80.237
-79.902
-79.926
-79.851
-79.953
-80.016
-79.998
-80.015
-80.062
-80.053
-79.95
-79.917
-80.307
-80.368
-80.292
-80.393
-80.457
-80.704
-80.566
-80.589
-80.711
-80.44
-80.458
-80.259
-80.213
-80.167
-80.306
-80.068
-79.906
-79.737
-79.971
-80.063
-80.095
-79.787
-79.959
-80.253
-80.506
-80.353
-80.575
-80.483
-80.308
-80.198
-80.063
-79.936
-79.994
-80.036
-79.903
-79.999
-79.718
-79.649
-79.805
-79.8
-80.104
-79.711
-79.663
-79.448
-79.497
-79.537
-79.381
-79.467
-79.804
-79.863
-79.763
-79.71
-79.832
-79.971
-80.07
-79.951
-79.872
-79.846
-79.78
-80.156
-80.083
-80.022
-80.19
-80.114
-80.044
-79.935
-80.009
-80.103
-80.011
-79.788
-80.189
-80.235
-80.2
-80.513
-80.268
-80.15
-80.066
-79.928
-80.009
-79.783
-80.145
-79.936
-80.032
-80.035
-79.907
-79.944
-80.179
-80.214
-80.139
-80.257
-80.26
-80.468
-80.464
-80.474
-80.631
-80.713
-80.517
-80.317
-80.275
-80.581
-80.511
-80.674
-80.808
-80.871
-80.966
-80.724
-80.878
-80.884
-80.826
-81.067
-81.096
-81.159
-80.974
-81.029
-81.04
-81.009
-80.901
-81.075
-80.994
-80.762
-80.729
-80.929
-80.982
-81.196
-81.109
-81.229
-81.501
-81.543
-81.576
-81.626
-81.465
-81.201
-81.113
-81.055
-81.043
-81.001
-81.005
-80.729
-80.849
-80.771
-80.77
-80.508
-80.405
-80.237
-80.542
-80.545
-80.639
-80.705
-80.729
-80.745
-80.632
-80.894
-80.934
-81.351
-81.385
-81.164
-81.058
-80.712
-80.5
-80.504
-80.822
-80.619
-80.581
-80.83
-80.814
-80.665
-80.738
-80.79
-81.002
-81.056
-81.153
-81.263
-81.492
-81.495
-81.733
-81.514
-81.807
-81.682
-81.723
-81.584
-81.574
-81.079
-81.059
-81.001
-80.845
-80.893
-80.785
-80.621
-80.892
-80.958
-81.083
-80.889
-80.986
-81.132
-81.367
-81.204
-81.164
-81.311
-81.468
-81.776
-81.604
-81.456
-81.559
-81.121
-81.18
-81.245
-81.111
-81.054
-81.116
-80.995
-81.108
-81.143
-80.648
-80.256
-80.259
-80.342
-80.294
-80.144
-80.167
-79.97
-79.99
-80.158
-80.397
-80.642
-80.828
-81.016
-81.035
-81.227
-81.187
-81.139
-80.979
-80.689
-80.72
-80.642
-80.356
-80.367
-80.634
-80.608
-80.657
-80.664
-80.483
-80.112
-79.998
-79.896
-79.527
-79.195
-79.123
-79.107
-78.575
-78.169
-77.904
-77.946
-77.655
-77.515
-77.077
-76.534
-76.183
-75.886
-75.423
-75.07
-74.604
-74.298
-73.811
-73.511
-73.095
-73.168
-72.888
-72.508
-72.297
-72.155
-72.062
-71.98
-71.832
-71.651
-71.749
-71.54
-71.142
-70.791
-70.635
-70.456
-70.462
-70.473
-70.186
-69.809
-69.925
-69.601
-69.248
-68.749
-68.628
-68.749
-68.443
-68.169
-68.345
-68.457
-68.358
-68.051
-67.789
-67.505
-67.651
-67.536
-67.568
-67.529
-67.136
-66.934
-66.657
-66.408
-66.122
-65.988
-65.786
-65.452
-65.605
-65.375
-65.095
-64.963
-64.928
-64.662
-64.403
-64.326
-64.364
-64.566
-64.3
-64.297
-63.986
-63.89
-64.004
-63.662
-63.534
-63.663
-63.826
-63.869
-63.793
-63.777
-63.717
-63.441
-63.462
-63.364
-63.494
-63.3
-63.19
-63.207
-63.297
-63.336
-63.168
-62.899
-63.03
-62.926
-63.067
-62.714
-62.642
-62.485
-62.742
-62.765
-62.694
-62.684
-62.621
-62.457
-61.94
-61.765
-61.721
-61.602
-61.412
-61.25
-61.087
-60.653
-60.571
-60.525
-60.379
-60.16
-59.907
-59.619
-59.496
-59.412
-59.519
-59.771
-59.879
-59.932
-59.828
-59.814
-59.796
-59.844
-59.779
-59.409
-59.083
-58.822
-58.659
-58.445
-58.486
-58.4
-58.156
-58.263
-58.154
-57.788
-57.678
-57.662
-57.459
-57.375
-57.471
-57.446
-57.442
-57.382
-57.129
-56.799
-56.861
-56.79
-56.727
-56.79
-56.647
-56.523
-56.427
-56.436
-56.31
-56.189
-55.913
-55.739
-55.33
-55.221
-54.952
-54.681
-54.563
-54.239
-53.694
-52.998
-51.983
-50.692
-48.537
-45
-45
-45
-45
-45
-45
-45
-45
-45
-45
-45
-45
-45
-45
-47.942
-55.079
-60.842
-65.195
-68.035
-70.082
-71.212
-72.038
-72.653
-72.972
-73.69
-73.992
-73.754
-73.831
-73.718
-73.943
-73.592
-73.278
-73.177
-72.65
-72.287
-72.099
-71.988
-72.339
-72.108
-71.931
-71.825
-71.632
-71.388
-71.454
-71.224
-71.353
-71.172
-71.266
-71.153
-71.157
-71.02
-71.122
-71.117
-71.154
-71.151
-71.03
-70.823
-70.914
-71.083
-70.94
-70.832
-70.605
-70.441
-70.378
-70.604
-70.503
-70.442
-70.293
-70.333
-70.063
-70.155
-70.09
-70.006
-69.826
-70.188
-70.348
-70.444
-70.637
-70.33
-70.23
-70.48
-70.439
-70.515
-70.468
-70.663
-70.875
-70.836
-70.927
-70.998
-71.117
-71.192
-71.206
-71.237
-71.194
-71.248
-71.036
-71.339
-71.718
-71.934
-71.861
-71.924
-71.924
-71.918
-71.706
-71.515
-71.6
-71.414
-71.641
-71.674
-71.558
-71.562
-71.552
-71.771
-71.869
-71.916
-72.096
-72.147
-72.116
-72.282
-72.39
-72.25
-72.131
-72.187
-72.006
-72.046
-72.009
-71.894
-71.743
-71.48
-71.661
-71.441
-71.691
-71.608
-71.778
-71.677
-71.951
-71.982
-71.869
-72.02
-72.176
-72.223
-72.123
-72.443
-72.61
-72.755
-72.744
-72.874
-73.231
-73.54
-73.129
-73.087
-72.982
-73.031
-73.304
-73.422
-73.705
-73.76
-73.992
-73.976
-74.25
-74.043
-74.213
-74.504
-74.538
-74.649
-74.865
-74.674
-74.935
-74.996
-74.786
-74.721
-74.746
-74.745
-74.873
-74.587
-74.465
-74.368
-74.534
-74.621
-74.661
-74.573
-74.844
-74.801
-74.778
-74.872
-74.933
-74.774
-74.832
-75.027
-75.018
-74.71
-74.933
-74.706
-74.729
-74.739
-75.009
-74.837
-75.017
-74.937
-75.219
-75.516
-75.629
-75.558
-75.633
-75.88
-75.908
-75.736
-75.538
-75.576
-75.508
-75.747
-75.935
-75.853
-75.806
-75.791
-76.056
-75.738
-75.949
-75.865
-76.451
-76.424
-76.32
-76.069
-76.037
-75.868
-75.986
-76.076
-76.275
-76.332
-76.393
-76.299
-76.409
-76.433
-76.359
-76.065
-76.278
-76.496
-76.507
-76.443
-76.418
-76.523
-76.471
-76.521
-76.395
-76.787
-76.84
-76.818
-76.965
-76.74
-76.454
-76.874
-76.802
-76.828
-77.127
-77.299
-77.309
-77.494
-77.717
-77.606
-77.535
-77.807
-77.874
-78.043
-78.016
-78.219
-78.158
-77.86
-77.623
-77.903
-77.744
-77.644
-77.491
-77.268
-77.523
-77.862
-77.933
-78.059
-78.188
-78.118
-78.128
-78.154
-78.102
-77.965
-78.005
-78.041
-77.933
-77.978
-77.857
-77.897
-77.767
-77.908
-77.856
-77.915
-78.443
-78.614
-78.321
-78.395
-78.383
-78.299
-78.424
-78.365
-78.454
-78.591
-78.469
-78.373
-78.289
-78.287
-78.382
-78.449
-78.503
-78.538
-78.353
-78.217
-77.951
-78.027
-78.204
-78.266
-78.216
-78.382
-78.428
-78.711
-78.702
-78.458
-78.465
-78.289
-78.215
-78.185
-78.195
-78.325
-78.119
-78.245
-78.453
-78.31
-78.341
-78.552
-78.372
-78.722
-78.817
-78.853
-79.01
-79.251
-79.328
-79.481
-79.722
-79.71
-79.753
-79.632
-79.574
-79.583
-79.429
-79.322
-79.315
-79.723
-79.678
-79.796
-80.164
-80.22
-80.107
-80.377
-80.478
-80.341
-80.3
-80.381
-80.673
-80.559
-80.446
-80.499
-80.467
-80.448
-80.826
-80.96
-80.937
-80.881
-80.801
-81.005
-81.089
