-76.669
-76.511
-76.195
-76.308
-76.536
-76.661
-76.486
-76.587
-76.5
-76.509
-77.056
-77.684
-78.093
-78.583
-78.79
-79.121
-79.594
-79.756
-79.832
-80.133
-79.873
-79.867
-79.791
-79.853
-79.848
-79.859
-79.576
-79.834
-79.97
-79.775
-79.775
-79.973
-79.921
-79.874
-79.916
-79.835
-79.91
-80.123
-80.1
-80.002
-79.942
-79.864
-79.642
-79.64
-79.817
-79.708
-79.823
-79.872
-79.916
-80.055
-79.978
-79.973
-80.037
-79.94
-80.047
-79.906
-79.851
-79.927
-79.944
-80.031
-80.035
-79.718
-80.081
-79.958
-79.839
-79.811
-79.803
-80.084
-80.229
-80.22
-80.301
-80.19
-80.255
-80.204
-80.024
-79.948
-79.887
-79.654
-79.693
-79.615
-79.639
-79.65
-79.947
-79.704
-79.726
-79.856
-79.795
-79.935
-80.046
-79.929
-79.964
-80.151
-80.291
-80.546
-80.377
-80.376
-80.179
-80.077
-80.406
-80.474
-80.318
-80.512
-80.485
-80.632
-80.722
-80.314
-80.155
-79.981
-79.706
-79.719
-79.655
-79.818
-79.988
-80.394
-80.383
-80.228
-80.135
-80.079
-80.111
-80.137
-79.835
-79.989
-79.928
-79.911
-80.036
-79.808
-79.738
-79.578
-79.396
-79.539
-79.415
-79.475
-79.415
-79.697
-79.78
-79.59
-79.56
-79.828
-79.57
-79.731
-79.647
-79.715
-79.809
-79.53
-79.632
-79.499
-79.341
-79.429
-79.304
-79.254
-79.178
-79.024
-78.979
-79.081
-79.19
-79.083
-78.944
-78.864
-78.784
-78.72
-78.578
-78.873
-78.939
-78.812
-78.833
-79.047
-78.884
-79.184
-79.513
-79.634
-80.003
-79.894
-79.844
-79.999
-79.906
-79.594
-79.589
-79.768
-79.738
-79.463
-79.392
-79.476
-79.597
-79.655
-79.556
-79.205
-79.409
-79.501
-79.545
-79.444
-79.418
-79.648
-79.934
-79.865
-80.024
-80.034
-80.135
-80.251
-79.735
-80.141
-80.261
-79.981
-79.926
-79.787
-79.67
-80.038
-80.154
-80.021
-80.077
-80.055
-80.097
-80.422
-80.431
-80.573
-80.752
-80.975
-80.684
-80.611
-80.7
-80.763
-80.65
-80.595
-80.585
-80.674
-80.885
-81.104
-81.113
-81.142
-81.122
-81.012
-80.816
-80.897
-80.926
-80.898
-80.845
-80.888
-80.699
-80.706
-80.333
-80.227
-80.042
-80.021
-80.144
-79.91
-79.575
-79.35
-79.35
-79.35
-79.278
-79.318
-79.553
-79.48
-79.589
-79.771
-79.893
-79.944
-80.304
-80.46
-80.258
-80.371
-80.34
-80.472
-80.512
-80.567
-80.536
-80.92
-80.888
-80.825
-80.856
-80.852
-80.833
-80.821
-80.811
-80.901
-80.792
-80.901
-80.848
-80.469
-80.384
-80.306
-80.694
-80.793
-80.514
-80.802
-80.704
-80.69
-80.664
-80.349
-80.132
-80.264
-80.197
-79.906
-79.753
-79.641
-79.851
-79.901
-80.091
-79.962
-80.188
-80.06
-80.104
-80.151
-80.2
-80.137
-80.128
-80.363
-80.42
-80.417
-80.627
-80.681
-80.648
-80.534
-80.541
-80.241
-79.928
-80.072
-79.996
-79.947
-80.014
-80.056
-79.931
-79.778
-79.503
-79.312
-79.064
-79.075
-79.299
-79.387
-79.323
-79.18
-78.839
-78.992
-78.683
-78.665
-78.75
-78.775
-79.062
-79.062
-79.269
-79.497
-79.684
-79.889
-79.614
-79.417
-79.379
-79.017
-78.979
-79.309
-79.25
-79
-78.872
-78.871
-78.958
-78.866
-79.228
-79.281
-79.326
-79.248
-79.201
-78.898
-78.852
-79.109
-78.998
-79.073
-79.14
-79.269
-79.202
-79.15
-79.284
-79.216
-79.334
-79.227
-79.235
-79.531
-79.521
-79.571
-80.005
-80.038
-80.085
-80.233
-80.283
-80.321
-80.295
-80.192
-80.031
-80.007
-79.919
-79.795
-79.957
-80.108
-79.993
-80.04
-79.652
-79.848
-80.024
-80.3
-80.6
-80.688
-80.805
-80.825
-80.717
-81.116
-80.832
-80.888
-80.704
-80.524
-80.541
-80.376
-80.725
-80.705
-80.735
-80.706
-80.621
-80.134
-80.111
-80.268
-79.786
-79.512
-79.354
-79.397
-79.532
-79.344
-79.171
-79.059
-79.093
-79.405
-79.472
-79.554
-79.751
-80.04
-79.918
-80.157
-80.259
-80.161
-79.865
-79.869
-79.96
-79.881
-79.961
-79.835
-80.098
-80.127
-80.298
-80.03
-80.004
-79.785
-80.097
-80.101
-80.055
-79.96
-79.92
-79.988
-80.118
-80.059
-80.266
-79.97
-80.05
-80.095
-80.287
-80.175
-80.073
-79.86
-79.928
-80.149
-80.357
-80.302
-80.332
-80.1
-80.312
-80.355
-80.292
-80.25
-80.055
-79.846
-79.771
-79.866
-80.127
-80.054
-79.925
-79.791
-79.906
-79.957
-79.853
-80.15
-80.103
-80.068
-80.061
-80.214
-79.849
-80.011
-80.199
-79.961
-80.187
-80.171
-80.058
-80.063
-80.135
-80.211
-80.211
-80.243
-80.33
-80.301
-80.231
-79.964
-80.055
-79.86
-79.612
-79.799
-79.678
-79.758
-79.775
-79.799
-79.69
-79.782
-79.963
-79.881
-79.925
-79.8
-79.686
-79.749
-79.835
-79.873
-79.636
-79.49
-79.834
-79.949
-79.969
-79.718
-79.876
-79.624
-79.756
-79.78
-79.547
-79.467
-79.467
-79.571
-79.79
-80.002
-79.819
-79.748
-79.927
-79.711
-79.581
-79.666
-79.545
-79.736
-79.716
-79.685
-79.945
-79.71
-79.631
-79.528
-79.634
-79.84
-79.797
-79.836
-79.851
-79.503
-79.505
-79.506
-79.667
-79.743
-79.958
-79.962
-80.097
-80.165
-80.022
-80.21
-80.379
-80.611
-80.579
-80.548
-80.288
-80.285
-80.308
-80.292
-79.934
-79.726
-79.689
-79.452
-79.213
-79.356
-79.455
-79.607
-79.455
-79.736
-79.782
-79.559
-79.591
-79.542
-79.647
-79.846
-79.563
-79.456
-79.42
-79.404
-79.762
-79.977
-79.78
-79.983
-79.703
-79.649
-79.79
-79.715
-79.942
-79.833
-79.746
-79.616
-79.631
-79.788
-79.494
-79.682
-79.704
-79.83
-79.827
-79.666
-79.92
-79.89
-79.777
-79.847
-79.797
-79.91
-79.914
-79.77
-79.835
-79.842
-79.685
-79.662
-79.575
-79.752
-79.881
-80.156
-79.99
-80.226
-80.23
-80.145
-80.34
-80.101
-79.83
-79.707
-79.702
-79.502
-79.901
-79.834
-79.882
-79.694
-79.533
-79.666
-79.646
-79.673
-79.818
-79.743
-79.708
-79.804
-80.028
-79.951
-80.147
-80.068
-80.154
-80.268
-80.424
-80.315
-80.129
-80.3
-80.549
-80.265
-80.076
-80.003
-79.979
-80.034
-79.972
-80.07
-79.927
-79.976
-80.073
-79.945
-79.902
-79.949
-79.913
-79.76
-79.56
-79.638
-79.718
-79.542
-79.684
-79.72
-79.689
-79.503
-79.676
-79.518
-79.461
-79.557
-79.419
-79.436
-79.325
-79.165
-79.09
-79.064
-79.14
-79.187
-79.399
-79.598
-79.841
-79.945
-80.497
-80.741
-80.843
-81.048
-81.106
-80.986
-80.941
-80.967
-81.044
-81.313
-81.159
-81.168
-81.091
-81.054
-81.105
-80.939
-81.386
-81.645
-81.266
-80.979
-81.097
-81.05
-80.806
-80.905
-80.789
-80.93
-80.969
-80.982
-80.858
-80.74
-80.912
-80.628
-80.637
-80.611
-80.187
-80.061
-79.968
-80.217
-80.366
-80.091
-80.245
-80.456
-80.533
-80.705
-80.419
-80.34
-80.357
-80.297
-79.837
-79.929
-80.1
-80.244
-80.23
-80.228
-80.243
-80.215
-80.126
-80.008
-80.325
-80.42
-80.002
-79.714
-79.554
-79.337
-79.15
-79.103
-78.84
-78.813
-78.881
-79.12
-79.147
-79.145
-78.998
-79.171
-79.347
-79.198
-79.1
-79.372
-79.572
-79.758
-79.84
-80.184
-80.127
-80.137
-80.094
-79.947
-79.694
-79.931
-79.914
-79.799
-79.853
-79.943
-79.904
-79.765
-79.489
-79.539
-79.628
-79.678
-79.86
-79.467
-79.597
-79.696
-79.806
-79.767
-79.663
-79.519
-79.212
-79.457
-79.594
-79.794
-79.83
-79.802
-79.6
-79.599
-79.451
-79.741
-79.876
-79.895
-79.761
-79.708
-79.413
-79.191
-79.314
-79.365
-79.198
-78.997
-78.977
-78.793
-78.906
-79.247
-79.506
-79.534
-79.371
-79.541
-79.686
-79.817
-79.968
-79.909
-79.829
-79.79
-79.684
-79.825
-79.837
-79.856
-79.874
-79.601
-79.662
-79.676
-79.35
-79.446
-79.687
-79.521
-79.319
-79.307
-79.243
-79.334
-79.42
-79.531
-79.348
-79.275
-79.342
-79.413
-79.381
-79.516
-79.343
-79.434
-79.339
-78.988
-78.914
-78.802
-78.935
-78.85
-78.681
-78.831
-78.767
-78.838
-78.739
-78.856
-78.832
-78.774
-78.774
-78.742
-78.818
-79.051
-79.094
-79.152
-79.063
-79.299
-79.067
-79.386
-79.224
-79.405
-79.436
-79.465
-79.476
-79.463
-79.345
-79.249
-79.283
-79.112
-79.366
-79.46
-79.376
-79.377
-79.443
-79.507
-79.671
-79.655
-79.649
-79.629
-79.722
-79.787
-79.551
-79.451
-79.322
-79.158
-79.114
-79.511
-79.507
-79.634
-79.611
-79.515
-79.51
-79.674
-79.771
-79.772
-79.957
-80.02
-80.199
-80.21
-80.422
-80.481
-80.448
-80.596
-80.778
-80.61
-80.45
-80.629
-80.786
-80.826
-80.836
-80.784
-80.728
-80.642
-80.639
-80.533
-80.624
-80.555
-80.583
-80.471
-80.665
-80.756
-80.987
-81.047
-80.867
-80.851
-80.601
-80.498
-80.467
-80.482
-80.705
-81.003
-80.96
-80.902
-80.679
-80.745
-80.618
-80.784
-80.556
-80.377
-80.512
-80.276
-80.429
-80.209
-80.421
-80.185
-80.294
-79.955
-80.024
-80.017
-79.972
-79.833
-80.055
-80.164
-80.134
-79.881
-79.836
-79.876
-80.142
-79.971
-79.901
-79.988
-79.921
-79.923
-79.952
-80.358
-80.294
