-73.887
-73.881
-73.928
-73.811
-73.806
-73.94
-74.148
-74.087
-74.23
-74.307
-73.941
-74.056
-73.781
-74.003
-73.984
-74.387
-74.172
-74.559
-74.511
-74.583
-74.547
-74.417
-74.29
-74.352
-74.365
-74.621
-74.765
-74.663
-74.779
-74.969
-74.856
-74.826
-74.62
-74.398
-74.443
-74.614
-74.515
-74.298
-74.162
-74.495
-74.452
-74.062
-74.098
-74.135
-74.224
-74.241
-74.387
-74.313
-74.308
-74.344
-74.32
-74.17
-73.863
-74.019
-74.319
-74.325
-74.525
-74.547
-74.695
-74.719
-74.451
-74.459
-74.5
-74.356
-74.332
-74.342
-74.821
-74.844
-74.939
-75.215
-75.218
-75.247
-75.161
-75.465
-75.368
-75.179
-75.202
-74.829
-74.76
-74.379
-74.5
-74.59
-74.401
-74.788
-74.878
-75.006
-75.078
-74.912
-74.86
-74.982
-75.139
-75.09
-75.045
-75.164
-75.348
-75.379
-75.817
-75.876
-75.698
-75.48
-75.492
-75.439
-75.447
-75.375
-75.365
-75.266
-75.458
-75.466
-75.281
-75.446
-75.428
-75.11
-75.098
-74.907
-75.043
-75.209
-75.229
-75.252
-75.35
-75.299
-75.102
-74.913
-74.729
-74.739
-74.972
-75.118
-75.174
-75.1
-74.991
-74.713
-74.716
-74.703
-74.955
-75.221
-75.283
-75.282
-75.258
-75.264
-75.142
-75.041
-75.199
-75.146
-75.417
-75.383
-75.375
-75.533
-75.867
-75.723
-75.816
-75.813
-75.876
-75.702
-75.733
-76.082
-75.873
-75.845
-75.869
-75.629
-75.861
-75.542
-75.375
-75.282
-75.169
-74.961
-74.839
-74.841
-74.835
-74.91
-74.633
-74.367
-74.644
-74.909
-75.13
-75.482
-75.414
-75.738
-75.977
-76.081
-76.328
-76.484
-76.398
-76.347
-76.56
-76.584
-76.563
-76.784
-76.578
-76.76
-76.862
-77.142
-77.08
-77.278
-77.23
-77.629
-77.496
-77.219
-77.09
-77.06
-77.477
-77.504
-77.411
-77.559
-77.641
-77.472
-77.32
-77.109
-77.34
-77.314
-77.5
-77.605
-77.802
-77.701
-77.66
-77.68
-77.612
-77.38
-77.524
-77.451
-77.587
-77.559
-77.581
-77.441
-77.691
-77.68
-77.253
-77.176
-77.211
-77.035
-77.108
-77.219
-77.189
-77.062
-77.166
-77.334
-77.461
-77.502
-77.224
-77.294
-77.085
-77.194
-77.188
-77.308
-77.323
-77.279
-77.426
-77.35
-77.065
-77.105
-76.943
-77.158
-77.091
-77.081
-77.151
-77.229
-77.088
-76.944
-77.036
-76.912
-77.019
-76.949
-76.696
-76.589
-76.611
-76.615
-76.592
-76.55
-76.487
-76.445
-76.499
-76.751
-76.835
-76.916
-77.023
-76.725
-76.855
-76.764
-76.707
-76.456
-76.385
-76.488
-76.239
-76.251
-76.233
-76.078
-75.92
-75.978
-76.022
-75.967
-76.036
-75.944
-75.817
-76.009
-75.913
-76.171
-76.276
-76.003
-76.047
-76.224
-76.261
-76.122
-75.991
-76.222
-76.357
-76.644
-76.546
-76.468
-76.32
-76.165
-76.033
-75.818
-75.837
-75.838
-75.848
-75.977
-75.979
-76.034
-76.176
-76.249
-76.35
-76.061
-76.357
-76.51
-76.356
-76.61
-76.734
-76.681
-76.959
-77.191
-77.084
-76.994
-77.293
-77.357
-77.467
-77.302
-77.316
-77.256
-77.232
-77.114
-77.243
-77.206
-76.973
-76.84
-77.009
-77.063
-76.925
-76.669
-76.65
-76.689
-76.829
-77.229
-77.162
-77.171
-77.061
-76.845
-76.984
-76.973
-77.387
-77.197
-77.249
-77.138
-77.061
-76.974
-76.841
-77.169
-77.236
-77.247
-77.395
-77.042
-76.818
-76.794
-76.528
-76.603
-76.592
-76.429
-76.575
-76.799
-76.766
-76.769
-76.716
-76.619
-76.58
-76.652
-76.694
-76.716
-76.682
-76.445
-76.569
-76.805
-77.251
-77.314
-77.657
-77.605
-77.67
-77.558
-77.514
-77.243
-77.37
-77.434
-77.398
-77.336
-77.432
-77.455
-77.44
-77.519
-77.491
-77.431
-77.555
-77.529
-77.631
-77.595
-77.432
-77.585
-77.256
-77.565
-77.636
-77.579
-77.779
-77.717
-77.745
-77.85
-77.844
-77.887
-78.059
-77.949
-77.821
-77.83
-77.604
-77.474
-77.464
-77.584
-77.938
-77.981
-78.027
-78.038
-78.152
-78.056
-77.993
-77.867
-77.953
-77.833
-77.778
-77.62
-77.732
-77.892
-78.234
-78.001
-77.743
-77.859
-77.867
-77.916
-77.873
-77.614
-77.408
-77.453
-77.483
-77.605
-77.708
-77.79
-77.822
-77.838
-77.799
-77.693
-77.661
-77.694
-77.493
-77.45
-77.523
-77.519
-77.405
-77.243
-77.414
-77.14
-77.081
-76.943
-76.841
-76.849
-76.763
-76.878
-76.889
-76.834
-76.979
-77.138
-77.425
-77.495
-77.153
-77.049
-77.215
-77.609
-77.57
-77.582
-77.336
-77.212
-77.221
-77.231
-77.568
-77.795
-77.723
-77.384
-77.066
-76.894
-76.935
-76.669
-76.705
-76.619
-76.974
-76.932
-77.192
-77.091
-76.811
-76.594
-76.503
-76.414
-76.401
-76.61
-76.565
-76.595
-76.614
-76.112
-75.811
-76.031
-75.818
-76.115
-75.979
-75.928
-75.558
-75.332
-75.303
-75.306
-75.181
-74.988
-75.071
-74.956
-74.784
-75.026
-75.076
-75.258
-75.235
-75.343
-75.104
-74.99
-74.864
-74.719
-74.821
-75.044
-75.037
-75.118
-75.136
-74.858
-74.984
-75.248
-75.238
-75.281
-75.182
-75.109
-75.02
-75.052
-74.959
-74.835
-74.845
-74.79
-74.863
-74.963
-74.899
-74.903
-74.687
-74.601
-74.832
-74.89
-74.725
-74.754
-74.796
-74.641
-74.621
-74.79
-74.922
-74.886
-74.942
-74.874
-74.935
-75.02
-74.926
-74.888
-75.056
-75.257
-75.556
-75.549
-75.415
-75.284
-75.192
-75.158
-75.425
-74.873
-74.987
-75.093
-74.948
-74.866
-74.663
-74.831
-74.893
-74.824
-74.553
-74.569
-74.579
-74.394
-74.372
-74.66
-74.917
-75.124
-75.467
-75.582
-75.48
-75.673
-75.748
-75.718
-75.898
-75.82
-75.755
-75.826
-75.656
-75.612
-75.664
-75.602
-75.685
-75.536
-75.259
-75.188
-75.265
-75.345
-75.481
-75.361
-75.542
-75.338
-75.474
-75.481
-75.683
-75.822
-75.856
-75.887
-75.808
-75.849
-75.761
-75.903
-75.704
-75.45
-75.646
-75.665
-75.479
-75.675
-75.691
-75.847
-75.724
-75.588
-75.48
-75.278
-75.079
-75.08
-75.276
-75.288
-75.282
-75.234
-75.062
-75.076
-74.726
-74.79
-74.886
-74.687
-74.639
-74.254
-74.391
-74.375
-74.121
-74.325
-74.41
-74.537
-74.488
-74.267
-74.344
-74.24
-74.214
-74.209
-74.194
-74.312
-74.567
-74.684
-74.53
-74.362
-74.385
-74.252
-74.356
-74.359
-74.4
-74.408
-74.268
-74.07
-73.871
-73.764
-73.681
-73.543
-73.274
-73.145
-73.293
-72.993
-73.005
-73.185
-73.168
-73.145
-72.858
-72.745
-72.991
-72.807
-72.994
-72.811
-72.939
-72.957
-72.971
-73.013
-72.729
-72.744
-73.035
-72.963
-73.306
-73.162
-73.157
-73.145
-73.096
-72.671
-72.823
-72.761
-72.75
-72.482
-72.63
-72.775
-72.868
-73.035
-73.283
-73.317
-73.161
-73.339
-73.431
-73.629
-73.367
-73.268
-73.114
-73.096
-73.179
-73.297
-73.248
-73.447
-73.164
-72.985
-73.193
-72.981
-72.832
-72.78
-72.59
-72.741
-73.098
-73.241
-73.129
-73.109
-73.25
-73.175
-73.058
-72.855
-72.786
-72.605
-72.589
-72.726
-72.774
-72.709
-72.268
-72.137
-71.965
-71.769
-71.903
-72.183
-72.206
-72.11
-72.281
-72.277
-72.465
-72.329
-72.346
-72.393
-72.208
-72.249
-72.512
-72.606
-72.293
-72.171
-72.269
-72.282
-72.064
-72.152
-71.951
-71.76
-71.724
-71.803
-72.057
-72.177
-72.232
-72.286
-72.073
-71.915
-72.068
-72.342
-72.044
-72.393
-72.452
-72.31
-72.471
-72.615
-72.77
-72.709
-72.573
-72.712
-72.843
-72.701
-72.695
-72.839
-72.646
-72.913
-72.974
-72.887
-72.926
-73.347
-73.369
-73.372
-73.175
-72.942
-72.939
-73.025
-72.831
-72.86
-72.861
-72.835
-72.9
-72.774
-72.817
-72.74
-72.769
-72.818
-72.727
-72.994
-73.179
-73.259
-73.184
-73.278
-73.463
-73.582
-73.671
-73.947
-74.051
-74.364
-74.529
-74.761
-74.72
-74.746
-74.778
-74.854
-74.933
-75.115
-75.198
-75.031
-75.233
-75.478
-75.658
-75.358
-75.434
-75.601
-75.711
-75.601
-75.866
-75.947
-76.115
-76.203
-76.221
-76.218
-75.935
-75.963
-76.017
-75.854
-75.453
-75.268
-75.448
-75.565
-75.443
-75.024
-74.826
-74.51
-74.584
-74.777
-74.857
-75.003
-75.526
-75.466
-75.625
-75.497
-75.611
-75.702
-75.878
-76.122
-76.305
-76.551
-76.833
-76.837
-76.467
-76.517
-76.746
-76.873
-76.839
-77.002
-77.191
-77.124
-77.089
-77.134
-77.251
-77.117
-76.938
-76.68
-76.467
-76.642
-76.714
-76.764
-76.583
-76.544
-76.146
-76.154
-76.355
-76.477
-76.584
-76.551
-76.82
-76.644
-76.654
-76.973
-77.212
-77.292
-77.283
-76.932
-76.875
-77.01
-77.189
-77.569
-77.776
-77.698
-77.591
-77.62
-77.279
-77.518
-77.518
-77.105
-77.191
-77.385
-77.503
-77.469
-77.403
-77.536
-77.396
-77.416
-77.627
-77.416
-77.325
-77.292
-77.768
-77.817
-77.741
-77.545
-77.629
-77.669
-77.588
-77.605
-77.853
-77.59
-77.897
-77.636
-77.679
-77.718
-77.684
-77.876
-77.98
-78.035
-77.952
-77.893
-77.806
-77.498
-77.511
-77.599
-77.782
-77.889
-77.86
-77.972
-77.775
-77.748
-77.858
-77.994
-77.704
-78.035
-77.953
-78.213
-78.217
