-81.127
-81.177
-81.102
-81.413
-81.638
-81.783
-81.648
-81.625
-81.796
-81.773
-81.85
-81.772
-81.605
-81.787
-81.792
-81.717
-81.755
-82.065
-81.844
-81.796
-81.941
-82.074
-82.379
-82.486
-82.408
-82.397
-82.192
-82.23
-82.25
-82.271
-82.082
-81.966
-82.098
-82.14
-82.356
-82.465
-82.627
-82.641
-82.662
-82.638
-82.74
-83.121
-83.093
-83.411
-83.47
-83.347
-83.054
-83.182
-83.001
-82.893
-82.765
-82.572
-82.464
-82.487
-82.504
-82.656
-82.437
-82.547
-82.522
-82.443
-82.326
-82.188
-82.492
-82.451
-82.504
-82.704
-82.661
-82.563
-82.532
-82.562
-82.753
-82.78
-82.713
-82.821
-83.124
-83.038
-83.366
-83.471
-83.331
-83.311
-83.422
-83.34
-83.343
-83.382
-83.327
-83.447
-83.491
-83.96
-84.124
-84.1
-84.14
-84.204
-84.349
-84.111
-84.344
-84.304
-84.156
-84.054
-84.178
-84.039
-84.286
-84.25
-84.459
-84.576
-84.654
-84.629
-84.442
-84.552
-84.542
-84.675
-84.885
-84.702
-84.647
-84.601
-84.491
-84.474
-84.632
-84.624
-84.456
-84.393
-84.507
-84.574
-84.801
-84.852
-84.795
-84.738
-84.799
-84.901
-85.125
-85.348
-85.171
-85.128
-85.147
-85.239
-85.178
-85.07
-84.893
-85.27
-85.582
-85.723
-85.695
-85.746
-86.034
-85.887
-86.098
-86.134
-86.027
-86.242
-86.145
-86.304
-86.147
-86
-85.763
-86.122
-86.1
-85.969
-86.118
-86.119
-86.333
-86.53
-86.511
-86.395
-86.5
-86.5
-86.696
-86.843
-86.824
-86.902
-86.801
-86.94
-87.1
-87.004
-87.032
-86.761
-86.669
-86.954
-86.98
-87.293
-87.343
-87.259
-87.157
-87.366
-87.34
-87.231
-87.044
-87.104
-86.977
-87.178
-87.106
-87.511
-87.665
-87.777
-87.701
-87.606
-87.514
-87.573
-87.375
-87.395
-87.377
-87.276
-87.188
-87.132
-87.154
-87.245
-87.555
-87.402
-87.702
-87.777
-87.595
-87.917
-87.75
-87.537
-87.513
-87.323
-87.519
-87.335
-87.708
-87.84
-87.675
-87.487
-87.275
-86.955
-86.87
-87.022
-87.343
-87.383
-87.435
-87.425
-87.437
-87.504
-87.865
-88.005
-88.132
-88.149
-88.177
-88.244
-88.191
-88.202
-88.248
-88.244
-88.28
-88.168
-87.925
-88.215
-88.433
-88.183
-88.303
-88.281
-88.326
-88.436
-88.461
-88.566
-88.826
-88.6
-88.652
-88.802
-88.851
-88.701
-88.742
-88.441
-88.495
-88.536
-88.603
-88.589
-88.277
-88.302
-88.512
-88.43
-88.569
-88.374
-88.675
-88.905
-88.709
-88.66
-88.487
-88.423
-88.353
-88.297
-88.683
-88.767
-88.812
-88.862
-88.88
-89.07
-89.187
-88.945
-88.972
-88.958
-88.9
-88.698
-89.02
-88.833
-88.774
-88.793
-88.574
-88.636
-88.829
-88.578
-88.273
-88.315
-88.095
-88.196
-88.046
-88.221
-88.016
-88.042
-88.016
-88.152
-87.982
-87.927
-87.648
-87.227
-87.104
-86.926
-86.85
-86.886
-86.785
-86.627
-86.767
-86.653
-86.562
-86.41
-86.317
-86.418
-86.619
-86.688
-86.55
-86.45
-86.044
-86.011
-85.567
-85.693
-85.803
-85.837
-85.716
-85.738
-85.832
-85.572
-85.845
-85.931
-86.061
-85.836
-85.667
-85.658
-85.633
-85.685
-85.642
-85.622
-85.747
-85.72
-85.68
-85.558
-85.306
-85.205
-85.145
-85.152
-85.403
-85.308
-85.347
-85.177
-85.341
-85.444
-85.364
-85.225
-85.137
-85.328
-85.586
-85.578
-85.78
-85.898
-85.984
-85.807
-85.893
-85.83
-85.801
-85.501
-85.641
-85.658
-85.715
-85.736
-85.957
-86.227
-86.224
-86.202
-85.988
-85.93
-85.973
-86.365
-86.005
-85.847
-86.077
-86.192
-85.972
-85.809
-85.939
-85.66
-85.639
-85.926
-86.105
-86.058
-85.949
-86.068
-86.019
-85.923
-85.856
-85.664
-85.782
-85.69
-85.706
-85.743
-85.908
-85.854
-85.881
-86.134
-85.99
-86.08
-86.179
-86.381
-86.296
-86.352
-86.327
-86.561
-86.641
-86.644
-86.434
-86.489
-86.343
-86.359
-86.341
-86.041
-85.996
-86
-86.055
-86.273
-86.296
-86.327
-86.608
-86.42
-86.465
-86.553
-86.665
-86.667
-87.031
-86.999
-86.931
-87.017
-86.975
-86.789
-86.546
-86.72
-86.813
-86.813
-86.922
-87.011
-86.766
-86.625
-86.368
-86.321
-86.23
-86.238
-86.433
-86.418
-86.387
-86.262
-86.345
-86.674
-87.079
-86.735
-86.854
-87.032
-87.062
-87.005
-86.597
-86.786
-87.198
-87.236
-87.4
-87.301
-87.508
-87.399
-87.359
-87.135
-87.24
-87.106
-87.404
-87.217
-87.173
-87.361
-87.323
-87.385
-87.321
-87.154
-87.196
-86.893
-86.815
-86.616
-86.342
-86.411
-86.574
-86.665
-86.801
-86.687
-86.781
-86.896
-87.013
-87.097
-87.285
-87.131
-87.034
-87.551
-87.889
-87.725
-87.719
-87.734
-87.517
-87.557
-87.43
-87.331
-87.378
-87.546
-87.478
-87.642
-87.665
-87.961
-87.874
-87.977
-87.698
-87.943
-87.921
-87.677
-87.378
-87.321
-87.178
-87.421
-87.549
-87.558
-87.4
-87.444
-87.382
-87.394
-87.346
-87.212
-86.88
-86.92
-86.414
-85.931
-85.433
-85.049
-84.618
-84.324
-84.07
-83.584
-83.018
-82.592
-82.457
-82.402
-81.961
-81.836
-81.511
-81.343
-81.24
-81.199
-81.193
-81.173
-80.916
-80.744
-80.643
-80.434
-80.164
-80.037
-79.86
-79.752
-79.538
-79.643
-79.61
-79.648
-79.74
-79.653
-79.725
-79.881
-79.723
-79.856
-80.032
-79.821
-79.757
-79.619
-79.101
-78.843
-78.423
-78.057
-77.894
-77.676
-77.945
-77.634
-77.262
-76.87
-76.389
-76.362
-75.934
-75.924
-75.817
-75.528
-75.279
-75.039
-74.93
-74.547
-74.681
-74.589
-74.302
-73.978
-74.075
-74.102
-74.028
-73.744
-73.574
-73.416
-73.303
-73.26
-73.055
-73.042
-73.119
-72.825
-72.61
-72.844
-72.808
-72.904
-72.951
-72.776
-72.808
-72.783
-72.709
-72.82
-72.903
-72.873
-72.85
-72.752
-72.559
-72.468
-72.748
-72.685
-72.823
-72.624
-72.699
-72.371
-72.358
-72.049
-71.78
-71.549
-71.46
-71.405
-71.144
-70.566
-70.264
-70.017
-69.705
-69.45
-68.981
-68.779
-68.7
-68.64
-68.645
-68.282
-68.186
-68.015
-67.858
-67.895
-67.694
-67.296
-66.902
-66.844
-66.688
-66.683
-66.614
-66.579
-66.817
-66.992
-67.056
-67.086
-67.006
-67.104
-67.267
-67.134
-66.992
-67.234
-67.292
-67.524
-67.592
-67.697
-67.691
-67.513
-67.376
-67.168
-67.351
-67.299
-67.409
-67.492
-67.455
-67.474
-67.317
-67.405
-67.356
-67.277
-67.407
-67.418
-67.32
-67.224
-67.359
-67.195
-67.179
-67.096
-67.025
-66.991
-67.066
-66.89
-67.255
-67.3
-67.019
-66.792
-66.687
-66.602
-66.866
-66.858
-67.046
-66.973
-66.934
-67.01
-66.884
-66.829
-66.762
-66.606
-66.53
-66.238
-66.315
-66.243
-66.058
-66.024
-66.133
-66.016
-66.004
-65.843
-65.892
-65.72
-65.811
-65.679
-65.702
-65.961
-66.034
-66.116
-66.162
-66.407
-66.487
-66.743
-67.04
-66.871
-66.774
-66.667
-66.572
-66.568
-66.864
-66.496
-66.318
-66.451
-66.564
-66.871
-66.697
-66.732
-67.042
-67.043
-66.962
-67.291
-67.282
-67.364
-67.52
-67.6
-67.541
-67.767
-67.849
-67.869
-68.15
-67.897
-67.798
-67.91
-67.803
-67.761
-67.934
-68.183
-68.184
-68.518
-68.676
-68.794
-68.605
-68.42
-68.17
-68.231
-68.209
-68.204
-68.416
-68.698
-68.668
-68.631
-68.555
-68.276
-68.527
-68.369
-68.374
-68.059
-68.073
-68.211
-68.491
-68.516
-68.144
-68.237
-68.464
-68.729
-68.626
-68.733
-68.436
-68.139
-68.058
-67.867
-67.984
-67.884
-68.223
-68.199
-68.319
-68.44
-68.463
-68.422
-68.573
-68.378
-68.208
-68.134
-68.492
-68.289
-68.436
-68.76
-68.829
-68.815
-68.913
-69.034
-69.104
-69.397
-69.145
-69.294
-69.13
-69.237
-69.173
-69.037
-69.066
-69.197
-69.14
-69.221
-69.311
-69.179
-68.976
-69.166
-69.137
-68.849
-68.78
-69.004
-68.783
-68.76
-68.696
-68.805
-68.961
-69.215
-69.215
-69.116
-68.816
-68.818
-69.021
-68.993
-68.837
-68.855
-68.796
-69.106
-68.934
-68.997
-69.211
-69.206
-69.421
-69.82
-69.618
-69.527
-69.545
-69.63
-69.731
-69.507
-69.523
-69.735
-69.9
-69.454
-69.646
-69.498
-69.582
-69.557
-69.617
-69.667
-69.604
-69.703
-69.925
-69.763
-69.772
-70.05
-69.931
-69.802
-69.864
-70.014
-69.733
-69.88
-69.664
-69.376
-69.612
-69.752
-69.707
-70.139
-70.373
-70.277
-70.21
-70.377
-70.293
-70.146
-70.14
-70.034
-70.448
-70.456
-70.4
-70.44
-70.537
-70.628
-70.539
-70.531
-70.728
-70.553
-70.763
-70.841
-70.857
-70.618
-70.673
-70.719
-70.667
-70.905
-70.95
-70.865
-71.005
-71.099
-70.939
-70.895
-71.244
-71.377
-71.421
-71.616
-71.571
-71.463
-71.54
-71.308
-71.299
-71.682
-71.475
-71.621
-71.891
-71.668
-71.997
-72.213
-72.243
-72.402
-72.526
-72.379
-72.508
-72.659
-72.617
-72.536
-72.53
-72.535
-72.687
-72.981
-72.956
-72.961
-72.991
-73.005
-73.006
-72.859
-73.01
-73
-73.115
-73.243
-73.256
-73.484
-73.655
-73.678
-73.689
-73.688
-73.604
-73.738
-74.078
-74.43
-74.577
-74.483
-74.659
-74.658
-74.645
