-83.324
-83.292
-83.477
-83.288
-83.369
-83.35
-83.255
-83.375
-83.102
-82.78
-82.735
-82.937
-83.128
-82.744
-82.933
-82.853
-82.722
-82.615
-82.496
-82.521
-82.534
-82.69
-82.789
-82.83
-82.769
-82.895
-82.819
-82.903
-83.021
-82.943
-82.967
-83.189
-83.329
-83.246
-83.188
-83.281
-83.134
-83.377
-83.032
-82.994
-83.243
-83.027
-83.054
-83.296
-83.537
-83.454
-83.716
-83.712
-83.761
-83.758
-83.871
-83.879
-83.893
-83.805
-83.702
-83.739
-83.744
-83.634
-83.651
-83.724
-83.527
-84.063
-84.127
-83.902
-84.038
-84.063
-84.2
-83.958
-83.917
-83.837
-83.776
-83.861
-83.911
-84.175
-84.334
-84.369
-84.297
-84.234
-83.916
-83.934
-84.083
-83.985
-84.101
-84.119
-83.787
-83.731
-83.902
-83.722
-83.913
-83.894
-83.805
-83.847
-83.853
-84.003
-84.187
-84.058
-83.8
-83.743
-83.524
-83.413
-83.664
-83.681
-83.957
-83.932
-84.251
-84.154
-84.396
-84.163
-84.191
-84.483
-84.615
-84.761
-84.867
-84.776
-84.755
-85.134
-85.191
-85.354
-85.412
-85.335
-85.164
-84.707
-84.761
-84.631
-84.605
-84.695
-84.479
-84.545
-84.506
-84.319
-84.402
-84.474
-84.684
-84.501
-84.813
-84.912
-85.026
-84.6
-84.461
-84.738
-84.834
-84.882
-84.8
-84.623
-84.582
-84.355
-84.192
-84.334
-84.286
-84.404
-84.388
-84.025
-83.887
-83.893
-84.072
-84.394
-84.382
-84.357
-84.1
-84.013
-83.818
-83.955
-84.015
-83.864
-83.754
-84.162
-83.904
-84.202
-84.176
-84.151
-84.251
-84.076
-84.26
-84.43
-84.651
-84.974
-85.206
-85.514
-85.423
-85.192
-85.371
-85.434
-85.463
-85.108
-85.314
-85.281
-85.23
-85.024
-84.7
-84.855
-84.875
-84.744
-84.705
-84.514
-84.609
-84.55
-84.233
-84.076
-84.051
-83.971
-84.029
-84.104
-84.33
-84.496
-84.214
-84.494
-84.592
-84.992
-84.773
-84.66
-84.276
-83.796
-83.992
-84.04
-84.078
-84.005
-84.01
-84.056
-84.032
-84.049
-84.318
-84.169
-84.278
-84.189
-84.227
-84.211
-84.11
-84.221
-84.171
-84.189
-84.026
-84.04
-84.02
-83.946
-84.053
-83.774
-83.431
-83.217
-83.334
-83.065
-83.162
-83.222
-83.268
-83.319
-83.37
-83.167
-82.972
-83.091
-82.959
-82.78
-82.826
-82.734
-82.728
-82.749
-82.831
-82.907
-83.001
-83.166
-83.168
-83.281
-83.292
-83.238
-83.5
-83.445
-83.544
-83.437
-83.458
-83.611
-83.431
-83.538
-83.634
-83.718
-83.629
-83.511
-83.688
-83.706
-83.836
-83.707
-83.546
-83.277
-83.033
-82.954
-82.75
-82.974
-82.959
-82.682
-82.538
-82.386
-82.303
-82.772
-82.697
-82.423
-82.168
-82.171
-81.925
-81.953
-82.064
-81.854
-81.953
-82.02
-81.931
-82.136
-82.137
-82.269
-82.139
-82.251
-82.26
-82.123
-82.225
-82.237
-82.284
-82.406
-82.542
-82.48
-82.34
-82.538
-82.296
-82.192
-82.035
-82.036
-82.427
-82.358
-82.312
-82.465
-82.501
-82.549
-82.697
-82.398
-82.34
-82.551
-82.622
-82.732
-82.676
-82.915
-82.879
-82.613
-82.537
-82.744
-82.748
-82.743
-82.512
-82.648
-82.499
-82.449
-82.511
-82.597
-82.822
-82.582
-82.771
-82.759
-83.111
-83.185
-83.044
-82.869
-82.883
-82.749
-82.77
-82.951
-82.819
-82.725
-82.456
-82.374
-82.516
-82.811
-82.786
-82.981
-83.122
-83.324
-83.312
-83.605
-83.853
-84.052
-84.064
-84.097
-83.976
-83.899
-83.771
-83.728
-83.566
-83.27
-83.164
-83.558
-83.562
-83.893
-83.843
-83.953
-84.144
-84.12
-84.192
-83.856
-83.733
-83.591
-83.689
-83.714
-83.537
-83.406
-83.491
-83.085
-82.975
-83.015
-83.078
-83.332
-82.968
-82.862
-82.757
-82.783
-83.043
-83.213
-83.304
-83.225
-83.113
-83.365
-83.792
-83.895
-83.976
-84.224
-84.155
-84.3
-84.359
-84.404
-84.332
-84.273
-84.302
-84.389
-84.285
-84.147
-84.122
-84.125
-84.156
-84.14
-84.354
-84.137
-84.032
-83.931
-83.334
-83.293
-82.841
-82.741
-82.542
-82.632
-82.392
-82.238
-82.167
-82.03
-81.85
-81.697
-81.52
-81.337
-81.072
-80.873
-80.292
-79.869
-79.291
-79.151
-78.884
-78.826
-78.706
-78.537
-78.007
-77.719
-77.593
-77.076
-76.608
-76.383
-76.098
-75.779
-75.494
-75.426
-75.263
-75
-74.931
-74.851
-74.579
-74.185
-74.036
-73.929
-73.941
-73.927
-73.688
-73.371
-73.077
-73.21
-73.175
-72.969
-72.75
-72.717
-72.674
-72.537
-72.462
-72.328
-72.113
-71.825
-71.623
-71.468
-71.348
-71.322
-71.327
-71.142
-70.667
-70.164
-69.943
-69.665
-69.464
-69.449
-69.324
-69.106
-68.966
-68.93
-69.123
-68.866
-68.716
-68.93
-68.816
-68.347
-68.573
-68.41
-68.37
-68.439
-68.131
-67.916
-67.767
-67.597
-67.453
-67.094
-66.871
-67.045
-66.79
-66.731
-66.538
-66.568
-66.336
-66.046
-65.957
-65.971
-65.742
-65.881
-65.74
-65.464
-64.974
-64.948
-64.877
-64.922
-64.592
-64.516
-64.212
-63.852
-63.804
-63.28
-62.73
-62.368
-61.982
-61.664
-61.713
-61.238
-60.899
-60.738
-60.228
-59.823
-59.698
-59.506
-59.113
-58.639
-58.294
-57.952
-57.782
-57.303
-57.275
-57.192
-56.939
-57.041
-56.734
-56.497
-55.931
-55.537
-55.255
-54.966
-54.164
-53.617
-52.519
-51.518
-49.781
-46.311
-45
-45
-45
-45
-45
-45
-45
-45
-45
-45
-45
-45
-45
-45
-51.777
-57.896
-62.38
-65.423
-67.98
-69.176
-70.001
-70.767
-71.041
-71.353
-71.73
-71.92
-72.01
-72.029
-71.532
-71.271
-71.451
-71.186
-71.153
-71.149
-70.781
-70.937
-70.858
-70.726
-70.567
-70.556
-70.66
-70.808
-70.567
-70.53
-70.566
-70.542
-70.486
-70.095
-69.878
-69.284
-69.053
-68.647
-68.548
-68.226
-68.032
-67.881
-67.488
-67.156
-66.94
-66.761
-66.552
-66.128
-65.818
-66.032
-66.162
-65.767
-65.38
-65.267
-65.147
-64.955
-64.874
-64.902
-64.953
-64.851
-64.818
-64.931
-65.167
-65.385
-65.369
-65.36
-65.592
-65.884
-66.066
-66.115
-66.083
-65.833
-66.099
-66.179
-66.14
-66.332
-66.519
-66.434
-66.193
-66.032
-66.025
-66.145
-66.502
-66.557
-66.264
-66.27
-66.571
-66.512
-66.536
-66.819
-66.584
-66.782
-66.753
-66.47
-66.396
-66.428
-66.371
-66.635
-66.44
-66.823
-66.694
-66.881
-66.921
-67.003
-67.21
-67.059
-67.197
-67.424
-67.648
-67.612
-67.872
-67.731
-67.631
-67.438
-67.494
-67.448
-67.394
-67.413
-67.286
-67.487
-67.673
-67.662
-67.789
-67.57
-67.519
-67.957
-68.334
-68.389
-68.82
-69.216
-69.103
-69.12
-68.685
-68.753
-68.711
-68.967
-69.109
-69.248
-69.295
-69.618
-69.835
-69.853
-69.68
-69.67
-69.615
-69.43
-69.38
-69.208
-69.316
-69.157
-69.275
-69.608
-69.687
-69.659
-69.789
-69.826
-69.683
-69.403
-69.383
-69.453
-69.674
-69.712
-69.733
-69.728
-69.761
-70.113
-70.301
-70.392
-70.236
-70.526
-70.936
-71.003
-71.264
-71.244
-71.387
-71.171
-71.25
-71.22
-71.193
-71.122
-71.14
-71.025
-71.232
-71.39
-71.279
-71.331
-71.414
-71.624
-71.584
-71.851
-71.718
-72.039
-72.197
-72.335
-72.529
-72.467
-72.558
-72.366
-72.479
-72.766
-73.064
-73.177
-72.816
-72.742
-72.789
-73.025
-72.953
-72.906
-73.084
-73.23
-73.351
-73.28
-73.453
-73.407
-73.312
-72.995
-72.853
-72.788
-73.257
-73.31
-73.514
-73.506
-73.441
-73.336
-73.317
-73.007
-73.065
-73.098
-73.084
-73.028
-73.265
-73.507
-73.055
-72.989
-72.86
-72.815
-73.113
-73.135
-73.215
-73.12
-73.29
-73.441
-73.63
-73.558
-73.451
-73.496
-73.511
-73.531
-73.668
-73.833
-73.815
-74.148
-74.08
-73.971
-74.144
-74.222
-74.381
-74.444
-74.393
-74.19
-73.966
-73.949
-74.156
-74.427
-74.309
-74.361
-74.562
-74.813
-74.827
-74.846
-74.782
-74.868
-74.963
-74.634
-74.801
-74.85
-74.623
-74.58
-74.219
-74.143
-74.246
-74.25
-74.553
-74.84
-74.864
-74.999
-74.824
-74.768
-74.574
-74.777
-75.016
-75.273
-75.226
-74.866
-74.896
-74.76
-74.783
-74.674
-75.113
-75.332
-75.208
-75.088
-75.148
-75.376
-75.297
-75.559
-75.814
-76.25
-76.23
-76.418
-76.523
-76.611
-76.711
-76.9
-77.022
-77.186
-77.126
-77.126
-77.204
-77.398
-77.175
-77.339
-77.47
-77.595
-77.681
-77.654
-77.693
-77.696
-78.137
-78.096
-78.01
-78.317
-78.351
-78.552
-78.434
-78.792
-78.819
-79.174
-79.055
-79.093
-79.326
-79.262
-79.246
-79.387
-79.311
-78.957
-79.147
-79.332
-79.493
-79.417
-79.081
-78.896
-78.869
-78.733
-78.948
-79.047
-79.173
-79.111
-79.161
-79.298
-79.17
-79.29
-79.136
-79.077
-79.252
-79.367
-79.08
-78.855
-78.59
-78.452
-78.465
-78.355
-78.607
-78.546
-78.637
-78.785
-78.587
-78.55
-78.378
-78.385
-78.749
-78.673
-78.861
-78.871
-78.697
-78.657
-78.897
-78.955
-78.716
-78.564
-78.521
-78.463
-78.822
-78.716
-78.808
-78.783
-78.844
-78.903
-78.768
-78.802
-78.505
-78.731
-78.509
-78.403
-78.54
