-71.991
-71.603
-71.342
-70.892
-70.537
-70.207
-70.109
-70.111
-70.198
-69.958
-69.735
-69.189
-68.805
-68.329
-67.712
-67.523
-67.145
-66.667
-66.265
-65.764
-65.592
-65.417
-65.119
-64.785
-64.24
-63.586
-62.979
-62.487
-62.157
-61.59
-61.124
-60.867
-60.57
-59.973
-59.737
-59.268
-58.887
-58.654
-58.229
-58.013
-58.01
-58.036
-57.683
-57.46
-57.287
-57.142
-56.889
-56.649
-56.159
-55.73
-55.363
-54.582
-53.625
-52.665
-51.223
-49.3
-45.121
-45
-45
-45
-45
-45
-45
-45
-45
-45
-45
-45
-45
-45
-45.335
-52.049
-58.012
-62.306
-65.221
-66.736
-67.657
-68.355
-68.56
-68.388
-68.052
-67.76
-67.386
-66.875
-66.188
-65.549
-65.034
-64.292
-63.491
-62.655
-62.188
-61.675
-61.068
-60.41
-59.977
-59.274
-59.192
-58.62
-58.139
-57.81
-57.555
-57.56
-57.212
-57.023
-56.658
-56.525
-56.353
-56.236
-56.129
-56.041
-55.794
-55.313
-54.886
-54.331
-54.055
-53.849
-53.643
-52.59
-51.515
-50.229
-47.992
-45
-45
-45
-45
-45
-45
-45
-45
-45
-45
-45
-45
-45
-45
-50.59
-56.477
-61.317
-64.255
-66.005
-67.498
-68.077
-68.415
-68.536
-68.445
-68.235
-67.975
-67.698
-67.19
-67.116
-66.946
-66.601
-66.423
-66.233
-66.055
-65.934
-65.611
-65.765
-65.435
-65.072
-64.894
-64.795
-64.616
-64.544
-64.605
-64.463
-64.593
-64.486
-64.383
-64.708
-64.818
-64.916
-64.9
-65.222
-65.151
-65.315
-65.105
-65.092
-64.753
-64.886
-64.892
-64.956
-64.892
-64.621
-64.292
-64.119
-64.192
-63.937
-63.948
-63.627
-63.537
-63.434
-63.368
-63.218
-63.368
-63.509
-63.13
-63.07
-62.958
-62.651
-62.569
-62.672
-62.606
-62.391
-62.302
-62.17
-62.441
-62.767
-62.857
-62.973
-63
-63.118
-62.988
-63.056
-63.459
-63.647
-63.806
-63.957
-64.112
-64.094
-63.891
-64.034
-64.128
-64.049
-64.338
-64.621
-64.589
-64.531
-64.735
-64.783
-64.859
-64.797
-64.941
-64.936
-65.098
-65.352
-65.378
-65.344
-65.605
-65.634
-65.661
-65.889
-66.367
-66.29
-66.1
-66.224
-66.315
-66.42
-66.494
-66.493
-66.855
-66.913
-66.917
-66.93
-67.048
-67.298
-67.481
-67.487
-67.789
-68.07
-68.257
-68.463
-68.36
-68.478
-68.826
-68.892
-68.754
-69.203
-69.442
-69.525
-69.518
-69.628
-69.572
-69.601
-69.857
-70.029
-70.218
-70.289
-70.339
-70.611
-70.542
-70.716
-70.812
-70.725
-71.066
-70.837
-71.267
-71.463
-71.676
-71.674
-71.726
-71.938
-71.926
-71.97
-72.215
-72.251
-72.335
-72.775
-72.829
-72.824
-72.871
-73.071
-73.298
-73.224
-73.165
-73.398
-73.634
-73.759
-74.058
-74.229
-74.188
-74.433
-74.109
-74.314
-74.526
-74.478
-74.605
-74.764
-74.67
-74.583
-74.775
-74.933
-75.072
-75.05
-75.414
-75.519
-75.731
-75.933
-76.188
-76.133
-76.277
-76.378
-76.647
-76.998
-76.944
-77.214
-77.187
-77.59
-77.845
-78.095
-78.167
-78.222
-78.491
-78.745
-78.751
-78.793
-78.864
-79.056
-79.223
-79.208
-79.273
-79.471
-79.608
-79.638
-79.673
-79.771
-79.91
-80.255
-80.214
-80.113
-79.817
-79.034
-78.231
-76.748
-75.345
-73.806
-72.374
-70.828
-69.465
-68.149
-66.631
-65.429
-64.315
-63.8
-63.224
-62.221
-61.336
-60.616
-60.06
-59.648
-59.02
-58.111
-57.457
-56.743
-56.578
-55.851
-55.092
-54.458
-53.514
-52.832
-51.38
-49.568
-46.41
-45
-45
-45
-45
-45
-45
-45
-45
-45
-45
-45
-45
-45
-45
-49.145
-54.861
-58.751
-61.857
-63.262
-63.629
-63.163
-61.985
-60.85
-59.324
-57.844
-56.619
-55.29
-54.065
-53.669
-56.412
-60.301
-63.928
-66.416
-68.467
-69.604
-70.116
-70.428
-70.913
-71.051
-71.196
-71.296
-71.292
-71.417
-71.54
-71.213
-71.462
-71.334
-71.338
-71.442
-71.325
-71.414
-71.347
-71.753
-71.949
-71.926
-72.3
-72.604
-72.854
-72.868
-72.782
-72.303
-72.042
-71.582
-71.184
-70.903
-70.743
-70.656
-70.535
-70.061
-69.919
-69.807
-69.34
-68.9
-68.276
-68.062
-67.795
-67.81
-67.443
-67.687
-67.773
-67.536
-67.804
-68.099
-68.142
-68.452
-68.769
-68.956
-69.056
-69.216
-69.629
-69.945
-70.32
-70.418
-70.585
-70.94
-71.068
-71.221
-71.973
-72.318
-72.077
-72.196
-71.997
-71.849
-71.619
-71.601
-71.638
-71.698
-71.846
-72.012
-72.092
-72.231
-72.408
-72.517
-72.352
-72.369
-72.471
-72.797
-73.401
-73.706
-74.018
-74.149
-74.456
-74.816
-74.961
-75.101
-75.125
-75.521
-75.62
-75.843
-76.085
-76.136
-75.961
-76.012
-75.976
-75.857
-75.685
-75.64
-75.897
-75.78
-75.498
-75.662
-75.802
-75.857
-75.948
-75.794
-76.037
-76.108
-76.189
-76.258
-76.329
-76.353
-76.598
-76.312
-76.382
-76.189
-76.089
-75.958
-75.826
-75.88
-75.995
-76.345
-76.118
-76.116
-76.051
-76.239
-76.538
-76.519
-76.798
-76.68
-76.512
-76.484
-76.305
-76.298
-76.324
-75.944
-75.728
-75.524
-75.33
-75.166
-74.945
-75.045
-75.358
-75.679
-75.934
-75.916
-76.174
-75.66
-75.497
-75.647
-75.682
-75.767
-75.858
-75.883
-75.868
-75.925
-76.114
-76.324
-76.46
-76.724
-77.02
-76.855
-76.884
-76.831
-77.05
-76.788
-76.654
-76.41
-76.306
-76.324
-76.081
-75.856
-75.679
-75.587
-75.505
-75.551
-75.787
-75.696
-75.666
-75.831
-76.083
-75.991
-75.929
-75.936
-76.004
-76.042
-76
-76.223
-76.361
-76.973
-76.957
-77.08
-77.199
-77.387
-77.373
-77.582
-77.685
-77.888
-77.863
-78.223
-78.273
-78.081
-78.158
-78.118
-78.435
-78.301
-78.321
-78.493
-78.963
-78.917
-79.09
-79.263
-79.391
-79.656
-79.613
-79.591
-79.83
-79.894
-79.508
-79.663
-79.936
-79.969
-80.137
-80.056
-80.122
-80.002
-79.97
-80.012
-79.888
-79.613
-79.663
-79.644
-79.983
-79.809
-79.91
-79.958
-79.571
-79.505
-79.626
-79.538
-79.303
-79.31
-79.749
-79.537
-79.779
-79.924
-79.904
-80.009
-80.25
-80.552
-80.595
-80.434
-80.405
-80.516
-80.467
-80.538
-80.327
-80.356
-80.286
-80.417
-80.545
-80.656
-80.986
-81.096
-80.959
-80.807
-80.856
-80.654
-80.647
-80.666
-80.767
-80.612
-80.855
-80.915
-80.836
-80.884
-80.941
-81.044
-81.127
-80.84
-80.934
-80.883
-80.862
-81.088
-80.922
-80.753
-80.703
-81.003
-81.111
-81.044
-81.099
-81.178
-81.17
-81.275
-81.236
-81.34
-81.134
-81.233
-81.286
-81.348
-81.627
-81.98
-82.099
-82.013
-82.257
-82.383
-82.576
-82.541
-82.765
-82.708
-82.769
-82.38
-82.287
-82.456
-82.357
-82.214
-82.358
-82.248
-82.625
-82.764
-83.034
-83.216
-83.104
-83.03
-83.202
-83.257
-83.369
-83.16
-82.801
-82.657
-82.4
-82.451
-82.481
-82.644
-82.694
-82.608
-82.27
-82.312
-82.508
-82.496
-82.401
-82.616
-82.652
-83.062
-83.16
-83.166
-83.446
-83.415
-83.263
-83.263
-83.484
-83.342
-83.398
-83.582
-83.357
-83.368
-83.411
-83.311
-83.589
-83.372
-83.271
-83.312
-83.41
-83.256
-83.261
-83.426
-83.157
-83.015
-83.04
-82.814
-82.773
-82.7
-82.457
-82.4
-82.547
-82.484
-82.532
-82.409
-82.663
-82.801
-82.873
-82.968
-83.003
-82.913
-83.092
-83.195
-83.274
-83.373
-83.124
-83.269
-83.541
-83.353
-83.522
-83.644
-83.555
-83.644
-83.669
-83.535
-83.669
-83.797
-83.799
-83.702
-83.422
-83.474
-83.617
-83.721
-83.721
-83.774
-83.806
-84.313
-84.329
-84.454
-84.436
-84.657
-84.814
-84.789
-84.75
-84.527
-84.505
-84.519
-84.369
-84.561
-84.767
-84.806
-85.045
-84.866
-84.943
-85.142
-85.087
-85.157
-85.433
-85.545
-85.582
-85.746
-85.921
-85.813
-85.934
-86.158
-86.25
-86.117
-86.364
-86.464
-86.521
-86.561
-86.599
-86.609
-86.293
-86.127
-85.894
-85.739
-86.144
-86.174
-86.349
-86.166
-86.393
-86.586
-86.366
-86.55
-86.502
-86.529
-86.613
-86.708
-86.924
-86.912
-86.86
-87.138
-87.05
-87.09
-86.966
-86.975
-87.032
-87.054
-87.037
-87.212
-87.317
-87.349
-87.432
-87.388
-87.237
-87.158
-87.057
-87.195
-87.261
-87.221
-87.051
-86.743
-86.717
-86.671
-86.646
-86.519
-86.596
-86.73
-86.732
-86.884
-87.042
-86.695
-86.584
-86.676
-86.583
-86.54
-86.713
-86.944
-87.071
-87.01
-86.939
-86.923
-86.863
-86.824
-87.002
-87.196
-87.117
-87.165
-87.214
-87.244
-87.325
-87.535
-87.818
-87.877
-87.919
-88.159
-88.134
-88.469
-88.799
-88.884
-88.813
-88.904
-89.215
-89.403
-89.174
-88.991
-89.135
-89.288
-89.364
-89.41
-89.022
-89.01
-89.02
-88.995
-89.23
-89.44
-89.586
-89.725
-89.842
-89.906
-90.024
-90.153
-90.067
-90.229
-90.444
-90.236
-90.261
-90.13
-89.933
-89.917
-89.664
-89.773
-89.641
-89.473
-89.131
-88.739
-88.446
-88.234
-87.914
-87.564
-87.148
-86.705
-86.047
-85.689
-85.355
