-77.92
-77.759
-77.355
-77.143
-76.804
-76.519
-76.779
-77.221
-77.639
-78.44
-78.719
-79.119
-79.195
-79.607
-79.799
-79.688
-79.709
-79.79
-79.762
-79.7
-79.331
-79.261
-79.426
-79.797
-79.709
-79.712
-79.438
-79.519
-79.865
-79.703
-79.987
-79.834
-79.825
-79.906
-79.821
-79.896
-79.823
-79.76
-79.803
-79.658
-79.508
-79.534
-79.644
-79.437
-79.362
-79.397
-79.16
-79.141
-78.867
-78.735
-78.783
-78.711
-78.952
-78.481
-78.62
-78.799
-78.958
-78.873
-78.813
-78.969
-79.162
-78.986
-79.343
-79.442
-79.434
-79.393
-79.578
-79.419
-79.356
-79.253
-79.187
-79.375
-79.47
-79.165
-79.167
-79.319
-79.5
-79.496
-79.4
-79.315
-79.29
-79.458
-79.545
-79.489
-79.374
-79.513
-79.408
-79.262
-79.273
-79.12
-79.156
-79.466
-79.306
-79.438
-79.398
-79.246
-79.29
-79.152
-79.019
-79.16
-79.219
-79.142
-79.204
-79.046
-79.148
-79.146
-79.166
-79.321
-79.391
-79.364
-79.5
-79.492
-79.469
-79.612
-79.728
-79.663
-79.494
-79.347
-79.424
-79.481
-79.307
-79.258
-79.196
-79.302
-79.48
-79.332
-79.43
-79.325
-79.135
-79.291
-79.061
-79.222
-79.177
-79.085
-79.075
-79.145
-78.965
-79.032
-78.906
-79.068
-78.736
-78.477
-78.553
-78.443
-78.519
-78.433
-78.388
-78.2
-78.498
-78.783
-78.565
-78.387
-78.526
-78.64
-78.762
-79.042
-79.018
-79.146
-79.088
-79.105
-79.231
-79.151
-78.861
-79.122
-78.982
-79.05
-79.133
-79.346
-79.282
-79.515
-79.448
-79.519
-79.24
-79.182
-79.083
-79.182
-79.011
-78.892
-78.806
-78.965
-79.104
-79.244
-79.148
-79.419
-79.181
-79.131
-79.195
-79.353
-79.422
-79.524
-79.413
-79.477
-79.412
-79.162
-79.374
-79.331
-79.431
-79.303
-79.381
-79.523
-79.542
-79.854
-79.614
-79.538
-79.557
-79.625
-79.538
-79.573
-79.703
-79.628
-79.591
-79.583
-79.566
-79.559
-79.51
-79.75
-79.539
-79.675
-79.671
-79.704
-79.529
-79.637
-79.376
-79.133
-79.359
-79.251
-78.756
-78.865
-78.697
-78.858
-79.044
-78.999
-78.989
-78.944
-79.028
-79.375
-79.407
-79.473
-79.325
-79.413
-79.463
-79.49
-79.598
-79.681
-79.594
-79.363
-79.425
-79.533
-79.639
-79.479
-79.187
-79.006
-78.782
-78.6
-78.641
-78.46
-78.344
-78.398
-78.366
-78.374
-78.462
-78.478
-78.721
-78.82
-78.748
-78.978
-78.931
-79.018
-79.178
-79.16
-79.271
-79.637
-79.535
-79.355
-79.647
-79.69
-79.505
-79.409
-79.577
-79.421
-79.703
-79.576
-79.614
-79.654
-79.484
-79.455
-79.402
-79.674
-79.619
-79.758
-79.737
-79.866
-79.762
-79.694
-79.69
-79.668
-79.668
-79.803
-79.812
-79.938
-80.149
-80.038
-80.06
-80.057
-79.99
-79.687
-79.978
-79.846
-79.856
-79.962
-79.748
-79.868
-79.894
-79.966
-79.849
-79.786
-79.873
-80.238
-80.119
-80.036
-79.91
-79.89
-79.678
-79.682
-79.574
-79.389
-79.605
-79.894
-79.825
-79.878
-79.744
-79.559
-79.909
-79.802
-79.881
-79.99
-79.972
-80.094
-80.077
-80.248
-80.143
-80.095
-79.981
-80.074
-80.008
-80.334
-80.409
-80.449
-80.35
-80.216
-80.154
-80.005
-79.942
-79.955
-79.907
-80.02
-80.104
-79.907
-79.798
-79.926
-79.961
-80.028
-80.126
-80.097
-80.022
-80.058
-80.2
-80.146
-80.18
-80.048
-80.072
-80.041
-79.949
-79.947
-79.846
-80.073
-80.119
-80.038
-79.869
-79.595
-79.485
-79.508
-79.293
-79.828
-79.8
-79.551
-79.68
-79.709
-79.668
-79.672
-79.58
-79.78
-79.841
-79.668
-79.636
-79.491
-79.41
-79.095
-78.927
-78.769
-78.744
-78.433
-78.322
-78.38
-78.172
-77.874
-77.944
-77.854
-77.73
-77.525
-77.592
-77.174
-76.919
-76.882
-76.712
-76.383
-76.107
-75.186
-74.208
-73.052
-72.203
-71.615
-71.824
-72.622
-73.181
-74.096
-74.702
-75.043
-75.14
-75.506
-75.659
-75.705
-76.006
-76.108
-76.247
-76.685
-76.694
-76.699
-76.747
-76.629
-76.436
-76.337
-76.336
-76.54
-76.724
-76.763
-76.528
-76.78
-76.779
-76.759
-76.76
-76.52
-76.46
-76.819
-77.054
-77.316
-77.386
-77.355
-77.331
-77.108
-77.114
-77.248
-77.579
-77.87
-78.261
-78.247
-77.972
-77.794
-77.696
-77.559
-77.168
-77.157
-77.119
-77.259
-77.438
-77.44
-77.295
-77.21
-77.03
-76.897
-77.285
-77.266
-77.034
-76.78
-76.457
-76
-75.868
-75.88
-75.928
-75.723
-75.596
-75.786
-75.845
-75.948
-76.072
-76.011
-76.237
-76.172
-76.187
-76.364
-76.617
-76.7
-76.623
-76.519
-76.722
-76.735
-76.717
-76.781
-76.882
-76.843
-76.929
-77.052
-77.253
-77.05
-77.339
-77.319
-77.258
-77.162
-77.166
-77.32
-77.355
-77.35
-77.397
-77.576
-77.472
-77.479
-77.469
-77.474
-77.548
-77.687
-77.573
-77.602
-77.588
-77.938
-77.956
-78.125
-78.351
-78.36
-78.229
-78.494
-78.588
-78.659
-78.766
-78.862
-78.577
-78.599
-78.395
-78.192
-77.918
-77.763
-77.613
-77.397
-77.52
-77.283
-77.48
-77.652
-77.956
-78.526
-78.635
-78.706
-78.86
-79.082
-78.816
-78.872
-79.232
-79.323
-79.425
-79.172
-78.979
-78.803
-78.95
-79.125
-78.968
-78.939
-78.822
-79.192
-79.24
-78.927
-79.024
-79.008
-79.007
-79.168
-78.856
-79.165
-79.218
-79.145
-79.408
-79.405
-79.236
-79.443
-79.36
-79.421
-79.286
-79.195
-79.317
-79.079
-78.805
-78.947
-78.93
-78.97
-78.85
-78.926
-78.46
-77.847
-77.413
-77.053
-76.748
-76.827
-76.408
-76.244
-76.088
-76.073
-76.256
-76.244
-76.289
-76.476
-76.611
-76.573
-76.478
-76.767
-76.958
-77.238
-77.444
-77.585
-77.272
-77.533
-77.633
-77.72
-77.654
-77.802
-77.921
-77.727
-77.863
-77.936
-78.231
-78.211
-78.231
-78.247
-78.703
-78.604
-78.608
-78.845
-78.975
-78.885
-78.75
-78.841
-79.053
-79.046
-79.068
-79.075
-79.006
-79.172
-79.369
-79.363
-79.535
-79.603
-79.716
-79.608
-79.508
-79.396
-78.904
-79.024
-79.032
-79.173
-79.173
-79.249
-79.303
-79.656
-79.782
-79.397
-79.342
-79.452
-79.453
-79.707
-79.449
-79.547
-79.595
-79.742
-79.726
-79.686
-79.374
-79.569
-79.695
-79.831
-79.759
-79.771
-79.58
-79.794
-79.694
-79.683
-79.698
-79.721
-79.94
-79.891
-79.674
-79.767
-80.035
-79.901
-79.787
-79.536
-79.729
-79.66
-79.638
-79.747
-79.477
-79.554
-79.961
-79.819
-79.923
-79.723
-79.513
-79.944
-79.961
-79.764
-79.689
-79.785
-79.744
-79.656
-79.924
-80.172
-79.966
-79.97
-80.228
-79.966
-79.952
-80.134
-80.045
-80.041
-79.978
-79.699
-79.675
-79.679
-79.647
-79.802
-79.82
-79.845
-80.235
-79.914
-79.935
-79.789
-79.745
-80.129
-80.31
-80.075
-80.136
-80.11
-79.77
-79.773
-79.693
-79.611
-79.531
-79.656
-79.784
-80.035
-79.891
-79.716
-80.166
-80.245
-80.396
-80.132
-79.877
-79.891
-79.86
-79.79
-79.926
-80.012
-79.772
-79.747
-80.163
-80.032
-79.687
-79.361
-78.512
-77.197
-76.057
-74.917
-73.807
-72.946
-72.19
-71.317
-70.76
-70.349
-70.003
-69.608
-69.066
-68.914
-68.727
-68.943
-69.157
-68.733
-68.786
-68.807
-69.073
-69.247
-69.453
-69.517
-69.54
-69.681
-69.867
-69.947
-70.053
-70.292
-70.524
-70.578
-70.764
-71.182
-71.399
-71.559
-71.561
-71.825
-71.824
-72.054
-72.237
-72.527
-72.598
-72.89
-72.974
-73.201
-73.462
-73.563
-73.779
-74.108
-74.37
-74.355
-74.219
-74.228
-74.153
-74.069
-74.161
-74.501
-74.634
-74.602
-74.669
-74.912
-75.212
-75.019
-75.098
-75.019
-75.159
-75.078
-75.355
-75.513
-75.518
-75.384
-75.38
-74.738
-74.082
-73.113
-72.217
-71.191
-70.323
-69.123
-67.79
-66.852
-66.25
-65.637
-65.097
-64.504
-64.395
-63.998
-63.844
-63.62
-63.58
-63.324
-62.904
-62.657
-62.29
-62.678
-62.766
-62.656
-62.696
-62.835
-62.911
-63.022
-62.826
-62.983
-63.27
-63.543
-63.67
-63.809
-63.833
-64.219
-64.322
-64.624
-64.933
-65.098
-65.498
-65.664
-65.571
-65.641
-65.968
-66.018
-66.151
-66.091
-66.371
-66.619
-66.872
-67.247
-67.743
-67.943
-67.875
-68.156
-68.393
-68.78
-69.05
-69.069
-68.959
-69.298
-69.523
-69.819
-69.942
-70.34
-70.288
-70.586
-71.21
-71.442
-71.501
-71.657
-71.822
-72.271
-72.236
-72.206
-71.891
-71.962
-72.305
-72.666
-72.731
-73.122
-73.336
-73.305
-73.443
-73.509
-73.562
-73.805
-73.858
-73.992
-73.955
-74.195
-74.074
-73.94
-74.284
-74.311
-74.331
-74.396
-74.609
-74.784
-74.86
-75.013
-75.129
-75.198
-74.942
-75.066
-75.111
-75.117
-75.261
-75.343
-75.339
-75.367
-75.346
-75.447
-75.699
-75.759
-75.873
-75.727
-75.749
-75.752
-75.713
-75.663
-75.916
-75.885
-75.824
-75.907
-75.953
-75.91
-75.846
-75.715
-75.678
-75.819
-75.736
-75.753
-75.649
-75.79
-76.094
-76.092
-75.998
-76.068
-76.218
-75.966
-75.935
-75.972
-75.949
-76.138
-76.185
-75.939
-75.834
-75.906
-76.284
-76.457
-76.279
-76.539
-76.618
