-66.124
-66.014
-65.937
-65.757
-65.246
-64.725
-64.167
-63.969
-63.746
-63.218
-62.659
-62.304
-61.869
-61.183
-60.906
-60.462
-60.293
-59.846
-59.536
-59.433
-59.186
-59.167
-59.003
-58.708
-58.565
-58.223
-57.889
-57.745
-57.452
-57.486
-60.263
-64.248
-67.885
-70.941
-73.263
-75.044
-76.307
-76.942
-77.432
-77.92
-78.102
-78.165
-78.479
-78.649
-78.725
-78.628
-78.557
-78.469
-78.261
-78.36
-78.403
-78.492
-78.441
-78.647
-78.508
-78.328
-78.531
-78.881
-78.66
-78.435
-78.572
-78.472
-78.743
-78.871
-78.631
-78.998
-78.92
-78.824
-78.809
-78.686
-78.803
-78.709
-78.869
-78.838
-78.797
-78.744
-78.523
-78.56
-78.645
-78.562
-78.691
-78.649
-78.74
-78.786
-78.655
-78.475
-78.649
-78.376
-78.513
-78.442
-78.596
-78.771
-78.703
-78.78
-78.549
-78.524
-78.507
-78.524
-78.791
-78.99
-79.151
-79.454
-79.374
-79.354
-79.156
-79.061
-79.078
-79.121
-79.067
-79.339
-79.228
-78.965
-78.191
-77.828
-77.578
-77.236
-76.979
-77.042
-77
-77.094
-76.986
-76.901
-76.74
-76.699
-76.361
-76.591
-76.558
-76.639
-76.851
-77.056
-77.535
-77.667
-77.882
-77.437
-77.614
-77.603
-77.773
-77.722
-77.607
-77.604
-77.283
-77.413
-77.289
-77.349
-76.855
-76.853
-77.068
-77.159
-76.959
-76.793
-76.977
-77.046
-77.156
-77.1
-77.528
-77.564
-77.648
-77.626
-77.825
-77.945
-77.623
-77.767
-77.932
-77.949
-77.856
-77.907
-78.125
-77.837
-77.733
-77.309
-77.375
-77.07
-76.92
-76.928
-76.743
-76.884
-77.088
-76.958
-77.019
-77.012
-76.861
-76.882
-77.275
-77.384
-77.183
-77.101
-77.01
-76.625
-76.738
-76.815
-76.747
-77.125
-77.096
-77.193
-77.41
-77.74
-77.921
-78.18
-78.096
-78.099
-78.088
-78.183
-77.946
-78.013
-78.18
-78.406
-78.2
-78.332
-78.52
-78.677
-78.898
-78.988
-79.229
-79.107
-79.028
-79.191
-79.287
-79.331
-79.447
-79.616
-79.482
-79.727
-79.431
-79.71
-79.369
-79.21
-79.109
-79.043
-79.186
-79.336
-79.335
-79.248
-79.096
-79.314
-79.659
-79.723
-80.015
-80.111
-80.041
-80.115
-80.12
-79.922
-79.836
-79.769
-79.971
-80.154
-80.247
-80.297
-80.098
-79.802
-79.589
-79.213
-78.692
-78.404
-78.252
-78.056
-77.707
-77.5
-77.478
-77.342
-77.37
-76.947
-76.847
-76.839
-76.828
-76.747
-76.781
-76.611
-76.407
-76.435
-76.314
-76.429
-76.55
-76.495
-76.814
-76.726
-76.772
-76.939
-77.057
-76.919
-76.722
-76.824
-76.97
-77.069
-77.236
-77.471
-77.703
-77.755
-77.757
-78.094
-78.243
-78.117
-78.477
-78.467
-78.461
-78.323
-78.65
-78.61
-78.732
-79.213
-79.005
-79.124
-79.046
-79.024
-78.835
-78.965
-78.916
-79.156
-79.419
-79.266
-79.029
-79.026
-78.993
-79.113
-79.39
-79.088
-79.009
-78.835
-78.908
-78.915
-79.117
-79.096
-79.109
-79.511
-79.785
-79.832
-79.544
-79.683
-79.604
-79.81
-79.989
-79.844
-79.797
-79.519
-79.28
-79.385
-79.383
-79.286
-79.175
-79.109
-79.062
-79.327
-79.369
-79.569
-79.709
-80.001
-80.213
-80.459
-80.654
-80.583
-80.532
-80.573
-80.735
-80.608
-80.66
-80.854
-80.699
-80.655
-80.539
-80.593
-80.454
-80.388
-80.638
-80.431
-80.342
-80.387
-80.537
-80.629
-80.698
-80.724
-81.068
-81.164
-81.102
-81.058
-81.118
-81.166
-81.195
-81.149
-81.005
-81.213
-81.305
-81.688
-81.593
-81.698
-81.61
-81.705
-81.504
-81.572
-81.262
-81.165
-81.186
-81.283
-81.421
-81.233
-81.41
-81.598
-81.323
-81.154
-81.279
-81.38
-81.034
-79.873
-78.756
-77.079
-75.356
-73.384
-71.608
-69.633
-68.178
-66.484
-65.437
-64.019
-62.765
-61.518
-60.748
-59.772
-58.884
-58.103
-57.231
-56.557
-55.946
-55.107
-54.17
-53.036
-51.559
-49.801
-46.103
-45
-45
-45
-45
-45
-45
-45
-45
-45
-45
-45
-45
-45
-45
-51.28
-57.308
-61.88
-64.373
-65.788
-66.264
-66.104
-65.808
-65.252
-64.67
-63.971
-62.989
-61.897
-61.119
-60.101
-59.656
-58.618
-57.789
-57.228
-56.51
-55.926
-55.524
-55.189
-54.598
-53.928
-53.231
-52.264
-50.952
-49.508
-47.56
-45
-45
-45
-45
-45
-45
-45
-45
-45
-45
-45
-45
-45
-45
-51.306
-56.821
-61.133
-64.168
-66.272
-67.544
-68.355
-69.017
-69.398
-69.529
-69.477
-69.408
-69.097
-68.963
-69.025
-69.068
-68.969
-68.683
-68.375
-68.457
-68.8
-68.753
-68.943
-68.685
-68.66
-68.521
-68.387
-68.127
-68.158
-68.099
-68.123
-68.075
-67.993
-67.871
-67.888
-68.074
-68.448
-68.535
-68.705
-68.488
-68.462
-68.698
-68.813
-68.644
-68.901
-69.173
-69.059
-69.149
-69.379
-69.412
-69.374
-69.484
-69.549
-69.834
-69.955
-70.243
-70.054
-69.922
-69.945
-69.862
-69.77
-69.704
-69.389
-69.205
-68.739
-68.296
-67.755
-67.512
-66.987
-66.449
-66.081
-65.742
-65.383
-65.068
-65.084
-64.875
-64.529
-63.83
-63.65
-63.626
-63.547
-63.704
-63.422
-63.171
-63.196
-62.982
-63.325
-63.438
-63.353
-63.133
-63.39
-63.885
-63.926
-63.855
-63.676
-63.824
-64.185
-64.039
-64.058
-64.129
-64.397
-64.806
-64.779
-64.477
-64.43
-64.533
-64.7
-64.924
-65.31
-65.403
-65.743
-65.922
-66.124
-66.265
-66.354
-66.538
-66.542
-66.502
-66.462
-66.556
-66.517
-66.634
-66.882
-67.163
-67.634
-67.582
-67.427
-67.405
-67.715
-67.935
-68.191
-68.419
-68.53
-68.533
-68.417
-68.423
-68.145
-68.183
-67.925
-67.9
-67.596
-67.497
-67.38
-67.311
-67.443
-67.574
-67.355
-67.368
-67.484
-67.613
-67.593
-67.829
-67.934
-68.221
-68.318
-68.183
-68.092
-68.275
-68.159
-68.21
-68.081
-68.336
-68.003
-68.071
-68.306
-68.101
-67.947
-67.893
-67.903
-67.984
-68.087
-68.501
-68.394
-68.464
-68.669
-68.843
-69.008
-69.146
-69.507
-69.582
-69.564
-69.925
-70.014
-69.969
-69.917
-70.25
-70.164
-70.398
-70.581
-70.713
-70.698
-70.963
-71.485
-71.737
-71.949
-72.069
-71.981
-72.039
-72.271
-72.712
-72.903
-72.706
-73.066
-73.315
-73.352
-73.424
-73.369
-73.654
-73.65
-73.784
-73.933
-73.829
-73.839
-74.333
-74.457
-74.424
-74.379
-74.085
-73.897
-73.261
-72.572
-71.395
-69.982
-68.762
-67.547
-66.397
-65.222
-64.37
-63.229
-61.852
-60.86
-60.003
-59.354
-58.726
-57.888
-57.324
-56.801
-55.912
-55.245
-54.697
-53.77
-52.853
-51.402
-49.495
-45.953
-45
-45
-45
-45
-45
-45
-45
-45
-45
-45
-45
-45
-45
-45.13
-52.296
-58.387
-62.89
-66.05
-68.073
-69.719
-70.687
-71.677
-72.271
-72.713
-73.145
-73.414
-73.492
-73.553
-73.778
-73.756
-73.638
-73.625
-73.949
-74.01
-74.04
-73.95
-73.958
-74.283
-74.668
-74.747
-74.778
-74.625
-74.622
-74.646
-74.61
-74.484
-74.355
-74.717
-75.008
-75.025
-75.147
-75.026
-75.029
-75.091
-75.171
-75.393
-75.479
-75.645
-75.718
-76.151
-76.011
-76.175
-76.194
-76.187
-76.086
-76.324
-76.545
-76.807
-76.817
-77.025
-76.972
-76.888
-77.22
-77.285
-77.565
-77.741
-77.771
-77.863
-77.572
-77.891
-77.866
-77.866
-78.022
-77.88
-78.03
-78.307
-78.461
-78.664
-78.874
-78.642
-78.56
-78.656
-78.622
-79.011
-78.763
-79.069
-79.241
-79.266
-79.119
-79.24
-79.443
-79.558
-79.861
-80.096
-80.203
-80.118
-80.09
-80.312
-80.551
-80.559
-80.662
-80.736
-80.728
-80.715
-80.89
-81.121
-81.237
-81.598
-81.674
-81.881
-81.787
-81.872
-82.143
-82.245
-82.704
-83.046
-83.095
-82.888
-82.642
-82.773
-82.729
-82.462
-82.443
-82.284
-82.401
-82.512
-82.634
-82.747
-82.801
-82.774
-83.066
-83.028
-83.144
-83.204
-83.095
-83.221
-83.494
-83.47
-83.536
-83.518
-83.558
-83.672
-83.829
-83.978
-83.895
-83.862
-83.907
-84.106
-84.33
-84.321
-84.511
-84.83
-85.076
-85.333
-85.369
-85.323
-85.556
-85.767
-85.689
-85.669
-85.73
-85.9
-85.982
-86.161
-86.058
-86.019
-86.066
-86.022
-85.946
-86.017
-86.18
-86.065
-86.266
-86.388
-86.538
-86.441
-86.548
-86.719
-86.623
-86.743
-86.76
-87.094
-87.011
-87.198
-87.292
-87.402
-87.675
-87.591
-87.636
-87.487
-87.138
-87.281
-87.505
-87.517
-87.47
-87.28
-87.34
-87.73
-87.639
-87.682
-87.924
-88.161
-88.003
-87.746
-87.516
-87.79
-87.82
-87.773
-87.797
-87.947
-87.924
-87.605
-87.643
-87.501
-88.036
-88.225
-88.351
-88.44
-88.414
-88.864
-89.334
-89.488
-89.406
-89.429
-89.339
-89.302
-89.445
-89.451
-89.522
-89.568
-89.528
-89.497
-89.504
-89.79
-89.905
-90.034
-89.791
-89.482
-89.241
-89.336
-89.409
-89.512
-89.488
-89.399
-89.604
-89.673
-89.748
-89.872
-89.507
-89.437
-89.348
-89.006
-88.547
-88.097
-87.736
-87.441
-87.07
-86.766
-86.329
-85.848
-85.445
