-71.839
-71.915
-71.982
-71.897
-72.111
-72.099
-72.119
-72.029
-72.081
-72.096
-72.117
-72.155
-71.705
-71.759
-71.532
-71.374
-71.632
-71.427
-71.515
-71.521
-71.631
-71.554
-71.82
-71.833
-71.867
-71.753
-71.798
-71.887
-71.908
-71.856
-71.952
-71.936
-71.871
-71.989
-71.933
-71.926
-71.827
-71.767
-71.876
-71.628
-71.806
-71.794
-71.793
-71.906
-71.36
-71.568
-71.456
-71.546
-71.535
-71.728
-71.947
-72.221
-72.237
-72.005
-72.23
-72.364
-72.346
-72.454
-72.756
-72.73
-72.669
-72.656
-72.764
-72.821
-72.682
-72.499
-72.536
-72.524
-72.352
-72.456
-72.443
-72.535
-72.604
-72.445
-72.438
-72.479
-72.492
-72.38
-72.524
-72.626
-72.411
-72.464
-72.336
-72.693
-72.929
-72.911
-72.918
-72.926
-72.84
-72.85
-73.001
-72.983
-72.897
-72.903
-72.678
-72.49
-72.596
-72.494
-72.524
-72.783
-72.869
-73.027
-73.331
-73.188
-73.379
-73.356
-73.207
-72.99
-73.262
-73.091
-72.966
-73.02
-73.152
-73.128
-73.304
-73.495
-73.533
-73.671
-73.627
-73.867
-73.913
-74.139
-74.203
-73.952
-74.046
-74.281
-74.211
-74.156
-74.195
-74.203
-74.055
-73.967
-73.862
-73.748
-73.793
-74.05
-74.001
-73.784
-73.813
-73.824
-74.105
-74.279
-74.195
-74.292
-74.293
-74.456
-74.307
-74.361
-74.103
-74.139
-74.404
-74.63
-74.633
-74.713
-74.89
-75.095
-75.092
-75.02
-74.943
-74.997
-74.967
-74.864
-74.583
-74.769
-74.919
-74.996
-75.225
-75.401
-75.64
-75.709
-75.533
-75.614
-75.503
-75.561
-75.457
-75.57
-75.435
-75.461
-75.697
-75.848
-76.209
-76.102
-76.303
-76.389
-76.305
-76.312
-76.277
-76.463
-76.382
-76.421
-76.216
-76.354
-76.384
-76.296
-76.196
-76.421
-76.304
-76.413
-76.447
-76.557
-76.307
-76.274
-76.271
-76.49
-76.274
-76.103
-76.072
-76.04
-76.099
-76.146
-76.09
-76.193
-75.884
-76.011
-75.996
-76.235
-76.355
-76.133
-76.443
-76.259
-76.451
-76.504
-76.217
-75.867
-75.835
-75.905
-76.063
-76.233
-76.175
-76.005
-76.023
-76.014
-75.998
-76.048
-76.124
-76.088
-75.901
-75.817
-76.216
-76.039
-76.059
-75.923
-75.917
-75.857
-75.932
-76.092
-75.972
-75.856
-75.973
-75.896
-75.656
-75.551
-75.579
-75.786
-75.732
-75.675
-75.468
-75.608
-75.873
-75.924
-75.84
-75.831
-75.451
-75.255
-75.101
-75.146
-75.162
-75.27
-75.207
-75.163
-75.206
-75.109
-74.88
-74.934
-74.822
-74.731
-74.644
-75.088
-74.948
-75.096
-74.977
-75.355
-75.327
-75.601
-75.598
-75.79
-75.793
-75.765
-75.615
-75.697
-75.869
-75.769
-75.345
-74.984
-74.549
-74.142
-73.602
-73.388
-72.975
-72.772
-72.695
-72.393
-72.195
-72.119
-71.779
-71.771
-71.7
-71.481
-71.431
-71.044
-71.035
-70.884
-70.825
-70.815
-70.763
-70.573
-70.51
-70.257
-70.368
-70.217
-70.206
-70.125
-69.99
-69.87
-69.95
-69.936
-69.928
-69.985
-69.74
-69.699
-69.922
-69.982
-69.902
-70.162
-70.085
-69.782
-69.64
-69.467
-69.366
-69.339
-69.364
-69.114
-69.034
-69.066
-68.554
-68.372
-68.429
-68.303
-68.502
-68.492
-68.3
-68.086
-67.893
-67.796
-67.795
-68.018
-67.931
-67.915
-67.877
-68.085
-68.023
-67.903
-67.929
-68.048
-68.183
-68.305
-68.043
-68.294
-68.262
-68.07
-68.116
-67.879
-67.547
-67.431
-67.067
-67.066
-66.683
-66.549
-66.409
-66.165
-65.931
-65.335
-65.145
-64.879
-64.776
-64.843
-64.537
-64.451
-64.357
-64.298
-64.022
-63.761
-63.636
-63.518
-63.496
-63.102
-63.013
-62.902
-63.167
-63.177
-63.003
-63.245
-63.256
-63.127
-63.046
-62.857
-63.031
-62.703
-62.574
-62.767
-62.919
-63.1
-63.223
-63.083
-62.937
-63.117
-63.054
-62.892
-62.871
-62.798
-62.952
-62.833
-62.605
-62.442
-62.641
-62.642
-62.581
-62.473
-62.262
-62.046
-61.845
-62.145
-62.224
-61.908
-62.088
-61.993
-61.86
-62.051
-62.212
-62.062
-62.29
-62.156
-62.33
-62.622
-62.673
-62.584
-62.86
-62.549
-62.616
-62.801
-62.649
-62.468
-62.613
-62.629
-62.595
-62.503
-62.295
-62.432
-61.932
-62.053
-62.17
-61.914
-61.854
-61.934
-62.017
-62.368
-62.406
-62.235
-62.219
-62.267
-62.344
-62.235
-62.096
-62.256
-62.311
-62.301
-62.232
-62.367
-62.618
-62.471
-62.199
-62.138
-62.232
-62.422
-62.516
-62.478
-62.483
-62.621
-63.038
-63.269
-63.696
-63.771
-63.814
-63.528
-63.561
-63.712
-63.825
-63.784
-63.698
-63.79
-63.949
-63.856
-63.866
-64.02
-64.219
-64.306
-64.297
-63.862
-63.812
-64.002
-63.769
-63.924
-64.156
-64.356
-64.432
-64.508
-64.32
-64.236
-64.089
-64.046
-64.351
-64.446
-64.099
-64.016
-64.194
-64.275
-64.501
-64.51
-64.379
-64.517
-64.425
-64.376
-64.289
-64.485
-64.569
-64.461
-64.606
-64.89
-64.866
-64.896
-64.981
-65.245
-65.399
-65.352
-65.362
-65.121
-65.355
-65.359
-65.31
-65.273
-65.266
-65.057
-64.99
-65.082
-65.238
-65.561
-65.41
-65.624
-65.596
-65.545
-65.476
-65.12
-65.156
-64.959
-64.977
-64.923
-65.022
-64.73
-64.778
-64.908
-64.825
-64.884
-64.891
-65.069
-65.307
-65.275
-65.293
-65.728
-65.641
-65.58
-65.748
-65.836
-65.734
-65.682
-65.863
-65.651
-65.587
-65.459
-65.595
-65.462
-65.552
-65.732
-65.839
-65.933
-65.868
-65.813
-66.046
-65.956
-66.044
-65.988
-66.11
-66.006
-65.853
-66.081
-66.116
-66.061
-66.073
-65.88
-66.02
-66.073
-66.103
-66
-66.279
-66.248
-66.14
-66.112
-65.974
-65.926
-65.615
-65.848
-65.755
-65.571
-65.684
-65.917
-65.841
-65.914
-66.148
-66.179
-66.365
-66.199
-66.264
-66.094
-65.959
-66.07
-65.981
-65.965
-65.803
-65.452
-65.546
-65.367
-65.675
-65.575
-65.203
-65.136
-64.901
-65.011
-64.469
-64.231
-63.987
-63.81
-63.773
-63.524
-63.174
-62.743
-62.811
-62.763
-62.77
-62.709
-62.385
-62.35
-62.235
-62.212
-61.788
-61.945
-61.508
-61.358
-61.462
-61.394
-61.309
-61.387
-61.16
-61.479
-61.313
-61.506
-61.399
-61.336
-61.398
-61.467
-61.344
-61.452
-61.488
-61.771
-61.646
-61.567
-61.622
-61.745
-61.506
-61.549
-61.394
-61.216
-60.925
-61.024
-61.077
-60.981
-60.908
-60.715
-60.939
-61.042
-60.987
-61.063
-61.094
-61.211
-61.095
-60.833
-60.85
-61.073
-61.008
-60.98
-61.074
-61.206
-61.151
-61.286
-61.114
-60.958
-60.859
-60.651
-60.637
-60.52
-60.171
-60.472
-60.559
-60.306
-60.201
-60.117
-60.183
-59.855
-59.479
-59.283
-59.328
-59.384
-59.251
-59.162
-59.291
-59.413
-59.381
-59.284
-59.121
-59.071
-59.362
-59.558
-59.275
-59.27
-58.896
-58.74
-58.557
-58.219
-57.953
-57.623
-57.614
-57.314
-57.459
-57.214
-57.213
-57.155
-56.979
-56.859
-56.897
-56.77
-56.469
-56.18
-55.874
-55.689
-55.476
-55.448
-54.872
-54.361
-53.865
-53.307
-52.57
-51.903
-49.906
-46.643
-45
-45
-45
-45
-45
-45
-45
-45
-45
-45
-45
-45
-45
-45
-52.079
-58.554
-63.352
-66.727
-68.884
-70.339
-71.408
-72.13
-72.641
-73.042
-73.412
-73.291
-73.596
-73.695
-73.972
-74.216
-74.468
-74.782
-75.18
-75.367
-75.45
-75.795
-75.758
-75.625
-75.911
-76.296
-76.531
-76.545
-76.822
-76.782
-76.694
-77.07
-76.856
-77.231
-77.08
-76.739
-76.77
-76.772
-76.447
-76.591
-76.71
-76.771
-77.107
-77.475
-77.719
-77.635
-77.806
-78.12
-78.425
-78.36
-78.46
-78.608
-78.825
-78.958
-78.899
-78.607
-78.817
-78.512
-78.401
-78.279
-78.314
-78.187
-78.626
-78.669
-78.711
-79
-79.138
-79.171
-79.217
-79.181
-79.079
-79.09
-79.221
-79.222
-78.859
-78.924
-78.863
-78.835
-78.696
-78.764
-78.596
-78.682
-78.562
-78.55
-78.533
-78.634
-78.555
-78.451
-78.468
-78.531
-78.481
-78.556
-78.43
-78.336
-78.464
-78.615
-78.573
-78.303
-78.373
-78.631
-78.987
-78.868
-79.145
-79.269
-79.35
-79.26
-79.291
-79.453
-79.598
-79.873
-79.839
-79.966
-80.103
-79.844
-79.714
-79.675
-79.362
-79.449
-79.446
-79.785
-79.995
-79.952
-80.356
-80.602
-80.547
-80.353
-80.37
-80.488
-80.646
-80.813
-80.651
-80.559
-80.777
-80.575
-80.342
-80.243
-80.35
-80.175
-80.226
-79.99
-80.058
-79.914
-80.21
-80.343
-80.229
-80.385
-80.471
-80.214
-80.338
-80.681
-80.954
-80.905
-80.891
-80.83
-80.706
-80.932
-80.889
-81.147
-81.039
-80.816
-80.562
-80.396
-80.496
-80.589
-80.268
-80.356
-80.147
-80.173
-80.026
-80.054
-79.948
-79.838
-79.972
-80.11
-80.143
-80.302
-80.422
-80.346
-80.34
-80.175
-80.051
-79.991
-79.744
-79.869
-79.91
-79.7
-79.512
-79.447
-79.412
-79.337
-79.398
-79.318
-79.439
-79.165
-79.14
-79.009
-78.786
-78.434
-78.3
-78.479
-78.452
-78.329
-78.271
-78.095
-77.97
-78.015
-78.08
-78.191
-78.079
-77.928
-78.282
-78.418
-78.559
-78.597
-78.631
