-78.068
-78.665
-79.255
-79.336
-79.711
-79.613
-79.73
-79.768
-80.054
-79.912
-79.587
-79.811
-79.907
-80.048
-80.057
-80.011
-80.084
-80.047
-80.209
-80.231
-80.022
-80.103
-80.315
-80.38
-80.257
-80.285
-80.085
-80.028
-79.987
-79.85
-79.879
-80.02
-80.216
-80.349
-80.319
-80.405
-80.334
-80.485
-80.089
-80.155
-80.393
-80.019
-80.254
-80.329
-80.154
-80.155
-80.145
-80.263
-80.395
-80.276
-80.304
-80.026
-79.85
-79.947
-79.955
-79.812
-79.874
-79.857
-79.991
-79.993
-79.852
-79.796
-79.746
-79.748
-79.812
-79.882
-79.96
-79.697
-80.013
-80.065
-79.959
-80.003
-80.069
-80.221
-79.976
-80.031
-79.749
-79.716
-79.38
-79.325
-79.299
-79.295
-79.364
-79.61
-79.722
-79.858
-80.017
-79.808
-80.048
-80.022
-80.039
-80.138
-80.183
-80.091
-80.094
-80.243
-80.212
-80.115
-80.273
-80.335
-80.386
-80.376
-80.167
-80.155
-80.022
-79.831
-80.255
-80.132
-80.092
-80.073
-79.71
-79.646
-79.786
-79.823
-79.855
-79.855
-79.974
-79.837
-79.699
-79.512
-79.605
-79.447
-79.658
-79.627
-79.804
-79.862
-79.867
-79.89
-79.902
-80.124
-79.867
-79.95
-79.67
-79.615
-79.506
-79.77
-79.965
-79.834
-79.929
-79.851
-80.128
-80.168
-80.097
-80.272
-79.985
-79.873
-79.669
-79.975
-79.906
-80.106
-80.214
-80.234
-80.332
-80.089
-80.03
-80.104
-80.05
-80.169
-80.044
-80.272
-80.355
-80.389
-80.318
-80.092
-79.755
-79.318
-79.039
-78.993
-78.678
-78.571
-78.188
-78.035
-77.811
-77.746
-77.685
-77.651
-77.63
-77.665
-77.775
-77.641
-77.335
-77.209
-77.196
-76.994
-76.646
-76.389
-76.279
-75.87
-76.018
-75.712
-75.762
-75.816
-75.638
-75.44
-75.473
-75.726
-75.984
-76.032
-76.006
-75.757
-75.747
-75.819
-75.768
-75.637
-75.794
-76.061
-75.984
-75.881
-76.139
-76.42
-76.406
-76.412
-76.103
-76.091
-76.342
-76.23
-76.413
-76.815
-77.09
-77.12
-77.135
-77.367
-77.784
-77.504
-77.423
-77.545
-77.303
-77.477
-77.65
-77.983
-78.09
-78.332
-78.646
-78.768
-78.76
-78.872
-79.031
-78.943
-79.152
-79.198
-79.238
-79.063
-79.165
-79.018
-79.162
-79.163
-79.042
-79.034
-79.32
-79.066
-78.771
-78.632
-78.253
-77.96
-77.413
-76.836
-76.287
-75.719
-75.427
-75.063
-74.896
-74.274
-73.796
-73.587
-73.506
-73.342
-73.006
-72.869
-72.653
-72.535
-72.404
-72.364
-72.306
-72.35
-72.183
-72.246
-72.359
-72.538
-72.521
-72.415
-72.059
-72.175
-72.131
-72.146
-72.476
-72.337
-72.396
-72.249
-72.568
-72.536
-72.543
-72.549
-72.581
-73.035
-72.831
-72.995
-73.169
-73.089
-73.351
-73.627
-73.805
-74.034
-74.118
-74.234
-74.27
-74.371
-74.371
-74.478
-74.72
-74.682
-74.766
-74.819
-74.887
-75.147
-75.015
-75.206
-75.23
-75.015
-74.967
-74.987
-75.144
-75.077
-75.228
-75.239
-75.095
-75.514
-75.485
-75.591
-75.39
-75.524
-75.471
-75.531
-75.108
-75.129
-74.868
-74.588
-74.284
-74.103
-73.879
-73.655
-73.552
-73.361
-73.199
-73.104
-72.851
-72.933
-72.752
-72.496
-72.596
-72.505
-72.511
-72.469
-72.418
-72.154
-72.103
-72.1
-72.28
-72.097
-72.113
-72.299
-71.937
-71.974
-71.859
-71.88
-72.102
-72.327
-72.432
-72.275
-72.359
-72.259
-72.206
-72.234
-72.401
-72.397
-72.418
-72.27
-72.119
-72.05
-72.019
-71.932
-71.99
-72.359
-72.146
-72.413
-72.377
-72.372
-72.644
-73.099
-73.016
-73.082
-73.151
-72.947
-72.995
-73.258
-73.135
-73.175
-73.405
-73.484
-73.533
-73.892
-74.26
-74.159
-74.225
-74.438
-73.99
-73.856
-74.132
-73.985
-73.999
-74.103
-74.058
-74.269
-74.459
-74.398
-74.382
-74.332
-74.549
-74.474
-74.454
-74.311
-74.277
-74.634
-74.838
-74.923
-75.039
-74.957
-75.216
-75.279
-75.421
-75.37
-75.43
-75.354
-75.383
-75.437
-75.334
-75.038
-75.043
-74.734
-74.711
-74.271
-73.855
-73.803
-73.457
-73.173
-72.934
-72.741
-72.791
-72.708
-72.646
-72.719
-72.53
-72.542
-72.457
-72.423
-72.261
-72.047
-71.679
-71.479
-71.114
-70.863
-70.688
-70.562
-70.385
-70.783
-70.853
-70.704
-70.661
-70.799
-71.096
-71.147
-71.332
-71.311
-71.362
-71.373
-71.365
-71.38
-71.531
-71.586
-71.408
-71.059
-71.106
-71.193
-71.243
-71.066
-71.076
-71.1
-71.192
-71.189
-71.327
-71.397
-71.21
-71.275
-71.124
-70.996
-71.071
-70.951
-71.132
-71.213
-70.992
-70.826
-70.597
-70.671
-70.388
-70.544
-70.264
-70.476
-70.367
-70.11
-69.839
-69.958
-69.735
-69.776
-69.807
-69.866
-69.918
-70.099
-69.959
-69.717
-69.491
-69.315
-69.407
-69.008
-68.74
-68.461
-68.283
-68.028
-67.733
-67.531
-67.334
-67.155
-66.841
-66.44
-65.863
-65.499
-65.168
-65.045
-64.623
-64.371
-63.849
-63.344
-62.853
-62.433
-62.045
-61.759
-61.525
-60.994
-60.675
-60.387
-60.094
-59.915
-59.859
-59.69
-59.492
-59.369
-59.506
-59.428
-59.182
-59.183
-59.133
-58.986
-58.518
-58.417
-58.409
-58.308
-58.415
-58.27
-58.168
-58.388
-58.491
-58.233
-58.144
-58.121
-58.119
-57.822
-57.687
-57.478
-57.13
-56.902
-56.587
-56.398
-56.593
-56.201
-56.179
-55.754
-55.797
-55.439
-55.05
-54.983
-54.629
-53.967
-53.482
-52.82
-51.793
-50.317
-47.82
-45
-45
-45
-45
-45
-45
-45
-45
-45
-45
-45
-45
-45
-45
-50.021
-56.852
-62.038
-65.713
-68.317
-70.022
-71.053
-71.836
-72.586
-72.847
-73.183
-73.663
-74
-74.221
-74.23
-74.215
-74.358
-74.354
-74.373
-74.221
-74.2
-74.176
-73.97
-74.151
-74.083
-74.268
-74.118
-74.424
-74.617
-74.812
-74.821
-74.625
-74.578
-74.821
-74.617
-74.733
-74.95
-75.077
-75.085
-75.152
-75.36
-75.592
-75.846
-75.811
-75.906
-75.967
-76.194
-76.47
-76.478
-76.738
-76.728
-76.972
-76.754
-76.86
-76.909
-77.006
-76.924
-76.962
-76.993
-77.202
-77.136
-77.21
-77.167
-77.309
-77.478
-77.705
-77.901
-77.889
-78.132
-78.37
-78.535
-78.572
-78.574
-78.769
-78.79
-78.793
-79.105
-79.003
-78.772
-78.795
-78.886
-79.231
-79.316
-79.191
-79.087
-78.823
-78.622
-78.772
-78.812
-79.128
-79.05
-79.177
-78.986
-79.115
-79.076
-78.997
-78.85
-78.967
-78.886
-79.156
-79.129
-79.148
-79.338
-79.172
-79.209
-79.285
-79.611
-79.667
-79.621
-79.649
-79.793
-79.71
-79.621
-79.513
-79.288
-79.429
-79.419
-79.402
-79.427
-79.428
-79.602
-79.662
-79.602
-79.818
-79.813
-80.12
-80.33
-80.519
-80.509
-80.497
-80.698
-80.597
-80.56
-80.753
-80.796
-80.7
-80.601
-80.969
-81.302
-81.588
-81.536
-81.631
-81.937
-82.098
-82.038
-81.859
-81.724
-81.242
-81.252
-81.406
-81.318
-81.34
-81.427
-81.178
-81.187
-81.1
-81.297
-81.374
-81.227
-81.265
-81.509
-81.778
-82.063
-82.123
-82.244
-82.482
-82.539
-82.749
-82.55
-82.703
-82.643
-82.497
-82.485
-82.383
-82.171
-81.927
-82.03
-81.9
-82.185
-82.294
-82.334
-82.367
-82.542
-82.656
-82.882
-83.124
-83.341
-83.265
-83.31
-83.131
-83.26
-83.143
-82.947
-82.913
-82.965
-82.827
-82.977
-82.859
-82.952
-82.957
-82.754
-82.556
-82.315
-82.227
-82.479
-82.512
-82.45
-82.529
-82.827
-82.987
-83.166
-82.87
-82.92
-82.863
-83.143
-83.181
-82.694
-82.959
-83.202
-83.322
-83.406
-83.627
-83.427
-83.347
-83.452
-83.614
-83.612
-83.682
-83.395
-83.387
-83.235
-83.184
-83.304
-83.147
-83.138
-83.141
-83.25
-83.532
-83.417
-83.396
-83.457
-83.454
-83.681
-83.938
-83.766
-83.689
-83.515
-83.55
-83.555
-83.297
-83.533
-83.397
-83.231
-83.314
-83.005
-82.91
-82.957
-83.265
-83.287
-83.231
-83.18
-83.276
-83.078
-83.006
-83.216
-83.012
-82.701
-82.679
-82.767
-82.602
-82.44
-82.397
-82.289
-82.194
-82.173
-82.456
-82.786
-82.883
-82.748
-82.907
-82.947
-83.08
-82.846
-82.737
-82.642
-82.453
-82.618
-82.724
-82.363
-82.334
-82.191
-82.197
-82.195
-82.267
-82.516
-82.572
-82.547
-82.504
-82.522
-82.306
-82.383
-82.408
-82.347
-82.452
-81.936
-82.041
-82.152
-81.986
-81.958
-81.758
-81.789
-81.446
-81.587
-81.532
-81.319
-81.23
-81.053
-81.167
-80.997
-80.978
-81.017
-81.079
-81.194
-81.264
-81.272
-81.46
-81.525
-81.616
-81.359
-81.242
-81.298
-81.441
-81.284
-81.362
-81.375
-81.388
-81.327
-81.081
-81.056
-81.184
-81.031
-80.865
-80.947
-80.9
-80.911
-80.904
-80.871
-80.972
-80.923
-80.806
-80.711
-80.651
-80.835
-80.793
-80.606
-80.209
-80.089
-80.064
-79.832
-79.878
-79.771
-79.902
-80.049
-80.121
-79.94
-80.517
-80.497
-80.367
-80.382
-80.267
-80.384
-80.526
-80.839
-81.014
-80.959
-81.055
-81.159
-80.907
-81.05
-80.925
-80.789
-80.808
-80.711
-80.841
-80.685
-80.643
-80.737
-80.495
-80.48
-80.626
-80.24
-80.428
