-77.452
-77.431
-77.775
-77.786
-77.84
-77.768
-77.58
-77.55
-77.293
-77.121
-76.955
-77.076
-76.948
-76.718
-76.752
-76.837
-76.865
-76.51
-76.549
-76.692
-76.846
-76.816
-76.869
-76.813
-76.92
-76.811
-77.027
-76.959
-76.969
-77.187
-77.289
-77.157
-77.131
-76.78
-76.806
-76.646
-76.6
-76.382
-76.282
-76.26
-76.206
-76.302
-76.406
-76.541
-76.346
-76.4
-76.721
-76.468
-76.509
-76.662
-76.496
-76.474
-76.658
-76.904
-76.831
-76.84
-77.059
-76.861
-77.06
-76.963
-76.987
-77.434
-77.472
-77.36
-77.334
-77.244
-77.262
-77.542
-77.615
-77.542
-77.837
-77.937
-77.835
-78.232
-78.171
-78.001
-78.042
-77.66
-77.552
-77.937
-77.826
-78.148
-77.806
-77.796
-77.667
-77.764
-77.658
-77.723
-77.75
-77.761
-77.915
-77.694
-77.471
-77.508
-77.547
-77.524
-77.528
-77.519
-77.501
-77.674
-77.57
-77.628
-77.638
-77.315
-77.144
-77.133
-77.057
-76.633
-76.277
-75.881
-75.371
-74.972
-74.577
-74.545
-74.539
-74.317
-74.072
-73.805
-73.537
-73.558
-73.173
-72.997
-72.716
-72.338
-72.228
-72.273
-71.935
-71.723
-71.687
-71.651
-71.706
-71.603
-71.473
-71.4
-71.382
-71.19
-71.189
-71.328
-71.108
-70.906
-70.798
-70.898
-70.778
-71.03
-71.128
-70.841
-70.667
-71.001
-71.115
-70.833
-70.559
-70.853
-71.151
-71.092
-70.948
-70.78
-70.848
-70.887
-70.611
-70.581
-70.729
-70.738
-70.682
-70.546
-70.763
-70.87
-70.808
-70.959
-71.067
-71.081
-70.826
-70.789
-70.884
-70.641
-70.402
-70.604
-70.723
-70.555
-70.421
-70.288
-70.415
-70.433
-70.517
-70.537
-70.288
-70.314
-70.399
-70.224
-70.517
-70.496
-70.743
-70.827
-70.97
-71.145
-71.464
-71.688
-71.576
-71.649
-71.831
-72.13
-72.045
-72.091
-71.946
-72.084
-72.086
-71.826
-71.637
-71.681
-71.816
-71.867
-71.866
-71.996
-72.008
-71.816
-71.664
-71.83
-71.802
-71.632
-71.717
-71.535
-71.723
-71.818
-72.191
-72.092
-72.03
-72.086
-72.193
-72.471
-72.373
-72.408
-72.629
-72.597
-73.72
-74.785
-76.053
-77.087
-78.074
-78.78
-79.195
-79.612
-79.77
-79.836
-79.835
-79.911
-80.047
-79.988
-80.102
-80.152
-80.124
-79.972
-79.975
-79.887
-79.943
-79.976
-79.843
-79.921
-79.768
-79.963
-79.791
-79.86
-80.206
-80.146
-80.235
-80.234
-80.129
-80.161
-80.167
-80.215
-79.954
-79.567
-79.222
-79.309
-79.401
-79.325
-79.112
-79.029
-78.817
-78.872
-79.04
-79.311
-79.099
-78.965
-78.851
-78.897
-79.135
-79.207
-78.958
-79.174
-78.702
-78.579
-78.578
-78.581
-78.408
-78.63
-78.75
-78.559
-78.094
-78.071
-78.087
-78.096
-78.245
-78.357
-78.078
-78.083
-78.032
-77.887
-77.489
-77.542
-77.598
-77.706
-77.708
-77.586
-77.506
-77.707
-77.684
-77.543
-77.78
-78.155
-78.261
-78.092
-78.128
-78.115
-78.251
-78.518
-78.605
-78.566
-78.396
-78.52
-78.567
-78.934
-79.044
-78.997
-79.195
-78.947
-78.989
-78.944
-79.07
-78.952
-79.194
-79.174
-79.178
-79.616
-79.471
-79.686
-79.423
-79.379
-79.476
-79.467
-79.26
-79.348
-79.575
-79.55
-79.603
-79.583
-79.78
-79.63
-79.673
-79.764
-79.969
-79.963
-79.938
-79.879
-79.709
-79.483
-79.635
-79.541
-79.798
-79.79
-79.55
-79.568
-79.554
-79.637
-79.438
-79.432
-79.638
-79.474
-79.425
-79.38
-79.222
-79.017
-79.312
-79.47
-79.603
-79.488
-79.6
-79.474
-79.471
-79.663
-79.8
-79.579
-79.752
-79.872
-80.143
-80.111
-80.258
-80.057
-80.296
-80.225
-80.182
-80.048
-79.951
-79.908
-79.636
-79.677
-80.164
-79.992
-79.881
-79.901
-79.617
-79.84
-79.884
-79.958
-80.162
-79.953
-80.173
-80.258
-80.139
-80.101
-79.918
-80.025
-79.791
-79.825
-79.737
-79.923
-79.972
-80.07
-80.14
-80.287
-80.167
-80.244
-80.298
-80.443
-80.343
-80.286
-80.21
-79.995
-80.1
-80.01
-80.065
-79.77
-79.592
-79.833
-79.923
-80.261
-80.124
-80.076
-79.783
-79.654
-79.518
-79.312
-79.07
-79.013
-79.159
-79.077
-79.576
-79.68
-79.423
-79.337
-79.207
-78.994
-78.888
-78.895
-78.756
-78.948
-78.951
-79.077
-79.142
-79.332
-79.36
-79.244
-79.654
-79.368
-79.213
-79.165
-79.655
-79.518
-79.594
-79.533
-79.432
-79.325
-79.275
-79.305
-79.462
-79.217
-79.37
-79.077
-79.144
-79.117
-79.139
-79.217
-79.384
-79.284
-79.603
-79.271
-79.231
-79.346
-79.555
-79.6
-79.6
-79.375
-78.932
-78.922
-78.471
-78.347
-78.162
-77.629
-77.17
-76.982
-76.632
-76.347
-76.337
-76.339
-76.228
-76.202
-76.237
-76.003
-76.015
-76.055
-75.983
-75.747
-75.592
-75.527
-75.541
-75.546
-75.297
-75.457
-75.703
-75.535
-75.696
-76.042
-76.254
-76.248
-76.38
-76.311
-76.079
-75.912
-76.057
-75.934
-76.082
-76.307
-76.419
-76.547
-76.726
-76.948
-76.692
-77.048
-76.679
-76.53
-76.539
-76.609
-76.741
-76.606
-76.46
-76.333
-76.198
-76.234
-76.351
-76.305
-76.16
-75.855
-76.14
-76.024
-76.075
-76.043
-76.078
-76.189
-76.084
-75.816
-75.916
-76.121
-76.183
-76.31
-76.474
-76.487
-76.772
-76.737
-76.884
-77.086
-77.469
-77.409
-77.785
-77.782
-77.84
-78.128
-78.353
-78.485
-78.086
-78.053
-78.243
-78.087
-78.061
-77.908
-78.112
-77.842
-77.727
-77.669
-77.447
-77.584
-77.676
-78.024
-78.512
-78.78
-78.829
-79.138
-79.583
-79.468
-79.623
-79.683
-79.868
-79.879
-79.841
-79.859
-79.927
-79.917
-80.241
-80.214
-79.934
-79.948
-79.899
-80.195
-80.205
-80.084
-80.205
-80.252
-80.163
-79.825
-79.998
-79.911
-79.873
-79.792
-79.905
-79.92
-79.931
-79.71
-79.886
-79.94
-79.813
-79.885
-79.97
-80.046
-80.057
-80.277
-80.247
-80.219
-80.334
-80.155
-79.955
-80.272
-80.141
-80.202
-80.134
-80.067
-79.903
-79.889
-80.025
-80.22
-80.22
-80.172
-80.029
-80.245
-80.166
-80.161
-79.947
-80.161
-80.531
-80.29
-80.124
-80.059
-80.007
-79.65
-79.82
-80.071
-79.976
-79.94
-79.965
-79.964
-80.165
-80.28
-80.036
-80.148
-80.153
-80.004
-80.145
-80.121
-80.125
-80.043
-80.026
-79.981
-79.987
-80.049
-80.072
-79.805
-79.535
-79.734
-79.828
-80.125
-80.125
-79.88
-79.723
-79.927
-79.832
-80.049
-80.298
-80.108
-79.74
-79.808
-79.761
-79.895
-79.939
-80.054
-79.97
-79.792
-79.833
-79.934
-80.075
-80.201
-80.493
-80.449
-80.365
-80.224
-80.329
-80.288
-80.249
-79.939
-80.107
-79.732
-79.367
-79.355
-79.697
-79.619
-79.74
-79.709
-79.771
-79.928
-79.633
-79.806
-79.839
-79.732
-79.931
-79.954
-79.84
-80.132
-80.144
-80.189
-79.809
-79.916
-79.876
-80.061
-80.174
-80.33
-80.193
-80.304
-80.541
-80.652
-80.55
-80.812
-80.782
-80.755
-80.804
-80.628
-80.597
-80.795
-80.523
-80.558
-80.687
-80.564
-80.533
-80.559
-80.724
-80.498
-80.24
-80.356
-80.341
-79.729
-79.899
-79.85
-79.701
-79.444
-79.712
-79.736
-79.487
-79.558
-79.747
-79.871
-79.817
-79.828
-79.807
-79.868
-79.844
-79.787
-79.609
-79.827
-79.892
-79.873
-80.003
-80.002
-80.097
-79.986
-79.873
-79.779
-79.826
-79.679
-79.476
-79.551
-79.548
-79.706
-79.854
-79.998
-79.502
-79.329
-79.453
-79.272
-79.227
-79.122
-79.077
-79.243
-78.997
-78.876
-79.24
-79.367
-79.31
-79.303
-79.014
-79.201
-79.324
-79.138
-79.129
-79.19
-79.288
-79.439
-79.269
-79.176
-79.45
-79.43
-79.373
-79.463
-79.469
-79.298
-79.483
-79.395
-79.67
-79.444
-79.318
-79.381
-79.52
-79.305
-79.205
-79.35
-79.463
-79.733
-79.784
-79.875
-79.886
-79.627
-79.691
-79.888
-79.939
-79.923
-80.033
-80.179
-80.038
-79.978
-79.945
-79.95
-80.143
-80.219
-80.068
-80.068
-80.351
-80.653
-80.436
-80.304
-80.328
-80.299
-80.323
-80.289
-80.394
-80.275
-80.21
-80.06
-80.189
-80.296
-80.215
-80.214
-80.449
-80.277
-80.453
-80.649
-80.893
-81.014
-80.876
-80.959
-80.719
-80.653
-80.617
-80.824
-80.834
-80.88
-80.918
-80.65
-80.575
-80.414
-80.263
-80.025
-80.038
-80.205
-80.159
-80.35
-80.481
-80.657
-80.725
-80.754
-80.839
-80.71
-80.553
-80.564
-80.53
-80.454
-80.509
-80.447
-80.422
-80.379
-80.281
-80.417
-80.281
-80.485
-80.41
-80.662
-80.634
-80.549
-80.65
-80.632
-80.779
-80.853
-80.688
-80.82
-80.909
-80.789
-80.481
-80.353
-80.134
-80.091
-80.103
-80.042
-79.811
-79.78
-79.633
-79.33
-79.175
-79.21
-78.885
-79.047
-78.839
-79.034
-79.042
-79.098
-78.983
-79.032
-79.123
-79.061
-79.061
-79.086
-78.936
-79.08
-79.007
-78.937
-79.017
-79.196
-79.288
-79.049
-79.107
-79.277
-79.376
-79.638
-79.728
-79.934
-80.074
-80.47
-80.762
-80.672
-80.778
-80.792
-80.976
-80.901
-80.909
-80.948
-81.119
-81.042
-80.86
-80.716
-80.658
-80.482
-80.685
-80.672
-80.44
-80.452
-80.469
-80.65
-80.571
-80.804
-80.572
