-73.808
-73.916
-73.988
-73.88
-73.945
-73.991
-73.841
-73.631
-73.608
-73.753
-73.675
-73.888
-73.508
-73.461
-73.345
-73.754
-73.811
-73.623
-73.579
-73.406
-73.223
-73.133
-72.955
-73.022
-73.001
-72.941
-72.995
-73.096
-72.956
-72.965
-72.992
-72.961
-72.749
-72.809
-72.855
-72.834
-73.036
-72.998
-73.034
-72.913
-72.68
-72.416
-72.435
-72.502
-72.59
-72.52
-72.626
-72.512
-72.899
-72.758
-72.666
-72.448
-72.251
-72.62
-72.713
-72.478
-72.499
-72.769
-72.683
-72.668
-72.82
-72.635
-72.475
-72.361
-72.276
-72.056
-72.107
-72.378
-72.541
-72.455
-72.5
-72.452
-72.322
-72.564
-72.689
-72.88
-73.136
-73.485
-73.305
-73.147
-72.917
-73.064
-73.144
-73.054
-73.07
-72.952
-73.113
-73.589
-73.53
-73.735
-73.706
-73.943
-73.678
-73.165
-73.224
-73.135
-73.263
-73.386
-73.428
-73.254
-72.955
-72.799
-72.815
-72.906
-73.036
-73.204
-73.246
-73.747
-73.447
-73.606
-73.276
-73.229
-73.007
-72.672
-72.781
-72.913
-73.011
-73.27
-73.161
-73.266
-73.434
-73.211
-72.947
-73.191
-73.288
-73.536
-73.594
-73.673
-73.598
-73.429
-73.228
-73.299
-73.228
-73.059
-73.113
-73.322
-73.426
-73.48
-73.376
-73.49
-73.508
-73.784
-73.935
-73.993
-73.813
-73.82
-73.724
-74.044
-74.152
-74.157
-74.215
-74.264
-74.51
-74.448
-74.369
-74.902
-74.957
-74.61
-74.511
-74.486
-74.123
-74.347
-74.178
-74.179
-74.228
-74.351
-74.097
-74.361
-74.385
-74.326
-74.215
-74.293
-73.972
-73.853
-73.564
-73.607
-73.525
-73.248
-73.222
-73.279
-73.144
-73.243
-73.148
-73.135
-73.226
-73.077
-72.976
-72.994
-73.28
-73.03
-72.888
-73.232
-73.183
-72.908
-72.356
-72.396
-72.451
-72.343
-72.544
-72.639
-72.656
-72.927
-72.784
-72.887
-72.635
-72.555
-72.311
-72.167
-72.322
-72.193
-72.254
-72.203
-72.454
-72.114
-72.264
-72.083
-71.997
-72.055
-72.143
-71.983
-71.861
-71.848
-71.917
-71.727
-71.88
-71.768
-71.865
-71.847
-71.742
-71.879
-71.941
-71.941
-71.807
-71.701
-71.577
-71.622
-71.521
-71.456
-71.586
-71.865
-71.709
-71.693
-71.404
-71.42
-71.544
-71.626
-71.705
-71.763
-71.712
-72.004
-71.65
-71.622
-71.932
-72.188
-72.18
-72.175
-72.171
-72.351
-72.419
-72.51
-72.405
-72.823
-72.757
-72.45
-72.572
-72.491
-72.604
-72.554
-72.734
-72.206
-71.953
-71.59
-71.491
-70.998
-70.627
-70.173
-70.163
-69.934
-69.779
-69.484
-69.244
-69.189
-69.049
-69.032
-68.989
-68.932
-68.848
-68.5
-68.381
-68.026
-67.613
-67.326
-67.006
-66.684
-66.561
-66.285
-65.532
-65.172
-64.704
-64.126
-63.823
-63.525
-62.962
-62.962
-62.773
-62.212
-61.9
-63.736
-67.4
-70.828
-73.371
-75.173
-76.993
-78.257
-79.094
-79.373
-79.62
-79.656
-79.753
-79.756
-79.906
-79.972
-79.97
-79.873
-79.786
-79.617
-79.644
-79.712
-79.831
-79.885
-80.021
-79.964
-80.115
-79.976
-79.839
-79.873
-79.885
-79.958
-79.974
-79.774
-79.937
-79.689
-79.947
-79.888
-79.654
-79.647
-79.813
-79.877
-79.815
-80.069
-79.925
-80.08
-80.119
-80.055
-79.809
-79.908
-79.88
-79.706
-79.618
-79.802
-79.806
-79.792
-79.993
-80.027
-80.175
-80.201
-79.977
-79.941
-79.797
-79.803
-79.99
-79.923
-79.828
-80.017
-79.933
-79.786
-79.893
-79.918
-79.931
-79.924
-79.727
-79.985
-80.124
-80.093
-80.035
-80.128
-80.159
-80.148
-80.181
-80.139
-80.173
-80.216
-80.148
-79.95
-80.126
-80.425
-80.309
-79.882
-80.069
-80.027
-80.179
-80.146
-79.989
-80.049
-79.755
-80.117
-79.91
-79.863
-80.092
-80.077
-80.114
-79.89
-80.076
-79.964
-79.946
-79.97
-80.068
-80.33
-80.271
-80.126
-79.767
-79.775
-80.039
-80.074
-80.199
-80.223
-80.08
-80.17
-79.977
-79.882
-79.909
-79.987
-79.982
-79.792
-79.837
-80.083
-79.921
-79.988
-79.934
-79.903
-80.104
-80.042
-80.022
-79.985
-80.124
-79.884
-79.996
-80.074
-79.891
-80.056
-79.923
-80.233
-80.204
-79.935
-79.936
-79.68
-79.749
-79.232
-79.236
-79.298
-79.041
-79.19
-79.271
-79.285
-79.198
-79.25
-79.286
-79.092
-79.144
-79.238
-79.332
-79.382
-79.207
-79.173
-79.402
-79.423
-79.55
-79.752
-79.807
-79.517
-79.57
-79.931
-79.827
-79.665
-79.835
-79.623
-79.635
-79.877
-79.921
-79.977
-79.931
-79.955
-79.769
-79.787
-79.757
-79.822
-79.786
-79.696
-79.676
-79.698
-79.734
-79.803
-79.956
-80.02
-79.824
-80.03
-80.058
-80.051
-80.127
-80.189
-80.36
-80.279
-80.01
-79.754
-79.615
-79.626
-79.551
-79.621
-79.806
-79.803
-80.02
-79.962
-80.168
-80.075
-80.071
-80.075
-80.173
-80.13
-80.309
-80.166
-79.877
-79.734
-79.835
-79.993
-79.784
-80.194
-79.856
-79.841
-79.746
-79.912
-79.978
-79.808
-79.843
-79.968
-79.916
-80.11
-80.07
-80.135
-80.239
-80.142
-80.009
-79.765
-79.749
-79.857
-79.612
-79.455
-79.749
-79.886
-79.992
-79.843
-79.729
-79.778
-79.89
-79.835
-79.8
-79.923
-79.837
-80.089
-80.175
-80.382
-80.43
-80.14
-80.16
-80.258
-80.353
-80.194
-80.228
-80.429
-80.192
-80.15
-80.168
-80.055
-80.224
-80.026
-79.839
-80.014
-79.848
-79.908
-80.39
-80.111
-79.964
-79.936
-79.944
-79.782
-79.634
-79.51
-79.207
-79.234
-78.976
-78.829
-78.986
-78.96
-78.861
-79.127
-79.399
-79.341
-79.258
-79.086
-79.101
-79.176
-79.35
-79.375
-79.436
-79.465
-79.847
-79.68
-79.506
-79.312
-79.262
-79.261
-79.217
-79.433
-79.499
-79.451
-79.573
-79.78
-79.82
-79.563
-79.627
-79.58
-79.409
-79.74
-79.58
-79.65
-79.72
-79.671
-79.663
-79.385
-79.335
-79.327
-79.382
-79.574
-79.694
-79.765
-79.707
-79.767
-79.806
-79.766
-79.624
-79.723
-79.769
-79.825
-79.769
-79.705
-79.585
-79.584
-79.585
-79.939
-79.833
-79.688
-79.606
-79.454
-79.712
-79.477
-79.562
-79.602
-79.406
-79.409
-79.682
-79.838
-80.012
-80.16
-80.373
-80.394
-80.225
-80.221
-80.019
-80.034
-79.999
-80.153
-80.125
-80.017
-80.008
-79.878
-79.722
-80.001
-80.152
-80.108
-80.352
-80.31
-80.314
-80.423
-80.163
-80.099
-80.437
-80.529
-80.533
-80.601
-80.547
-80.402
-80.032
-79.951
-80.071
-79.785
-79.684
-79.715
-79.564
-79.505
-79.548
-79.329
-79.253
-79.613
-79.732
-79.622
-79.702
-79.96
-79.975
-79.984
-80.349
-80.162
-80.1
-80.033
-79.972
-79.983
-80.322
-80.291
-80.315
-80.117
-80.193
-80.049
-80.008
-79.988
-79.942
-79.851
-79.952
-79.85
-79.656
-79.358
-79.455
-79.554
-79.601
-79.785
-79.994
-80.037
-80.108
-80.204
-80.119
-79.811
-79.898
-79.813
-79.862
-79.669
-79.639
-79.739
-79.431
-79.528
-79.136
-79.302
-79.454
-79.693
-79.326
-79.392
-79.788
-79.845
-79.989
-80.031
-80.17
-80.092
-79.683
-79.97
-79.71
-79.588
-79.683
-79.825
-79.843
-80.022
-79.763
-79.829
-79.81
-79.622
-79.579
-79.528
-79.67
-79.721
-79.647
-79.545
-79.595
-79.523
-79.309
-79.384
-79.257
-79.071
-79.286
-79.313
-79.411
-79.539
-79.451
-79.259
-79.259
-79.438
-79.737
-79.844
-80.263
-80.202
-80.084
-80.336
-80.102
-80.203
-80.336
-80.18
-80.19
-80.146
-80.077
-80.281
-80.13
-80.326
-80.166
-80.176
-80.064
-80.103
-79.963
-79.988
-80.027
-80.108
-80.085
-79.796
-79.743
-79.894
-79.671
-79.48
-79.468
-79.765
-79.612
-79.577
-79.44
-79.599
-79.615
-79.69
-79.949
-80.169
-79.877
-79.826
-79.759
-80.024
-80.155
-80.194
-80.132
-80.307
-80.155
-80.182
-79.989
-80.3
-80.35
-80.265
-80.254
-80.398
-80.41
-80.39
-80.358
-79.924
-79.827
-80.044
-80.116
-80.173
-80.032
-79.837
-79.882
-80.142
-79.895
-79.841
-79.985
-79.952
-80.004
-79.812
-79.86
-79.748
-79.797
-79.777
-79.668
-79.832
-79.928
-79.415
-79.319
-79.344
-79.454
-79.235
-79.385
-79.167
-79.386
-79.203
-79.505
-79.478
-79.845
-79.647
-79.577
-79.815
-79.799
-80.11
-80.07
-80.215
-80.07
-80.037
-79.698
-79.628
-79.33
-79.687
-79.812
-79.874
-79.927
-79.981
-79.753
-80.012
-80.428
-80.163
-80.041
-80.088
-80.216
-80.156
-79.942
-80.088
-80.265
-80.323
-80.444
-80.417
-80.324
-80.107
-79.937
-80.102
-79.869
-79.8
-79.805
-80.104
-80.142
-80.051
-79.775
-79.617
-79.878
-79.712
-79.986
-79.854
-79.902
-80.006
-79.843
-79.676
-79.822
-80.147
-80.308
-80.382
-80.325
-80.254
-80.277
-80.365
-80.204
-80.017
-79.976
-80.041
-79.912
-79.991
-80.121
-79.997
-80.117
-80.121
-80.135
-80.333
-80.446
-80.239
-80.172
-80.177
-80.425
-80.386
-80.559
-80.546
-80.545
-80.371
-80.533
-80.745
-80.617
-80.55
-80.525
-80.716
-80.668
-80.878
-81.074
-80.998
-80.924
-80.988
-80.772
-80.652
-80.502
-80.805
-80.537
-80.431
-80.438
-80.421
-80.292
-80.02
-79.945
-80.001
-79.866
-80.042
-80.306
