-81.447
-81.411
-81.565
-81.747
-81.648
-81.483
-81.248
-81.358
-81.425
-81.359
-81.604
-81.675
-81.675
-81.472
-81.253
-81.3
-81.208
-80.953
-80.88
-80.861
-80.682
-80.501
-80.43
-80.238
-79.813
-79.92
-80.058
-80.165
-80.354
-80.418
-80.46
-80.635
-80.701
-80.525
-80.488
-80.361
-80.419
-80.511
-80.731
-80.769
-80.848
-80.897
-80.984
-80.888
-80.575
-80.672
-80.699
-80.622
-80.399
-80.236
-80.131
-80.269
-80.49
-80.764
-80.403
-80.389
-80.561
-80.825
-80.845
-80.504
-80.635
-80.792
-80.602
-80.868
-80.552
-80.407
-80.638
-80.358
-80.076
-79.939
-80.318
-80.456
-80.581
-80.636
-80.545
-80.744
-80.609
-80.687
-80.559
-80.578
-80.591
-80.49
-80.493
-80.365
-80.234
-79.952
-79.747
-79.694
-79.544
-79.703
-79.952
-80.031
-79.988
-80.221
-80.094
-79.87
-80.328
-80.327
-80.464
-80.432
-80.619
-80.38
-80.55
-80.194
-80.091
-80.442
-80.282
-80.323
-80.202
-79.702
-79.811
-79.765
-79.762
-79.827
-79.707
-79.687
-79.966
-79.92
-79.847
-79.709
-79.906
-79.658
-79.619
-79.713
-79.484
-79.436
-79.417
-79.15
-78.868
-78.652
-78.656
-78.636
-78.561
-78.41
-78.213
-78.535
-78.604
-78.863
-78.665
-78.643
-78.187
-78.148
-78.007
-77.847
-78.045
-77.854
-77.974
-77.895
-77.67
-77.463
-77.803
-77.794
-77.599
-77.501
-77.482
-77.59
-77.459
-77.53
-77.348
-77.468
-77.673
-77.576
-77.746
-77.847
-77.666
-77.516
-77.612
-77.605
-77.572
-77.446
-77.316
-77.642
-77.874
-77.642
-77.327
-77.192
-77.17
-77.331
-77.497
-77.41
-77.238
-77.243
-77.399
-77.85
-77.776
-78.011
-78.115
-78.041
-77.976
-77.782
-77.865
-77.653
-77.763
-77.89
-77.845
-77.698
-77.375
-77.241
-77.389
-77.455
-77.607
-77.653
-77.493
-77.444
-77.502
-77.61
-77.729
-77.863
-77.832
-77.567
-77.389
-77.303
-77.457
-77.367
-77.133
-76.831
-76.989
-76.906
-76.81
-76.908
-76.645
-76.767
-76.718
-76.686
-76.758
-76.639
-76.547
-76.43
-76.32
-76.002
-76.237
-76.463
-76.432
-76.32
-76.464
-76.55
-76.558
-76.672
-76.59
-76.634
-76.608
-76.713
-76.67
-76.603
-76.696
-76.66
-76.832
-76.881
-76.842
-76.617
-76.316
-76.297
-75.709
-75.428
-75.119
-74.793
-74.696
-74.479
-74.227
-73.751
-73.829
-73.599
-73.291
-73.123
-72.964
-72.464
-72.533
-72.32
-72.296
-72.106
-71.843
-71.729
-71.666
-71.685
-71.694
-71.373
-71.506
-71.404
-71.48
-71.56
-71.457
-71.449
-71.527
-71.318
-71.268
-71.162
-70.945
-70.997
-70.78
-70.43
-69.977
-69.774
-69.42
-69.22
-69.168
-68.578
-68.68
-68.539
-68.246
-67.93
-67.899
-67.827
-67.688
-67.623
-67.438
-67.183
-67.05
-66.727
-66.529
-66.391
-66.206
-65.97
-65.747
-65.893
-65.999
-66.057
-66.082
-65.988
-66.031
-66.371
-66.183
-66.244
-66.068
-65.777
-65.675
-65.523
-65.386
-65.183
-64.876
-64.527
-64.387
-64.058
-63.723
-63.612
-63.597
-63.463
-63.372
-63
-62.633
-62.472
-62.425
-62.267
-62.128
-62.158
-62.15
-61.806
-61.505
-61.229
-60.966
-60.738
-60.34
-59.726
-59.417
-59.358
-58.975
-58.923
-58.75
-58.647
-58.371
-57.957
-57.295
-56.817
-56.376
-56.401
-56.084
-55.516
-55.279
-54.443
-53.947
-53.16
-52.069
-50.556
-48.147
-45
-45
-45
-45
-45
-45
-45
-45
-45
-45
-45
-45
-45
-45
-49.144
-56.169
-61.551
-65.394
-68.225
-69.81
-71.151
-72.274
-72.593
-72.96
-73.304
-73.508
-73.781
-74.181
-74.061
-74.096
-74.398
-74.566
-74.749
-74.964
-75.099
-75.28
-75.17
-74.831
-74.644
-74.784
-75.068
-75.235
-75.156
-75.057
-75.272
-75.342
-75.161
-75.131
-75.251
-75.125
-74.934
-74.645
-73.999
-73.762
-73.443
-73.306
-73.071
-73.061
-72.887
-72.594
-72.11
-72.02
-71.916
-71.728
-71.845
-71.829
-71.468
-71.566
-71.578
-71.908
-72.219
-72.208
-72.321
-72.151
-72.409
-72.389
-72.488
-72.172
-72.158
-72.25
-72.434
-72.348
-72.342
-72.317
-72.263
-72.282
-72.167
-71.961
-71.761
-71.882
-71.732
-71.846
-71.754
-71.754
-71.841
-71.764
-72.027
-72.017
-71.829
-71.58
-71.626
-71.899
-71.938
-72.016
-72.064
-72.075
-71.957
-71.553
-71.455
-71.208
-70.909
-70.715
-70.512
-70.244
-70.117
-69.983
-69.771
-69.434
-69.332
-69.271
-68.811
-68.562
-68.104
-68.137
-67.827
-67.731
-67.76
-67.7
-67.681
-67.284
-67.272
-67.306
-67.264
-67.107
-66.919
-67.06
-67.519
-67.61
-67.639
-67.575
-67.736
-67.819
-67.872
-67.576
-67.699
-67.654
-67.573
-67.758
-67.823
-67.743
-67.984
-67.803
-67.711
-67.788
-67.673
-67.632
-67.376
-67.064
-66.774
-66.559
-66.316
-66.146
-66.096
-65.832
-65.575
-65.083
-64.753
-64.374
-63.969
-63.431
-62.71
-62.11
-61.467
-61.009
-60.745
-60.201
-60.11
-59.267
-58.748
-58.405
-57.957
-57.494
-57.188
-56.924
-56.647
-56.191
-55.863
-55.25
-54.729
-54.084
-53.49
-52.589
-51.23
-49.353
-45.643
-45
-45
-45
-45
-45
-45
-45
-45
-45
-45
-45
-45
-45
-45.685
-52.869
-59.095
-63.69
-66.629
-68.78
-70.322
-71.545
-72.215
-72.783
-72.979
-73.354
-73.766
-73.893
-74.427
-74.525
-74.637
-74.803
-74.908
-74.566
-74.449
-74.091
-74.152
-74.102
-74.191
-74.226
-74.381
-74.548
-74.995
-74.766
-75.038
-74.945
-74.675
-74.394
-73.888
-73.634
-73.39
-72.904
-72.438
-72.319
-72.273
-72.118
-71.77
-71.65
-71.456
