-77.492
-77.96
-78.168
-78.359
-78.268
-78.38
-78.169
-78.203
-78.12
-78.127
-77.816
-77.65
-77.904
-77.939
-77.97
-78.127
-78.343
-78.173
-78.137
-78.179
-78.157
-78.241
-78.437
-78.406
-78.341
-78.466
-78.508
-78.498
-78.431
-78.023
-77.91
-77.801
-77.826
-77.595
-77.255
-77.498
-77.565
-77.631
-77.988
-78
-78.098
-78.042
-77.908
-77.889
-77.919
-77.932
-77.902
-77.828
-77.596
-77.424
-77.497
-77.736
-77.581
-77.516
-77.643
-77.486
-76.937
-76.377
-76.252
-76.178
-75.781
-75.667
-75.542
-75.05
-74.734
-74.683
-74.341
-74.114
-73.678
-73.288
-72.893
-73.077
-73.126
-72.9
-72.794
-72.732
-72.61
-72.726
-72.555
-72.373
-72.49
-72.114
-71.655
-71.665
-71.615
-71.701
-71.681
-71.63
-71.525
-71.394
-71.42
-71.515
-71.454
-71.201
-71.305
-71.089
-71.276
-71.34
-71.148
-71.123
-71.31
-71.214
-70.993
-70.881
-70.963
-71.11
-71.087
-71.098
-70.76
-70.775
-70.99
-70.666
-70.445
-70.04
-69.842
-69.724
-69.28
-69.327
-69.308
-69.158
-69.006
-68.706
-68.323
-69.204
-71.233
-72.857
-74.619
-75.828
-76.775
-77.582
-77.957
-78.185
-78.708
-79.005
-79.231
-79.265
-79.381
-79.315
-79.326
-79.494
-79.635
-79.787
-79.747
-79.796
-80.004
-80.176
-79.913
-79.885
-80.25
-80.277
-80.303
-80.004
-79.987
-80.019
-80.125
-79.957
-79.94
-80.118
-80.139
-80.186
-80.22
-80.277
-80.063
-80.142
-80.362
-80.401
-80.248
-79.744
-79.505
-79.331
-79.303
-79.377
-79.203
-78.989
-79.251
-79.348
-79.147
-79.395
-79.23
-79.507
-79.707
-79.581
-79.433
-79.644
-79.583
-79.613
-79.599
-79.722
-79.605
-79.477
-79.436
-79.386
-79.758
-79.65
-79.542
-79.461
-79.364
-79.342
-79.16
-79.144
-79.091
-78.952
-78.735
-78.732
-78.549
-78.445
-78.583
-78.721
-78.593
-78.642
-78.525
-78.527
-78.49
-78.641
-78.72
-78.796
-78.756
-78.882
-78.876
-79.04
-79.123
-79.111
-79.149
-78.991
-79.188
-79.161
-79.16
-79.215
-79.17
-79.125
-79.159
-78.994
-78.73
-78.71
-78.423
-78.135
-78.207
-78.256
-78.349
-78.362
-78.349
-78.35
-78.58
-78.743
-78.704
-78.625
-78.439
-78.67
-78.799
-78.917
-78.828
-78.917
-79.008
-79.142
-78.845
-78.654
-78.732
-78.516
-78.437
-78.55
-78.98
-79.023
-79.353
-79.43
-79.256
-79.191
-79.103
-79.186
-79.287
-79.472
-79.088
-79.052
-79.438
-79.589
-79.989
-79.979
-79.856
-80.094
-80.169
-80.223
-80.093
-80.014
-79.892
-79.806
-79.85
-79.82
-79.748
-79.905
-79.949
-79.806
-79.637
-79.335
-79.437
-79.572
-79.728
-79.77
-79.873
-79.701
-79.811
-79.655
-79.624
-79.28
-79.095
-78.976
-79.001
-78.756
-78.511
-78.322
-78.303
-78.006
-78.053
-77.92
-77.945
-77.99
-77.887
-77.625
-77.574
-77.221
-77.302
-76.896
-76.653
-76.552
-76.349
-76.158
-76.145
-76.278
-76.101
-75.99
-76.048
-76.21
-76.434
-77.193
-77.709
-77.993
-78.417
-78.562
-78.694
-78.861
-78.609
-78.844
-78.858
-78.879
-78.953
-79.009
-79.089
-79.26
-79.564
-79.66
-79.447
-79.32
-79.388
-79.162
-79.325
-79.26
-79.321
-79.186
-79.252
-79.345
-79.268
-79.365
-79.411
-79.31
-79.244
-79.171
-79.204
-79.519
-79.534
-79.678
-79.431
-79.477
-79.485
-79.208
-79.275
-78.999
-78.756
-78.716
-78.578
-78.178
-78.058
-77.95
-77.518
-77.567
-77.615
-77.615
-77.727
-77.7
-77.63
-77.642
-77.45
-77.744
-77.7
-77.78
-77.629
-77.624
-77.326
-77.152
-77.239
-77.405
-77.37
-77.429
-77.515
-77.504
-77.299
-77.36
-77.495
-77.75
-77.914
-78.154
-78.212
-78.308
-78.336
-78.212
-78.323
-78.585
-78.613
-78.555
-78.401
-78.398
-78.433
-78.633
-78.709
-78.693
-78.684
-78.804
-78.886
-79.164
-79.225
-79.31
-79.548
-79.621
-79.62
-79.763
-80.268
-80.011
-80.325
-80.223
-79.985
-79.693
-79.386
-79.045
-78.682
-78.343
-77.839
-77.611
-77.365
-77.223
-77.016
-77.041
-77.213
-77.16
-77.011
-76.868
-76.967
-77.046
-77.247
-77.371
-77.488
-77.579
-77.474
-77.489
-77.466
-77.586
-77.777
-77.826
-77.915
-77.922
-78.012
-78.147
-77.942
-78.17
-77.774
-78.173
-78.163
-78.193
-78.36
-78.454
-78.578
-78.447
-78.306
-77.853
-77.625
-77.351
-77.492
-77.383
-76.966
-76.676
-76.594
-76.637
-76.556
-75.896
-75.809
-75.941
-75.815
-75.796
-75.895
-76.069
-75.95
-76.292
-76.515
-76.643
-76.376
-75.75
-75.781
-75.612
-75.51
-75.676
-75.331
-75.089
-75.118
-75.204
-75.268
-75.512
-75.67
-75.661
-75.678
-75.608
-75.246
-75.017
-74.716
-74.368
-74.088
-73.959
-73.666
-73.547
-73.561
-73.443
-73.389
-73.287
-73.153
-73.175
-72.875
-72.969
-72.83
-72.613
-72.769
-72.915
-73.122
-73.133
-73.421
-73.524
-73.57
-73.666
-73.81
-73.942
-74.027
-74.039
-74.305
-74.615
-74.803
-74.938
-74.913
-74.835
-74.87
-74.876
-75.104
-74.997
-75.008
-75.002
-75.135
-75
-75.051
-75.023
-75.242
-75.158
-75.117
-75.143
-75.023
-75.125
-75.221
-75.189
-75.052
-74.698
-74.279
-73.596
-72.981
-72.339
-71.671
-71.148
-70.728
-70.341
-69.858
-69.75
-69.452
-69.2
-69.166
-69.082
-69.077
-69.038
-68.715
-68.576
-68.683
-68.736
-68.762
-68.936
-68.758
-68.665
-68.249
-68.171
-67.932
-67.57
-67.055
-66.633
-66.321
-65.962
-65.88
-65.935
-65.848
-65.687
-65.839
-65.866
-65.604
-65.865
-65.915
-66.124
-66.189
-66.392
-66.387
-66.324
-66.434
-66.801
-66.834
-67.071
-67.198
-67.262
-67.682
-67.743
