-65.648
-65.425
-65.497
-65.656
-65.673
-65.631
-65.738
-65.957
-65.868
-65.881
-65.593
-65.456
-65.419
-65.167
-65.489
-65.035
-64.839
-64.842
-64.834
-64.931
-64.754
-64.812
-64.739
-64.81
-64.691
-64.37
-64.548
-64.333
-64.477
-64.387
-64.546
-64.246
-64.434
-64.303
-64.433
-64.221
-64.465
-64.264
-64.286
-64.278
-64.48
-64.383
-64.288
-64.262
-64.339
-64.487
-64.503
-64.204
-64.403
-64.302
-64.2
-64.155
-64.109
-64.258
-64.499
-64.602
-64.399
-64.533
-64.326
-64.221
-64.23
-64.14
-64.257
-63.921
-64.215
-64.046
-63.874
-64.075
-64.067
-64.132
-63.945
-63.922
-63.984
-63.927
-63.902
-63.674
-63.729
-63.643
-63.643
-63.675
-63.554
-63.494
-63.492
-63.388
-63.317
-63.6
-63.458
-63.454
-63.4
-63.331
-63.25
-63.108
-63.229
-63.43
-63.41
-63.657
-63.574
-63.78
-63.846
-63.81
-63.997
-64.025
-64.124
-64.124
-64.275
-64.615
-64.329
-64.463
-64.361
-64.774
-64.711
-64.599
-64.521
-64.483
-64.576
-64.884
-65.129
-65.199
-65.336
-65.386
-65.465
-65.556
-65.537
-65.516
-65.327
-65.537
-65.77
-65.618
-65.565
-65.691
-65.555
-65.369
-65.248
-65.338
-65.594
-65.786
-65.675
-65.695
-65.518
-65.364
-65.683
-65.628
-65.619
-65.639
-65.632
-65.516
-65.646
-65.594
-65.553
-65.487
-65.24
-65.507
-65.605
-65.466
-65.233
-65.133
-65.111
-65.057
-65.171
-65.23
-65.09
-65.067
-65.273
-64.887
-64.935
-65.059
-65.179
-65.001
-64.843
-65.086
-65.053
-64.581
-64.453
-64.367
-64.304
-63.787
-64.01
-63.84
-63.773
-63.895
-63.747
-63.768
-63.585
-63.894
-63.758
-63.75
-63.848
-63.751
-63.654
-63.53
-63.561
-63.622
-63.546
-63.152
-62.973
-62.998
-62.849
-62.83
-62.734
-62.512
-62.434
-62.588
-62.509
-62.304
-62.371
-62.45
-62.389
-62.242
-62.159
-62.027
-61.898
-61.622
-61.418
-61.217
-61.433
-60.998
-60.667
-61.065
-61.23
-61.291
-61.717
-61.678
-61.756
-61.862
-61.757
-61.915
-61.809
-61.674
-61.634
-61.755
-61.851
-61.679
-61.672
-61.6
-61.449
-61.432
-61.412
-61.494
-61.308
-61.286
-61.301
-61.442
-61.503
-61.678
-61.684
-61.595
-61.273
-61.318
-61.347
-61.663
-61.756
-62.035
-62.425
-62.362
-62.179
-62.056
-61.881
-61.885
-61.94
-61.757
-61.815
-61.73
-61.645
-61.438
-61.442
-61.618
-61.661
-61.565
-61.637
-61.68
-61.463
-61.501
-61.583
-61.406
-61.567
-61.667
-61.411
-61.514
-61.128
-61.114
-60.957
-60.887
-61.088
-61.027
-61.258
-61.506
-61.337
-61.346
-61.368
-61.492
-61.549
-61.805
-62
-61.773
-61.624
-61.579
-61.613
-61.85
-61.728
-61.552
-61.793
-61.923
-61.809
-61.898
-61.788
-61.612
-61.553
-61.577
-61.614
-61.693
-61.569
-61.497
-61.644
-61.741
-61.835
-61.488
-61.403
-61.354
-61.207
-61.314
-61.198
-61.277
-61.164
-61.281
-61.445
-61.305
-61.544
-61.24
-61.529
-61.581
-61.638
-61.72
-61.802
-62.138
-62.119
-62.397
-62.37
-62.273
-62.513
-62.654
-62.725
-62.734
-62.528
-62.596
-62.591
-62.513
-62.279
-62.555
-62.385
-62.566
-62.46
-62.652
-62.609
-62.685
-62.464
-62.553
-62.677
-62.59
-62.539
-62.606
-62.628
-62.578
-62.163
-62.116
-61.914
-61.607
-61.706
-61.468
-61.5
-61.735
-61.845
-61.631
-61.308
-60.941
-60.747
-60.701
-60.582
-60.614
-60.875
-61.102
-61.431
-61.358
-61.269
-61.377
-61.208
-61.302
-61.413
-61.366
-61.207
-61.117
-60.955
-60.878
-61.03
-60.786
-60.788
-60.687
-60.677
-60.514
-60.435
-61.013
-61.082
-61.221
-61.253
-61.146
-61.185
-61.15
-61.304
-61.591
-61.462
-61.682
-61.451
-61.298
-61.452
-61.274
-61.181
-61.405
-61.479
-61.647
-61.663
-61.811
-61.609
-61.834
-61.799
-61.681
-61.936
-61.997
-62.013
-61.964
-61.898
-61.701
-61.635
-61.486
-61.287
-61.383
-61.664
-61.605
-61.68
-61.512
-61.722
-61.712
-62.03
-62.059
-61.991
-61.846
-61.744
-62.169
-62.268
-62.026
-62.037
-62.489
-62.525
-62.637
-62.768
-62.704
-62.737
-62.643
-62.809
-62.767
-62.749
-62.68
-62.73
-62.679
-62.543
-62.742
-62.878
-62.944
-62.827
-62.817
-62.834
-62.806
-62.796
-62.721
-62.575
-62.551
-62.455
-62.784
-62.975
-63.35
-63.247
-63.184
-62.972
-62.783
-62.566
-62.239
-62.201
-62.123
-61.871
-61.45
-61.054
-60.919
-60.764
-60.586
-60.524
-60.258
-60.061
-59.734
-59.592
-59.598
-59.218
-59.454
-59.257
-59.053
-58.701
-58.516
-58.308
-57.944
-57.956
-57.665
-57.196
-57.314
-57.117
-57.247
-56.927
-56.817
-56.774
-56.408
-56.384
-56.336
-56.287
-56.16
-56.006
-55.745
-55.414
-54.977
-54.565
-54.059
-53.67
-52.883
-51.81
-50.431
-47.802
-45
-45
-45
-45
-45
-45
-45
-45
-45
-45
-45
-45
-45
-45
-50.053
-56.93
-62.029
-65.621
-67.941
-69.831
-71.074
-71.734
-72.61
-73.147
-73.336
-73.652
-73.832
-73.638
-73.79
-74.075
-74.261
-74.418
-74.637
-74.818
-75.042
-75.386
-75.498
-75.17
-75.014
-74.851
-74.755
-74.366
-74.176
-73.816
-73.254
-72.898
-72.262
-71.709
-70.738
-70.098
-69.16
-68.731
-68.075
-67.145
-66.508
-66.068
-65.68
-65.296
-64.989
-64.259
-63.844
-63.556
-63.018
-62.693
-62.698
-62.564
-62.445
-64.34
-67.395
-70.52
-73.151
-74.987
-76.537
-77.346
-77.897
-78.092
-78.454
-78.698
-78.801
-78.865
-78.898
-78.693
-78.495
-78.656
-78.816
-78.888
-78.851
-78.957
-78.937
-79.026
-79.182
-78.986
-78.959
-79.114
-79.133
