-73.982
-73.79
-73.607
-73.701
-73.497
-73.815
-73.764
-73.714
-73.59
-73.636
-73.507
-73.561
-73.531
-73.605
-73.669
-73.744
-73.65
-73.682
-73.469
-73.618
-73.541
-73.438
-73.329
-73.387
-73.329
-73.191
-73.08
-73.358
-73.419
-73.514
-73.538
-73.443
-73.318
-73.405
-73.222
-73.115
-73.31
-73.03
-73.154
-73.052
-73.071
-72.953
-73.201
-73.099
-73.099
-73.017
-73.164
-73.166
-73.094
-73.168
-73.066
-72.996
-73.089
-73.038
-72.898
-72.869
-73.215
-73.258
-73.037
-72.54
-72.295
-72.449
-72.276
-72.339
-72.519
-72.398
-72.51
-72.491
-72.514
-72.835
-72.663
-72.726
-72.706
-72.414
-72.431
-72.25
-72.192
-72.162
-72.138
-72.117
-72.166
-71.922
-72.173
-72.42
-72.25
-72.258
-72.186
-71.96
-71.937
-72.149
-72.137
-71.903
-72.013
-72.32
-72.551
-72.784
-73.109
-73.011
-73.217
-72.929
-72.946
-72.672
-72.675
-72.806
-72.522
-72.816
-73.134
-73.072
-73.012
-73.191
-73.083
-73.112
-73.019
-72.616
-72.459
-72.476
-72.464
-72.956
-72.929
-73.032
-73.054
-73.221
-73.226
-73.201
-73.075
-73.239
-73.206
-73.128
-72.774
-73.002
-73.185
-73.259
-73.313
-73.406
-73.646
-73.781
-73.822
-73.894
-73.92
-73.959
-73.642
-73.87
-73.975
-73.982
-74.141
-74.104
-74.154
-74.01
-74.103
-73.937
-73.631
-73.802
-73.94
-74.136
-74.165
-74.041
-74.045
-73.904
-73.995
-74.229
-74.175
-74.159
-73.975
-74.112
-74.051
-74.327
-74.147
-74.148
-74.003
-73.941
-73.822
-74.079
-74.232
-73.994
-73.953
-73.696
-73.553
-73.771
-73.485
-73.566
-73.639
-73.364
-73.347
-73.207
-73.315
-73.196
-73.396
-73.273
-73.387
-73.633
-73.747
-73.735
-73.646
-73.57
-73.464
-73.37
-73.335
-73.46
-73.35
-73.571
-73.626
-73.52
-73.449
-73.578
-73.609
-73.762
-73.754
-73.662
-73.663
-73.493
-73.558
-73.438
-73.437
-73.261
-73.055
-73.15
-73.043
-73.015
-72.937
-72.962
-73.075
-73.034
-73.218
-73.142
-72.988
-73.05
-73.226
-73.232
-73.112
-72.966
-72.506
-72.671
-72.51
-72.421
-72.441
-72.522
-72.438
-72.105
-72.049
-71.877
-71.683
-71.499
-71.288
-70.881
-70.789
-70.823
-70.443
-70.672
-70.702
-70.788
-70.817
-70.853
-70.893
-70.685
-70.673
-70.579
-70.581
-70.765
-70.803
-71.116
-71.31
-71.556
-71.47
-71.534
-71.498
-71.53
-71.817
-71.76
-71.784
-72.135
-72.162
-72.193
-72.02
-71.938
-71.992
-72.296
-72.343
-72.383
-72.352
-72.298
-72.307
-72.296
-72.029
-72.349
-72.527
-72.784
-72.712
-72.778
-72.778
-72.718
-72.795
-72.888
-72.908
-72.873
-73.01
-72.668
-72.64
-72.566
-72.375
-72.525
-72.663
-72.775
-72.496
-72.345
-72.306
-72.347
-72.376
-73.02
-72.969
-72.991
-72.93
-72.85
-72.802
-73.027
-72.668
-72.876
-73.02
-72.67
-72.779
-72.742
-72.851
-72.662
-72.482
-72.523
-72.471
-72.711
-72.966
-73.238
-72.921
-72.884
-72.621
-72.888
-72.777
-72.543
-72.591
-72.869
-72.918
-72.673
-72.488
-72.626
-72.451
-72.583
-72.606
-72.887
-72.926
-73.157
-73.261
-72.988
-73.154
-73.443
-73.183
-73.211
-73.19
-73.336
-73.35
-73.468
-73.507
-73.52
-73.207
-73.106
-73.225
-73.352
-73.323
-73.448
-73.35
-73.669
-73.624
-73.675
-73.833
-74.059
-73.995
-73.986
-74.03
-74.049
-73.799
-73.773
-73.484
-73.53
-73.44
-73.345
-73.291
-73.285
-73.13
-73.494
-73.373
-73.166
-73.23
-73.266
-73.264
-73.144
-73.213
-73.199
-73.201
-72.954
-73.163
-72.843
-72.75
-72.883
-73.102
-73.335
-73.224
-73.314
-73.44
-73.287
-73.114
-73.095
-72.947
-73.072
-72.644
-72.464
-72.294
-72.101
-72.086
-72.381
-72.23
-72.071
-72.038
-71.825
-71.905
-71.977
-72.235
-72.213
-72.377
-72.588
-72.772
-72.935
-72.757
-72.386
-72.581
-72.46
-72.413
-72.529
-73.076
-72.932
-72.917
-73.047
-73.157
-73.112
-73.119
-73.284
-73.134
-73.183
-73.362
-73.084
-72.979
-72.951
-72.618
-72.35
-72.482
-72.5
-72.466
-72.438
-72.051
-72.195
-72.615
-72.859
-73.078
-73.211
-73.345
-73.488
-73.797
-73.671
-73.838
-73.604
-73.632
-73.505
-73.762
-73.867
-73.684
-74.02
-74.437
-74.253
-74.774
-74.771
-74.977
-75.048
-75.002
-75.001
-74.945
-74.798
-74.505
-74.637
-74.537
-74.588
-74.515
-74.284
-74.315
-74.286
-74.262
-74.505
-74.553
-74.575
-74.426
-74.414
-74.482
-74.505
-74.181
-74.256
-73.919
-73.667
-73.473
-73.434
-73.473
-73.401
-73.647
-73.582
-73.197
-73.152
-73.22
-73.053
-72.937
-72.795
-72.928
-73.292
-73.369
-73.191
-72.961
-72.578
-72.347
-72.11
-71.651
-71.439
-71.192
-70.863
-70.391
-69.971
-69.944
-69.778
-69.262
-69.076
-68.904
-68.66
-68.307
-67.981
-67.833
-67.749
-67.898
-67.98
-68.187
-68.016
-68.002
-68.019
-68.048
-67.969
-67.575
-67.506
-67.373
-67.109
-66.549
-66.597
-66.289
-65.925
-65.776
-65.559
-65.161
-64.537
-64.295
-63.957
-63.787
-63.705
-63.199
-62.923
-62.659
-62.622
-62.127
-61.903
-61.665
-61.541
-61.286
-61.057
-60.827
-60.527
-60.388
-60.162
-59.888
-59.653
-59.417
-59.214
-58.88
-58.319
-57.922
-57.343
-56.995
-56.593
-56.162
-56.006
-55.626
-55.172
-54.848
-53.977
-53.205
-52.155
-50.617
-48.063
-45
-45
-45
-45
-45
-45
-45
-45
-45
-45
-45
-45
-45
-45
-47.825
-54.143
-59.596
-63.285
-65.388
-67.153
-68.265
-69.039
-69.596
-69.764
-70.145
-70.141
-70.227
-70.161
-70.005
-69.791
-69.618
-69.502
