-72.586
-72.607
-72.813
-72.871
-72.848
-73.028
-73.138
-73.059
-73.036
-73.07
-73.001
-72.938
-73.105
-72.97
-73.108
-73.425
-73.485
-73.343
-73.359
-73.284
-72.966
-72.774
-72.74
-72.738
-72.845
-72.724
-72.79
-72.74
-72.594
-72.709
-72.796
-72.856
-72.785
-73.007
-72.989
-73.131
-73.26
-73
-72.974
-72.905
-73.029
-73.089
-72.959
-72.994
-73.249
-73.267
-73.367
-73.285
-73.176
-73.185
-73.372
-73.186
-72.957
-73.007
-72.955
-72.863
-72.77
-73.042
-72.938
-72.844
-72.929
-72.679
-72.818
-72.713
-72.95
-72.97
-72.88
-72.82
-72.827
-73.046
-73.212
-73.439
-73.352
-73.297
-73.351
-73.287
-73.314
-73.119
-73.446
-73.356
-73.301
-73.039
-72.954
-73.068
-72.677
-72.876
-72.937
-72.815
-72.569
-72.456
-72.419
-72.092
-71.959
-71.646
-71.541
-71.585
-71.43
-71.397
-71.195
-71.246
-71.031
-70.944
-70.723
-70.706
-70.634
-70.291
-70.446
-70.193
-69.778
-69.712
-69.539
-69.73
-69.625
-69.694
-69.78
-69.809
-69.868
-69.589
-69.825
-70.132
-70.4
-70.707
-70.807
-70.507
-70.766
-70.897
-70.669
-70.796
-70.895
-70.837
-70.947
-70.893
-71.045
-71.185
-71.584
-71.371
-71.361
-71.318
-71.321
-71.268
-71.189
-71.277
-70.888
-70.852
-70.882
-70.812
-70.542
-70.483
-70.558
-70.527
-70.244
-70.391
-70.337
-70.314
-70.584
-70.467
-70.613
-70.718
-70.514
-70.335
-70.169
-70.259
-70.064
-70.177
-70.184
-70.084
-70.034
-69.937
-69.807
-69.966
-70.04
-70.373
-70.54
-70.703
-70.811
-70.83
-70.892
-70.971
-70.863
-71.072
-71.145
-71.164
-71.162
-71.069
-70.964
-71.036
-70.983
-71.042
-70.918
-71.089
-71.121
-70.824
-70.799
-70.635
-70.784
-70.78
-70.741
-70.494
-70.397
-70.333
-70.222
-70.291
-70.32
-70.427
-70.577
-70.525
-70.386
-70.714
-70.61
-70.686
-70.452
-70.3
-70.372
-70.541
-70.774
-70.747
-71.208
-70.834
-70.457
-70.408
-70.323
-70.281
-70.142
-70.172
-70.321
-70.211
-70.365
-70.378
-70.298
-70.369
-70.478
-70.457
-70.243
-70.133
-70.167
-70.165
-70.295
-70.398
-70.169
-70.245
-70.548
-70.636
-70.811
-70.82
-70.874
-70.627
-70.361
-70.344
-70.145
-70.131
-70.105
-70.452
-70.364
-70.465
-70.373
-70.392
-70.237
-70.168
-70.37
-70.176
-70.42
-70.59
-70.747
-70.852
-70.994
-70.818
-70.819
-71.013
-70.79
-70.522
-70.361
-70.274
-70.19
-70.25
-70.33
-70.427
-70.314
-70.519
-70.462
-70.718
-70.68
-70.822
-71.05
-71.171
-71.276
-71.004
-71.053
-71.152
-71.275
-71.365
-71.351
-71.388
-71.378
-71.273
-71.212
-71.234
-70.915
-71.123
-71.154
-71.176
-71.068
-70.98
-71.234
-71.511
-71.981
-72.153
-72.47
-72.741
-72.878
-72.995
-72.887
-73.061
-73.471
-73.214
-73.101
-73.334
-73.485
-73.381
-73.781
-74.078
-74.191
-74.24
-74.245
-74.208
-74.199
-74.136
-73.985
-74.092
-74.227
-74.315
-74.025
-74
-74.087
-74.028
-74.145
-74.155
-74.26
-74.372
-74.179
-74.393
-74.174
-74.081
-74.026
-73.97
-74.184
-74.428
-74.351
-74.444
-74.544
-74.465
-74.248
-74.247
-74.062
-74.038
-73.974
-74.227
-73.997
-74.289
-74.137
-73.9
-73.911
-73.989
-74.295
-74.311
-74.426
-74.521
-74.301
-74.339
-74.411
-74.237
-74.114
-74.107
-74.017
-74.05
-74.164
-74.109
-74.074
-74.067
-73.815
-73.917
-73.63
-73.576
-73.466
-73.318
-73.098
-73
-73.09
-73.074
-72.946
-72.647
-72.678
-72.631
-72.511
-72.32
-72.394
-72.425
-72.27
-72.219
-72.485
-72.408
-72.537
-72.673
-72.709
-72.693
-72.597
-72.551
-72.616
-72.898
-72.898
-72.884
-73.199
-73.019
-73.155
-73.019
-72.744
-72.733
-72.712
-72.871
-73.218
-73.432
-73.43
-73.591
-73.699
-73.714
-73.835
-73.75
-73.669
-73.514
-73.517
-73.641
-73.515
-73.838
-74.044
-74.011
-74.351
-74.413
-74.418
-74.698
-74.52
-74.499
-74.209
-74.454
-74.196
-74.555
-74.559
-74.386
-74.356
-74.361
-74.496
-74.417
-74.676
-74.598
-74.534
-74.374
-74.27
-74.237
-74.164
-74.146
-74.38
-74.399
-74.538
-74.449
-74.624
-74.443
-74.467
-74.715
-74.526
-74.749
-74.829
-75.046
-75.076
-74.928
-74.915
-74.737
-74.6
-74.694
-74.584
-74.92
-75.128
-75.314
-75.245
-75.097
-74.995
-74.923
-75.333
-75.606
-75.565
-75.524
-75.262
-75.505
-75.298
-75.259
-75.324
-75.161
-75.069
-75.173
-75.076
-75.158
-75
-74.926
-74.998
-75.035
-74.927
-74.938
-74.896
-75.053
-75.228
-75.191
-75.351
-75.406
-75.111
-75.145
-75.174
-75.259
-75.133
-74.963
-74.791
-74.812
-74.688
-74.961
-75.125
-74.989
-74.848
-74.572
-74.442
-74.637
-74.923
-75.079
-75.062
-75.037
-75.359
-75.293
-75.092
-74.959
-75.067
-75.075
-75.066
-75.151
-75.077
-74.738
-74.633
-74.67
-74.903
-74.904
-75.012
-74.638
-74.784
-74.924
-74.505
-74.455
-74.546
-74.606
-74.72
-74.668
-74.59
-74.205
-74.003
-73.925
-74.135
-74.206
-74.154
-74.096
-74.031
-74.257
-74.668
-74.796
-74.57
-74.665
-74.741
-74.541
-74.375
-74.269
-74.355
-73.98
-74.178
-74.319
-74.359
-74.281
-74.36
-74.507
-74.508
-74.547
-74.294
-74.273
-74.322
-74.479
-74.533
-74.652
-74.761
-74.767
-74.613
-74.656
-74.543
-74.644
-74.514
-74.179
-73.835
-73.565
-72.957
-72.374
-71.843
-71.014
-70.23
-69.183
-68.409
-67.567
-67.082
-66.396
-65.809
-64.79
-64.18
-63.909
-63.521
-63
-62.565
-62.188
-61.932
-61.79
-61.382
-61.058
-60.599
-60.25
-60.134
-59.75
-59.703
-59.634
