-80.833
-80.756
-80.689
-80.607
-80.386
-80.813
-80.575
-80.642
-80.949
-80.745
-80.76
-80.674
-80.386
-80.301
-80.278
-80.041
-80.285
-80.294
-80.368
-80.232
-80.284
-80.453
-80.233
-80.168
-79.746
-79.831
-80.243
-80.432
-80.321
-80.293
-80.086
-80.295
-80.16
-80.288
-80.255
-80.284
-80.091
-80.108
-80.052
-80.153
-79.961
-80.218
-80.27
-80.236
-80.342
-80.421
-80.29
-80.28
-80.057
-80.041
-80.263
-80.02
-80.054
-80.117
-80.124
-80.252
-80.577
-80.74
-80.866
-80.887
-80.351
-80.256
-80.546
-80.336
-80.17
-79.782
-79.666
-79.561
-79.441
-79.381
-79.339
-79.162
-79.124
-78.946
-78.887
-78.859
-79.016
-78.97
-78.928
-78.777
-79.023
-79.245
-79.081
-79.085
-79.345
-79.238
-79.096
-79.1
-79.107
-79.175
-79.181
-79.198
-78.903
-78.891
-78.853
-78.956
-79.036
-78.856
-78.979
-78.898
-79.236
-79.591
-79.554
-79.802
-79.795
-79.841
-79.794
-79.698
-79.86
-79.92
-80.145
-80.022
-79.898
-80.174
-80.16
-80.196
-80.085
-80.011
-80.046
-80.024
-79.715
-79.866
-79.755
-79.638
-79.568
-79.257
-79.043
-78.98
-78.901
-79.019
-79.156
-79.084
-78.919
-79.099
-78.994
-78.937
-78.908
-78.924
-78.858
-78.648
-78.476
-78.494
-78.365
-78.439
-78.147
-78.342
-78.408
-78.342
-78.332
-78.243
-78.638
-78.579
-78.391
-77.949
-77.885
-77.883
-77.882
-77.779
-77.695
-77.416
-77.26
-77.036
-77.127
-76.704
-76.494
-76.197
-76.037
-75.816
-75.547
-75.346
-75.079
-74.847
-74.718
-74.524
-74.107
-73.751
-73.811
-73.607
-73.145
-73.248
-73.233
-72.933
-72.781
-73.042
-73.05
-72.946
-72.607
-72.593
-72.551
-72.201
-72.18
-72.226
-72.574
-72.697
-72.269
-72.323
-72.384
-72.501
-72.349
-72.18
-71.95
-72.196
-71.983
-71.831
-71.674
-71.752
-71.619
-71.7
-71.473
-71.559
-71.636
-71.812
-71.81
-71.808
-71.621
-71.427
-71.569
-71.482
-71.41
-71.54
-71.491
-71.555
-71.502
-71.558
-71.417
-71.225
-71.386
-71.652
-71.497
-71.186
-70.957
-71.115
-71.498
-71.531
-71.529
-71.918
-71.933
-71.69
-71.801
-71.708
-71.968
-71.919
-72.099
-72.152
-72.109
-71.815
-71.682
-71.657
-71.651
-71.865
-71.693
-71.434
-71.44
-71.502
-71.6
-71.397
-71.444
-71.451
-71.415
-71.314
-71.231
-71.352
-71.075
-70.935
-70.978
-71.088
-71.021
-71.117
-71.076
-71.084
-71.203
-71.177
-71.239
-71.2
-71.029
-70.786
-70.663
-70.44
-70.495
-70.383
-70.164
-70.186
-70.201
-70.195
-70.215
-69.952
-70.042
-70.195
-70.336
-69.867
-69.384
-69.236
-68.946
-68.498
-68.093
-67.992
-67.636
-67.521
-67.46
-67.252
-67.063
-66.607
-66.495
-66.188
-65.776
-65.559
-65.357
-65.279
-65.157
-65.221
-64.677
-64.631
-64.681
-64.513
-64.086
-63.815
-63.585
-63.372
-63.324
-63.145
-63.403
-63.324
-63.309
-63.215
-63.18
-63.43
-63.329
-64.398
-66.782
-69.652
-72.159
-74.373
-75.74
-77.104
-78.051
-78.388
-78.84
-79.326
-79.49
-79.386
-79.577
-79.54
-79.544
-79.548
-79.446
-79.382
-79.44
-79.33
-79.195
-78.926
-79.079
-79.25
-79.056
-79.177
-79.177
-78.953
-79.061
-78.884
-78.9
-78.919
-78.91
-79.013
-78.94
-79.139
-79.131
-79.241
-79.429
-79.542
-79.508
-79.58
-79.711
-79.994
-79.969
-79.782
-79.873
-79.792
-79.812
-79.693
-79.804
-79.843
-80.027
-80.216
-80.193
-80.315
-80.071
-79.97
-79.967
-79.645
-79.748
-79.737
-79.729
-79.839
-80.06
-79.732
-79.463
-79.486
-79.361
-79.274
-79.234
-79.167
-79.136
-79.284
-79.247
-79.237
-79.205
-79.182
-79.3
-79.298
-79.424
-79.335
-79.285
-79.144
-79.461
-79.431
-79.585
-79.614
-79.825
-79.318
-79.151
-78.974
-78.771
-78.737
-78.862
-78.812
-78.721
-78.595
-78.531
-78.219
-78.311
-78.264
-78.302
-78.147
-78.141
-78.178
-78.232
-78.161
-77.949
-78.033
-78.441
-78.375
-78.251
-78.434
-78.213
-78.424
-78.536
-78.825
-78.805
-78.842
-78.977
-78.764
-78.99
-79.241
-79.427
-79.327
-79.353
-79.375
-79.234
-79.313
-79.267
-79.052
-79.181
-79.179
-79.287
-79.319
-79.561
-79.685
-79.375
-79.365
-79.615
-79.781
-79.879
-79.846
-79.749
-79.64
-79.39
-79.195
-78.689
-78.487
-78.545
-78.488
-78.454
-78.612
-78.607
-78.733
-78.617
-78.597
-78.731
-78.481
-78.107
-78.179
-78.207
-78.129
-77.95
-78.037
-78.23
-78.054
-78.442
-78.505
-78.492
-78.656
-78.895
-79.049
-79.32
-79.282
-79.27
-79.252
-79.198
-79.495
-79.418
-79.474
-79.275
-79.385
-79.725
-79.827
-79.946
-79.839
-79.78
-79.585
-79.553
-79.595
-79.474
-79.509
-79.264
-79.299
-79.017
-78.99
-78.863
-78.817
-78.503
-78.347
-78.161
-78.29
-78.412
-78.463
-78.548
-78.521
-78.505
-78.647
-78.641
-78.435
-78.092
-77.941
-77.789
-77.534
-77.288
-76.904
-76.494
-76.253
-75.679
-75.753
-75.88
-75.863
-75.958
-75.957
-76.056
-76.518
-77.002
-77.989
-78.983
-79.239
-79.435
-79.404
-79.652
-79.801
-79.849
-79.958
-80.002
-79.945
-79.703
-79.785
-79.764
-79.753
-79.711
-79.494
-79.614
-79.589
-79.699
-79.345
-79.366
-79.29
-79.282
-79.276
-79.542
-79.236
-79.423
-79.374
-79.21
-79.275
-79.44
-79.556
-79.294
-79.364
-79.41
-79.795
-79.655
-79.48
-79.382
-79.46
-79.29
-79.148
-79.346
-79.257
-79.511
-79.559
-79.479
-79.64
-79.722
-79.845
-79.622
-79.624
-79.754
-79.625
-79.532
-79.644
-79.707
-79.8
-79.781
-79.974
-79.813
-79.891
-80.105
-80.162
-79.828
-79.835
-79.862
-79.899
