-81.449
-81.493
-81.42
-81.345
-81.448
-81.248
-81.244
-81.324
-81.262
-81.243
-81.419
-81.366
-81.061
-80.977
-80.866
-80.811
-80.732
-80.887
-80.987
-80.986
-80.871
-80.874
-80.811
-80.981
-81.225
-81.021
-81.298
-81.3
-81.19
-81.267
-81.262
-81.249
-81.176
-80.984
-81.137
-81.101
-81.146
-81.253
-81.176
-81.318
-81.27
-81.277
-81.086
-80.963
-80.877
-80.881
-80.982
-81.029
-81.278
-81.329
-81.482
-81.506
-81.719
-81.814
-81.572
-81.646
-81.823
-81.819
-81.858
-81.782
-81.569
-81.417
-81.324
-81.341
-81.453
-81.549
-81.383
-81.304
-81.17
-81.343
-81.594
-81.719
-82.022
-81.802
-81.694
-81.877
-81.795
-81.828
-81.744
-81.813
-81.816
-81.937
-81.772
-81.649
-81.658
-81.435
-81.308
-81.016
-80.802
-80.869
-80.78
-80.981
-80.667
-80.526
-80.43
-80.387
-80.321
-80.354
-80.741
-80.54
-80.275
-80.386
-80.294
-80.033
-79.914
-79.802
-80.078
-80.19
-80.214
-80.164
-80.141
-80.295
-80.088
-80.075
-80.09
-79.941
-79.844
-80.145
-79.924
-79.869
-79.81
-79.932
-80.072
-80.275
-80.364
-80.23
-80.274
-80.304
-80.388
-80.411
-80.299
-80.09
-80.14
-80.479
-80.314
-80.281
-80.257
-80.01
-79.814
-79.856
-79.617
-79.639
-79.796
-79.409
-79.332
-79.375
-79.217
-79.173
-79.181
-79.183
-79.226
-79.404
-79.216
-79.058
-78.887
-78.678
-78.644
-78.632
-78.823
-79.067
-78.948
-79.033
-79.179
-79.269
-79.301
-79.279
-79.305
-79.439
-79.446
-79.341
-79.352
-79.559
-79.384
-79.149
-79.153
-79.007
-79.032
-78.968
-78.779
-79.098
-78.91
-78.725
-78.523
-78.62
-78.856
-78.523
-78.676
-78.749
-78.832
-78.686
-78.944
-78.742
-78.834
-78.96
-79.229
-78.933
-78.942
-78.914
-78.531
-78.659
-78.317
-78.443
-78.407
-78.674
-78.504
-78.354
-78.502
-78.405
-78.167
-78.277
-78.032
-78.177
-78.229
-78.491
-78.614
-78.756
-78.601
-78.777
-78.728
-78.758
-79.039
-79.047
-79.158
-79.284
-79.062
-78.924
-79.011
-79.087
-79.178
-79.437
-79.375
-79.149
-78.97
-79.126
-79.343
-79.199
-79.124
-78.772
-78.497
-78.421
-78.606
-78.877
-78.811
-78.929
-79.031
-79.31
-79.57
-79.743
-79.417
-79.284
-79.447
-79.241
-79.408
-79.556
-79.778
-79.53
-79.471
-79.222
-79.136
-79.205
-78.968
-78.955
-78.865
-78.883
-79.055
-78.922
-78.925
-78.86
-78.783
-78.888
-79.097
-79.013
-79.126
-79.258
-79.319
-79.542
-79.271
-79.475
-79.724
-79.461
-79.345
-79.529
-79.337
-79.167
-79.231
-79.468
-79.507
-79.094
-78.899
-78.956
-79.142
-79.316
-79.461
-79.701
-79.625
-79.546
-79.624
-79.555
-79.197
-79.087
-78.906
-78.791
-78.686
-78.796
-79.116
-79.176
-79.022
-78.975
-79.153
-79.39
-79.237
-79.195
-79.331
-79.434
-79.289
-79.051
-79.037
-79.045
-78.953
-78.902
-78.898
-79.083
-78.867
-78.979
-78.932
-78.725
-78.934
-79.011
-78.912
-79.035
-79.1
-79.348
-79.308
-79.126
-79.149
-79.217
-79.353
-79.508
-79.743
-79.447
-79.457
-79.437
-79.562
-79.506
-79.289
-79.065
-78.918
-78.799
-78.521
-78.796
-78.752
-78.584
-78.562
-78.345
-78.137
-78.188
-78.243
-78.268
-78.123
-77.831
-77.636
-77.539
-77.46
-77.588
-77.427
-77.393
-77.452
-77.556
-77.483
-77.293
-77.341
-77.263
-77.311
-77.419
-77.163
-77.228
-76.979
-76.942
-76.951
-76.934
-76.9
-77.312
-77.383
-77.452
-77.707
-77.83
-77.673
-77.683
-77.518
-77.517
-77.576
-77.452
-77.491
-77.463
-77.503
-77.525
-77.441
-77.515
-77.693
-77.678
-77.243
-77.095
-77.093
-77.128
-77.297
-77.456
-77.461
-77.062
-76.503
-76.661
-76.719
-76.786
-76.711
-76.918
-76.919
-77.081
-76.892
-77.112
-77.019
-76.655
-76.735
-77.153
-77.021
-77.02
-77.044
-76.956
-76.996
-77.015
-76.823
-76.604
-76.655
-76.618
-76.537
-76.451
-76.315
-76.272
-76.555
-76.545
-76.298
-76.698
-76.747
-76.903
-76.802
-77.014
-77.016
-77.004
-76.932
-77.05
-77.065
-76.944
-76.756
-76.412
-76.564
-76.833
-76.946
-77.017
-76.86
-76.874
-76.735
-76.339
-76.161
-76.322
-76.35
-76.192
-76.457
-76.523
-76.626
-76.678
-76.717
-76.304
-76.052
-75.844
-75.678
-75.446
-74.953
-74.739
-74.375
-74.125
-74.203
-74.044
-73.917
-73.521
-72.957
-72.812
-72.791
-72.785
-72.856
-72.885
-72.745
-72.352
-72
-71.85
-71.874
-71.535
-71.302
-71.2
-71.191
-71.114
-71.344
-71.14
-71.409
-71.259
-71.151
-70.891
-70.869
-70.853
-71.347
-71.472
-71.346
-71.11
-70.94
-71.112
-71.063
-70.872
-70.611
-70.458
-70.506
-70.59
-70.365
-70.149
-69.865
-69.757
-69.55
-69.114
-69.101
-68.884
-69.029
-68.968
-68.852
-68.649
-68.94
-68.867
-68.799
-69.09
-69.132
-69.242
-69.442
-69.252
-69.204
-69.347
-69.29
-69.307
-69.279
-69.158
-69.18
-69.145
-69.272
-69.397
-69.563
-70.095
-70.169
-70.677
-70.931
-71.21
-72.568
-73.982
-75.781
-77.189
-78.173
-78.879
-79.237
-79.686
-79.782
-79.942
-80.016
-80.021
-80.049
-79.897
-79.981
-80.081
-80.209
-79.994
-79.762
-79.899
-79.971
-80.057
-79.985
-79.925
-80.239
-80.088
-79.847
-79.764
-79.746
-80.036
-80.078
-80.02
-79.727
-79.657
-79.604
-79.649
-79.382
-79.395
-79.388
-79.195
-79.46
-79.246
-78.995
-78.893
-78.985
-79.195
-79.092
-79.224
-79.204
-79.381
-79.481
-79.662
-79.626
-79.772
-79.492
-79.662
-79.604
-79.465
-79.912
-79.646
-79.771
-79.696
-79.653
-79.754
-79.833
-79.732
-79.859
-79.887
-79.744
-79.804
-79.561
-79.701
-79.774
-79.708
-79.749
-79.796
-79.748
-79.586
-79.511
-79.6
-79.672
-79.964
-79.548
-79.425
-79.439
-79.46
-79.531
-79.408
-79.182
-79.208
-79.304
-79.313
-79.375
-79.31
-79.342
-79.356
-79.376
-79.539
-79.668
-79.494
-79.437
-79.497
-79.219
-79.361
-79.49
-79.589
-79.505
-79.53
-79.76
-79.736
-79.822
-79.78
-79.834
-79.814
-79.853
-80.018
-79.98
-80.115
-80.231
-80.065
-79.801
-79.783
-79.832
-79.797
-79.787
-79.518
-79.597
-79.514
-79.614
-79.483
-79.667
-79.716
-79.734
-79.537
-79.924
-80.099
-79.96
-79.879
-79.937
-79.875
-79.973
-79.662
-79.505
-79.817
-79.774
-79.658
-79.781
-80.014
-79.932
-80.022
-79.768
-79.871
-79.806
-79.865
-79.786
-79.954
-79.998
-80.147
-80.047
-80.281
-80.063
-79.908
-79.901
-79.988
-79.886
-79.92
-79.848
-79.776
-79.827
-79.951
-79.74
-79.691
-79.851
-79.771
-79.716
-79.676
-79.855
-79.972
-80.01
-79.944
-79.792
-79.748
-79.795
-80.022
-79.965
-79.878
-79.595
-79.564
-79.76
-79.754
-80.086
-80.044
-79.858
-80.135
-80.01
-80.114
-80.293
-80.407
-80.267
-80.201
-80.087
-80.082
-80.03
-80.051
-80.065
-80.229
-80.054
-80.085
-80.199
-80.117
-80.2
-80.278
-80.016
-80.216
-80.249
-80.34
-80.17
-80.209
-79.999
-79.732
-79.671
-79.673
-79.974
-79.631
-79.629
-79.726
-79.568
-79.478
-79.814
-79.855
-80.091
-80.048
-79.849
-79.839
-79.717
-79.875
-80.275
-80.102
-80.359
-80.266
-80.166
-80.267
-80.436
-80.296
-80.125
-80.008
-79.873
-80.147
-80.133
-79.774
-79.707
-79.724
-79.699
-80.24
-80.388
-80.182
-80.272
-80.288
-80.234
-80.384
-80.346
-80.048
-80.095
-80.173
-80.097
-80.142
-80.144
-80.242
-80.152
-80.043
-80.145
-79.987
-80.192
-80.202
-80.412
-80.411
-80.145
-80.317
-80.307
-80.228
-79.961
-80.168
-80.434
-80.339
-80.148
-80.213
-79.893
-79.747
-79.88
-79.816
-79.835
-79.928
-79.628
-79.755
-80.007
-80.219
-80.182
-80.158
-80.188
-80.108
-80.349
-80.364
-80.287
-80.114
-80.207
-80.227
-80.318
-80.094
-80.492
-80.259
-80.398
-80.465
-80.436
-80.493
-80.198
-80.14
-80.145
-80.251
-80.408
-80.482
-80.6
-80.525
-80.466
-80.216
-79.871
-79.757
-79.703
-79.513
-79.453
-79.891
-80.061
-80.065
-79.76
-79.751
-79.566
-79.645
-79.665
-79.812
-79.81
-79.98
-79.776
-79.899
-79.963
-79.929
-79.832
-79.833
-79.857
-79.774
-80.097
-80.231
-80.245
-80.081
-80.071
-80.125
-80.235
-80.052
-79.95
-80.334
-80.285
-80.365
-80.261
-80.139
-79.96
-79.804
-79.935
-79.877
-79.833
-79.809
-79.846
-79.807
-79.92
-79.904
-80.148
-80.413
-80.024
-80.067
-79.949
-79.808
-80.165
-80.292
-80.42
-80.777
-80.639
-80.576
-80.52
-80.459
-80.638
-80.538
-80.433
-80.426
-80.147
-80.1
-80.037
-79.997
-79.84
-79.892
-79.908
-80.004
-80.152
-80.206
-80.359
-80.4
-80.345
-80.471
-80.527
-80.342
-80.398
-80.208
-80.06
-80.014
-80.043
-80.248
-80.007
-80.093
-79.787
-80.013
-80.203
-80.362
-80.467
-80.454
-80.155
-80.129
-79.966
-79.987
-79.932
-80.075
-80.326
-80.125
-80.358
-80.135
-80.126
-80.064
-80.295
-80.342
-80.392
-80.04
-79.913
-79.55
-79.594
-79.586
-79.556
-79.553
-79.437
-79.336
-79.33
-79.313
-79.405
