-83.383
-83.595
-83.734
-83.492
-83.212
-83.169
-83.173
-83.244
-83.151
-83.075
-82.983
-83.239
-83.073
-83.16
-83.264
-83.142
-82.98
-82.907
-82.825
-82.917
-82.973
-82.988
-82.964
-82.884
-82.895
-82.828
-82.83
-82.735
-82.898
-82.773
-82.656
-82.814
-82.921
-82.872
-82.916
-83.051
-82.996
-82.773
-82.676
-82.395
-82.379
-82.189
-82.323
-81.931
-82.061
-81.919
-81.766
-81.748
-81.572
-81.621
-81.52
-81.639
-81.503
-81.599
-81.429
-81.538
-81.387
-81.477
-81.457
-81.492
-81.635
-81.554
-81.795
-81.733
-81.56
-81.392
-81.192
-81.059
-81.25
-81.449
-81.394
-81.503
-81.503
-81.214
-81.349
-81.478
-81.731
-81.947
-82.286
-82.281
-82.358
-82.237
-82.152
-82.257
-82.4
-82.32
-82.392
-82.483
-82.694
-82.444
-82.514
-82.852
-82.266
-82.62
-82.597
-82.742
-82.877
-82.704
-82.776
-83.078
-83.126
-83.309
-83.083
-83.197
-83.03
-83.392
-83.157
-83.042
-83.217
-83.028
-83.017
-82.659
-82.679
-82.804
-82.474
-82.446
-82.463
-82.573
-82.55
-82.585
-82.912
-82.703
-82.466
-82.413
-82.534
-82.352
-82.826
-82.909
-82.891
-82.776
-82.418
-82.525
-82.643
-82.594
-82.721
-82.966
-82.874
-82.996
-82.661
-82.93
-82.811
-82.732
-82.733
-82.638
-82.43
-82.626
-82.688
-82.366
-82.655
-82.894
-82.609
-82.752
-82.89
-82.795
-82.662
-82.907
-83.016
-82.728
-82.741
-82.664
-82.642
-82.68
-82.74
-83.038
-83.287
-83.313
-83.469
-83.498
-83.556
-83.633
-83.511
-83.38
-83.435
-83.205
-83.311
-83.411
-83.415
-83.301
-83.287
-83.366
-83.365
-83.374
-83.438
-83.326
-83.249
-83.098
-82.948
-83.044
-82.951
-83.021
-83.115
-83.037
-82.937
-82.887
-82.777
-82.913
-82.753
-82.591
-82.748
-82.43
-82.654
-82.4
-82.74
-82.698
-82.5
-82.534
-82.627
-82.481
-82.524
-82.304
-82.438
-82.561
-82.674
-83.008
-83.112
-82.855
-82.91
-82.81
-82.658
-82.751
-82.84
-82.62
-82.75
-82.848
-83.166
-83.548
-83.349
-83.503
-83.459
-83.273
-83.438
-83.462
-83.451
-83.293
-83.447
-83.393
-83.426
-83.457
-83.35
-83.252
-83.028
-83.198
-83.196
-83.429
-83.39
-83.324
-83.29
-83.285
-83.467
-83.244
-83.53
-83.238
-83.334
-83.211
-83.299
-83.311
-83.506
-83.628
-84.062
-83.722
-83.903
-84.066
-83.998
-83.965
-83.673
-83.587
-83.431
-83.316
-83.45
-83.458
-83.36
-83.45
-83.568
-83.622
-83.95
-84.125
-84.18
-84.067
-84.078
-83.79
-83.897
-83.846
-83.624
-83.606
-83.407
-83.527
-83.23
-83.315
-83.375
-83.697
-83.547
-83.137
-83.315
-83.146
-83.422
-83.532
-83.398
-83.197
-83.162
-83.173
-83.074
-83.222
-83.126
-83.041
-83.051
-82.909
-82.74
-82.9
-83.155
-83.293
-83.357
-83.24
-83.281
-83.315
-83.213
-83.172
-83.186
-83.003
-82.76
-82.624
-82.816
-82.796
-82.822
-82.543
-82.505
-82.397
-82.233
-82.021
-81.858
-81.856
-81.867
-82.034
-81.968
-81.685
-81.712
-81.881
-82.124
-81.988
-81.961
-82.011
-81.759
-81.69
-81.721
-81.718
-82.124
-82.012
-81.773
-81.849
-82.189
-81.998
-81.83
-81.857
-82.138
-82.025
-81.651
-81.476
-81.667
-81.621
-81.492
-81.335
-81.218
-81.143
-80.958
-80.956
-81.075
-81.044
-81.061
-81.049
-81.32
-81.165
-81.343
-81.333
-81.403
-81.427
-81.128
-80.994
-80.688
-80.606
-80.495
-80.205
-80.11
-80.237
-80.476
-80.239
-80.258
-80.201
-80.517
-80.467
-80.395
-80.538
-80.416
-80.521
-80.663
-81.043
-80.925
-80.851
-80.876
-81.016
-80.703
-80.459
-80.477
-80.44
-80.651
-80.602
-80.527
-80.484
-80.143
-80.288
-80.171
-80.041
-79.955
-79.689
-79.663
-79.962
-79.809
-79.929
-80.133
-79.976
-79.814
-79.812
-79.717
-79.845
-80.191
-79.882
-79.867
-79.926
-79.829
-79.806
-79.79
-79.621
-79.482
-79.517
-79.338
-79.41
-79.463
-79.517
-79.467
-79.632
-79.244
-79.19
-79.463
-79.565
-79.687
-79.61
-79.861
-79.981
-79.804
-79.836
-79.936
-80.212
-80.263
-80.19
-79.936
-80.127
-80.211
-80.05
-79.992
-80.183
-79.968
-80.148
-80.129
-80.206
-79.954
-79.968
-79.837
-79.877
-79.564
-79.622
-79.573
-79.715
-79.813
-80.033
-80.058
-79.916
-79.834
-79.54
-79.512
-79.493
-79.717
-79.966
-79.993
-80.149
-80.353
-80.268
-80.374
-80.336
-80.339
-80.383
-80.351
-80.491
-80.221
-80.375
-80.25
-80.111
-80.636
-80.682
-80.879
-80.881
-80.567
-80.577
-80.48
-80.437
-80.213
-80.153
-80.053
-79.854
-79.828
-79.776
-80.155
-80.147
-80.043
-79.916
-80.037
-79.987
-80.138
-80.055
-80.242
-80.466
-80.558
-80.498
-80.628
-80.235
-79.564
-79.293
-78.797
-78.349
-78.215
-77.908
-77.552
-77.205
-77.023
-76.532
-76.497
-76.004
-76.2
-76.044
-76.414
-77.19
-77.644
-78.155
-78.437
-78.953
-79.304
-79.234
-79.369
-79.238
-79.267
-79.558
-79.664
-79.84
-79.818
-79.877
-79.994
-79.958
-79.84
-79.755
-79.945
-79.776
-80.097
-80.023
-80.082
-80.127
-79.846
-79.75
-79.758
-79.898
-79.62
-79.565
-79.713
-80.057
-79.913
-79.661
-79.811
-79.68
-79.734
-79.766
-79.792
-80.075
-80.437
-80.459
-80.442
-80.491
-80.453
-80.224
-80.16
-80.065
-79.61
-79.533
-79.412
-79.185
-79.081
-78.996
-78.727
-78.662
-78.781
-78.991
-79.168
-79.042
-79.079
-78.982
-79.176
-78.886
-79.028
-79.205
-79.195
-79.379
-79.371
-79.343
-79.53
-79.218
-79.096
-79.177
-79.307
-79.405
-79.119
-78.769
-78.96
-79.169
-79.414
-79.578
-79.393
-79.173
-79.221
-79.153
-79.182
-79.318
-79.223
-79.15
-79.046
-79.45
-79.356
-79.399
-79.58
-79.82
-79.728
-79.918
-80.096
-80.249
-80.135
-80.048
-79.861
-79.979
-79.726
-79.71
-79.742
-79.473
-79.4
-79.283
-79.4
-79.455
-79.219
-79.588
-79.702
-79.546
-79.314
-79.245
-79.224
-79.173
-79.307
-79.581
-79.864
-80.16
-80.154
-80.096
-80.059
-79.982
-79.77
-80.076
-80.008
-79.786
-79.846
-80.039
-79.913
-79.715
-79.774
-79.503
-79.411
-79.735
-79.866
-79.89
-79.788
-79.99
-80.164
-80.24
-80.291
-80.097
-80.106
-80.198
-80.048
-79.901
-80.035
-79.942
-79.874
-79.851
-79.791
-79.877
-79.936
-80.172
-80.093
-80.217
-80.329
-80.501
-80.553
-80.519
-80.443
-80.465
-80.274
-80.219
-80.422
-80.377
-80.538
-80.576
-80.49
-80.611
-80.603
-80.493
-80.466
-80.358
-80.217
-80.122
-80.154
-80.072
-80.067
-79.979
-79.928
-79.897
-80.056
-80.076
-79.951
-79.953
-80.073
-79.961
-79.82
-79.883
-80.184
-80.362
-80.523
-80.355
-80.41
-80.18
-80.16
-79.966
-79.97
-79.673
-79.684
-79.382
-79.42
-79.56
-79.475
-79.56
-79.609
-79.822
-79.818
-79.832
-79.911
-79.757
-79.537
-79.479
-79.311
-79.246
-79.197
-79.33
-79.399
-79.491
-79.47
-79.401
-79.439
-79.408
-79.308
-79.125
-79.086
-78.999
-78.847
-78.863
-78.66
-78.848
-78.977
-78.768
-78.797
-78.561
-78.557
-78.611
-78.778
-78.699
-78.465
-78.72
-78.757
-78.876
-78.912
-78.947
-78.955
-78.997
-79.174
-79.356
-79.242
-79.121
-79.558
-79.393
-79.386
-79.33
-79.448
-79.351
-79.402
-79.441
-79.311
-79.748
-79.62
-79.877
-79.979
-80.349
-80.185
-80.398
-80.363
-80.209
-80.431
-80.501
-80.551
-80.807
-80.91
-81.082
-81.149
-80.821
-80.645
-80.795
-80.526
-80.576
-80.503
-80.619
-80.672
-80.614
-80.59
-80.487
-80.346
-80.352
-80.364
-80.414
-80.298
-80.263
-80.186
-79.913
-80.071
-79.763
-80.012
-80.196
-80.057
-80.067
-79.841
-79.737
-80.292
-80.355
-80.286
-80.427
-80.106
-79.817
-79.799
-79.625
-79.762
-79.758
-79.819
-79.904
-80.246
-80.187
-80.109
-80.21
-80.099
-79.995
-79.94
-79.682
-79.752
-79.802
-80.023
-79.701
-79.496
-79.736
-79.675
-79.641
-79.524
-79.572
-79.496
-79.661
-79.944
-79.641
-79.773
-79.97
-80.058
-80.055
-79.962
-80.213
-80.365
-80.174
-80.297
-80.357
-79.987
-79.886
-79.79
-79.539
-79.642
-79.753
-79.562
-79.855
-79.921
-79.966
-79.828
-79.692
-79.885
-80.096
-80.155
-79.891
-79.639
-79.615
-79.606
-79.69
-79.833
-79.7
-79.859
-80.1
-80.102
-79.933
-79.825
-79.805
-79.675
-79.718
-79.696
-79.823
-79.743
-79.764
-79.755
-79.927
-79.932
-79.947
-80.032
-79.996
-79.926
-79.84
-79.503
-79.578
-79.478
-79.388
-79.62
-79.422
-79.44
-79.63
-79.673
-79.547
-79.774
-79.619
-79.739
-79.688
-79.856
-79.936
-79.637
-79.742
-79.519
-79.582
-79.531
-79.7
-79.602
-79.347
-79.432
-79.619
-79.863
-79.72
-79.576
-79.809
-80.29
-80.346
-80.255
-80.483
-80.299
-80.413
-80.116
-80.153
-80.315
-80.02
-80.015
-80.309
-80.041
-79.82
-79.945
-79.99
-79.981
-79.842
-79.787
-79.693
-79.632
-79.635
-80.086
-80.322
-80.449
-80.535
-80.545
-80.382
-80.441
-80.526
-80.486
-80.431
-80.478
-80.128
-79.8
-79.876
-79.672
