-79.471
-79.81
-79.751
-79.888
-79.85
-79.865
-79.928
-79.865
-79.851
-80.014
-80.304
-80.111
-80.176
-79.813
-79.808
-79.931
-80.168
-80.259
-80.248
-79.945
-79.992
-79.874
-79.877
-79.953
-79.87
-79.846
-79.898
-80.004
-79.884
-79.993
-80.021
-79.89
-79.825
-79.788
-79.731
-79.765
-79.634
-79.766
-79.801
-79.942
-80.116
-80.13
-80.051
-80.388
-80.336
-80.385
-80.402
-80.473
-80.134
-79.993
-79.812
-79.412
-79.563
-79.393
-79.706
-79.956
-79.972
-79.933
-80.102
-79.911
-79.753
-79.716
-79.827
-79.766
-80.105
-80.143
-80.326
-80.349
-80.334
-80.377
-80.421
-80.529
-80.403
-80.506
-80.528
-80.633
-80.653
-80.534
-80.547
-80.522
-80.475
-80.611
-80.388
-80.212
-80.463
-80.175
-80.06
-79.837
-79.74
-79.704
-80
-80.071
-79.975
-79.962
-80.036
-80.186
-80.282
-80.231
-80.218
-80.193
-80.061
-80.059
-80.162
-80.076
-79.869
-79.837
-79.848
-79.679
-80.01
-80.038
-80.079
-80.16
-80.09
-80.209
-80.004
-79.917
-79.794
-80.05
-79.706
-79.77
-79.923
-79.894
-80.187
-80.127
-80.175
-80.386
-80.232
-80.063
-79.849
-79.887
-80.081
-79.932
-79.913
-79.928
-80.045
-80.032
-80.193
-80.195
-80.133
-80.271
-80.349
-80.257
-80.147
-80.458
-80.141
-79.959
-79.413
-78.865
-78.829
-78.554
-78.319
-77.848
-77.603
-77.263
-77.357
-77.429
-77.358
-77.224
-77.087
-76.824
-76.786
-76.777
-76.561
-76.51
-76.57
-76.428
-76.293
-76.561
-76.751
-76.704
-76.409
-76.471
-76.497
-76.549
-76.653
-76.841
-76.496
-76.301
-76.274
-76.223
-76.179
-76.137
-76.124
-76.112
-75.978
-75.925
-76.242
-76.524
-76.538
-76.688
-76.524
-76.867
-77.054
-77.354
-77.575
-77.474
-77.485
-77.496
-77.199
-77.265
-77.21
-77.34
-77.168
-77.2
-77.264
-77.482
-77.383
-77.615
-77.505
-77.664
-77.749
-77.562
-77.622
-77.796
-78.081
-77.982
-78.017
-78.237
-78.518
-78.551
-78.219
-78.265
-78.205
-78.406
-78.296
-78.249
-78.349
-78.664
-78.571
-78.598
-78.511
-78.264
-78.354
-78.021
-78.088
-78.163
-77.893
-77.835
-77.979
-78.1
-78.155
-78.477
-78.759
-79.167
-79.55
-79.677
-80.04
-80.041
-80.219
-79.959
-80.027
-79.84
-79.754
-79.782
-79.625
-79.931
-80.252
-80.199
-80.141
-80.041
-79.958
-80.117
-80.218
-80.176
-80.233
-80.185
-80.062
-79.657
-78.997
-78.473
-78.042
-77.547
-77.201
-76.664
-76.283
-76.478
-76.753
-76.736
-76.801
-76.723
-77.004
-77.081
-77.11
-77.194
-77.174
-77.288
-77.41
-77.358
-76.982
-76.588
-76.563
-76.089
-75.98
-75.861
-75.587
-75.613
-75.731
-76.11
-76.5
-76.768
-77.13
-77.479
-77.582
-77.857
-78.238
-78.452
-78.814
-79.052
-79.162
-79.165
-78.996
-79.18
-79.172
-79.259
-79.152
-78.831
-79.112
-79.007
-79.024
-78.995
-79.069
-78.965
-78.878
-78.942
-78.995
-79.06
-79.222
-79.155
-79.366
-79.275
-79.288
-79.127
-79.281
-79.703
-79.811
-79.94
-79.762
-79.921
-79.816
-79.998
-79.673
-79.461
-79.729
-79.715
-79.711
-79.746
-79.691
-79.378
-79.152
-79.358
-78.971
-79.045
-78.875
-78.995
-79.148
-79.165
-78.967
-78.918
-79.012
-79.067
-79.149
-79.183
-79.332
-79.255
-79.176
-79.454
-79.339
-79.574
-79.295
-79.19
-79.299
-79.401
-79.499
-79.562
-79.296
-78.995
-78.995
-79.097
-78.978
-78.994
-79.152
-79.074
-79.331
-79.396
-79.468
-79.313
-79.36
-79.322
-79.28
-79.39
-79.263
-79.114
-79.333
-79.31
-79.321
-79.621
-79.603
-79.683
-79.812
-79.652
-79.651
-79.657
-79.743
-79.818
-79.918
-79.763
-79.671
-79.431
-79.756
-79.433
-78.684
-77.8
-77.281
-76.793
-76.447
-76.626
-76.37
-76.204
-76.116
-75.912
-75.905
-76.026
-75.99
-75.844
-75.848
-75.676
-75.754
-75.788
-75.969
-75.949
-76.192
-76.418
-76.296
-76.189
-76.115
-75.973
-76.1
-75.895
-75.963
-76.043
-76.276
-76.406
-76.55
-76.621
-77.031
-77.065
-77.095
-77.137
-77.664
-77.665
-77.706
-77.702
-77.878
-77.862
-77.846
-77.603
-77.691
-77.829
-78.157
-78.332
-78.328
-78.523
-78.57
-78.682
-78.592
-78.347
-78.533
-78.619
-78.783
-78.658
-78.828
-78.636
-78.77
-78.894
-78.7
-78.785
-78.862
-78.833
-78.833
-78.642
-78.409
-78.475
-78.251
-78.031
-78.066
-77.916
-77.694
-77.525
-77.66
-77.7
-77.904
-77.773
-77.62
-77.674
-77.339
-77.137
-76.885
-76.505
-75.644
-74.597
-73.377
-72.028
-70.865
-69.951
-68.922
-68.043
-67.303
-67.117
-66.866
-66.785
-66.903
-67.287
-67.604
-67.412
-67.289
-67.209
-66.893
-66.715
-66.538
-66.679
-67.004
-67.216
-67.082
-67.096
-67.141
-67.108
-67.681
-67.907
-68.078
-68.211
-68.4
-68.849
-68.937
-69.111
-69.357
-69.543
-70
-70.235
-70.377
-70.29
-70.399
-70.54
-70.668
-70.935
-71
-71.074
-70.98
-71.166
-71.212
-71.268
-71.466
-71.942
-72.268
-72.354
-72.368
-72.511
-72.742
-73.297
-73.5
-73.439
-73.746
-73.732
-73.752
-74.133
-74.369
-74.358
-74.619
-74.932
-75.064
-75.294
-75.2
-75.512
-75.411
-75.475
-75.551
-75.565
-75.772
-75.893
-75.952
-75.669
-75.585
-75.116
-75.201
-74.948
-75.073
-74.757
-74.872
-75.047
-74.998
-74.967
-74.929
-75.202
-75.202
-75.291
-75.243
-75.301
-75.301
-75.015
-74.885
-74.986
-75.097
-75.239
-75.362
-75.249
-74.877
-74.535
-74.48
-74.196
-73.879
-73.667
-73.82
-73.664
-73.443
-73.509
-73.355
-73.442
-73.262
-73.186
-73.138
-73.169
-73.135
-73.446
-73.53
-73.626
-73.65
-73.847
