-80.228
-80.361
-80.154
-80.318
-80.261
-79.972
-80.103
-80.058
-80.114
-79.853
-79.381
-79.522
-79.899
-79.808
-80.146
-80
-80.041
-79.914
-80.016
-80.488
-80.232
-80.246
-80.174
-80.429
-80.506
-80.581
-80.557
-80.615
-80.701
-80.82
-80.674
-80.41
-80.452
-80.256
-80
-79.987
-80.002
-80.203
-80.586
-80.39
-80.384
-80.067
-80.077
-80.099
-80.041
-79.922
-79.952
-79.845
-79.955
-79.737
-80.144
-80.173
-80.292
-80.023
-80.131
-80.456
-80.567
-80.411
-80.433
-80.36
-80.495
-80.737
-80.725
-80.793
-80.86
-80.882
-80.781
-80.513
-80.451
-80.12
-80.567
-80.747
-80.88
-80.961
-81.183
-81.092
-80.974
-81.065
-81.137
-81.05
-80.918
-80.749
-80.976
-80.972
-81.025
-80.828
-81.018
-80.87
-81.036
-81.178
-81.338
-81.498
-81.178
-81.306
-81.377
-81.403
-81.342
-81.161
-80.983
-81.233
-81.118
-80.986
-81.081
-80.737
-80.581
-80.741
-80.517
-80.401
-80.504
-80.669
-80.6
-80.534
-80.343
-79.837
-79.601
-79.257
-78.907
-78.516
-78.188
-78.104
-77.842
-77.9
-77.878
-77.796
-77.359
-77.075
-77.277
-77.157
-77.026
-76.969
-77.163
-77.303
-77.458
-77.246
-77.09
-77.278
-77.304
-77.631
-77.389
-77.431
-77.613
-77.673
-77.608
-77.364
-77.39
-77.34
-77.431
-77.516
-77.405
-77.558
-77.572
-77.469
-77.588
-77.735
-77.746
-77.756
-77.97
-77.924
-77.943
-77.588
-77.509
-77.383
-77.36
-77.332
-76.987
-76.862
-76.784
-76.571
-76.394
-76.37
-76.335
-76.275
-76.107
-76.177
-75.943
-75.682
-75.353
-75.373
-75.501
-75.613
-75.634
-75.222
-74.752
-74.248
-73.884
-73.564
-73.504
-73.329
-73.15
-72.918
-72.818
-72.702
-72.507
-72.437
-72.495
-72.12
-72.053
-71.712
-71.336
-71.221
-71.08
-70.735
-71.69
-73.259
-74.692
-75.609
-76.332
-76.874
-77.351
-77.847
-78.356
-78.477
-78.752
-78.865
-79.258
-79.444
-79.656
-79.601
-79.329
-79.268
-79.275
-79.239
-78.804
-78.612
-78.538
-78.186
-77.93
-77.845
-77.843
-78.088
-77.89
-77.649
-77.962
-77.963
-77.828
-77.853
-77.798
-77.614
-77.61
-77.921
-78.121
-78.208
-78.324
-78.313
-78.274
-78.256
-78.247
-78.416
-78.566
-78.65
-78.739
-78.9
-78.987
-79.191
-79.562
-79.434
-79.562
-79.43
-79.169
-79.103
-79.122
-79.173
-79.341
-79.451
-79.348
-79.26
-79.344
-78.865
-78.678
-78.701
-78.395
-78.357
-78.044
-77.994
-77.998
-78.078
-77.797
-77.678
-77.62
-77.844
-77.912
-77.936
-77.884
-77.686
-77.62
-77.421
-77.108
-76.711
-76.505
-76.126
-75.843
-75.42
-75.1
-74.732
-74.542
-74.225
-73.724
-73.541
-73.192
-73.064
-72.753
-72.381
-72.391
-71.986
-71.728
-71.617
-71.681
-71.609
-71.865
-71.957
-72.219
-72.341
-72.423
-72.446
-72.54
-72.523
-72.318
-72.468
-72.463
-72.522
-72.371
-72.479
-72.567
-72.584
-72.471
-72.335
-72.393
-72.503
-72.327
-72.504
-72.744
-72.877
-73.305
-73.175
-73.116
-72.906
-72.938
-72.557
-72.677
-72.575
-72.798
-72.596
-72.645
-72.776
-72.812
-72.872
-73.062
-73.06
-72.576
-72.46
-72.571
-72.716
-72.627
-72.639
-72.835
-72.89
-72.596
-72.348
-72.478
-72.216
-71.786
-71.365
-71.35
-71.153
-71.132
-70.922
-71.06
-70.99
-71.207
-71.105
-71.356
-71.486
-71.774
-72.086
-72.183
-72.44
-72.407
-72.28
-72.628
-72.946
-73.185
-73.554
-73.574
-73.42
-73.046
-72.73
-72.855
-72.72
-72.675
-72.679
-72.334
-72.138
-71.97
-71.947
-71.83
-71.604
-71.428
-71.407
-71.578
-71.581
-71.515
-71.16
-71.1
-71.294
-70.977
-70.99
-71.248
-71.49
-71.569
-71.656
-71.785
-71.965
-72.206
-72.511
-72.343
-72.451
-72.671
-72.957
-73.249
-72.983
-73.013
-72.982
-72.988
-73.086
-73.281
-73.404
-73.387
-73.447
-73.713
-74.082
-74.061
-73.746
-73.089
-72.033
-70.639
-69.418
-68.081
-66.796
-65.579
-64.042
-63.017
-62.295
-61.429
-60.524
-59.656
-59.228
-59.028
-58.355
-57.823
-56.772
-55.802
-54.401
-53.078
-51.32
-49.067
-45
-45
-45
-45
-45
-45
-45
-45
-45
-45
-45
-45
-45
-45
-46.264
-52.598
-58.109
-62.115
-64.543
-66.052
-67.275
-67.841
-67.988
-68.258
-68.085
-67.773
-67.612
-67.363
-67.56
-67.261
-67.522
-67.232
-67.254
-67.227
-67.193
-67.232
-66.966
-66.904
-66.603
-66.426
-66.199
-65.634
-65.12
-64.759
-63.827
-63.017
-61.914
-60.894
-59.758
-58.682
-57.249
-56.233
-54.922
-53.541
-52.557
-51.281
-49.195
-45.494
-45
-45
-45
-45
-45
-45
-45
-45
-45
-45
-45
-45
-45
-47.094
-53.382
-58.432
-61.772
-63.298
-63.956
-63.919
-63.344
-62.625
-61.869
-60.515
-59.462
-58.244
-57.428
-56.205
-55.316
-54.372
-53.713
-52.684
-51.79
-50.901
-49.587
-47.574
-45
-45
-45
-45
-45
-45
-45
-45
-45
-45
-45
-45
-45
-45.023
-51.435
-56.914
-61.32
-64.479
-66.414
-67.795
-68.6
-69.304
-69.755
-69.746
-69.799
-70.048
-69.868
-70.043
-69.754
-69.555
-69.524
-69.769
-69.796
-69.445
-69.341
-69.394
-69.384
-69.381
-69.416
-69.619
-69.702
-69.723
-70.104
-69.957
-69.962
-70.035
-70.405
-70.519
-70.694
-70.833
-70.426
-70.602
-70.734
-71.053
-71.128
-71.182
-71.014
-71.053
-71.5
-71.788
-71.814
-72.231
-72.356
-72.549
-72.684
-72.832
-73.089
-73.069
-73.224
-73.47
-73.358
-73.323
-73.211
-72.767
-72.851
-72.746
-72.58
