-79.436
-79.648
-79.68
-79.562
-79.768
-79.693
-79.598
-79.689
-79.63
-79.81
-79.665
-79.485
-79.338
-79.286
-79.304
-79.336
-79.141
-78.963
-78.76
-78.991
-79.01
-79.101
-79.243
-79.296
-79.189
-79.304
-79.212
-79.256
-79.271
-79.385
-79.114
-78.852
-78.589
-78.596
-78.957
-78.872
-78.9
-78.585
-78.427
-78.478
-78.663
-78.763
-78.521
-78.432
-78.337
-78.337
-78.279
-78.482
-78.675
-78.849
-78.955
-78.958
-79.159
-79.156
-79.365
-79.585
-79.568
-79.443
-79.131
-79.179
-78.979
-79.085
-78.956
-78.904
-78.738
-78.499
-78.506
-78.179
-78.138
-78.301
-78.13
-78.174
-78.274
-78.415
-78.246
-78.07
-78.012
-77.98
-78.102
-77.902
-77.82
-77.793
-77.693
-77.871
-77.977
-77.84
-77.814
-77.768
-77.806
-77.989
-77.899
-77.958
-78.02
-78.1
-78.186
-78.036
-77.959
-77.793
-77.975
-77.801
-78.077
-78.142
-78.183
-78.659
-78.45
-78.738
-78.669
-78.489
-78.24
-78.382
-78.442
-78.827
-78.856
-78.99
-79.001
-79.097
-78.983
-79.042
-79.012
-78.987
-79.157
-78.977
-78.978
-79.199
-79.197
-79.322
-79.203
-79.115
-79.186
-79.316
-79.495
-79.493
-79.507
-79.64
-79.738
-79.926
-79.888
-80.033
-79.734
-79.761
-79.756
-79.755
-79.774
-79.975
-79.766
-79.815
-79.906
-79.963
-80.135
-80.267
-80.397
-80.534
-80.625
-80.401
-80.469
-80.788
-80.865
-81.143
-80.867
-80.905
-80.907
-80.81
-80.993
-81.284
-81.476
-81.499
-81.14
-81.129
-81.313
-81.171
-81.361
-81.441
-81.479
-81.478
-81.541
-81.396
-81.49
-81.632
-81.607
-81.427
-81.537
-81.081
-80.822
-80.714
-80.165
-79.46
-78.997
-78.63
-78.261
-77.884
-77.542
-77.234
-76.88
-76.433
-76.119
-75.835
-75.702
-75.561
-75.285
-75.189
-75.084
-75.118
-74.998
-75.07
-75.037
-74.93
-74.933
-74.78
-75.225
-74.755
-75.05
-75.01
-74.86
-74.785
-74.802
-74.624
-74.559
-74.466
-74.504
-74.418
-74.436
-74.355
-74.257
-74.161
-74.076
-74.075
-73.512
-73.084
-72.805
-72.368
-71.984
-71.273
-70.099
-69.662
-68.814
-67.882
-66.732
-65.755
-64.666
-63.864
-63.23
-62.729
-62.24
-61.937
-61.336
-60.887
-60.305
-62.356
-65.606
-68.941
-71.721
-73.806
-75.382
-76.429
-77.067
-77.308
-77.611
-78.287
-78.411
-78.646
-78.818
-78.89
-78.959
-79.274
-79.273
-79.347
-79.358
-79.376
-79.405
-79.193
-78.956
-78.718
-78.544
-78.559
-78.566
-78.763
-78.805
-79.048
-79.004
-78.81
-78.791
-78.712
-78.72
-78.692
-78.694
-78.876
-79.075
-78.996
-78.899
-79.021
-79.028
-79.16
-79.116
-78.983
-78.87
-78.806
-78.853
-79.039
-79.101
-78.962
-79.12
-79.009
-79.419
-79.542
-79.486
-79.205
-79.204
-79.222
-78.947
-78.947
-79.005
-78.904
-78.809
-78.551
-78.627
-78.366
-78.289
-78.083
-77.999
-77.995
-78.033
-78.187
-78.501
-78.398
-78.122
-78.471
-78.474
-78.561
-78.59
-78.739
-78.694
-78.889
-78.792
-79.054
-79.188
-79.065
-79.151
-79.142
-79.32
-79.346
-79.334
-79.084
-78.986
-78.803
-78.747
-78.619
-78.527
-78.782
-78.823
-79.32
-79.309
-79.563
-79.624
-79.432
-79.532
-79.38
-79.172
-79.067
-79.214
-79.408
-79.333
-79.394
-79.317
-79.338
-79.312
-79.55
-79.58
-79.632
-79.721
-79.269
-78.943
-79.131
-78.855
-78.717
-78.494
-78.19
-78.022
-78.276
-78.39
-78.296
-78.449
-78.395
-78.514
-78.446
-78.404
-78.647
-78.393
-78.66
-78.921
-78.996
-78.721
-78.796
-78.855
-78.725
-78.694
-78.671
-78.821
-78.85
-78.672
-78.619
-78.108
-77.952
-78.007
-77.79
-77.556
-77.525
-77.458
-77.43
-77.188
-77.33
-77.302
-77.464
-76.942
-76.947
-76.965
-77.35
-77.261
-77.437
-77.336
-77.462
-77.419
-77.213
-76.822
-76.666
-76.536
-76.595
-76.555
-76.578
-76.701
-76.361
-76.47
-76.662
-76.939
-76.757
-76.786
-76.792
-77.003
-76.886
-76.707
-76.917
-77.301
-77.602
-77.655
-77.637
-77.762
-77.723
-77.875
-77.934
-77.835
-77.988
-77.947
-77.965
-78.074
-77.972
-77.939
-77.838
-78.038
-78.145
-78.272
-78.104
-78.218
-78.115
-77.968
-77.914
-78.039
-77.983
-77.884
-78.254
-78.222
-78.477
-78.439
-78.251
-78.289
-78.269
-78.611
-78.722
-78.769
-78.73
-78.545
-78.509
-78.175
-78.059
-77.711
-77.691
-77.747
-77.451
-77.012
-76.929
-76.756
-77.026
-76.865
-76.394
-76.073
-75.875
-75.801
-75.472
-75.049
-74.612
-74.551
-74.33
-74.342
-74.27
-74.276
-74.218
-74.296
-74.103
-74.32
-74.432
-74.521
-74.395
-74.525
-74.69
-74.676
-74.501
-74.303
-74.052
-73.809
-73.238
-73.058
-72.685
-72.378
-72.032
-71.874
-71.89
-71.877
-71.962
-71.649
-71.374
-71.015
-70.634
-70.355
-70.114
-69.855
-69.554
-69.348
-69.259
-69.127
-69.224
-69.098
-68.652
-68.487
-68.14
-67.899
-67.469
-67.473
-67.279
-67.294
-67.162
-67.267
-67.372
-67.386
-67.467
-67.508
-67.717
-67.912
-67.764
-67.605
-67.54
-67.861
-67.938
-67.916
-68.065
-68.425
-68.596
-68.825
-69.156
-69.38
-69.884
-70.006
-70.188
-69.905
-70.047
-70.347
-70.414
-70.492
-70.633
-70.671
-70.849
-70.877
-71.073
-71.339
-71.719
-71.656
-71.671
-71.623
-71.725
-71.702
-71.631
-71.569
-71.863
-71.747
-71.63
-71.532
-71.731
-71.732
-71.596
-71.902
-72.078
-72.452
-72.644
-72.776
-72.817
-72.707
-72.852
-72.609
-72.389
-72.032
-71.681
-71.386
-71.278
-70.984
-70.743
-70.279
-70.086
-69.67
-69.569
-69.208
-68.97
-68.87
-68.619
-68.159
-67.915
-67.699
-67.328
-67.091
-66.987
