-80.085
-79.785
-79.633
-79.469
-79.441
-79.532
-79.42
-79.364
-79.503
-79.741
-79.622
-79.842
-79.943
-79.835
-79.743
-79.643
-79.561
-79.496
-79.451
-79.404
-79.354
-79.321
-79.301
-79.347
-79.69
-79.643
-79.792
-80.061
-80.032
-80.126
-80.092
-79.818
-79.678
-79.659
-79.368
-79.555
-79.736
-79.906
-79.962
-79.831
-79.766
-80.077
-80.129
-80.308
-80.135
-80.185
-80.172
-80.314
-80.033
-79.902
-79.628
-79.527
-79.536
-79.265
-79.071
-79.312
-79.617
-79.663
-79.577
-79.695
-79.683
-79.532
-79.608
-79.633
-79.467
-79.62
-79.537
-79.812
-79.518
-79.722
-79.874
-79.783
-79.652
-79.897
-80.022
-79.985
-79.898
-80.024
-80.127
-80
-80.284
-80.183
-80.082
-79.734
-79.64
-79.868
-79.881
-80.278
-80.187
-80.114
-80.013
-79.96
-80.073
-79.984
-79.634
-79.756
-79.361
-79.521
-79.622
-79.777
-79.55
-79.767
-79.557
-79.542
-79.712
-79.69
-79.785
-79.753
-79.846
-79.883
-79.822
-79.936
-79.787
-79.881
-79.764
-79.381
-79.522
-79.495
-79.375
-79.349
-79.391
-79.385
-79.444
-79.238
-79.227
-79.151
-79.483
-79.452
-79.316
-79.542
-79.435
-79.744
-79.754
-79.865
-80.271
-80.141
-80.228
-80.049
-80.028
-79.983
-79.795
-79.776
-79.659
-79.668
-79.857
-79.919
-79.806
-79.652
-79.885
-79.646
-79.574
-79.483
-79.506
-79.533
-79.438
-79.546
-79.852
-79.946
-79.804
-79.743
-79.726
-79.92
-79.812
-79.705
-79.669
-79.72
-79.646
-79.799
-79.778
-79.774
-79.86
-79.926
-80.081
-80.132
-80.186
-80.04
-80.08
-80.034
-79.743
-79.803
-79.853
-79.585
-79.649
-79.829
-80.112
-79.975
-79.732
-79.901
-79.875
-79.713
-79.988
-79.745
-79.768
-79.557
-79.561
-79.209
-79.457
-79.363
-79.276
-79.294
-79.424
-79.236
-79.385
-79.489
-79.225
-79.186
-79.324
-79.557
-79.534
-79.329
-79.583
-79.423
-79.459
-79.265
-79.085
-79.346
-79.182
-78.969
-78.828
-78.727
-78.801
-78.902
-79.044
-78.997
-78.988
-79.097
-79.09
-79.015
-78.995
-78.831
-78.753
-78.722
-78.38
-77.705
-77.074
-76.034
-75.612
-75.225
-74.342
-73.672
-72.782
-71.962
-71.353
-70.848
-70.459
-70.186
-69.825
-69.516
-69.062
-68.777
-68.591
-67.999
-67.218
-65.926
-64.488
-62.978
-61.733
-60.417
-59.332
-58.376
-57.534
-56.542
-55.691
-55.082
-54.559
-54.042
-53.497
-53.259
-52.674
-52.325
-53.556
-57.188
-61.653
-65.759
-68.847
-71.349
-73.321
-74.417
-75.538
-76.109
-76.434
-76.675
-76.907
-77.065
-77.389
-77.502
-77.988
-78.152
-78.127
-78.535
-78.851
-78.783
-78.793
-78.634
-78.673
-78.208
-77.761
-77.345
-76.884
-76.507
-76.595
-76.515
-76.509
-76.405
-76.836
-77.032
-77.374
-77.636
-77.243
-77.337
-77.398
-77.381
-77.384
-77.377
-77.533
-77.744
-77.689
-77.835
-77.956
-78.235
-78.441
-78.484
-78.607
-78.522
-78.682
-78.603
-78.78
-78.708
-78.891
-78.825
-78.853
-78.795
-79.232
-79.021
-78.958
-78.935
-79.085
-79.215
-79.156
-79.211
-79.23
-78.982
-79.019
-79.184
-79.142
-79.345
-79.385
-79.439
-79.067
-78.911
-78.502
-78.168
-77.679
-77.57
-77.754
-77.797
-77.749
-77.645
-77.613
-77.855
-77.933
-77.622
-77.835
-77.915
-77.843
-77.458
-77.17
-77.074
-76.692
-76.668
-76.706
-76.719
-76.804
-76.786
-77.011
-76.875
-76.745
-76.906
-76.847
-77.114
-77.515
-77.589
-77.751
-77.641
-77.74
-77.759
-77.68
-77.866
-77.684
-77.234
-76.346
-75.14
-74.26
-73.935
-73.617
-73.259
-73.101
-72.982
-72.93
-72.629
-72.465
-72.705
-72.332
-72.449
-72.477
-72.739
-72.311
-71.744
-70.927
-70.438
-69.827
-69.565
-69.352
-69.707
-70.261
-71.299
-71.975
-72.7
-73.215
-73.603
-73.942
-74.312
-74.451
-74.483
-74.764
-74.906
-74.96
-74.934
-74.838
-74.87
-74.801
-74.852
-74.697
-74.677
-74.454
-74.54
-74.762
-74.876
-74.996
-75.311
-75.334
-75.616
-75.74
-75.69
-75.613
-75.279
-74.918
-74.74
-74.535
-74.287
-74.513
-74.419
-74.057
-73.436
-72.507
-71.952
-71.721
-71.523
-71.141
-71.055
-71.207
-71.601
-71.873
-72.498
-72.945
-73.301
-73.76
-73.826
-74.324
-74.425
-74.745
-74.462
-73.696
-73.303
-72.32
-72.01
-72.064
-72.035
-71.969
-71.775
-71.822
-71.838
-71.939
-72.29
-72.595
-72.461
-72.338
-72.164
-72.08
-72.13
-71.908
-71.941
-71.825
-71.339
-70.475
-69.688
-69.231
-68.887
-68.709
-68.636
-68.836
-68.733
-68.765
-68.736
-68.591
-68.35
-68.143
-68.26
-68.387
-68.401
-68.622
-68.968
-69.419
-69.547
-69.904
-70.752
-71.439
-71.979
-72.756
-73.319
-73.84
-74.223
-74.471
-74.837
-75.143
-74.767
-74.014
-73.512
-72.825
-72.482
-72.298
-72.114
-71.341
-71.386
-71.783
-71.76
-71.726
-71.938
-72.196
-72.497
-72.513
-72.922
-73.206
-73.422
-73.558
-73.765
-73.97
-74.192
-74.355
-74.395
-74.581
-74.869
-74.814
-74.901
-74.882
-75.078
-75.385
-75.858
-75.969
-76.062
-76.372
-76.467
-76.52
-76.593
-76.589
-76.504
-76.654
-76.812
-77.151
-77.464
-77.698
-77.622
-77.517
-77.3
-77.455
-77.75
-78.035
-78.181
-78.333
-78.257
-78.162
-78.083
-78.305
-78.083
-78.105
-78.148
-78.44
-78.317
-77.994
-78.035
-78.115
-77.939
-78.175
-78.59
-78.893
-78.922
-78.798
-78.848
-79.03
-79.084
-79.289
-79.309
-79.162
-79.027
-78.995
-79.135
-79.03
-79.095
-79.228
-79.123
-79.211
-78.808
-78.155
-77.657
-76.767
-76.283
-75.683
-75.428
-75.241
-75.091
-74.8
-74.966
-75.102
-75.047
-74.896
-74.839
