-79.741
-79.716
-79.522
-79.492
-79.485
-79.357
-79.299
-79.331
-79.555
-79.334
-79.165
-79.268
-79.294
-79.199
-79.429
-79.664
-79.771
-79.459
-79.891
-79.775
-79.842
-79.569
-79.683
-79.909
-79.863
-79.826
-79.849
-79.549
-79.518
-79.524
-79.595
-79.634
-79.487
-79.583
-79.667
-79.671
-79.47
-79.664
-79.706
-79.807
-79.753
-79.898
-80.061
-79.977
-79.951
-79.73
-79.667
-79.553
-79.432
-79.623
-79.83
-79.749
-79.468
-79.845
-79.86
-79.703
-79.85
-79.889
-79.51
-79.613
-79.779
-79.687
-79.983
-80.051
-80.094
-80.198
-80.08
-79.998
-80.12
-80.237
-80.346
-80.225
-79.878
-79.778
-79.706
-79.908
-79.765
-79.549
-79.678
-79.427
-79.571
-79.381
-79.243
-79.248
-79.268
-79.265
-79.226
-79.599
-79.579
-79.803
-79.627
-79.683
-79.541
-79.687
-79.52
-79.727
-79.821
-80.04
-80.491
-80.532
-80.401
-80.388
-80.46
-80.776
-80.699
-80.418
-80.344
-80.179
-80.162
-80.102
-80.017
-79.95
-79.902
-79.739
-79.659
-79.553
-79.429
-79.592
-79.464
-79.742
-79.707
-80.221
-80.318
-79.977
-79.849
-79.488
-79.433
-79.217
-79.296
-79.296
-79.256
-79.473
-79.649
-79.635
-79.703
-79.588
-79.499
-79.651
-79.854
-79.898
-79.901
-79.603
-79.594
-79.36
-79.314
-79.265
-79.104
-79.164
-79.004
-79.001
-79.195
-79.122
-79.012
-79.11
-78.859
-78.858
-78.897
-78.816
-79.094
-78.803
-79.007
-79.078
-78.903
-78.646
-78.893
-78.958
-78.971
-78.989
-78.792
-78.808
-78.892
-78.988
-78.969
-79.28
-79.339
-79.425
-79.307
-79.566
-79.421
-79.532
-79.748
-79.716
-79.888
-79.816
-79.966
-79.887
-79.878
-79.733
-79.599
-79.663
-79.887
-79.9
-80.079
-79.923
-79.939
-80.114
-79.878
-79.947
-80.127
-80.11
-79.849
-79.995
-79.834
-79.673
-79.329
-78.86
-78.546
-78.173
-78.13
-77.825
-77.674
-77.433
-77.157
-77.464
-77.609
-77.882
-77.822
-77.83
-77.893
-78.206
-77.971
-77.723
-78.192
-78.325
-78.344
-78.516
-78.586
-78.706
-78.648
-78.329
-78.493
-78.37
-78.596
-78.399
-78.762
-78.495
-78.45
-78.664
-78.905
-79.181
-79.153
-79.175
-79.134
-79.164
-79.086
-79.038
-79.121
-79.261
-79.315
-79.398
-79.872
-79.881
-79.547
-79.653
-79.937
-79.578
-79.615
-79.538
-79.421
-79.356
-79.108
-79.297
-79.383
-79.273
-79.167
-79.389
-79.707
-79.971
-80.036
-80.017
-79.925
-80.204
-79.919
-79.897
-79.667
-79.489
-79.407
-79.45
-79.636
-79.962
-80.01
-80.08
-79.91
-79.309
-78.693
-78.152
-77.66
-77.301
-76.873
-76.575
-76.035
-75.853
-75.649
-75.245
-74.539
-74.172
-73.661
-73.26
-72.726
-72.523
-72.227
-71.858
-71.889
-71.536
-71.59
-71.767
-71.655
-71.201
-70.913
-70.52
-70.263
-69.925
-69.651
-69.405
-69.146
-69.048
-68.878
-68.971
-68.971
-69.339
-69.751
-70.27
-70.146
-70.24
-70.568
-70.721
-70.979
-71.173
-71.466
-71.679
-71.647
-71.413
-71.182
-71.056
-70.9
-70.577
-70.232
-70.144
-69.994
-69.619
-69.925
-69.939
-70.076
-70.216
-70.663
-70.594
-70.682
-71.036
-71.037
-71.53
-71.802
-72.09
-71.937
-72.081
-71.974
-71.983
-71.97
-72.16
-72.571
-72.625
-72.793
-72.284
-71.828
-71.372
-70.848
-70.518
-70.312
-70.153
-69.772
-69.441
-69.296
-69.265
-69.317
-69.038
-69.118
-69.344
-69.559
-69.478
-69.365
-69.011
-68.758
-68.122
-67.889
-67.444
-67.078
-66.441
-66.432
-66.3
-66.208
-66.108
-66.099
-65.908
-66
-66.058
-66.102
-66.265
-66.489
-66.853
-66.639
-66.835
-67.07
-67.201
-67.364
-67.398
-67.705
-67.847
-67.909
-67.91
-68.305
-68.467
-68.683
-68.803
-69.198
-69.405
-69.488
-69.74
-69.834
-69.996
-70.549
-70.669
-70.698
-70.529
-70.519
-70.735
-70.662
-70.33
-70.014
-69.601
-69.151
-68.622
-68.398
-67.995
-67.682
-67.249
-66.99
-66.72
-66.603
-66.398
-66.359
-66.105
-66.085
-66.011
-65.647
-65.539
-65.472
-65.569
-65.606
-65.7
-65.754
-66.071
-65.725
-65.439
-65.035
-64.476
-63.488
-63.105
-62.703
-61.921
-61.219
-60.402
-59.235
-58.607
-58.008
-57.36
-57.001
-56.459
-55.724
-55.462
-55.343
-54.955
-54.775
-54.545
-54.303
-54.221
-54.166
-54.452
-54.642
-54.504
-54.544
-54.468
-54.643
-54.853
-55.151
-55.291
-55.163
-55.417
-55.631
-55.835
-56.079
-56.065
-56.468
-56.668
-56.929
-56.912
-56.772
-56.653
-56.192
-55.819
-55.621
-55.45
-55.147
-54.604
-53.992
-53.441
-52.645
-51.994
-51.159
-50.649
-50.303
-49.594
-49.052
-48.756
-48.335
-47.649
-46.681
-45.692
-45
-45
-45
-45
-45
-45
-45
-45
-45
-45
-45
-45
-45
-45
-45
-45
-45
-45
-45
-49.222
-52.594
-55.586
-57.831
-59.297
-60.561
-61.375
-61.793
-62.188
-62.49
-62.801
-62.813
-62.839
-62.835
-62.786
-62.791
-62.983
-62.909
-63.274
-63.283
-63.433
-63.157
-62.867
-62.392
-61.457
-60.898
-60.395
-59.918
-59.481
-59.043
-58.289
-58.093
-57.676
-57.626
-57.373
-57.227
-57.111
-56.865
-56.805
-56.63
-56.501
-56.448
-56.48
-56.352
-56.48
-56.29
-56.266
-56.524
-56.559
-56.714
-56.936
-57.129
-57.409
-57.507
-57.4
-57.354
-57.641
-57.993
-58.054
-58.33
-58.649
-58.811
-58.417
-58.292
-58.438
-58.411
-58.422
-58.48
-58.093
-57.946
-57.564
-56.987
-56.319
-55.813
-55.267
-55.038
-54.639
-54.305
-53.897
-53.838
-53.691
-53.541
-53.289
-53.326
-53.039
-53
-52.761
-52.526
-52.04
-51.791
-51.566
