-90.806
-91.118
-90.84
-90.723
-90.922
-91.028
-90.807
-90.888
-90.921
-91.02
-91.06
-91.177
-91.302
-91.045
-91.103
-91.234
-91.491
-91.304
-91.416
-91.806
-91.722
-91.563
-91.554
-91.52
-91.096
-91.088
-91.158
-91.349
-91.3
-91.279
-91.174
-91.601
-91.213
-91.29
-91.438
-91.309
-91.234
-91.081
-91.009
-91.276
-91.276
-91.17
-91.217
-91.195
-91.605
-91.543
-91.634
-91.494
-91.578
-91.457
-91.581
-91.475
-91.427
-91.378
-91.08
-90.946
-90.997
-91.123
-91.045
-90.678
-90.549
-90.274
-90.389
-90.763
-90.74
-90.708
-90.341
-90.35
-90.557
-90.482
-90.608
-90.456
-90.412
-90.504
-90.461
-90.585
-90.482
-90.2
-90.07
-89.969
-90.235
-90.157
-90.181
-90.433
-90.414
-90.215
-90.112
-89.866
-89.708
-89.775
-89.868
-89.526
-89.547
-89.765
-89.972
-90.039
-90.335
-90.196
-90.012
-90.127
-90.071
-90.327
-90.075
-90.209
-90.065
-90.127
-90.322
-90.147
-90.268
-90.081
-89.923
-90.114
-90.26
-90.147
-90.075
-90.023
-89.768
-89.854
-90.016
-89.971
-90.066
-90.405
-90.714
-90.608
-90.73
-90.635
-90.656
-90.617
-90.55
-90.599
-90.483
-90.463
-90.405
-90.312
-90.032
-89.993
-90.096
-90.274
-90.455
-90.497
-90.213
-90.217
-90.302
-90.398
-90.408
-90.464
-90.757
-91.258
-91.071
-91.053
-91.307
-91.331
-91.278
-91.288
-91.183
-91.431
-91.467
-91.503
-91.727
-91.855
-91.854
-91.967
-91.979
-91.836
-92.021
-92.068
-92.139
-91.988
-91.829
-91.826
-91.874
-91.792
-91.676
-92.023
-91.964
-92.033
-91.857
-91.774
-91.683
-91.522
-91.479
-91.26
-91.212
-91.209
-91.445
-91.539
-91.707
-91.875
-91.826
-91.891
-91.737
-91.681
-91.558
-91.761
-91.785
-91.548
-91.237
-91.068
-91.429
-91.087
-90.685
-90.742
-90.813
-90.75
-90.731
-90.728
-90.477
-90.322
-90.326
-90.298
-90.187
-90.12
-90.051
-89.937
-89.938
-89.998
-90.105
-90.001
-90.343
-90.383
-90.379
-90.088
-90.213
-90.39
-90.596
-90.315
-90.439
-90.594
-90.435
-90.596
-90.856
-90.605
-90.803
-90.58
-90.383
-90.723
-90.965
-90.751
-90.874
-90.9
-90.951
-90.983
-90.965
-90.76
-90.808
-90.978
-91.228
-91.249
-91.356
-91.608
-91.649
-91.605
-91.807
-92.054
-92.006
-91.758
-91.561
-91.478
-91.715
-91.433
-91.429
-91.478
-91.296
-91.103
-90.74
-90.709
-91.132
-90.738
-90.646
-90.721
-90.341
-90.483
-90.76
-90.772
-90.724
-90.55
-90.539
-90.537
-90.472
-90.304
-90.281
-89.975
-89.546
-89.264
-88.846
-88.004
-87.053
-86.313
-85.772
-85.035
-84.346
-83.501
-82.786
-82.27
-81.696
-80.994
-80.25
-79.797
-79.186
-78.75
-78.478
-78.165
-77.956
-77.829
-77.408
-77.063
-77.088
-76.548
-76.009
-76.213
-76.18
-75.974
-75.974
-75.958
-75.741
-75.616
-75.306
-74.992
-75.087
-74.488
-74.67
-74.58
-74.8
-75.017
-74.746
-74.79
-74.733
-74.733
-74.47
-74.482
-74.378
-74.645
-74.741
-74.695
-74.513
-74.6
-74.387
-74.419
-74.34
-74.164
-74.183
-74.358
-74.378
-74.349
-74.476
-74.573
-74.57
-74.477
-74.259
-74.228
-74.117
-74.37
-74.545
-74.652
-74.818
-74.557
-74.647
-74.66
-74.684
-74.73
-74.816
-74.699
-74.413
-74.351
-74.241
-74.151
-73.933
-73.875
-74.237
-74.191
-74.452
-74.252
-74.258
-73.981
-73.865
-73.699
-73.387
-72.722
-72.271
-71.921
-71.425
-71.28
-71.227
-70.915
-70.652
-70.337
-70.155
-69.971
-69.745
-69.568
-69.041
-68.951
-68.9
-68.791
-69.056
-69.068
-69.323
-69.43
-69.634
-69.181
-69.161
-69.08
-68.83
-68.837
-68.985
-68.778
-68.684
-68.842
-68.944
-68.908
-69.067
-68.748
-68.698
-68.542
-68.562
-68.564
-68.516
-68.103
-68.183
-67.985
-67.695
-67.786
-67.527
-67.578
-67.629
-67.665
-67.479
-67.175
-67.052
-67.441
-67.252
-67.172
-67.076
-67.371
-67.382
-67.589
-67.464
-67.323
-67.586
-67.849
-67.872
-68.017
-67.892
-67.793
-67.952
-68.082
-67.762
-67.647
-67.454
-67.14
-67
-66.981
-67.187
-66.877
-67.098
-67.161
-67.093
-67.325
-67.527
-67.539
-67.287
-67.378
-67.438
-68.131
-70.11
-72.395
-74.184
-75.713
-77.034
-77.988
-78.54
-78.956
-79.358
-79.633
-79.539
-79.451
-79.424
-79.264
-79.185
-78.888
-78.753
-78.496
-78.366
-77.976
-78.062
-77.838
-78.03
-78.054
-78.124
-78.229
-78.171
-78.125
-78.506
-78.561
-78.649
-78.536
-78.578
-78.532
-78.467
-78.439
-78.191
-78.331
-78.207
-78.036
-77.921
-77.628
-77.722
-77.94
-78.078
-78.06
-77.773
-77.871
-77.901
-77.873
-77.98
-77.998
-78.142
-78.317
-78.142
-78.361
-78.732
-78.558
-78.545
-78.53
-78.442
-78.578
-78.577
-78.66
-78.654
-78.615
-78.543
-78.368
-78.743
-78.99
-78.982
-78.834
-78.895
-78.939
-78.914
-79.138
-79.362
-79.461
-79.349
-79.442
-79.383
-79.602
-79.52
-79.661
-79.459
-79.36
-79.5
-79.596
-79.344
-79.487
-79.713
-79.54
-79.528
-79.555
-79.724
-79.816
-79.939
-79.817
-80.007
-80.183
-80.139
-80.038
-80.013
-79.777
-79.905
-79.387
-79.936
-79.933
-79.814
-79.955
-80.041
-79.866
-79.803
-79.918
-80.144
-79.887
-79.603
-79.601
-79.785
-79.68
-79.636
-79.685
-79.892
-79.764
-79.696
-79.735
-79.834
-80.161
-80.233
-80.034
-79.939
-79.873
-79.647
-79.335
-79.357
-79.569
-79.624
-79.643
-79.941
-80.106
-80.206
-80.246
-79.969
-79.674
-79.543
-79.833
-79.942
-79.907
-79.648
-79.496
-79.235
-79.158
-78.812
-78.431
-78.199
-78.129
-78.142
-78.224
-78.225
-78.089
-78.19
-78.238
