-88.655
-88.768
-88.947
-88.378
-88.275
-88.421
-88.476
-88.379
-88.332
-88.319
-88.392
-88.476
-88.733
-88.583
-88.713
-88.431
-88.161
-88.067
-87.955
-87.826
-87.917
-87.899
-87.891
-87.89
-87.845
-88.048
-88.08
-88.182
-88.285
-88.245
-88.342
-88.116
-88.255
-88.194
-88.163
-88.263
-88.273
-88.439
-88.559
-88.464
-88.261
-88.642
-88.653
-88.646
-88.925
-88.893
-88.833
-88.924
-89.257
-89.131
-89.256
-89.408
-89.363
-89.291
-89.453
-89.603
-89.41
-89.229
-89.253
-88.942
-89.216
-89.185
-89.009
-88.845
-88.87
-88.871
-88.861
-88.854
-89.183
-89.434
-89.622
-89.607
-89.358
-89.613
-89.342
-89.133
-89.311
-89.17
-89.35
-89.44
-89.277
-89.291
-89.335
-89.275
-89.349
-89.351
-89.352
-89.238
-89.367
-89.489
-89.616
-89.713
-89.842
-90.04
-90.056
-89.784
-89.917
-90.009
-90.137
-89.759
-89.71
-89.946
-89.675
-89.482
-89.215
-88.947
-88.603
-88.422
-88.763
-88.873
-88.828
-88.726
-88.734
-88.837
-88.632
-88.724
-88.594
-88.411
-88.341
-88.506
-88.708
-88.722
-88.656
-88.55
-88.572
-88.48
-88.672
-88.867
-88.782
-88.753
-88.961
-88.923
-89.159
-89.371
-89.239
-89.285
-89.312
-89.425
-89.377
-89.133
-89.292
-89.233
-89.279
-89.363
-89.272
-89.095
-89.051
-89.006
-89.018
-88.947
-88.739
-88.552
-88.698
-88.819
-88.737
-88.748
-88.725
-88.577
-88.845
-88.713
-88.632
-88.478
-88.189
-88.227
-88.138
-88.232
-88.262
-88.35
-88.293
-88.484
-88.676
-88.553
-88.525
-88.636
-88.676
-88.534
-88.196
-88.336
-88.45
-88.475
-88.589
-88.032
-87.899
-87.589
-87.47
-87.35
-87.376
-87.306
-87.28
-87.433
-87.658
-87.439
-87.419
-87.207
-86.968
-86.791
-86.677
-86.322
-86.441
-86.451
-86.583
-86.62
-86.751
-86.949
-86.949
-86.964
-87.184
-87.333
-86.913
-86.866
-86.889
-86.79
-86.932
-87.075
-87.143
-87.425
-87.469
-87.26
-87.245
-87.35
-87.474
-87.498
-87.577
-87.161
-87.036
-87.07
-86.854
-87.068
-87.125
-86.956
-87.298
-87.424
-87.669
-87.301
-87.159
-87.191
-86.963
-86.674
-86.701
-86.707
-86.76
-86.887
-86.674
-86.835
-86.92
-86.842
-86.928
-87.115
-87.118
-86.994
-86.874
-86.983
-87.042
-87.216
-87.451
-87.588
-87.777
-87.869
-87.735
-87.988
-87.977
-87.925
-88.076
-87.813
-87.91
-87.939
-87.873
-87.647
-87.545
-87.572
-87.416
-87.332
-87.311
-87.45
-87.336
-87.272
-87.339
-87.299
-87.291
-87.474
-87.577
-87.653
-87.519
-87.335
-87.425
-87.226
-87.069
-86.462
-86.207
-85.996
-85.271
-84.824
-84.334
-84.115
-83.733
-83.386
-82.901
-82.676
-82.107
-81.856
-81.378
-80.911
-80.172
-79.405
-79.229
-78.47
-78.132
-77.798
-77.38
-76.861
-76.421
-75.964
-75.462
-74.988
-75.015
-74.803
-74.526
-73.992
-73.7
-73.539
-73.174
-72.928
-72.708
-72.458
-72.495
-72.183
-71.858
-71.713
-71.503
-71.465
-71.283
-71.013
-70.77
-70.51
-70.462
-70.245
-70.163
-69.896
-69.597
-69.507
-69.556
-69.285
-68.984
-68.621
-68.652
-68.128
-67.959
-67.671
-67.412
-67.174
-66.777
-66.23
-66.066
-65.78
-65.415
-65.076
-64.804
-64.574
-64.483
-64.367
-64.117
-63.935
-63.729
-63.781
-63.823
-63.84
-63.567
-63.53
-63.312
-63.071
-62.786
-62.739
-62.326
-62.658
-62.308
-62.205
-62.029
-61.943
-61.327
-60.862
-60.635
-60.557
-60.094
-59.895
-59.952
-59.356
-59.005
-58.849
-58.66
-58.075
-58.039
-57.48
-57.161
-57.084
-56.726
-56.545
-56.313
-55.842
-55.948
-55.498
-54.704
-54.412
-53.908
-53.38
-52.223
-51.112
-49.173
-45
-45
-45
-45
-45
-45
-45
-45
-45
-45
-45
-45
-45
-45
-46.047
-52.9
-58.632
-63.084
-66.204
-68.547
-69.939
-70.769
-71.465
-71.964
-72.062
-72.233
-72.303
-72.459
-72.67
-72.643
-72.644
-73.095
-73.125
-72.815
-73.025
-73.146
-73.028
-72.871
-72.777
-72.885
-72.975
-73.148
-73.05
-73.061
-72.828
-73.095
-72.993
-73.219
-73.268
-73.301
-73.337
-73.659
-73.869
-74.129
-74.19
-74.315
-74.374
-74.658
-74.543
-74.616
-74.842
-74.499
-74.811
-74.899
-74.931
-74.694
-74.587
-74.001
-73.726
-73.136
-72.499
-71.809
-71.013
-70.356
-69.847
-69.122
-68.848
-68.479
-68.277
-68
-67.773
-67.203
-67.138
-66.806
-66.627
-66.519
-66.294
-65.894
-65.935
-65.611
-65.495
-65.429
-65.327
-65.318
-65.11
-65.041
-64.857
-64.906
-64.783
-64.803
-64.82
-64.926
-64.887
-64.56
-64.579
-64.275
-64.007
-63.749
-63.468
-63.083
-62.53
-61.733
-60.614
-59.588
-58.76
-57.743
-56.69
-55.522
-54.192
-53.057
-51.845
-50.042
-46.876
-45
-45
-45
-45
-45
-45
-45
-45
-45
-45
-45
-45
-45
-45
-50.591
-56.631
-61.528
-64.995
-67.433
-68.991
-70.119
-70.517
-70.826
-70.98
-71.193
-71.492
-71.492
-71.671
-71.646
-71.858
-71.615
-71.792
-71.995
-72.186
-72.159
-72.223
-72.315
-72.588
-72.263
-72.277
-72.152
-71.905
-71.824
-71.8
-71.446
-71.548
-71.439
-71.399
-71.368
-71.41
-71.715
-71.859
-71.907
-71.919
-72.118
-72.382
-72.497
-72.345
-72.653
-72.663
-72.742
-73.025
-73.406
-73.518
-73.584
-73.603
-73.833
-73.78
-73.843
-73.709
-73.478
-73.937
-73.962
-73.748
-73.71
-73.786
-74.008
-74.238
-74.427
-74.815
-74.795
-75.058
-75.021
-75.023
-75.059
-75.334
-75.446
-75.831
-75.903
-75.938
-76.078
-76.06
-76.272
-76.167
-76.388
-76.207
