-82.222
-82.406
-82.449
-82.246
-82.055
-82.031
-82.107
-81.942
-81.981
-82.042
-81.716
-81.688
-81.582
-81.473
-81.535
-81.156
-81.366
-81.287
-81.361
-81.675
-81.624
-81.375
-81.551
-81.368
-81.439
-81.537
-81.367
-81.184
-80.874
-80.885
-80.727
-80.744
-81.101
-80.895
-80.938
-80.725
-80.652
-80.914
-81.023
-80.931
-80.935
-81.063
-80.708
-80.874
-81.051
-81.027
-80.967
-81.013
-80.826
-80.587
-80.585
-80.646
-80.83
-80.798
-80.804
-80.842
-80.913
-80.618
-80.571
-80.272
-80.126
-80.019
-80.011
-80.018
-79.884
-80.059
-80.225
-80.063
-79.992
-79.716
-79.674
-79.446
-79.176
-79.113
-79.023
-78.673
-78.399
-78.356
-78.112
-78.205
-78.192
-78.035
-77.961
-77.975
-78.284
-78.297
-78.38
-78.402
-78.364
-78.282
-78.178
-78.17
-78.185
-78.311
-78.147
-78.012
-77.956
-78.107
-78.247
-78.414
-78.399
-78.512
-78.603
-78.54
-78.865
-78.725
-78.783
-78.567
-78.685
-78.76
-78.714
-78.693
-78.397
-78.58
-78.857
-78.809
-78.439
-78.769
-78.845
-79.156
-79.072
-79.279
-79.285
-78.976
-79.072
-79.265
-79.156
-79.404
-79.684
-79.432
-79.348
-79.51
-79.666
-79.854
-79.754
-79.896
-79.895
-79.953
-79.818
-79.68
-79.86
-79.754
-79.789
-79.687
-79.348
-79.607
-79.355
-79.451
-79.523
-79.325
-79.46
-79.616
-79.433
-79.341
-79.298
-79.542
-79.674
-79.651
-79.637
-79.706
-79.813
-79.76
-79.776
-79.65
-79.801
-79.811
-80.022
-80.264
-80.533
-80.282
-80.118
-79.791
-80.099
-79.936
-79.895
-79.689
-79.719
-79.697
-79.506
-79.32
-79.384
-79.289
-79.443
-79.553
-79.626
-79.549
-79.372
-79.177
-79.281
-79.505
-79.429
-79.564
-79.539
-79.647
-79.571
-79.341
-79.571
-79.825
-79.859
-79.917
-79.999
-80.044
-79.909
-79.543
-79.581
-79.456
-79.186
-79.612
-79.729
-79.775
-79.65
-79.65
-79.506
-79.432
-79.415
-79.717
-79.648
-79.844
-79.717
-79.455
-79.255
-78.963
-78.755
-78.603
-78.691
-78.557
-78.497
-78.364
-78.342
-78.177
-78.001
-78.013
-78.252
-78.349
-78.161
-78.29
-78.475
-78.104
-78.088
-77.957
-77.862
-77.992
-78.17
-78.501
-78.676
-78.577
-79.016
-79.014
-79.052
-79.185
-79.103
-79.342
-79.067
-78.927
-79.043
-78.982
-78.919
-78.747
-78.772
-78.878
-79.049
-78.985
-78.969
-79.01
-78.943
-79.102
-79.144
-79.046
-78.658
-78.985
-79.05
-79.16
-79.115
-79.404
-79.436
-79.463
-79.335
-79.344
-79.5
-79.579
-79.749
-79.933
-79.826
-79.549
-79.419
-79.697
-79.716
-79.689
-79.515
-79.502
-79.521
-79.284
-79.157
-78.904
-78.896
-78.693
-78.57
-78.468
-78.212
-78.119
-77.901
-77.978
-77.885
-78.114
-78.198
-78.128
-78.117
-78.195
-77.799
-77.723
-77.395
-77.479
-77.143
-77.234
-76.958
-77.106
-77.066
-76.908
-76.702
-76.789
-76.539
-76.529
-76.604
-76.478
-76.358
-76.517
-76.482
-76.527
-76.749
-76.672
-76.782
-76.703
-76.745
-76.705
-76.617
-76.663
-76.598
-76.504
-76.495
-76.53
-76.419
-76.526
-76.615
-76.608
-76.649
-76.715
-76.709
-76.762
-76.703
-76.55
-76.551
-76.423
-76.154
-76.106
-75.905
-76.009
-75.995
-75.99
-76.262
-76.229
-76.222
-76.252
-76.155
-75.615
-75.771
-75.749
-75.778
-75.786
-75.947
-75.723
-75.718
-75.728
-75.903
-75.75
-75.666
-75.535
-75.275
-75.149
-74.869
-75.097
-74.786
-74.831
-74.42
-74.315
-74.389
-74.633
-74.568
-74.603
-74.805
-74.469
-74.306
-74.616
-74.491
-74.549
-74.562
-74.597
-74.93
-75.015
-75.041
-74.931
-74.751
-74.827
-74.561
-74.129
-74.332
-74.411
-74.465
-74.598
-74.542
-74.7
-74.721
-74.868
-74.99
-74.989
-74.99
-74.922
-74.792
-74.819
-74.853
-75.272
-75.508
-75.539
-75.79
-76.011
-75.766
-75.389
-75.328
-75.492
-75.518
-75.19
-75.195
-74.974
-75.179
-74.948
-74.933
-74.732
-74.76
-74.946
-74.823
-74.676
-74.725
-74.864
-74.79
-74.603
-74.517
-74.615
-74.591
-74.633
-74.518
-74.54
-74.951
-74.991
-74.751
-74.704
-74.719
-74.607
-74.372
-74.538
-74.66
-74.596
-74.797
-74.573
-74.721
-74.559
-74.512
-74.541
-74.275
-74.237
-74.43
-74.332
-74.54
-74.364
-74.725
-74.625
-74.51
-74.578
-74.591
-74.585
-74.731
-74.784
-74.786
-74.428
-74.612
-74.393
-74.582
-74.259
-74.676
-74.549
-74.46
-74.595
-74.361
-74.283
-74.155
-74.218
-74.037
-74.214
-74.088
-74.26
-73.964
-73.704
-73.872
-74.149
-74.05
-73.906
-73.883
-73.55
-73.47
-73.748
-73.554
-73.546
-73.456
-73.389
-73.275
-73.445
-73.343
-73.303
-73.317
-73.165
-73.168
-73.485
-73.86
-73.958
-73.706
-73.373
-73.517
-73.467
-73.44
-73.466
-73.613
-73.77
-73.78
-73.59
-73.443
-73.629
-73.39
-73.275
-73.095
-73.07
-73.317
-73.204
-73.187
-73.268
-73.41
-73.504
-73.329
-72.998
-72.771
-72.753
-72.54
-72.551
-72.192
-71.975
-71.479
-70.974
-70.577
-70.314
-70.268
-69.9
-69.729
-69.259
-69.158
-68.722
-68.743
-68.46
-68.153
-68.093
-67.697
-67.593
-67.511
-66.925
-66.84
-66.361
-66.456
-66.162
-66.261
-66.116
-66.136
-65.916
-65.671
-65.515
-65.453
-65.177
-65.17
-64.599
-64.07
-63.705
-63.442
-63.23
-63.047
-62.897
-62.458
-62.205
-62.043
-61.673
-61.632
-61.677
-61.879
-63.446
-66.58
-70.022
-72.91
-74.98
-76.542
-77.565
-78.369
-79.016
-79.236
-79.685
-79.741
-79.986
-79.938
-79.699
-79.758
-79.97
-79.895
-79.743
-80.069
-79.928
-79.811
-79.678
-79.841
-79.866
-79.933
-79.564
-79.753
-79.692
-79.676
-79.813
-79.845
-79.946
-80.142
-79.932
-79.85
-79.74
-79.545
-79.541
-79.777
-79.622
-79.931
-79.684
-79.695
-79.861
-79.853
-79.779
-79.908
-80.032
-80.09
-80.298
-80.415
-80.297
-79.958
-79.66
-79.802
-79.706
-79.594
-79.5
-79.354
-79.4
-79.472
-79.687
-79.766
-79.634
-79.892
-79.896
-79.915
-80.067
-79.8
-79.726
-79.65
-79.795
-80.059
-80.009
-80.124
-79.927
-79.925
-79.948
-80.029
-79.817
-79.964
-80.078
-79.894
-79.969
-79.865
-79.803
-79.463
-79.901
-80.073
-79.969
-79.984
-79.83
-79.761
-80.034
-79.802
-79.822
-79.926
-79.795
-79.702
-79.761
-79.685
-79.973
-80.225
-80.19
-79.578
-79.867
-79.944
-79.925
-79.636
-79.494
-79.686
-79.833
-79.835
-79.872
-79.712
-79.628
-79.779
-79.805
-79.822
-79.755
-79.717
-79.595
-79.494
-79.708
-79.757
-80.028
-79.777
-80.096
-79.984
-80.152
-80.213
-80.126
-80.067
-80.159
-80.016
-79.899
-79.738
-79.817
-79.568
-79.658
-79.515
-79.907
-80.026
-80.116
-79.946
-79.866
-79.809
-79.781
-79.672
-79.769
-79.687
-79.956
-80.072
-80.242
-80.071
-79.888
-79.586
-79.766
-80.17
-80.232
-80.069
-79.781
-79.937
-79.887
-79.946
-79.783
-80.011
-79.905
-79.91
-80.196
-80.182
-80.186
-79.979
-80.034
-80.253
-80.406
-80.282
-80.337
-80.048
-80.228
-79.893
-80.013
-80.195
-80.088
-80.137
-80.247
-80.224
-80.159
-80.235
-79.882
-79.655
-79.591
-79.455
-79.626
-79.62
-79.872
-80.161
-80.046
-80.045
-79.731
-79.675
-79.764
-79.884
-79.694
-79.694
-79.435
-79.542
-79.623
-79.709
-79.823
-79.753
-79.733
-79.741
-79.552
-79.418
-79.589
-80.121
-80.014
-80.144
-80.481
-80.764
-80.562
-80.448
-80.65
-80.778
-80.938
-80.662
-80.469
-80.489
-80.12
-80.355
-80.361
-80.449
-80.152
-80.187
-80.258
-80.413
-80.523
-80.67
-80.536
-80.58
-80.6
-80.469
-80.765
-80.476
-80.264
-80.321
-80.232
-80.249
-80.184
-79.967
-80.098
-80.044
-80.011
-79.95
-79.782
-79.666
-79.434
-79.645
-79.546
-79.61
-79.512
-79.325
-79.247
-79.436
-79.519
-79.826
-80.257
-80.067
-80.011
-79.919
-79.907
-80.09
-80.317
-80.221
-80.299
-80.297
-80.497
-80.438
-80.597
-80.296
-80.04
-80.018
-80.187
-80.066
-79.934
-80.295
-80.283
-80.057
-80.002
-79.825
-80.053
-79.855
-79.72
-79.362
-79.645
-79.646
-79.908
-79.809
-79.812
-79.882
-80.119
-80.251
-79.973
-79.974
-80.089
-80.048
-80.025
-79.665
-79.868
-80.039
-80.196
-79.98
-79.947
-79.842
-79.691
-79.609
-79.732
-80.084
-80.099
-79.985
-79.907
-80.003
-79.852
-79.922
-80.245
-80.12
-79.82
-79.793
-79.67
-79.718
-80.053
-80.081
-79.916
-79.974
-80.092
-79.864
-79.75
-79.989
-80.085
-79.98
-80.009
-80.042
-80.227
-80.198
-80.088
-80.312
-80.256
-80.527
-80.492
-80.568
-80.585
-80.767
-80.64
-80.392
-80.245
-80.241
-79.99
-80.247
-80.103
-80.04
-79.801
-79.437
-79.592
-79.658
-79.622
-79.488
-79.875
-79.507
-79.561
-79.769
-79.862
-79.788
-79.652
-79.321
-79.22
-79.219
-79.461
-79.452
-79.711
-79.582
-79.403
-79.368
-79.257
-79.227
-79.174
-79.385
-79.453
-79.621
-79.749
-79.692
-79.679
-79.763
-79.994
-80.242
-80.398
-80.476
-80.337
-80.302
-80.116
-80.255
-80.185
-80.14
