-85.915
-86.105
-86.222
-86.283
-86.311
-86.56
-86.557
-86.761
-86.644
-86.828
-86.995
-86.824
-86.645
-86.832
-86.679
-86.601
-86.398
-86.436
-85.968
-85.717
-85.694
-86.092
-86.092
-86.203
-86.095
-86.071
-86.217
-85.894
-86.295
-86.278
-85.876
-85.97
-86.068
-86.373
-86.53
-86.641
-86.686
-86.76
-86.926
-86.884
-86.992
-86.918
-87.162
-87.06
-86.776
-86.689
-86.537
-86.586
-86.474
-86.636
-86.468
-86.372
-86.276
-86.37
-86.171
-86.045
-86.151
-86.362
-86.528
-86.293
-86.356
-86.229
-86.548
-86.38
-86.329
-86.428
-86.525
-86.471
-86.476
-86.429
-86.19
-86.125
-85.91
-86.041
-86.02
-86.035
-86.186
-86.112
-86.223
-86.336
-86.653
-86.643
-86.482
-86.418
-86.148
-86.49
-86.385
-86.165
-86.206
-86.411
-86.195
-86.229
-86.017
-85.952
-85.491
-85.645
-85.719
-85.499
-85.612
-85.429
-85.396
-85.623
-85.497
-85.731
-85.542
-85.253
-85.352
-85.476
-85.696
-85.658
-85.826
-85.777
-85.716
-86.011
-86.016
-85.874
-85.931
-85.845
-85.958
-85.902
-86.108
-86.09
-86.44
-86.256
-86.331
-86.531
-86.303
-86.46
-86.56
-86.501
-86.771
-86.761
-86.829
-86.842
-86.656
-87.082
-86.932
-87.138
-87.202
-87.112
-87.064
-86.985
-86.951
-86.73
-86.734
-86.732
-86.286
-86.465
-86.586
-86.291
-86.379
-86.498
-86.544
-86.772
-86.913
-86.864
-86.796
-86.993
-87.03
-87.007
-87.11
-86.842
-86.883
-86.705
-86.461
-86.654
-86.678
-86.577
-86.76
-86.407
-86.149
-86.041
-85.951
-85.958
-85.876
-85.866
-85.899
-86.014
-86.123
-86.035
-86.039
-86.233
-86.302
-86.101
-86.069
-86.015
-86.228
-86.424
-86.195
-86.263
-86.269
-86.277
-86.363
-86.442
-86.475
-86.359
-86.047
-85.974
-86.119
-86.148
-86.422
-86.82
-86.815
-86.834
-87.077
-86.887
-87.046
-87.126
-87.203
-87.131
-87.166
-87.409
-87.26
-87.232
-87.001
-86.751
-86.796
-87.146
-87.113
-87.064
-86.964
-87.277
-87.207
-86.874
-87.008
-86.761
-87.055
-87.086
-87.083
-87.11
-86.841
-87.044
-87.021
-86.821
-86.866
-86.927
-87.087
-87.277
-87.291
-87.349
-87.272
-87.23
-87.358
-87.602
-87.697
-87.714
-87.717
-87.681
-87.829
-87.77
-87.913
-87.499
-87.032
-86.993
-87.163
-86.922
-86.985
-86.922
-86.823
-86.787
-86.669
-86.782
-86.587
-86.509
-86.575
-86.519
-86.482
-86.595
-86.705
-87.119
-87.031
-87.217
-87.125
-87.141
-86.921
-86.713
-86.752
-86.939
-86.736
-86.692
-86.543
-86.726
-87.109
-87.337
-87.209
-87.07
-86.898
-87.018
-86.975
-87.133
-86.795
-86.824
-86.987
-86.838
-86.773
-86.501
-86.543
-86.875
-86.895
-86.89
-86.618
-86.735
-86.848
-86.628
-86.634
-86.596
-87.066
-87.022
-86.777
-86.845
-86.818
-86.744
-86.525
-86.779
-87.07
-87.19
-87.138
-87.064
-86.921
-86.988
-86.831
-86.773
-87.083
-86.765
-86.765
-86.626
-86.78
-86.832
-87.126
-87.062
-87.154
-87.177
-87.238
-87.196
-86.851
-86.896
-86.981
-87.006
-86.951
-86.929
-87.129
-86.819
-86.752
-86.799
-87.018
-87.046
-87.058
-87.331
-87.484
-87.495
-87.714
-87.634
-87.494
-87.244
-86.973
-86.735
-87.023
-86.878
-86.805
-86.52
-86.313
-86.495
-86.491
-86.298
-86.263
-86.021
-85.999
-86.051
-85.814
-85.666
-85.523
-85.532
-85.524
-85.703
-85.78
-85.677
-85.444
-85.429
-85.276
-85.427
-85.352
-85.278
-85.302
-85.415
-85.518
-85.602
-85.475
-85.518
-85.671
-85.754
-85.631
-85.534
-85.682
-85.985
-85.898
-85.953
-85.855
-85.778
-86.159
-86.361
-86.54
-86.525
-86.479
-86.574
-86.324
-86.41
-86.327
-86.173
-86.401
-86.331
-86.159
-86.383
-86.25
-86.157
-86.291
-86.224
-86.268
-85.721
-85.789
-86.03
-86.265
-86.291
-86.33
-86.241
-86.151
-85.984
-85.928
-85.745
-85.693
-85.647
-85.561
-85.481
-85.9
-85.944
-85.853
-85.825
-86.08
-85.978
-85.874
-85.97
-85.925
-85.929
-86.098
-86.223
-86.193
-86.327
-86.14
-86.137
-86.031
-85.732
-85.585
-85.714
-85.601
-85.499
-85.51
-85.532
-85.484
-85.809
-85.649
-85.767
-85.642
-85.551
-85.626
-85.661
-85.511
-85.497
-85.657
-85.532
-85.371
-85.563
-85.522
-85.328
-85.323
-84.994
-85.098
-85.053
-85.13
-85.039
-84.888
-84.768
-84.604
-84.678
-84.513
-84.459
-84.43
-84.466
-84.294
-84.394
-84.469
-84.481
-84.442
-84.292
-84.451
-84.483
-84.382
-84.373
-84.461
-84.606
-84.805
-84.727
-84.803
-84.814
-84.734
-84.841
-85.208
-85.235
-84.84
-84.735
-84.726
-84.567
-84.501
-84.283
-84.093
-84.001
-83.47
-83.406
-83.033
-82.963
-82.602
-82.284
-82.085
-81.891
-81.061
-80.748
-80.455
-80.06
-79.599
-79.078
-78.561
-77.82
-77.358
-77.26
-76.759
-76.148
-75.756
-75.63
-75.437
-75.051
-74.975
-74.789
-74.549
-74.175
-73.74
-73.324
-73.096
-73.259
-72.885
-72.519
-72.252
-71.862
-71.488
-71.363
-71.003
-70.759
-70.727
-70.701
-71.067
-71.085
-71.2
-70.757
-70.396
-70.436
-70.232
-70.188
-70.146
-70.033
-69.956
-70.049
-69.973
-69.784
-69.728
-69.774
-69.606
-69.403
-69.477
-69.233
-69.422
-69.4
-69.076
-68.85
-68.433
-68.074
-67.822
-67.746
-67.59
-67.406
-67.545
-67.541
-67.418
-67.687
-67.656
-67.464
-67.461
-67.462
-67.935
-68.05
-67.87
-67.587
-67.688
-67.63
-67.428
-67.468
-67.243
-67.107
-67.045
-66.965
-66.868
-66.972
-66.642
-66.351
-66.483
-66.486
-66.808
-66.692
-66.906
-67.178
-67.003
-67.136
-67.333
-67.342
-67.213
-67.37
-67.221
-67.215
-67.124
-67.13
-66.875
-66.696
-66.62
-66.645
-66.582
-66.594
-66.534
-66.407
-66.573
-66.585
-66.717
-66.506
-66.411
-66.587
-66.97
-66.865
-67.017
-67.204
-67.444
-67.704
-67.794
-67.799
-67.909
-68.116
-68.093
-68.012
-68.17
-68.429
-68.545
-68.526
-68.538
-68.567
-68.662
-68.432
-68.267
-68.377
-68.254
-68.567
-68.756
-69.109
-69.154
-69.051
-68.807
-68.425
-68.227
-68.162
-68.119
-67.957
-68.393
-68.404
-68.525
-68.83
-68.773
-68.857
-68.709
-68.634
-68.662
-68.659
-68.606
-68.367
-68.253
-68.235
-68.175
-68.024
-67.74
-67.811
-68.138
-68.437
-68.374
-68.467
-68.672
-68.507
-68.64
-68.213
-68.045
-67.866
-67.49
-67.241
-66.906
-66.662
-66.421
-66.316
-66.155
-65.693
-65.635
-65.218
-64.932
-64.707
-64.436
-64.43
-64.233
-64.281
-64.184
-63.983
-63.626
-62.954
-62.867
-62.599
-62.161
-61.629
-61.352
-61.039
-60.609
-60.381
-60.192
-59.89
-59.69
-59.215
-59.067
-58.66
-58.179
-57.929
-57.636
-57.303
-57.068
-57.354
-57.104
-56.665
-56.185
-56.006
-55.375
-55.007
-54.371
-53.836
-53.264
-52.102
-51.135
-48.961
-45
-45
-45
-45
-45
-45
-45
-45
-45
-45
-45
-45
-45
-45
-47.396
-54.294
-60.3
-64.422
-67.42
-69.176
-70.258
-71.511
-72.291
-72.745
-72.962
-73.252
-73.367
-73.436
-73.307
-73.144
-73.145
-73.009
-73.065
-73.273
-73.675
-73.944
-74.089
-74.064
-74.226
-74.246
-74.058
-73.857
-74.109
-73.949
-74.155
-74.122
-74.28
-74.462
-74.607
-74.734
-74.834
-74.984
-75.068
-74.937
-74.817
-75.021
-75.135
-75.382
-75.194
-74.911
-74.957
-75.042
-75.077
-75.02
-74.898
-75.091
-75.289
-75.286
-75.435
-75.703
-75.84
-75.999
-75.774
-76.248
-76.261
-76.313
-76.141
-76.065
-76.14
-76.12
-76.204
-76.213
-76.088
-76.372
-76.397
-76.502
-76.156
-76.115
-75.979
-76.034
-76.072
-76.29
-76.106
-76.186
-76.276
-76.509
-76.459
-76.383
-76.477
-76.535
-76.587
-76.656
-76.505
-76.513
-76.701
-76.81
-76.853
-76.765
-77.063
-77.249
-77.213
-77.324
-77.467
-77.459
-77.407
-77.495
-77.333
-77.547
-77.637
-77.835
-78.035
-77.926
-78.054
-78.182
-78.437
-78.082
-78.201
-77.969
-77.924
-78.095
-78.452
-78.761
-78.708
-78.591
-78.706
-78.838
-78.956
-79.125
-78.947
-79
-79.046
-79.276
-79.276
-79.269
-79.295
-79.165
-79.36
-79.154
-79.267
-79.079
-78.985
-78.983
-78.917
-78.898
-79.053
-79.103
-79.124
-78.989
-79.197
-78.771
-78.337
-78.196
-77.907
-77.724
-77.468
-77.246
-76.993
-76.433
-75.885
-75.726
-75.726
-75.586
-75.452
-75.34
-75.396
-75.391
-75.012
-74.758
-74.847
-74.796
-74.663
-74.63
-74.429
-74.199
-74.31
-73.953
-73.714
-73.559
-73.684
-73.264
-73.171
-72.849
-72.987
-73.096
-73.009
-73.186
-73.342
-73.413
-73.63
-73.57
-73.443
-73.684
-73.918
-74.013
-73.754
-73.814
-73.818
-73.87
-73.765
-73.917
-74.064
-74.047
-73.908
-73.471
-73.689
-74.039
-73.988
-73.789
-74.074
-73.991
-73.855
-74.084
-74.008
-73.953
-73.887
-74.151
-73.966
-74.521
-74.444
-74.524
-74.635
-74.878
-74.796
-74.741
-74.775
-74.864
-75.153
-74.863
-74.668
-74.755
-75.04
-75.099
-75.203
-75.08
-74.905
-75.251
-75.267
