-75.71
-75.776
-75.989
-76.154
-75.897
-75.936
-75.795
-75.881
-75.985
-75.841
-75.806
-76.223
-76.139
-75.917
-75.861
-76.09
-76.047
-75.923
-76.072
-75.915
-75.834
-75.826
-76.135
-75.952
-75.922
-75.829
-75.955
-76.065
-76.155
-76.178
-76.541
-76.329
-76.365
-76.572
-76.747
-76.84
-77.023
-77.114
-77.16
-77.232
-77.215
-77.121
-76.918
-76.926
-76.906
-76.741
-76.753
-76.928
-76.923
-76.801
-76.934
-76.514
-76.528
-76.428
-76.805
-76.844
-77.054
-76.952
-76.968
-77.027
-77.008
-76.86
-76.793
-77.025
-77.174
-77.117
-77.059
-77.011
-76.974
-76.727
-76.721
-76.664
-76.785
-76.802
-76.759
-76.884
-76.871
-77.15
-77.018
-76.85
-76.396
-76.504
-76.464
-76.711
-76.836
-76.744
-76.777
-76.591
-76.697
-76.492
-76.558
-76.713
-76.538
-76.376
-76.358
-76.367
-76.192
-76.134
-76.164
-76.037
-75.829
-75.854
-76.071
-76.113
-76.064
-76.024
-76.133
-76.02
-76.06
-75.859
-75.882
-75.863
-76.139
-76.098
-76.081
-76.031
-75.562
-75.872
-75.96
-75.567
-75.644
-75.507
-75.676
-75.404
-75.441
-75.588
-75.66
-75.803
-75.744
-75.62
-75.858
-75.961
-75.977
-76.033
-76.09
-76.429
-76.542
-76.25
-76.467
-76.425
-76.297
-76.077
-76.141
-76.313
-76.29
-76.208
-76.191
-76.09
-76.213
-76.215
-76.401
-76.383
-76.482
-76.302
-76.15
-76.042
-76.103
-76.192
-76.067
-75.645
-75.575
-75.673
-75.775
-75.997
-75.633
-75.481
-75.372
-75.551
-75.631
-75.835
-75.522
-75.666
-75.917
-75.936
-75.902
-75.978
-75.845
-76.091
-76.459
-76.482
-75.947
-76.048
-76.083
-76.41
-76.38
-76.184
-75.982
-75.789
-75.756
-75.608
-75.505
-75.545
-75.629
-75.517
-75.537
-75.334
-75.497
-75.358
-74.931
-74.757
-74.874
-74.597
-74.651
-74.729
-74.878
-75.025
-75.474
-75.617
-75.311
-75.117
-75.181
-75.232
-75.143
-75.292
-75.228
-75.298
-75.121
-75.221
-75.218
-75.2
-75.407
-75.256
-75.419
-75.419
-75.487
-75.444
-75.288
-75.234
-75.299
-75.291
-75.08
-74.737
-74.556
-74.718
-74.685
-74.564
-74.792
-74.774
-74.326
-74.261
-74.165
-74.099
-74.253
-74.341
-74.045
-73.988
-73.884
-74.236
-74.286
-74.411
-74.265
-74.42
-74.416
-74.222
-74.364
-74.308
-74.168
-74.468
-74.594
-74.563
-74.22
-74.349
-74.493
-74.691
-74.861
-74.896
-74.675
-74.729
-74.619
-74.278
-74.32
-74.597
-74.599
-74.42
-74.608
-74.687
-74.654
-74.443
-74.384
-74.016
-73.95
-73.666
-73.764
-73.644
-73.69
-73.652
-73.659
-73.847
-74.392
-74.335
-74.107
-74.281
-74.344
-74.289
-74.184
-74
-74.018
-74.025
-73.909
-74.001
-74.062
-74.074
-73.884
-73.792
-73.887
-73.976
-73.797
-73.895
-73.899
-73.946
-73.835
-73.792
-73.866
-73.795
-73.823
-73.661
-73.336
-73.58
-73.362
-73.429
-73.457
-73.229
-73.424
-73.592
-73.68
-73.781
-73.795
-73.837
-73.944
-73.673
-73.489
-73.319
-73.593
-73.627
-73.918
-73.951
-73.915
-73.942
-73.907
-73.908
-73.918
-73.827
-73.981
-73.889
-73.99
-73.745
-73.724
-73.752
-73.543
-73.591
-73.645
-73.558
-73.563
-73.834
-73.996
-73.692
-73.961
-73.734
-73.834
-73.611
-73.549
-73.682
-73.619
-73.658
-73.721
-73.42
-73.382
-73.501
-73.97
-74.143
-73.929
-73.801
-73.493
-73.352
-73.22
-73.551
-73.441
-73.701
-73.515
-73.48
-73.605
-73.325
-73.752
-73.448
-73.497
-73.684
-73.825
-73.665
-73.578
-73.491
-73.536
-73.357
-73.406
-73.423
-73.481
-73.607
-73.177
-73.059
-73.042
-72.907
-72.782
-72.904
-73.007
-73.222
-73.242
-73.059
-72.848
-72.342
-72.416
-72.261
-72.701
-72.607
-72.799
-73.023
-73.061
-72.935
-72.813
-72.65
-72.357
-72.784
-72.892
-72.7
-72.709
-72.406
-72.375
-72.633
-72.994
-72.794
-72.429
-72.502
-72.671
-72.716
-72.644
-72.604
-72.92
-72.827
-72.839
-72.909
-72.834
-73.291
-73.365
-73.549
-73.252
-73.205
-73.236
-73.344
-73.3
-73.447
-73.624
-73.592
-73.684
-73.779
-73.827
-73.68
-73.823
-73.989
-74.133
-73.889
-73.915
-73.739
-73.708
-73.636
-73.726
-73.834
-73.817
-73.871
-73.627
-73.724
-73.79
-73.41
-73.51
-73.325
-73.285
-73.188
-72.936
-72.674
-72.293
-71.765
-71.783
-71.365
-71.089
-70.631
-70.387
-70.16
-69.769
-69.621
-69.299
-69.231
-69.114
-69.509
-69.318
-69.085
-69.203
-69.18
-69.074
-69.008
-68.79
-68.585
-68.509
-68.515
-68.545
-68.331
-68.6
-68.736
-68.691
-68.656
-68.534
-68.688
-68.686
-68.473
-68.532
-68.339
-68.299
-68.271
-68.62
-68.472
-68.605
-68.624
-68.555
-68.465
-68.539
-68.368
-67.993
-67.759
-67.341
-67.091
-66.868
-66.523
-66.381
-66.132
-65.783
-65.469
-65.03
-65.183
-65.085
-64.808
-64.79
-64.919
-64.622
-64.424
-64.268
-64.078
-63.773
-63.309
-63.057
-62.563
-62.428
-62.073
-62.182
-62.052
-61.912
-61.707
-61.692
-61.587
-61.289
-61.389
-61.337
-61.149
-60.908
-60.921
-60.446
-60.208
-60.011
-59.822
-59.595
-59.564
-59.682
-59.857
-59.671
-59.674
-59.448
-59.189
-59.082
-59.127
-59.095
-59.042
-59.043
-59.17
-59.236
-58.953
-59.03
-59.206
-59.197
-59.087
-59.164
-59.047
-59.067
-59.134
-58.862
-58.877
-58.699
-58.798
-58.886
-58.748
-58.58
-58.586
-58.644
-58.72
-58.648
-58.534
-58.407
-58.987
-61.765
-65.819
-69.701
-72.709
-75.027
-76.607
-77.928
-78.339
-78.765
-79.168
-79.456
-79.672
-79.798
-79.847
-80.045
-79.93
-80.02
-79.793
-79.758
-79.926
-79.628
-79.964
-79.946
-79.987
-80.011
-80.105
-79.741
-79.766
-80.052
-79.747
-79.827
-79.818
-79.84
-79.827
-79.803
-79.681
-79.755
-80.058
-80.41
-80.53
-80.433
-80.073
-79.928
-79.829
-79.812
-79.753
-80.147
-80.243
-80.303
-80.33
-80.413
-80.168
-80.14
-80.068
-79.698
-79.975
-80.154
-80.11
-80
-80.014
-80.126
-80.163
-80.073
-79.832
-79.681
-79.844
-79.997
-80.094
-80.106
-80.082
-79.986
-79.976
-79.82
-79.858
-80.006
-80.205
-80.235
-79.769
-79.918
-80.034
-80.034
-79.97
-79.981
-80.142
-80.349
-80.1
-80.18
-80.018
-80.059
-79.9
-79.862
-80.144
-80.027
-79.851
-79.75
-80.044
-80.095
-80.03
-80.008
-79.877
-79.744
-79.892
-79.865
-80.022
-80.188
-80.371
-80.153
-79.982
-80.175
-80.274
-80.355
-80.167
-80.212
-80.069
-80.134
-80.125
-80.031
-80.23
-80.279
-80.423
-80.49
-80.344
-79.999
-79.853
-79.805
-79.869
-79.991
-79.827
-80.065
-79.996
-79.971
-79.67
-79.836
-79.843
-79.764
-79.821
-79.827
-79.706
-79.599
-79.681
-79.635
-79.699
-79.708
-79.82
-79.908
-79.862
-80.13
-80.196
-79.995
-79.934
-80.136
-80.105
-80.029
-80.178
-80.107
-80.19
-80.146
-80.238
-80.285
-80.198
-80.253
-80.336
-80.397
-80.276
-80.319
-80.127
-80.273
-80.046
-80.179
-80.142
-80.184
-80.134
-80.103
-79.901
-80.025
-80.197
-80.122
-79.854
-79.768
-79.949
-79.937
-80.098
-80.05
-80.03
-79.939
-79.78
-80.082
-80.047
-80.128
-80.158
-80.128
-80.045
-80.094
-80.082
-80.119
-80.119
-80.003
-80.19
-80.135
-80.18
-80.185
-80.245
-80.206
-80.222
-80.173
-80.251
-79.992
-79.937
-79.792
-79.847
-80.041
-80.204
-80.108
-80.309
-80.318
-80.088
-80.167
-80.124
-80.19
-79.788
-79.75
-79.799
-79.907
-79.695
-79.908
-79.721
-79.675
-79.882
-79.632
-79.987
-79.985
-79.951
-80.063
-79.987
-80.071
-79.936
-79.882
-79.942
-80.148
-80.156
-80.081
-79.932
-79.875
-79.926
-80.007
-80.131
-79.989
-80.183
-80.387
-80.332
-80.138
-80.049
-79.905
-79.946
-79.673
-79.773
-79.656
-79.9
-79.687
-79.928
-79.888
-79.875
-79.836
-79.844
-80.209
-79.994
-80.147
-79.982
-79.703
-79.633
-79.547
-79.859
-79.897
-79.737
-79.977
-80.175
-79.979
-80.125
-80.023
-79.879
-80.006
-79.57
-79.712
-79.479
-79.6
-79.606
-79.621
-79.678
-79.791
-79.729
-80.123
-80.08
-80.034
-79.832
-79.892
-80.066
-79.959
-79.662
-79.814
-79.811
-79.851
-79.906
-79.717
-79.705
-79.478
-79.565
-79.915
-79.886
-79.799
-79.792
-79.859
-79.777
-79.856
-79.961
-79.786
-79.614
-79.588
-79.699
-79.758
-79.675
-79.808
-80.032
-80.077
-80.331
-80.25
-80.34
-80.192
-80.353
-80.53
-80.551
-80.393
-80.257
-80.11
-80.085
-80.482
-80.593
-80.26
-80.15
-80.094
-80.201
-80.114
-80.114
-80.301
-80.231
-80.641
-80.462
-80.446
-80.732
-80.822
-80.782
-80.927
-80.712
-80.5
-80.412
-80.262
-80.226
-80.302
-80.481
-80.597
-80.355
-80.398
-80.486
-80.596
-80.2
-79.947
-80.266
-80.1
-80.304
-80.45
-80.493
-80.877
-81.166
-81.147
-80.99
-80.927
-80.726
-80.871
-80.618
-80.485
-80.566
-80.714
-80.62
-80.621
-80.48
-80.575
-80.445
-80.684
-80.16
-80.13
-79.945
-80.255
-80.335
-80.04
-80.24
-80.065
-79.84
-79.774
-79.676
-79.619
