-80.305
-80.255
-80.357
-80.357
-80.23
-80.102
-80.082
-80.038
-79.853
-79.883
-79.634
-79.665
-79.874
-79.81
-79.818
-79.82
-79.791
-79.781
-80.056
-80.225
-80.009
-80.102
-79.811
-79.624
-79.673
-79.368
-79.348
-78.965
-78.876
-79.055
-78.926
-78.939
-79.13
-78.929
-79.192
-79.272
-79.436
-79.474
-79.416
-79.309
-79.243
-79.025
-78.9
-79.06
-79.003
-78.859
-78.969
-79.101
-79.206
-79.045
-79.107
-78.767
-78.598
-78.585
-78.529
-78.238
-78.596
-78.844
-78.811
-78.818
-78.904
-79.07
-79.064
-79.125
-79.059
-78.946
-78.747
-78.974
-78.958
-78.994
-79.122
-78.896
-78.864
-78.873
-78.913
-78.659
-78.795
-78.878
-78.96
-78.771
-78.967
-78.768
-78.664
-78.625
-78.69
-78.715
-78.427
-78.403
-78.373
-78.394
-78.465
-78.385
-78.63
-78.827
-78.642
-78.693
-78.708
-78.269
-78.317
-78.225
-77.782
-78.162
-78.101
-78.242
-77.995
-77.606
-77.826
-77.872
-77.759
-77.798
-78.118
-78.003
-77.509
-77.425
-77.472
-77.704
-77.916
-78.002
-77.964
-78.011
-77.947
-77.807
-77.472
-77.142
-76.949
-76.834
-76.979
-77.182
-77.138
-77.219
-77.063
-77.397
-77.393
-77.539
-77.725
-77.726
-77.946
-77.746
-77.676
-77.865
-78.197
-77.982
-78.053
-78.045
-78.156
-78.324
-78.309
-78.301
-77.987
-77.839
-77.801
-77.823
-77.777
-78.083
-78.258
-78.243
-77.971
-78.133
-78.118
-77.852
-77.938
-78.051
-78.275
-78.223
-78.138
-78.308
-78.254
-78.254
-78.431
-78.283
-78.277
-78.383
-78.437
-78.567
-78.465
-78.677
-78.895
-78.905
-79.026
-78.981
-78.812
-78.818
-78.889
-78.904
-79.134
-78.992
-79.05
-79.043
-79.263
-79.533
-79.181
-79.379
-79.639
-79.648
-79.669
-79.816
-79.821
-79.849
-79.926
-79.774
-79.655
-79.84
-80.048
-80.311
-80.484
-80.227
-80.035
-79.658
-79.683
-79.465
-79.564
-79.51
-79.632
-79.691
-79.997
-80.027
-79.918
-79.761
-79.759
-79.767
-79.707
-79.965
-79.803
-79.846
-79.772
-79.862
-79.918
-79.73
-79.857
-79.764
-79.563
-79.584
-79.319
-79.401
-79.331
-79.472
-79.297
-79.102
-79.058
-78.808
-78.972
-79.113
-78.886
-78.886
-78.753
-78.803
-78.825
-78.93
-79.201
-79.3
-79.265
-79.291
-79.286
-79.29
-79.361
-79.278
-79.404
-79.449
-79.316
-79.236
-79.383
-79.658
-79.45
-79.717
-79.588
-79.432
-79.663
-79.522
-79.716
-79.719
-79.604
-79.644
-79.708
-79.61
-79.47
-79.21
-79.337
-79.397
-79.569
-79.731
-79.677
-79.668
-79.957
-80.339
-80.169
-79.954
-80.019
-79.815
-80.036
-80.008
-80.245
-80.244
-80.225
-80.12
-80.254
-80.021
-80.145
-79.829
-80.239
-80.009
-79.928
-79.697
-79.393
-79.593
-79.576
-79.47
-79.409
-79.303
-79.458
-79.642
-79.413
-79.323
-79.472
-79.336
-79.36
-79.269
-79.236
-79.336
-79.705
-79.72
-79.572
-79.284
-79.35
-79.338
-79.703
-79.155
-78.922
-78.649
-78.166
-78.01
-77.814
-77.809
-77.45
-77.243
-77.001
-76.812
-76.661
-76.281
-75.95
-75.949
-75.865
-75.87
-75.734
-75.497
-75.386
-75.445
-75.539
-75.332
-75.087
-74.819
-74.247
-73.932
-74.104
-73.933
-73.722
-73.653
-73.624
-73.625
-73.737
-73.673
-73.824
-73.715
-73.563
-73.611
-73.525
-73.274
-73.113
-73.242
-72.88
-72.731
-72.584
-72.439
-72.59
-72.635
-72.485
-72.409
-72.208
-72.138
-71.855
-71.66
-71.603
-71.657
-71.434
-71.087
-71.179
-71.095
-70.995
-71.034
-70.743
-70.582
-70.806
-70.989
-70.645
-70.679
-71.53
-73.077
-74.709
-75.905
-76.953
-77.666
-78.267
-78.955
-79.386
-79.558
-79.907
-79.75
-79.811
-79.745
-80.022
-79.896
-79.858
-79.852
-79.994
-80.02
-79.866
-79.922
-80.029
-80.075
-80.061
-79.874
-79.996
-79.858
-79.758
-79.54
-79.543
-79.164
-79.121
-78.751
-78.565
-78.474
-78.285
-78.501
-78.35
-78.269
-78.52
-78.468
-78.095
-78.072
-78.051
-78.164
-78.444
-78.575
-78.678
-78.718
-78.775
-78.691
-78.502
-78.828
-78.948
-78.936
-78.936
-78.729
-79.03
-79.151
-79.152
-79.353
-79.173
-79.462
-79.276
-79.524
-79.74
-79.571
-79.596
-79.578
-79.223
-78.998
-79.067
-79.061
-78.942
-79.023
-79.019
-78.652
-78.759
-78.684
-78.642
-78.605
-78.805
-78.614
-78.237
-78.24
-78.167
-78.114
-78.092
-78.38
-78.258
-78.397
-78.536
-78.725
-78.608
-78.508
-78.413
-77.982
-77.713
-77.608
-77.602
-77.942
-77.868
-78.228
-78.506
-78.653
-78.804
-79.035
-79.341
-79.292
-79.086
-79.002
-78.875
-78.56
-78.599
-78.707
-78.603
-78.559
-78.522
-78.517
-78.584
-78.527
-78.529
-78.705
-78.512
-78.44
-78.355
-78.622
-78.793
-78.634
-78.82
-78.585
-78.625
-78.789
-78.917
-79.028
-79.121
-79.412
-79.36
-79.592
-79.43
-79.576
-79.77
-79.739
-79.732
-79.876
-79.702
-79.837
-79.834
-79.663
-79.8
-79.496
-79.487
-79.247
-79.063
-79.334
-79.231
-79.096
-79.103
-79.251
-79.223
-79.368
-79.568
-79.668
-79.576
-79.621
-79.828
-79.708
-79.554
-79.492
-79.553
-79.614
-79.823
-79.611
-79.918
-79.665
-79.81
-79.731
-79.767
-79.749
-79.659
-79.52
-79.58
-79.542
-79.522
-79.526
-79.442
-79.499
-79.251
-79.476
-79.239
-79.456
-79.428
-79.54
-79.788
-79.561
-79.684
-79.51
-79.566
-79.687
-79.714
-79.584
-79.766
-79.914
-79.971
-79.808
-80.017
-80.017
-79.994
-79.683
-79.927
-79.926
-80.068
-79.956
-79.761
-79.815
-79.945
-79.942
-79.993
-79.812
-80.027
-79.891
-79.917
-80.031
-80.013
-79.845
-79.8
-79.896
-79.855
-79.792
-79.935
-79.866
-79.754
-79.951
-79.818
-80.095
-79.974
-80.289
-79.906
-79.743
-79.763
-79.854
-79.917
-79.872
-79.806
-79.778
-79.945
-79.92
-80.108
-79.993
-79.951
-80.171
-80.28
-80.267
-80.034
-80.111
-80.142
-79.894
-79.678
-79.559
-79.968
-80.056
-80.044
-79.901
-79.813
-79.886
-79.902
-79.871
-79.81
-79.612
-79.784
-79.868
-79.89
-79.64
-79.835
-80.051
-79.927
-79.754
-79.869
-79.913
-79.788
-79.969
-80.04
-80.173
-80.331
-80.221
-80.002
-80.024
-79.987
-80
-79.854
-80.039
-79.851
-80.004
-80.221
-80.08
-79.99
-79.828
-80.115
-80.259
-80.126
-79.954
-79.981
-80.078
-80.061
-80.015
-80.126
-80.088
-80.065
-79.941
-79.852
-79.805
-80.079
-79.995
-80.015
-80.114
-80.165
-80.006
-80.048
-79.953
-79.843
-79.837
-79.994
-79.96
-80.481
-80.29
-80.207
-80.127
-80.108
-80.095
-79.993
-80.1
-80.071
-79.947
-79.964
-79.864
-79.906
-79.942
-80
-80.024
-79.571
-79.819
-79.84
-79.816
-79.507
-79.859
-80.045
-80.134
-80.272
-79.936
-79.94
-79.923
-80.01
-80.009
-80.295
-80.373
-80.254
-80.131
-79.887
-80.051
-80.114
-80.236
-80.084
-80.059
-80.018
-79.909
-79.919
-80.066
-79.967
-80.033
-80.103
-80.054
-80.362
-80.421
-79.968
-79.894
-79.792
-79.863
-79.796
-79.825
-80.017
-80.166
-80.247
-80.252
-80.088
-79.959
-79.989
-80.009
-79.84
-79.842
-79.988
-80.038
-80.1
-79.819
-80.003
-79.959
-79.991
-80.047
-79.8
-79.775
-80.016
-80.079
-79.949
-79.833
-80.083
-80.255
-80.241
-79.97
-80.049
-80.054
-80.068
-80.156
-80.151
-80.03
-80.107
-79.898
-79.993
-79.984
-79.782
-79.892
-79.742
-79.965
-80.102
-80.087
-80.01
-80.186
-79.836
-79.933
-79.962
-80.132
-80.211
-80.142
-80.098
-80.215
-80.115
-80.236
-80.166
-80.032
-79.826
-79.49
-79.312
-79.249
-79.375
-79.443
-79.366
-79.328
-79.424
-79.573
-79.566
-79.628
-79.351
-79.24
-79.162
-79.258
-79.261
-79.274
-79.232
-79.335
-79.461
-79.109
-79.052
-79.092
-79.093
-79.241
-79.496
-79.809
-79.768
-79.417
-79.527
-79.476
-79.717
-79.435
-79.263
-79.421
-79.399
-79.534
-79.49
-79.33
-79.374
-79.316
-79.523
-79.764
-79.892
-79.867
-79.932
-80.059
-80.091
-80.312
-80.29
-80.352
-80.045
-79.935
-80.04
-79.851
-79.862
-79.732
-80.052
-79.924
-79.758
-79.903
-79.726
-79.641
-79.541
-79.672
-79.727
-79.745
-80.027
-79.932
-79.875
-79.972
-79.88
-79.904
-79.963
-80.068
-80.053
-80.031
-79.834
-80.195
-79.895
-80.104
-80.221
-80.011
-80.116
-80.041
-80.053
-79.938
-79.692
-79.645
-79.615
-79.467
-79.471
-79.514
-79.717
-79.755
-79.6
-79.653
-79.858
-79.793
-79.627
-79.834
-79.793
-79.758
-79.962
-79.986
-79.979
-79.933
-79.966
-79.615
-79.773
-79.787
-79.846
-80.057
-79.926
-79.871
-80.104
-80.017
-80.2
-80.238
-80.21
-79.805
-79.844
-79.884
-80.193
-80.132
-80.192
-79.996
-80.019
-79.997
-80.203
-80.075
-79.904
-79.88
-79.736
-79.407
-79.644
-79.503
-79.64
-79.755
-79.75
-79.651
-80
-79.937
-80.117
-80.004
-80.188
-80.181
-80.068
-80.19
-80.076
-80.033
-80.076
-80.112
-79.878
-79.883
-80.019
-80.009
-79.78
-79.869
-80.012
-79.997
-79.942
-80.098
-79.989
-80.395
-80.505
-80.276
-80.253
