-80.152
-80.072
-79.91
-79.745
-79.715
-79.845
-79.563
-79.509
-79.432
-79.402
-79.349
-79.484
-79.522
-79.647
-79.681
-79.68
-79.591
-79.528
-79.774
-79.542
-79.588
-79.41
-79.47
-79.496
-79.237
-79.445
-79.236
-79.018
-79.161
-79.056
-78.68
-78.468
-78.246
-78.345
-78.509
-78.669
-78.938
-78.758
-78.766
-78.488
-78.496
-78.457
-78.317
-78.067
-78.532
-78.725
-78.534
-78.473
-78.402
-78.335
-78.236
-78.511
-78.75
-78.581
-78.505
-78.458
-78.266
-78.184
-78.184
-78.661
-78.833
-78.902
-79.124
-78.815
-78.932
-78.566
-78.544
-78.608
-78.566
-78.48
-78.352
-78.362
-78.409
-78.77
-78.686
-78.606
-78.556
-78.35
-78.25
-78.586
-78.53
-78.701
-78.898
-79.004
-79.021
-78.855
-78.672
-78.588
-78.405
-78.156
-78.351
-78.108
-78.177
-78.373
-78.221
-78.11
-77.884
-77.716
-78.125
-78.12
-78.118
-78.342
-78.066
-78.073
-77.827
-77.733
-77.77
-77.444
-77.306
-77.332
-77.199
-77.183
-77.134
-77.254
-77.013
-76.915
-76.648
-76.739
-76.632
-76.99
-77.105
-77.097
-77.151
-77.127
-77.045
-77.074
-77.031
-76.886
-76.974
-76.996
-76.917
-76.974
-76.996
-76.939
-76.95
-76.935
-77.28
-77.609
-77.348
-77.353
-77.439
-77.354
-77.156
-77.181
-76.999
-77.117
-77.183
-76.843
-77.025
-77.055
-77.13
-76.941
-76.678
-76.506
-76.582
-76.741
-76.861
-77.068
-76.934
-77.118
-77.003
-76.88
-76.77
-76.43
-76.351
-76.485
-76.491
-76.589
-76.546
-76.48
-76.466
-76.302
-76.549
-76.625
-76.499
-76.272
-76.311
-76.367
-76.809
-76.936
-77.118
-77.216
-77.184
-77.182
-77.323
-77.478
-77.501
-77.678
-77.475
-77.278
-77.125
-77.507
-77.337
-77.359
-77.599
-77.602
-77.721
-77.794
-78.005
-77.716
-77.829
-77.871
-78.047
-77.838
-77.879
-77.795
-77.833
-78.038
-78.094
-77.883
-78.028
-78.161
-78.25
-78.389
-78.281
-78.484
-78.605
-78.657
-78.453
-78.525
-78.492
-78.649
-78.744
-79.001
-78.867
-78.884
-79.105
-78.949
-78.987
-79.019
-79.053
-78.852
-78.935
-79.151
-79.325
-79.352
-79.497
-79.397
-79.683
-79.88
-79.754
-79.621
-79.741
-79.761
-79.891
-80.006
-79.886
-80.097
-80.047
-80.11
-80.06
-80.305
-80.622
-80.821
-80.687
-80.852
-80.862
-80.681
-80.659
-80.602
-80.788
-80.341
-80.658
-80.632
-80.574
-80.696
-80.288
-80.384
-80.312
-80.388
-80.687
-80.666
-80.682
-80.841
-80.848
-81.008
-81.12
-81.21
-81.149
-81.432
-81.47
-81.475
-81.47
-81.533
-81.29
-80.994
-81.042
-80.81
-80.666
-80.879
-80.574
-80.444
-80.188
-80.202
-80.166
-80.379
-80.572
-80.726
-80.556
-80.572
-80.512
-80.556
-80.339
-80.521
-80.512
-80.724
-80.821
-80.892
-81.137
-80.996
-80.936
-80.879
-80.706
-80.543
-80.519
-80.372
-80.19
-80.129
-80.032
-80.069
-80.117
-80.092
-79.9
-80.205
-80.154
-80.269
-80.087
-79.924
-79.744
-79.796
-79.874
-80.077
-80.124
-79.961
-79.754
-79.744
-79.483
-79.374
-79.335
-79.466
-79.567
-79.448
-79.309
-79.365
-79.343
-79.311
-79.281
-79.123
-79.056
-79.028
-78.829
-78.523
-78.476
-78.625
-78.661
-78.637
-78.424
-78.317
-78.365
-78.5
-78.265
-78.275
-78.255
-78.454
-78.344
-78.057
-78.074
-78.165
-78.208
-78.01
-77.931
-78.027
-78.029
-78.09
-78.413
-78.236
-78.177
-78.047
-77.997
-78.05
-78.24
-78.337
-78.211
-77.931
-78.026
-77.945
-77.855
-77.87
-77.705
-77.383
-76.971
-76.932
-77.053
-77.14
-77.088
-77.116
-76.805
-76.717
-76.37
-76.15
-75.837
-75.588
-75.599
-75.856
-75.813
-75.845
-75.529
-75.477
-75.061
-74.805
-74.748
-74.559
-74.2
-74.099
-74.024
-73.715
-73.352
-73.073
-72.956
-72.614
-72.192
-71.655
-71.086
-70.396
-69.734
-69.036
-68.629
-67.943
-67.227
-66.896
-66.284
-66.082
-65.512
-64.825
-64.409
-63.831
-63.712
-63.344
-63.115
-62.427
-62.239
-62.173
-61.512
-61.235
-60.808
-60.602
-60.291
-60.393
-59.964
-59.676
-59.573
-59.195
-58.766
-58.331
-57.808
-57.197
-56.755
-56.034
-55.41
-54.928
-54.094
-53.652
-52.639
-51.433
-49.584
-45.972
-45
-45
-45
-45
-45
-45
-45
-45
-45
-45
-45
-45
-45
-45.562
-52.775
-59.048
-63.573
-66.661
-68.602
-70.144
-71.167
-72.189
-72.645
-72.861
-72.716
-72.867
-72.926
-72.827
-73.028
-72.831
-72.264
-72.116
-72.03
-71.908
-71.723
-71.776
-71.616
-71.406
-71.01
-70.623
-70.144
-70.017
-69.298
-69.012
-68.758
-68.522
-68.027
-67.784
-67.475
-67.074
-66.559
-66.341
-65.819
-66.036
-65.72
-65.706
-65.691
-65.787
-65.487
-65.736
-65.522
-65.572
-65.342
-65.181
-64.862
-64.538
-64.263
-64.054
-63.666
-63.939
-63.598
-63.534
-63.438
-63.047
-62.723
-62.861
-62.586
-62.54
-62.398
-61.984
-61.831
-61.679
-61.707
-61.517
-61.425
-61.357
-61.234
-61.157
-60.964
-61.098
-61.088
-60.918
-60.76
-60.758
-60.915
-60.669
-60.652
-60.788
-60.639
-60.713
-60.533
-60.58
-60.896
-60.853
-60.917
-61.027
-61.264
-61.645
-61.682
-61.688
-61.868
-62.152
-62.038
-61.821
-61.637
-61.752
-61.7
-61.88
-62.03
-62.184
-62.259
-62.499
-62.142
-62.061
-62.084
-61.86
-61.741
-61.398
-61.248
-60.995
-61.104
-61.054
-60.795
-61.172
-60.862
-60.836
-60.721
-60.593
-60.569
-60.48
-60.161
-59.89
-59.652
-59.481
-59.178
-59.238
-59.053
-58.78
-58.541
-58.177
-57.662
-57.221
-56.804
-56.796
-56.472
-56.043
-55.592
-55.304
-54.884
-54.357
-54.129
-53.484
-52.789
-51.757
-50.248
-47.362
-45
-45
-45
-45
-45
-45
-45
-45
-45
-45
-45
-45
-45
-45
-50.355
-57.06
-62.37
-66.009
-68.187
-69.92
-71.158
-71.916
-72.393
-72.887
-73.287
-73.539
-73.463
-73.6
-73.853
-73.806
-73.753
-73.627
-73.333
-73.323
-73.275
-72.99
-72.752
-72.751
-72.54
-72.413
-72.411
-71.894
-71.624
-71.681
-71.78
-71.51
-71.408
-71.649
-71.612
-71.549
-71.542
-71.282
-71.356
-71.131
-70.967
-70.748
-70.392
-70.411
-70.189
-70.098
-69.95
-69.979
-70.076
-70.281
-70.101
-70.116
-70.458
-70.395
-70.485
-70.497
-70.614
-70.373
-70.473
-70.587
-70.74
-70.723
-70.676
-70.758
-70.994
-71.056
-70.782
-70.859
-70.732
-70.85
-70.615
-70.876
-71.011
-71.297
-71.502
-71.477
-71.418
-71.499
-71.786
-71.787
-71.965
-72.232
-72.425
-72.196
-72.365
-72.543
-72.473
-72.507
-72.433
-72.58
-72.772
-72.616
-72.766
-72.879
-72.699
-72.556
-72.333
-72.27
-72.3
-71.977
-72.077
-72.424
-72.305
-72.451
-72.339
-72.527
-72.413
-72.883
-73.109
-73.317
-73.386
-73.703
-73.804
-73.868
-74.198
-74.133
-74.347
-74.398
-74.24
-74.399
-74.454
-74.594
-74.708
-74.586
-74.714
-74.589
-74.393
-74.711
-74.889
-74.837
-74.971
-75.149
-75.289
-75.333
-75.688
-75.462
-75.42
-75.653
-75.4
-75.201
-75.093
-74.999
-74.912
-74.74
-74.741
-75.009
-75.11
-75.193
-75.11
-75.241
-75.261
-75.213
-75.592
-75.438
-75.521
-75.504
-75.816
-75.91
-75.714
-75.918
-76.211
-76.391
-76.478
-76.402
-76.49
-76.787
-76.911
-76.958
-77.311
-77.076
-76.95
-77.21
-77.202
-77.496
-77.432
-77.079
-77.368
-77.339
-77.558
-77.452
-77.501
-77.419
-77.725
-77.804
-77.994
-78.041
-78.03
-78.252
-78.346
-78.372
-78.558
-78.546
-78.737
-79.131
-79.231
-79.266
-79.268
-79.233
-79.348
-79.297
-79.392
-79.019
-79.066
-79.136
-79.233
-79.23
-79.287
-79.343
-79.329
-79.553
-79.461
-79.918
-80.189
-80.336
-80.393
-80.808
-80.989
-81.445
-81.474
-81.705
-81.778
-81.882
-81.62
-81.884
-81.669
-81.588
-81.308
-81.528
-81.531
-81.319
-81.077
-80.959
-80.956
-81.036
-81.063
-81.468
-81.598
-81.758
-82.037
-82.354
-82.52
-82.827
-82.805
-82.894
-83.015
-83.128
-83.198
-83.28
-83.318
-83.494
-83.47
-83.378
-83.25
-83.157
-83.287
-83.068
-83.166
-82.989
-82.872
-82.684
-82.939
-83.083
-83.431
-83.315
-83.396
-83.383
-83.371
-83.21
-83.402
-83.738
-83.788
-83.689
-83.706
-83.679
-83.912
-84.035
-84.082
-84.173
-84.063
-83.767
-83.875
-83.796
-83.745
-83.487
-83.492
-83.487
-83.343
-83.39
-83.515
-83.5
-83.658
-83.567
-83.36
-83.72
-83.638
-83.93
-83.924
-84.129
-84.288
-84.363
-84.332
-84.4
-84.49
-84.627
-84.726
-84.897
-85.043
-85.191
-85.367
-85.262
-85.333
-85.391
-85.359
-85.403
-85.362
-85.952
-86.348
-86.467
-86.589
-86.663
-86.914
-86.993
-86.895
-86.89
-86.781
-86.599
-86.669
-86.713
-86.477
-86.494
-86.484
-86.429
-86.432
-86.41
-86.149
-86.064
-86.075
-86.043
-86.24
-86.414
-86.126
-86.212
-86.053
-85.942
-85.885
-85.938
-85.65
-85.737
-85.742
-85.43
-85.536
-85.512
-85.796
-85.694
-85.605
