-87.102
-87.38
-87.687
-87.745
-87.96
-88.001
-87.977
-87.893
-87.821
-87.596
-87.518
-87.422
-87.278
-87.258
-87.37
-87.243
-87.188
-87.07
-86.948
-86.821
-86.832
-87.005
-86.669
-86.622
-86.694
-86.756
-86.783
-86.937
-87.265
-87.015
-87.069
-87.544
-87.599
-87.772
-87.84
-87.75
-87.732
-87.7
-87.804
-87.846
-87.599
-87.331
-87.366
-87.44
-87.225
-87.261
-87.197
-87.246
-87.363
-87.581
-87.866
-87.715
-87.77
-87.602
-87.327
-87.528
-87.288
-87.1
-87.056
-87.023
-86.825
-86.476
-86.148
-85.949
-86.072
-86.195
-85.923
-85.814
-86.029
-85.858
-85.864
-85.753
-85.644
-85.983
-85.791
-85.687
-85.751
-85.607
-85.512
-85.194
-85.57
-85.647
-85.762
-85.47
-85.649
-85.614
-85.713
-85.76
-85.681
-85.368
-85.439
-85.602
-85.7
-85.498
-85.415
-85.166
-84.82
-84.764
-84.767
-84.757
-85.059
-84.878
-84.753
-85.071
-85.045
-84.213
-83.021
-82.404
-81.819
-81.396
-81.017
-80.846
-80.47
-80.268
-80.064
-79.927
-80.186
-80.103
-80.101
-80.271
-80.014
-80.056
-79.968
-80.117
-80.084
-80.011
-80.171
-80.192
-80.227
-79.934
-79.752
-79.946
-80.08
-79.891
-80.008
-79.898
-79.98
-80.091
-79.93
-79.926
-80.031
-79.795
-79.884
-80.096
-79.933
-80.091
-79.837
-79.913
-79.922
-79.793
-79.675
-79.729
-79.792
-80.032
-79.942
-79.992
-80.147
-80
-80.223
-80.266
-80.422
-80.066
-80.027
-80.007
-79.849
-80.08
-79.858
-79.718
-79.609
-79.676
-79.583
-79.958
-80.069
-79.883
-80.211
-80.242
-80.493
-80.376
-80.507
-80.396
-80.237
-80.181
-80.308
-80.325
-80.567
-80.612
-80.364
-80.411
-80.276
-80.344
-80.071
-79.889
-80.161
-80.549
-80.437
-80.251
-80.3
-80.199
-80.238
-80.377
-80.425
-80.433
-80.507
-80.575
-80.511
-80.74
-80.968
-81.016
-80.812
-80.906
-80.562
-80.53
-80.601
-80.347
-80.35
-80.043
-80.124
-80.24
-80.144
-80.076
-80.096
-79.998
-80.097
-80.209
-79.957
-79.996
-80.104
-80.163
-80.393
-80.474
-80.68
-80.739
-80.423
-80.169
-80.184
-80.369
-80.23
-80.279
-80.269
-80.306
-80.213
-79.977
-79.886
-79.587
-79.451
-79.385
-79.484
-79.544
-79.373
-79.372
-79.268
-79.114
-79.021
-79.347
-79.534
-79.611
-79.642
-79.782
-79.733
-79.758
-79.773
-79.686
-79.528
-79.422
-79.741
-79.552
-79.68
-79.784
-79.993
-80.016
-80.064
-80.283
-80.313
-80.217
-80.328
-80.237
-79.998
-80.253
-80.464
-80.381
-80.141
-80.073
-79.856
-79.78
-79.6
-79.674
-79.596
-79.739
-79.687
-79.86
-79.956
-79.874
-79.771
-79.926
-80.05
-80.109
-80.6
-80.573
-80.583
-80.464
-80.417
-80.291
-80.586
-80.419
-80.104
-80.182
-80.119
-79.867
-79.561
-79.993
-80.041
-80.243
-80.008
-80.127
-80.174
-80.243
-79.937
-80.006
-79.72
-79.497
-79.724
-79.593
-79.702
-79.943
-79.805
-79.807
-79.954
-79.746
-79.541
-79.699
-79.562
-79.922
-80.062
-80.274
-80.467
-80.5
-80.412
-80.339
-80.042
-80.083
-79.982
-80.369
-80.3
-80.363
-80.221
-80.16
-80.064
-80.113
-80.383
-80.16
-79.929
-80.001
-80.114
-80.182
-80.314
-80.183
-80.229
-80.255
-80.176
-80.061
-80.208
-80.36
-80.384
-80.477
-80.471
-80.249
-80.22
-79.908
-79.878
-79.783
-79.549
-79.814
-79.695
-79.676
-79.71
-79.633
-79.788
-79.763
-79.635
-79.603
-79.947
-80.158
-80.118
-79.896
-80.027
-80.088
-79.995
-80.031
-79.856
-79.897
-80.196
-80.503
-80.535
-80.535
-80.724
-80.735
-80.673
-80.661
-80.625
-80.66
-80.397
-80.396
-80.417
-80.565
-80.478
-80.376
-80.449
-80.659
-80.267
-80.076
-79.712
-79.586
-79.351
-78.769
-78.419
-78.12
-77.628
-77.602
-77.324
-77.282
-77.057
-76.669
-76.354
-76.177
-76.027
-76.033
-75.819
-75.817
-75.556
-75.226
-74.949
-74.707
-74.173
-73.858
-73.619
-73.377
-73.085
-72.958
-72.631
-72.777
-72.593
-72.399
-72.257
-72.053
-71.985
-71.848
-71.789
-71.927
-71.796
-71.975
-71.541
-71.369
-71.105
-71.159
-71.121
-70.811
-70.581
-70.362
-70.155
-69.927
-69.725
-69.579
-69.497
-69.547
-69.367
-69.489
-69.697
-69.563
-69.446
-69.285
-69.053
-68.907
-68.838
-68.925
-68.961
-69.483
-69.518
-69.577
-69.447
-69.593
-69.727
-69.414
-69.029
-68.926
-68.801
-68.737
-68.653
-68.403
-68.33
-68.23
-68.594
-68.715
-68.428
-68.3
-68.405
-68.593
-68.442
-68.383
-68.428
-68.426
-68.436
-68.496
-68.474
-68.6
-68.497
-68.414
-68.419
-68.469
-68.604
-68.567
-68.562
-68.621
-68.621
-68.623
-68.501
-68.715
-68.736
-68.518
-68.658
-68.465
-68.546
-68.446
-68.416
-68.799
-68.585
-68.469
-68.311
-68.097
-68.14
-68.018
-67.861
-67.831
-67.709
-67.836
-67.591
-67.131
-66.689
-66.834
-66.836
-66.829
-66.578
-66.482
-66.527
-66.335
-66.431
-66.334
-66.424
-66.403
-66.766
-66.708
-66.973
-67.238
-67.095
-67.192
-67.292
-67.251
-66.949
-67.131
-67.168
-67.34
-67.53
-67.7
-67.749
-67.913
-67.939
-67.372
-67.392
-67.6
-67.421
-67.518
-67.646
-67.9
-67.832
-67.602
-67.626
-67.87
-68.117
-68.128
-67.929
-67.811
-67.762
-67.841
-68.232
-67.963
-68.013
-67.838
-67.865
-67.992
-68.084
-68.356
-68.464
-68.522
-68.403
-68.437
-68.396
-68.561
-68.562
-68.757
-68.618
-68.674
-68.91
-68.821
-68.892
-68.887
-68.893
-68.79
-68.829
-68.837
-68.835
-68.665
-68.753
-68.471
-68.834
-68.927
-69.058
-68.905
-69.154
-69.275
-69.475
-69.409
-69.626
-69.644
-69.8
-69.715
-69.474
-69.435
-69.642
-69.76
-69.684
-69.444
-69.484
-69.579
-69.701
-69.666
-69.909
-69.837
-69.905
-70.444
-70.389
-70.333
-70.3
-70.304
-70.062
-70.26
-70.317
-70.46
-70.23
-70.07
-70.182
-70.216
-70.304
-70.58
-70.844
-70.592
-70.63
-70.423
-70.408
-70.628
-70.452
-70.628
-71.039
-71.168
-71.182
-71.427
-71.351
-71.066
-70.783
-71.042
-70.904
-70.957
-71.093
-70.94
-70.824
-70.781
-70.563
-70.569
-70.557
-70.449
-70.561
-70.716
-70.878
-71.045
-71.03
-71.203
-71.375
-71.221
-70.998
-71.153
-71.004
-70.849
-70.645
-70.594
-70.942
-70.91
-70.972
-71.148
-71.356
-71.504
-71.742
-71.729
-72.212
-72.235
-72.543
-72.619
-72.75
-73.039
-72.995
-73.013
-72.929
-72.771
-72.874
-73.429
-73.409
-73.215
-72.86
-72.896
-72.807
-72.966
-72.996
-73.091
-73.375
-73.145
-73.33
-73.613
-73.638
-73.802
-73.826
-74.049
-73.968
-73.871
-74.113
-74.21
-74.297
-74.265
-74.162
-74.342
-74.445
-74.656
-74.802
-74.89
-74.878
-74.664
-74.988
-75.237
-75.137
-75.259
-75.319
-75.289
-74.928
-74.903
-74.749
-74.777
-75.02
-75.397
-75.436
-75.491
-75.439
-75.181
-75.204
-75.494
-75.427
-75.575
-75.502
-75.598
-75.242
-75.094
-74.893
-74.992
-75.22
-75.218
-75.216
-75.19
-75.396
-74.993
-74.961
-74.865
-74.511
-74.426
-74.519
-74.541
-74.381
-74.169
-74.467
-74.569
-74.394
-74.566
-74.312
-74.301
-74.359
-74.482
-74.399
-74.764
-74.883
-75.101
-75.029
-74.955
-75.153
-74.924
-74.863
-74.749
-74.363
-74.527
-74.615
-75.043
-75.021
-75.079
-75.029
-74.789
-74.695
-74.477
-74.302
-74.01
-73.755
-73.689
-73.596
-73.612
-73.527
-73.344
-73.383
-73.879
-73.94
-73.963
-73.843
-74.076
-73.907
-73.65
-73.681
-73.686
-73.983
-73.853
-74.177
-74.288
-74.251
-74.555
-74.619
-74.719
-74.519
-74.566
-74.96
-74.822
-74.825
-74.783
-74.76
-74.87
-74.544
-74.593
-74.489
-74.79
-74.805
-74.741
-74.702
-74.447
-74.446
-74.502
-74.575
-74.691
-74.714
-74.744
-75.088
-75.094
-75.15
-75.46
-75.521
-75.571
-75.437
-75.398
-75.205
-75.116
-75.066
-74.906
-75.258
-75.186
-74.866
-75.11
-75.273
-75.257
-75.205
-75.204
-75.188
-74.943
-75.119
-75
-75.248
-75.317
-75.255
-75.062
-75.188
-75.004
-74.887
-74.78
-74.954
-75.21
-75.464
-75.36
-75.473
-75.418
-75.447
-75.497
-75.451
-75.7
-75.59
-75.796
-75.722
-75.731
-75.795
-75.83
-75.845
-75.786
-75.852
-75.948
-76.016
-75.91
-76.054
-76.052
-76.044
-76.052
-75.941
-75.894
-76.109
-76.108
-76.228
-76.157
-76.117
-76.142
-76.108
-76.118
-75.85
-75.753
-75.696
-75.546
-75.351
-75.318
-75.676
-75.589
-75.827
-75.705
-75.578
-75.607
-75.842
-75.909
-76.34
-76.65
-76.324
-76.178
-76.55
-76.733
-76.898
-77.171
-77.268
-77.351
-77.191
-76.715
-76.882
-76.967
-76.857
-76.807
-76.695
-76.528
-76.711
-77.022
-76.959
-76.99
-76.843
-77.082
-76.903
-76.822
-76.782
-76.985
-76.679
-76.684
-76.999
-76.724
-76.996
-77.085
-77.304
-77.445
-77.294
-77.399
-77.461
-77.57
-77.568
-77.617
-77.325
-76.951
-76.778
-76.655
-76.673
-76.887
-77.049
-76.836
-76.666
-76.739
-76.722
-76.92
-76.782
-76.728
-76.93
-76.915
-76.944
-76.646
-76.668
