-45
-45
-45
-45
-45
-45
-45
-45
-45
-45
-45
-45
-46.634
-51.04
-54.824
-57.425
-59.282
-60.74
-62.039
-62.746
-63.33
-63.581
-63.912
-64.23
-64.506
-64.897
-65.02
-65.141
-65.11
-65.255
-65.011
-65.077
-65.456
-65.265
-65.051
-64.545
-64.402
-63.629
-62.769
-62.382
-61.984
-61.648
-61.334
-60.586
-60.058
-59.66
-59.566
-59.348
-59.152
-59.013
-58.428
-58.125
-57.83
-57.689
-57.392
-57.114
-57.069
-57.205
-57.25
-57.051
-56.765
-56.479
-56.708
-56.362
-56.285
-56.058
-56.068
-56.228
-56.178
-56.288
-56.574
-56.737
-56.619
-56.862
-56.785
-57.021
-57.02
-56.962
-56.886
-56.849
-56.516
-56.306
-55.939
-55.829
-55.409
-55.2
-55.021
-54.69
-54.315
-54.261
-54.264
-54.313
-54.206
-53.898
-53.583
-53.296
-53.233
-53.006
-52.845
-52.761
-52.906
-52.703
-52.64
-52.074
-51.908
-51.81
-51.719
-51.564
-51.268
-51.008
-51.522
-51.587
-51.526
-51.384
-51.451
-51.77
-51.736
-51.698
-51.607
-51.446
-51.512
-51.214
-50.994
-50.733
-50.574
-50.173
-50.049
-49.515
-49.02
-48.499
-48.106
-47.64
-46.519
-45.638
-45
-45
-45
-45
-45
-45
-45
-45
-45
-45
-45
-45
-45
-45
-45
-45
-45
-45
-45
-48.815
-52.881
-56.187
-58.299
-59.993
-61.245
-62.122
-62.522
-63.058
-63.499
-63.821
-64.254
-64.676
-64.341
-63.757
-63.687
-63.052
-62.58
-62.209
-61.731
-61.288
-60.796
-60.468
-60.194
-60.03
-59.835
-59.498
-59.289
-58.859
-58.444
-58.323
-58.056
-57.637
-57.432
-57.464
-57.432
-57.278
-57.149
-57.425
-57.294
-57.126
-57.324
-57.349
-57.251
-57.268
-57.275
-57.148
-57.238
-57.336
-57.67
-57.597
-57.966
-57.721
-57.711
-57.826
-57.989
-57.822
-58.038
-58.003
-57.999
-58.189
-58.027
-58.105
-58.361
-58.132
-58.004
-58.143
-58.177
-58.365
-58.41
-58.207
-58.79
-58.893
-58.895
-58.825
-58.862
-59.448
-59.397
-59.55
-59.372
-59.06
-58.74
-58.065
-57.504
-57.015
-56.337
-55.822
-55.564
-55.063
-54.279
-53.769
-53.628
-53.141
-52.761
-52.392
-51.758
-51.176
-50.942
-50.51
-50.164
-49.929
-49.334
-49.121
-48.894
-48.448
-47.667
-47.042
-46.263
-45.104
-45
-45
-45
-45
-45
-45
-45
-45
-45
-45
-45
-45
-45
-45
-45
-45
-45
-45
-45.987
-50.879
-54.449
-57.123
-59.214
-60.543
-61.611
-62.361
-63.246
-63.852
-64.161
-64.384
-64.776
-64.71
-64.931
-65.187
-65.127
-64.947
-64.807
-64.835
-64.869
-64.881
-64.871
-64.889
-65.034
-64.995
-64.861
-64.819
-65.181
-65.186
-65.621
-65.73
-65.798
-65.717
-65.884
-65.849
-65.883
-66.363
-66.393
-66.41
-66.735
-66.719
-67.117
-67.229
-67.387
-67.509
-67.413
-67.37
-67.502
-67.73
-67.58
-67.485
-67.509
-67.827
-68.111
-68.095
-68.056
-68.146
-68.389
-68.505
-68.523
-68.657
-68.803
-68.848
-68.337
-68.555
-68.606
-68.776
-68.745
-68.905
-69.14
-69.279
-69.648
-69.467
-69.311
-69.264
-69.166
-69.386
-69.269
-69.425
-69.857
-69.965
-70.315
-70.585
-70.699
-70.904
-71.154
-71.619
-71.652
-71.828
-71.837
-71.916
-71.807
-71.775
-71.812
-72.139
-71.925
-71.636
-72.089
-72.526
-72.912
-72.918
-73.211
-73.378
-73.689
-73.513
-73.551
-73.584
-73.551
-73.663
-73.956
-74.053
-73.988
-74.292
-74.315
-74.329
-74.599
-74.6
-74.364
-74.341
-74.353
-74.54
-74.597
-74.544
-74.766
-74.98
-74.866
-74.703
-74.59
-74.419
-74.543
-74.586
-74.513
-74.476
-74.554
-74.759
-74.678
-74.751
-74.861
-74.846
-74.763
-74.795
-74.868
-74.972
-75.122
-75.065
-75.492
-75.585
-75.597
-75.629
-75.522
-75.517
-75.925
-75.936
-75.684
-75.362
-74.921
-74.386
-73.949
-73.302
-72.975
-72.651
-72.094
-71.625
-70.863
-70.365
-69.782
-69.465
-68.981
-68.756
-68.465
-68.124
-67.933
-67.851
-67.458
-67.255
-67.252
-66.968
-66.882
-67.001
-66.778
-66.57
-66.428
-66.359
-66.165
-66.343
-66.575
-66.522
-66.112
-66.036
-65.94
-65.708
-65.84
-65.929
-66.147
-66.215
-65.965
-65.829
-65.669
-65.743
-65.771
-66.063
-66.179
-66.034
-66.318
-66.057
-66.196
-66.176
-66.077
-66.121
-66.057
-65.954
-65.912
-65.955
-65.915
-65.965
-66.059
-65.885
-65.982
-65.908
-66.102
-66.13
-66.064
-66.087
-66.201
-66.222
-66.324
-66.532
-66.758
-66.668
-66.912
-67.042
-67.605
-68.022
-68.051
-68.284
-68.655
-68.54
-68.413
-68.225
-68.295
-68.431
-68.426
-68.428
-68.622
-68.434
-68.711
-68.813
-68.679
-68.649
-68.755
-68.838
-68.884
-69.08
-69.196
-68.982
-68.91
-69.106
-69.224
-69.372
-69.407
-69.329
-69.54
-69.708
-69.836
-70.017
-69.95
-70.163
-70.328
-70.297
-70.395
-70.367
-70.529
-70.444
-70.33
-70.319
-70.611
-70.762
-70.967
-71.205
-70.939
-71.033
-71.017
-71.188
-70.919
-70.957
-70.923
-71.157
-71.275
-71.268
-71.388
-71.528
-71.048
-70.879
-70.297
-69.588
-68.79
-68.251
-67.395
-66.204
-65.569
-64.823
-64.237
-64.069
-63.728
-63.187
-62.542
-62.357
-61.983
-61.575
-61.585
-61.416
-61.194
-60.95
-60.96
-60.531
-60.375
-60.093
-59.834
-59.6
-59.29
-59.206
-59.172
-59.015
-59.062
-58.819
-58.824
-58.689
-58.634
-58.508
-58.235
-58.28
-58.282
-58.414
-58.51
-58.241
-58.341
-58.411
-58.345
-58.51
-58.713
-58.722
-58.955
-58.924
-58.886
-58.741
-58.791
-58.944
-59.221
-59.353
-59.467
-59.492
-59.565
-59.95
-60.024
-60.106
-60.216
-60.434
-60.416
-60.573
-60.674
-60.559
-60.446
-60.377
-60.613
-60.719
-61.002
-61.198
-61.344
-61.448
-61.24
-60.896
-61.437
-61.431
-61.531
-61.681
-61.631
-61.672
-61.834
-62.151
-62.671
-62.632
-62.544
-62.596
-62.825
-63.147
-63.393
-63.226
-63.228
-63.491
-63.305
-63.374
-63.572
-63.437
-63.377
-63.622
-63.778
-64.092
-64.292
-64.553
-64.681
-64.86
-64.957
-65.335
-65.412
-65.634
-65.563
-65.712
-65.768
-66.036
-66.248
-65.984
-66.06
-66.076
-66.503
-66.504
-66.57
-66.871
-66.998
-67.203
-67.169
-67.37
-67.402
-67.259
-67.117
-67.344
-67.366
-67.64
-67.819
-68.005
-68.034
-68.151
-68.149
-68.073
-68.165
-68.479
-68.316
-68.436
-68.18
-68.396
-68.409
-68.578
-68.559
-68.437
-68.308
-68.226
-68.253
-68.419
-68.126
-68.407
-68.366
-68.504
-68.933
-69.151
-69.421
-69.7
-69.408
-69.352
-69.698
-69.764
-69.688
-69.685
-69.897
-69.945
-69.75
-69.997
-70.208
-70.319
-70.138
-69.964
-70.066
-70.301
-70.405
-70.318
-70.499
-70.331
-70.223
-70.453
-70.64
-70.619
-70.463
-70.707
-70.812
-70.575
-70.589
-70.805
-70.445
-70.443
-70.598
-70.874
-70.655
-70.556
-70.357
-70.381
-70.739
-70.766
-70.646
-70.627
-70.512
-70.784
-70.851
-70.739
-70.744
-70.737
-71.272
-71.203
-71.36
-71.214
-71.371
-71.344
-71.366
-71.754
-71.831
-71.838
-71.822
-71.821
-71.732
-71.576
-71.683
-71.64
-71.515
-71.453
-71.369
-71.457
-71.416
-71.041
-71.357
-71.358
-71.597
-71.753
-71.843
-71.812
-71.705
-71.849
-71.912
-71.847
-71.754
-71.775
-71.793
-71.861
-72.043
-72.032
-72.234
-72.221
-72.4
-72.171
-71.925
-71.737
-71.893
-72.258
-72.22
-72.128
-72.141
-72.257
-72.428
-72.544
-72.684
-72.946
-73.011
-73.02
-73.006
-73.215
-73.165
-73.019
-73.024
-73.162
-73.049
-73.168
-73.473
-73.318
-73.253
-73.298
-73.335
-73.156
-72.943
-72.804
-72.825
-73.151
-73.461
-73.539
-73.617
-73.65
-73.721
-73.792
-73.632
-73.533
-73.511
-73.236
-73.214
-73.254
-73.169
-73.307
-73.325
-73.642
-73.678
-73.776
-73.763
-73.5
-73.619
-73.553
-73.618
-73.799
-73.9
-73.357
-73.182
-73.055
-72.807
-72.807
-72.692
-72.582
-72.475
-72.632
-72.814
-73.11
-73.052
-73.08
-72.809
-72.901
-72.902
-72.715
-73.081
-73.206
-73.228
-73.047
-72.845
-73.049
-73.142
-73.08
-72.851
-73.113
-73.19
-73.23
-73.247
-73.392
-73.479
-73.517
-73.372
-73.435
-73.425
-73.044
-73.149
-73.494
-73.401
-73.511
-73.671
-74.279
-74.358
-74.41
-74.462
-74.575
-74.577
-74.913
-74.554
-74.212
-74.152
-74.028
-74.092
-73.88
-73.758
-73.89
-73.976
-74.066
-74.183
-74.304
-74.427
-74.646
-74.571
-74.354
-74.369
-74.323
-74.455
-74.191
-74.479
-74.678
-74.737
-74.692
-74.655
-74.816
-74.618
-74.687
-74.754
-74.756
-74.812
-74.791
-74.731
-74.685
-74.458
-74.543
-74.684
-74.522
-74.505
-74.504
-74.563
-74.637
-74.715
-74.855
-74.722
-74.743
-75.101
-75.306
-75.104
-75.044
-75.132
-74.987
-74.832
-74.808
-74.937
-75.062
-74.806
-74.927
-75.062
-75.14
-74.95
-74.62
-74.791
-74.894
-74.929
-74.935
-75.024
-74.788
-74.819
