-76.406
-76.685
-76.667
-76.77
-76.766
-76.993
-77.248
-77.006
-77.141
-77.067
-76.821
-76.785
-76.568
-76.627
-76.353
-76.129
-76.201
-76.376
-76.702
-76.493
-76.513
-76.548
-76.82
-76.71
-76.559
-76.567
-76.436
-76.942
-76.973
-76.935
-77.059
-76.848
-76.59
-76.601
-76.6
-76.285
-76.192
-75.788
-75.742
-75.382
-75.284
-74.974
-74.796
-74.64
-74.419
-74.29
-73.912
-73.598
-73.402
-73.244
-73.171
-73.111
-72.779
-72.505
-72.512
-72.176
-72.143
-72.301
-72.254
-72.242
-72.234
-72.031
-72.003
-72.223
-72.194
-72.158
-71.879
-71.579
-71.05
-70.565
-70.477
-70.134
-69.739
-69.449
-69.076
-69.029
-68.746
-68.396
-68.097
-67.869
-67.763
-67.677
-67.747
-67.416
-67.174
-66.985
-66.896
-66.547
-66.51
-66.447
-66.313
-66.162
-66.047
-65.736
-65.988
-66.025
-65.926
-65.608
-65.573
-65.386
-65.168
-64.782
-64.511
-64.464
-64.337
-64.148
-64.082
-64.059
-63.753
-63.971
-63.915
-63.74
-63.739
-63.119
-62.996
-63.069
-62.917
-62.372
-62.071
-62.014
-61.971
-61.821
-61.726
-61.54
-61.631
-61.699
-61.744
-61.722
-61.786
-61.666
-61.59
-61.587
-61.604
-61.6
-61.529
-61.477
-61.456
-61.393
-61.414
-61.421
-61.739
-61.673
-61.554
-61.287
-61.109
-60.945
-60.985
-61.039
-61.056
-60.957
-60.692
-60.89
-60.675
-60.849
-60.918
-60.983
-61.137
-61.123
-61.507
-61.451
-61.476
-61.09
-60.93
-60.962
-60.863
-60.906
-61.037
-60.888
-61.009
-60.795
-60.716
-60.437
-60.384
-60.296
-60.403
-60.181
-60.09
-59.878
-59.737
-59.492
-59.417
-59.308
-59.262
-59.418
-59.313
-59.239
-58.874
-58.753
-58.669
-58.474
-58.576
-58.611
-58.398
-58.474
-58.429
-58.266
-58.421
-58.36
-58.373
-58.218
-58.11
-58.206
-58.006
-57.954
-57.806
-57.766
-57.933
-57.884
-57.815
-58.034
-57.878
-57.979
-57.819
-57.505
-57.504
-57.498
-57.409
-57.251
-56.938
-56.543
-56.404
-56.332
-55.915
-55.263
-54.536
-53.933
-52.877
-51.747
-49.884
-46.772
-45
-45
-45
-45
-45
-45
-45
-45
-45
-45
-45
-45
-45
-45
-51.036
-57.4
-62.066
-65.436
-67.66
-69.091
-70.065
-70.681
-70.748
-70.841
-70.934
-70.963
-70.722
-70.781
-70.617
-70.512
-70.513
-70.286
-70.169
-69.643
-69.618
-69.47
-69.442
-69.22
-69.52
-69.498
-69.422
-69.396
-69.331
-69.167
-68.911
-68.882
-69.082
-69.265
-69.343
-69.134
-68.898
-68.762
-68.676
-68.62
-68.751
-68.786
-68.941
-68.977
-69.055
-68.742
-68.595
-68.561
-68.395
-68.585
-68.492
-68.506
-68.749
-68.394
-68.597
-68.508
-68.563
-68.714
-68.803
-68.631
-68.73
-68.782
-68.595
-68.395
-68.656
-68.86
-68.818
-68.779
-68.568
-68.629
-68.792
-68.831
-68.707
-68.527
-68.316
-68.512
-68.408
-68.551
-68.693
-68.725
-68.534
-68.376
-68.432
-68.445
-68.838
-69.095
-69.29
-69.204
-68.867
-69.151
-69.05
-69.045
-68.843
-69.152
-69.222
-69.479
-69.518
-69.492
-69.844
-70.272
-70.206
-70.154
-69.976
-69.959
-70.104
-70.244
-70.371
-70.591
-70.648
-70.699
-70.813
-70.811
-70.832
-71.227
-71.349
-71.497
-71.657
-71.414
-71.401
-71.261
-71.178
-71.165
-70.962
-71.268
-72.453
-74.157
-75.485
-76.654
-77.771
-78.088
-78.556
-78.839
-79.102
-79.036
-79.26
-79.412
-79.328
-79.339
-79.412
-79.412
-79.428
-79.526
-79.743
-79.839
-79.807
-79.762
-79.715
-79.56
-79.691
-79.666
-79.681
-79.684
-79.506
-79.724
-79.824
-79.722
-79.938
-79.892
-80.012
-80.039
-79.814
-79.729
-79.844
-79.765
-79.697
-79.694
-79.743
-79.779
-79.757
-79.841
-79.954
-80.106
-80.007
-80.016
-80.168
-80.164
-80.157
-80.254
-80.116
-80.079
-80.116
-79.997
-80.046
-79.634
-79.809
-80.028
-80.153
-80.172
-80.03
-80.015
-79.98
-79.953
-80.08
-79.792
-79.834
-79.876
-79.847
-79.574
-79.587
-80.027
-80.064
-79.964
-79.706
-79.88
-80.039
-80.192
-79.896
-79.77
-79.965
-79.966
-80.095
-79.99
-79.895
-80.06
-79.86
-80.085
-79.946
-80.058
-80.352
-80.487
-80.502
-80.685
-80.744
-80.9
-80.923
-80.964
-80.905
-80.687
-80.492
-80.341
-80.33
-80.433
-80.79
-80.784
-80.712
-80.647
-80.598
-80.408
-80.367
-80.298
-80.082
-80.01
-79.801
-79.956
-80.199
-80.269
-80.177
-79.869
-79.88
-79.904
-80.002
-80.134
-80.219
-80.423
-80.499
-80.297
-80.004
-79.873
-79.657
-79.465
-79.242
-79.161
-79.137
-79.007
-78.878
-78.999
-79.019
-78.885
-79.108
-78.749
-78.738
-78.738
-78.74
-78.782
-78.701
-78.843
-78.943
-78.55
-78.885
-79.122
-78.811
-78.705
-78.469
-78.546
-78.91
-78.83
-78.818
-78.821
-79.231
-79.237
-79.312
-79.439
-79.214
-79.204
-79.327
-79.506
-79.541
-79.734
-79.784
-79.855
-80.063
-79.854
-80.018
-79.949
-79.802
-79.563
-79.543
-79.547
-79.846
-79.789
-79.508
-79.491
-79.251
-79.455
-79.434
-79.426
-79.838
-79.644
-79.692
-79.719
-79.716
-79.689
-79.512
-79.533
-79.668
-79.56
-79.64
-79.557
-79.412
-79.911
-79.68
-79.665
-79.632
-79.743
-79.84
-79.997
-79.91
-79.873
-79.944
-80.039
-80.118
-80.046
-79.772
-80.03
-80.188
-79.819
-79.925
-79.732
-79.813
-79.789
-79.913
-79.947
-79.823
-80.071
-80.054
-80.114
-80.333
-80.293
-80.244
-80.166
-79.92
-80.184
-80.091
-79.939
-79.923
-79.795
-80.014
-80.276
-80.381
-80.337
-80.245
-79.959
-79.774
-80.044
-79.996
-79.617
-80.067
-79.989
-80.003
-80.121
-80.006
-80.378
-80.213
-80.403
-80.443
-80.541
-80.721
-80.745
-80.531
-80.78
-81.191
-81.092
-80.994
-80.882
-80.741
-80.671
-80.439
-80.358
-80.463
-80.253
-80.005
-79.964
-79.644
-79.496
-79.381
-79.322
-78.994
-78.773
-78.273
-78.311
-78.331
-77.933
-78.028
-77.885
-77.62
-77.919
-77.859
-77.857
-78.098
-78.176
-78.129
-78.206
-78.399
-78.416
-78.254
-78.129
-77.819
-77.777
-78.039
-78.259
-78.376
-78.374
-78.463
-78.755
-78.623
-78.669
-78.436
-78.521
-78.368
-78.152
-78.074
-78.072
-78.147
-78.178
-77.936
-78.255
-78.36
-78.429
-78.539
-78.175
-78.205
-78.278
-78.095
-77.806
-77.604
-77.491
-77.411
-77.335
-77.414
-77.634
-77.885
-77.768
-77.895
-78.169
-78.203
-78.475
-78.577
-78.708
-78.632
-78.821
-78.582
-78.7
-78.718
-78.768
-78.634
-78.407
-78.35
-78.427
-78.504
-78.477
-78.682
-78.597
-78.568
-78.379
-78.292
-78.159
-78.027
-78.178
-77.941
-78.089
-77.923
-77.967
-78.234
-78.286
-78.272
-78.383
-78.288
-78.258
-78.176
-78.095
-78.44
-78.39
-78.624
-78.872
-78.674
-78.755
-78.674
-78.609
-78.932
-78.648
-78.587
-78.751
-78.709
-78.67
-78.682
-78.744
-78.736
-78.581
-78.887
-78.827
-78.945
-79.011
-78.941
-78.877
-78.814
-79.124
-79.239
-79.237
-79.525
-79.687
-79.573
-79.487
-79.676
-79.615
-79.586
-79.501
-79.65
-79.644
-79.719
-79.88
-79.759
-79.544
-79.692
-79.829
-80.087
-79.979
-80.201
-80.117
-80.087
-80.148
-80.204
-80.334
-80.426
-80.552
-80.878
-80.709
-80.557
-80.504
-80.441
-80.612
-80.678
-80.569
-80.763
-81.017
-81.149
-81.046
-81.085
-81.101
-81.135
-81.182
-81.081
-80.896
-81.055
-81.14
-81.286
-81.475
-81.435
-81.784
-81.833
-81.642
-81.837
-81.828
-81.996
-82.004
-81.957
-82.118
-82.075
-82.028
-81.861
-81.729
-81.994
-81.881
-82.165
-82.152
-82.519
-82.262
-82.141
-82.276
-82.378
-82.329
-82.492
-82.452
-82.148
-82.092
-82.014
-82.113
-82.127
-82.134
-82.05
-82.327
-82.504
-82.514
-82.61
-82.634
-82.781
-82.925
-83.143
-83.172
-83.285
-83.341
-83.585
-83.647
-83.526
-83.322
-83.329
-83.45
-83.388
-83.189
-83.215
-83.13
-83.174
-83.008
-83.048
-82.895
-82.902
-83.036
-82.867
-82.794
-82.732
-82.956
-83.098
-82.889
-82.841
-82.973
-83.003
-83.116
-83.168
-83.089
-83.415
-83.4
-83.825
-83.859
-84.129
-84.174
-84.025
-84.095
-83.966
-83.824
-83.679
-83.522
-83.605
-83.644
-83.501
-83.538
-83.626
-83.705
-83.848
-83.723
-83.613
-83.742
-83.818
-83.474
-83.753
-83.866
-83.749
-83.663
-83.702
-83.992
-84.126
-84.063
-83.946
-83.909
-83.922
-83.733
-83.851
-83.786
-83.703
-83.696
-83.875
-83.776
-83.67
-83.692
-83.45
-83.438
-83.471
-83.587
-83.386
-83.429
-83.306
-83.477
-83.72
-83.82
-83.805
-83.959
-84.013
-84.156
-84.511
-84.345
-84.513
-84.346
-84.547
-84.378
-84.433
-84.282
-84.172
-84.023
-84.014
-84.033
-84.175
-84.203
-84.279
-84.389
-84.602
-84.648
-84.426
-84.855
-85.103
-85.259
-85.11
-85.112
-85.079
-85.184
-85.285
-85.235
-85.243
-84.966
-85.08
-84.781
-84.81
-84.659
-84.762
-85.02
-84.855
-84.726
-84.774
-85.009
-85.161
-85.263
-85.158
-85.027
-84.97
-85.077
-85.121
-85.293
-85.527
-85.508
-85.84
