-81.792
-81.563
-81.522
-81.696
-81.726
-81.737
-81.872
-81.781
-81.604
-81.732
-81.522
-81.536
-81.372
-81.469
-81.543
-81.744
-81.8
-82.063
-82.097
-82.299
-82.423
-82.257
-82.282
-82.457
-82.294
-82.526
-82.506
-82.613
-82.432
-82.512
-82.494
-82.53
-82.538
-82.588
-82.545
-82.488
-82.572
-82.329
-82.179
-82.136
-81.981
-81.756
-81.783
-82.104
-82.343
-82.222
-82.082
-82.173
-82.293
-82.111
-81.993
-82.037
-81.947
-81.707
-81.683
-81.833
-81.731
-81.724
-81.981
-82.029
-82.177
-82.196
-81.996
-81.931
-81.987
-81.973
-81.882
-81.846
-81.694
-81.729
-81.619
-81.746
-81.688
-81.743
-81.77
-81.63
-81.566
-81.574
-81.383
-81.501
-81.56
-81.186
-81.117
-81.146
-81.15
-81.377
-81.643
-81.573
-81.802
-81.864
-82.183
-82.033
-82.242
-82.628
-82.747
-82.84
-82.889
-82.798
-82.844
-82.692
-82.693
-82.518
-82.488
-82.431
-82.484
-82.479
-82.613
-82.535
-82.745
-82.637
-82.557
-82.328
-82.413
-82.478
-82.327
-82.15
-81.909
-81.728
-82
-82.034
-82.017
-81.87
-81.978
-82.015
-82.044
-81.695
-81.753
-81.979
-82.034
-81.969
-81.817
-81.87
-81.85
-81.846
-81.837
-82.02
-82.233
-82.116
-82.04
-82.181
-81.795
-81.81
-81.821
-81.748
-81.805
-81.741
-81.514
-81.351
-80.756
-80.829
-80.527
-80.556
-80.344
-79.913
-80.122
-80.105
-80.134
-80.026
-80.058
-79.922
-79.717
-79.855
-79.908
-79.901
-80.048
-80.137
-80.192
-80.156
-80.001
-80.122
-80.419
-80.491
-80.247
-80.031
-80.031
-80.05
-79.806
-79.989
-79.992
-79.958
-79.871
-79.707
-79.633
-79.511
-79.458
-79.737
-79.603
-79.708
-79.819
-79.993
-79.927
-79.824
-79.821
-80.049
-79.986
-79.837
-79.849
-79.924
-80.16
-80.052
-79.925
-79.915
-79.739
-79.782
-80.012
-79.944
-80.245
-80.191
-80.143
-80.059
-80.039
-80.021
-79.926
-80.089
-80.433
-80.1
-80.079
-80.059
-79.977
-79.917
-79.802
-79.846
-79.9
-80.128
-79.97
-80.086
-80.143
-80.189
-80.21
-80.075
-80.006
-79.895
-80.057
-80.091
-80.057
-79.822
-79.757
-79.884
-79.998
-80.153
-80.19
-80.232
-80.158
-80.05
-80.03
-80.335
-80.402
-80.564
-80.359
-80.262
-80.314
-80.074
-79.881
-80.106
-80.013
-80.215
-80.173
-80.131
-80.293
-80.299
-80.252
-80.257
-80.206
-80.043
-80.104
-80.126
-79.798
-79.803
-80
-80.159
-80.146
-79.943
-79.815
-79.948
-79.799
-79.802
-79.923
-79.957
-79.865
-80.175
-80.234
-80.277
-80.375
-80.121
-80.163
-79.994
-79.917
-80.095
-80.239
-80.319
-80.296
-80.12
-79.846
-79.966
-80.261
-80.143
-80.006
-79.951
-79.976
-80.249
-80.261
-80.26
-79.996
-80.057
-80.248
-80.094
-80.093
-80.037
-79.757
-79.944
-80.125
-80.107
-80.495
-80.739
-80.695
-80.606
-80.584
-80.466
-80.546
-80.318
-80.028
-79.957
-80.17
-80.096
-80.176
-80.273
-80.072
-80.239
-79.949
-80.041
-80.295
-80.1
-79.977
-79.779
-79.976
-80.112
-79.976
-79.849
-79.992
-79.934
-80.039
-79.939
-79.989
-79.851
-79.848
-79.778
-80.009
-79.905
-79.78
-79.965
-79.781
-79.786
-80.12
-80.219
-80.225
-80.198
-80.093
-80.225
-80.327
-80.358
-80.236
-79.849
-79.762
-79.859
-80.075
-79.724
-79.38
-79.348
-79.492
-79.395
-79.737
-79.575
-79.431
-79.569
-79.686
-79.636
-79.483
-79.546
-79.336
-79.18
-79.275
-79.356
-79.268
-79.168
-79.141
-79.155
-79.011
-78.957
-78.895
-79.127
-79.354
-79.628
-79.676
-79.934
-80.091
-80.017
-79.967
-79.896
-79.758
-79.755
-79.849
-79.741
-79.913
-79.834
-79.588
-79.59
-79.698
-79.664
-79.727
-79.762
-79.348
-79.543
-79.819
-79.893
-79.8
-79.851
-79.946
-79.9
-79.78
-79.758
-79.763
-79.849
-79.689
-79.791
-79.813
-79.733
-79.626
-79.646
-79.698
-79.78
-79.789
-79.864
-79.905
-80.057
-80.225
-80.158
-79.882
-79.932
-79.934
-79.983
-79.994
-80.119
-79.92
-79.798
-80.025
-80.012
-80.287
-80.359
-80.416
-79.851
-79.726
-79.645
-79.891
-79.757
-79.902
-79.798
-79.646
-79.679
-79.376
-79.495
-79.685
-79.761
-79.889
-79.987
-80.041
-79.932
-79.939
-80.062
-80.023
-80.081
-80.454
-80.476
-80.769
-81.009
-81.254
-81.258
-81.376
-81.554
-81.583
-81.259
-81.128
-81.298
-81.262
-81.002
-80.858
-80.791
-80.798
-80.652
-80.647
-80.379
-80.177
-80.055
-79.893
-79.653
-79.475
-79.168
-78.839
-78.611
-78.409
-78.115
-77.692
-77.389
-77.214
-77.138
-76.999
-76.997
-76.838
-76.813
-76.853
-76.427
-76.709
-76.335
-76.375
-76.538
-76.447
-76.348
-76.204
-75.974
-76.113
-76.062
-76.05
-76.117
-76.074
-76.118
-75.967
-75.93
-75.979
-76.105
-76.229
-76.457
-76.361
-76.539
-76.675
-76.745
-76.692
-76.41
-76.406
-76.61
-76.697
-76.777
-76.645
-76.382
-76.436
-76.418
-76.442
-76.494
-76.583
-76.848
-76.88
-76.739
-76.627
-76.495
-76.139
-76.17
-76.271
-76.185
-76.324
-75.957
-76.034
-76.207
-76.369
-76.472
-76.174
-76.193
-76.502
-76.463
-76.51
-76.601
-76.719
-76.781
-76.774
-76.622
-76.517
-76.755
-76.523
-76.777
-76.972
-76.965
-77.188
-77.477
-77.57
-77.738
-77.889
-78.024
-78.148
-78.109
-77.989
-77.813
-77.567
-77.369
-77.354
-77.375
-77.642
-77.519
-77.519
-77.342
-77.493
-77.496
-77.908
-78.339
-78.87
-79.145
-79.075
-78.975
-79.084
-78.987
-79.44
-79.55
-79.479
-79.701
-79.677
-79.46
-79.492
-79.662
-79.652
-79.736
-79.663
-79.527
-79.737
-79.741
-79.722
-79.674
-79.689
-79.615
-79.717
-79.935
-79.74
-79.708
-80.023
-79.958
-79.992
-79.989
-79.949
-80.035
-80.008
-79.978
-79.978
-79.938
-79.895
-79.806
-79.63
-79.607
-79.75
-79.518
-79.594
-79.62
-79.51
-79.501
-79.716
-79.711
-79.581
-79.65
-79.377
-79.805
-79.747
-79.82
-79.736
-79.724
-79.682
-79.538
-79.63
-79.591
-79.653
-79.892
-80.041
-79.939
-79.635
-79.88
-79.998
-79.54
-79.516
-79.481
-79.376
-79.455
-79.265
-79.197
-79.214
-79.338
-79.343
-79.607
-79.779
-79.47
-79.201
-79.233
-79.291
-79.016
-78.842
-79.066
-79.339
-79.152
-79.023
-79.093
-79.185
-79.175
-79.176
-79.262
-79.42
-79.38
-79.405
-79.47
-79.565
-79.539
-79.379
-79.242
-79.455
-79.456
-79.369
-79.412
-79.467
-79.443
-79.65
-79.575
-79.697
-79.582
-79.697
-79.743
-79.699
-79.824
-79.665
-79.561
-79.607
-79.564
-79.822
-79.548
-79.695
-79.623
-79.595
-79.733
-79.572
-79.576
-79.708
-79.94
-79.98
-80.006
-79.945
-79.732
-79.736
-79.611
-79.379
-79.245
-79.043
-78.975
-78.782
-78.813
-78.582
-78.351
-78.406
-78.182
-78.048
-77.91
-77.7
-78.252
-78.474
-78.405
-78.377
-78.458
-78.448
-78.597
-78.749
-78.835
-78.754
-78.605
-78.767
-78.968
-79.175
-79.332
-79.367
-79.329
-79.543
-79.774
-79.67
-79.717
-79.57
-79.758
-79.733
-79.753
-79.89
-79.724
-79.748
-79.607
-79.499
-79.651
-79.79
-79.792
-79.817
-79.901
-79.979
-79.929
-80.032
-79.95
-79.865
-79.636
-79.829
-79.927
-80.002
-80.007
-80.042
-79.955
-79.923
-79.899
-79.753
-79.633
-79.727
-79.786
-79.862
-79.924
-80.051
-80.029
-80.107
-79.999
-79.847
-79.89
-80.108
-80.257
-80.128
-79.961
-79.811
-79.646
-79.317
-79.342
-79.517
-79.285
-79.316
-79.442
-79.254
-78.993
-78.888
-78.962
-78.779
-78.991
-79.121
-79.234
-79.215
-79.054
-79.282
-79.076
-79.294
-79.579
-79.505
-79.207
-79.241
-79.325
-79.748
-79.603
-79.674
-79.745
-79.782
-79.847
-79.554
-79.655
-79.739
-79.834
-79.744
-79.765
-79.665
-79.572
-79.759
-79.549
-79.473
-79.226
-79.264
-79.52
-79.435
-79.487
-79.662
-79.63
-79.889
-80.059
-80.133
-80.062
-80.142
-80.1
-80.05
-79.969
-80.045
-80.025
-80.058
-79.934
-79.784
-79.636
-79.829
-79.916
-79.859
-80.12
-80.084
-80.251
-79.977
-80.233
-80.209
-79.977
-79.622
-79.878
-79.675
-79.76
-80.082
-79.895
-79.899
-79.915
-79.548
-79.845
-79.753
-79.913
-80.229
-80.152
-80.105
-79.998
-80
-80.362
-80.292
-80.395
-80.129
-80.094
-80.11
-79.961
-80.096
-79.914
-79.776
-80.185
-79.981
-80.117
-79.757
-79.807
-80.032
-80.104
-80.321
-79.909
-79.771
-79.926
-79.744
-79.683
-79.92
-79.814
-79.921
-79.93
-79.84
-79.907
-80.117
-79.796
-79.838
-79.833
-80.041
-80.204
-80.177
-80.283
-79.973
-80.025
-80.177
-80.214
-79.886
-79.847
-79.84
-79.803
-79.847
-80.016
-80.087
-79.876
-79.968
-80.108
-80.055
-79.98
-79.761
-79.91
-79.888
-80.048
-79.984
-79.998
-79.866
-79.806
-79.726
-80.135
-80.201
-80.341
-80.335
-80.313
-80.355
-80.08
-80.022
-80.188
-80.036
-80.022
-79.977
-79.86
-80.037
-79.996
-79.844
-79.88
-79.824
-79.652
-79.77
-79.504
-79.719
-79.49
-79.504
-79.64
-79.441
-79.687
-79.847
-79.792
-79.674
-79.8
-79.442
