-77.886
-78.082
-78.09
-77.812
-77.721
-77.377
-77.348
-77.386
-77.509
-77.45
-77.395
-77.359
-77.426
-77.465
-77.598
-77.551
-77.623
-77.519
-77.802
-77.876
-78.04
-78.201
-78.516
-78.992
-78.914
-79.095
-79.022
-78.914
-78.984
-79.045
-79.155
-79.116
-79.174
-79.364
-79.425
-79.419
-79.696
-79.5
-79.792
-79.997
-80.114
-79.99
-80.008
-80.208
-80.552
-80.143
-80.144
-79.962
-80.135
-80.209
-80.246
-80.088
-80.169
-80.29
-80.506
-80.852
-80.782
-80.935
-81.1
-81.044
-81.076
-80.904
-81.024
-80.972
-81.355
-81.083
-80.887
-80.969
-80.811
-80.827
-80.896
-80.581
-80.75
-80.729
-80.562
-80.73
-80.82
-80.707
-80.599
-80.801
-80.691
-80.974
-80.824
-80.852
-80.967
-80.925
-80.604
-80.324
-80.222
-80.032
-80.001
-79.941
-79.71
-79.776
-79.638
-79.774
-79.454
-79.179
-79.43
-79.385
-79.047
-79.043
-78.848
-78.829
-78.958
-78.783
-78.766
-78.646
-78.661
-78.82
-78.771
-78.84
-78.964
-78.782
-78.905
-78.921
-78.906
-78.869
-78.809
-78.517
-78.708
-78.918
-79.29
-79.483
-79.4
-79.579
-79.586
-79.35
-79.329
-79.25
-79.153
-79.261
-79.247
-79.321
-79.266
-79.063
-79.134
-79.203
-79.169
-78.982
-78.945
-78.674
-78.638
-78.698
-78.721
-78.351
-78.267
-78.136
-78.221
-78.088
-78.068
-78.114
-77.851
-78.26
-78.255
-78.214
-78.033
-78.006
-78.102
-77.92
-78.009
-77.826
-78.11
-77.92
-77.96
-77.939
-78.02
-78.356
-78.583
-78.48
-78.76
-78.654
-78.548
-78.516
-78.296
-78.54
-78.665
-78.625
-78.658
-78.764
-78.504
-78.509
-78.582
-78.561
-78.704
-78.461
-78.582
-78.645
-78.671
-78.599
-78.497
-78.554
-78.53
-78.772
-78.972
-79.065
-78.842
-78.883
-78.908
-78.824
-78.718
-78.454
-78.737
-78.664
-78.51
-78.279
-78.38
-78.53
-78.649
-78.659
-78.422
-78.47
-78.714
-78.64
-78.795
-78.442
-78.291
-78.324
-78.303
-78.402
-78.439
-78.76
-78.643
-78.42
-78.475
-78.31
-78.508
-78.589
-78.589
-78.626
-78.747
-78.59
-78.398
-78.466
-78.463
-78.497
-78.377
-78.271
-78.397
-78.189
-78.062
-77.855
-77.506
-76.979
-76.437
-76.349
-75.992
-75.734
-75.33
-75.185
-74.735
-74.534
-74.402
-74.239
-74.011
-73.996
-73.881
-73.756
-73.132
-73.221
-73.343
-73.249
-73.127
-72.831
-72.764
-72.635
-72.661
-72.476
-72.505
-72.333
-72.22
-72.057
-71.978
-72.243
-71.854
-71.949
-71.924
-72.058
-72.245
-72.044
-71.998
-72.251
-72.227
-72.133
-71.937
-72.04
-72.024
-72.259
-72.503
-72.339
-72.569
-72.637
-72.534
-72.565
-72.527
-72.07
-72.172
-72.143
-72.147
-72.103
-72.132
-71.96
-72.043
-72.073
-72.092
-72.179
-72.376
-72.178
-72.287
-72.151
-71.975
-71.832
-71.83
-71.992
-71.974
-72.019
-71.886
-71.802
-71.845
-71.848
-71.952
-72.122
-71.979
-71.848
-71.75
-71.773
-71.706
-71.739
-71.939
-72.09
-72.179
-71.948
-72.197
-72.134
-72.31
-72.512
-72.407
-72.313
-71.99
-71.837
-71.813
-72.23
-72.173
-72.359
-72.346
-71.996
-72.088
-72.206
-72.27
-72.253
-72.02
-71.876
-71.946
-71.845
-71.65
-71.711
-71.595
-71.65
-71.877
-71.799
-71.641
-71.626
-71.702
-71.652
-71.725
-71.685
-71.797
-71.936
-72.174
-72.298
-72.374
-72.291
-72.388
-72.469
-72.226
-72.38
-72.575
-72.59
-72.59
-72.485
-72.823
-72.767
-72.718
-72.675
-73.039
-72.81
-72.793
-72.844
-72.798
-72.893
-72.73
-72.732
-72.366
-72.416
-72.6
-72.796
-72.818
-72.802
-72.87
-72.831
-73.027
-73.09
-73.169
-73.115
-73.029
-72.922
-72.849
-72.741
-72.646
-72.876
-72.631
-72.685
-72.587
-72.471
-72.494
-72.573
-72.694
-72.382
-72.305
-72.279
-72.182
-72.189
-72.249
-72.475
-72.315
-72.405
-72.588
-72.611
-72.701
-72.621
-72.721
-72.7
-72.434
-72.821
-72.644
-72.585
-72.761
-73.03
-73.243
-73.161
-73.074
-73.063
-73.23
-73.209
-73.02
-73.038
-73.491
-73.682
-73.604
-73.389
-73.64
-73.481
-73.698
-73.817
-73.561
-73.623
-73.7
-73.523
-73.531
-73.543
-73.382
-73.428
-73.579
-73.566
-73.655
-73.888
-73.772
-73.54
-73.235
-73.526
-73.442
-73.483
-73.142
-73.086
-73.318
-73.203
-73.009
-72.913
-72.841
-72.832
-73.078
-73.363
-73.583
-73.62
-73.505
-73.579
-73.745
-73.716
-73.605
-73.703
-73.747
-73.706
-73.559
-73.548
-73.228
-72.98
-72.56
-72.134
-71.807
-71.125
-70.637
-69.906
-69.456
-68.81
-68.328
-67.834
-67.463
-67.225
-67.031
-66.699
-66.167
-65.548
-65.159
-65.07
-64.935
-64.734
-64.573
-64.604
-64.674
-64.503
-64.452
-64.045
-63.605
-63.466
-63.426
-63.364
-63.469
-63.005
-62.948
-62.82
-63.031
-62.891
-62.731
-62.699
-62.497
-62.445
-62.772
-62.667
-62.614
-62.492
-62.312
-62.098
-62.032
-62.013
-62.007
-62.116
-62.145
-62.034
-61.975
-61.87
-61.621
-61.569
-61.25
-61.073
-60.801
-60.698
-60.515
-60.373
-60.327
-60.052
-59.814
-59.818
-59.883
-59.545
-59.267
-59.219
-59.269
-59.061
-58.894
-58.693
-58.816
-58.629
-58.545
-58.311
-58.094
-57.881
-57.645
-57.547
-57.228
-56.997
-56.653
-56.392
-56.121
-55.928
-55.868
-55.494
-54.818
-54.56
-54.149
-53.786
-53.158
-52.359
-51.084
-48.796
-45
-45
-45
-45
-45
-45
-45
-45
-45
-45
-45
-45
-45
-45
-47.184
-54.321
-60.141
-64.35
-67.362
-69.625
-70.717
-71.67
-72.619
-73.151
-73.829
-74.023
-74.295
-74.157
-73.996
-74.061
-74.097
-73.902
-73.649
-73.672
-74.044
-74.604
-74.426
-74.294
-74.421
-74.169
-74.266
-74.542
-74.735
-74.387
-74.662
-74.665
-74.914
-75.048
-75.076
-75.003
-75.07
-75.067
-74.993
-75.093
-75.194
-75.208
-75.347
-75.467
-75.376
-75.484
-75.343
-75.625
-75.462
-75.494
-75.825
-76.007
-76.087
-75.979
-76.19
-76.145
-76.039
-76.021
-76.302
-76.39
-76.644
-76.836
-76.575
-76.792
-76.673
-76.781
-76.874
-76.766
-76.571
-76.569
-76.61
-76.768
-76.845
-77.008
-77.014
-76.759
-76.994
-76.971
-77.133
-77.006
-77.183
-77.246
-77.275
-77.716
-77.835
-77.847
-77.892
-78.168
-78.006
-78.022
-78.03
-77.982
-78.001
-78.267
-78.465
-78.658
-78.919
-78.875
-79.038
-78.977
-79.178
-79.166
-79.221
-79.195
-79.167
-79.2
-79.188
-79.039
-79.07
-79.337
-79.567
-79.626
-79.823
-79.7
-79.544
-79.575
-79.475
-79.66
-79.963
-79.901
-80.11
-79.982
-79.885
-80
-80.255
-80.433
-80.446
-80.429
-80.347
-79.978
-79.45
-79.149
-78.938
-78.584
-78.645
-78.369
-77.998
-77.958
-77.633
-77.395
-77.327
-77.55
-77.2
-76.794
-76.835
-76.421
-76.05
-75.889
-75.603
-75.543
-75.898
-76.671
-77.537
-77.975
-78.565
-79.125
-79.184
-79.353
-79.486
-79.666
-79.691
-79.444
-79.812
-79.795
-79.815
-79.779
-79.832
-80.072
-79.848
-79.515
-79.592
-79.559
-79.56
-79.476
-79.682
-79.804
-79.792
-79.7
-79.866
-79.952
-79.833
-79.986
-80.066
-80.035
-80.108
-80.185
-79.995
-80.138
-79.764
-80.034
-79.748
-79.907
-80.044
-80.049
-80.199
-80.245
-80.369
-80.374
-80.405
-80.069
-80.176
-80.271
-80.357
-80.511
-80.41
-80.395
-80.371
-80.133
-80.14
-79.964
-79.989
-80.106
-80.264
-80.212
-79.989
-80.268
-80.48
-80.412
-80.429
-80.174
-80.166
-80.297
-80.399
-80.048
-79.856
-79.861
-79.901
-80.12
-80.103
-80.095
-80.197
-80.054
-80.234
-80.352
-80.022
-79.737
-79.741
-79.607
-79.704
-79.507
-79.872
-80.103
-80.149
-79.953
-79.809
-79.743
-80.036
-80.227
-80.498
-80.395
-80.043
-79.992
-80.181
-80.054
-80.173
-80.112
-79.933
-80.08
-79.973
-79.947
-80.07
-80.268
-80.111
-80.301
-80.466
-80.689
-80.674
-80.735
-80.692
-80.869
-80.903
-80.571
-80.624
-80.496
-80.606
-80.341
-80.804
-80.596
-80.364
-80.702
-80.705
-80.863
-80.946
-80.919
-80.832
-80.835
-80.881
-80.95
-80.649
-80.559
-80.768
-80.561
-80.498
-80.444
-80.334
-80.096
-80.167
-80.179
-80.554
-80.691
-80.436
-80.665
-80.869
-80.854
-80.827
-80.714
-80.729
-80.588
-80.619
-80.53
-80.427
-80.56
-80.745
-80.793
-80.769
-80.928
-80.668
-80.5
-80.529
-80.481
-80.621
-80.56
-80.783
-80.429
-80.257
-80.264
-80.16
-80.18
-79.927
-79.92
-79.897
-79.95
-80.051
-80.067
-80.095
-80.465
-80.365
-80.436
-80.144
-80.476
-80.541
-80.617
-80.483
-80.509
-80.487
-80.459
-80.598
-80.714
-80.627
-80.674
-80.618
-80.584
-80.744
-80.83
-80.957
-81.2
-80.741
-80.892
-80.956
-81.05
-81.073
-80.937
-80.831
-80.603
-80.559
-80.542
-80.432
-80.474
-80.428
-80.566
-80.664
-80.569
-80.557
-80.125
-80.122
-79.906
-79.687
-79.718
-79.534
-79.487
-79.457
-79.454
-79.44
-79.516
-79.553
-79.574
-79.704
-80
-80.121
-80.074
-80.29
-80.477
-80.262
