-80.332
-80.409
-80.689
-80.713
-80.713
-80.603
-80.488
-80.421
-80.601
-80.531
-80.645
-80.604
-80.468
-80.581
-80.495
-80.445
-80.342
-80.377
-80.512
-80.404
-80.494
-80.314
-79.881
-79.614
-79.642
-79.774
-79.779
-79.825
-79.835
-80.043
-80.335
-80.139
-80.136
-80.128
-80.266
-80.345
-80.503
-80.479
-80.427
-80.267
-80.218
-80.266
-79.968
-80.011
-79.666
-79.671
-79.59
-79.384
-79.439
-79.323
-79.015
-79.226
-79.62
-79.91
-79.859
-80.071
-80.128
-80.102
-79.936
-79.823
-79.802
-79.86
-80.006
-80.028
-79.989
-79.896
-79.899
-79.721
-79.667
-79.61
-79.776
-79.875
-80.341
-80.37
-80.279
-80.406
-80.509
-80.654
-80.602
-80.489
-80.49
-80.616
-80.357
-80.17
-79.974
-80.101
-79.947
-80.073
-80.238
-80.189
-80.121
-80.171
-80.045
-79.993
-79.754
-79.825
-79.831
-79.788
-79.956
-79.984
-80.04
-80.082
-80.242
-80.235
-80.228
-80.037
-79.648
-80.045
-79.959
-79.97
-79.79
-79.964
-80.023
-79.872
-79.817
-79.477
-79.529
-79.701
-79.998
-79.943
-79.768
-79.68
-79.714
-79.995
-79.867
-80.025
-79.948
-79.945
-80.11
-80.228
-80.084
-79.743
-79.845
-80.087
-79.938
-79.626
-79.706
-79.874
-80
-80.076
-80.039
-79.671
-79.595
-79.748
-79.521
-79.581
-79.975
-79.957
-79.859
-79.704
-79.745
-79.822
-79.966
-79.865
-80.028
-79.965
-79.716
-79.745
-79.966
-80.051
-80.199
-80.148
-79.936
-80.193
-80.094
-79.997
-79.854
-79.651
-79.688
-79.494
-79.421
-79.359
-79.55
-79.537
-79.631
-79.716
-79.841
-79.692
-79.465
-79.691
-79.728
-79.393
-79.523
-79.492
-79.783
-79.457
-79.643
-79.806
-79.784
-79.929
-80.129
-80.177
-80.465
-80.661
-80.697
-80.606
-80.594
-80.451
-80.508
-80.616
-80.921
-81.014
-80.95
-80.902
-80.81
-80.75
-80.572
-80.369
-80.337
-80.256
-80.234
-79.94
-80.045
-80.137
-80.038
-79.82
-79.975
-79.819
-79.465
-79.665
-79.512
-79.392
-79.474
-78.99
-79.257
-79.341
-78.769
-78.852
-78.949
-78.985
-79.09
-79.136
-79.196
-79.188
-78.75
-78.967
-79.363
-79.368
-79.336
-79.157
-79.361
-79.125
-79.073
-79.304
-79.327
-79.312
-79.215
-79.164
-79.329
-79.438
-79.311
-79.083
-79.012
-79.158
-79.098
-78.813
-78.894
-79.069
-79.209
-79.205
-79.181
-79.147
-79.339
-79.211
-78.812
-78.673
-78.824
-78.864
-79.011
-78.754
-78.856
-78.979
-79.109
-79.101
-78.956
-78.929
-78.863
-78.825
-79.277
-79.592
-79.785
-79.817
-79.805
-79.697
-79.88
-79.764
-79.725
-79.722
-79.679
-79.471
-79.473
-79.838
-79.964
-79.858
-80.029
-80.027
-80.036
-80.178
-80.199
-80.338
-80.436
-80.133
-80.09
-80.109
-80.226
-80.279
-80.017
-79.81
-79.877
-79.644
-79.788
-79.871
-79.963
-79.762
-79.614
-79.884
-80.139
-80.362
-80.328
-80.491
-80.631
-80.612
-80.869
-80.773
-80.75
-80.876
-80.677
-80.547
-80.812
-80.766
-80.803
-80.699
-80.794
-80.815
-80.81
-80.751
-80.793
-80.745
-80.75
-80.846
-80.791
-80.782
-80.849
-80.858
-80.901
-80.87
-80.953
-81.016
-80.768
-80.855
-81.153
-81.238
-81.559
-81.472
-81.483
-81.554
-81.775
-81.548
-81.634
-81.414
-81.335
-81.211
-81.218
-81.055
-81.185
-81.216
-81.087
-80.962
-80.873
-80.659
-80.449
-80.61
-80.498
-80.516
-80.466
-80.937
-81
-81.132
-81.077
-81.033
-80.934
-80.877
-80.944
-80.658
-80.599
-80.381
-80.274
-80.32
-80.298
-80.215
-80.273
-80.086
-80.295
-80.079
-79.89
-79.878
-79.746
-79.905
-79.872
-79.866
-80.024
-79.878
-79.981
-80.112
-80.023
-79.918
-79.88
-79.971
-79.597
-79.308
-79.289
-79.219
-79.065
-79.028
-79.184
-79.001
-79.015
-79.231
-79.164
-78.963
-78.944
-79.074
-79.159
-79.485
-79.237
-79.285
-78.962
-78.8
-78.755
-79.036
-79.258
-79.218
-79.386
-79.441
-79.356
-79.626
-79.485
-79.332
-79.515
-79.359
-79.421
-79.115
-79.002
-78.931
-79.154
-78.974
-78.934
-79.054
-79.003
-78.895
-78.722
-78.608
-78.827
-78.66
-78.764
-78.701
-78.441
-78.116
-78.245
-78.343
-78.031
-77.867
-77.829
-77.653
-77.555
-77.482
-77.467
-77.287
-77.594
-77.635
-77.546
-77.478
-77.487
-77.48
-77.513
-77.5
-77.512
-77.368
-77.205
-77.417
-77.441
-77.327
-77.453
-77.319
-77.407
-77.174
-77.169
-77.294
-77.503
-77.202
-77.096
-77.191
-77.119
-76.965
-77.072
-77.171
-77.26
-77.123
-77.117
-77.101
-77.11
-77.059
-77.409
-77.416
-77.555
-77.753
-77.619
-77.699
-77.865
-77.765
-77.613
-77.52
-77.616
-77.565
-77.433
-77.552
-77.493
-77.535
-77.44
-77.484
-77.477
-77.034
-77.086
-77.202
-77.142
-77.052
-76.983
-76.928
-77.312
-77.408
-77.235
-77.409
-77.433
-77.623
-77.684
-77.701
-77.812
-77.776
-77.349
-77.12
-76.729
-76.674
-76.807
-77.108
-77.139
-77.29
-77.273
-77.369
-77.478
-77.681
-77.678
-77.434
-77.456
-77.316
-77.573
-77.64
-77.748
-77.898
-77.744
-77.987
-78.225
-78.12
-77.84
-78.157
-78.045
-77.802
-77.854
-77.719
-77.728
-77.796
-77.676
-77.547
-77.648
-78.026
-77.927
-77.797
-77.791
-77.632
-77.46
-77.241
-77.208
-77.291
-77.357
-77.646
-77.604
-77.772
-77.692
-77.914
-77.971
-78.112
-78.184
-78.215
-78.175
-78.224
-78.314
-78.083
-77.913
-78.009
-77.635
-77.501
-77.505
-77.37
-77.369
-77.317
-77.256
-77.194
-77.206
-77.466
-77.203
-77.262
-77.586
-77.292
-77.469
-77.411
-77.082
-76.777
-77.027
-77.049
-77.098
-77.004
-76.957
-76.883
-76.729
-76.372
-76.238
-76.195
-76.316
-76.226
-76.204
-76.249
-76.137
-76.121
-76.124
-76.019
-76.137
-76.094
-76.113
-76.025
-75.841
-75.726
-75.536
-75.735
-76.075
-76.766
-77.574
-78.225
-78.367
-78.975
-79.121
-79.348
-79.489
-79.837
-79.589
-79.758
-80.033
-80.031
-79.969
-79.895
-79.81
-79.857
-79.944
-79.832
-80.306
-80.171
-80.157
-80.186
-79.994
-79.905
-80.145
-80.239
-80.065
-79.926
-79.887
-79.777
-79.612
-79.609
-79.411
-79.728
-79.933
-79.951
-79.898
-79.773
-79.829
-80.098
-80.301
-80.393
-79.916
-79.838
-79.797
-79.806
-79.964
-80.193
-79.933
-80.021
-79.987
-79.83
-79.928
-79.987
-80.12
-80.052
-80.003
-79.829
-80.331
-80.488
-80.407
-80.08
-80.106
-79.996
-80.023
-80.034
-79.789
-80.088
-80.091
-80.048
-79.871
-79.969
-80.074
-80.126
-79.835
-79.865
-79.72
-79.767
-79.782
-79.877
-79.852
-79.536
-79.686
-79.384
-79.565
-79.598
-79.716
-79.658
-79.91
-79.737
-79.55
-79.823
-79.943
-80.196
-80.2
-80.106
-80.222
-80.284
-80.267
-80.394
-80.061
-80.068
-79.805
-79.681
-79.67
-79.691
-80.071
-79.915
-80.205
-79.852
-80.063
-80.209
-80.152
-80.085
-79.85
-79.833
-80.147
-80.082
-79.947
-80.171
-80.233
-80.343
-80.391
-80.456
-80.6
-80.652
-80.56
-80.465
-80.43
-80.168
-80.015
-80.081
-80.019
-80.001
-79.895
-79.956
-79.671
-79.372
-79.555
-79.533
-79.915
-79.808
-79.73
-80.242
-80.249
-80.131
-80.354
-80.232
-80.274
-80.028
-79.717
-79.956
-79.808
-80.026
-79.984
-79.841
-79.746
-79.924
-79.758
-79.843
-79.963
-80.035
-80.231
-80.22
-80.265
-80.193
-80.189
-80.177
-80.366
-80.302
-80.184
-80.35
-80.322
-80.261
-80.23
-80.118
-80.139
-80.308
-80.27
-80.327
-80.435
-80.15
-80.282
-80.394
-80.32
-80.316
-80.196
-80.225
-80.22
-80.41
-80.362
-80.345
-80.317
-80.4
-80.508
-80.38
-80.23
-80.287
-80.405
-80.762
-81.354
-81.28
-80.953
-80.635
-80.347
-80.358
-80.504
-80.397
-80.425
-80.419
-80.273
-80.024
-80.205
-80.22
-80.291
-80.238
-80.445
-80.443
-80.358
-80.474
-80.586
-80.587
-80.521
-80.65
-80.599
-80.826
-80.983
-80.816
-80.73
-80.721
-80.762
-80.658
-80.424
-80.269
-80.247
-80.153
-79.717
-79.643
-79.39
-79.083
-78.795
-78.409
-78.283
-77.909
-77.646
-77.693
-77.658
-77.623
-77.464
-77.394
-77.439
-77.333
-77.412
-77.304
-77.277
-77.315
-77.405
-77.382
-77.383
-77.407
-77.429
-77.464
-77.492
-77.563
-77.474
-77.586
-77.521
-77.65
-77.596
-77.456
-77.577
-77.577
-77.923
-77.757
-77.481
-77.555
-77.525
-77.204
-77.322
-77.589
-77.766
-78.038
-78.144
-78.196
-78.29
-78.636
-78.804
-79.074
-79.023
-79.378
-79.326
-79.088
-79.154
-79.126
-79.185
-78.934
-78.723
-78.801
-78.891
-78.611
-78.438
-78.297
-78.192
-78.292
-78.31
-78.572
-78.816
-79.056
-78.863
-79.083
-79.088
-79.183
-79.011
-78.747
-78.617
-78.946
-78.819
-78.855
-78.793
-78.584
-78.829
-78.929
-78.704
-78.861
-78.646
-78.669
-78.616
-78.546
-78.555
-78.416
-78.449
-78.286
-78.345
-78.427
-78.19
-78.041
-77.88
-77.734
-77.898
-78.1
-78.171
-78.186
-78.295
-78.367
-78.556
-78.421
-78.585
-78.218
-78.053
-78.116
-78.413
-78.477
-78.522
-78.411
-78.402
-78.41
-78.21
