-79.004
-79.015
-78.959
-78.673
-78.601
-78.746
-78.667
-78.623
-78.504
-78.353
-78.2
-78.312
-78.421
-78.366
-78.548
-78.629
-78.492
-78.712
-78.749
-78.779
-78.831
-79.121
-79.151
-79.177
-79.226
-79.124
-79.095
-79.064
-78.94
-78.921
-79.046
-78.791
-78.776
-78.676
-78.948
-78.875
-78.618
-78.739
-78.783
-78.783
-78.985
-79.012
-78.835
-78.783
-78.693
-78.986
-78.786
-78.749
-78.575
-78.584
-78.535
-78.433
-78.222
-78.227
-78.062
-78.138
-77.85
-77.921
-77.776
-77.631
-77.714
-77.735
-77.626
-77.655
-77.798
-77.956
-78.028
-78.18
-78.111
-77.93
-77.848
-77.813
-77.673
-77.743
-78.141
-78.169
-77.968
-78.259
-77.985
-78.063
-77.899
-78.013
-78.164
-78.19
-78.652
-78.916
-79.083
-79.32
-79.588
-79.762
-79.827
-80.075
-80.128
-80.222
-80.045
-80.113
-79.983
-79.953
-79.939
-79.878
-79.797
-80.011
-80.008
-80.01
-80.135
-80.163
-80.105
-80.254
-80.335
-80.201
-80.087
-80.026
-79.967
-79.971
-80.071
-80.085
-79.996
-79.975
-79.975
-79.617
-79.687
-79.94
-80.117
-80.098
-80.137
-80.165
-79.986
-79.848
-79.914
-79.881
-79.949
-80.142
-80.287
-80.448
-80.481
-80.525
-80.305
-80.133
-80.433
-80.261
-80.228
-80.135
-80.052
-79.598
-79.47
-79.439
-79.579
-79.773
-79.96
-79.873
-79.841
-79.856
-79.922
-79.789
-79.688
-79.902
-80.076
-79.833
-79.952
-79.74
-79.686
-79.906
-79.596
-79.806
-79.761
-79.959
-79.969
-79.789
-80.041
-80.038
-80.231
-80.054
-80.135
-80.074
-79.963
-79.714
-79.694
-79.644
-79.763
-79.739
-79.949
-79.959
-79.902
-80.074
-80.056
-79.947
-80.03
-79.898
-79.727
-79.884
-80.046
-79.941
-79.91
-79.659
-79.912
-79.717
-79.778
-79.629
-79.856
-79.655
-80.042
-80.075
-80.235
-79.996
-80.004
-79.953
-79.655
-79.505
-79.407
-79.663
-79.562
-79.486
-79.65
-79.711
-79.265
-79.445
-79.518
-79.548
-79.311
-79.349
-79.352
-79.336
-79.541
-79.743
-79.71
-79.649
-79.703
-79.633
-79.803
-79.662
-79.469
-79.501
-79.293
-79.378
-79.439
-79.454
-79.647
-79.822
-79.928
-80.218
-79.971
-79.981
-79.785
-79.86
-79.972
-79.874
-79.819
-80.063
-80.058
-79.918
-79.936
-80.299
-80.345
-80.235
-80.302
-80.221
-80.134
-80.262
-80.437
-80.441
-80.492
-80.566
-80.655
-80.504
-80.514
-80.468
-80.626
-80.509
-80.293
-80.416
-80.463
-80.635
-80.853
-81.172
-81.084
-81.129
-81.011
-80.782
-80.642
-80.526
-80.405
-80.335
-80.153
-80.089
-79.889
-79.823
-79.846
-79.913
-79.864
-80.025
-79.902
-79.664
-79.465
-79.387
-79.306
-79.342
-79.461
-79.232
-79.347
-79.55
-79.722
-80.01
-80.063
-80.279
-79.868
-79.979
-80.005
-80.046
-79.658
-79.863
-80.177
-80.426
-80.5
-80.579
-80.525
-80.171
-79.934
-79.966
-79.724
-79.922
-79.879
-79.647
-79.982
-79.885
-79.721
-79.698
-79.644
-79.557
-79.467
-79.665
-79.595
-79.797
-80.013
-80.088
-80.131
-80.034
-80.034
-80
-79.867
-79.773
-79.707
-79.778
-79.692
-79.786
-79.469
-79.484
-79.486
-79.468
-79.491
-79.65
-79.952
-79.882
-79.977
-80.276
-80.141
-80.47
-80.47
-80.129
-79.942
-79.992
-80.045
-80.018
-79.696
-79.793
-79.745
-79.976
-80.097
-80.064
-79.973
-79.953
-79.94
-79.82
-79.874
-80.007
-80.062
-79.951
-79.978
-80.131
-80.148
-80.249
-80.015
-79.622
-79.402
-79.617
-80.002
-79.908
-79.852
-79.778
-79.786
-79.8
-79.648
-79.611
-79.649
-79.706
-79.878
-79.912
-80.108
-80.095
-80.14
-79.951
-79.556
-79.733
-79.473
-79.561
-79.224
-79.223
-79.191
-79.42
-79.325
-79.168
-79.144
-79.018
-78.834
-79.041
-79.074
-79.209
-79.194
-79.321
-79.358
-79.238
-79.381
-79.144
-78.879
-78.744
-79.016
-78.836
-78.889
-78.836
-78.658
-78.948
-79.185
-79.251
-79.313
-79.056
-79.138
-79.32
-79.121
-79.08
-79.111
-78.996
-78.82
-78.95
-78.812
-78.906
-79.257
-79.02
-79.062
-79.12
-79.007
-79.218
-79.214
-79.036
-78.808
-78.833
-78.948
-78.804
-78.739
-78.859
-79.038
-79.051
-78.895
-78.777
-78.758
-78.699
-78.76
-78.793
-78.701
-78.903
-78.787
-78.546
-78.765
-78.962
-78.837
-78.691
-79.022
-78.901
-79.088
-79.143
-78.934
-79.242
-79.335
-79.492
-79.439
-79.187
-79.325
-79.428
-79.688
-79.569
-79.696
-79.506
-79.763
-79.851
-79.967
-80.022
-79.725
-79.693
-79.56
-79.469
-79.5
-79.486
-79.423
-79.577
-79.764
-80.009
-80.079
-80.23
-80.133
-80.201
-80.008
-79.931
-79.791
-79.815
-79.849
-79.756
-79.74
-79.849
-79.978
-80.05
-80.113
-80.007
-79.832
-79.714
-79.718
-79.836
-79.877
-79.733
-79.846
-79.604
-79.721
-79.943
-80.101
-80.038
-79.895
-79.954
-79.8
-79.463
-79.496
-79.782
-79.667
-79.696
-79.67
-79.627
-79.695
-79.86
-79.865
-79.791
-79.596
-79.447
-79.57
-79.8
-79.772
-80.011
-79.815
-79.777
-79.956
-79.883
-79.967
-80.215
-80.237
-79.984
-80.153
-80.017
-80.093
-80.048
-79.896
-79.925
-80.071
-79.98
-79.89
-79.921
-79.809
-79.886
-79.902
-80.148
-79.976
-79.875
-79.841
-79.795
-79.833
-79.671
-79.616
-79.498
-79.656
-79.677
-79.671
-79.637
-79.647
-79.614
-79.738
-79.424
-79.325
-79.163
-79.275
-79.486
-79.489
-79.625
-79.556
-79.568
-79.717
-79.778
-79.818
-79.895
-79.784
-79.913
-79.911
-80.121
-80.059
-79.97
-79.83
-79.86
-80.159
-80.027
-80.169
-79.978
-80.162
-80.1
-79.78
-79.877
-80.159
-80.103
-80.107
-80.015
-79.984
-79.808
-79.933
-79.869
-80.098
-80.051
-80
-80.026
-80.148
-80.304
-80.198
-80.348
-79.815
-79.908
-79.972
-80.124
-80.251
-80.219
-80.405
-80.07
-79.926
-79.96
-79.741
-80.079
-80.096
-79.859
-79.791
-79.825
-79.976
-79.785
-79.735
-79.887
-79.942
-79.693
-79.664
-79.546
-79.628
-79.6
-79.547
-79.642
-79.519
-79.685
-79.362
-79.585
-79.466
-79.518
-79.7
-79.812
-80.057
-80.101
-80.034
-79.793
-79.727
-79.803
-79.917
-80.032
-80.206
-80.305
-80.061
-80.041
-79.818
-79.867
-79.785
-79.854
-79.729
-79.854
-79.82
-79.902
-79.821
-79.947
-79.984
-80.035
-79.961
-79.977
-80.068
-80.258
-80.194
-80.07
-80.098
-80.281
-80.355
-80.142
-80.154
-79.963
-80.246
-80.286
-80.252
-80.038
-80.118
-79.875
-79.807
-79.921
-79.982
-80.053
-80.057
-80.013
-79.741
-79.948
-79.871
-80.218
-80.224
-80.049
-80.039
-79.918
-80.085
-79.985
-80.145
-80.052
-79.727
-79.547
-79.685
-79.614
-79.573
-79.71
-79.866
-79.64
-79.212
-79.182
-79.013
-79.195
-78.799
-78.433
-78.404
-78.448
-78.565
-78.555
-78.524
-78.356
-78.255
-78.242
-78.446
-78.254
-78.225
-78.386
-78.634
-78.451
-78.649
-78.594
-78.29
-78.259
-78.499
-78.659
-79.02
-79.411
-79.427
-79.489
-79.548
-79.736
-79.907
-80.1
-79.84
-79.64
-79.559
-79.744
-79.73
-79.997
-79.998
-79.786
-79.767
-79.624
-79.586
-79.571
-79.589
-79.878
-79.94
-80.226
-80.025
-79.867
-79.875
-79.884
-79.864
-80.074
-80.028
-79.864
-79.699
-79.617
-79.878
-79.783
-79.624
-79.958
-79.751
-79.819
-79.911
-79.732
-79.523
-79.56
-79.732
-79.904
-79.95
-79.941
-80.046
-79.963
-80.032
-79.774
-80.008
-79.909
-79.825
-79.751
-79.994
-80.161
-80.211
-80.187
-80.122
-80.146
-79.965
-79.931
-79.645
-79.395
-79.442
-79.747
-79.573
-79.385
-79.394
-79.357
-79.628
-79.574
-79.793
-79.699
-79.685
-79.729
-79.817
-79.81
-79.977
-79.898
-79.916
-79.766
-79.715
-79.907
-79.918
-79.895
-80.175
-80.059
-80.177
-80.543
-80.592
-80.29
-80.147
-79.875
-80.07
-80.271
-80.34
-80.281
-80.456
-80.335
-80.361
-80.405
-80.226
-80.415
-80.313
-80.182
-80.08
-79.971
-79.762
-79.855
-79.791
-80.007
-79.831
-79.83
-79.787
-79.729
-79.564
-79.694
-79.7
-79.564
-79.63
-79.647
-79.52
-79.68
-79.894
-79.933
-80.015
-79.763
-80.011
-80.133
-80.186
-80.037
-79.979
-80.104
-79.889
-79.974
-80.156
-80.452
-80.273
-80.288
-80.357
-79.988
-79.835
-79.775
-79.816
-80.112
-80.432
-80.296
-80.269
-80.336
-80.409
-80.456
-80.104
-80.211
-80.118
-80.24
-80.515
-80.558
-80.466
-80.358
-80.311
-80.235
-80.188
-80.153
-79.989
-80.037
-79.999
-80.116
-80.3
-80.259
-80.121
-80.099
-80.003
-79.783
-79.902
-79.822
-79.807
-79.86
-80.121
-79.867
-79.605
-79.688
-79.737
-79.745
-79.372
-79.2
-79.38
-79.348
-79.614
-79.743
-79.941
-79.775
-79.812
-80.19
-80.247
-80.153
-80.09
-80.155
-80.189
-80.246
-80.258
-80.208
-80.368
-80.309
-80.547
-80.917
-81.054
-81.246
-81.389
-80.992
-81.194
-81.046
-81.284
-81.184
-81.232
-80.92
-80.568
-80.448
-80.195
-80.337
-80.289
-80.336
-80.436
-80.865
-80.818
-80.904
-80.855
-80.85
-81.001
-81.081
-80.997
-80.827
-80.664
-80.713
-80.619
