-75.372
-75.386
-75.427
-75.339
-75.551
-75.511
-75.392
-75.364
-75.318
-75.565
-75.411
-75.61
-75.781
-75.726
-75.647
-75.688
-75.663
-75.973
-75.711
-75.782
-76.121
-76.459
-76.49
-76.483
-76.567
-76.449
-76.617
-76.586
-76.574
-76.733
-76.748
-76.909
-76.905
-76.824
-76.707
-76.502
-76.568
-76.507
-76.513
-76.459
-76.361
-76.419
-76.295
-76.306
-76.551
-76.709
-76.632
-76.509
-76.656
-76.722
-76.612
-76.681
-76.515
-76.542
-76.506
-76.611
-76.373
-76.201
-76.253
-75.98
-75.735
-75.825
-75.72
-75.917
-75.862
-76.057
-76.076
-76.136
-76.012
-75.83
-76.051
-76.159
-76.3
-76.234
-76.344
-76.658
-76.645
-76.877
-77.151
-77.058
-76.995
-77.253
-77.34
-77.282
-77.065
-77.055
-76.924
-76.843
-76.715
-76.521
-76.703
-76.886
-76.909
-77.213
-77.352
-77.362
-77.145
-77.091
-77.022
-77.271
-77.17
-77.298
-77.33
-77.243
-77.21
-77.422
-77.037
-76.958
-77.159
-77.114
-77.294
-77.325
-77.368
-77.815
-77.78
-77.572
-77.809
-78.041
-78.169
-78.276
-78.156
-78.066
-77.956
-77.595
-77.59
-77.495
-77.617
-77.575
-77.557
-77.448
-77.136
-77.146
-77.313
-77.371
-77.45
-77.539
-77.675
-77.64
-77.657
-77.433
-77.283
-77.528
-77.397
-77.35
-77.646
-77.767
-77.791
-77.828
-77.747
-77.562
-77.919
-77.973
-78.291
-78.325
-78.297
-78.399
-78.273
-78.228
-78.022
-78.086
-78.113
-78.07
-78.211
-78.207
-78.165
-78.444
-78.328
-78.615
-78.854
-79.075
-79.028
-78.879
-78.898
-78.674
-78.727
-78.823
-78.455
-78.811
-78.848
-79.2
-79.341
-79.519
-79.543
-79.628
-79.549
-79.616
-79.354
-79.586
-79.618
-79.596
-79.741
-79.649
-79.907
-79.768
-79.513
-79.756
-79.362
-79.326
-78.975
-78.948
-79.191
-79.256
-79.305
-79.171
-79.106
-78.853
-78.731
-78.776
-78.839
-78.636
-78.665
-78.69
-78.58
-78.572
-78.554
-78.556
-78.617
-78.64
-78.351
-78.17
-77.951
-77.973
-77.968
-78.092
-78.151
-77.902
-77.754
-78.051
-78.226
-78.333
-78.288
-78.127
-78.145
-77.999
-78.051
-78.243
-78.165
-78.05
-77.871
-77.923
-77.864
-77.858
-77.765
-77.519
-77.487
-77.245
-77.289
-77.428
-77.158
-77.247
-77.328
-77.387
-77.367
-77.397
-77.558
-77.513
-77.176
-77.041
-76.866
-77.102
-77.25
-77.223
-77.113
-77.218
-76.929
-77.044
-77.165
-77.128
-77.059
-76.962
-76.856
-76.756
-76.711
-76.547
-76.325
-76.282
-76.112
-76.054
-76.246
-76.169
-75.949
-76.144
-76.598
-76.566
-76.77
-76.888
-76.624
-76.511
-76.415
-76.663
-76.509
-76.532
-76.628
-76.473
-76.592
-76.537
-76.19
-76.372
-76.283
-76.039
-76.096
-75.992
-75.937
-75.664
-75.59
-75.572
-75.466
-75.88
-75.822
-76.002
-76.175
-76.133
-76.212
-76.329
-76.381
-76.518
-76.425
-76.379
-76.409
-76.504
-76.262
-76.315
-76.309
-76.596
-76.847
-76.715
-76.689
-76.989
-76.741
-76.753
-76.718
-76.769
-76.619
-76.551
-76.114
-76.033
-76.271
-76.446
-76.344
-76.234
-76.204
-76.222
-76.277
-76.31
-76.035
-76.235
-76.598
-76.755
-76.534
-77.009
-77.013
-76.898
-76.897
-77.06
-76.831
-76.603
-76.942
-76.791
-76.88
-76.84
-76.987
-76.929
-76.916
-77.001
-77.058
-77.212
-76.946
-76.658
-76.499
-76.137
-76.009
-75.623
-75.583
-75.382
-74.931
-74.697
-74.382
-74.082
-73.903
-73.74
-73.503
-73.126
-72.92
-73.161
-73.126
-72.93
-72.926
-72.933
-72.761
-72.784
-72.556
-72.922
-72.683
-72.595
-72.435
-72.262
-71.975
-71.842
-71.733
-71.442
-71.449
-71.481
-71.527
-71.399
-71.526
-71.623
-71.565
-71.175
-71.135
-71.257
-71.305
-71.587
-71.364
-71.201
-71.138
-71.141
-71.088
-70.877
-70.843
-70.887
-70.694
-70.556
-70.392
-70.163
-70.149
-69.962
-69.873
-69.749
-69.544
-69.114
-69.158
-69.05
-68.699
-68.717
-68.306
-68.334
-68.63
-68.761
-68.718
-68.756
-68.731
-68.771
-68.706
-68.66
-68.719
-68.648
-68.423
-68.196
-67.894
-68.184
-68.51
-68.52
-68.417
-68.218
-68.308
-68.164
-68.235
-68.214
-68.105
-68.211
-68.259
-68.393
-68.488
-68.459
-68.609
-68.684
-69.039
-69.053
-69.069
-69.168
-69.064
-69.15
-69.336
-69.41
-69.525
-69.347
-69.391
-69.383
-69.199
-69.227
-69.294
-69.346
-69.295
-69.408
-69.341
-69.564
-69.714
-69.342
-69.433
-69.429
-69.584
-69.588
-69.473
-69.464
-69.749
-69.507
-69.121
-68.897
-68.77
-68.741
-68.526
-68.285
-68.093
-67.554
-67.217
-67.081
-66.964
-66.544
-66.378
-66.31
-66.066
-65.967
-65.873
-65.692
-65.213
-65.1
-65.066
-64.864
-64.803
-64.609
-64.788
-64.692
-64.82
-64.624
-64.338
-64.51
-64.173
-63.914
-64.119
-64.129
-64.082
-63.933
-63.903
-63.968
-64.005
-63.893
-64.168
-64.247
-63.939
-64.312
-64.289
-64.341
-64.42
-63.903
-64.041
-63.933
-63.914
-63.632
-63.612
-63.705
-63.357
-62.88
-62.93
-63.09
-63.013
-63.173
-63.024
-63.139
-63.204
-63.073
-62.808
-62.832
-63.026
-63.01
-62.756
-62.887
-62.898
-62.994
-63.134
-63.132
-63.126
-63.316
-63.273
-63.592
-63.55
-63.532
-63.668
-63.623
-63.442
-63.455
-63.272
-63.147
-62.761
-62.703
-62.878
-63.002
-63.19
-63.496
-63.705
-63.478
-63.522
-63.696
-63.789
-63.863
-63.982
-64.026
-64.21
-64.275
-64.599
-64.64
-64.594
-64.34
-64.451
-64.071
-64.046
-63.794
-63.232
-62.931
-62.715
-62.585
-62.469
-62.582
-62.557
-62.278
-61.942
-61.568
-61.291
-60.801
-60.766
-60.873
-60.799
-60.387
-60.1
-59.931
-59.915
-59.81
-59.769
-59.47
-59.625
-59.602
-59.657
-59.894
-59.63
-59.723
-59.758
-59.764
-59.692
-59.782
-59.799
-59.734
-59.556
-59.269
-59.159
-59.112
-58.881
-58.509
-58.102
-57.784
-57.482
-57.203
-57.25
-56.872
-56.735
-56.168
-55.669
-54.974
-54.491
-53.547
-52.431
-50.724
-48.487
-45
-45
-45
-45
-45
-45
-45
-45
-45
-45
-45
-45
-45
-45
-48.12
-55.296
-60.779
-64.598
-67.009
-69.04
-70.292
-71.093
-71.956
-72.34
-72.621
-73.043
-73.359
-73.349
-73.599
-73.594
-73.794
-73.729
-73.613
-73.461
-73.351
-73.229
-73.401
-73.24
-73.53
-73.604
-73.525
-73.245
-73.263
-73.557
-73.74
-73.953
-73.628
-73.182
-73.551
-73.504
-73.607
-73.702
-73.667
-73.676
-73.806
-74.152
-74.031
-73.941
-74.08
-73.932
-73.913
-73.841
-73.591
-73.565
-73.652
-73.526
-73.579
-73.756
-73.806
-73.603
-73.5
-73.679
-73.687
-73.601
-73.712
-73.661
-73.683
-73.607
-73.468
-73.698
-73.88
-73.883
-73.996
-74.334
-74.468
-74.413
-74.657
-74.684
-74.801
-74.911
-75
-75.208
-75.034
-75.01
-75.043
-74.963
-75.094
-75.253
-75.162
-75.223
-75.373
-75.34
-75.51
-75.538
-75.769
-75.824
-75.765
-75.981
-76.245
-76.34
-76.103
-76.251
-76.422
-76.682
-76.86
-76.852
-76.89
-77.139
-77.173
-77.31
-77.417
-77.5
-77.664
-77.975
-78.239
-78.42
-78.429
-78.322
-78.329
-78.493
-78.395
-77.878
-77.976
-77.783
-77.849
-78.085
-78.188
-78.429
-78.521
-78.39
-78.383
-78.314
-78.239
-78.378
-78.601
-78.89
-79.061
-79.018
-78.623
-78.801
-78.831
-79.174
-79.281
-79.235
-79.011
-79.105
-79.176
-79.209
-79.342
-79.367
-79.43
-79.539
-79.678
-80.039
-79.879
-80.081
-79.888
-80.083
-80.323
-80.343
-80.216
-79.972
-80.28
-80.226
-80.27
-80.317
-80.605
-80.287
-80.344
-80.319
-80.657
-80.774
-80.589
-80.815
-80.798
-80.827
-81.048
-80.985
-81.056
-81.178
-81.056
-81.299
-81.216
-81.448
-81.399
-81.357
-81.556
-81.514
-81.572
-81.808
-81.78
-82.073
-82.074
-82.067
-82.262
-82.357
-82.3
-82.391
-82.323
-82.49
-82.574
-82.343
-82.086
-81.963
-81.725
-81.564
-81.325
-80.955
-80.654
-80.367
-79.871
-79.753
-79.51
-79.413
-79.187
-79.248
-78.949
-78.87
-78.971
-78.984
-79.112
-79.178
-79.155
-78.983
-78.687
-78.546
-78.408
-78.277
-78.102
-77.973
-77.89
-77.759
-77.634
-77.463
-77.557
-77.504
-77.889
-77.756
-77.616
-77.477
-77.495
-77.808
-77.909
-77.998
-78.303
-78.347
-78.212
-77.936
-77.822
-77.949
-78.141
-78.205
-78.29
-78.155
-77.995
-78.065
-78.115
-78.326
-78.435
-78.581
-78.745
-78.592
-78.831
-79.01
-78.992
-78.849
-78.788
-78.789
-78.751
-78.766
-78.566
-78.402
-78.378
-78.341
-78.516
-78.766
-78.885
-78.989
-78.882
-78.811
-78.851
-78.944
-78.911
-78.769
-78.942
-78.806
-79.098
-79.201
-79.165
-78.941
-78.811
-78.859
-78.683
-78.329
-78.439
-78.409
-78.282
-78.332
-78.68
-79.102
-79.133
-79.112
-79.183
-79.293
-79.191
-79.025
-78.85
-78.885
-78.754
-79.06
-78.988
-78.89
-78.809
-78.94
-79.016
-78.731
-78.782
-78.877
-78.841
-78.961
-78.921
-78.88
-79.286
-79.466
-79.45
-79.593
-79.383
-79.458
-79.567
-79.547
