-79.605
-79.429
-79.572
-79.718
-79.561
-79.583
-79.543
-79.39
-79.372
-79.532
-79.498
-79.693
-79.639
-79.438
-79.358
-79.32
-79.224
-79.132
-79.309
-79.121
-78.903
-78.885
-78.887
-79.135
-79.022
-78.895
-78.945
-78.797
-78.882
-78.75
-78.588
-78.756
-78.836
-78.883
-79.034
-78.73
-78.725
-78.997
-78.943
-78.753
-78.939
-79.028
-78.92
-78.923
-78.854
-78.629
-78.717
-78.982
-79.049
-79.167
-79.455
-79.318
-79.131
-78.98
-79.008
-79.188
-79.365
-79.538
-79.46
-79.475
-79.589
-79.639
-79.582
-79.342
-79.039
-79.04
-79.212
-79.223
-79.316
-79.103
-78.989
-78.889
-78.888
-78.706
-79.005
-79.231
-79.268
-79.082
-78.93
-78.864
-78.811
-78.803
-78.475
-78.475
-78.363
-78.211
-78.197
-78.252
-78.162
-78.301
-78.311
-78.226
-77.758
-77.85
-77.624
-77.683
-77.663
-77.611
-77.179
-76.999
-76.888
-76.913
-76.779
-76.634
-76.727
-76.782
-76.976
-77.016
-76.797
-76.875
-77.069
-77.034
-77.024
-77.195
-76.915
-76.925
-77.154
-77.345
-77.444
-77.606
-77.605
-77.613
-77.65
-77.559
-77.678
-77.663
-77.568
-77.662
-77.492
-77.447
-77.656
-77.872
-77.893
-77.927
-78.015
-78.032
-78.267
-78.125
-78.07
-77.826
-77.996
-77.796
-77.893
-77.63
-77.435
-77.504
-77.618
-77.691
-77.262
-77.291
-77.262
-77.35
-77.168
-77.418
-77.256
-77.512
-77.43
-77.506
-77.571
-77.161
-77.083
-76.946
-77.113
-77.104
-76.99
-76.683
-76.672
-76.466
-76.503
-76.717
-76.684
-76.469
-76.419
-76.58
-76.653
-76.69
-76.954
-76.956
-77.054
-77.067
-77.132
-77.164
-77.433
-77.217
-77.019
-76.934
-76.875
-76.717
-76.735
-76.895
-76.6
-76.583
-76.537
-76.445
-76.677
-76.905
-76.752
-76.69
-77.037
-76.965
-77.246
-77.544
-77.391
-77.351
-77.594
-77.437
-77.323
-77.523
-77.24
-77.322
-77.581
-77.542
-77.641
-77.534
-77.406
-77.395
-77.538
-77.583
-77.707
-77.825
-78.013
-78.144
-78.152
-78.038
-78.06
-78.395
-78.055
-78.2
-77.93
-77.755
-77.824
-78.043
-78.427
-78.658
-78.691
-78.444
-78.495
-78.572
-78.755
-78.864
-78.967
-78.706
-78.998
-79.016
-78.731
-78.467
-78.55
-78.473
-78.485
-78.698
-78.775
-78.551
-78.416
-78.21
-78.054
-77.995
-77.96
-78.035
-78.132
-78.059
-77.849
-77.738
-77.853
-77.741
-77.753
-77.912
-78.059
-78.196
-78.579
-78.678
-78.706
-78.635
-78.538
-78.654
-78.802
-79.074
-79.189
-79.198
-79.131
-78.951
-78.92
-78.991
-79.009
-79.041
-78.821
-79.037
-78.938
-78.908
-78.777
-79.022
-79.203
-79.019
-79.231
-79.011
-78.658
-78.331
-78.423
-78.428
-78.504
-78.486
-78.361
-78.184
-77.911
-77.863
-77.824
-78.249
-78.299
-78.224
-77.939
-77.9
-77.734
-77.568
-77.753
-77.969
-78.19
-78.185
-78.266
-78.205
-77.907
-77.982
-77.829
-77.958
-78.051
-78.255
-78.464
-78.609
-78.507
-78.589
-78.66
-78.437
-78.507
-78.54
-78.383
-78.29
-78.459
-78.485
-78.513
-78.58
-78.602
-78.481
-78.373
-78.214
-78.371
-78.354
-78.452
-78.362
-78.246
-78.23
-78.35
-78.436
-78.558
-78.501
-78.209
-78.139
-78.025
-78.174
-77.919
-77.895
-77.997
-78.022
-78.116
-78.221
-78.391
-78.234
-78.276
-78.543
-78.641
-78.665
-78.534
-78.52
-78.858
-78.936
-78.989
-78.709
-78.668
-78.838
-78.949
-79.022
-79.202
-78.907
-78.862
-78.838
-78.912
-78.796
-78.777
-78.916
-79.026
-79.062
-78.884
-78.898
-78.65
-78.613
-78.483
-78.465
-78.689
-78.571
-78.491
-78.575
-78.371
-78.309
-78.47
-78.141
-78.393
-78.536
-78.322
-78.232
-78.398
-78.034
-78.017
-78.167
-78.157
-77.976
-78.192
-78.366
-78.191
-78.223
-78.28
-78.273
-78.454
-78.282
-78.407
-78.875
-78.84
-79.128
-79.056
-79.043
-79.421
-79.46
-79.355
-79.409
-79.343
-79.268
-79.379
-79.25
-78.729
-78.765
-78.703
-78.614
-78.579
-78.522
-78.248
-78.335
-78.264
-78.333
-78.057
-78.167
-78.085
-77.931
-78.147
-78.209
-78.205
-78.758
-78.8
-78.852
-78.631
-78.661
-78.938
-78.633
-78.72
-78.681
-78.726
-78.668
-78.509
-78.533
-78.303
-78.44
-78.556
-78.213
-78.136
-78.386
-78.184
-78.125
-78.181
-78.099
-78.367
-78.501
-78.57
-78.483
-78.158
-78.058
-77.806
-77.956
-78.015
-78.051
-78.021
-78.132
-78.156
-78.083
-78.018
-78.018
-78.161
-78.094
-78.466
-78.489
-78.463
-78.473
-78.385
-78.511
-78.342
-78.194
-78.137
-78.36
-78.445
-78.504
-78.88
-78.919
-79.126
-79.203
-79.221
-79.235
-79.072
-78.892
-79.033
-78.946
-79.046
-79.469
-79.443
-79.442
-79.446
-79.436
-79.453
-79.112
-78.951
-78.844
-78.923
-78.972
-78.955
-78.953
-79.167
-79.741
-79.674
-80.072
-80.079
-79.893
-79.939
-79.839
-79.921
-79.96
-79.933
-79.839
-79.822
-79.977
-79.741
-79.935
-79.682
-79.809
-79.79
-79.694
-79.645
-79.798
-79.764
-79.927
-80.073
-80.224
-80.149
-80.047
-79.965
-80.118
-79.862
-79.69
-79.824
-79.984
-79.886
-79.902
-79.89
-80.104
-80.068
-79.862
-80.076
-80.3
-80.452
-80.41
-80.281
-80.16
-80.118
-80.154
-79.959
-79.906
-79.648
-79.815
-79.881
-79.841
-79.708
-79.574
-79.439
-79.347
-79.436
-79.648
-79.878
-79.939
-80.014
-80.109
-79.856
-79.858
-80.052
-80.078
-80.071
-79.873
-79.967
-79.933
-79.843
-79.929
-79.519
-79.274
-79.367
-79.322
-79.545
-79.445
-79.379
-79.495
-79.419
-79.545
-79.411
-79.375
-79.304
-79.371
-79.618
-79.965
-79.77
-79.935
-79.818
-80.255
-80.301
-80.313
-80.1
-79.876
-79.946
-79.919
-80.067
-79.739
-79.891
-79.995
-80.053
-79.999
-80.039
-79.821
-79.927
-79.968
-79.933
-79.903
-79.801
-79.947
-79.957
-79.771
-79.74
-79.941
-80.079
-79.862
-80.189
-80
-80.098
-79.716
-79.822
-79.78
-79.934
-80.048
-79.991
-79.743
-79.935
-80.022
-79.715
-79.996
-80.047
-80.122
-80.082
-79.969
-79.596
-79.742
-79.754
-79.732
-79.873
-80.047
-80.202
-80.191
-80.159
-79.978
-79.885
-79.872
-79.708
-79.688
-79.422
-79.684
-79.882
-80.002
-79.822
-79.842
-79.658
-79.683
-79.892
-79.924
-79.876
-79.752
-79.841
-80.011
-80.213
-80.215
-80.141
-80.294
-80.167
-80.232
-80.433
-80.149
-80.088
-79.857
-79.824
-79.607
-79.786
-79.775
-79.788
-79.854
-79.977
-79.921
-79.649
-79.538
-79.467
-79.393
-79.48
-79.489
-79.525
-79.699
-79.525
-79.619
-79.726
-79.83
-80.003
-79.792
-80.042
-79.871
-79.679
-79.832
-79.893
-79.828
-79.554
-79.635
-79.78
-80.031
-80.015
-79.862
-80.006
-79.905
-79.968
-80.056
-80.072
-80.082
-80.252
-80.393
-80.558
-80.481
-80.482
-80.083
-80.109
-80.08
-80.619
-80.509
-80.201
-80.137
-80.138
-80.165
-80.241
-80.229
-80.355
-80.298
-80.133
-80.121
-80.119
-79.957
-79.932
-79.718
-79.504
-79.762
-79.412
-79.432
-79.025
-78.992
-78.637
-78.544
-78.288
-77.869
-77.904
-77.912
-78.069
-78.197
-78.322
-78.857
-78.91
-79.148
-79.195
-79.261
-79.246
-79.278
-79.447
-79.319
-79.433
-79.264
-79.186
-79.418
-79.63
-79.725
-79.681
-79.517
-79.663
-79.673
-79.528
-79.768
-79.695
-79.676
-79.542
-79.361
-79.379
-79.218
-79.495
-79.753
-79.827
-79.809
-79.654
-79.95
-79.687
-79.499
-79.468
-79.584
-79.634
-79.526
-79.746
-79.639
-79.626
-79.973
-79.815
-80.041
-79.771
-79.729
-79.885
-80.105
-80.039
-80.022
-79.58
-79.663
-79.648
-79.62
-79.714
-79.927
-79.899
-79.892
-79.883
-79.933
-80.161
-80.212
-80.174
-80.079
-80.099
-80.057
-80.115
-79.976
-79.689
-79.783
-79.73
-79.804
-79.831
-79.813
-79.702
-79.835
-79.87
-79.924
-79.956
-80.223
-80.198
-79.957
-80.259
-80.228
-80.068
-80.158
-79.884
-79.83
-79.536
-79.684
-79.585
-79.764
-80.016
-79.968
-80.071
-80.045
-80.083
-80.22
-80.529
-80.596
-80.519
-80.616
-80.595
-80.593
-80.664
-80.892
-80.925
-80.834
-80.85
-80.665
-80.679
-80.516
-80.345
-80.401
-80.594
-80.57
-80.564
-80.526
-80.253
-80.219
-80.264
-80.202
-80.295
-80.26
-80.335
-80.207
-80.395
-80.274
-80.192
-80.031
-79.642
-79.589
-79.647
-79.505
-79.609
-79.824
-79.777
-79.744
-79.719
-79.631
-79.805
-79.917
-79.907
-79.89
-79.767
-79.808
-80.248
-80.157
-80.043
-79.784
-79.782
-80.059
-79.966
-79.834
-79.884
-80.024
-80.145
-80.33
-80.45
-80.316
-80.234
-80.128
-80.085
-79.92
-80.003
-79.929
-79.925
-79.993
-80.099
-79.58
-79.905
-79.861
-79.92
-80.026
-80.144
-80.283
-80.038
-80.076
-80.099
-80.218
-80.225
-80.276
-80.485
-80.754
-80.811
-80.883
-80.86
-81.002
-81.041
-80.969
-80.926
-81.007
-80.876
-80.902
-80.688
-80.702
-80.602
-80.74
-80.464
-80.427
-80.158
-80.049
-80.055
-79.997
-80.018
-79.984
-79.991
-79.999
-80.359
-80.499
-80.333
-80.593
-80.495
-80.63
-80.57
-80.53
-80.449
