-82.079
-82.008
-82.068
-81.982
-81.969
-81.854
-81.737
-81.828
-81.461
-81.458
-81.714
-81.876
-81.772
-81.681
-81.677
-81.84
-81.94
-81.961
-82.202
-82.352
-82.048
-81.878
-81.916
-82.083
-81.99
-82.085
-81.82
-81.8
-81.688
-81.655
-81.797
-81.619
-81.608
-81.53
-81.679
-81.839
-81.791
-81.89
-81.755
-81.687
-81.705
-81.554
-81.442
-81.507
-81.59
-81.656
-81.374
-81.154
-80.816
-80.808
-80.839
-80.84
-80.992
-81.057
-80.837
-80.945
-80.926
-80.669
-80.618
-80.713
-80.41
-80.567
-80.384
-80.334
-79.941
-80.066
-80.124
-79.763
-79.945
-79.945
-79.474
-79.418
-79.474
-79.334
-79.183
-79.071
-78.997
-78.583
-78.768
-78.415
-78.478
-78.516
-78.671
-78.244
-78.518
-78.205
-78.144
-78.281
-78.191
-78.339
-78.552
-78.482
-78.464
-78.456
-78.348
-78.436
-78.607
-78.812
-78.676
-78.848
-78.8
-78.844
-78.638
-78.638
-78.601
-78.331
-78.644
-78.612
-78.31
-78.325
-78.27
-78.126
-78.176
-78.071
-78.05
-78.029
-78.038
-78.001
-78.009
-78.261
-78.434
-78.375
-78.394
-78.434
-78.572
-78.578
-78.666
-78.365
-78.361
-78.283
-78.362
-78.458
-78.511
-78.428
-78.577
-78.28
-78.121
-78.348
-78.644
-78.534
-78.413
-78.728
-78.622
-78.855
-78.854
-78.554
-78.847
-78.633
-78.602
-78.559
-78.645
-79.014
-78.779
-78.921
-78.873
-78.763
-78.811
-78.967
-79.057
-79.18
-78.878
-79.021
-79.243
-78.988
-78.939
-78.919
-78.7
-78.445
-78.31
-78.225
-78.32
-78.28
-77.806
-77.939
-78.164
-78.472
-78.254
-78.367
-78.713
-78.829
-78.737
-78.473
-78.434
-78.501
-78.577
-78.579
-78.561
-78.64
-78.873
-78.934
-78.999
-78.962
-78.659
-78.543
-78.609
-78.452
-78.344
-78.829
-78.855
-78.714
-78.824
-78.812
-79.034
-79.169
-79.147
-79.293
-79.413
-79.284
-79.314
-79.459
-79.764
-79.595
-79.573
-79.723
-79.856
-79.723
-79.203
-78.989
-78.848
-78.766
-78.442
-78.056
-77.725
-77.515
-77.161
-76.744
-76.339
-75.983
-75.853
-75.636
-75.387
-75.091
-75.122
-75.108
-75.019
-74.757
-74.736
-74.406
-74.514
-74.349
-74.245
-73.946
-73.713
-73.405
-73.459
-73.248
-73.128
-73.105
-73.05
-72.921
-72.751
-72.708
-72.589
-72.593
-72.269
-72.24
-72.156
-71.991
-72.193
-72.246
-72.249
-72.467
-72.642
-72.439
-72.227
-72.065
-71.851
-71.906
-72.16
-72.193
-72.22
-72.282
-72.429
-72.548
-72.499
-72.643
-72.517
-72.894
-72.994
-72.895
-72.932
-72.938
-72.831
-72.606
-72.683
-72.948
-72.89
-72.82
-72.675
-72.473
-72.487
-72.412
-72.05
-72.529
-72.396
-72.361
-72.379
-72.086
-72.237
-72.196
-71.94
-71.963
-72.035
-72.01
-71.981
-72.02
-72.013
-72.205
-72.208
-71.983
-72.199
-72.031
-72.098
-71.946
-71.932
-71.945
-72.235
-72.411
-72.432
-72.505
-72.698
-72.52
-72.453
-72.189
-72.236
-72.085
-72.323
-72.215
-72.2
-72.081
-72.158
-72.108
-71.879
-71.715
-71.76
-71.626
-71.783
-71.703
-71.583
-71.316
-71.311
-71.181
-71.127
-71.143
-71.159
-70.908
-70.6
-70.523
-70.395
-70.383
-70.483
-70.407
-70.331
-70.194
-69.98
-69.981
-69.836
-69.858
-69.774
-69.907
-70.284
-70.36
-70.397
-70.405
-70.503
-70.324
-70.254
-70.018
-70.181
-70.054
-69.964
-70.006
-69.866
-69.795
-69.862
-69.824
-69.532
-69.79
-69.66
-69.741
-69.715
-69.753
-69.796
-69.807
-69.699
-69.858
-70.126
-69.962
-69.862
-69.827
-69.68
-69.573
-69.486
-69.441
-69.399
-69.505
-69.604
-69.423
-69.155
-69.25
-69.411
-69.335
-69.444
-69.374
-69.227
-69.526
-69.417
-69.622
-69.442
-69.465
-69.44
-69.399
-69.617
-69.63
-69.525
-69.468
-69.369
-69.812
-69.967
-69.894
-69.979
-70.042
-70.155
-70.041
-69.919
-69.676
-69.687
-69.676
-69.533
-69.398
-69.418
-69.419
-69.225
-69.086
-69.197
-69.194
-69.025
-69.086
-69.044
-68.972
-68.862
-68.887
-69.222
-68.938
-69.086
-69.066
-69.132
-69.171
-69.278
-69.13
-69.184
-69.183
-69.347
-69.248
-69.424
-69.412
-69.383
-69.375
-69.559
-69.368
-69.271
-69.442
-69.531
-69.439
-69.478
-69.446
-69.477
-69.361
-69.304
-69.092
-69.172
-69.173
-69.571
-69.566
-69.619
-69.512
-69.753
-69.401
-69.685
-69.79
-69.884
-69.69
-69.987
-69.844
-69.943
-69.906
-69.572
-69.52
-69.745
-69.721
-69.649
-70.007
-69.812
-69.652
-69.654
-69.603
-69.782
-69.982
-69.908
-69.876
-69.807
-69.311
-68.878
-68.44
-67.97
-67.493
-67.143
-67.076
-66.859
-66.643
-66.58
-66.346
-66.459
-66.478
-66.474
-66.147
-65.726
-65.483
-65.374
-64.964
-65.179
-64.938
-64.735
-64.604
-64.363
-64.259
-64.157
-64.033
-63.966
-64.036
-63.956
-64.106
-63.786
-63.814
-63.88
-64.135
-64.246
-64.123
-64.34
-64.2
-64.327
-64.142
-63.959
-63.704
-63.892
-63.784
-63.778
-63.771
-63.835
-63.907
-63.647
-63.786
-63.806
-63.537
-63.271
-63.05
-62.983
-62.752
-62.918
-63.08
-63.02
-62.678
-62.83
-62.711
-62.738
-62.543
-62.306
-62.421
-62.606
-62.483
-62.526
-62.645
-62.852
-62.971
-62.69
-62.582
-62.438
-62.392
-62.465
-62.482
-62.497
-62.691
-62.884
-62.77
-62.815
-63.073
-62.967
-63.019
-62.992
-63.147
-63.153
-63.259
-63.2
-63.34
-63.239
-63.312
-63.548
-63.773
-63.686
-63.78
-63.705
-63.323
-62.786
-62.918
-62.809
-62.665
-62.738
-62.802
-62.994
-63.119
-63.081
-62.966
-62.971
-63.117
-63.104
-63.119
-63.195
-63.045
-62.9
-62.838
-62.712
-62.42
-62.44
-62.488
-62.31
-62.155
-61.973
-61.966
-62.499
-62.366
-62.544
-62.434
-62.441
-62.32
-62.578
-62.379
-62.132
-62.416
-62.209
-62.359
-62.48
-62.644
-62.793
-63.169
-63.069
-63.05
-63.248
-63.118
-63.033
-63.312
-63.156
-62.998
-62.82
-62.807
-62.609
-62.48
-62.677
-62.589
-62.529
-62.741
-62.269
-62.054
-62.169
-62.015
-62.075
-61.917
-62.188
-62.018
-61.962
-62.083
-62.259
-62.572
-62.602
-62.581
-62.488
-62.499
-62.189
-62.35
-62.258
-62.267
-62.457
-62.332
-62.278
-62.142
-62.162
-61.905
-62.083
-62.12
-62.296
-62.186
-62.175
-62.042
-62.17
-62.237
-62.429
-62.188
-62.01
-62.06
-61.972
-61.865
-62.022
-62.01
-61.962
-61.899
-61.72
-61.88
-61.715
-61.637
-61.606
-61.487
-61.443
-61.264
-61.088
-60.99
-61.037
-61.044
-61.263
-61.28
-61.425
-61.56
-61.676
-61.544
-61.238
-61.689
-61.821
-61.896
-62.204
-62.494
-62.421
-62.494
-62.136
-61.932
-62.182
-62.264
-62.169
-61.976
-61.891
-61.699
-61.736
-61.878
-62.114
-62.196
-62.252
-62.52
-62.401
-62.457
-62.567
-62.62
-62.49
-62.31
-62.323
-62.254
-62.227
-62.088
-61.964
-61.766
-61.731
-61.413
-61.262
-60.953
-60.344
-59.972
-59.725
-59.677
-59.563
-59.415
-59.363
-59.186
-59.115
-59.313
-58.813
-58.811
-58.861
-59.027
-59.122
-59.183
-58.931
-58.895
-58.804
-59.041
-58.97
-58.834
-58.937
-58.852
-58.799
-58.705
-58.799
-58.552
-58.569
-58.487
-58.376
-58.595
-58.611
-58.692
-58.981
-59.184
-59.321
-59.406
-59.472
-59.278
-59.182
-59.159
-59.331
-59.247
-59.27
-58.979
-59.025
-58.835
-58.767
-58.619
-58.938
-58.999
-58.918
-59.014
-59.131
-59.233
-59.187
-59.31
-59.48
-59.535
-59.364
-59.143
-59.391
-59.298
-59.318
-59.528
-59.556
-59.304
-59.315
-59.366
-59.594
-59.869
-59.735
-59.908
-59.758
-59.662
-59.798
-59.894
-59.727
-59.749
-59.552
-59.565
-59.638
-59.583
-59.553
-59.478
-59.482
-59.776
-59.617
-59.428
-59.408
-59.261
-59.113
-58.979
-59.009
-59.109
-59.015
-59.132
-59.406
-59.304
-59.327
-59.082
-58.899
-59.056
-59.083
-58.895
-59.188
-59.203
-59.152
-59.153
-59.219
-59.097
-59.223
-59.25
-59.187
-59.094
-59.33
-59.418
-59.69
-59.737
-59.386
-59.581
-59.826
-59.974
-59.899
-60.058
-60.005
-60.04
-59.924
-59.837
-59.955
-60.31
-60.413
-60.633
-60.634
-60.662
-60.382
-60.576
-60.513
-60.664
-60.804
-60.828
-60.839
-60.899
-60.867
-60.852
-60.85
-61.058
-60.846
-60.907
-61.03
-61.293
-61.504
-61.441
-61.46
-61.231
-61.264
-61.325
-61.414
-61.241
-61.205
-61.333
-61.52
-61.455
-61.523
-61.567
-61.591
-61.6
-61.633
-61.548
-61.599
-61.403
-61.451
-61.394
-61.272
-61.159
-61.321
-61.139
-61.044
-60.67
-60.591
-60.461
-60.599
-60.77
-60.424
-60.37
-60.637
-60.719
-60.584
-60.67
-60.716
-60.7
-60.729
-60.877
-60.855
-60.964
-60.962
-61.058
-61.226
-61.446
-61.616
-61.444
-61.542
-61.735
-61.515
-61.327
-61.23
-61.119
-60.978
-61.012
-60.847
-60.821
-61.117
-60.72
-60.844
-60.557
-60.52
-60.466
-60.707
-60.551
-60.173
-60.251
-60.326
-60.74
-60.988
-60.762
-60.969
-61.099
-60.94
-60.727
-60.81
-60.838
-60.671
-60.493
-60.549
-60.556
-60.443
-60.331
-60.377
-60.596
-60.839
