-79.415
-79.512
-79.467
-79.732
-79.562
-79.569
-79.182
-79.075
-78.796
-79.023
-79.281
-79.255
-79.25
-79.306
-79.232
-79.099
-79.05
-78.762
-78.519
-78.384
-78.23
-78.134
-78.046
-78.103
-78.103
-78.23
-78.314
-78.187
-78.233
-78.367
-78.266
-78.315
-78.448
-78.165
-77.739
-77.698
-77.759
-78.049
-78.029
-77.96
-78.148
-77.974
-78.182
-78.164
-78.372
-78.562
-78.78
-78.908
-78.847
-78.823
-78.804
-78.901
-78.865
-79.115
-79.209
-79.334
-79.244
-79.317
-79.325
-79.425
-79.24
-79.165
-79.155
-79.029
-79.065
-79.247
-79.45
-79.4
-79.648
-79.717
-79.753
-79.621
-79.62
-79.719
-79.493
-79.419
-79.534
-79.327
-79.256
-79.176
-79.003
-79.051
-79.303
-79.405
-79.584
-79.692
-79.495
-79.593
-79.768
-79.848
-80.057
-80.006
-80.081
-80.228
-80.218
-79.916
-79.942
-79.69
-79.966
-79.913
-79.935
-80.05
-79.879
-79.77
-79.983
-80.229
-80.229
-79.963
-80.042
-80.33
-80.248
-80.228
-80.48
-80.577
-80.669
-80.49
-80.436
-80.28
-80.166
-80.192
-80.208
-80.659
-80.735
-80.656
-80.66
-80.728
-81.033
-80.983
-80.787
-80.801
-81.013
-80.849
-80.493
-80.578
-80.491
-80.452
-80.048
-79.892
-79.81
-79.729
-79.749
-79.653
-79.64
-79.879
-79.823
-79.773
-79.575
-79.572
-79.456
-79.272
-79.133
-78.941
-78.738
-78.797
-78.805
-78.597
-78.47
-78.248
-78.41
-78.453
-78.364
-78.679
-78.662
-78.502
-78.504
-78.624
-78.826
-78.445
-78.315
-78.501
-78.247
-78.289
-78.285
-78.294
-78.16
-78.139
-78.326
-78.137
-78.153
-78.043
-77.97
-77.71
-77.607
-77.667
-77.52
-77.614
-77.686
-77.562
-77.378
-77.379
-77.398
-77.546
-77.624
-77.726
-77.645
-77.829
-77.826
-78.019
-77.857
-77.753
-77.708
-77.752
-77.93
-77.789
-77.801
-77.95
-77.9
-77.763
-77.81
-77.627
-77.393
-77.084
-76.998
-76.663
-76.051
-76.004
-75.635
-75.039
-74.681
-74.459
-74.093
-73.81
-73.422
-73.362
-73.168
-73.16
-72.981
-72.875
-72.636
-72.704
-72.43
-72.046
-71.491
-71.364
-71.746
-71.988
-72.241
-72.14
-71.982
-72.163
-71.984
-71.813
-71.846
-71.603
-71.397
-71.478
-71.398
-71.599
-71.608
-71.453
-71.334
-71.405
-71.4
-71.129
-71.047
-71.105
-70.977
-70.685
-70.76
-70.658
-70.664
-70.543
-70.554
-70.754
-70.523
-70.851
-70.788
-70.575
-70.472
-70.515
-70.595
-70.19
-70.059
-70.176
-70.303
-70.15
-69.876
-69.795
-69.767
-69.565
-69.348
-69.347
-69.373
-69.309
-69.05
-69.109
-68.782
-68.607
-68.423
-68.009
-67.766
-67.627
-67.411
-67.151
-66.71
-66.442
-65.933
-65.231
-64.639
-64.388
-63.911
-63.602
-63.143
-62.634
-62.255
-62.234
-62.304
-61.952
-61.668
-61.386
-61.057
-60.935
-60.73
-60.548
-60.392
-60.16
-60.103
-60.018
-59.974
-60.345
-60.326
-60.002
-59.998
-59.549
-59.565
-59.238
-59.221
-59.166
-59.052
-58.827
-58.416
-58.539
-58.686
-58.737
-58.77
-58.533
-58.37
-58.357
-58.335
-58.343
-58.149
-58.197
-58.052
-58.203
-57.962
-57.711
-57.602
-57.484
-57.23
-56.944
-56.535
-56.109
-56.091
-55.828
-55.714
-55.262
-54.711
-54.163
-53.224
-52.442
-51.448
-49.845
-46.678
-45
-45
-45
-45
-45
-45
-45
-45
-45
-45
-45
-45
-45
-45
-51.761
-58.211
-63.424
-66.874
-69.076
-70.694
-71.878
-72.444
-72.999
-73.307
-73.357
-73.965
-74.225
-73.783
-73.982
-74.093
-74.367
-74.194
-74.127
-74.186
-74.61
-74.853
-74.762
-74.878
-74.846
-74.934
-74.982
-75.024
-74.919
-75.075
-75.114
-75.303
-75.503
-75.727
-75.559
-75.322
-75.402
-75.535
-75.475
-75.35
-75.361
-75.491
-75.663
-75.847
-75.661
-75.819
-76.252
-76.063
-75.877
-75.823
-76.036
-76.031
-75.924
-75.933
-76.152
-76.279
-76.119
-76.07
-76.044
-75.875
-75.916
-76.032
-76.166
-76.032
-76.052
-75.909
-75.906
-76.108
-76.032
-76.038
-75.787
-75.545
-75.377
-75.268
-75.039
-74.691
-74.708
-74.552
-74.45
-74.173
-73.943
-73.713
-73.501
-73.426
-73.13
-72.816
-72.73
-72.717
-72.543
-72.482
-72.299
-71.962
-71.907
-71.814
-72.063
-71.903
-71.852
-71.871
-71.901
-71.802
-71.46
-71.532
-71.649
-71.499
-71.316
-71.243
-71.284
-71.252
-71.19
-71.272
-71.371
-71.226
-71.371
-71.45
-71.561
-71.179
-71.424
-71.367
-71.324
-71.252
-71.327
-71.041
-71.16
-71.272
-71.128
-71.058
-70.964
-70.578
-70.398
-70.088
-69.789
-69.658
-69.263
-69.099
-68.912
-68.682
-68.521
-68.509
-68.564
-68.141
-68.205
-68.259
-68.459
-68.153
-68.282
-69.559
-71.721
-73.975
-76.04
-77.395
-78.245
-78.537
-78.981
-79.262
-79.74
-79.784
-79.865
-79.958
-79.99
-79.84
-80.224
-80.073
-79.974
-80.305
-80.059
-79.97
-79.983
-80.032
-79.881
-79.907
-80.142
-80.096
-80.296
-80.45
-80.203
-80.315
-80.248
-79.921
-79.712
-79.298
-79.176
-79.248
-78.944
-78.916
-78.985
-79.205
-79.243
-79.119
-79.179
-79.186
-79.208
-79.207
-79.086
-79.352
-79.675
-79.31
-79.296
-79.414
-79.439
-79.822
-80.005
-79.982
-79.779
-79.608
-79.346
-79.437
-79.529
-79.754
-79.782
-79.836
-79.693
-79.632
-79.807
-79.878
-80.087
-79.913
-79.827
-79.957
-79.9
-79.804
-79.83
-79.81
-79.637
-80.041
-80.08
-80.401
-80.176
-80.19
-80.279
-80.292
-80.228
-80.193
-80.164
-79.936
-79.933
-80
-79.613
-79.51
-79.597
-79.998
-80.015
-80.134
-80.267
-80.281
-80.152
-80.069
-80.097
-80.22
-80.25
-80.138
-79.673
-79.697
-79.525
-79.18
-79.139
-79.014
-79.254
-78.828
-78.746
-78.676
-78.602
-78.57
-78.699
-78.297
-78.541
-78.326
-78.163
-78.202
-78.313
-78.366
-78.352
-78.342
-78.379
-78.531
-78.372
-78.06
-78.514
-78.361
-78.457
-78.507
-78.654
-78.477
-78.757
-78.698
-78.699
-78.87
-78.931
-79.181
-79.231
-79.117
-79.271
-79.218
-79.65
-79.8
-79.886
-79.756
-79.745
-79.948
-79.709
-79.862
-79.961
-79.949
-79.588
-79.822
-80.133
-80.194
-80.616
-80.245
-80.079
-79.928
-80.061
-80.235
-80.106
-80.197
-80.023
-80.09
-80.345
-80.269
-80.211
-80.388
-80.26
-80.123
-80.151
-80.112
-80.082
-80.373
-80.257
-80.276
-80.04
-79.78
-79.768
-79.893
-79.945
-80.117
-80.406
-80.228
-80.143
-80.3
-80.048
-79.835
-79.927
-80.02
-80.222
-80.181
-80.138
-80.003
-79.727
-79.709
-79.535
-79.541
-79.716
-79.875
-79.966
-79.933
-80.125
-79.98
-79.915
-79.911
-79.918
-80.043
-80.138
-79.945
-79.884
-79.89
-80.271
-80.26
-80.356
-80.533
-80.611
-80.628
-80.379
-80.398
-80.293
-80.24
-79.972
-80.007
-80.299
-80.172
-80.351
-80.328
-80.042
-80.077
-80.106
-80.216
-80.215
-80.458
-80.272
-80.346
-80.344
-80.323
-80.195
-80.208
-80.297
-80.417
-80.538
-80.576
-80.36
-80.257
-80.163
-80.382
-80.253
-80.41
-80.422
-80.502
-80.236
-80.101
-80.276
-80.003
-80.034
-79.905
-79.941
-79.805
-79.624
-79.683
-79.907
-80.04
-80.009
-80.108
-80.172
-80.7
-80.62
-80.513
-80.232
-80.364
-80.393
-80.479
-80.204
-80.339
-80.384
-80.354
-80.307
-80.161
-80.22
-80.255
-80.397
-80.162
-80.062
-80.029
-80.179
-80.288
-80.203
-79.992
-80.065
-80.203
-80.054
-80.125
-80.282
-80.386
-80.342
-80.324
-80.434
-80.522
-80.281
-80.314
-80.401
-80.238
-80.054
-80.241
-80.092
-79.791
-80.049
-79.927
-79.727
-79.525
-79.499
-79.335
-79.342
-79.434
-79.395
-79.306
-79.23
-79.191
-79.267
-79.636
-79.91
-79.631
-79.581
-79.365
-79.561
-79.612
-79.749
-79.897
-79.815
-79.827
-79.918
-79.688
-79.993
-80.041
-79.925
-79.743
-79.712
-79.453
-79.267
-79.257
-79.11
-79.184
-79.069
-79.053
-79.235
-79.328
-79.397
-79.429
-79.562
-79.289
-79.309
-79.361
-79.469
-79.407
-79.549
-79.492
-79.61
-79.86
-80.284
-80.268
-80.521
-80.474
-80.147
-80.135
-80.218
-80.418
-80.138
-79.976
-79.788
-79.968
-79.949
-80.016
-79.886
-80.082
-80.176
-80.253
-80.401
-80.523
-80.585
-80.438
-80.302
-80.215
-80.149
-80.124
-79.932
-80.083
-79.881
-79.939
-80.033
-80.12
-80.135
-79.903
-79.886
-79.735
-79.503
-79.585
-79.432
-79.904
-79.887
-79.773
-80.076
-80.244
-80.291
-80.404
-80.317
-80.623
-80.856
-80.553
-80.52
-80.545
-80.636
-80.448
-80.422
-80.594
-80.726
-80.781
-80.745
-80.658
-80.785
-80.578
-80.572
-80.718
-80.84
-80.768
-80.836
-80.886
-80.686
-80.652
-80.59
-80.58
-80.835
-80.63
-80.72
-80.511
-80.514
-80.558
-80.64
-80.625
-80.523
-80.537
-80.656
-80.751
-80.538
-80.252
-80.395
-80.128
-79.981
-79.976
-80.148
-80.192
-80.062
-80.544
-80.745
-80.58
-80.822
-80.874
-80.823
-80.702
-80.657
-80.455
-80.615
-80.839
-80.813
-80.759
-80.961
-81.013
-81.167
-81.32
-81.346
-81.326
