-77.604
-77.492
-77.67
-77.633
-77.5
-77.435
-77.546
-77.497
-77.408
-77.452
-77.458
-77.265
-77.54
-77.389
-77.379
-77.396
-77.53
-77.565
-77.585
-77.513
-78.017
-77.943
-77.897
-77.717
-78.115
-78.193
-78.056
-77.884
-78.061
-78.23
-78.385
-78.657
-78.588
-78.017
-78.063
-77.923
-77.967
-78.081
-77.942
-77.938
-77.812
-77.623
-77.649
-78.002
-78
-78.28
-78.19
-78.231
-78.111
-78.027
-77.97
-78.126
-77.889
-77.929
-77.838
-77.639
-77.847
-78.445
-78.143
-78.382
-78.544
-78.647
-78.959
-79.141
-79.082
-78.908
-78.673
-78.433
-78.447
-78.432
-78.565
-78.769
-78.797
-78.782
-78.997
-79.253
-79.566
-79.608
-79.526
-79.299
-79.384
-79.359
-79.76
-79.615
-79.598
-79.773
-79.393
-79.165
-78.994
-79.03
-79.237
-79.164
-78.975
-78.877
-78.946
-79.105
-79.158
-78.854
-78.875
-78.997
-79.006
-79.131
-79.114
-79.109
-79.262
-79.441
-79.631
-79.629
-79.389
-79.511
-79.677
-79.901
-79.542
-79.714
-79.517
-79.545
-79.426
-79.46
-79.387
-79.591
-79.514
-79.66
-79.733
-79.633
-79.832
-79.674
-79.563
-79.483
-79.694
-79.976
-79.812
-79.703
-79.772
-79.647
-79.718
-79.759
-79.858
-79.896
-79.878
-79.795
-79.637
-79.661
-79.595
-79.75
-79.812
-79.756
-79.552
-79.636
-79.554
-79.507
-79.469
-79.536
-79.389
-79.351
-79.462
-79.559
-79.441
-79.221
-79.282
-79.237
-79.298
-79.435
-79.801
-79.819
-79.888
-79.964
-80.168
-80.17
-80.344
-80.488
-80.403
-80.294
-80.337
-80.311
-80.19
-80.138
-80.028
-79.894
-79.925
-79.702
-79.457
-79.606
-79.582
-79.421
-79.401
-79.045
-78.663
-78.706
-78.722
-78.456
-78.409
-78.4
-78.672
-78.941
-78.982
-79.13
-79.235
-79.294
-79.215
-79.031
-78.924
-79.025
-79.155
-79.118
-78.846
-78.864
-78.982
-78.775
-78.803
-78.544
-78.485
-78.411
-78.634
-78.426
-78.214
-78.097
-78.127
-77.799
-77.617
-77.239
-77.076
-77.343
-77.448
-77.357
-77.491
-77.344
-77.384
-77.346
-77.227
-77.074
-77.592
-77.604
-77.84
-77.965
-77.838
-77.555
-77.369
-77.074
-76.938
-76.765
-76.72
-76.629
-76.473
-76.649
-76.384
-76.372
-76.565
-76.469
-76.22
-76.109
-76.174
-76.157
-76.026
-75.973
-76.075
-76.023
-76.007
-76.097
-76.135
-75.969
-75.772
-75.644
-75.726
-75.75
-76.022
-76.087
-76.061
-75.961
-75.824
-75.706
-75.671
-75.782
-75.766
-75.687
-75.609
-75.552
-75.626
-75.53
-75.295
-75.268
-75.385
-75.408
-75.51
-75.759
-75.878
-75.666
-75.694
-75.746
-75.709
-76.017
-76.541
-76.605
-76.34
-76.2
-76.323
-76.225
-76.508
-76.698
-76.551
-76.478
-76.704
-76.991
-77.199
-77.423
-77.254
-77.257
-77.073
-77.139
-77.132
-76.994
-77.38
-78.064
-78.547
-78.975
-79.254
-79.208
-79.583
-79.403
-79.67
-79.773
-79.824
-80.023
-80.167
-80.105
-79.739
-79.449
-79.62
-79.747
-79.579
-79.559
-79.327
-79.435
-79.547
-79.863
-79.627
-79.763
-79.976
-80.181
-80.204
-80.228
-80.011
-80.024
-79.905
-80.05
-80.113
-80.093
-80.134
-80.061
-80.109
-79.893
-80.047
-80.033
-80.173
-79.917
-80.227
-80.248
-80.403
-80.214
-80.256
-79.938
-80.496
-80.576
-80.34
-80.247
-80.185
-80.065
-79.646
-79.673
-79.679
-79.649
-79.45
-79.351
-79.187
-79.264
-79.21
-79.042
-79.078
-79.01
-79.124
-79.175
-79.047
-79.317
-79.257
-79.357
-79.534
-79.53
-79.457
-79.607
-79.543
-79.419
-79.233
-79.312
-79.267
-79.127
-79.036
-79.067
-79.062
-79.173
-79.014
-78.874
-78.963
-79.106
-79.167
-79.462
-79.467
-79.548
-79.497
-79.524
-79.203
-79.278
-79.495
-79.498
-79.412
-79.449
-79.574
-79.377
-79.418
-79.265
-79.275
-79.433
-79.537
-79.561
-79.536
-79.742
-79.251
-79.173
-79.497
-79.435
-79.478
-79.812
-79.449
-79.345
-79.387
-79.206
-79.089
-79.155
-79.452
-79.792
-79.846
-79.904
-80.163
-79.851
-79.961
-79.979
-79.817
-80.069
-79.963
-80.1
-79.86
-79.931
-79.967
-79.977
-79.95
-80.307
-80.285
-80.191
-80.148
-80.082
-80.095
-80.105
-79.919
-80.033
-80.02
-79.838
-79.842
-79.862
-79.858
-79.984
-80.211
-80.011
-80.041
-80.158
-80.299
-80.378
-80.395
-80.348
-80.043
-79.923
-79.912
-79.795
-79.892
-80.117
-79.997
-79.855
-79.915
-79.926
-79.915
-80.145
-80.266
-80.261
-80.202
-79.974
-80.251
-80.231
-80.049
-80.17
-80.088
-80.227
-80.233
-80.136
-79.987
-80.043
-79.974
-79.694
-79.869
-79.78
-79.725
-79.809
-80.084
-80.259
-79.97
-79.867
-79.706
-79.843
-79.975
-79.906
-80.05
-79.928
-79.856
-79.888
-79.704
-79.963
-80.051
-80.223
-80.083
-80.08
-79.972
-80.145
-79.48
-79.723
-79.951
-80.004
-80.11
-80.121
-79.953
-80.022
-80.257
-80.132
-80.253
-80.101
-80.021
-79.932
-80.117
-79.858
-80.036
-79.769
-79.901
-80.185
-80.228
-79.912
-79.856
-79.641
-79.781
-79.854
-80.067
-80.215
-80.171
-80.432
-80.387
-80.069
-80.031
-80.096
-80.106
-80.085
-80.321
-80.215
-80.182
-80.12
-79.922
-80.178
-80.125
-80.173
-80.184
-80.032
-80.073
-80.178
-80.095
-79.992
-80.265
-80.207
-79.991
-80.124
-80.25
-80.202
-79.915
-79.953
-79.83
-79.859
-79.662
-79.863
-79.746
-79.831
-79.774
-79.957
-79.859
-79.983
-79.839
-79.917
-80.005
-79.745
-79.762
-79.826
-80.027
-80.023
-80.153
-79.983
-79.832
-79.666
-79.698
-79.744
-79.881
-80.065
-80.087
-80.142
-80.098
-80.322
-80.072
-80.117
-80.013
-80.22
-80.196
-80.087
-79.867
-79.762
-79.89
-79.83
-79.774
-79.581
-79.81
-79.922
-79.832
-79.967
-80
-80.006
-79.926
-79.928
-79.834
-79.953
-79.823
-79.985
-80.07
-80.117
-80.006
-79.941
-80.073
-80.221
-80.052
-79.99
-80.015
-79.778
-79.859
-79.799
-79.843
-80.188
-80.32
-80.285
-80.329
-80.125
-80.431
-80.204
-80.189
-80.034
-79.929
-79.34
-79.338
-79.159
-79.012
-79.04
-78.89
-78.777
-78.741
-78.715
-78.799
-78.814
-78.767
-78.604
-78.755
-78.811
-78.875
-78.848
-79.1
-79.146
-79.357
-79.258
-79.506
-79.124
-78.999
-79.453
-79.578
-79.38
-79.242
-79.598
-79.746
-79.833
-79.896
-80.177
-80.123
-80.197
-80.127
-79.951
-79.99
-79.865
-79.668
-79.677
-79.431
-79.404
-79.644
-79.895
-79.965
-79.938
-79.83
-79.713
-79.842
-79.836
-79.522
-79.906
-79.867
-79.999
-80.074
-79.931
-79.938
-80
-80.09
-80.046
-80.012
-79.996
-80.025
-80.249
-80.13
-80.22
-80.351
-79.958
-79.839
-79.998
-79.795
-79.918
-79.928
-79.833
-79.907
-79.942
-79.998
-79.837
-79.703
-79.471
-79.506
-79.716
-79.947
-79.996
-80.184
-80.236
-80.074
-79.888
-79.867
-79.866
-79.922
-80.002
-80.202
-79.999
-79.797
-79.722
-79.733
-79.786
-79.875
-79.871
-79.99
-79.946
-80.153
-80.142
-80.14
-80.3
-80.304
-80.378
-80.211
-80.034
-79.847
-80.055
-80.173
-79.935
-80.034
-80.052
-80.054
-80.076
-80.286
-80.213
-80.212
-80.076
-79.94
-79.548
-79.605
-79.639
-79.6
-79.883
-80.06
-80.249
-79.99
-80.082
-79.958
-80.055
-79.926
-79.893
-79.841
-79.926
-79.962
-79.943
-80.01
-80.188
-80.243
-80.39
-80.194
-80.236
-80.066
-80.082
-79.887
-80.1
-79.662
-79.71
-79.713
-79.917
-80.127
-80.117
-80.024
-79.93
-79.9
-79.797
-79.766
-79.678
-79.856
-79.612
-79.498
-79.662
-79.723
-79.547
-79.665
-79.532
-79.649
-79.787
-79.827
-79.983
-80.004
-80.028
-80.044
-79.858
-79.613
-79.788
-79.621
-80.071
-80.004
-80.022
-79.97
-79.79
-79.623
-79.32
-79.368
-79.184
-79.311
-79.614
-79.639
-79.612
-79.303
-79.32
-79.134
-79.123
-79.199
-79.381
-79.409
-79.454
-79.597
-79.32
-79.369
-79.428
-79.337
-79.177
-79.483
-79.303
-79.232
-79.428
-79.249
-79.344
-79.316
-79.273
-79.369
-79.872
-79.851
-79.726
-79.877
-79.664
-79.479
-79.532
-79.606
-79.846
-80.01
-79.747
-79.612
-79.612
-79.889
-79.664
-79.643
-79.569
-79.649
-79.453
-79.266
-79.253
-79.126
-79.18
-78.953
-79.152
-79.126
-78.975
-79.103
-79.303
-79.016
-79.059
-79.174
-79.187
-79.027
-79.213
-79.175
-79.158
-79.281
-79.395
-79.558
-79.447
-79.499
-79.407
-79.423
-79.596
-79.552
-79.701
-79.659
-79.612
-79.645
-79.776
-79.901
-80.049
-79.796
-80.009
-79.892
-79.953
-79.735
-79.89
-79.677
-79.636
-79.673
-79.522
-79.7
-79.387
-79.329
-79.388
-79.356
-79.685
-79.646
-79.644
-79.826
-79.792
-79.854
-80.078
-80.242
-79.98
-79.461
-79.558
-79.77
-79.784
-79.701
-79.89
-79.675
-79.824
-79.687
-79.59
-79.746
-79.835
-79.999
-79.854
-79.644
-79.742
-79.742
-79.77
-79.61
-79.752
-79.975
-79.852
-79.981
-80.188
-80.498
-80.493
-80.275
-80.365
-80.214
-80.42
-80.644
-80.592
-80.457
-80.362
-80.397
-80.244
-80.226
-80.13
-79.883
-79.742
-79.878
-79.726
-79.989
