-77.231
-77.353
-77.265
-77.231
-76.943
-76.71
-76.455
-76.586
-76.799
-76.709
-76.951
-76.94
-76.935
-76.767
-76.978
-76.939
-77.091
-77.006
-76.914
-76.999
-76.692
-76.685
-76.606
-76.91
-76.913
-77.02
-77.079
-77.152
-77.269
-77.153
-77.147
-77.099
-77.234
-77.321
-77.439
-77.284
-77.445
-77.613
-77.625
-77.598
-77.671
-77.91
-78.084
-78.028
-78.072
-78.417
-78.636
-78.476
-78.353
-78.418
-78.346
-78.24
-78.037
-77.893
-77.849
-78.046
-77.907
-77.842
-77.849
-77.784
-77.697
-77.791
-77.697
-77.814
-77.956
-78.102
-78.208
-78.376
-78.204
-78.304
-78.186
-78.052
-78.17
-78.098
-78.129
-78.326
-78.295
-78.247
-78.417
-78.344
-77.889
-77.849
-78.209
-78.358
-78.256
-78.622
-78.411
-78.437
-78.434
-78.532
-78.283
-78.195
-77.793
-77.89
-78.065
-78.052
-77.873
-77.713
-77.677
-77.475
-77.542
-77.326
-77.25
-77.197
-77.258
-77.048
-76.755
-77.029
-77.067
-77.092
-76.87
-76.795
-77.023
-76.967
-76.973
-77.026
-76.693
-76.556
-76.555
-76.64
-76.981
-76.819
-77.051
-76.926
-77.151
-77.75
-77.998
-77.879
-77.957
-77.883
-77.937
-77.884
-77.634
-77.312
-77.473
-77.313
-77.332
-77.354
-77.242
-77.372
-77.3
-77.535
-77.689
-77.599
-77.51
-77.474
-77.605
-77.664
-77.646
-77.933
-77.688
-77.838
-77.591
-77.617
-77.809
-78.003
-77.626
-77.776
-77.662
-77.592
-77.532
-77.43
-77.109
-77.022
-76.98
-76.891
-76.721
-76.88
-76.633
-76.589
-76.488
-76.382
-76.33
-76.147
-76.057
-76.054
-75.82
-76.112
-76.456
-76.728
-76.711
-76.766
-76.672
-76.63
-76.451
-76.42
-76.34
-76.584
-76.692
-76.915
-76.945
-76.904
-76.888
-76.994
-77.174
-77.15
-77.224
-77.524
-77.45
-77.497
-77.512
-77.623
-77.675
-77.791
-77.918
-77.773
-77.631
-77.835
-77.719
-77.63
-77.451
-77.544
-77.725
-77.595
-77.631
-77.855
-77.718
-77.81
-78.085
-78.247
-78.228
-78.073
-77.969
-77.898
-77.98
-77.86
-77.728
-77.63
-77.485
-77.317
-77.585
-77.55
-77.596
-77.49
-77.477
-77.502
-77.22
-77.127
-77.407
-77.403
-77.338
-77.079
-77.071
-77.104
-76.907
-77.349
-77.84
-78.299
-78.789
-79.236
-79.506
-79.752
-79.761
-79.639
-79.837
-79.948
-79.639
-79.502
-79.895
-79.757
-79.913
-79.986
-79.852
-79.955
-80.107
-80.002
-80.22
-80.293
-80.179
-80.14
-80.133
-80.273
-80.282
-80.311
-80.396
-80.128
-80.285
-79.997
-80.127
-80.099
-80.08
-80.095
-80.243
-80.289
-80.29
-80.071
-80.293
-79.98
-79.991
-80.045
-79.888
-79.839
-79.881
-80.119
-79.971
-79.845
-79.996
-80.083
-80.064
-80.22
-80.364
-80.414
-80.136
-79.907
-79.957
-79.976
-80.061
-79.866
-80.009
-79.907
-79.919
-79.726
-79.881
-79.725
-79.782
-79.777
-80.006
-79.949
-79.947
-80.133
-80.05
-80.158
-80.075
-80.096
-79.936
-79.737
-80.051
-79.934
-79.763
-79.748
-79.772
-79.77
-79.83
-79.959
-79.775
-79.764
-79.886
-80.001
-80.092
-79.962
-80.011
-80.091
-80.244
-80.313
-79.979
-80.102
-80.046
-79.905
-79.642
-79.702
-79.83
-80.024
-80.176
-80.228
-80.194
-80.112
-80.116
-80.096
-80.073
-80.003
-80.054
-80.404
-80.159
-80.149
-80.206
-80.145
-80.195
-80.457
-80.521
-80.785
-80.885
-80.701
-80.868
-80.829
-80.839
-80.814
-80.544
-80.511
-80.652
-80.253
-80.334
-80.153
-80.033
-79.871
-79.835
-79.798
-79.857
-79.768
-79.634
-79.51
-79.47
-79.507
-79.616
-79.499
-79.506
-79.389
-79.166
-79.414
-79.464
-79.447
-79.428
-79.312
-79.261
-79.237
-79.063
-79.237
-79.291
-79.623
-79.71
-79.572
-79.633
-79.743
-79.562
-79.262
-79.168
-79.447
-79.552
-79.413
-79.763
-79.962
-79.941
-79.89
-79.62
-79.563
-79.696
-79.707
-79.813
-79.875
-79.723
-79.405
-79.39
-79.302
-79.504
-79.428
-79.614
-79.617
-79.407
-79.217
-79.21
-79.265
-79.389
-79.354
-79.383
-79.307
-79.552
-79.495
-79.193
-79.364
-79.716
-79.547
-79.442
-79.594
-79.55
-79.358
-79.336
-79.195
-79.26
-79.397
-79.518
-79.721
-79.773
-79.675
-79.512
-79.812
-79.973
-80.178
-80.12
-80.195
-80.25
-80.399
-80.094
-80.249
-80.369
-80.189
-80.123
-80.052
-79.811
-80.004
-80.236
-80.505
-80.375
-80.344
-80.234
-79.914
-80.089
-80.051
-79.931
-79.876
-79.543
-79.45
-79.835
-79.895
-79.902
-79.869
-79.949
-79.977
-80.127
-80.165
-80.195
-80.127
-80.051
-80.178
-80.128
-80.219
-80.118
-80.181
-80.131
-80.053
-80.14
-80.105
-80.106
-80.3
-80.097
-80.15
-79.752
-79.77
-79.879
-79.805
-80.098
-79.895
-79.758
-79.891
-79.711
-79.705
-79.837
-80.036
-80.299
-80.015
-80.085
-80.267
-80.107
-80.084
-80.048
-80.094
-79.762
-79.816
-80.023
-80.02
-79.965
-79.813
-79.869
-79.92
-80.222
-80.264
-80.108
-80.282
-80.337
-79.972
-79.845
-79.746
-79.891
-79.764
-79.813
-80.109
-80.087
-80.144
-80.113
-80.288
-80.007
-80.291
-80.446
-80.295
-80.377
-80.039
-80.173
-79.937
-80.114
-79.925
-79.887
-79.808
-79.949
-79.932
-79.798
-79.811
-79.732
-79.743
-79.839
-79.851
-79.867
-79.732
-79.988
-80.319
-80.489
-80.195
-80.227
-80.244
-80.119
-80.084
-79.813
-79.912
-79.996
-79.835
-79.647
-79.626
-79.673
-79.761
-80.135
-80.098
-80.145
-79.955
-80.045
-79.971
-80.009
-79.809
-79.726
-79.572
-80.059
-79.956
-79.93
-80.022
-80.128
-80.106
-79.94
-79.87
-80.106
-80.227
-80.167
-80.193
-80.28
-80.371
-80.338
-80.249
-80.068
-80.083
-80.325
-80.208
-80.271
-80.266
-80.2
-80.153
-80.359
-80.134
-79.815
-80.063
-80.158
-79.945
-80.023
-80.031
-79.924
-79.778
-79.722
-79.527
-79.8
-79.853
-80.24
-80.415
-80.135
-79.907
-79.974
-79.928
-79.649
-79.601
-79.661
-79.565
-79.716
-79.519
-79.633
-79.579
-79.419
-79.407
-79.596
-79.702
-79.906
-79.777
-79.816
-79.975
-79.943
-79.825
-79.787
-79.717
-79.662
-79.661
-79.669
-79.834
-79.673
-79.753
-79.898
-79.913
-80.086
-80.045
-80.031
-80.129
-80.408
-80.309
-80.309
-80.124
-80.088
-80.046
-79.924
-80.007
-79.859
-79.868
-79.835
-80.122
-80.308
-80.316
-80.248
-80.345
-80.411
-80.011
-79.955
-79.893
-79.831
-80.013
-79.819
-79.698
-79.821
-80.062
-80.1
-80.11
-80.171
-80.056
-80.293
-80.383
-80.145
-80.063
-79.987
-79.946
-79.843
-79.978
-79.763
-79.967
-80.081
-80.122
-80.253
-80.203
-80.482
-80.201
-80.41
-80.202
-80.799
-80.508
-80.25
-80.328
-80.45
-80.241
-80.157
-79.951
-79.927
-80.029
-80.138
-79.932
-80.141
-80.158
-80.265
-80.065
-80.486
-80.265
-80.03
-80.141
-79.811
-80.031
-80.03
-79.955
-80.062
-80.207
-80.259
-79.977
-79.933
-79.839
-79.74
-80.046
-79.858
-80.092
-79.691
-79.745
-79.811
-79.78
-79.746
-79.69
-79.67
-79.593
-79.775
-79.676
-79.9
-79.679
-79.883
-79.975
-80.067
-80.036
-79.952
-79.879
-80.124
-79.976
-80.08
-80.113
-80.137
-80.322
-80.108
-79.863
-80.119
-79.793
-79.737
-79.834
-79.885
-79.734
-79.765
-79.722
-79.883
-79.91
-79.973
-79.836
-80.109
-80.12
-80.004
-80.138
-79.873
-79.936
-79.758
-79.764
-79.73
-80.033
-79.902
-79.916
-79.972
-79.6
-79.498
-79.374
-79.194
-79.386
-79.493
-79.536
-79.428
-79.704
-79.676
-79.731
-79.643
-79.943
-79.826
-79.95
-79.832
-79.878
-80.13
-80.073
-80.059
-79.891
-79.574
-79.568
-79.549
-79.773
-79.386
-79.408
-79.537
-79.686
-79.644
-79.827
-79.903
-79.943
-79.674
-79.867
-79.8
-80.1
-80.062
-80.146
-80.278
-80.412
-80.021
-80.074
-80.13
-80.272
-79.924
-79.945
-80.07
-80.022
-79.781
-79.844
-79.745
-80.016
-80.159
-79.9
-79.693
-79.665
-79.609
-79.738
-79.952
-80.051
-79.79
-79.902
-79.888
-79.861
-79.8
-79.67
-79.679
-79.615
-79.715
-79.52
-79.319
-79.142
-79.213
-79.51
-79.694
-79.845
-79.901
-79.656
-79.861
-79.941
-79.776
-79.804
-79.603
-79.311
-79.226
-79.14
-79.078
-79.432
-79.326
-79.447
-79.63
-79.477
-79.705
-79.641
-79.817
-79.915
-79.956
-79.858
-79.816
-79.978
-79.81
-79.959
-79.972
-80.116
-80.214
-80.366
-80.394
-80.551
-80.683
-80.8
-80.727
-80.227
-80.082
-80.13
-80.102
-80.302
-80.309
-80.291
-80.591
-80.733
-80.762
-80.51
-80.326
-80.538
-80.403
-80.522
-80.685
-80.727
-80.979
-81.178
-81.147
-81.077
-80.887
-80.993
-81.02
-80.9
-80.765
-80.657
-80.608
-80.718
-80.403
-80.346
-80.32
-80.367
-80.344
-80.235
-80.134
-80.227
-80.471
-80.31
-80.358
-80.462
-80.715
-80.464
-80.446
-80.443
-80.512
-80.471
-80.576
-80.356
-80.155
-80.181
-80.234
-80.147
-80.346
-80.275
-80.281
-80.201
-80.252
-80.032
-80.082
-80.207
-80.75
-80.688
-80.846
-80.829
-80.71
-80.801
-80.691
-80.66
-80.517
-80.512
-80.64
-80.797
-80.596
