-78.374
-78.374
-78.307
-78.325
-78.305
-78.294
-78.29
-78.294
-78.367
-78.248
-78.337
-78.342
-78.269
-78.23
-78.266
-78.211
-78.238
-78.19
-78.19
-78.183
-78.147
-78.099
-78.111
-78.012
-78.065
-78.087
-77.959
-78.014
-77.987
-77.89
-77.873
-77.928
-77.984
-78.001
-77.993
-77.986
-77.991
-78.04
-78.067
-78.108
-78.17
-78.09
-78.184
-78.16
-78.14
-78.191
-78.25
-78.247
-78.144
-78.127
-78.192
-78.255
-78.375
-78.411
-78.374
-78.417
-78.446
-78.414
-78.376
-78.376
-78.357
-78.339
-78.237
-78.299
-78.367
-78.296
-78.206
-78.184
-78.197
-78.151
-78.168
-78.19
-78.192
-78.252
-78.211
-78.19
-78.139
-78.136
-78.093
-78.015
-78.021
-77.982
-77.869
-77.833
-77.863
-77.865
-77.899
-77.973
-77.883
-77.856
-77.82
-77.843
-77.896
-77.956
-77.88
-77.942
-77.925
-77.964
-78.043
-78.015
-78.043
-78.08
-78.056
-78.053
-78.111
-78.161
-78.174
-78.198
-78.223
-78.211
-78.156
-78.156
-78.169
-78.152
-78.118
-78.268
-78.204
-78.261
-78.237
-78.269
-78.23
-78.184
-78.16
-78.192
-78.128
-78.063
-78.02
-77.99
-77.99
-78.037
-78.155
-78.261
-78.189
-78.201
-78.193
-78.215
-78.229
-78.257
-78.228
-78.202
-78.198
-78.219
-78.176
-78.179
-78.208
-78.227
-78.192
-78.251
-78.306
-78.214
-78.251
-78.329
-78.392
-78.36
-78.389
-78.312
-78.306
-78.326
-78.378
-78.371
-78.338
-78.405
-78.436
-78.508
-78.49
-78.526
-78.575
-78.587
-78.67
-78.674
-78.717
-78.716
-78.725
-78.74
-78.742
-78.748
-78.763
-78.764
-78.727
-78.747
-78.729
-78.71
-78.69
-78.639
-78.666
-78.674
-78.743
-78.696
-78.675
-78.642
-78.637
-78.551
-78.487
-78.492
-78.543
-78.519
-78.519
-78.525
-78.493
-78.428
-78.35
-78.298
-78.236
-78.307
-78.389
-78.337
-78.345
-78.328
-78.257
-78.317
-78.302
-78.369
-78.441
-78.46
-78.394
-78.41
-78.398
-78.444
-78.455
-78.463
-78.409
-78.45
-78.44
-78.379
-78.374
-78.324
-78.351
-78.387
-78.425
-78.38
-78.467
-78.477
-78.433
-78.376
-78.393
-78.381
-78.367
-78.245
-78.202
-78.198
-78.169
-78.085
-78.114
-78.03
-78.022
-78.005
-78.047
-77.92
-77.89
-77.938
-77.951
-77.919
-77.947
-77.942
-77.929
-77.925
-77.895
-77.97
-78.066
-77.996
-77.989
-77.951
-77.95
-77.905
-77.905
-77.85
-77.825
-77.918
-77.851
-77.807
-77.86
-77.919
-77.872
-77.868
-77.953
-78.002
-77.967
-78.066
-78.059
-78.056
-78.096
-78.064
-78.115
-78.072
-78.153
-78.054
-78.038
-77.922
-77.914
-77.901
-77.997
-77.942
-77.89
-77.916
-77.849
-77.828
-77.86
-77.94
-77.808
-77.72
-77.718
-77.713
-77.744
-77.735
-77.743
-77.747
-77.659
-77.683
-77.656
-77.704
-77.699
-77.581
-77.554
-77.533
-77.498
-77.462
-77.514
-77.509
-77.539
-77.539
-77.525
-77.572
-77.64
-77.613
-77.609
-77.551
-77.546
-77.532
-77.561
-77.437
-77.502
-77.566
-77.538
-77.466
-77.481
-77.525
-77.491
-77.426
-77.5
-77.461
-77.419
-77.33
-77.405
-77.432
-77.388
-77.433
-77.507
-77.563
-77.538
-77.466
-77.422
-77.41
-77.35
-77.298
-77.212
-77.269
-77.301
-77.238
-77.231
-77.135
-77.16
-77.208
-77.139
-77.15
-77.191
-77.139
-77.19
-77.157
-77.076
-77.036
-76.914
-76.854
-76.817
-76.809
-76.706
-76.727
-76.813
-76.857
-76.903
-76.888
-76.806
-76.815
-76.891
-76.97
-76.927
-76.895
-76.857
-76.847
-76.891
-76.881
-76.883
-76.799
-76.808
-76.77
-76.714
-76.738
-76.834
-76.855
-76.782
-76.728
-76.732
-76.707
-76.679
-76.691
-76.686
-76.609
-76.576
-76.576
-76.559
-76.574
-76.586
-76.505
-76.474
-76.524
-76.529
-76.468
-76.478
-76.527
-76.42
-76.42
-76.32
-76.261
-76.257
-76.315
-76.276
-76.258
-76.24
-76.23
-76.228
-76.184
-76.169
-76.183
-76.134
-76.119
-76.101
-75.988
-76.007
-76.012
-75.986
-75.924
-75.958
-76.001
-75.987
-75.974
-75.949
-75.983
-75.984
-75.956
-75.94
-75.881
-75.92
-75.937
-75.98
-76.003
-76.003
-76.013
-75.982
-75.95
-76.02
-76
-75.99
-75.994
-75.894
-75.873
-75.938
-75.91
-75.983
-76.005
-76.009
-76.012
-76.011
-76.048
-76.065
-76.022
-76.068
-76.081
-76.014
-76.122
-76.141
-76.175
-76.179
-76.168
-76.22
-76.225
-76.289
-76.3
-76.31
-76.317
-76.372
-76.379
-76.437
-76.489
-76.537
-76.474
-76.378
-76.424
-76.416
-76.508
-76.43
-76.429
-76.446
-76.41
-76.41
-76.417
-76.313
-76.242
-76.213
-76.193
-76.206
-76.202
-76.087
-76.111
-76.159
-76.217
-76.21
-76.183
-76.208
-76.263
-76.198
-76.21
-76.193
-76.258
-76.13
-76.165
-76.206
-76.291
-76.335
-76.275
-76.24
-76.138
-76.168
-76.122
-76.066
-76.176
-76.156
-76.195
-76.151
-76.144
-76.223
-76.166
-76.175
-76.241
-76.245
-76.247
-76.311
-76.345
-76.398
-76.321
-76.362
-76.49
-76.452
-76.421
-76.447
-76.446
-76.445
-76.504
-76.505
-76.508
-76.561
-76.664
-76.632
-76.647
-76.63
-76.69
-76.69
-76.695
-76.648
-76.596
-76.569
-76.475
-76.355
-76.355
-76.276
-76.3
-76.319
-76.324
-76.359
-76.399
-76.408
-76.33
-76.371
-76.352
-76.331
-76.328
-76.408
-76.427
-76.4
-76.411
-76.292
-76.362
-76.398
-76.395
-76.276
-76.396
-76.396
-76.305
-76.328
-76.274
-76.25
-76.288
-76.273
-76.332
-76.402
-76.425
-76.422
-76.446
-76.409
-76.353
-76.434
-76.347
-76.371
-76.367
-76.431
-76.44
-76.411
-76.528
-76.534
-76.574
-76.531
-76.488
-76.496
-76.522
-76.532
-76.529
-76.622
-76.64
-76.669
-76.741
-76.706
-76.692
-76.717
-76.711
-76.707
-76.71
-76.764
-76.753
-76.696
-76.802
-76.863
-76.856
-76.871
-76.896
-76.896
-76.951
-76.928
-76.965
-76.932
-76.949
-76.929
-76.929
-76.959
-76.919
-76.946
-77.001
-77.028
-77.036
-77.047
-77.099
-77.135
-77.213
-77.14
-77.048
-77.173
-77.192
-77.166
-77.163
-77.204
-77.202
-77.064
-77.013
-77.008
-76.958
-76.97
-76.997
-76.98
-77.045
-77.033
-77.071
-77.044
-77.006
-77.093
-77.109
-77.022
-77.064
-77.094
-77.042
-77.002
-77.049
-77.086
-77.083
-77.082
-77.098
-77.109
-77.076
-77.098
-77.116
-77.148
-77.153
-77.162
-77.151
-77.167
-77.177
-77.044
-77.092
-77.083
-77.199
-77.233
-77.281
-77.409
-77.38
-77.378
-77.459
-77.527
-77.622
-77.603
-77.648
-77.615
-77.627
-77.59
-77.653
-77.626
-77.646
-77.647
-77.538
-77.585
-77.572
-77.648
-77.594
-77.504
-77.574
-77.586
-77.539
-77.481
-77.514
-77.505
-77.593
-77.688
-77.756
-77.715
-77.646
-77.567
-77.6
-77.592
-77.655
-77.632
-77.611
-77.647
-77.59
-77.566
-77.608
-77.58
-77.563
-77.575
-77.646
-77.691
-77.768
-77.707
-77.722
-77.689
-77.674
-77.612
-77.565
-77.604
-77.662
-77.686
-77.677
-77.613
-77.602
-77.584
-77.609
-77.657
-77.648
-77.659
-77.617
-77.678
-77.681
-77.627
-77.678
-77.593
-77.603
-77.602
-77.591
-77.65
-77.602
-77.614
-77.558
-77.555
-77.528
-77.405
-77.36
-77.366
-77.428
-77.475
-77.447
-77.374
-77.437
-77.315
-77.309
-77.317
-77.377
-77.362
-77.448
-77.479
-77.41
-77.396
-77.41
-77.381
-77.379
-77.346
-77.362
-77.418
-77.512
-77.566
-77.444
-77.428
-77.499
-77.568
-77.529
-77.465
-77.498
-77.5
-77.586
-77.617
-77.634
-77.727
-77.676
-77.674
-77.743
-77.742
-77.662
-77.556
-77.51
-77.45
-77.356
-77.404
-77.364
-77.387
-77.378
-77.451
-77.464
-77.479
-77.383
-77.466
-77.428
-77.429
-77.5
-77.514
-77.587
-77.524
-77.542
-77.529
-77.5
-77.616
-77.587
-77.689
-77.665
-77.652
-77.715
-77.723
-77.682
-77.637
-77.667
-77.711
-77.673
-77.608
-77.531
-77.524
-77.562
-77.547
-77.52
-77.515
-77.489
-77.498
-77.454
-77.377
-77.379
-77.266
-77.25
-77.239
-77.265
-77.211
-77.233
-77.138
-77.232
-77.21
-77.168
-77.126
-77.154
-77.196
-77.228
-77.343
-77.266
-77.322
-77.351
-77.336
-77.269
-77.326
-77.365
-77.315
-77.296
-77.277
-77.353
-77.392
-77.364
-77.376
-77.365
-77.362
-77.313
-77.363
-77.416
-77.464
-77.48
-77.47
-77.476
-77.444
-77.424
-77.413
-77.47
-77.325
-77.459
-77.448
-77.475
-77.551
-77.555
-77.516
-77.52
-77.55
-77.634
-77.668
-77.653
-77.672
-77.648
-77.76
-77.772
-77.727
-77.788
-77.828
-77.742
-77.737
-77.756
-77.737
-77.768
-77.772
-77.806
-77.899
-77.985
-78.039
-77.983
-78.075
-77.976
-78
-78.057
-78.072
-78.036
-78.117
-78.082
-78.007
-78.073
-78.109
-78.228
-78.337
-78.339
-78.344
-78.336
-78.291
-78.368
-78.358
-78.327
-78.357
-78.337
-78.363
-78.265
-78.287
-78.235
-78.196
-78.068
-78.056
-77.996
-78.047
-78.014
-77.896
-77.88
-77.843
-77.753
-77.777
-77.889
-77.94
-77.912
-77.931
-77.902
-77.895
-77.879
-77.934
-77.992
-77.988
-77.926
-77.931
-77.976
-78.036
-77.991
-78.019
-78.033
-78.068
-77.969
-78.031
-78.064
-77.948
-77.94
-77.857
-77.903
-77.859
-77.842
-77.812
-77.763
-77.817
-77.769
-77.709
-77.774
-77.787
-77.742
-77.815
-77.883
-77.936
-77.949
-78.037
-78.053
-78.109
-78.137
-78.119
-78.179
-78.116
-78.11
-78.103
-78.06
-78.098
-78.076
-78.112
-77.999
-78.07
-78.07
-78.035
-77.977
-77.978
-77.932
-77.983
-77.937
-77.943
-77.896
-77.934
-77.931
-77.907
-77.941
-77.825
-77.779
-77.749
-77.789
-77.676
-77.704
-77.747
-77.746
-77.749
-77.856
-77.806
-77.727
-77.793
-77.76
-77.777
-77.827
-77.837
-77.816
-77.812
-77.817
-77.803
-77.914
-77.914
-77.857
-77.899
-77.822
-77.86
-77.961
-77.953
-77.935
-77.934
-77.949
-77.98
-77.927
-77.906
-77.953
-77.927
-77.966
-77.918
-77.908
-77.909
-78
-78
-78.036
-78.03
-78.023
-78.088
-78.066
-78.15
-78.154
-78.157
-78.138
-78.175
-78.097
-78.034
-78.023
-78.027
-78.022
-78.117
-78.147
-78.159
-78.184
-78.213
-78.277
-78.294
-78.268
-78.374
-78.377
-78.4
-78.44
-78.45
-78.486
-78.494
-78.554
-78.512
-78.56
-78.574
-78.58
-78.565
-78.536
-78.562
-78.565
-78.486
-78.571
-78.557
-78.471
-78.482
-78.444
-78.453
-78.467
-78.473
-78.574
-78.618
-78.677
-78.707
-78.694
-78.717
-78.582
-78.553
-78.541
-78.555
-78.574
-78.526
-78.504
-78.473
-78.524
-78.527
-78.57
-78.485
-78.532
-78.583
-78.553
-78.601
-78.591
-78.613
-78.598
-78.618
-78.584
-78.551
-78.559
-78.53
-78.476
-78.47
-78.566
-78.586
-78.617
-78.642
-78.545
-78.507
-78.47
-78.433
-78.292
-78.322
-78.398
-78.334
-78.319
-78.345
-78.341
-78.318
-78.315
-78.387
-78.276
-78.336
-78.275
-78.371
-78.349
-78.248
-78.211
-78.235
-78.252
-78.192
-78.101
-78.12
-78.106
-78.061
-78.067
-78.05
-77.997
-77.968
-77.908
-77.881
-77.903
-77.876
-77.825
-77.913
-77.907
-77.913
-77.823
-77.774
-77.791
-77.782
-77.763
-77.867
-77.876
-77.899
-77.864
-77.781
-77.767
-77.716
-77.713
-77.8
-77.827
-77.843
-77.814
-77.818
-77.721
-77.669
-77.641
-77.599
-77.559
-77.554
-77.623
-77.599
-77.642
-77.677
-77.783
-77.874
-77.83
-77.799
-77.796
-77.802
-77.821
-77.828
-77.823
-77.927
-77.887
-77.86
-77.919
-77.846
-77.831
-77.84
-77.799
-77.824
-77.851
-77.792
-77.791
-77.802
-77.825
-77.96
-77.98
-78.083
-78.124
-78.071
-78.186
-78.23
-78.174
-78.078
-78.108
-78.084
-78.055
-78.061
-78.107
-78.12
-77.986
-78.008
-77.929
-77.896
-77.961
-78.022
-78.03
-78.076
-78.105
-78.056
-78.004
-78.045
-78.04
-77.961
-78.052
-78.08
-78.023
-78.073
-78.188
-78.185
-78.269
-78.248
-78.251
-78.239
-78.269
-78.249
-78.24
-78.252
-78.251
-78.319
-78.264
-78.301
-78.324
-78.243
-78.221
-78.163
-78.201
-78.233
-78.255
-78.321
-78.33
-78.326
-78.3
-78.351
-78.423
-78.488
-78.481
-78.597
-78.516
-78.426
-78.479
-78.405
-78.385
-78.445
-78.454
-78.409
-78.511
-78.481
-78.436
-78.491
-78.558
-78.57
-78.552
-78.556
-78.538
-78.546
-78.589
-78.595
-78.539
-78.516
-78.526
-78.6
-78.633
-78.783
-78.785
-78.803
-78.748
-78.835
-78.891
-78.809
-78.898
-78.887
-78.922
-78.87
-78.914
-78.755
-78.761
-78.829
-78.83
-78.822
-78.819
-78.856
-78.898
-78.907
-78.796
-78.731
-78.73
-78.714
-78.746
-78.793
-78.715
-78.697
-78.747
-78.672
-78.726
-78.691
-78.712
-78.897
-78.88
-78.88
-78.838
-78.84
-78.884
-78.867
-78.812
-78.838
-78.804
-78.749
-78.817
-78.813
-78.919
-78.947
-78.918
-78.87
-78.936
-78.966
-78.982
-78.986
-78.911
-78.882
-78.972
-78.953
-78.954
-78.971
-78.971
-79.039
-78.995
-78.927
-78.914
-78.844
-78.754
-78.758
-78.74
-78.729
-78.707
-78.777
-78.634
-78.635
-78.579
-78.522
-78.53
-78.563
-78.568
-78.473
-78.403
-78.319
-78.371
-78.399
-78.366
-78.387
-78.374
-78.428
-78.378
-78.408
-78.432
-78.445
-78.485
-78.481
-78.559
-78.616
-78.671
-78.644
-78.708
-78.706
-78.619
-78.633
-78.751
-78.759
-78.672
-78.589
-78.605
-78.538
-78.581
-78.57
-78.57
-78.579
-78.605
-78.589
-78.586
-78.639
-78.658
-78.621
-78.696
-78.725
-78.89
-78.902
-78.853
-78.804
-78.822
-78.866
-78.916
-78.924
-78.933
-78.991
-79.051
-79.095
-79.089
-79.195
-79.194
-79.268
-79.283
-79.301
-79.325
-79.343
-79.383
-79.316
-79.332
-79.334
-79.294
-79.312
-79.31
-79.356
-79.257
-79.28
-79.257
-79.254
-79.206
-79.133
-79.088
-79.167
-79.191
-79.223
-79.218
-79.208
-79.188
-79.186
-79.212
-79.113
-79.199
-79.17
-79.151
-79.149
-79.086
-79.068
-79.074
-79.116
-79.076
-79.032
-79.114
-79.127
-79.168
-79.25
-79.288
-79.2
-79.2
-79.234
-79.256
-79.301
-79.391
-79.455
-79.499
-79.506
-79.547
-79.588
-79.547
-79.624
-79.646
-79.663
-79.617
-79.665
-79.632
-79.603
-79.644
-79.696
-79.745
-79.731
-79.721
-79.73
-79.707
-79.657
-79.652
-79.689
-79.726
-79.641
-79.494
-79.594
-79.628
-79.648
-79.666
-79.666
-79.599
-79.613
-79.636
-79.598
-79.572
-79.627
-79.525
-79.451
-79.438
-79.475
-79.471
-79.523
-79.541
-79.569
-79.549
-79.639
-79.692
-79.725
-79.733
-79.762
-79.877
-79.831
-79.831
-79.851
-79.882
-79.894
-79.873
-79.891
-79.939
-79.965
-80.001
-79.985
-80.015
-79.964
-79.959
-79.983
-79.88
-79.765
-79.792
-79.755
-79.698
-79.71
-79.842
-79.851
-79.851
-79.835
-79.832
-79.906
-79.946
-79.839
-79.76
-79.758
-79.69
-79.647
-79.614
-79.572
-79.575
-79.643
-79.711
-79.687
-79.775
-79.869
-79.87
-79.878
-79.882
-79.801
-79.812
-79.902
-79.913
-79.919
-79.871
-79.846
-79.912
-79.986
-79.968
-80.053
-80.05
-80.031
-80.075
-80.149
-80.199
-80.152
-80.246
-80.271
-80.236
-80.172
-80.251
-80.263
-80.34
-80.331
-80.368
-80.317
-80.365
-80.265
-80.195
-80.26
-80.262
-80.324
-80.325
-80.315
-80.216
-80.149
-80.19
-80.16
-80.094
-80.2
-80.252
-80.344
-80.412
-80.43
-80.388
-80.422
-80.394
-80.363
-80.285
-80.235
-80.29
-80.255
-80.25
-80.195
-80.323
-80.393
-80.515
-80.556
-80.532
-80.54
-80.563
-80.576
-80.52
-80.56
-80.651
-80.568
-80.612
-80.658
-80.643
-80.68
-80.589
-80.668
-80.634
-80.592
-80.52
-80.494
-80.389
-80.378
-80.3
-80.353
-80.342
-80.402
-80.337
-80.261
-80.288
-80.167
-80.201
-80.224
-80.196
-80.113
-80.061
-80.089
-80.101
-80.027
-80.01
-79.981
-79.937
-79.935
-79.896
-79.821
-79.828
-79.907
-79.954
-80.043
-79.953
-79.98
-79.892
-79.917
-79.905
-79.898
-79.804
-79.848
-79.883
-79.808
-79.789
-79.747
-79.779
-79.863
-79.894
-79.957
-80.014
-80.034
-79.977
-79.973
-79.931
-79.931
-79.95
-79.942
-79.973
-79.984
-80.027
-80.113
-80.156
-80.107
-80.168
-80.251
-80.273
-80.321
-80.333
-80.312
-80.174
-80.124
-80.122
-80.073
-80.077
-80.114
-80.075
-80.062
-79.975
-80.031
-80.041
-80.066
-80.06
-80.059
-79.99
-80.077
-80.117
-80.173
-80.179
-80.238
-80.175
-80.154
-80.139
-80.171
-80.175
-80.1
-79.977
-80.017
-80.051
-80.111
-80.139
-80.03
-79.96
-79.958
-79.945
-79.896
-79.787
-79.722
-79.712
-79.777
-79.763
-79.757
-79.784
-79.687
-79.702
-79.656
-79.605
-79.666
-79.801
-79.77
-79.791
-79.846
-79.709
-79.65
-79.613
-79.719
-79.755
-79.778
-79.727
-79.66
-79.681
-79.677
-79.792
-79.857
-79.896
-79.829
-79.736
-79.822
-79.821
-79.864
-79.912
-80.057
-80.04
-80.017
-80.066
-80.061
-80.06
-80.135
-80.116
-80.073
-80.121
-80.118
-80.087
-80.078
-80.028
-80.089
-80.06
-80.046
-79.995
-80.141
-80.196
-80.219
-80.298
-80.315
-80.33
-80.339
-80.249
-80.274
-80.309
-80.363
-80.281
-80.225
-80.181
-80.178
-80.187
-80.14
-80.208
-80.086
-79.965
-79.977
-80.006
-79.97
-79.938
-79.928
-79.928
-79.865
-79.902
-79.869
-79.864
-79.835
-79.784
-79.845
-79.814
-79.68
-79.764
-79.77
-79.829
-79.862
-79.891
-79.975
-79.911
-80.002
-79.981
-79.932
-79.865
-79.858
-79.801
-79.745
-79.713
-79.793
-79.766
-79.808
-79.809
-79.911
-79.943
-79.979
-80.026
-80.07
-80.034
-80.017
-79.984
-80.017
-80.016
-79.997
-80.103
-80.121
-80.115
-80.107
-80.143
-80.048
-80.076
-80.066
-80.037
-80.031
-79.982
-79.926
-80.021
-80.068
-80.073
-80.064
-80.077
-80.105
-80.059
-79.966
-80.057
-80.036
-80.086
-80.057
-80.034
-79.952
-79.884
-79.795
-79.8
-79.808
-79.796
-79.778
-79.82
-79.743
-79.691
-79.701
-79.675
-79.704
-79.798
-79.722
-79.683
-79.641
-79.69
-79.719
-79.709
-79.657
-79.707
-79.693
-79.712
-79.733
-79.744
-79.744
-79.7
-79.722
-79.693
-79.622
-79.539
-79.629
-79.536
-79.594
-79.653
-79.7
-79.661
-79.724
-79.668
-79.632
-79.681
-79.688
-79.668
-79.736
-79.758
-79.753
-79.837
-79.791
-79.799
-79.782
-79.713
-79.721
-79.696
-79.662
-79.568
-79.597
-79.536
-79.603
-79.548
-79.526
-79.515
-79.516
-79.58
-79.59
-79.578
-79.624
-79.641
-79.641
-79.615
-79.647
-79.582
-79.587
-79.57
-79.527
-79.513
-79.641
-79.661
-79.613
-79.579
-79.535
-79.512
-79.477
-79.445
-79.479
-79.587
-79.622
-79.607
-79.699
-79.693
-79.691
-79.772
-79.801
-79.691
-79.672
-79.647
-79.717
-79.774
-79.769
-79.824
-79.815
-79.784
-79.835
-79.846
-79.875
-79.894
-79.995
-80.028
-80.004
-79.953
-79.911
-80.026
-80.119
-80.176
-80.195
-80.211
-80.148
-80.117
-80.025
-80.096
-80.222
-80.209
-80.122
-80.196
-80.197
-80.188
-80.163
-80.205
-80.111
-80.156
-80.077
-80.122
-80.153
-80.183
-80.163
-80.167
-80.123
-80.144
-80.134
-80.064
-79.907
-79.869
-79.94
-79.875
-79.78
-79.802
-79.763
-79.726
-79.765
-79.711
-79.683
-79.737
-79.665
-79.624
-79.636
-79.743
-79.777
-79.85
-79.902
-79.934
-80.035
-80.036
-80.087
-80.101
-80.028
-79.927
-79.941
-80.048
-80.123
-80.131
-80.099
-80.167
-80.28
-80.222
-80.166
-80.19
-80.209
-80.239
-80.175
-80.196
-80.244
-80.357
-80.37
-80.371
-80.389
-80.363
-80.335
-80.336
-80.4
-80.383
-80.319
-80.364
-80.364
-80.362
-80.393
-80.401
-80.448
-80.519
-80.564
-80.683
-80.745
-80.759
-80.82
-80.74
-80.785
-80.819
-80.794
-80.786
-80.815
-80.859
-80.772
-80.811
-80.819
-80.879
-80.79
-80.785
-80.689
-80.705
-80.796
-80.771
-80.735
-80.733
-80.748
-80.756
-80.66
-80.64
-80.644
-80.657
-80.69
-80.778
-80.744
-80.702
-80.787
-80.783
-80.823
-80.761
-80.743
-80.782
-80.736
-80.807
-80.86
-80.794
-80.859
-80.824
-80.83
-80.866
-80.917
-80.904
-80.876
-80.894
-80.875
-80.942
-80.958
-81.041
-81.087
-81.184
-81.173
-81.19
-81.239
-81.275
-81.258
-81.244
-81.205
-81.223
-81.05
-81.026
-80.927
-80.942
-80.903
-80.911
-80.948
-80.939
-80.96
-80.932
-80.894
-80.875
-80.92
-80.89
-80.963
-80.972
-80.949
-81.017
-80.989
-80.982
-80.972
-80.962
-81.04
-81.037
-81.005
-81.055
-81.04
-81.036
-81.112
-81.052
-81.064
-81.039
-81.063
-81.072
-80.976
-81.01
-81.027
-81.004
-81.129
-81.08
-81.034
-81.04
-81.077
-81.121
-81.113
-81.034
-81.064
-81.097
-81.065
-81.062
-81.059
-81.1
-81.144
-81.061
-81.092
-81.082
-81.046
-81.051
-81.031
-81.084
-81.121
-81.048
-81.083
-81.076
-81.034
-81.075
-81.124
-81.163
-81.109
-81.013
-80.988
-80.962
-81.066
-81.048
-81.046
-80.996
-81.071
-81.011
-81.064
-80.999
-81.047
-80.991
-80.969
-81.039
-81.047
-81.011
-80.898
-80.876
-80.931
-81.01
-81.013
-80.964
-81.046
-81.02
-81.013
-80.901
-80.878
-80.962
-80.984
-81.02
-81.063
-81.101
-81.026
-81.094
-81.077
-81.026
-81.022
-81.03
-80.977
-80.902
-80.896
-80.765
-80.79
-80.916
-80.934
-80.979
-80.915
-80.96
-80.876
-80.902
-80.879
-80.838
-80.856
-80.937
-80.886
-80.827
-80.837
-80.79
-80.785
-80.794
-80.772
-80.835
-80.816
-80.78
-80.802
-80.768
-80.795
-80.802
-80.907
-80.936
-80.915
-80.874
-80.843
-80.857
-80.842
-80.785
-80.896
-80.863
-80.919
-80.955
-80.811
-80.811
-80.893
-80.894
-80.988
-81.04
-81.065
-81.008
-80.978
-80.973
-81.013
-81.037
-80.973
-80.949
-80.953
-80.918
-81.013
-81.037
-81.028
-80.941
-80.837
-80.822
-80.776
-80.741
-80.779
-80.782
-80.807
-80.767
-80.789
-80.812
-80.807
-80.794
-80.77
-80.782
-80.659
-80.68
-80.662
-80.584
-80.556
-80.613
-80.631
-80.646
-80.631
-80.644
-80.656
-80.661
-80.757
-80.753
-80.719
-80.694
-80.652
-80.665
-80.626
-80.664
-80.716
-80.635
-80.655
-80.76
-80.798
-80.734
-80.827
-80.817
-80.779
-80.796
-80.752
-80.778
-80.893
-80.892
-80.812
-80.825
-80.857
-80.838
-80.755
-80.767
-80.652
-80.695
-80.695
-80.683
-80.637
-80.65
-80.657
-80.537
-80.582
-80.535
-80.466
-80.415
-80.483
-80.445
-80.495
-80.462
-80.435
-80.432
-80.46
-80.441
-80.44
-80.361
-80.445
-80.498
-80.402
-80.324
-80.296
-80.319
-80.322
-80.316
-80.361
-80.36
-80.35
-80.434
-80.451
-80.52
-80.536
-80.508
-80.579
-80.548
-80.431
-80.415
-80.409
-80.294
-80.303
-80.411
-80.358
-80.367
-80.262
-80.222
-80.176
-80.162
-80.158
-80.101
-80.093
-80.084
-80.075
-80.052
-80.055
-80.04
-80.062
-80.018
-80.138
-80.152
-80.156
-80.226
-80.243
-80.231
-80.235
-80.246
-80.363
-80.343
-80.401
-80.454
-80.478
-80.546
-80.534
-80.63
-80.624
-80.645
-80.685
-80.666
-80.748
-80.791
-80.824
-80.86
-80.817
-80.777
-80.771
-80.764
-80.764
-80.692
-80.69
-80.645
-80.635
-80.595
-80.661
-80.671
-80.699
-80.73
-80.732
-80.727
-80.766
-80.862
-80.722
-80.728
-80.705
-80.687
-80.725
-80.712
-80.649
-80.602
-80.542
-80.515
-80.497
-80.52
-80.488
-80.481
-80.507
-80.353
-80.358
-80.408
-80.436
-80.439
-80.505
-80.505
-80.451
-80.499
-80.465
-80.45
-80.424
-80.498
-80.519
-80.544
-80.501
-80.512
-80.505
-80.512
-80.437
-80.346
-80.349
-80.299
-80.257
-80.243
-80.249
-80.221
-80.319
-80.276
-80.299
-80.293
-80.291
-80.291
-80.17
-80.154
-80.165
-80.099
-80.178
-80.099
-80.084
-80.124
-80.048
-79.991
-79.997
-80.014
-80.073
-80.043
-79.977
-80.061
-80.031
-80.113
-80.115
-80.175
-80.186
-80.091
-80.136
-80.176
-80.179
-80.195
-80.222
-80.2
-80.193
-80.166
-80.087
-80.038
-80.089
-80.05
-80.058
-80.063
-80.099
-80.133
-80.236
-80.196
-80.153
-80.204
-80.148
-80.213
-80.206
-80.195
-80.116
-80.077
-79.998
-79.895
-79.889
-79.874
-79.908
-79.894
-79.893
-79.972
-80.028
-80.031
-80.123
-80.199
-80.165
-80.112
-80.035
-80.112
-80.094
-80.167
-80.067
-80.018
-79.988
-80.01
-79.986
-79.902
-79.858
-79.876
-79.838
-79.892
-79.872
-79.939
-80.015
-79.974
-80.015
-80.019
-79.992
-80.065
-80.038
-79.992
-79.957
-79.95
-79.986
-79.839
-79.868
-79.892
-79.906
-79.85
-79.897
-79.934
-79.877
-79.801
-79.844
-79.821
-79.832
-79.934
-80.003
-79.996
-79.977
-80.049
-80.061
-80.026
-80.067
-80.159
-80.191
-80.224
-80.206
-80.238
-80.213
-80.225
-80.212
-80.133
-80.089
-80.189
-80.273
-80.23
-80.253
-80.18
-80.163
-80.109
-80.017
-79.976
-79.973
-79.994
-79.872
-79.87
-79.883
-79.965
-79.908
-79.86
-79.844
-79.903
-79.909
-79.912
-79.893
-79.975
-79.897
-79.764
-79.754
-79.742
-79.698
-79.724
-79.752
-79.676
-79.775
-79.811
-79.846
-79.881
-79.972
-79.917
-79.97
-80.028
-79.985
-80.012
-80.019
-80.042
-79.992
-80.06
-80.037
-80.111
-80.037
-80.058
-80.141
-80.115
-80.185
-80.159
-80.131
-80.185
-80.212
-80.203
-80.153
-80.13
-79.989
-79.973
-79.965
-79.922
-79.833
-79.792
-79.839
-79.779
-79.822
-79.8
-79.766
-79.708
-79.654
-79.699
-79.749
-79.781
-79.746
-79.776
-79.834
-79.906
-79.962
-79.875
-79.888
-79.892
-79.969
-79.99
-79.949
-79.907
-79.903
-79.837
-79.863
-79.96
-79.956
-79.954
-79.94
-79.988
-79.96
-79.81
-79.726
-79.71
-79.709
-79.632
-79.678
-79.77
-79.751
-79.793
-79.732
-79.776
-79.695
-79.591
-79.598
-79.658
-79.72
-79.755
-79.73
-79.732
-79.672
-79.717
-79.69
-79.755
-79.76
-79.709
-79.795
-79.823
-79.827
-79.817
-79.734
-79.749
-79.736
-79.758
-79.766
-79.789
-79.74
-79.627
-79.626
-79.72
-79.893
-79.874
-79.788
-79.791
-79.83
-79.887
-79.8
-79.778
-79.851
-79.821
-79.862
-79.87
-79.928
-79.937
-79.961
-79.92
-79.887
-79.891
-79.883
-79.825
-79.89
-79.894
-79.862
-79.87
-79.841
-79.863
-79.864
-79.848
-79.796
-79.85
-79.876
-79.945
-79.964
-79.902
-79.896
-79.836
-79.866
-79.901
-79.922
-79.912
-79.86
-79.867
-79.84
-79.946
-79.969
-80.012
-80.081
-80.139
-80.093
-80.158
-80.137
-80.104
-80.188
-80.29
-80.286
-80.268
-80.243
-80.212
-80.241
-80.282
-80.348
-80.368
-80.33
-80.339
-80.26
-80.217
-80.249
-80.281
-80.28
-80.282
-80.184
-80.135
-80.127
-80.139
-80.093
-80.162
-80.062
-80.111
-80.127
-80.102
-80.135
-80.101
-80.086
-80.143
-80.117
-80.096
-80.166
-80.18
-80.156
-80.188
-80.183
-80.223
-80.199
-80.191
-80.103
-80.156
-80.119
-80.158
-80.124
-80.061
-80.13
-80.142
-80.054
-80.037
-80.067
-80.16
-80.178
-80.167
-80.159
-80.16
-80.112
-80.055
-80.058
-80.081
-80.062
-80.031
-80.039
-80.036
-79.997
-80.041
-80.091
-80.173
-80.19
-80.188
-80.196
-80.196
-80.246
-80.227
-80.208
-80.25
-80.281
-80.27
-80.322
-80.417
-80.449
-80.458
-80.489
-80.539
-80.405
-80.413
-80.42
-80.406
-80.352
-80.363
-80.321
-80.329
-80.397
-80.345
-80.388
-80.363
-80.36
-80.308
-80.382
-80.338
-80.315
-80.341
-80.4
-80.419
-80.487
-80.526
-80.581
-80.625
-80.632
-80.656
-80.712
-80.667
-80.728
-80.696
-80.73
-80.695
-80.766
-80.799
-80.809
-80.743
-80.675
-80.708
-80.638
-80.522
-80.613
-80.543
-80.476
-80.514
-80.461
-80.43
-80.447
-80.476
-80.379
-80.386
-80.422
-80.354
-80.411
-80.474
-80.517
-80.43
-80.364
-80.4
-80.274
-80.33
-80.422
-80.352
-80.393
-80.519
-80.415
-80.529
-80.519
-80.607
-80.681
-80.694
-80.684
-80.729
-80.734
-80.716
-80.698
-80.693
-80.711
-80.713
-80.641
-80.623
-80.651
-80.647
-80.639
-80.747
-80.745
-80.71
-80.62
-80.604
-80.656
-80.624
-80.594
-80.579
-80.425
-80.396
-80.413
-80.451
-80.495
-80.415
-80.297
-80.316
-80.288
-80.281
-80.281
-80.313
-80.271
-80.267
-80.247
-80.286
-80.353
-80.365
-80.383
-80.424
-80.383
-80.365
-80.301
-80.382
-80.448
-80.411
-80.458
-80.429
-80.365
-80.382
-80.476
-80.485
-80.443
-80.415
-80.361
-80.439
-80.419
-80.43
-80.389
-80.454
-80.45
-80.36
-80.336
-80.241
-80.214
-80.164
-80.089
-80.093
-80.133
-80.247
-80.22
-80.219
-80.223
-80.253
-80.249
-80.3
-80.223
-80.233
-80.229
-80.327
-80.353
-80.392
-80.353
-80.37
-80.345
-80.209
-80.184
-80.201
-80.108
-80.034
-80.054
-80.086
-80.091
-80.024
-80.082
-80.002
-79.954
-79.951
-79.929
-79.977
-80.039
-79.966
-79.962
-79.976
-80.024
-80.015
-79.99
-79.995
-80.05
-79.972
-79.9
-79.876
-79.769
-79.698
-79.732
-79.679
-79.686
-79.767
-79.736
-79.709
-79.681
-79.614
-79.659
-79.73
-79.77
-79.789
-79.819
-79.784
-79.794
-79.802
-79.825
-79.819
-79.858
-79.825
-79.822
-79.846
-79.899
-79.85
-79.839
-79.793
-79.687
-79.647
-79.598
-79.611
-79.6
-79.634
-79.59
-79.584
-79.572
-79.55
-79.544
-79.53
-79.491
-79.462
-79.539
-79.659
-79.664
-79.594
-79.582
-79.526
-79.568
-79.463
-79.485
-79.499
-79.49
-79.457
-79.523
-79.479
-79.577
-79.557
-79.595
-79.61
-79.551
-79.566
-79.449
-79.487
-79.487
-79.436
-79.432
-79.454
-79.378
-79.422
-79.321
-79.248
-79.23
-79.231
-79.235
-79.267
-79.244
-79.24
-79.332
-79.335
-79.332
-79.313
-79.284
-79.257
-79.268
-79.189
-79.187
-79.168
-79.241
-79.243
-79.24
-79.22
-79.158
-79.259
-79.284
-79.267
-79.361
-79.305
-79.284
-79.216
-79.277
-79.27
-79.233
-79.315
-79.27
-79.203
-79.124
-79.196
-79.111
-79.124
-79.138
-79.198
-79.136
-79.214
-79.183
-79.289
-79.292
-79.275
-79.282
-79.259
-79.234
-79.144
-79.119
-79.125
-79.017
-79.096
-79.085
-79.085
-79.109
-79.145
-79.168
-79.118
-79.138
-79.163
-79.237
-79.145
-79.086
-79.057
-79.118
-79.04
-79.072
-79.165
-79.228
-79.258
-79.269
-79.326
-79.296
-79.214
-79.204
-79.169
-79.122
-79.16
-79.107
-79.118
-79.064
-79.116
-79.154
-79.133
-79.106
-79.017
-79.005
-78.958
-79.069
-79.093
-79.085
-79.071
-79.061
-79.077
-79.156
-79.129
-79.108
-79.061
-79.067
-79.089
-79.111
-79.217
-79.287
-79.25
-79.266
-79.268
-79.29
-79.257
-79.326
-79.353
-79.388
-79.339
-79.369
-79.349
-79.315
-79.337
-79.298
-79.319
-79.4
-79.448
-79.376
-79.329
-79.381
-79.397
-79.415
-79.438
-79.36
-79.396
-79.358
-79.41
-79.419
-79.357
-79.37
-79.408
-79.346
-79.36
-79.296
-79.226
-79.239
-79.259
-79.262
-79.275
-79.231
-79.118
-79.155
-79.144
-79.218
-79.219
-79.254
-79.257
-79.339
-79.362
-79.238
-79.22
-79.256
-79.238
-79.209
-79.132
-79.096
-79.075
-79.021
-79.035
-79.003
-78.987
-78.903
-79.014
-78.97
-79.088
-79.041
-79.048
-79.07
-79.131
-79.174
-79.155
-79.188
-79.066
-79.091
-79.09
-78.98
-78.894
-78.856
-78.832
-78.881
-78.854
-78.882
-78.892
-78.885
-78.905
-78.831
-78.935
-78.943
-78.986
-78.902
-78.909
-78.89
-78.893
-78.851
-78.784
-78.801
-78.797
-78.786
-78.789
-78.761
-78.788
-78.752
-78.841
-78.784
-78.833
-78.814
-78.818
-78.773
-78.773
-78.823
-78.907
-78.956
-79.013
-79.033
-78.969
-79.014
-79.016
-79.015
-79.063
-79.109
-79.184
-79.153
-79.181
-79.222
-79.168
-79.317
-79.387
-79.465
-79.569
-79.484
-79.494
-79.376
-79.309
-79.281
-79.339
-79.363
-79.389
-79.386
-79.323
-79.391
-79.295
-79.26
-79.281
-79.275
-79.311
-79.369
-79.43
-79.422
-79.346
-79.406
-79.301
-79.339
-79.359
-79.356
-79.363
-79.448
-79.472
-79.55
-79.501
-79.56
-79.579
-79.563
-79.707
-79.692
-79.711
-79.717
-79.729
-79.74
-79.741
-79.735
-79.745
-79.698
-79.702
-79.773
-79.745
-79.772
-79.763
-79.78
-79.78
-79.833
-79.816
-79.909
-79.941
-79.954
-80.019
-80.017
-79.962
-79.928
-79.958
-79.952
-79.996
-79.931
-79.98
-80.013
-80.081
-80.024
-80.032
-80.073
-79.972
-79.993
-80.03
-79.989
-79.963
-79.94
-80.015
-79.991
-80.068
-80.012
-79.985
-79.987
-80.063
-80.072
-80.088
-80.032
-80.04
-80.075
-80.032
-80.025
-79.888
-79.867
-79.872
-79.91
-79.931
-79.943
-79.878
-79.874
-79.908
-79.912
-79.877
-79.875
-79.934
-79.899
-79.863
-79.807
-79.789
-79.763
-79.855
-79.92
-79.962
-80.018
-79.999
-79.999
-79.945
-79.988
-79.964
-80.022
-79.967
-79.975
-79.937
-79.991
-79.938
-79.853
-79.941
-79.951
-79.931
-79.957
-79.994
-80.046
-80.052
-80.075
-79.982
-80.003
-80.11
-80.159
-80.111
-80.13
-80.061
-80.016
-79.981
-80.013
-80.036
-80.078
-80.007
-79.971
-79.853
-79.815
-79.791
-79.732
-79.792
-79.793
-79.858
-79.87
-79.845
-79.849
-79.804
-79.832
-79.85
-79.798
-79.786
-79.826
-79.862
-79.846
-79.921
-79.989
-79.963
-79.95
-79.947
-79.97
-79.94
-79.921
-79.956
-79.894
-79.917
-79.85
-79.898
-79.949
-80.013
-80.066
-80.076
-80.029
-79.985
-79.942
-79.95
-79.916
-79.934
-79.958
-79.867
-79.792
-79.839
-79.791
-79.811
-79.838
-79.859
-79.864
-79.82
-79.853
-79.823
-79.823
-79.849
-79.907
-79.952
-79.93
-79.989
-79.937
-80.061
-80.058
-80.051
-80.06
-80.026
-79.931
-79.905
-79.938
-79.992
-80.067
-80.091
-80.099
-80.115
-80.137
-80.12
-80.1
-80.047
-80.016
-80.018
-79.983
-80.002
-80.052
-80.098
-79.998
-80.084
-79.986
-79.981
-79.965
-80.016
-79.997
-79.952
-79.934
-79.898
-79.838
-79.893
-79.786
-79.795
-79.763
-79.812
-79.813
-79.775
-79.842
-79.856
-79.925
-80.01
-80.067
-80.136
-80.085
-80.108
-80.164
-80.126
-80.175
-80.204
-80.211
-80.202
-80.127
-80.18
-80.223
-80.169
-80.272
-80.174
-80.214
-80.248
-80.247
-80.222
-80.243
-80.228
-80.289
-80.276
-80.235
-80.21
-80.181
-80.117
-80.089
-80.08
-80.004
-79.988
-79.834
-79.837
-79.831
-79.841
-79.834
-79.852
-79.749
-79.664
-79.687
-79.818
-79.846
-79.86
-79.966
-79.949
-79.932
-79.877
-79.967
-80.091
-80.14
-80.097
-80.045
-80.094
-80.132
-80.163
-80.186
-80.247
-80.246
-80.236
-80.19
-80.201
-80.152
-80.217
-80.227
-80.146
-80.21
-80.133
-80.14
-80.164
-80.155
-80.145
-80.204
-80.254
-80.213
-80.21
-80.23
-80.24
-80.221
-80.277
-80.236
-80.237
-80.22
-80.145
-80.166
-80.117
-80.08
-80.082
-80.078
-80.204
-80.151
-80.193
-80.099
-80.144
-80.164
-80.178
-80.172
-80.22
-80.163
-80.146
-80.23
-80.252
-80.241
-80.277
-80.177
-80.286
-80.208
-80.131
-80.141
-80.187
-80.134
-80.175
-80.188
-80.067
-80.086
-80.105
-80.141
-80.213
-80.188
-80.175
-80.221
-80.23
-80.27
-80.218
-80.204
-80.167
-80.215
-80.231
-80.227
-80.229
-80.385
-80.344
-80.352
-80.369
-80.306
-80.246
-80.279
-80.292
-80.174
-80.202
-80.226
-80.227
-80.174
-80.117
-80.12
-80.16
-80.159
-80.171
-80.193
-80.257
-80.315
-80.316
-80.331
-80.328
-80.304
-80.23
-80.273
-80.284
-80.248
-80.253
-80.295
-80.201
-80.232
-80.24
-80.191
-80.134
-80.123
-80.058
-80.095
-80.099
-80.12
-80.111
-80.116
-80.077
-80.108
-80.057
-79.992
-79.998
-80.041
-79.991
-79.99
-79.993
-80.026
-80.005
-80.092
-80.062
-80.076
-80.041
-80.042
-80.038
-80.075
-80.163
-80.166
-80.204
-80.196
-80.121
-80.089
-80.09
-80.163
-80.191
-80.241
-80.276
-80.313
-80.281
-80.247
-80.231
-80.226
-80.173
-80.221
-80.269
-80.366
-80.424
-80.349
-80.284
-80.262
-80.293
-80.359
-80.334
-80.31
-80.437
-80.425
-80.471
-80.372
-80.418
-80.433
-80.455
-80.438
-80.41
-80.332
-80.362
-80.353
-80.383
-80.42
-80.495
-80.541
-80.566
-80.51
-80.593
-80.531
-80.637
-80.694
-80.727
-80.693
-80.744
-80.738
-80.695
-80.623
-80.678
-80.72
-80.76
-80.771
-80.817
-80.809
-80.784
-80.87
-80.916
-80.933
-80.989
-80.946
-80.907
-80.911
-80.962
-80.903
-80.878
-80.895
-80.911
-80.903
-80.828
-80.863
-80.813
-80.747
-80.657
-80.705
-80.572
-80.539
-80.572
-80.64
-80.733
-80.629
-80.656
-80.654
-80.681
-80.715
-80.64
-80.688
-80.613
-80.699
-80.694
-80.672
-80.641
-80.651
-80.664
-80.583
-80.59
-80.606
-80.686
-80.592
-80.688
-80.626
-80.539
-80.594
-80.531
-80.524
-80.539
-80.483
-80.48
-80.475
-80.356
-80.322
-80.34
-80.361
-80.34
-80.413
-80.428
-80.511
-80.487
-80.509
-80.526
-80.508
-80.573
-80.582
-80.639
-80.598
-80.661
-80.734
-80.668
-80.661
-80.685
-80.718
-80.695
-80.64
-80.591
-80.531
-80.532
-80.497
-80.521
-80.583
-80.581
-80.672
-80.631
-80.623
-80.609
-80.584
-80.571
-80.55
-80.49
-80.452
-80.41
-80.364
-80.313
-80.283
-80.349
-80.307
-80.315
-80.289
-80.251
-80.232
-80.3
-80.319
-80.303
-80.397
-80.328
-80.253
-80.181
-80.127
-80.094
-80.101
-80.131
-80.183
-80.097
-80.118
-80.143
-80.237
-80.264
-80.27
-80.217
-80.15
-80.203
-80.228
-80.205
-80.237
-80.254
-80.131
-80.144
-80.037
-80.105
-80.136
-80.154
-80.09
-80.167
-80.173
-80.142
-80.094
-80.2
-80.209
-80.186
-80.182
-80.192
-80.143
-80.205
-80.196
-80.155
-80.096
-80.081
-80.09
-80.071
-79.997
-79.916
-79.965
-79.836
-79.819
-79.861
-79.879
-79.902
-79.993
-79.939
-79.871
-79.862
-79.848
-79.891
-79.863
-79.845
-79.896
-79.943
-79.915
-79.991
-79.943
-79.844
-79.905
-79.882
-79.856
-79.787
-79.773
-79.786
-79.799
-79.695
-79.688
-79.697
-79.664
-79.573
-79.594
-79.529
-79.471
-79.477
-79.537
-79.525
-79.461
-79.469
-79.5
-79.548
-79.57
-79.638
-79.63
-79.676
-79.685
-79.67
-79.617
-79.646
-79.65
-79.527
-79.564
-79.565
-79.561
-79.577
-79.619
-79.605
-79.639
-79.646
-79.71
-79.755
-79.782
-79.744
-79.785
-79.743
-79.686
-79.709
-79.715
-79.648
-79.603
-79.535
-79.578
-79.563
-79.633
-79.651
-79.551
-79.6
-79.635
-79.65
-79.629
-79.644
-79.636
-79.63
-79.626
-79.717
-79.628
-79.604
-79.631
-79.634
-79.535
-79.511
-79.436
-79.399
-79.401
-79.502
-79.537
-79.521
-79.632
-79.58
-79.509
-79.524
-79.452
-79.573
-79.546
-79.467
-79.496
-79.435
-79.425
-79.378
-79.451
-79.438
-79.479
-79.474
-79.41
-79.378
-79.415
-79.313
-79.332
-79.277
-79.234
-79.216
-79.177
-79.125
-79.046
-79.129
-79.051
-78.933
-78.832
-78.831
-78.808
-78.743
-78.699
-78.675
-78.657
-78.628
-78.646
-78.565
-78.52
-78.502
-78.557
-78.693
-78.65
-78.56
-78.507
-78.532
-78.504
-78.548
-78.524
-78.541
-78.428
-78.43
-78.39
-78.307
-78.22
-78.176
-78.283
-78.326
-78.289
-78.233
-78.342
-78.335
-78.355
-78.347
-78.396
-78.419
-78.408
-78.499
-78.477
-78.482
-78.504
-78.466
-78.48
-78.476
-78.51
-78.521
-78.578
-78.549
-78.52
-78.491
-78.629
-78.659
-78.652
-78.626
-78.562
-78.631
-78.637
-78.586
-78.598
-78.69
-78.662
-78.698
-78.654
-78.697
-78.636
-78.583
-78.514
-78.546
-78.5
-78.506
-78.472
-78.496
-78.466
-78.467
-78.526
-78.554
-78.591
-78.634
-78.666
-78.685
-78.648
-78.613
-78.53
-78.433
-78.508
-78.535
-78.538
-78.567
-78.551
-78.496
-78.472
-78.523
-78.52
-78.53
-78.493
-78.577
-78.638
-78.559
-78.567
-78.6
-78.586
-78.647
-78.648
-78.691
-78.654
-78.666
-78.722
-78.698
-78.62
-78.643
-78.708
-78.639
-78.653
-78.541
-78.588
-78.617
-78.623
-78.69
-78.679
-78.731
-78.677
-78.66
-78.685
-78.719
-78.71
-78.814
-78.729
-78.67
-78.656
-78.737
-78.68
-78.665
-78.689
-78.624
-78.66
-78.584
-78.577
-78.492
-78.516
-78.536
-78.474
-78.557
-78.63
-78.594
-78.638
-78.724
-78.761
-78.711
-78.625
-78.624
-78.609
-78.593
-78.522
-78.652
-78.66
-78.746
-78.729
-78.764
-78.769
-78.847
-78.872
-78.879
-78.902
-78.864
-78.757
-78.768
-78.668
-78.772
-78.688
-78.73
-78.752
-78.799
-78.725
-78.655
-78.601
-78.514
-78.524
-78.594
-78.577
-78.515
-78.567
-78.496
-78.498
-78.464
-78.44
-78.352
-78.258
-78.233
-78.223
-78.28
-78.268
-78.309
-78.354
-78.341
-78.233
-78.271
-78.241
-78.237
-78.251
-78.242
-78.346
-78.389
-78.361
-78.431
-78.435
-78.466
-78.437
-78.491
-78.427
-78.497
-78.546
-78.555
-78.552
-78.617
-78.679
-78.632
-78.619
-78.53
-78.503
-78.438
-78.457
-78.322
-78.238
-78.236
-78.214
-78.18
-78.236
-78.22
-78.23
-78.189
-78.225
-78.314
-78.266
-78.289
-78.22
-78.268
-78.223
-78.193
-78.343
-78.333
-78.287
-78.342
-78.369
-78.416
-78.414
-78.409
-78.331
-78.324
-78.275
-78.257
-78.305
-78.36
-78.28
-78.313
-78.338
-78.334
-78.324
-78.387
-78.416
-78.449
-78.346
-78.373
-78.405
-78.363
-78.397
-78.389
-78.42
-78.427
-78.482
-78.552
-78.53
-78.536
-78.515
-78.602
-78.571
-78.599
-78.638
-78.646
-78.638
-78.596
-78.608
-78.645
-78.623
-78.554
-78.575
-78.516
-78.54
-78.453
-78.452
-78.496
-78.492
-78.498
-78.501
-78.496
-78.458
-78.424
-78.446
-78.456
-78.417
-78.454
-78.405
-78.477
-78.401
-78.457
-78.556
-78.573
-78.545
-78.505
-78.515
-78.53
-78.551
-78.591
-78.633
-78.856
-78.884
-78.863
-78.881
-78.899
-78.884
-78.987
-78.994
-79.12
-79.034
-79.061
-79.057
-79.126
-79.15
-79.209
-79.189
-79.087
-79.123
-79.258
-79.271
-79.203
-79.142
-79.117
-79.205
-79.189
-79.108
-79.159
-79.097
-79.075
-78.986
-78.928
-78.929
-78.912
-78.927
-78.996
-78.975
-79.059
-79.069
-79.066
-79.124
-79.022
-79.042
-79.11
-79.125
-79.125
-79.06
-79.079
-79.1
-79.131
-79.12
-79.088
-79.107
-79.065
-79.027
-79.053
-79.027
-79.018
-79.026
-78.97
-78.949
-78.945
-78.933
-78.949
-78.955
-78.932
-79.012
-79.041
-78.991
-78.978
-78.9
-78.874
-78.787
-78.753
-78.751
-78.722
-78.726
-78.686
-78.791
-78.758
-78.817
-78.801
-78.774
-78.707
-78.668
-78.612
-78.55
-78.458
-78.397
-78.25
-78.108
-78.107
-78.087
-78.061
-78.068
-77.961
-77.902
-77.873
-77.774
-77.745
-77.65
-77.572
-77.562
-77.439
-77.508
-77.57
-77.462
-77.431
-77.469
-77.52
-77.501
-77.633
-77.553
-77.488
-77.386
-77.335
-77.281
-77.257
-77.248
-77.172
-77.075
-77.049
-77.114
-77.054
-77.032
-76.955
-76.899
-76.834
-76.76
-76.76
-76.625
-76.542
-76.574
-76.563
-76.527
-76.389
-76.285
-76.268
-76.084
-76.034
-75.974
-75.993
-75.966
-75.938
-75.88
-75.919
-75.869
-75.834
-75.896
-75.84
-75.815
-75.76
-75.782
-75.706
-75.661
-75.589
-75.513
-75.519
-75.478
-75.489
-75.462
-75.445
-75.515
-75.497
-75.459
-75.431
-75.437
-75.429
-75.441
-75.399
-75.346
-75.353
-75.331
-75.259
-75.169
-75.16
-75.122
-75.159
-75.17
-75.202
-75.237
-75.169
-75.093
-75.047
-74.964
-74.92
-74.929
-74.88
-74.859
-74.865
-74.799
-74.732
-74.727
-74.756
-74.795
-74.741
-74.793
-74.815
-74.749
-74.619
-74.572
-74.657
-74.578
-74.506
-74.542
-74.501
-74.42
-74.427
-74.431
-74.358
-74.317
-74.334
-74.358
-74.318
-74.353
-74.316
-74.302
-74.249
-74.167
-74.116
-74.094
-74.055
-74.06
-74.091
-74.064
-74.035
-74.022
-74.033
-74.02
-73.872
-73.774
-73.709
-73.626
-73.535
-73.537
-73.478
-73.508
-73.519
-73.479
-73.483
-73.469
-73.547
-73.58
-73.548
-73.51
-73.421
-73.465
-73.471
-73.498
-73.492
-73.504
-73.475
-73.439
-73.345
-73.365
-73.273
-73.196
-73.18
-73.162
-73.196
-73.277
-73.241
-73.282
-73.311
-73.298
-73.251
-73.259
-73.3
-73.258
-73.158
-73.137
-73.139
-73.016
-73.031
-72.936
-72.921
-72.895
-72.87
-72.798
-72.681
-72.661
-72.649
-72.656
-72.635
-72.613
-72.55
-72.57
-72.462
-72.493
-72.436
-72.398
-72.329
-72.334
-72.338
-72.294
-72.237
-72.252
-72.328
-72.26
-72.192
-72.216
-72.252
-72.27
-72.268
-72.228
-72.247
-72.281
-72.229
-72.096
-72.093
-72.072
-72.036
-72.104
-72.124
-72.09
-72.189
-72.231
-72.245
-72.282
-72.246
-72.234
-72.277
-72.35
-72.356
-72.315
-72.353
-72.418
-72.416
-72.317
-72.286
-72.267
-72.259
-72.23
-72.294
-72.253
-72.2
-72.224
-72.139
-72.099
-72.054
-72.041
-72.067
-72.035
-71.974
-71.94
-71.814
-71.82
-71.793
-71.757
-71.823
-71.784
-71.768
-71.723
-71.801
-71.805
-71.732
-71.721
-71.699
-71.731
-71.736
-71.674
-71.605
-71.646
-71.735
-71.734
-71.729
-71.767
-71.798
-71.831
-71.847
-71.733
-71.668
-71.712
-71.693
-71.705
-71.681
-71.624
-71.595
-71.583
-71.642
-71.535
-71.575
-71.553
-71.502
-71.532
-71.53
-71.566
-71.545
-71.459
-71.576
-71.606
-71.556
-71.562
-71.529
-71.537
-71.468
-71.455
-71.403
-71.363
-71.308
-71.342
-71.308
-71.353
-71.281
-71.238
-71.277
-71.269
-71.196
-71.22
-71.13
-71.126
-71.136
-71.178
-71.159
-71.286
-71.311
-71.324
-71.273
-71.173
-71.242
-71.284
-71.336
-71.342
-71.264
-71.256
-71.192
-71.159
-71.16
-71.106
-71.199
-71.08
-71.052
-70.986
-71.002
-71.039
-71.061
-71.001
-70.955
-70.989
-71.023
-70.99
-70.993
-70.953
-70.938
-70.973
-71.01
-71.043
-71.044
-70.963
-70.951
-70.956
-70.931
-71.003
-70.965
-70.903
-70.965
-70.967
-70.868
-70.928
-70.964
-70.906
-70.801
-70.794
-70.768
-70.762
-70.817
-70.775
-70.791
-70.823
-70.798
-70.74
-70.791
-70.709
-70.619
-70.647
-70.732
-70.698
-70.783
-70.791
-70.845
-70.887
-70.858
-70.802
-70.72
-70.933
-70.938
-70.891
-70.801
-70.82
-70.846
-70.85
-70.925
-70.804
-70.783
-70.72
-70.65
-70.613
-70.486
-70.542
-70.506
-70.499
-70.542
-70.624
-70.627
-70.584
-70.527
-70.611
-70.611
-70.669
-70.696
-70.66
-70.781
-70.717
-70.671
-70.737
-70.707
-70.657
-70.625
-70.599
-70.572
-70.509
-70.472
-70.418
-70.365
-70.357
-70.276
-70.289
-70.31
-70.278
-70.288
-70.314
-70.235
-70.249
-70.228
-70.2
-70.17
-70.141
-70.138
-70.098
-70.209
-70.261
-70.293
-70.298
-70.305
-70.306
-70.343
-70.344
-70.28
-70.222
-70.204
-70.257
-70.212
-70.183
-70.106
-70.151
-70.106
-70.049
-70.018
-70.031
-70.003
-70.039
-69.956
-69.909
-69.874
-69.904
-69.916
-70.011
-70.124
-70.033
-69.976
-70.035
-70.042
-70.1
-70.133
-70.117
-70.05
-70.053
-70.085
-70.065
-70.167
-70.311
-70.306
-70.244
-70.265
-70.289
-70.241
-70.215
-70.208
-70.194
-70.159
-70.166
-70.089
-70.088
-70.152
-70.085
-70.057
-70.046
-70.073
-69.993
-70.048
-70.009
-69.869
-69.781
-69.768
-69.824
-69.873
-69.833
-69.851
-69.815
-69.855
-69.832
-69.778
-69.804
-69.753
-69.729
-69.722
-69.736
-69.722
-69.781
-69.841
-69.833
-69.702
-69.718
-69.727
-69.758
-69.737
-69.656
-69.64
-69.673
-69.693
-69.678
-69.696
-69.726
-69.678
-69.706
-69.703
-69.746
-69.771
-69.728
-69.658
-69.668
-69.672
-69.668
-69.708
-69.671
-69.666
-69.638
-69.646
-69.584
-69.629
-69.618
-69.644
-69.62
-69.638
-69.605
-69.629
-69.671
-69.698
-69.749
-69.731
-69.751
-69.735
-69.714
-69.76
-69.783
-69.817
-69.766
-69.8
-69.887
-69.977
-70.002
-69.962
-69.929
-69.898
-69.971
-69.969
-70.074
-70.061
-70.146
-70.205
-70.19
-70.212
-70.145
-70.177
-70.175
-70.217
-70.267
-70.246
-70.26
-70.254
-70.227
-70.253
-70.169
-70.146
-70.171
-70.112
-70.067
-70.131
-70.175
-70.176
-70.196
-70.266
-70.246
-70.316
-70.281
-70.179
-70.234
-70.288
-70.285
-70.317
-70.314
-70.281
-70.306
-70.229
-70.228
-70.208
-70.215
-70.239
-70.224
-70.242
-70.26
-70.2
-70.108
-70.102
-70.16
-70.144
-70.199
-70.236
-70.244
-70.339
-70.361
-70.308
-70.356
-70.355
-70.452
-70.468
-70.432
-70.423
-70.435
-70.491
-70.487
-70.498
-70.544
-70.558
-70.582
-70.46
-70.459
-70.512
-70.605
-70.543
-70.609
-70.605
-70.621
-70.62
-70.664
-70.64
-70.69
-70.723
-70.757
-70.815
-70.903
-70.945
-70.921
-70.959
-71.019
-71.064
-71.015
-71.073
-71.103
-71.062
-71.083
-71.111
-71.136
-71.182
-71.173
-71.162
-71.215
-71.198
-71.153
-71.206
-71.209
-71.243
-71.213
-71.248
-71.312
-71.312
-71.357
-71.317
-71.24
-71.249
-71.262
-71.24
-71.228
-71.208
-71.203
-71.208
-71.307
-71.277
-71.291
-71.343
-71.361
-71.311
-71.212
-71.246
-71.194
-71.219
-71.213
-71.232
-71.174
-71.24
-71.203
-71.152
-71.228
-71.221
-71.26
-71.243
-71.256
-71.265
-71.189
-71.148
-71.194
-71.192
-71.135
-71.221
-71.233
-71.325
-71.293
-71.283
-71.342
-71.26
-71.381
-71.398
-71.463
-71.417
-71.444
-71.429
-71.44
-71.389
-71.385
-71.411
-71.351
-71.314
-71.277
-71.308
-71.325
-71.336
-71.288
-71.262
-71.296
-71.215
-71.122
-71.081
-71.105
-71.127
-71.157
-71.024
-70.941
-70.93
-70.972
-70.977
-70.942
-70.977
-70.942
-70.884
-70.901
-70.945
-70.958
-71.01
-71.006
-70.891
-70.944
-70.946
-71.006
-70.99
-70.971
-70.864
-70.909
-70.834
-70.842
-70.901
-70.926
-70.98
-71.007
-70.973
-70.94
-70.874
-70.83
-70.838
-70.845
-70.858
-70.763
-70.685
-70.738
-70.787
-70.778
-70.797
-70.815
-70.837
-70.818
-70.802
-70.794
-70.904
-71.004
-70.932
-70.982
-70.958
-70.903
-70.865
-70.933
-70.965
-71.043
-70.998
-70.98
-70.956
-70.936
-70.832
-70.87
-70.913
-70.943
-70.954
-70.968
-70.87
-70.82
-70.781
-70.782
-70.83
-70.855
-70.708
-70.7
-70.693
-70.648
-70.602
-70.652
-70.568
-70.531
-70.571
-70.538
-70.531
-70.569
-70.516
-70.549
-70.609
-70.574
-70.562
-70.598
-70.626
-70.637
-70.659
-70.536
-70.568
-70.68
-70.729
-70.669
-70.724
-70.778
-70.85
-70.793
-70.866
-70.855
-70.863
-70.831
-70.825
-70.846
-70.854
-70.784
-70.694
-70.716
-70.695
-70.671
-70.691
-70.711
-70.712
-70.676
-70.715
-70.757
-70.746
-70.777
-70.724
-70.685
-70.63
-70.731
-70.648
-70.649
-70.672
-70.708
-70.665
-70.701
-70.779
-70.816
-70.862
-70.832
-70.884
-70.919
-70.91
-70.944
-70.883
-70.933
-70.927
-70.825
-70.827
-70.895
-70.863
-70.824
-70.815
-70.835
-70.814
-70.942
-70.938
-70.923
-70.999
-71.054
-71.03
-70.973
-70.875
-70.948
-70.924
-70.91
-70.814
-70.815
-70.818
-70.844
-70.827
-70.762
-70.647
-70.551
-70.548
-70.523
-70.572
-70.514
-70.521
-70.559
-70.509
-70.597
-70.58
-70.587
-70.56
-70.487
-70.432
-70.524
-70.569
-70.582
-70.536
-70.452
-70.53
-70.454
-70.418
-70.521
-70.45
-70.472
-70.459
-70.49
-70.566
-70.603
-70.546
-70.555
-70.442
-70.537
-70.521
-70.595
-70.544
-70.556
-70.587
-70.64
-70.596
-70.622
-70.583
-70.592
-70.604
-70.7
-70.703
-70.597
-70.664
-70.701
-70.664
-70.656
-70.638
-70.609
-70.613
-70.632
-70.677
-70.66
-70.678
-70.629
-70.582
-70.499
-70.6
-70.587
-70.588
-70.549
-70.515
-70.437
-70.399
-70.422
-70.442
-70.461
-70.563
-70.54
-70.493
-70.531
-70.538
-70.618
-70.633
-70.596
-70.65
-70.679
-70.621
-70.639
-70.653
-70.64
-70.717
-70.636
-70.604
-70.531
-70.581
-70.583
-70.626
-70.547
-70.615
-70.589
-70.618
-70.619
-70.658
-70.733
-70.726
-70.706
-70.617
-70.641
-70.714
-70.727
-70.727
-70.701
-70.749
-70.693
-70.65
-70.606
-70.605
-70.712
-70.745
-70.83
-70.799
-70.783
-70.762
-70.691
-70.651
-70.625
-70.573
-70.58
-70.62
-70.575
-70.554
-70.537
-70.603
-70.574
-70.622
-70.651
-70.646
-70.589
-70.595
-70.617
-70.626
-70.634
-70.669
-70.65
-70.732
-70.691
-70.674
-70.651
-70.646
-70.713
-70.693
-70.619
-70.592
-70.56
-70.571
-70.64
-70.726
-70.619
-70.715
-70.845
-70.86
-70.914
-70.928
-70.918
-70.95
-70.955
-71.065
-71.113
-71.072
-70.991
-70.968
-70.958
-70.927
-70.935
-70.915
-70.956
-70.88
-70.953
-70.904
-70.831
-70.828
-70.852
-70.783
-70.739
-70.707
-70.646
-70.72
-70.786
-70.747
-70.715
-70.783
-70.852
-70.841
-70.921
-70.866
-70.812
-70.788
-70.711
-70.717
-70.745
-70.764
-70.767
-70.826
-70.893
-70.969
-70.902
-70.997
-70.941
-70.946
-70.894
-70.963
-70.97
-70.904
-70.903
-70.954
-70.951
-70.946
-70.919
-70.854
-70.839
-70.883
-70.964
-70.959
-70.923
-70.94
-70.854
-70.816
-70.869
-70.835
-70.898
-70.945
-70.94
-70.794
-70.775
-70.824
-70.722
-70.748
-70.812
-70.906
-70.883
-70.88
-70.817
-70.837
-70.952
-70.945
-70.857
-70.931
-70.922
-70.99
-71.022
-70.983
-71.002
-71.012
-71.024
-71.014
-71.129
-71.141
-71.15
-71.217
-71.122
-71.112
-71.087
-71.204
-71.184
-71.183
-71.333
-71.33
-71.322
-71.369
-71.34
-71.404
-71.401
-71.404
-71.462
-71.533
-71.558
-71.474
-71.456
-71.464
-71.401
-71.46
-71.483
-71.443
-71.465
-71.477
-71.526
-71.475
-71.524
-71.497
-71.551
-71.608
-71.627
-71.527
-71.516
-71.505
-71.501
-71.519
-71.509
-71.487
-71.567
-71.66
-71.539
-71.485
-71.424
-71.434
-71.441
-71.452
-71.427
-71.341
-71.34
-71.346
-71.404
-71.345
-71.3
-71.377
-71.308
-71.274
-71.196
-71.214
-71.127
-71.025
-71.061
-71.081
-71.137
-71.052
-71.048
-71.011
-71.018
-71.018
-71.006
-70.988
-70.924
-70.972
-70.947
-70.973
-70.959
-70.931
-71.073
-71.064
-70.992
-71.071
-71.044
-71.044
-71.148
-71.099
-71.111
-71.12
-71.109
-71.231
-71.329
-71.288
-71.3
-71.233
-71.307
-71.32
-71.303
-71.279
-71.269
-71.317
-71.306
-71.215
-71.253
-71.183
-71.165
-71.148
-71.126
-71.105
-71.033
-71.144
-71.071
-71.031
-70.906
-70.864
-70.913
-70.94
-70.899
-70.996
-71.009
-70.988
-70.966
-70.98
-70.95
-70.917
-70.969
-70.935
-70.924
-70.995
-70.941
-70.955
-70.953
-70.964
-70.983
-71.044
-71.055
-71.117
-71.213
-71.168
-71.138
-71.117
-71.083
-71.087
-71.113
-71.02
-71.023
-71.055
-71.087
-71.066
-71.177
-71.193
-71.257
-71.245
-71.234
-71.258
-71.306
-71.272
-71.272
-71.27
-71.306
-71.344
-71.367
-71.305
-71.368
-71.306
-71.307
-71.373
-71.403
-71.389
-71.416
-71.415
-71.295
-71.355
-71.299
-71.25
-71.292
-71.324
-71.255
-71.251
-71.191
-71.152
-71.191
-71.224
-71.215
-71.193
-71.218
-71.275
-71.242
-71.187
-71.174
-71.119
-71.156
-71.266
-71.32
-71.266
-71.236
-71.35
-71.344
-71.316
-71.357
-71.325
-71.283
-71.229
-71.229
-71.257
-71.177
-71.187
-71.113
-71.063
-70.979
-70.897
-70.907
-70.968
-70.987
-70.94
-70.934
-70.989
-70.984
-71.02
-70.988
-71.007
-71.13
-71.129
-71.04
-71.119
-71.21
-71.146
-71.164
-71.159
-71.179
-71.267
-71.21
-71.237
-71.257
-71.39
-71.341
-71.339
-71.345
-71.324
-71.246
-71.31
-71.333
-71.303
-71.296
-71.321
-71.385
-71.344
-71.231
-71.232
-71.167
-71.234
-71.315
-71.242
-71.232
-71.193
-71.246
-71.276
-71.209
-71.239
-71.254
-71.332
-71.299
-71.305
-71.304
-71.335
-71.278
-71.334
-71.309
-71.329
-71.225
-71.173
-71.163
-71.162
-71.13
-71.113
-71.102
-71.19
-71.155
-71.075
-71.071
-71.062
-71.08
-71.059
-71.143
-71.194
-71.232
-71.241
-71.138
-71.201
-71.153
-71.255
-71.308
-71.316
-71.266
-71.216
-71.138
-71.137
-71.198
-71.191
-71.141
-71.132
-71.074
-71.1
-71.108
-71.08
-71.04
-71.107
-71.071
-71.049
-70.93
-70.878
-70.92
-70.929
-70.979
-70.979
-71.054
-71.181
-71.229
-71.202
-71.225
-71.235
-71.288
-71.339
-71.339
-71.331
-71.354
-71.365
-71.382
-71.411
-71.325
-71.341
-71.325
-71.392
-71.391
-71.461
-71.417
-71.46
-71.492
-71.52
-71.526
-71.513
-71.484
-71.468
-71.508
-71.624
-71.729
-71.679
-71.699
-71.701
-71.683
-71.632
-71.704
-71.66
-71.595
-71.617
-71.591
-71.61
-71.637
-71.646
-71.681
-71.614
-71.682
-71.64
-71.564
-71.547
-71.514
-71.54
-71.593
-71.628
-71.54
-71.6
-71.593
-71.694
-71.723
-71.761
-71.814
-71.779
-71.906
-71.875
-71.913
-71.93
-71.981
-71.94
-71.797
-71.832
-71.826
-71.757
-71.814
-71.734
-71.72
-71.658
-71.63
-71.588
-71.56
-71.478
-71.454
-71.465
-71.429
-71.468
-71.35
-71.339
-71.295
-71.25
-71.285
-71.223
-71.185
-71.236
-71.138
-71.151
-71.119
-71.051
-71.125
-71.124
-71.088
-71.031
-71.031
-70.935
-70.987
-70.981
-70.905
-70.831
-70.775
-70.808
-70.786
-70.748
-70.762
-70.764
-70.706
-70.636
-70.663
-70.655
-70.575
-70.523
-70.58
-70.469
-70.493
-70.395
-70.385
-70.307
-70.265
-70.27
-70.349
-70.423
-70.421
-70.324
-70.327
-70.319
-70.309
-70.291
-70.243
-70.248
-70.263
-70.355
-70.404
-70.333
-70.281
-70.321
-70.381
-70.464
-70.475
-70.493
-70.54
-70.524
-70.543
-70.563
-70.57
-70.606
-70.546
-70.586
-70.579
-70.545
-70.557
-70.442
-70.511
-70.49
-70.514
-70.568
-70.618
-70.629
-70.592
-70.564
-70.672
-70.645
-70.677
-70.62
-70.527
-70.53
-70.545
-70.561
-70.574
-70.6
-70.681
-70.691
-70.716
-70.72
-70.635
-70.646
-70.624
-70.675
-70.624
-70.654
-70.551
-70.556
-70.526
-70.581
-70.645
-70.612
-70.625
-70.656
-70.679
-70.7
-70.763
-70.729
-70.725
-70.661
-70.641
-70.609
-70.693
-70.714
-70.779
-70.82
-70.75
-70.81
-70.876
-70.8
-70.672
-70.677
-70.681
-70.716
-70.732
-70.756
-70.83
-70.86
-70.841
-70.86
-70.804
-70.889
-70.855
-70.956
-70.98
-70.996
-70.89
-70.965
-70.887
-70.883
-70.913
-70.925
-70.924
-70.861
-70.974
-71.004
-70.97
-70.908
-70.902
-70.898
-70.869
-70.913
-70.921
-70.953
-71
-70.956
-70.962
-70.924
-70.848
-70.846
-70.871
-70.86
-70.908
-70.924
-71.009
-71
-70.971
-70.882
-70.891
-70.905
-70.903
-70.96
-71.073
-71.083
-71.01
-71.083
-71.126
-71.131
-71.056
-71.102
-71.109
-71.194
-71.183
-71.137
-71.157
-71.22
-71.274
-71.332
-71.304
-71.242
-71.368
-71.378
-71.365
-71.417
-71.457
-71.393
-71.344
-71.393
-71.407
-71.428
-71.486
-71.485
-71.492
-71.513
-71.48
-71.489
-71.598
-71.635
-71.623
-71.617
-71.613
-71.604
-71.633
-71.621
-71.751
-71.785
-71.772
-71.814
-71.773
-71.745
-71.744
-71.627
-71.65
-71.644
-71.56
-71.57
-71.604
-71.556
-71.573
-71.497
-71.475
-71.454
-71.46
-71.517
-71.579
-71.63
-71.69
-71.703
-71.698
-71.578
-71.58
-71.567
-71.564
-71.56
-71.541
-71.562
-71.652
-71.593
-71.627
-71.678
-71.623
-71.635
-71.715
-71.759
-71.653
-71.68
-71.65
-71.611
-71.687
-71.662
-71.715
-71.749
-71.74
-71.745
-71.696
-71.642
-71.637
-71.62
-71.638
-71.664
-71.642
-71.619
-71.558
-71.483
-71.482
-71.482
-71.387
-71.345
-71.272
-71.351
-71.343
-71.321
-71.365
-71.401
-71.448
-71.434
-71.53
-71.536
-71.56
-71.624
-71.631
-71.629
-71.616
-71.687
-71.636
-71.611
-71.639
-71.688
-71.671
-71.683
-71.675
-71.667
-71.682
-71.566
-71.543
-71.545
-71.565
-71.537
-71.561
-71.561
-71.628
-71.626
-71.75
-71.746
-71.789
-71.77
-71.774
-71.771
-71.77
-71.654
-71.658
-71.648
-71.647
-71.634
-71.641
-71.63
-71.574
-71.666
-71.699
-71.674
-71.752
-71.772
-71.796
-71.824
-71.824
-71.747
-71.718
-71.802
-71.683
-71.746
-71.71
-71.648
-71.643
-71.591
-71.561
-71.568
-71.584
-71.549
-71.582
-71.487
-71.565
-71.528
-71.587
-71.565
-71.61
-71.633
-71.646
-71.516
-71.561
-71.516
-71.479
-71.402
-71.379
-71.301
-71.285
-71.277
-71.179
-71.207
-71.178
-71.258
-71.279
-71.316
-71.373
-71.358
-71.319
-71.318
-71.277
-71.252
-71.311
-71.299
-71.356
-71.285
-71.279
-71.309
-71.226
-71.219
-71.231
-71.191
-71.217
-71.267
-71.25
-71.249
-71.255
-71.219
-71.21
-71.148
-71.131
-71.232
-71.177
-71.166
-71.127
-71.136
-71.058
-71.065
-71.123
-71.004
-71.082
-71.087
-71.058
-71.062
-70.983
-70.872
-70.88
-70.833
-70.78
-70.768
-70.849
-70.779
-70.735
-70.715
-70.697
-70.626
-70.54
-70.585
-70.509
-70.532
-70.489
-70.515
-70.47
-70.437
-70.366
-70.369
-70.395
-70.445
-70.351
-70.385
-70.398
-70.35
-70.429
-70.348
-70.274
-70.248
-70.251
-70.219
-70.249
-70.323
-70.385
-70.408
-70.37
-70.377
-70.408
-70.4
-70.383
-70.432
-70.484
-70.391
-70.425
-70.404
-70.372
-70.333
-70.363
-70.373
-70.371
-70.382
-70.353
-70.423
-70.495
-70.5
-70.44
-70.434
-70.508
-70.597
-70.619
-70.686
-70.671
-70.665
-70.761
-70.777
-70.799
-70.726
-70.695
-70.726
-70.788
-70.79
-70.805
-70.757
-70.826
-70.85
-70.938
-70.886
-70.852
-70.842
-70.943
-70.99
-71.042
-71.181
-71.126
-71.209
-71.203
-71.256
-71.289
-71.301
-71.28
-71.249
-71.303
-71.234
-71.208
-71.146
-71.139
-71.066
-70.97
-71.007
-71.026
-71.017
-71.062
-71.018
-71.039
-71.028
-71.071
-71.116
-70.95
-70.968
-71.006
-70.978
-70.935
-70.975
-70.957
-70.972
-70.929
-70.995
-71.008
-71.07
-71.188
-71.201
-71.264
-71.247
-71.225
-71.268
-71.301
-71.409
-71.477
-71.519
-71.493
-71.469
-71.535
-71.551
-71.437
-71.417
-71.502
-71.461
-71.442
-71.509
-71.533
-71.434
-71.477
-71.506
-71.503
-71.547
-71.517
-71.493
-71.498
-71.462
-71.543
-71.415
-71.411
-71.5
-71.491
-71.443
-71.486
-71.537
-71.5
-71.638
-71.678
-71.638
-71.715
-71.696
-71.613
-71.606
-71.703
-71.665
-71.631
-71.577
-71.531
-71.516
-71.554
-71.676
-71.633
-71.647
-71.656
-71.545
-71.599
-71.632
-71.648
-71.628
-71.642
-71.587
-71.478
-71.454
-71.489
-71.456
-71.493
-71.516
-71.507
-71.474
-71.448
-71.453
-71.514
-71.527
-71.466
-71.533
-71.533
-71.576
-71.565
-71.588
-71.519
-71.534
-71.544
-71.611
-71.54
-71.556
-71.578
-71.579
-71.528
-71.454
-71.325
-71.271
-71.314
-71.349
-71.352
-71.342
-71.294
-71.276
-71.221
-71.176
-71.221
-71.258
-71.192
-71.227
-71.28
-71.188
-71.181
-71.161
-71.212
-71.231
-71.266
-71.244
-71.217
-71.17
-71.255
-71.276
-71.251
-71.229
-71.196
-71.274
-71.3
-71.342
-71.349
-71.309
-71.275
-71.249
-71.161
-71.067
-71.075
-71.087
-71.244
-71.271
-71.307
-71.296
-71.273
-71.413
-71.364
-71.404
-71.43
-71.475
-71.489
-71.478
-71.516
-71.469
-71.501
-71.526
-71.531
-71.557
-71.606
-71.548
-71.625
-71.645
-71.586
-71.567
-71.527
-71.464
-71.44
-71.553
-71.586
-71.704
-71.696
-71.66
-71.715
-71.656
-71.7
-71.695
-71.654
-71.686
-71.691
-71.681
-71.666
-71.656
-71.629
-71.702
-71.697
-71.637
-71.635
-71.615
-71.599
-71.547
-71.594
-71.628
-71.682
-71.744
-71.707
-71.737
-71.703
-71.646
-71.615
-71.624
-71.639
-71.711
-71.602
-71.606
-71.684
-71.814
-71.83
-71.78
-71.747
-71.763
-71.776
-71.807
-71.825
-71.859
-71.841
-71.795
-71.818
-71.831
-71.767
-71.784
-71.777
-71.788
-71.756
-71.755
-71.732
-71.708
-71.789
-71.767
-71.895
-71.907
-71.934
-71.926
-71.915
-71.938
-71.902
-71.849
-71.804
-71.763
-71.769
-71.823
-71.868
-71.792
-71.753
-71.687
-71.673
-71.584
-71.63
-71.626
-71.633
-71.522
-71.58
-71.581
-71.555
-71.518
-71.518
-71.541
-71.512
-71.449
-71.37
-71.348
-71.386
-71.304
-71.253
-71.221
-71.221
-71.24
-71.184
-71.072
-70.98
-71.048
-71.118
-71.106
-71.097
-71.25
-71.209
-71.259
-71.236
-71.223
-71.276
-71.275
-71.228
-71.232
-71.313
-71.285
-71.267
-71.223
-71.136
-71.16
-71.128
-71.133
-71.183
-71.154
-71.087
-70.979
-70.862
-70.851
-70.81
-70.839
-70.851
-70.874
-70.9
-70.889
-70.805
-70.799
-70.764
-70.821
-70.75
-70.788
-70.827
-70.771
-70.764
-70.718
-70.723
-70.667
-70.705
-70.631
-70.562
-70.572
-70.702
-70.686
-70.637
-70.635
-70.647
-70.703
-70.675
-70.703
-70.7
-70.846
-70.75
-70.776
-70.744
-70.728
-70.629
-70.637
-70.621
-70.658
-70.636
-70.685
-70.55
-70.466
-70.48
-70.519
-70.583
-70.63
-70.588
-70.606
-70.573
-70.527
-70.504
-70.412
-70.336
-70.377
-70.349
-70.41
-70.324
-70.257
-70.266
-70.154
-70.12
-70.127
-70.086
-70.045
-69.991
-69.93
-69.942
-69.908
-69.904
-69.891
-69.791
-69.702
-69.727
-69.691
-69.68
-69.613
-69.645
-69.618
-69.599
-69.655
-69.638
-69.591
-69.557
-69.565
-69.626
-69.672
-69.69
-69.704
-69.707
-69.637
-69.649
-69.633
-69.672
-69.662
-69.63
-69.648
-69.637
-69.649
-69.623
-69.585
-69.655
-69.683
-69.676
-69.573
-69.594
-69.594
-69.556
-69.561
-69.602
-69.659
-69.592
-69.629
-69.626
-69.626
-69.65
-69.725
-69.811
-69.843
-69.842
-69.862
-69.937
-69.897
-69.867
-69.818
-69.813
-69.711
-69.72
-69.744
-69.816
-69.767
-69.668
-69.576
-69.517
-69.512
-69.535
-69.436
-69.465
-69.515
-69.54
-69.607
-69.574
-69.663
-69.664
-69.71
-69.732
-69.731
-69.837
-69.954
-69.886
-69.896
-69.762
-69.722
-69.658
-69.666
-69.707
-69.627
-69.68
-69.642
-69.529
-69.505
-69.474
-69.494
-69.514
-69.461
-69.513
-69.53
-69.662
-69.644
-69.645
-69.647
-69.586
-69.606
-69.693
-69.692
-69.68
-69.689
-69.633
-69.579
-69.67
-69.638
-69.659
-69.698
-69.807
-69.841
-69.836
-69.842
-69.791
-69.781
-69.797
-69.685
-69.631
-69.745
-69.71
-69.719
-69.664
-69.633
-69.676
-69.658
-69.58
-69.565
-69.549
-69.519
-69.53
-69.521
-69.451
-69.417
-69.395
-69.375
-69.338
-69.38
-69.412
-69.345
-69.288
-69.27
-69.322
-69.383
-69.327
-69.336
-69.295
-69.26
-69.208
-69.23
-69.24
-69.217
-69.22
-69.351
-69.411
-69.376
-69.365
-69.275
-69.286
-69.267
-69.228
-69.251
-69.165
-69.214
-69.235
-69.202
-69.163
-69.177
-69.163
-69.089
-69.081
-69.116
-69.031
-68.91
-68.874
-68.774
-68.832
-68.879
-68.922
-68.99
-68.948
-68.961
-69.037
-69.035
-68.962
-69.016
-69.043
-69.015
-69.024
-69.071
-69.156
-69.085
-69.029
-69.084
-69.072
-69.004
-69.058
-69.054
-68.965
-69
-69.041
-69.095
-69.139
-69.197
-69.199
-69.162
-69.236
-69.277
-69.174
-69.156
-69.13
-69.175
-69.105
-69.108
-69.087
-69.143
-69.118
-69.117
-69.171
-69.207
-69.172
-69.167
-69.209
-69.201
-69.189
-69.196
-69.171
-69.145
-69.081
-69.098
-69.07
-69.052
-69.118
-69.09
-69.084
-68.979
-68.874
-68.928
-68.928
-68.906
-68.907
-68.929
-68.852
-68.797
-68.855
-68.738
-68.826
-68.871
-68.863
-68.768
-68.824
-68.73
-68.756
-68.682
-68.576
-68.59
-68.43
-68.44
-68.435
-68.479
-68.432
-68.502
-68.495
-68.466
-68.391
-68.409
-68.499
-68.418
-68.517
-68.554
-68.618
-68.601
-68.581
-68.588
-68.62
-68.641
-68.675
-68.698
-68.664
-68.679
-68.626
-68.695
-68.704
-68.762
-68.76
-68.836
-68.859
-68.913
-68.936
-69.033
-69.096
-69.088
-69.083
-69.03
-69.021
-69.039
-68.988
-68.943
-68.825
-68.779
-68.831
-68.882
-68.906
-68.953
-68.905
-68.954
-69.006
-68.971
-68.992
-68.965
-68.975
-68.992
-68.983
-69.051
-69.049
-69.116
-69.14
-69.165
-69.138
-69.169
-69.226
-69.137
-69.168
-69.251
-69.247
-69.252
-69.268
-69.218
-69.224
-69.169
-69.196
-69.164
-69.185
-69.342
-69.378
-69.388
-69.423
-69.454
-69.473
-69.593
-69.662
-69.579
-69.538
-69.443
-69.428
-69.336
-69.271
-69.191
-69.198
-69.101
-69.137
-69.213
-69.22
-69.215
-69.237
-69.186
-69.248
-69.231
-69.209
-69.193
-69.176
-69.149
-69.124
-69.152
-69.148
-69.164
-69.063
-69.058
-69.09
-69.102
-68.945
-69.001
-68.962
-68.994
-69.018
-69.089
-69.054
-69.052
-69.029
-69.033
-69.212
-69.154
-69.142
-69.226
-69.158
-69.158
-69.09
-69.033
-68.97
-68.882
-68.907
-68.895
-68.858
-68.876
-68.776
-68.817
-68.85
-68.898
-69.028
-69.094
-69.035
-69.036
-69.06
-69.056
-69.186
-69.246
-69.249
-69.25
-69.341
-69.352
-69.4
-69.351
-69.385
-69.39
-69.468
-69.478
-69.513
-69.501
-69.471
-69.447
-69.412
-69.435
-69.438
-69.423
-69.451
-69.383
-69.355
-69.465
-69.486
-69.482
-69.523
-69.495
-69.522
-69.52
-69.5
-69.507
-69.451
-69.528
-69.539
-69.531
-69.485
-69.44
-69.368
-69.454
-69.477
-69.514
-69.487
-69.461
-69.378
-69.293
-69.305
-69.371
-69.319
-69.357
-69.292
-69.238
-69.208
-69.16
-69.22
-69.172
-69.196
-69.217
-69.197
-69.183
-69.135
-69.122
-69.052
-69.074
-69.133
-69.063
-69.077
-69.001
-68.976
-68.937
-68.973
-68.975
-68.923
-68.936
-68.986
-68.988
-69.024
-69.058
-69.055
-69.063
-69.053
-69.076
-68.953
-68.994
-68.954
-69.029
-69.021
-69.048
-69.026
-69.092
-69.106
-69.082
-69.083
-69.111
-68.991
-69.039
-69.072
-69.079
-69.103
-69.111
-69.113
-69.113
-69.141
-69.112
-69.079
-69.081
-69.04
-68.986
-68.959
-68.997
-69.003
-69.076
-69.121
-69.062
-69.077
-69.056
-69.032
-69.06
-69.06
-69.032
-69.018
-69.012
-68.987
-68.923
-68.949
-68.915
-68.862
-68.762
-68.785
-68.77
-68.738
-68.714
-68.762
-68.781
-68.748
-68.716
-68.711
-68.762
-68.726
-68.755
-68.722
-68.784
-68.839
-68.746
-68.79
-68.8
-68.782
-68.767
-68.749
-68.774
-68.672
-68.677
-68.625
-68.56
-68.405
-68.461
-68.4
-68.414
-68.391
-68.419
-68.445
-68.367
-68.36
-68.431
-68.366
-68.359
-68.308
-68.299
-68.28
-68.259
-68.269
-68.235
-68.196
-68.161
-68.081
-68.097
-68.136
-68.084
-68.029
-68.017
-68.021
-68.148
-68.18
-68.242
-68.179
-68.127
-68.133
-68.133
-68.088
-68.085
-68.121
-68.063
-68.166
-68.126
-68.128
-68.082
-68.042
-68.113
-68.13
-68.185
-68.22
-68.128
-68.2
-68.255
-68.298
-68.22
-68.341
-68.318
-68.231
-68.223
-68.157
-68.153
-68.137
-68.065
-68.091
-68.107
-68.096
-68.096
-68.225
-68.187
-68.211
-68.231
-68.21
-68.267
-68.238
-68.234
-68.208
-68.194
-68.081
-68.123
-68.17
-68.069
-68.186
-68.242
-68.294
-68.358
-68.397
-68.372
-68.424
-68.393
-68.437
-68.3
-68.315
-68.39
-68.339
-68.325
-68.357
-68.388
-68.38
-68.391
-68.369
-68.367
-68.343
-68.312
-68.369
-68.408
-68.421
-68.468
-68.446
-68.502
-68.527
-68.55
-68.535
-68.489
-68.435
-68.378
-68.33
-68.249
-68.296
-68.189
-68.267
-68.249
-68.278
-68.365
-68.429
-68.416
-68.433
-68.389
-68.442
-68.51
-68.473
-68.491
-68.441
-68.445
-68.453
-68.46
-68.587
-68.592
-68.583
-68.66
-68.599
-68.684
-68.77
-68.833
-68.947
-68.857
-68.91
-68.963
-68.913
-68.933
-68.914
-68.892
-68.872
-68.833
-68.802
-68.784
-68.767
-68.748
-68.686
-68.649
-68.608
-68.652
-68.645
-68.678
-68.759
-68.806
-68.817
-68.862
-68.895
-68.838
-68.881
-68.811
-68.78
-68.801
-68.767
-68.732
-68.745
-68.734
-68.679
-68.567
-68.614
-68.687
-68.631
-68.591
-68.632
-68.644
-68.693
-68.647
-68.761
-68.728
-68.684
-68.715
-68.697
-68.755
-68.844
-68.771
-68.904
-68.85
-68.822
-68.866
-68.939
-68.994
-69.027
-69.019
-68.983
-69.027
-68.952
-68.925
-68.935
-68.889
-68.985
-68.97
-68.881
-68.847
-68.822
-68.837
-68.768
-68.769
-68.835
-68.814
-68.84
-68.82
-68.803
-68.793
-68.715
-68.688
-68.778
-68.756
-68.796
-68.729
-68.67
-68.686
-68.695
-68.727
-68.79
-68.738
-68.74
-68.739
-68.721
-68.768
-68.72
-68.621
-68.634
-68.641
-68.702
-68.709
-68.741
-68.803
-68.865
-68.822
-68.794
-68.796
-68.838
-68.864
-68.858
-68.887
-68.878
-68.871
-68.922
-68.904
-68.887
-68.771
-68.805
-68.806
-68.907
-68.819
-68.803
-68.709
-68.764
-68.758
-68.826
-68.814
-68.786
-68.833
-68.86
-68.88
-68.934
-68.863
-68.807
-68.833
-68.823
-68.774
-68.822
-68.79
-68.823
-68.868
-68.833
-68.815
-68.895
-68.864
-68.93
-68.948
-68.953
-68.984
-69.007
-69.026
-69.043
-69.072
-69.06
-69.047
-68.989
-69.05
-69.134
-69.257
-69.285
-69.296
-69.201
-69.207
-69.195
-69.14
-69.196
-69.112
-69.117
-69.054
-68.993
-68.938
-68.979
-69.112
-69.113
-69.03
-68.909
-68.933
-68.983
-68.931
-68.905
-68.859
-68.848
-68.845
-68.932
-68.832
-68.781
-68.779
-68.754
-68.729
-68.776
-68.848
-68.866
-68.844
-68.805
-68.805
-68.852
-68.875
-68.827
-68.857
-68.864
-68.77
-68.831
-68.88
-68.852
-68.942
-68.962
-68.988
-68.926
-68.94
-69.016
-69.017
-69.117
-69.08
-69.123
-69.152
-69.184
-69.202
-69.129
-69.043
-69.076
-69.13
-69.169
-69.088
-69.129
-69.139
-69.171
-69.121
-69.09
-69.057
-68.973
-68.933
-68.869
-68.846
-68.859
-68.882
-68.789
-68.828
-68.789
-68.767
-68.749
-68.717
-68.731
-68.753
-68.788
-68.795
-68.785
-68.77
-68.816
-68.793
-68.832
-68.769
-68.784
-68.779
-68.757
-68.809
-68.802
-68.763
-68.766
-68.791
-68.682
-68.642
-68.598
-68.619
-68.521
-68.539
-68.573
-68.581
-68.529
-68.527
-68.559
-68.609
-68.644
-68.65
-68.672
-68.653
-68.688
-68.632
-68.68
-68.672
-68.629
-68.633
-68.725
-68.668
-68.74
-68.78
-68.846
-68.875
-68.963
-68.954
-68.993
-69.059
-69.04
-69.109
-69.069
-69.094
-69.016
-69.107
-69.128
-69.167
-69.229
-69.279
-69.254
-69.215
-69.323
-69.397
-69.424
-69.45
-69.413
-69.438
-69.485
-69.522
-69.624
-69.62
-69.598
-69.573
-69.614
-69.709
-69.64
-69.606
-69.614
-69.535
-69.549
-69.599
-69.622
-69.615
-69.638
-69.603
-69.615
-69.634
-69.637
-69.708
-69.771
-69.697
-69.721
-69.605
-69.631
-69.612
-69.63
-69.63
-69.582
-69.64
-69.619
-69.555
-69.543
-69.437
-69.469
-69.48
-69.488
-69.589
-69.703
-69.714
-69.735
-69.81
-69.873
-69.88
-69.871
-69.777
-69.755
-69.754
-69.784
-69.701
-69.688
-69.717
-69.693
-69.692
-69.722
-69.727
-69.744
-69.765
-69.768
-69.761
-69.719
-69.696
-69.634
-69.67
-69.69
-69.737
-69.755
-69.749
-69.842
-69.881
-69.857
-69.884
-69.912
-69.917
-69.816
-69.667
-69.647
-69.656
-69.639
-69.598
-69.555
-69.531
-69.462
-69.426
-69.487
-69.491
-69.589
-69.583
-69.579
-69.551
-69.587
-69.624
-69.677
-69.667
-69.646
-69.728
-69.69
-69.792
-69.795
-69.803
-69.83
-69.859
-69.992
-70.007
-70.035
-70.046
-70.015
-70.076
-70.079
-69.957
-70
-70.044
-70.049
-70.063
-70.057
-70.059
-70.043
-70.013
-69.982
-69.947
-70.041
-70.09
-70.186
-70.24
-70.201
-70.186
-70.202
-70.222
-70.156
-70.21
-70.147
-70.103
-70.065
-70.051
-69.975
-70
-70.047
-70.121
-70.069
-70.055
-69.987
-69.906
-69.877
-69.942
-69.96
-70.008
-70.032
-70.104
-70.046
-70.072
-70.004
-70.002
-70.013
-69.912
-69.92
-69.954
-69.969
-70.046
-69.983
-70.082
-70.077
-70.096
-70.111
-70.168
-70.182
-70.211
-70.161
-70.083
-70.067
-70.2
-70.11
-70.029
-69.975
-69.964
-69.785
-69.764
-69.774
-69.75
-69.776
-69.738
-69.74
-69.745
-69.75
-69.747
-69.691
-69.709
-69.642
-69.479
-69.429
-69.407
-69.416
-69.387
-69.4
-69.32
-69.295
-69.27
-69.275
-69.191
-69.137
-69.146
-69.181
-69.239
-69.195
-69.191
-69.182
-69.112
-69.153
-69.13
-69.199
-69.169
-69.195
-69.142
-69.147
-69.177
-69.191
-69.196
-69.164
-69.168
-69.146
-69.112
-69.106
-69.108
-69.136
-69.152
-69.035
-69.054
-68.988
-68.912
-68.914
-68.936
-68.947
-68.962
-68.929
-68.888
-68.988
-69.033
-69.123
-69.059
-69.02
-69.001
-69.051
-69.065
-68.989
-69.05
-68.913
-68.944
-68.912
-68.934
-68.917
-68.859
-68.848
-68.781
-68.735
-68.733
-68.785
-68.85
-68.825
-68.835
-68.857
-68.814
-68.782
-68.715
-68.721
-68.722
-68.784
-68.746
-68.743
-68.698
-68.78
-68.774
-68.742
-68.799
-68.79
-68.783
-68.852
-68.76
-68.778
-68.805
-68.79
-68.792
-68.786
-68.718
-68.682
-68.654
-68.579
-68.586
-68.621
-68.619
-68.62
-68.653
-68.697
-68.71
-68.831
-68.796
-68.842
-68.853
-68.788
-68.76
-68.746
-68.796
-68.677
-68.761
-68.775
-68.803
-68.796
-68.755
-68.746
-68.816
-68.72
-68.692
-68.687
-68.659
-68.711
-68.679
-68.743
-68.696
-68.685
-68.638
-68.703
-68.614
-68.711
-68.701
-68.782
-68.823
-68.823
-68.914
-68.905
-68.958
-68.94
-68.847
-68.868
-68.859
-68.768
-68.647
-68.635
-68.547
-68.578
-68.483
-68.44
-68.385
-68.397
-68.289
-68.335
-68.41
-68.447
-68.387
-68.38
-68.392
-68.425
-68.334
-68.355
-68.266
-68.191
-68.241
-68.313
-68.256
-68.246
-68.249
-68.323
-68.345
-68.283
-68.21
-68.182
-68.189
-68.097
-68.147
-68.161
-68.257
-68.37
-68.412
-68.426
-68.573
-68.602
-68.631
-68.572
-68.553
-68.687
-68.674
-68.674
-68.653
-68.713
-68.699
-68.62
-68.668
-68.702
-68.68
-68.702
-68.626
-68.704
-68.7
-68.787
-68.773
-68.733
-68.707
-68.716
-68.748
-68.711
-68.583
-68.562
-68.557
-68.626
-68.716
-68.698
-68.646
-68.689
-68.595
-68.566
-68.66
-68.582
-68.545
-68.6
-68.616
-68.659
-68.7
-68.745
-68.623
-68.617
-68.642
-68.663
-68.71
-68.643
-68.71
-68.705
-68.752
-68.728
-68.682
-68.714
-68.72
-68.685
-68.674
-68.725
-68.696
-68.742
-68.755
-68.884
-68.96
-68.932
-68.89
-68.945
-69.02
-68.909
-68.949
-68.895
-68.879
-68.935
-68.934
-68.958
-68.973
-69.003
-69.001
-68.954
-68.914
-68.873
-68.781
-68.766
-68.735
-68.752
-68.737
-68.804
-68.84
-68.804
-68.809
-68.837
-68.868
-68.853
-68.886
-68.922
-68.903
-68.917
-68.956
-68.933
-68.931
-68.947
-68.989
-69.074
-69.085
-69.091
-69.012
-69.066
-69.098
-69.09
-69.131
-69.072
-69.104
-69.218
-69.18
-69.177
-69.067
-69.069
-69.056
-69.1
-68.995
-68.944
-68.902
-68.915
-68.998
-69.069
-69.059
-68.99
-68.972
-68.995
-68.985
-68.967
-68.949
-68.925
-68.924
-68.92
-68.975
-69.004
-68.971
-69.007
-69.027
-69.021
-68.98
-68.893
-68.965
-68.983
-68.923
-68.894
-68.961
-69.02
-69.025
-69.233
-69.246
-69.218
-69.293
-69.327
-69.381
-69.381
-69.394
-69.367
-69.395
-69.39
-69.375
-69.462
-69.435
-69.435
-69.4
-69.343
-69.339
-69.255
-69.273
-69.268
-69.257
-69.228
-69.198
-69.222
-69.285
-69.323
-69.298
-69.281
-69.277
-69.27
-69.253
-69.274
-69.274
-69.244
-69.173
-69.054
-69.062
-69.134
-69.104
-69.126
-69.006
-69.016
-69.037
-69.035
-68.989
-69.052
-69.112
-69.149
-69.103
-69.073
-69.118
-69.22
-69.315
-69.248
-69.292
-69.33
-69.377
-69.439
-69.531
-69.574
-69.569
-69.507
-69.493
-69.512
-69.511
-69.449
-69.448
-69.466
-69.407
-69.393
-69.405
-69.349
-69.356
-69.387
-69.421
-69.394
-69.413
-69.406
-69.464
-69.448
-69.388
-69.391
-69.388
-69.401
-69.394
-69.457
-69.488
-69.509
-69.422
-69.326
-69.346
-69.262
-69.203
-69.198
-69.181
-69.193
-69.308
-69.232
-69.254
-69.374
-69.491
-69.407
-69.392
-69.42
-69.388
-69.409
-69.328
-69.305
-69.316
-69.317
-69.254
-69.3
-69.314
-69.37
-69.447
-69.469
-69.512
-69.466
-69.453
-69.437
-69.506
-69.499
-69.446
-69.471
-69.491
-69.585
-69.644
-69.544
-69.492
-69.403
-69.392
-69.431
-69.443
-69.467
-69.439
-69.47
-69.429
-69.434
-69.393
-69.36
-69.337
-69.326
-69.345
-69.3
-69.322
-69.285
-69.286
-69.359
-69.307
-69.319
-69.377
-69.381
-69.387
-69.391
-69.414
-69.407
-69.403
-69.425
-69.461
-69.437
-69.369
-69.308
-69.325
-69.371
-69.413
-69.375
-69.408
-69.367
-69.388
-69.46
-69.388
-69.34
-69.24
-69.194
-69.197
-69.234
-69.268
-69.203
-69.122
-69.206
-69.254
-69.197
-69.161
-69.111
-69.149
-69.142
-69.111
-69.077
-68.971
-68.981
-68.894
-68.927
-68.826
-68.814
-68.82
-68.764
-68.75
-68.741
-68.719
-68.716
-68.691
-68.685
-68.689
-68.657
-68.579
-68.531
-68.554
-68.575
-68.572
-68.546
-68.553
-68.525
-68.461
-68.393
-68.348
-68.381
-68.438
-68.479
-68.462
-68.475
-68.486
-68.453
-68.379
-68.497
-68.574
-68.621
-68.668
-68.527
-68.598
-68.715
-68.743
-68.689
-68.774
-68.779
-68.83
-68.837
-68.775
-68.719
-68.689
-68.69
-68.746
-68.741
-68.708
-68.757
-68.746
-68.878
-68.914
-68.859
-68.847
-68.835
-68.858
-68.892
-68.95
-69.012
-68.968
-68.988
-68.887
-68.975
-68.96
-68.886
-68.908
-68.923
-68.938
-68.951
-68.964
-69.045
-68.948
-68.937
-68.936
-68.913
-68.885
-68.929
-68.93
-69.018
-69.123
-69.094
-69.112
-69.017
-69.054
-69.04
-69.015
-68.913
-68.933
-68.952
-68.984
-69.001
-69.01
-69.002
-69.05
-69.024
-68.991
-68.976
-68.852
-68.944
-68.979
-69.057
-69.063
-69.089
-69.005
-69.053
-69.064
-69.02
-69.051
-69.061
-68.951
-68.939
-68.961
-69.052
-68.943
-68.919
-68.903
-68.972
-68.917
-68.974
-68.997
-69.02
-69.025
-69.02
-69.065
-68.971
-69.021
-69.065
-69.011
-69.043
-69.069
-69.086
-69.19
-69.174
-69.186
-69.24
-69.226
-69.115
-69.066
-69.103
-69.082
-69.135
-69.225
-69.177
-69.168
-69.159
-69.262
-69.242
-69.204
-69.159
-69.185
-69.174
-69.016
-69.142
-69.164
-69.188
-69.149
-69.184
-69.239
-69.26
-69.268
-69.267
-69.309
-69.332
-69.403
-69.295
-69.315
-69.159
-69.123
-69.185
-69.216
-69.208
-69.306
-69.264
-69.246
-69.28
-69.234
-69.165
-69.227
-69.316
-69.281
-69.255
-69.321
-69.291
-69.288
-69.463
-69.436
-69.46
-69.396
-69.419
-69.436
-69.429
-69.349
-69.352
-69.35
-69.44
-69.434
-69.38
-69.406
-69.377
-69.414
-69.459
-69.359
-69.399
-69.483
-69.479
-69.52
-69.604
-69.648
-69.668
-69.68
-69.621
-69.659
-69.599
-69.615
-69.54
-69.58
-69.612
-69.545
-69.543
-69.502
-69.533
-69.561
-69.526
-69.52
-69.5
-69.53
-69.541
-69.496
-69.49
-69.556
-69.546
-69.574
-69.534
-69.563
-69.573
-69.545
-69.555
-69.583
-69.604
-69.699
-69.623
-69.609
-69.676
-69.651
-69.591
-69.593
-69.635
-69.663
-69.656
-69.62
-69.651
-69.628
-69.682
-69.702
-69.672
-69.687
-69.6
-69.524
-69.574
-69.619
-69.538
-69.424
-69.413
-69.303
-69.297
-69.323
-69.345
-69.312
-69.3
-69.32
-69.277
-69.242
-69.344
-69.319
-69.302
-69.365
-69.303
-69.315
-69.346
-69.437
-69.445
-69.456
-69.514
-69.549
-69.497
-69.38
-69.446
-69.531
-69.554
-69.494
-69.463
-69.472
-69.386
-69.383
-69.373
-69.371
-69.432
-69.354
-69.349
-69.406
-69.464
-69.354
-69.32
-69.334
-69.377
-69.355
-69.388
-69.444
-69.362
-69.371
-69.298
-69.265
-69.195
-69.13
-69.234
-69.236
-69.118
-69.091
-69.023
-69
-68.973
-68.929
-68.936
-68.94
-68.87
-68.933
-68.921
-68.87
-68.805
-68.82
-68.823
-68.877
-68.882
-68.983
-69.012
-68.984
-69.061
-69.024
-69.042
-69.08
-69.036
-69.076
-69.068
-69.029
-69.033
-69.102
-69.167
-69.231
-69.245
-69.222
-69.246
-69.238
-69.214
-69.232
-69.187
-69.234
-69.242
-69.171
-69.251
-69.321
-69.358
-69.346
-69.313
-69.296
-69.331
-69.401
-69.476
-69.435
-69.436
-69.387
-69.417
-69.391
-69.414
-69.324
-69.24
-69.331
-69.349
-69.273
-69.174
-69.223
-69.355
-69.355
-69.309
-69.32
-69.369
-69.397
-69.36
-69.369
-69.394
-69.42
-69.447
-69.406
-69.355
-69.364
-69.372
-69.398
-69.438
-69.49
-69.437
-69.366
-69.356
-69.401
-69.396
-69.398
-69.42
-69.392
-69.361
-69.387
-69.433
-69.448
-69.382
-69.358
-69.42
-69.368
-69.328
-69.386
-69.382
-69.349
-69.283
-69.295
-69.259
-69.319
-69.287
-69.292
-69.287
-69.256
-69.276
-69.263
-69.282
-69.276
-69.234
-69.24
-69.148
-69.205
-69.218
-69.192
-69.215
-69.222
-69.303
-69.282
-69.296
-69.276
-69.285
-69.328
-69.387
-69.468
-69.415
-69.309
-69.291
-69.305
-69.298
-69.351
-69.401
-69.399
-69.5
-69.502
-69.542
-69.604
-69.61
-69.615
-69.597
-69.582
-69.577
-69.566
-69.622
-69.616
-69.635
-69.595
-69.566
-69.613
-69.577
-69.587
-69.56
-69.579
-69.585
-69.595
-69.626
-69.608
-69.629
-69.695
-69.647
-69.583
-69.563
-69.602
-69.737
-69.692
-69.657
-69.652
-69.56
-69.641
-69.669
-69.661
-69.655
-69.722
-69.693
-69.67
-69.693
-69.619
-69.451
-69.4
-69.404
-69.45
-69.398
-69.36
-69.337
-69.374
-69.396
-69.357
-69.372
-69.302
-69.381
-69.382
-69.359
-69.426
-69.467
-69.546
-69.481
-69.532
-69.517
-69.563
-69.532
-69.542
-69.66
-69.575
-69.559
-69.545
-69.51
-69.548
-69.552
-69.443
-69.453
-69.419
-69.391
-69.415
-69.446
-69.472
-69.484
-69.474
-69.543
-69.545
-69.499
-69.583
-69.604
-69.667
-69.645
-69.605
-69.596
-69.559
-69.665
-69.728
-69.731
-69.757
-69.78
-69.822
-69.833
-69.842
-69.828
-69.9
-69.947
-69.943
-70.056
-70.03
-69.99
-69.927
-69.962
-70.027
-69.942
-69.85
-69.789
-69.808
-69.726
-69.711
-69.57
-69.483
-69.546
-69.503
-69.565
-69.53
-69.494
-69.495
-69.557
-69.626
-69.607
-69.638
-69.643
-69.639
-69.659
-69.708
-69.593
-69.51
-69.541
-69.531
-69.603
-69.489
-69.482
-69.485
-69.487
-69.535
-69.454
-69.362
-69.263
-69.292
-69.282
-69.258
-69.198
-69.307
-69.355
-69.377
-69.35
-69.304
-69.296
-69.339
-69.337
-69.337
-69.309
-69.324
-69.295
-69.252
-69.247
-69.282
-69.311
-69.376
-69.434
-69.403
-69.433
-69.419
-69.323
-69.292
-69.3
-69.219
-69.09
-69.077
-69.063
-69.173
-69.163
-69.115
-69.251
-69.21
-69.205
-69.204
-69.26
-69.265
-69.374
-69.372
-69.396
-69.441
-69.425
-69.47
-69.453
-69.438
-69.373
-69.445
-69.462
-69.531
-69.515
-69.494
-69.514
-69.467
-69.491
-69.528
-69.557
-69.558
-69.6
-69.591
-69.583
-69.605
-69.598
-69.701
-69.645
-69.599
-69.567
-69.585
-69.569
-69.569
-69.542
-69.525
-69.489
-69.514
-69.507
-69.543
-69.529
-69.495
-69.429
-69.447
-69.486
-69.356
-69.371
-69.244
-69.242
-69.17
-69.233
-69.16
-69.171
-69.255
-69.172
-69.189
-69.206
-69.292
-69.264
-69.331
-69.389
-69.352
-69.403
-69.439
-69.408
-69.356
-69.304
-69.266
-69.194
-69.186
-69.23
-69.157
-69.105
-69.086
-69.118
-69.154
-69.213
-69.145
-69.181
-69.118
-69.103
-68.979
-68.995
-68.971
-69.016
-68.994
-68.962
-69.052
-68.954
-68.866
-68.867
-68.866
-68.817
-68.884
-68.935
-68.984
-68.995
-68.927
-68.92
-69.023
-69.104
-69.183
-69.179
-69.117
-69.144
-69.088
-69.089
-69.085
-69.203
-69.256
-69.261
-69.258
-69.332
-69.401
-69.336
-69.349
-69.358
-69.31
-69.386
-69.426
-69.476
-69.346
-69.374
-69.244
-69.219
-69.295
-69.34
-69.372
-69.375
-69.431
-69.462
-69.427
-69.504
-69.524
-69.551
-69.594
-69.638
-69.648
-69.638
-69.606
-69.663
-69.728
-69.652
-69.634
-69.611
-69.63
-69.675
-69.672
-69.658
-69.641
-69.598
-69.672
-69.66
-69.615
-69.532
-69.539
-69.572
-69.588
-69.556
-69.588
-69.675
-69.644
-69.646
-69.667
-69.67
-69.658
-69.779
-69.816
-69.858
-69.783
-69.773
-69.773
-69.767
-69.803
-69.817
-69.843
-69.916
-69.903
-69.991
-69.895
-69.912
-69.929
-69.891
-69.748
-69.801
-69.795
-69.746
-69.674
-69.706
-69.838
-69.85
-69.816
-69.877
-69.959
-69.93
-69.991
-70.046
-69.984
-69.964
-69.899
-69.885
-69.904
-69.821
-69.806
-69.937
-69.985
-69.96
-69.968
-69.94
-69.988
-70.01
-69.989
-69.96
-69.955
-69.976
-69.976
-69.981
-70.023
-70.031
-69.97
-69.854
-69.72
-69.826
-69.868
-69.957
-69.994
-70.015
-69.922
-69.938
-69.986
-69.993
-70.002
-70.03
-70.074
-70.028
-69.987
-69.838
-69.838
-69.875
-69.945
-69.965
-69.982
-69.961
-69.991
-70.133
-70.108
-70.138
-70.147
-70.172
-70.131
-70.131
-70.115
-70.102
-70.159
-70.137
-70.096
-70.129
-70.212
-70.257
-70.192
-70.165
-70.189
-70.167
-70.317
-70.277
-70.237
-70.24
-70.229
-70.24
-70.378
-70.416
-70.395
-70.384
-70.477
-70.452
-70.445
-70.398
-70.431
-70.396
-70.415
-70.344
-70.364
-70.395
-70.322
-70.28
-70.425
-70.504
-70.518
-70.444
-70.486
-70.449
-70.36
-70.423
-70.461
-70.492
-70.505
-70.591
-70.563
-70.528
-70.466
-70.452
-70.419
-70.392
-70.354
-70.321
-70.48
-70.506
-70.524
-70.528
-70.519
-70.557
-70.547
-70.587
-70.581
-70.625
-70.617
-70.607
-70.641
-70.606
-70.59
-70.657
-70.643
-70.663
-70.65
-70.608
-70.633
-70.601
-70.508
-70.569
-70.496
-70.546
-70.566
-70.594
-70.746
-70.792
-70.784
-70.811
-70.804
-70.889
-70.932
-70.784
-70.902
-70.903
-70.935
-71.025
-70.912
-70.941
-71.028
-71.061
-71.118
-71.133
-71.12
-71.084
-71.123
-70.983
-70.918
-70.948
-71.019
-71.068
-71.035
-71.046
-71.091
-71.079
-71.012
-70.984
-71.05
-71.009
-71.045
-71.051
-71.132
-71.14
-71.1
-71.069
-71.042
-71.125
-71.216
-71.178
-71.255
-71.264
-71.237
-71.21
-71.251
-71.238
-71.308
-71.336
-71.266
-71.261
-71.292
-71.321
-71.327
-71.285
-71.273
-71.29
-71.239
-71.274
-71.331
-71.318
-71.345
-71.373
-71.345
-71.353
-71.295
-71.294
-71.326
-71.346
-71.416
-71.443
-71.38
-71.424
-71.407
-71.317
-71.238
-71.256
-71.303
-71.283
-71.214
-71.26
-71.321
-71.356
-71.398
-71.382
-71.393
-71.396
-71.489
-71.542
-71.528
-71.541
-71.657
-71.617
-71.667
-71.698
-71.676
-71.617
-71.612
-71.691
-71.646
-71.588
-71.654
-71.694
-71.673
-71.64
-71.694
-71.757
-71.886
-71.863
-71.862
-71.869
-71.891
-71.849
-71.857
-71.875
-71.865
-71.894
-71.853
-71.782
-71.79
-71.724
-71.699
-71.764
-71.796
-71.823
-71.776
-71.829
-71.746
-71.771
-71.818
-71.866
-71.874
-71.93
-71.904
-72.045
-72.061
-71.987
-71.95
-71.857
