-79.791
-79.75
-79.7
-79.797
-79.819
-79.884
-79.817
-79.852
-79.758
-79.752
-79.85
-79.852
-79.842
-79.802
-79.708
-79.761
-79.778
-79.814
-79.88
-79.944
-80.038
-80.034
-80.081
-80.054
-80.05
-79.981
-79.981
-79.971
-79.932
-79.972
-79.938
-79.844
-79.797
-79.853
-79.852
-79.806
-79.74
-79.672
-79.67
-79.643
-79.68
-79.648
-79.558
-79.557
-79.547
-79.569
-79.556
-79.581
-79.631
-79.561
-79.592
-79.584
-79.566
-79.546
-79.563
-79.479
-79.455
-79.565
-79.562
-79.506
-79.517
-79.489
-79.49
-79.462
-79.514
-79.52
-79.524
-79.542
-79.53
-79.507
-79.514
-79.584
-79.522
-79.497
-79.541
-79.57
-79.642
-79.709
-79.759
-79.8
-79.776
-79.734
-79.745
-79.686
-79.636
-79.651
-79.741
-79.745
-79.707
-79.681
-79.615
-79.563
-79.561
-79.693
-79.639
-79.586
-79.552
-79.529
-79.615
-79.646
-79.668
-79.606
-79.511
-79.579
-79.642
-79.641
-79.657
-79.7
-79.815
-79.822
-79.929
-79.919
-79.874
-79.776
-79.767
-79.772
-79.746
-79.782
-79.874
-79.925
-79.866
-79.758
-79.782
-79.814
-79.779
-79.786
-79.781
-79.745
-79.843
-79.944
-79.981
-79.986
-80.05
-80.07
-79.981
-79.86
-79.831
-79.799
-79.829
-79.841
-79.843
-79.823
-79.807
-79.882
-79.852
-79.878
-79.865
-79.853
-79.792
-79.761
-79.816
-79.844
-79.895
-79.865
-79.836
-79.861
-79.783
-79.767
-79.731
-79.846
-79.854
-79.873
-79.972
-80.008
-80.055
-80.096
-80.148
-80.077
-80.04
-79.984
-79.902
-79.866
-79.92
-79.851
-79.892
-79.787
-79.773
-79.857
-79.828
-79.784
-79.723
-79.702
-79.688
-79.697
-79.7
-79.687
-79.632
-79.641
-79.674
-79.748
-79.736
-79.655
-79.646
-79.687
-79.702
-79.644
-79.664
-79.63
-79.637
-79.686
-79.696
-79.645
-79.609
-79.64
-79.655
-79.691
-79.691
-79.688
-79.701
-79.687
-79.721
-79.788
-79.836
-79.801
-79.806
-79.812
-79.812
-79.809
-79.738
-79.735
-79.746
-79.724
-79.686
-79.716
-79.76
-79.742
-79.844
-79.848
-79.943
-79.952
-79.914
-79.831
-79.735
-79.799
-79.894
-79.838
-79.841
-79.783
-79.838
-79.892
-79.867
-79.897
-79.879
-79.795
-79.765
-79.717
-79.769
-79.822
-79.869
-79.802
-79.761
-79.644
-79.607
-79.669
-79.625
-79.574
-79.607
-79.599
-79.547
-79.539
-79.547
-79.56
-79.482
-79.442
-79.418
-79.412
-79.38
-79.418
-79.472
-79.443
-79.385
-79.407
-79.412
-79.348
-79.471
-79.44
-79.487
-79.508
-79.513
-79.432
-79.435
-79.48
-79.403
-79.417
-79.385
-79.506
-79.451
-79.523
-79.494
-79.512
-79.452
-79.37
-79.476
-79.432
-79.434
-79.36
-79.299
-79.288
-79.245
-79.127
-79.095
-79.069
-79.045
-79.043
-79.058
-79.064
-78.971
-78.915
-78.794
-78.869
-78.856
-78.959
-79.044
-78.973
-78.999
-79.068
-79.013
-78.973
-79.033
-79.058
-79.022
-78.966
-78.927
-78.99
-79.092
-79.124
-79.028
-79.058
-79.136
-79.194
-79.116
-79.106
-79.032
-79.08
-79.047
-79.098
-79.029
-78.993
-78.932
-78.95
-79.005
-79.042
-79.13
-79.167
-79.143
-79.157
-79.191
-79.23
-79.301
-79.28
-79.361
-79.386
-79.473
-79.474
-79.478
-79.505
-79.533
-79.417
-79.359
-79.342
-79.346
-79.299
-79.226
-79.214
-79.235
-79.258
-79.334
-79.237
-79.277
-79.235
-79.237
-79.159
-79.169
-79.033
-79.024
-79.047
-79.034
-79.016
-78.967
-78.971
-79.032
-78.987
-79.084
-79.077
-79.128
-79.069
-79.151
-79.218
-79.218
-79.209
-79.18
-79.296
-79.267
-79.199
-79.276
-79.411
-79.385
-79.303
-79.167
-79.088
-79.034
-78.91
-78.893
-78.986
-78.995
-78.928
-78.913
-78.893
-78.92
-79.024
-79.014
-79.056
-79.067
-79.083
-79.137
-79.137
-79.051
-79.126
-79.036
-78.999
-79.013
-78.927
-78.881
-78.953
-78.979
-79.006
-78.986
-79.001
-78.987
-79.028
-79.032
-79.048
-79.142
-79.14
-79.182
-79.122
-79.121
-79.082
-79.012
-78.945
-78.972
-78.843
-78.871
-78.894
-78.922
-78.995
-79.042
-79.039
-79.067
-79.159
-79.123
-79.156
-79.224
-79.237
-79.21
-79.24
-79.252
-79.297
-79.295
-79.282
-79.28
-79.271
-79.281
-79.348
-79.316
-79.292
-79.306
-79.239
-79.077
-78.982
-78.946
-78.999
-78.951
-78.939
-79.01
-79.018
-79.046
-78.992
-79.03
-78.918
-78.882
-78.941
-78.928
-79.019
-79.014
-79.13
-79.214
-79.139
-79.124
-79.125
-79.043
-79.047
-78.95
-78.995
-78.991
-78.985
-78.99
-79.09
-79.093
-79.058
-79.015
-79.115
-79.052
-78.993
-78.919
-78.901
-78.9
-78.918
-78.939
-78.931
-79.03
-78.982
-79.012
-78.997
-79.093
-79.188
-79.107
-79.157
-79.178
-79.221
-79.218
-79.131
-79.108
-79.08
-79.053
-78.977
-78.903
-78.873
-78.864
-78.826
-78.879
-78.859
-78.871
-78.791
-78.868
-78.793
-78.893
-78.886
-78.819
-78.761
-78.752
-78.807
-78.833
-78.814
-78.868
-78.917
-79.003
-78.969
-79.052
-79.082
-79.058
-79.054
-79.105
-79.107
-79.104
-79.112
-79.116
-79.142
-79.228
-79.235
-79.272
-79.291
-79.173
-79.152
-79.11
-79.046
-79.056
-79.041
-78.985
-79.063
-79.071
-79.077
-79.04
-79.003
-78.914
-78.836
-78.812
-78.743
-78.726
-78.682
-78.705
-78.65
-78.576
-78.482
-78.565
-78.604
-78.566
-78.547
-78.612
-78.555
-78.543
-78.496
-78.511
-78.553
-78.606
-78.542
-78.56
-78.58
-78.641
-78.602
-78.672
-78.749
-78.783
-78.771
-78.73
-78.886
-78.836
-78.837
-78.793
-78.759
-78.77
-78.892
-78.931
-78.958
-79.001
-78.965
-79.058
-79.079
-79.004
-79.007
-79.051
-79.029
-78.99
-79.045
-79.116
-79.119
-79.13
-79.019
-79.055
-79.041
-78.966
-78.923
-78.915
-78.964
-78.948
-78.846
-78.888
-78.877
-78.918
-78.897
-78.837
-78.786
-78.739
-78.836
-78.926
-78.939
-78.92
-78.972
-79.019
-78.958
-79.003
-78.947
-78.907
-78.921
-78.846
-78.925
-78.955
-79.055
-79.101
-79.061
-79.073
-79.144
-79.153
-79.114
-79.046
-79.022
-78.995
-78.993
-79.056
-79.078
-79.028
-79.027
-79.099
-79.13
-79.05
-79.062
-79.049
-79.107
-79.056
-78.988
-79.011
-79.047
-79.111
-79.032
-79.038
-78.955
-78.908
-78.933
-78.941
-78.879
-78.798
-78.828
-78.916
-79.008
-78.944
-78.94
-78.954
-79.004
-78.927
-78.935
-78.915
-78.981
-79.012
-78.961
-78.888
-78.838
-78.872
-78.903
-78.906
-78.914
-78.938
-79.014
-78.995
-79.004
-79.007
-78.999
-79.006
-78.949
-78.972
-78.903
-78.852
-78.784
-78.779
-78.806
-78.831
-78.915
-78.893
-78.882
-78.854
-78.849
-78.748
-78.739
-78.746
-78.846
-78.864
-78.799
-78.713
-78.671
-78.626
-78.647
-78.652
-78.566
-78.669
-78.696
-78.679
-78.742
-78.777
-78.795
-78.728
-78.685
-78.581
-78.556
-78.632
-78.553
-78.639
-78.585
-78.574
-78.558
-78.541
-78.562
-78.557
-78.546
-78.547
-78.622
-78.641
-78.704
-78.73
-78.71
-78.753
-78.843
-78.87
-78.933
-78.851
-78.807
-78.79
-78.812
-78.769
-78.769
-78.727
-78.723
-78.736
-78.826
-78.723
-78.688
-78.661
-78.593
-78.539
-78.61
-78.79
-78.774
-78.783
-78.804
-78.823
-78.867
-78.715
-78.692
-78.665
-78.66
-78.679
-78.684
-78.606
-78.731
-78.636
-78.72
-78.847
-78.773
-78.735
-78.658
-78.606
-78.629
-78.715
-78.695
-78.72
-78.721
-78.63
-78.583
-78.657
-78.622
-78.626
-78.668
-78.645
-78.689
-78.658
-78.736
-78.66
-78.703
-78.664
-78.631
-78.615
-78.593
-78.662
-78.617
-78.667
-78.566
-78.532
-78.389
-78.29
-78.279
-78.278
-78.242
-78.252
-78.28
-78.329
-78.352
-78.344
-78.317
-78.255
-78.226
-78.279
-78.211
-78.264
-78.229
-78.254
-78.246
-78.237
-78.195
-78.21
-78.222
-78.219
-78.19
-78.245
-78.187
-78.175
-78.155
-78.178
-78.271
-78.255
-78.338
-78.267
-78.154
-78.231
-78.28
-78.314
-78.318
-78.351
-78.307
-78.372
-78.258
-78.341
-78.387
-78.319
-78.273
-78.225
-78.176
-78.121
-78.1
-78.033
-78.059
-78.052
-78.102
-78.126
-78.121
-78.111
-78.107
-78.131
-78.02
-78.035
-77.955
-77.94
-77.978
-78.008
-77.986
-77.861
-77.742
-77.661
-77.761
-77.79
-77.84
-77.821
-77.881
-77.783
-77.883
-77.884
-77.822
-77.81
-77.829
-77.898
-77.856
-77.906
-77.902
-77.884
-77.843
-77.877
-77.829
-77.777
-77.762
-77.811
-77.831
-77.904
-77.934
-77.969
-77.831
-77.871
-77.889
-77.914
-77.902
-77.897
-77.856
-77.828
-77.827
-77.906
-77.852
-77.842
-77.903
-77.935
-77.907
-77.866
-77.768
-77.832
-77.857
-77.957
-77.984
-77.952
-77.992
-77.99
-77.903
-77.899
-77.907
-77.925
-77.959
-77.979
-77.876
-77.785
-77.841
-77.789
-77.771
-77.718
-77.765
-77.747
-77.728
-77.705
-77.704
-77.713
-77.741
-77.77
-77.741
-77.699
-77.679
-77.753
-77.71
-77.702
-77.717
-77.696
-77.668
-77.622
-77.573
-77.579
-77.554
-77.618
-77.646
-77.65
-77.663
-77.624
-77.591
-77.635
-77.627
-77.603
-77.699
-77.76
-77.782
-77.819
-77.803
-77.819
-77.849
-77.817
-77.869
-77.878
-77.909
-77.826
-77.814
-77.836
-77.848
-77.796
-77.853
-77.79
-77.776
-77.799
-77.848
-77.825
-77.83
-77.752
-77.726
-77.675
-77.568
-77.545
-77.577
-77.616
-77.573
-77.535
-77.502
-77.443
-77.32
-77.333
-77.317
-77.306
-77.21
-77.214
-77.222
-77.241
-77.252
-77.174
-77.134
-77.142
-77.171
-77.17
-77.187
-77.167
-77.14
-77.159
-77.205
-77.241
-77.201
-77.246
-77.251
-77.359
-77.405
-77.509
-77.493
-77.453
-77.459
-77.522
-77.443
-77.503
-77.462
-77.511
-77.566
-77.649
-77.686
-77.662
-77.733
-77.777
-77.857
-77.84
-77.826
-77.872
-77.794
-77.795
-77.729
-77.799
-77.91
-77.829
-77.847
-77.892
-77.889
-77.897
-77.826
-77.864
-77.949
-77.989
-78.051
-78.044
-78.043
-78.135
-78.116
-78.064
-78.054
-78.052
-78.016
-77.938
-77.968
-77.884
-77.833
-77.819
-77.776
-77.825
-77.763
-77.691
-77.629
-77.656
-77.66
-77.652
-77.556
-77.516
-77.462
-77.509
-77.463
-77.468
-77.471
-77.528
-77.526
-77.523
-77.506
-77.473
-77.465
-77.491
-77.518
-77.511
-77.465
-77.478
-77.511
-77.55
-77.543
-77.474
-77.558
-77.549
-77.594
-77.672
-77.634
-77.646
-77.703
-77.765
-77.669
-77.71
-77.699
-77.75
-77.8
-77.857
-77.825
-77.871
-77.813
-77.853
-77.82
-77.953
-77.989
-77.949
-77.885
-77.843
-77.783
-77.804
-77.743
-77.64
-77.662
-77.709
-77.7
-77.67
-77.654
-77.596
-77.604
-77.692
-77.68
-77.719
-77.732
-77.76
-77.778
-77.72
-77.671
-77.663
-77.722
-77.749
-77.769
-77.734
-77.838
-77.885
-77.953
-77.846
-77.904
-77.992
-77.994
-77.966
-77.898
-77.786
-77.818
-77.954
-77.887
-77.808
-77.711
-77.786
-77.811
-77.802
-77.696
-77.751
-77.669
-77.732
-77.737
-77.755
-77.775
-77.759
-77.747
-77.772
-77.838
-77.833
-77.79
-77.895
-77.896
-77.865
-77.817
-77.795
-77.831
-77.93
-77.953
-78.016
-78.03
-77.986
-77.964
-77.933
-77.905
-77.95
-77.979
-77.935
-77.919
-77.988
-78.021
-78.003
-78.067
-78.023
-78.023
-77.939
-77.95
-77.95
-77.975
-78.03
-77.969
-77.879
-77.872
-77.933
-78.003
-77.955
-77.895
-77.912
-77.839
-77.758
-77.836
-77.69
-77.699
-77.67
-77.63
-77.56
-77.567
-77.444
-77.436
-77.424
-77.451
-77.398
-77.485
-77.52
-77.546
-77.582
-77.613
-77.643
-77.627
-77.643
-77.647
-77.714
-77.687
-77.685
-77.659
-77.689
-77.706
-77.687
-77.725
-77.693
-77.679
-77.684
-77.724
-77.768
-77.769
-77.802
-77.841
-77.955
-77.929
-77.988
-78.008
-77.948
-77.941
-77.988
-78.027
-78.009
-77.959
-77.98
-77.991
-78.03
-78.013
-78.041
-78.054
-78.083
-78.046
-78.054
-78.119
-78.033
-77.984
-77.822
-77.827
-77.854
-77.877
-77.867
-77.857
-77.834
-77.833
-77.792
-77.779
-77.786
-77.769
-77.788
-77.712
-77.716
-77.658
-77.67
-77.697
-77.714
-77.711
-77.629
-77.72
-77.657
-77.612
-77.591
-77.525
-77.472
-77.455
-77.444
-77.472
-77.463
-77.479
-77.456
-77.434
-77.421
-77.365
-77.367
-77.238
-77.265
-77.334
-77.336
-77.289
-77.284
-77.339
-77.362
-77.35
-77.327
-77.33
-77.285
-77.32
-77.296
-77.175
-77.261
-77.274
-77.19
-77.304
-77.238
-77.226
-77.17
-77.248
-77.297
-77.264
-77.258
-77.286
-77.333
-77.369
-77.401
-77.411
-77.34
-77.312
-77.303
-77.387
-77.484
-77.514
-77.525
-77.559
-77.562
-77.608
-77.618
-77.553
-77.629
-77.606
-77.589
-77.625
-77.582
-77.493
-77.54
-77.534
-77.505
-77.537
-77.619
-77.647
-77.6
-77.63
-77.655
-77.625
-77.639
-77.669
-77.646
-77.666
-77.712
-77.706
-77.742
-77.675
-77.613
-77.614
-77.748
-77.753
-77.725
-77.732
-77.744
-77.721
-77.748
-77.691
-77.696
-77.697
-77.627
-77.57
-77.544
-77.51
-77.526
-77.492
-77.571
-77.667
-77.564
-77.658
-77.621
-77.578
-77.518
-77.582
-77.702
-77.711
-77.693
-77.713
-77.692
-77.733
-77.84
-77.809
-77.807
-77.873
-77.951
-77.941
-77.964
-77.861
-77.886
-77.921
-77.934
-77.943
-77.872
-77.907
-77.928
-77.956
-77.894
-77.866
-77.816
-77.812
-77.786
-77.786
-77.793
-77.711
-77.681
-77.785
-77.841
-77.802
-77.838
-77.841
-77.844
-77.828
-77.826
-77.872
-77.838
-77.818
-77.776
-77.729
-77.708
-77.75
-77.861
-77.83
-77.844
-77.818
-77.86
-77.768
-77.667
-77.624
-77.608
-77.533
-77.57
-77.661
-77.63
-77.651
-77.666
-77.728
-77.776
-77.753
-77.741
-77.768
-77.71
-77.688
-77.594
-77.591
-77.609
-77.713
-77.772
-77.854
-77.763
-77.777
-77.74
-77.701
-77.742
-77.654
-77.583
-77.629
-77.641
-77.615
-77.586
-77.577
-77.559
-77.512
-77.601
-77.608
-77.543
-77.483
-77.506
-77.574
-77.589
-77.581
-77.553
-77.562
-77.599
-77.545
-77.563
-77.537
-77.512
-77.535
-77.535
-77.624
-77.612
-77.704
-77.698
-77.752
-77.703
-77.699
-77.731
-77.791
-77.722
-77.698
-77.627
-77.635
-77.646
-77.587
-77.597
-77.6
-77.61
-77.631
-77.712
-77.755
-77.703
-77.673
-77.655
-77.652
-77.713
-77.722
-77.717
-77.722
-77.618
-77.584
-77.524
-77.526
-77.531
-77.511
-77.513
-77.515
-77.536
-77.459
-77.483
-77.452
-77.512
-77.559
-77.445
-77.429
-77.389
-77.391
-77.437
-77.462
-77.348
-77.442
-77.492
-77.569
-77.54
-77.627
-77.63
-77.656
-77.634
-77.64
-77.652
-77.719
-77.771
-77.76
-77.777
-77.801
-77.786
-77.831
-77.816
-77.819
-77.852
-77.881
-77.941
-77.968
-78.003
-77.886
-77.924
-77.883
-77.9
-77.865
-77.901
-77.921
-77.854
-77.86
-77.879
-77.835
-77.801
-77.837
-77.781
-77.705
-77.743
-77.789
-77.871
-77.965
-77.935
-77.973
-77.919
-77.992
-77.957
-78.014
-77.992
-77.926
-77.929
-77.966
-77.908
-77.942
-77.898
-77.877
-77.774
-77.704
-77.732
-77.689
-77.724
-77.778
-77.786
-77.806
-77.745
-77.808
-77.724
-77.732
-77.702
-77.771
-77.878
-77.981
-77.923
-77.929
-77.927
-77.841
-77.805
-77.884
-77.825
-77.83
-77.78
-77.689
-77.61
-77.523
-77.469
-77.493
-77.513
-77.423
-77.406
-77.333
-77.322
-77.318
-77.314
-77.279
-77.185
-77.087
-77.043
-77.101
-77.009
-77.021
-77.015
-77.047
-77.062
-77.114
-77.077
-77.014
-76.975
-76.974
-77.031
-76.968
-76.992
-77.035
-77.021
-77.091
-77.028
-77.018
-77.164
-77.115
-77.077
-77.039
-76.934
-76.944
-76.93
-76.924
-76.862
-76.866
-76.98
-77.006
-77.136
-77.127
-77.009
-76.914
-76.948
-76.92
-76.838
-76.905
-76.9
-76.899
-76.932
-76.938
-76.849
-76.858
-76.82
-76.765
-76.762
-76.695
-76.687
-76.751
-76.709
-76.647
-76.654
-76.652
-76.558
-76.528
-76.542
-76.676
-76.724
-76.743
-76.771
-76.682
-76.716
-76.739
-76.697
-76.599
-76.608
-76.644
-76.631
-76.584
-76.608
-76.574
-76.551
-76.522
-76.57
-76.56
-76.419
-76.448
-76.409
-76.395
-76.389
-76.37
-76.425
-76.4
-76.363
-76.363
-76.357
-76.386
-76.302
-76.288
-76.366
-76.323
-76.291
-76.224
-76.249
-76.294
-76.268
-76.267
-76.283
-76.277
-76.353
-76.263
-76.308
-76.326
-76.294
-76.325
-76.28
-76.291
-76.261
-76.3
-76.276
-76.269
-76.214
-76.161
-76.238
-76.156
-76.08
-76.112
-76.028
-76.045
-76.079
-76.113
-76.116
-76.165
-76.112
-76.171
-76.162
-76.151
-76.131
-76.211
-76.11
-76.162
-76.132
-76.142
-76.175
-76.287
-76.329
-76.317
-76.406
-76.427
-76.377
-76.417
-76.392
-76.351
-76.376
-76.269
-76.322
-76.349
-76.398
-76.353
-76.358
-76.291
-76.389
-76.44
-76.359
-76.384
-76.259
-76.319
-76.241
-76.27
-76.248
-76.27
-76.261
-76.25
-76.272
-76.23
-76.178
-76.246
-76.208
-76.265
-76.259
-76.238
-76.099
-76.022
-76.013
-76.004
-75.991
-76.026
-75.949
-76.028
-75.991
-76.038
-75.976
-76.027
-76.023
-75.952
-75.866
-75.862
-75.787
-75.761
-75.781
-75.803
-75.847
-75.935
-76.025
-76.046
-76.133
-76.146
-76.214
-76.212
-76.107
-76.175
-76.177
-76.218
-76.232
-76.173
-76.185
-76.175
-76.129
-76.036
-76.028
-76.113
-76.085
-75.999
-75.991
-75.961
-75.94
-75.95
-76
-76.022
-76.006
-76.094
-76.108
-76.012
-76.078
-76.032
-76.11
-76.108
-76.121
-76.201
-76.101
-76.105
-76.128
-76.215
-76.282
-76.292
-76.344
-76.226
-76.22
-76.335
-76.352
-76.325
-76.355
-76.36
-76.388
-76.383
-76.343
-76.33
-76.342
-76.376
-76.428
-76.485
-76.469
-76.438
-76.444
-76.411
-76.454
-76.406
-76.263
-76.268
-76.316
-76.36
-76.324
-76.35
-76.365
-76.373
-76.258
-76.328
-76.264
-76.25
-76.2
-76.216
-76.234
-76.26
-76.257
-76.232
-76.177
-76.285
-76.25
-76.221
-76.169
-76.151
-76.052
-75.998
-76.068
-76.065
-76.051
-76.019
-76.069
-76.046
-75.924
-75.887
-75.928
-75.92
-75.855
-75.869
-75.889
-75.905
-75.938
-75.93
-75.94
-75.94
-75.885
-75.935
-75.864
-75.858
-75.859
-75.814
-75.837
-75.837
-75.962
-76.007
-76.059
-75.969
-75.997
-76.121
-76.091
-76.173
-76.232
-76.371
-76.374
-76.308
-76.324
-76.283
-76.312
-76.399
-76.281
-76.29
-76.301
-76.387
-76.407
-76.314
-76.297
-76.243
-76.217
-76.114
-76.077
-75.983
-76.007
-76.034
-76.056
-76.107
-76.176
-76.232
-76.24
-76.302
-76.262
-76.351
-76.269
-76.309
-76.27
-76.265
-76.241
-76.262
-76.336
-76.375
-76.299
-76.394
-76.368
-76.429
-76.471
-76.461
-76.481
-76.504
-76.46
-76.378
-76.46
-76.419
-76.446
-76.255
-76.284
-76.311
-76.301
-76.267
-76.296
-76.314
-76.237
-76.264
-76.309
-76.206
-76.268
-76.339
-76.375
-76.388
-76.447
-76.445
-76.422
-76.41
-76.472
-76.492
-76.397
-76.368
-76.388
-76.367
-76.366
-76.306
-76.409
-76.441
-76.499
-76.582
-76.513
-76.45
-76.477
-76.455
-76.487
-76.466
-76.522
-76.537
-76.586
-76.574
-76.513
-76.55
-76.575
-76.543
-76.523
-76.486
-76.504
-76.474
-76.337
-76.297
-76.275
-76.398
-76.332
-76.309
-76.325
-76.366
-76.48
-76.529
-76.506
-76.472
-76.438
-76.519
-76.531
-76.627
-76.626
-76.647
-76.601
-76.568
-76.535
-76.494
-76.532
-76.461
-76.381
-76.344
-76.159
-76.132
-76.101
-76.034
-75.915
-75.914
-75.882
-75.871
-75.92
-75.979
-75.992
-76.004
-76.023
-76.052
-76.072
-76.097
-76.062
-76.035
-75.988
-76.021
-76.084
-76.029
-75.966
-75.945
-75.946
-76.06
-76.066
-76.036
-75.978
-76.011
-75.97
-75.918
-75.923
-75.871
-75.84
-75.826
-75.873
-75.922
-75.936
-75.893
-75.98
-76.007
-76.026
-76.097
-76.149
-76.256
-76.222
-76.247
-76.288
-76.244
-76.323
-76.318
-76.403
-76.394
-76.4
-76.408
-76.384
-76.39
-76.439
-76.543
-76.576
-76.592
-76.64
-76.654
-76.619
-76.694
-76.632
-76.692
-76.64
-76.635
-76.725
-76.791
-76.779
-76.786
-76.758
-76.904
-76.989
-77.06
-77.031
-77.051
-77.061
-76.999
-77.002
-76.963
-77.102
-77.107
-77.096
-77.123
-77.122
-77.15
-77.172
-77.206
-77.246
-77.192
-77.202
-77.159
-77.076
-77.092
-77.073
-77.071
-77.139
-77.145
-77.138
-77.156
-77.145
-77.158
-77.12
-77.131
-77.119
-77.031
-77.064
-77.044
-77.035
-77.02
-77.001
-77.077
-77.09
-77.04
-77.045
-77.052
-77.014
-77.034
-77.007
-77.031
-77.063
-77.03
-77.067
-77.172
-77.228
-77.217
-77.174
-77.188
-77.172
-77.08
-77.029
-77.123
-77.152
-77.174
-77.303
-77.334
-77.24
-77.237
-77.266
-77.303
-77.233
-77.245
-77.274
-77.27
-77.289
-77.339
-77.323
-77.352
-77.419
-77.45
-77.456
-77.512
-77.482
-77.445
-77.384
-77.375
-77.403
-77.376
-77.317
-77.339
-77.333
-77.328
-77.379
-77.5
-77.519
-77.529
-77.51
-77.601
-77.624
-77.66
-77.68
-77.644
-77.66
-77.716
-77.755
-77.707
-77.724
-77.707
-77.611
-77.645
-77.638
-77.579
-77.607
-77.653
-77.637
-77.64
-77.627
-77.623
-77.641
-77.618
-77.613
-77.618
-77.699
-77.645
-77.601
-77.634
-77.702
-77.627
-77.629
-77.666
-77.699
-77.691
-77.784
-77.832
-77.862
-77.821
-77.856
-77.96
-77.967
-77.9
-78.009
-78.006
-78.008
-77.958
-78.009
-78.104
-78.163
-78.203
-78.21
-78.209
-78.287
-78.205
-78.161
-78.179
-78.28
-78.234
-78.209
-78.191
-78.227
-78.108
-78.101
-78.146
-78.094
-78.087
-78.08
-78.055
-78.102
-78.037
-78.02
-78.014
-77.964
-77.993
-78.11
-78.058
-78.036
-78.038
-78.059
-77.968
-77.937
-77.932
-77.844
-77.805
-77.689
-77.593
-77.572
-77.545
-77.586
-77.617
-77.699
-77.765
-77.681
-77.711
-77.715
-77.7
-77.754
-77.797
-77.893
-77.89
-77.941
-77.939
-77.904
-77.876
-77.895
-77.868
-77.887
-77.906
-77.96
-77.914
-77.932
-77.898
-77.848
-77.856
-77.873
-77.813
-77.807
-77.917
-77.975
-77.909
-77.923
-77.833
-77.794
-77.771
-77.86
-77.832
-77.851
-77.816
-77.746
-77.771
-77.686
-77.681
-77.64
-77.576
-77.678
-77.692
-77.711
-77.793
-77.846
-77.793
-77.82
-77.803
-77.827
-77.824
-77.776
-77.718
-77.7
-77.622
-77.672
-77.567
-77.591
-77.617
-77.577
-77.597
-77.658
-77.61
-77.6
-77.537
-77.498
-77.607
-77.62
-77.608
-77.608
-77.558
-77.531
-77.495
-77.53
-77.562
-77.52
-77.624
-77.554
-77.579
-77.526
-77.563
-77.512
-77.519
-77.476
-77.479
-77.438
-77.436
-77.366
-77.322
-77.285
-77.162
-77.088
-76.937
-76.846
-76.867
-76.9
-76.917
-76.906
-76.9
-76.863
-76.855
-76.898
-76.909
-76.97
-76.839
-76.804
-76.843
-76.846
-76.965
-77.009
-77.058
-77.139
-77.174
-77.159
-77.257
-77.244
-77.207
-77.227
-77.222
-77.266
-77.257
-77.266
-77.177
-77.158
-77.234
-77.194
-77.15
-77.227
-77.288
-77.3
-77.258
-77.244
-77.282
-77.241
-77.243
-77.204
-77.327
-77.335
-77.415
-77.516
-77.587
-77.626
-77.654
-77.643
-77.577
-77.465
-77.417
-77.403
-77.378
-77.416
-77.34
-77.475
-77.341
-77.284
-77.25
-77.261
-77.312
-77.217
-77.157
-77.081
-77.029
-77.092
-77.107
-77.054
-77.017
-77.007
-76.992
-77.005
-77.007
-77.069
-77.16
-77.193
-77.246
-77.179
-77.173
-77.262
-77.253
-77.242
-77.278
-77.259
-77.295
-77.325
-77.218
-77.215
-77.15
-77.171
-77.16
-77.17
-77.186
-77.299
-77.273
-77.28
-77.287
-77.247
-77.205
-77.162
-77.183
-77.11
-77.127
-77.134
-77.087
-77.05
-77.125
-77.067
-77.056
-76.977
-76.963
-76.941
-76.896
-76.887
-76.82
-76.687
-76.682
-76.623
-76.666
-76.742
-76.723
-76.683
-76.636
-76.667
-76.729
-76.757
-76.694
-76.768
-76.732
-76.714
-76.694
-76.663
-76.682
-76.735
-76.784
-76.703
-76.697
-76.658
-76.525
-76.469
-76.436
-76.39
-76.38
-76.477
-76.428
-76.35
-76.267
-76.215
-76.228
-76.236
-76.281
-76.265
-76.168
-76.148
-76.162
-76.137
-76.17
-76.187
-76.265
-76.282
-76.227
-76.267
-76.307
-76.295
-76.324
-76.409
-76.44
-76.459
-76.432
-76.363
-76.395
-76.452
-76.34
-76.295
-76.284
-76.306
-76.265
-76.328
-76.321
-76.367
-76.328
-76.286
-76.252
-76.215
-76.176
-76.228
-76.24
-76.159
-76.124
-76.072
-76.085
-76.118
-76.024
-75.971
-75.994
-76.056
-76.004
-76.059
-76.095
-76.205
-76.305
-76.346
-76.334
-76.394
-76.411
-76.467
-76.445
-76.377
-76.288
-76.301
-76.291
-76.202
-76.204
-76.238
-76.203
-76.21
-76.153
-76.154
-76.199
-76.269
-76.396
-76.458
-76.437
-76.442
-76.389
-76.326
-76.366
-76.307
-76.375
-76.397
-76.33
-76.362
-76.374
-76.326
-76.26
-76.263
-76.2
-76.189
-76.125
-76.08
-76.065
-76.188
-76.257
-76.192
-76.213
-76.24
-76.269
-76.321
-76.315
-76.338
-76.294
-76.32
-76.32
-76.355
-76.309
-76.328
-76.375
-76.302
-76.258
-76.223
-76.178
-76.163
-76.185
-76.118
-76.07
-76.104
-76.107
-76.144
-76.178
-76.092
-76.078
-76.074
-76.078
-76.119
-76.177
-76.246
-76.295
-76.301
-76.309
-76.224
-76.178
-76.292
-76.403
-76.381
-76.35
-76.346
-76.336
-76.228
-76.185
-76.179
-76.267
-76.372
-76.377
-76.324
-76.319
-76.236
-76.241
-76.187
-76.209
-76.142
-76.086
-76.062
-76.09
-76.021
-76.043
-76.023
-76.002
-75.966
-75.903
-75.909
-75.884
-75.855
-75.769
-75.761
-75.794
-75.772
-75.765
-75.687
-75.645
-75.584
-75.638
-75.641
-75.585
-75.608
-75.583
-75.618
-75.705
-75.703
-75.646
-75.62
-75.627
-75.656
-75.667
-75.635
-75.575
-75.554
-75.588
-75.56
-75.542
-75.513
-75.516
-75.485
-75.391
-75.462
-75.412
-75.517
-75.493
-75.372
-75.458
-75.461
-75.502
-75.524
-75.557
-75.596
-75.617
-75.622
-75.655
-75.635
-75.618
-75.683
-75.651
-75.643
-75.632
-75.668
-75.663
-75.693
-75.69
-75.784
-75.789
-75.784
-75.804
-75.823
-75.865
-75.832
-75.847
-75.915
-75.928
-75.816
-75.789
-75.828
-75.889
-75.895
-75.92
-75.866
-75.764
-75.59
-75.619
-75.593
-75.658
-75.693
-75.686
-75.66
-75.658
-75.637
-75.652
-75.66
-75.649
-75.66
-75.654
-75.731
-75.708
-75.681
-75.721
-75.781
-75.696
-75.701
-75.69
-75.594
-75.61
-75.584
-75.682
-75.594
-75.464
-75.505
-75.536
-75.575
-75.656
-75.616
-75.54
-75.576
-75.577
-75.617
-75.502
-75.49
-75.445
-75.417
-75.406
-75.315
-75.329
-75.306
-75.258
-75.272
-75.231
-75.231
-75.145
-75.092
-75.064
-75.132
-75.117
-75.15
-75.171
-75.204
-75.225
-75.228
-75.179
-75.196
-75.095
-75.103
-75.092
-75.119
-75.054
-75.053
-75.127
-75.174
-75.151
-75.059
-75.115
-75.118
-75.222
-75.109
-75.085
-75.065
-74.995
-75.035
-75.002
-74.951
-74.987
-74.953
-74.966
-74.985
-75.018
-75.054
-75.097
-75.125
-75.127
-75.138
-75.186
-75.169
-75.27
-75.285
-75.286
-75.375
-75.383
-75.305
-75.387
-75.37
-75.394
-75.409
-75.549
-75.494
-75.53
-75.526
-75.542
-75.561
-75.513
-75.493
-75.373
-75.42
-75.386
-75.426
-75.407
-75.286
-75.288
-75.309
-75.274
-75.224
-75.286
-75.27
-75.354
-75.361
-75.372
-75.302
-75.27
-75.225
-75.242
-75.187
-75.185
-75.198
-75.233
-75.197
-75.127
-75.142
-75.15
-75.138
-75.226
-75.261
-75.153
-75.102
-75.004
-74.948
-74.941
-74.849
-74.801
-74.739
-74.732
-74.787
-74.7
-74.701
-74.663
-74.572
-74.598
-74.513
-74.452
-74.403
-74.468
-74.458
-74.349
-74.392
-74.332
-74.287
-74.172
-74.15
-74.115
-74.148
-74.09
-74.119
-74.174
-74.153
-74.051
-74.079
-74.052
-73.968
-74.006
-73.983
-73.968
-73.891
-73.813
-73.845
-73.846
-73.809
-73.698
-73.573
-73.602
-73.605
-73.565
-73.498
-73.461
-73.474
-73.455
-73.432
-73.372
-73.326
-73.301
-73.258
-73.255
-73.239
-73.197
-73.122
-73.119
-73.121
-73.217
-73.26
-73.304
-73.28
-73.156
-73.118
-73.131
-73.118
-72.985
-73
-72.847
-72.854
-72.811
-72.836
-72.734
-72.711
-72.691
-72.605
-72.537
-72.399
-72.395
-72.303
-72.214
-72.178
-72.15
-72.114
-72.083
-72.006
-71.957
-71.887
-71.932
-71.922
-72.02
-71.956
-71.946
-71.877
-71.868
-71.863
-71.91
-71.872
-71.809
-71.656
-71.612
-71.519
-71.475
-71.521
-71.463
-71.386
-71.382
-71.336
-71.28
-71.281
-71.223
-71.191
-71.164
-71.106
-71.087
-71.044
-71.041
-70.938
-70.865
-70.888
-70.892
-70.871
-70.815
-70.816
-70.774
-70.773
-70.723
-70.715
-70.694
-70.604
-70.523
-70.413
-70.223
-70.187
-70.11
-70.115
-70.091
-69.985
-69.961
-70.046
-70.041
-69.952
-69.92
-69.922
-69.931
-69.84
-69.797
-69.776
-69.686
-69.736
-69.741
-69.71
-69.753
-69.638
-69.678
-69.7
-69.763
-69.769
-69.766
-69.772
-69.887
-69.889
-69.858
-69.925
-70.025
-70.007
-69.882
-69.807
-69.846
-69.738
-69.71
-69.717
-69.737
-69.658
-69.686
-69.744
-69.766
-69.817
-69.78
-69.778
-69.759
-69.769
-69.745
-69.742
-69.772
-69.728
-69.739
-69.631
-69.666
-69.691
-69.676
-69.756
-69.695
-69.703
-69.597
-69.571
-69.57
-69.52
-69.565
-69.577
-69.682
-69.656
-69.63
-69.552
-69.567
-69.595
-69.588
-69.561
-69.49
-69.569
-69.547
-69.592
-69.692
-69.742
-69.675
-69.624
-69.664
-69.741
-69.746
-69.719
-69.785
-69.665
-69.596
-69.571
-69.623
-69.683
-69.707
-69.733
-69.706
-69.694
-69.727
-69.679
-69.803
-69.858
-69.861
-69.873
-69.834
-69.78
-69.841
-69.805
-69.817
-69.816
-69.879
-69.748
-69.795
-69.78
-69.789
-69.796
-69.739
-69.667
-69.716
-69.707
-69.675
-69.683
-69.634
-69.559
-69.583
-69.54
-69.637
-69.66
-69.6
-69.488
-69.482
-69.517
-69.373
-69.366
-69.312
-69.293
-69.295
-69.335
-69.274
-69.258
-69.194
-69.19
-69.097
-69.161
-69.198
-69.131
-69.234
-69.253
-69.274
-69.243
-69.264
-69.302
-69.273
-69.256
-69.229
-69.208
-69.168
-69.3
-69.28
-69.283
-69.29
-69.326
-69.268
-69.264
-69.213
-69.159
-69.227
-69.177
-69.127
-69.095
-69.079
-69.052
-69.085
-69.118
-69.065
-69.057
-69.056
-68.922
-68.885
-68.916
-68.854
-68.849
-68.793
-68.767
-68.666
-68.701
-68.652
-68.628
-68.6
-68.648
-68.611
-68.607
-68.557
-68.498
-68.511
-68.464
-68.46
-68.477
-68.441
-68.463
-68.512
-68.534
-68.494
-68.44
-68.439
-68.47
-68.565
-68.557
-68.587
-68.577
-68.7
-68.645
-68.682
-68.699
-68.725
-68.686
-68.806
-68.774
-68.759
-68.716
-68.621
-68.626
-68.568
-68.547
-68.542
-68.595
-68.625
-68.632
-68.632
-68.7
-68.564
-68.592
-68.619
-68.639
-68.643
-68.541
-68.544
-68.519
-68.508
-68.456
-68.448
-68.409
-68.353
-68.365
-68.455
-68.484
-68.472
-68.509
-68.41
-68.318
-68.317
-68.334
-68.327
-68.368
-68.332
-68.48
-68.468
-68.502
-68.563
-68.61
-68.656
-68.607
-68.588
-68.612
-68.573
-68.603
-68.712
-68.706
-68.703
-68.742
-68.762
-68.722
-68.844
-68.876
-68.876
-68.927
-68.919
-69.017
-69.007
-68.886
-68.901
-68.894
-68.914
-68.926
-68.879
-68.918
-68.929
-68.873
-68.885
-68.758
-68.754
-68.837
-68.847
-68.901
-68.81
-68.824
-68.795
-68.785
-68.755
-68.831
-68.812
-68.808
-68.844
-68.891
-68.911
-68.871
-68.906
-68.854
-68.837
-68.839
-68.817
-68.8
-68.778
-68.849
-68.796
-68.775
-68.749
-68.758
-68.721
-68.674
-68.572
-68.706
-68.725
-68.726
-68.653
-68.514
-68.412
-68.425
-68.335
-68.326
-68.381
-68.403
-68.339
-68.323
-68.275
-68.303
-68.237
-68.162
-68.144
-68.084
-68.065
-68.047
-68.047
-68.052
-68.08
-67.895
-67.95
-68.026
-67.973
-67.906
-67.93
-67.945
-67.865
-67.853
-67.79
-67.703
-67.742
-67.728
-67.747
-67.821
-67.821
-67.922
-67.855
-67.908
-67.877
-67.993
-68.042
-68.031
-67.981
-67.909
-67.97
-67.974
-67.862
-67.91
-67.889
-67.821
-67.793
-67.829
-67.854
-67.83
-67.797
-67.79
-67.754
-67.711
-67.763
-67.765
-67.761
-67.76
-67.759
-67.776
-67.767
-67.717
-67.698
-67.735
-67.793
-67.869
-67.847
-67.899
-67.885
-67.88
-67.918
-67.948
-67.855
-67.826
-67.775
-67.704
-67.785
-67.755
-67.768
-67.682
-67.679
-67.654
-67.614
-67.583
-67.54
-67.518
-67.439
-67.355
-67.293
-67.222
-67.204
-67.18
-67.129
-67.094
-67.137
-67.158
-67.143
-67.074
-66.974
-66.883
-66.883
-66.836
-66.838
-66.929
-66.908
-66.835
-66.882
-66.91
-66.847
-66.672
-66.73
-66.714
-66.762
-66.662
-66.714
-66.746
-66.754
-66.697
-66.638
-66.552
-66.494
-66.479
-66.341
-66.33
-66.258
-66.25
-66.272
-66.272
-66.235
-66.166
-66.061
-66.023
-66.025
-66.002
-65.911
-65.918
-65.923
-65.936
-65.86
-65.772
-65.838
-65.769
-65.839
-65.725
-65.626
-65.612
-65.697
-65.641
-65.547
-65.582
-65.496
-65.422
-65.476
-65.458
-65.479
-65.5
-65.48
-65.522
-65.52
-65.504
-65.45
-65.399
-65.425
-65.393
-65.409
-65.335
-65.397
-65.419
-65.479
-65.553
-65.528
-65.444
-65.425
-65.422
-65.384
-65.392
-65.425
-65.44
-65.45
-65.394
-65.255
-65.298
-65.319
-65.345
-65.323
-65.24
-65.202
-65.205
-65.099
-65.089
-65.046
-64.962
-64.905
-64.937
-64.959
-64.873
-64.832
-64.817
-64.78
-64.731
-64.694
-64.62
-64.637
-64.608
-64.646
-64.597
-64.567
-64.581
-64.556
-64.49
-64.501
-64.502
-64.486
-64.5
-64.469
-64.496
-64.449
-64.394
-64.466
-64.393
-64.347
-64.302
-64.27
-64.197
-64.14
-64.126
-64.107
-64.067
-64.048
-64.019
-64.089
-64.023
-64.092
-64.133
-64.013
-64.136
-64.097
-64.082
-64.084
-64.024
-63.993
-64.022
-64.041
-64.119
-64.188
-64.134
-64.145
-64.041
-64.034
-64.026
-63.984
-63.991
-63.955
-63.924
-63.913
-63.899
-63.976
-63.934
-63.924
-63.878
-63.821
-63.788
-63.828
-63.836
-63.844
-63.835
-63.789
-63.757
-63.766
-63.709
-63.8
-63.724
-63.748
-63.715
-63.679
-63.708
-63.687
-63.515
-63.493
-63.445
-63.403
-63.38
-63.399
-63.431
-63.434
-63.426
-63.45
-63.517
-63.561
-63.524
-63.489
-63.493
-63.471
-63.338
-63.333
-63.302
-63.186
-63.199
-63.184
-63.14
-63.121
-63.089
-63.042
-63.102
-62.998
-63.061
-63.045
-63.055
-62.955
-62.922
-62.925
-62.902
-62.912
-62.942
-63.072
-63.04
-63.031
-63.079
-63.101
-63.084
-63.127
-63.115
-63.085
-63.085
-63.081
-63.082
-63.082
-63.133
-63.093
-63.039
-63.072
-63.113
-63.146
-63.075
-63.136
-63.237
-63.243
-63.25
-63.294
-63.348
-63.351
-63.292
-63.33
-63.317
-63.303
-63.176
-63.125
-63.202
-63.143
-63.143
-63.183
-63.073
-63.167
-63.247
-63.194
-63.134
-63.035
-62.942
-62.939
-62.958
-62.938
-62.992
-63.047
-63.047
-63.081
-63.057
-63.129
-63.101
-63.078
-63.138
-63.032
-63.083
-63.144
-63.106
-63.103
-63.056
-63.037
-63.072
-63
-62.943
-62.861
-62.87
-62.834
-62.697
-62.714
-62.679
-62.656
-62.68
-62.757
-62.715
-62.639
-62.676
-62.731
-62.618
-62.569
-62.625
-62.691
-62.748
-62.706
-62.776
-62.739
-62.656
-62.666
-62.648
-62.639
-62.578
-62.528
-62.57
-62.46
-62.457
-62.398
-62.436
-62.451
-62.381
-62.447
-62.481
-62.448
-62.43
-62.355
-62.289
-62.269
-62.173
-62.221
-62.168
-62.278
-62.255
-62.231
-62.177
-62.122
-61.994
-61.896
-61.901
-61.867
-61.898
-61.814
-61.774
-61.768
-61.679
-61.739
-61.64
-61.573
-61.624
-61.633
-61.647
-61.746
-61.857
-61.771
-61.71
-61.722
-61.695
-61.638
-61.601
-61.542
-61.609
-61.541
-61.51
-61.684
-61.632
-61.556
-61.545
-61.475
-61.487
-61.418
-61.378
-61.384
-61.319
-61.267
-61.235
-61.24
-61.244
-61.16
-61.145
-61.086
-61.07
-60.992
-60.855
-60.774
-60.75
-60.745
-60.737
-60.799
-60.731
-60.732
-60.826
-60.696
-60.713
-60.74
-60.655
-60.662
-60.676
-60.674
-60.624
-60.602
-60.524
-60.462
-60.411
-60.352
-60.431
-60.567
-60.451
-60.381
-60.287
-60.31
-60.342
-60.326
-60.318
-60.366
-60.347
-60.353
-60.313
-60.232
-60.15
-60.21
-60.264
-60.287
-60.305
-60.35
-60.372
-60.271
-60.219
-60.224
-60.186
-60.134
-60.094
-60.013
-59.98
-59.932
-59.856
-60.011
-59.944
-59.953
-59.937
-60.024
-60.011
-60.045
-60.029
-59.993
-59.918
-59.859
-59.892
-59.932
-59.896
-59.882
-59.802
-59.75
-59.746
-59.737
-59.633
-59.583
-59.577
-59.558
-59.6
-59.495
-59.471
-59.506
-59.501
-59.506
-59.504
-59.493
-59.491
-59.476
-59.423
-59.456
-59.469
-59.426
-59.407
-59.45
-59.424
-59.342
-59.302
-59.286
-59.245
-59.222
-59.214
-59.132
-59.143
-59.084
-58.999
-58.893
-58.886
-58.86
-58.822
-58.795
-58.778
-58.824
-58.797
-58.748
-58.805
-58.723
-58.686
-58.663
-58.634
-58.631
-58.596
-58.567
-58.629
-58.559
-58.574
-58.558
-58.569
-58.595
-58.656
-58.574
-58.527
-58.517
-58.428
-58.377
-58.269
-58.278
-58.203
-58.096
-58.079
-58.153
-58.049
-58.051
-57.983
-57.976
-58.055
-58.062
-58.064
-58.052
-58.091
-58.009
-57.884
-57.903
-57.919
-57.924
-57.891
-57.831
-57.84
-57.933
-57.866
-57.9
-57.829
-57.794
-57.763
-57.713
-57.711
-57.702
-57.709
-57.643
-57.623
-57.626
-57.569
-57.596
-57.59
-57.527
-57.511
-57.562
-57.494
-57.509
-57.523
-57.46
-57.447
-57.527
-57.57
-57.521
-57.505
-57.505
-57.556
-57.502
-57.387
-57.394
-57.373
-57.34
-57.298
-57.262
-57.257
-57.251
-57.29
-57.366
-57.344
-57.408
-57.364
-57.321
-57.382
-57.276
-57.259
-57.242
-57.212
-57.163
-57.169
-57.066
-57.072
-56.922
-56.813
-56.778
-56.834
-56.829
-56.769
-56.626
-56.585
-56.534
-56.548
-56.429
-56.329
-56.354
-56.334
-56.24
-56.216
-56.193
-56.126
-56.052
-56.032
-55.934
-55.915
-55.968
-55.945
-55.956
-55.844
-55.791
-55.848
-55.843
-55.778
-55.748
-55.734
-55.799
-55.823
-55.795
-55.795
-55.786
-55.827
-55.73
-55.707
-55.631
-55.583
-55.561
-55.44
-55.354
-55.287
-55.222
-55.194
-55.17
-55.147
-55.146
-55.167
-55.1
-55.099
-55.059
-55.041
-55.06
-55.003
-54.944
-54.832
-54.786
-54.688
-54.655
-54.587
-54.591
-54.578
-54.547
-54.523
-54.57
-54.511
-54.536
-54.375
-54.354
-54.218
-54.099
-54.017
-53.975
-53.887
-53.804
-53.733
-53.691
-53.712
-53.592
-53.494
-53.374
-53.283
-53.169
-53.175
-53.135
-53.086
-53.009
-52.898
-52.82
-52.778
-52.678
-52.603
-52.541
-52.406
-52.33
-52.286
-52.221
-52.075
-51.978
-51.901
-51.706
-51.609
-51.451
-51.359
-51.152
-50.96
-50.804
-50.672
-50.5
-50.362
-50.148
-49.978
-49.736
-49.521
-49.314
-49.079
-48.879
-48.524
-48.139
-47.819
-47.493
-47.087
-46.649
-46.22
-45.698
-45.158
-45
-45
-45
-45
-45
-45
-45
-45
-45
-45
-45
-45
-45
-45
-45
-45
-45
-45
-45
-45
-45
-45
-45
-45
-45
-45
-45
-45
-45
-45
-45
-45
-45
-45
-45
-45
-45
-45
-45
-45
-45
-45
-45
-45
-45
-45
-45
-45
-45
-45
-45
-45
-45
-45
-45
-45
-45
-45
-45
-45
-45
-45
-45
-45
-45
-45
-45
-45
-45
-45
-45
-45
-45
-45
-45
-45
-45
-45
-45
-45
-45
-45
-45
-45
-45
-45
-45
-45
-45
-45
-45
-45
-45
-45
-45
-45
-45
-45
-45
-45
-45
-45
-45
-45
-45
-45
-45
-45
-45
-45
-45
-45
-45
-45
-45
-45
-45
-45
-45
-45
-45
-45
-45
-45
-45
-45
-45
-45
-45
-45
-45
-45
-45
-45
-45
-45
-45
-45
-45.51
-46.245
-46.947
-47.578
-48.318
-49.066
-49.744
-50.412
-51.151
-51.797
-52.493
-53.152
-53.739
-54.488
-55.099
-55.686
-56.359
-57.017
-57.622
-58.25
-58.824
-59.399
-59.888
-60.352
-60.878
-61.379
-61.769
-62.262
-62.614
-62.971
-63.37
-63.782
-64.11
-64.443
-64.864
-65.189
-65.464
-65.799
-66.051
-66.232
-66.412
-66.668
-66.814
-67.052
-67.259
-67.539
-67.772
-67.936
-68.073
-68.28
-68.387
-68.528
-68.692
-68.794
-69.001
-69.045
-69.296
-69.462
-69.654
-69.78
-69.951
-70.039
-70.128
-70.188
-70.284
-70.435
-70.522
-70.64
-70.69
-70.873
-71.046
-71.146
-71.299
-71.384
-71.5
-71.713
-71.734
-71.833
-71.817
-72.014
-72.109
-72.09
-72.07
-72.283
-72.323
-72.46
-72.592
-72.65
-72.739
-72.885
-72.908
-72.948
-73.001
-73.039
-73.089
-73.15
-73.148
-73.19
-73.252
-73.284
-73.291
-73.267
-73.26
-73.29
-73.35
-73.35
-73.374
-73.348
-73.464
-73.454
-73.546
-73.532
-73.605
-73.509
-73.507
-73.431
-73.484
-73.572
-73.658
-73.61
-73.609
-73.651
-73.697
-73.798
-73.822
-73.926
-73.895
-73.914
-73.964
-74.077
-74.023
-74.12
-74.136
-74.125
-74.137
-74.134
-74.204
-74.251
-74.287
-74.41
-74.4
-74.394
-74.473
-74.468
-74.468
-74.413
-74.404
-74.427
-74.41
-74.361
-74.298
-74.327
-74.374
-74.457
-74.512
-74.455
-74.483
-74.455
-74.465
-74.529
-74.555
-74.655
-74.713
-74.814
-74.718
-74.727
-74.697
-74.668
-74.701
-74.713
-74.717
-74.615
-74.685
-74.703
-74.729
-74.706
-74.7
-74.765
-74.824
-74.811
-74.825
-74.876
-74.786
-74.817
-74.788
-74.877
-74.847
-74.867
-74.915
-74.794
-74.732
-74.76
-74.764
-74.791
-74.838
-74.873
-74.825
-74.97
-74.949
-74.962
-74.998
-74.995
-74.976
-74.998
-74.984
-75.078
-75.069
-75.08
-75.178
-75.111
-75.035
-75.045
-75.111
-75.106
-75.109
-75.154
-75.219
-75.229
-75.317
-75.261
-75.294
-75.274
-75.247
-75.13
-75.238
-75.181
-75.256
-75.254
-75.28
-75.34
-75.252
-75.267
-75.183
-75.242
-75.21
-75.292
-75.335
-75.324
-75.294
-75.245
-75.181
-75.206
-75.201
-75.247
-75.256
-75.339
-75.441
-75.441
-75.426
-75.429
-75.399
-75.409
-75.402
-75.381
-75.402
-75.389
-75.426
-75.429
-75.343
-75.368
-75.301
-75.336
-75.399
-75.461
-75.51
-75.557
-75.629
-75.614
-75.691
-75.777
-75.696
-75.721
-75.731
-75.721
-75.787
-75.818
-75.856
-75.822
-75.776
-75.765
-75.701
-75.704
-75.658
-75.602
-75.61
-75.635
-75.595
-75.581
-75.554
-75.498
-75.577
-75.531
-75.585
-75.566
-75.606
-75.748
-75.714
-75.766
-75.732
-75.757
-75.776
-75.697
-75.7
-75.705
-75.641
-75.654
-75.657
-75.633
-75.673
-75.785
-75.767
-75.651
-75.641
-75.66
-75.706
-75.693
-75.665
-75.673
-75.681
-75.635
-75.716
-75.724
-75.781
-75.835
-75.882
-75.831
-75.801
-75.706
-75.739
-75.685
-75.624
-75.595
-75.625
-75.627
-75.578
-75.646
-75.604
-75.579
-75.681
-75.753
-75.751
-75.778
-75.838
-75.873
-75.822
-75.783
-75.747
-75.667
-75.652
-75.723
-75.75
-75.705
-75.68
-75.733
-75.696
-75.754
-75.713
-75.78
-75.788
-75.817
-75.751
-75.723
-75.697
-75.621
-75.57
-75.413
-75.402
-75.392
-75.462
-75.507
-75.569
-75.626
-75.605
-75.515
-75.499
-75.479
-75.505
-75.551
-75.544
-75.611
-75.67
-75.741
-75.767
-75.818
-75.915
-75.814
-75.845
-75.802
-75.847
-75.849
-75.866
-75.877
-75.892
-75.876
-75.893
-75.883
-75.832
-75.855
-75.91
-75.978
-75.995
-76.033
-76.047
-76.111
-76.039
-76.062
-76.084
-76.131
-76.233
-76.357
-76.328
-76.364
-76.28
-76.297
-76.322
-76.327
-76.264
-76.268
-76.26
-76.273
-76.323
-76.362
-76.357
-76.369
-76.401
-76.45
-76.407
-76.412
-76.373
-76.448
-76.444
-76.361
-76.353
-76.378
-76.409
-76.392
-76.382
-76.381
-76.445
-76.46
-76.441
-76.479
-76.543
-76.541
-76.517
-76.642
-76.654
-76.682
-76.593
-76.597
-76.636
-76.682
-76.715
-76.608
-76.566
-76.578
-76.643
-76.612
-76.74
-76.748
-76.75
-76.743
-76.758
-76.688
-76.649
-76.657
-76.692
-76.622
-76.563
-76.625
-76.603
-76.648
-76.651
-76.74
-76.78
-76.706
-76.7
-76.737
-76.681
-76.697
-76.663
-76.654
-76.77
-76.807
-76.923
-76.967
-77.049
-77.059
-77.076
-77.074
-77.044
-77.008
-77.004
-76.998
-77.107
-77.145
-77.205
-77.259
-77.232
-77.236
-77.253
-77.281
-77.36
-77.353
-77.398
-77.378
-77.386
-77.393
-77.395
-77.398
-77.334
-77.4
-77.284
-77.349
-77.271
-77.292
-77.351
-77.263
-77.274
-77.308
-77.322
-77.367
-77.344
-77.371
-77.407
-77.449
-77.504
-77.578
-77.519
-77.528
-77.535
-77.546
-77.576
-77.639
-77.521
-77.513
-77.551
-77.508
-77.545
-77.569
-77.442
-77.484
-77.45
-77.319
-77.226
-77.228
-77.296
-77.301
-77.361
-77.318
-77.201
-77.21
-77.2
-77.123
-77.12
-77.025
-77.097
-77.144
-77.154
-77.197
-77.156
-77.141
-77.173
-77.184
-77.191
-77.267
-77.318
-77.369
-77.378
-77.446
-77.479
-77.603
-77.576
-77.563
-77.556
-77.61
-77.651
-77.812
-77.906
-77.843
-77.829
-77.782
-77.746
-77.647
-77.662
-77.612
-77.63
-77.712
-77.696
-77.699
-77.687
-77.793
-77.794
-77.804
-77.812
-77.957
-77.91
-77.976
-77.87
-77.9
-77.922
-78.041
-78.034
-78.088
-78.141
-78.137
-78.159
-78.127
-78.164
-78.211
-78.193
-78.193
-78.208
-78.046
-78.061
-78.178
-78.17
-78.246
-78.237
-78.288
-78.312
-78.281
-78.366
-78.382
-78.38
-78.397
-78.59
-78.719
-78.651
-78.72
-78.754
-78.733
-78.741
-78.727
-78.701
-78.698
-78.624
-78.669
-78.632
-78.552
-78.568
-78.616
-78.751
-78.824
-78.772
-78.862
-78.911
-78.985
-78.933
-78.875
-78.892
-78.799
-78.813
-78.882
-78.876
-78.934
-78.877
-78.863
-78.973
-78.999
-78.994
-79.042
-78.996
-79.08
-79.044
-79.026
-78.994
-78.978
-78.885
-78.908
-78.986
-79.029
-78.987
-78.928
-78.897
-78.824
-78.873
-78.818
-78.763
-78.779
-78.795
-78.779
-78.773
-78.825
-78.774
-78.847
-78.864
-78.92
-78.914
-78.893
-78.92
-78.829
-78.927
-78.915
-78.915
-78.941
-78.936
-78.879
-78.852
-78.936
-78.949
-79.013
-79.036
-79.114
-79.075
-79.066
-79.087
-79.168
-79.199
-79.194
-79.177
-79.14
-79.246
-79.301
-79.421
-79.424
-79.373
-79.442
-79.503
-79.453
-79.393
-79.35
-79.331
-79.278
-79.303
-79.335
-79.364
-79.344
-79.359
-79.337
-79.345
-79.35
-79.364
-79.387
-79.442
-79.543
-79.572
-79.467
-79.54
-79.591
-79.576
-79.645
-79.604
-79.67
-79.652
-79.724
-79.711
-79.686
-79.748
-79.71
-79.722
-79.718
-79.759
-79.748
-79.679
-79.695
-79.688
-79.662
-79.718
-79.73
-79.844
-79.91
-79.879
-79.898
-79.846
-79.867
-79.904
-79.903
-79.888
-79.941
-80.015
-79.969
-79.93
-79.828
-79.836
-79.797
-79.764
-79.7
-79.745
-79.701
-79.685
-79.7
-79.69
-79.667
-79.704
-79.668
-79.652
-79.624
-79.61
-79.621
-79.741
-79.717
-79.67
-79.549
-79.543
-79.675
-79.679
-79.621
-79.56
-79.635
-79.613
-79.634
-79.647
-79.63
-79.681
-79.73
-79.683
-79.678
-79.571
-79.52
-79.463
-79.46
-79.453
-79.496
-79.559
-79.536
-79.639
-79.622
-79.649
-79.564
-79.579
-79.48
-79.452
-79.425
-79.433
-79.47
-79.499
-79.533
-79.464
-79.447
-79.42
-79.476
-79.455
-79.475
-79.468
-79.509
-79.607
-79.588
-79.6
-79.58
-79.602
-79.666
-79.662
-79.658
-79.768
-79.784
-79.778
-79.728
-79.727
-79.682
-79.816
-79.746
-79.666
-79.69
-79.698
-79.682
-79.684
-79.779
-79.752
-79.585
-79.591
-79.607
-79.678
-79.677
-79.637
-79.579
-79.549
-79.637
-79.585
-79.573
-79.46
-79.442
-79.561
-79.645
-79.568
-79.549
-79.482
-79.437
-79.417
-79.449
-79.464
-79.39
-79.352
-79.506
-79.543
-79.559
-79.514
-79.512
-79.49
-79.596
-79.639
-79.603
-79.549
-79.566
-79.574
-79.688
-79.689
-79.634
-79.7
-79.701
-79.653
-79.6
-79.561
-79.576
-79.452
-79.371
-79.344
-79.306
-79.332
-79.33
-79.312
-79.289
-79.344
-79.323
-79.32
-79.319
-79.339
-79.345
-79.36
-79.457
-79.429
-79.452
-79.482
-79.44
-79.43
-79.487
-79.528
-79.498
-79.441
-79.43
-79.439
-79.411
-79.478
-79.46
-79.551
-79.563
-79.504
-79.563
-79.495
-79.459
-79.343
-79.394
-79.426
-79.498
-79.489
-79.476
-79.463
-79.502
-79.619
-79.608
-79.582
-79.591
-79.492
-79.491
-79.442
-79.479
-79.445
-79.434
-79.449
-79.513
-79.509
-79.587
-79.579
-79.425
-79.498
-79.517
-79.549
-79.494
-79.472
-79.467
-79.437
-79.456
-79.56
-79.614
-79.643
-79.596
-79.598
-79.572
-79.601
-79.57
-79.542
-79.59
-79.628
-79.661
-79.666
-79.677
-79.747
-79.648
-79.674
-79.693
-79.759
-79.778
-79.86
-79.918
-79.95
-80.025
-80.044
-80.081
-80.058
-80.099
-80.093
-80.035
-80.107
-80.116
-80.179
-80.186
-80.27
-80.361
-80.347
-80.326
-80.336
-80.33
-80.295
-80.257
-80.285
-80.19
-80.232
-80.196
-80.187
-80.157
-80.087
-80.133
-80.113
-80.055
-80.16
-80.199
-80.268
-80.353
-80.311
-80.324
-80.349
-80.345
-80.363
-80.266
-80.29
-80.264
-80.287
-80.306
-80.209
-80.263
-80.258
-80.259
-80.321
-80.292
-80.297
-80.381
-80.419
-80.353
-80.375
-80.327
-80.206
-80.102
-80.193
-80.242
-80.268
-80.329
-80.317
-80.299
-80.436
-80.446
-80.429
-80.481
-80.419
-80.378
-80.388
-80.431
-80.425
-80.399
-80.393
-80.454
-80.464
-80.573
-80.568
-80.578
-80.552
-80.454
-80.502
-80.474
-80.455
-80.405
-80.422
-80.456
-80.463
-80.365
-80.331
-80.466
-80.441
-80.378
-80.387
-80.416
-80.463
-80.522
-80.498
-80.52
-80.418
-80.428
-80.469
-80.465
-80.485
-80.459
-80.447
-80.378
-80.438
-80.364
-80.229
-80.173
-80.235
-80.277
-80.285
-80.36
-80.342
-80.319
-80.306
-80.437
-80.449
-80.366
-80.388
-80.352
-80.326
-80.349
-80.351
-80.369
-80.358
-80.418
-80.499
-80.479
-80.515
-80.497
-80.445
-80.476
-80.475
-80.519
-80.507
-80.543
-80.508
-80.552
-80.566
-80.594
-80.565
-80.556
-80.485
-80.396
-80.301
-80.304
-80.366
-80.283
-80.367
-80.39
-80.38
-80.406
-80.465
-80.562
-80.528
-80.44
-80.496
-80.455
-80.488
-80.492
-80.491
-80.509
-80.525
-80.547
-80.552
-80.554
-80.575
-80.559
-80.515
-80.627
-80.709
-80.73
-80.716
-80.731
-80.673
-80.709
-80.68
-80.692
-80.682
-80.673
-80.743
-80.613
-80.694
-80.759
-80.821
-80.846
-80.884
-80.801
-80.769
-80.749
-80.706
-80.644
-80.61
-80.64
-80.643
-80.747
-80.759
-80.712
-80.763
-80.676
-80.644
-80.606
-80.658
-80.683
-80.682
-80.623
-80.699
-80.703
-80.741
-80.779
-80.819
-80.87
-80.769
-80.676
-80.766
-80.714
-80.728
-80.798
-80.681
-80.758
-80.781
-80.702
-80.693
-80.641
-80.591
-80.684
-80.768
-80.844
-80.909
-80.95
-81.034
-81.007
-81.036
-80.862
-80.882
-80.949
-81.009
-80.992
-80.986
-80.948
-81.01
-80.907
-80.873
-80.96
-80.924
-80.97
-80.932
-81.011
-80.938
-80.928
-80.944
-80.898
-80.953
-80.949
-80.88
-80.953
-80.919
-80.891
-80.893
-80.828
-80.857
-80.837
-80.782
-80.762
-80.74
-80.72
-80.733
-80.746
-80.763
-80.865
-80.853
-80.835
-80.857
-80.885
-80.875
-80.846
-80.947
-80.937
-80.802
-80.665
-80.662
-80.639
-80.637
-80.702
-80.674
-80.656
-80.72
-80.651
-80.666
-80.715
-80.696
-80.69
-80.634
-80.561
-80.422
-80.349
-80.304
-80.324
-80.351
-80.349
-80.348
-80.38
-80.401
-80.357
-80.454
-80.461
-80.491
-80.479
-80.408
-80.37
-80.368
-80.295
-80.171
-80.136
-80.095
-79.996
-80.086
-80.093
-80.138
-80.155
-80.066
-80.085
-80.128
-80.158
-80.14
-80.104
-80.077
-80.059
-80.003
-80.013
-80.011
-79.981
-80.041
-80.171
-80.185
-80.188
-80.106
-80.188
-80.294
-80.356
-80.408
-80.543
-80.675
-80.736
-80.741
-80.658
-80.656
-80.68
-80.681
-80.747
-80.723
-80.7
-80.729
-80.681
-80.628
-80.672
-80.685
-80.657
-80.743
-80.813
-80.733
-80.737
-80.697
-80.599
-80.642
-80.596
-80.691
-80.649
-80.71
-80.669
-80.655
-80.645
-80.562
-80.505
-80.463
-80.497
-80.488
-80.522
-80.574
-80.517
-80.534
-80.529
-80.475
-80.516
-80.432
-80.338
-80.295
-80.254
-80.148
-80.043
-80.122
-80.031
-79.983
-79.942
-79.93
-79.92
-79.967
-79.936
-79.898
-79.785
-79.715
-79.667
-79.618
-79.587
-79.561
-79.607
-79.56
-79.589
-79.577
-79.544
-79.504
-79.455
-79.499
-79.407
-79.415
-79.383
-79.313
-79.193
-79.109
-79.097
-78.991
-79.035
-79.073
-79.1
-79.022
-79.071
-78.899
-78.788
-78.847
-78.773
-78.699
-78.632
-78.567
-78.618
-78.612
-78.569
-78.613
-78.588
-78.629
-78.666
-78.633
-78.546
-78.52
-78.539
-78.514
-78.583
-78.54
-78.532
-78.454
-78.363
-78.366
-78.313
-78.214
-78.247
-78.289
-78.23
-78.195
-78.2
-78.257
-78.304
-78.371
-78.363
-78.316
-78.32
-78.305
-78.295
-78.233
-78.131
-78.246
-78.197
-78.185
-78.126
-78.071
-78.036
-77.984
-77.94
-77.958
-77.901
-77.844
-77.697
-77.645
-77.505
-77.527
-77.424
-77.384
-77.366
-77.404
-77.49
-77.482
-77.459
-77.409
-77.423
-77.439
-77.47
-77.44
-77.452
-77.46
-77.528
-77.424
-77.471
-77.308
-77.359
-77.332
-77.242
-77.194
-77.197
-77.283
-77.181
-77.263
-77.19
-77.064
-77.08
-77.048
-77.114
-77.095
-77.193
-77.17
-77.225
-77.227
-77.202
-77.204
-77.166
-77.2
-77.236
-77.197
-77.154
-77.077
-77.067
-77.06
-77.072
-77.125
-77.085
-76.969
-76.949
-77.004
-76.966
-76.925
-76.827
-76.757
-76.708
-76.756
-76.819
-76.803
-76.71
-76.628
-76.593
-76.565
-76.527
-76.482
-76.413
-76.347
-76.347
-76.324
-76.267
-76.294
-76.389
-76.344
-76.36
-76.364
-76.301
-76.32
-76.333
-76.299
-76.253
-76.209
-76.143
-76.15
-76.119
-76.112
-76.09
-76.077
-76.019
-76.051
-76.016
-75.984
-76.064
-76.111
-76.113
-76.201
-76.213
-76.234
-76.193
-76.241
-76.237
-76.28
-76.247
-76.35
-76.297
-76.279
-76.369
-76.336
-76.387
-76.459
-76.45
-76.393
-76.353
-76.387
-76.318
-76.271
-76.216
-76.282
-76.281
-76.204
-76.155
-76.124
-76.145
-76.159
-76.108
-76.138
-76.104
-76.189
-76.112
-76.232
-76.244
-76.227
-76.199
-76.236
-76.376
-76.369
-76.286
-76.241
-76.291
-76.309
-76.314
-76.34
-76.33
-76.391
-76.415
-76.427
-76.416
-76.358
-76.236
-76.165
-76.161
-76.116
-76.17
-76.24
-76.397
-76.445
-76.433
-76.445
-76.481
-76.563
-76.563
-76.489
-76.51
-76.55
-76.562
-76.65
-76.653
-76.615
-76.528
-76.492
-76.422
-76.431
-76.495
-76.413
-76.365
-76.404
-76.337
-76.298
-76.293
-76.252
-76.181
-76.145
-76.243
-76.274
-76.299
-76.242
-76.262
-76.202
-76.108
-76.065
-75.938
-75.833
-75.76
-75.758
-75.741
-75.719
-75.734
-75.757
-75.72
-75.744
-75.768
-75.726
-75.734
-75.699
-75.744
-75.776
-75.774
-75.676
-75.651
-75.641
-75.606
-75.562
-75.579
-75.503
-75.569
-75.538
-75.58
-75.536
-75.533
-75.556
-75.566
-75.558
-75.542
-75.609
-75.6
-75.624
-75.653
-75.54
-75.536
-75.624
-75.572
-75.565
-75.49
-75.504
-75.461
-75.466
-75.474
-75.484
-75.525
-75.486
-75.455
-75.517
-75.451
-75.507
-75.462
-75.498
-75.517
-75.516
-75.527
-75.56
-75.582
-75.569
-75.541
-75.566
-75.516
-75.447
-75.387
-75.381
-75.415
-75.5
-75.623
-75.598
-75.596
-75.59
-75.552
-75.623
-75.615
-75.598
-75.562
-75.482
-75.482
-75.428
-75.369
-75.379
-75.395
-75.445
-75.523
-75.557
-75.477
-75.484
-75.412
-75.431
-75.354
-75.29
-75.25
-75.307
-75.317
-75.29
-75.308
-75.317
-75.336
-75.368
-75.244
-75.35
-75.367
-75.527
-75.515
-75.507
-75.51
-75.416
-75.547
-75.564
-75.575
-75.554
-75.476
-75.509
-75.442
-75.422
-75.432
-75.379
-75.265
-75.215
-75.208
-75.186
-75.172
-75.162
-75.157
-75.223
-75.107
-75.076
-75.031
-75.038
-75.06
-74.992
-75.042
-75.034
-75.028
-75.126
-75.049
-75.044
-75.056
-75.102
-75.095
-74.987
-74.955
-74.958
-74.932
-74.892
-74.911
-74.885
-74.926
-74.971
-74.959
-74.895
-74.776
-74.752
-74.716
-74.764
-74.74
-74.741
-74.86
-74.89
-74.943
-74.837
-74.888
-74.812
-74.8
-74.804
-74.846
-74.718
-74.671
-74.718
-74.685
-74.636
-74.665
-74.584
-74.563
-74.635
-74.499
-74.588
-74.58
-74.608
-74.603
-74.565
-74.584
-74.622
-74.646
-74.699
-74.604
-74.552
-74.528
-74.552
-74.579
-74.524
-74.531
-74.48
-74.486
-74.533
-74.622
-74.556
-74.51
-74.495
-74.447
-74.417
-74.337
-74.356
-74.368
-74.273
-74.292
-74.311
-74.307
-74.335
-74.377
-74.455
-74.451
-74.437
-74.412
-74.33
-74.326
-74.32
-74.329
-74.434
-74.398
-74.381
-74.261
-74.252
-74.265
-74.249
-74.222
-74.275
-74.215
-74.165
-74.169
-74.164
-74.188
-74.189
-74.214
-74.168
-74.077
-74.118
-74.186
-74.19
-74.157
-74.23
-74.22
-74.116
-74.037
-73.989
-74
-73.965
-73.956
-73.918
-74.034
-74.103
-74.15
-74.117
-74.032
-74.1
-74.134
-74.084
-74.064
-74.193
-74.225
-74.268
-74.275
-74.292
-74.233
-74.289
-74.274
-74.261
-74.299
-74.243
-74.295
-74.33
-74.454
-74.467
-74.556
-74.569
-74.583
-74.553
-74.556
-74.571
-74.572
-74.533
-74.597
-74.613
-74.55
-74.528
-74.589
-74.622
-74.617
-74.502
-74.451
-74.472
-74.411
-74.432
-74.498
-74.424
-74.428
-74.363
-74.274
-74.283
-74.285
-74.224
-74.204
-74.154
-74.109
-74.022
-74.047
-74.03
-74.08
-74.141
-74.106
-74.149
-74.135
-74.123
-74.234
-74.184
-74.201
-74.223
-74.175
-74.199
-74.262
-74.193
-74.13
-74.148
-74.156
-74.224
-74.21
-74.352
-74.274
-74.302
-74.406
-74.411
-74.396
-74.345
-74.367
-74.39
-74.512
-74.456
-74.587
-74.541
-74.555
-74.591
-74.557
-74.589
-74.571
-74.65
-74.65
-74.654
-74.623
-74.585
-74.544
-74.568
-74.52
-74.517
-74.545
-74.425
-74.452
-74.461
-74.507
-74.545
-74.623
-74.671
-74.671
-74.676
-74.652
-74.661
-74.672
-74.564
-74.584
-74.64
-74.586
-74.569
-74.529
-74.538
-74.505
-74.567
-74.526
-74.512
-74.46
-74.514
-74.477
-74.455
-74.418
-74.258
-74.209
-74.209
-74.164
-74.155
-74.153
-74.134
-74.209
-74.229
-74.218
-74.272
-74.256
-74.232
-74.284
-74.368
-74.302
-74.321
-74.339
-74.306
-74.218
-74.242
-74.283
-74.178
-74.164
-74.21
-74.166
-74.263
-74.282
-74.284
-74.326
-74.225
-74.266
-74.322
-74.347
-74.31
-74.287
-74.226
-74.215
-74.198
-74.205
-74.256
-74.254
-74.203
-74.207
-74.046
-74.122
-74.044
-74.045
-73.981
-73.938
-73.986
-74.003
-73.997
-74.065
-74.096
-73.983
-73.969
-73.959
-73.965
-73.939
-73.872
-73.935
-73.915
-73.917
-73.994
-74.033
-74.036
-73.974
-73.992
-73.997
-73.975
-74.014
-74.063
-74.036
-73.956
-73.987
-73.923
-73.866
-73.876
-73.809
-73.759
-73.847
-73.882
-73.939
-73.926
-73.831
-73.847
-73.907
-73.88
-73.802
-73.836
-73.856
-73.879
-73.873
-73.817
-73.917
-73.903
-73.855
-73.769
-73.786
-73.854
-73.789
-73.812
-73.841
-73.767
-73.79
-73.778
-73.777
-73.85
-73.871
-73.964
-73.863
-73.839
-73.815
-73.791
-73.854
-73.823
-73.853
-73.831
-73.965
-73.98
-73.903
-73.915
-73.979
-73.977
-73.947
-73.96
-74.003
-74.013
-73.924
-73.772
-73.721
-73.74
-73.787
-73.781
-73.719
-73.754
-73.698
-73.727
-73.717
-73.685
-73.833
-73.839
-73.839
-73.832
-73.895
-73.91
-73.95
-73.922
-73.928
-73.879
-73.846
-73.764
-73.788
-73.862
-73.893
-73.866
-73.912
-73.908
-73.86
-73.886
-73.915
-73.755
-73.84
-73.773
-73.774
-73.811
-73.786
-73.678
-73.656
-73.569
-73.544
-73.632
-73.625
-73.628
-73.672
-73.725
-73.602
-73.55
-73.499
-73.521
-73.573
-73.602
-73.596
-73.562
-73.631
-73.578
-73.602
-73.694
-73.786
-73.777
-73.825
-73.799
-73.807
-73.8
-73.865
-73.928
-73.896
-73.864
-73.79
-73.825
-73.773
-73.828
-73.803
-73.831
-73.853
-73.858
-73.864
-73.881
-73.963
-73.976
-73.959
-73.892
-73.901
-73.923
-73.88
-73.898
-73.913
-73.84
-73.842
-73.778
-73.772
-73.75
-73.754
-73.711
-73.78
-73.798
-73.743
-73.769
-73.813
-73.903
-73.979
-74.025
-74.01
-73.969
-73.892
-73.832
-73.871
-73.842
-73.907
-73.922
-73.986
-74.066
-74.041
-73.97
-73.997
-74.02
-73.975
-74.035
-74.016
-74.079
-74.149
-74.159
-74.154
-74.061
-74.129
-74.153
-74.16
-74.147
-74.126
-74.08
-74.103
-74.154
-74.205
-74.136
-74.051
-74.068
-73.983
-74.056
-74.062
-74.13
-74.198
-74.049
-74.044
-73.994
-73.973
-73.976
-73.92
-73.763
-73.715
-73.729
-73.619
-73.629
-73.62
-73.566
-73.553
-73.51
-73.454
-73.484
-73.468
-73.436
-73.381
-73.324
-73.243
-73.243
-73.295
-73.258
-73.162
-73.047
-73.062
-73.008
-73.001
-72.976
-72.931
-72.951
-72.958
-72.922
-72.901
-72.812
-72.868
-72.88
-72.932
-72.91
-72.969
-72.943
-72.894
-72.868
-72.758
-72.705
-72.679
-72.694
-72.667
-72.681
-72.591
-72.565
-72.52
-72.526
-72.508
-72.415
-72.387
-72.407
-72.307
-72.309
-72.293
-72.318
-72.358
-72.297
-72.306
-72.35
-72.449
-72.312
-72.333
-72.39
-72.293
-72.247
-72.213
-72.241
-72.24
-72.274
-72.246
-72.182
-72.199
-72.116
-71.977
-71.975
-71.97
-71.899
-71.847
-71.773
-71.748
-71.739
-71.687
-71.702
-71.66
-71.565
-71.484
-71.526
-71.506
-71.41
-71.42
-71.398
-71.345
-71.42
-71.414
-71.321
-71.367
-71.29
-71.273
-71.331
-71.311
-71.319
-71.191
-71.154
-71.121
-71.167
-71.269
-71.23
-71.242
-71.448
-71.411
-71.43
-71.258
-71.264
-71.287
-71.275
-71.185
-71.217
-71.289
-71.328
-71.326
-71.296
-71.278
-71.315
-71.29
-71.311
-71.318
-71.302
-71.321
-71.332
-71.402
-71.36
-71.283
-71.199
-71.2
-71.269
-71.259
-71.3
-71.348
-71.333
-71.345
-71.312
-71.25
-71.225
-71.216
-71.297
-71.267
-71.189
-71.087
-71.029
-71.038
-71.014
-71.013
-71.042
-71.054
-71.022
-70.996
-70.975
-70.968
-70.975
-70.961
-70.935
-70.953
-70.937
-70.835
-70.877
-70.826
-70.775
-70.842
-70.802
-70.859
-70.838
-70.829
-70.787
-70.745
-70.76
-70.724
-70.785
-70.828
-70.861
-70.854
-70.877
-70.939
-70.911
-70.993
-71.022
-70.956
-71.024
-71.032
-71.18
-71.151
-71.17
-71.176
-71.242
-71.254
-71.253
-71.249
-71.253
-71.201
-71.255
-71.306
-71.356
-71.41
-71.466
-71.357
-71.357
-71.349
-71.352
-71.306
-71.227
-71.24
-71.236
-71.216
-71.253
-71.276
-71.248
-71.206
-71.258
-71.271
-71.298
-71.29
-71.246
-71.177
-71.225
-71.362
-71.372
-71.392
-71.465
-71.484
-71.481
-71.44
-71.611
-71.701
-71.688
-71.696
-71.684
-71.698
-71.668
-71.569
-71.547
-71.582
-71.512
-71.471
-71.421
-71.426
-71.494
-71.483
-71.415
-71.376
-71.391
-71.34
-71.252
-71.319
-71.247
-71.297
-71.294
-71.342
-71.356
-71.396
-71.348
-71.278
-71.281
-71.251
-71.193
-71.184
-71.224
-71.243
-71.26
-71.234
-71.136
-71.157
-71.117
-71.064
-70.998
-70.886
-70.896
-70.856
-70.847
-70.886
-70.883
-70.877
-70.723
-70.757
-70.775
-70.788
-70.778
-70.783
-70.774
-70.737
-70.712
-70.664
-70.598
-70.509
-70.533
-70.542
-70.619
-70.619
-70.544
-70.61
-70.675
-70.689
-70.731
-70.757
-70.747
-70.783
-70.722
-70.598
-70.618
-70.576
-70.582
-70.526
-70.583
-70.602
-70.551
-70.527
-70.521
-70.52
-70.525
-70.463
-70.383
-70.317
-70.322
-70.296
-70.332
-70.373
-70.33
-70.268
-70.337
-70.328
-70.306
-70.372
-70.394
-70.386
-70.312
-70.313
-70.349
-70.326
-70.247
-70.331
-70.436
-70.33
-70.272
-70.33
-70.327
-70.309
-70.262
-70.217
-70.254
-70.298
-70.323
-70.203
-70.221
-70.228
-70.186
-70.207
-70.243
-70.276
-70.274
-70.321
-70.347
-70.399
-70.429
-70.449
-70.389
-70.464
-70.418
-70.393
-70.423
-70.39
-70.362
-70.296
-70.216
-70.281
-70.224
-70.33
-70.369
-70.413
-70.439
-70.501
-70.451
-70.488
-70.436
-70.41
-70.428
-70.358
-70.338
-70.356
-70.367
-70.32
-70.209
-70.324
-70.259
-70.366
-70.347
-70.444
-70.303
-70.299
-70.312
-70.198
-70.292
-70.367
-70.358
-70.348
-70.385
-70.341
-70.252
-70.252
-70.263
-70.276
-70.195
-70.103
-70.137
-70.103
-70.086
-70.073
-69.981
-69.862
-69.832
-69.835
-69.814
-69.763
-69.792
-69.719
-69.577
-69.632
-69.655
-69.586
-69.606
-69.479
-69.457
-69.445
-69.403
-69.362
-69.387
-69.388
-69.308
-69.28
-69.314
-69.295
-69.326
-69.428
-69.393
-69.477
-69.504
-69.55
-69.537
-69.509
-69.599
-69.668
-69.624
-69.604
-69.54
-69.544
-69.639
-69.62
-69.641
-69.772
-69.77
-69.773
-69.834
-69.835
-69.787
-69.795
-69.786
-69.764
-69.721
-69.846
-69.879
-69.918
-69.919
-69.97
-69.975
-69.97
-70.037
-70.149
-70.232
-70.24
-70.278
-70.191
-70.259
-70.232
-70.255
-70.238
-70.197
-70.154
-70.25
-70.292
-70.248
-70.282
-70.347
-70.223
-70.274
-70.382
-70.425
-70.449
-70.416
-70.428
-70.428
-70.532
-70.498
-70.475
-70.462
-70.404
-70.42
-70.428
-70.485
-70.444
-70.394
-70.513
-70.583
-70.559
-70.593
-70.506
-70.545
-70.508
-70.443
-70.438
-70.513
-70.516
-70.45
-70.421
-70.414
-70.38
-70.381
-70.451
-70.466
-70.425
-70.529
-70.479
-70.47
-70.375
-70.334
-70.337
-70.43
-70.37
-70.326
-70.316
-70.321
-70.249
-70.195
-70.142
-70.141
-70.13
-70.092
-70.081
-70.029
-70.09
-70.044
-70.033
-70.09
-70.076
-70.048
-69.993
-69.948
-69.929
-69.866
-69.899
-69.907
-69.916
-69.873
-69.872
-69.817
-69.775
-69.751
-69.883
-69.816
-69.716
-69.752
-69.79
-69.799
-69.771
-69.722
-69.792
-69.786
-69.723
-69.648
-69.655
-69.692
-69.798
-69.777
-69.736
-69.751
-69.753
-69.672
-69.699
-69.702
-69.726
-69.758
-69.808
-69.797
-69.838
-69.863
-69.935
-69.96
-69.991
-70.015
-69.977
-69.951
-69.931
-69.95
-69.884
-69.906
-70.015
-70.018
-69.951
-69.923
-70.008
-70.004
-70.007
-69.991
-70.071
-70.046
-70.081
-70.091
-70.017
-70.009
-70.001
-70.09
-70.164
-70.069
-70.071
-69.938
-69.97
-69.974
-69.93
-70.026
-70.059
-70.087
-70.142
-70.225
-70.231
-70.251
-70.326
-70.286
-70.218
-70.181
-70.229
-70.291
-70.178
-70.167
-70.124
-70.01
-69.951
-70.008
-70.028
-70.036
-69.994
-70.02
-69.991
-70.039
-70.015
-69.956
-69.976
-69.959
-69.937
-70.011
-70.033
-70.053
-70.04
-70.006
-70.044
-70.084
-70.103
-70.042
-70.015
-69.95
-69.892
-69.961
-69.952
-69.963
-70.023
-70.088
-70.027
-70.091
-70.079
-70.092
-70.116
-70.151
-70.091
-70.161
-70.11
-70.051
-70.051
-70.008
-69.95
-70.006
-69.966
-70.068
-70.048
-70.057
-70.133
-70.234
-70.206
-70.194
-70.169
-70.157
-70.169
-70.198
-70.244
-70.246
-70.312
-70.358
-70.323
-70.321
-70.327
-70.328
-70.294
-70.254
-70.168
-70.248
-70.233
-70.227
-70.274
-70.261
-70.316
-70.342
-70.323
-70.336
-70.336
-70.345
-70.385
-70.374
-70.322
-70.244
-70.238
-70.247
-70.151
-70.112
-70.136
-70.168
-70.105
-70.152
-70.159
-70.092
-70.089
-70.156
-70.078
-70.04
-70.101
-70.162
-70.216
-70.131
-70.051
-70.042
-70.099
-70.105
-70.136
-70.072
-70.078
-70.099
-70.09
-70.123
-70.179
-70.171
-70.215
-70.232
-70.232
-70.24
-70.137
-70.238
-70.282
-70.226
-70.227
-70.139
-70.211
-70.255
-70.248
-70.204
-70.191
-70.32
-70.304
-70.297
-70.28
-70.263
-70.314
-70.334
-70.316
-70.307
-70.319
-70.348
-70.344
-70.313
-70.327
-70.378
-70.385
-70.462
-70.398
-70.396
-70.393
-70.381
-70.344
-70.443
-70.526
-70.456
-70.574
-70.607
-70.559
-70.507
-70.6
-70.522
-70.474
-70.477
-70.494
-70.517
-70.622
-70.553
-70.598
-70.528
-70.548
-70.585
-70.62
-70.682
-70.744
-70.765
-70.78
-70.691
-70.695
-70.686
-70.701
-70.762
-70.855
-70.845
-70.887
-70.787
-70.855
-70.864
-70.87
-70.918
-70.986
-71.046
-71.01
-70.926
-70.864
-70.9
-70.871
-70.921
-70.893
-70.915
-70.954
-70.968
-71.003
-70.976
-71.03
-71.037
-71.047
-71.146
-71.166
-71.155
-71.186
-71.246
-71.206
-71.211
-71.262
-71.206
-71.138
-71.14
-71.176
-71.146
-71.15
-71.195
-71.284
-71.282
-71.17
-71.078
-71.109
-71.148
-71.204
-71.15
-71.183
-71.225
-71.291
-71.239
-71.167
-71.102
-71.154
-71.162
-71.244
-71.14
-71.152
-71.314
-71.326
-71.264
-71.212
-71.289
-71.36
-71.295
-71.331
-71.33
-71.394
-71.464
-71.419
-71.464
-71.407
-71.375
-71.284
-71.288
-71.266
-71.282
-71.3
-71.328
-71.253
-71.239
-71.243
-71.244
-71.297
-71.363
-71.408
-71.343
-71.368
-71.308
-71.411
-71.45
-71.513
-71.559
-71.618
-71.574
-71.666
-71.669
-71.672
-71.709
-71.644
-71.62
-71.634
-71.62
-71.661
-71.725
-71.746
-71.699
-71.683
-71.641
-71.632
-71.655
-71.689
-71.743
-71.803
-71.862
-71.732
-71.683
-71.654
-71.734
-71.769
-71.758
-71.67
-71.593
-71.635
-71.58
-71.577
-71.56
-71.65
-71.651
-71.748
-71.79
-71.817
-71.847
-71.856
-71.825
-71.864
-71.856
-71.921
-71.854
-71.917
-71.911
-71.926
-71.929
-71.978
-71.949
-72.02
-72.036
-72.036
-72.125
-72.071
-72.032
-72.074
-72.1
-72.072
-72.029
-71.95
-71.962
-71.93
-71.94
-71.897
-71.954
-71.943
-71.909
-71.953
-71.886
-71.836
-71.839
-71.835
-71.836
-71.848
-71.852
-71.906
-71.927
-71.913
-71.924
-71.95
-71.97
-71.996
-71.964
-71.988
-71.99
-71.969
-71.937
-72.009
-72.037
-72.088
-72.027
-72.059
-72.129
-72.133
-72.156
-72.185
-72.148
-72.232
-72.359
-72.333
-72.275
-72.23
-72.235
-72.269
-72.234
-72.272
-72.208
-72.266
-72.182
-72.118
-72.196
-72.137
-72.172
-72.216
-72.182
-72.199
-72.235
-72.332
-72.343
-72.33
-72.213
-72.101
-72.152
-72.291
-72.352
-72.427
-72.448
-72.444
-72.449
-72.476
-72.507
-72.464
-72.593
-72.612
-72.663
-72.652
-72.696
-72.698
-72.659
-72.551
-72.624
-72.63
-72.642
-72.659
-72.717
-72.749
-72.733
-72.786
-72.836
-72.751
-72.701
-72.672
-72.635
-72.618
-72.584
-72.639
-72.705
-72.694
-72.64
-72.587
-72.474
-72.49
-72.516
-72.467
-72.456
-72.556
-72.672
-72.642
-72.655
-72.54
-72.528
-72.681
-72.77
-72.722
-72.658
-72.695
-72.657
-72.671
-72.633
-72.599
-72.55
-72.562
-72.59
-72.645
-72.632
-72.7
-72.662
-72.633
-72.607
-72.599
-72.64
-72.665
-72.721
-72.708
-72.762
-72.771
-72.795
-72.796
-72.82
-72.846
-72.751
-72.726
-72.767
-72.715
-72.773
-72.802
-72.927
-72.84
-72.866
-72.918
-73.045
-73.082
-73.171
-73.104
-73.184
-73.159
-73.195
-73.231
-73.252
-73.279
-73.221
-73.202
-73.088
-73.073
-73.132
-73.079
-73.014
-72.971
-73.049
-73.1
-73.093
-73.064
-73.157
-73.137
-73.127
-73.244
-73.235
-73.235
-73.181
-73.189
-73.25
-73.24
-73.23
-73.198
-73.164
-73.122
-73.131
-73.162
-73.172
-73.223
-73.166
-73.217
-73.154
-73.128
-73.114
-73.151
-73.135
-73.167
-73.173
-73.201
-73.217
-73.186
-73.22
-73.217
-73.254
-73.275
-73.335
-73.367
-73.433
-73.363
-73.442
-73.455
-73.458
-73.517
-73.631
-73.689
-73.691
-73.704
-73.61
-73.585
-73.62
-73.606
-73.57
-73.676
-73.667
-73.783
-73.88
-73.847
-73.948
-73.982
-73.973
-73.951
-73.975
-73.94
-73.904
-73.951
-73.927
-74.011
-73.957
-73.949
-73.892
-73.886
-73.897
-73.886
-73.823
-73.768
-73.822
-73.803
-73.832
-73.842
-73.837
-73.81
-73.805
-73.837
-73.841
-73.858
-73.875
-73.908
-73.839
-73.817
-73.804
-73.776
-73.821
-73.73
-73.724
-73.77
-73.81
-73.808
-73.842
-73.848
-73.783
-73.744
-73.775
-73.781
-73.766
-73.695
-73.725
-73.707
-73.725
-73.785
-73.798
-73.784
-73.723
-73.812
-73.902
-73.918
-73.929
-73.989
-73.941
-73.898
-73.915
-73.918
-73.925
-73.956
-73.973
-73.98
-73.965
-73.917
-73.871
-73.817
-73.747
-73.709
-73.652
-73.674
-73.649
-73.739
-73.731
-73.752
-73.655
-73.666
-73.656
-73.691
-73.75
-73.771
-73.857
-73.822
-73.895
-73.848
-73.815
-73.872
-73.884
-73.887
-73.915
-73.925
-73.922
-73.886
-73.892
-73.885
-73.973
-74.078
-74.049
-74.051
-74.036
-74.056
-74.12
-74.136
-74.145
-74.087
-74.093
-74.014
-73.964
-73.86
-73.76
-73.836
-73.829
-73.847
-73.8
-73.952
-73.986
-73.989
-74.008
-73.953
-73.928
-73.934
-73.987
-73.926
-73.991
-73.987
-73.989
-74.023
-74.081
-74.132
-74.091
-74.095
-74.099
-74.126
-74.144
-74.158
-74.187
-74.207
-74.194
-74.2
-74.242
-74.257
-74.317
-74.362
-74.317
-74.314
-74.331
-74.307
-74.342
-74.383
-74.423
-74.484
-74.531
-74.451
-74.494
-74.47
-74.568
-74.505
-74.573
-74.609
-74.627
-74.589
-74.565
-74.646
-74.644
-74.68
-74.646
-74.607
-74.703
-74.742
-74.799
-74.687
-74.672
-74.584
-74.574
-74.569
-74.581
-74.582
-74.631
-74.659
-74.663
-74.707
-74.682
-74.627
-74.671
-74.729
-74.668
-74.554
-74.581
-74.642
-74.687
-74.768
-74.773
-74.818
-74.804
-74.872
-74.781
-74.833
-74.788
-74.794
-74.914
-74.93
-74.936
-74.955
-74.999
-75.007
-75.088
-75.234
-75.307
-75.407
-75.379
-75.321
-75.234
-75.253
-75.347
-75.335
-75.379
-75.415
-75.44
-75.405
-75.424
-75.388
-75.464
-75.47
-75.5
-75.53
-75.481
-75.47
-75.471
-75.485
-75.512
-75.539
-75.604
-75.586
-75.53
-75.548
-75.606
-75.633
-75.563
-75.686
-75.716
-75.665
-75.737
-75.748
-75.767
-75.762
-75.687
-75.75
-75.711
-75.771
-75.727
-75.683
-75.658
-75.721
-75.674
-75.681
-75.57
-75.583
-75.639
-75.753
-75.735
-75.786
-75.847
-75.787
-75.781
-75.656
-75.678
-75.636
-75.693
-75.601
-75.656
-75.687
-75.68
-75.777
-75.736
-75.672
-75.76
-75.733
-75.744
-75.752
-75.784
-75.757
-75.836
-75.861
-75.773
-75.672
-75.811
-75.841
-75.792
-75.708
-75.71
-75.719
-75.657
-75.709
-75.699
-75.713
-75.738
-75.747
-75.674
-75.735
-75.836
-75.828
-75.876
-75.808
-75.88
-75.915
-75.902
-75.862
-75.815
-75.858
-75.832
-75.83
-75.855
-75.852
-75.906
-76.011
-76.111
-76.131
-76.2
-76.157
-76.199
-76.258
-76.349
-76.363
-76.392
-76.426
-76.42
-76.405
-76.455
-76.474
-76.488
-76.548
-76.583
-76.595
-76.59
-76.61
-76.681
-76.633
-76.551
-76.581
-76.617
-76.658
-76.667
-76.629
-76.608
-76.584
-76.549
-76.552
-76.555
-76.55
-76.578
-76.595
-76.695
-76.674
-76.651
-76.679
-76.698
-76.782
-76.825
-76.876
-76.883
-76.866
-76.852
-76.853
-76.875
-76.935
-76.854
-76.962
-76.945
-76.987
-76.923
-77.038
-77.082
-77.12
-77.095
-77.207
-77.225
-77.239
-77.176
-77.149
-77.096
-76.994
-77.056
-77.023
-77.137
-77.213
-77.106
-77.121
-77.043
-76.994
-76.935
-77.017
-77.068
-77.119
-77.207
-77.226
-77.22
-77.317
-77.365
-77.348
-77.302
-77.319
-77.381
-77.31
-77.304
-77.256
-77.298
-77.389
-77.512
-77.51
-77.552
-77.562
-77.528
-77.459
-77.429
-77.442
-77.459
-77.396
-77.362
-77.378
-77.372
-77.317
-77.321
-77.208
-77.131
-77.172
-77.216
-77.201
-77.246
-77.241
-77.284
-77.265
-77.26
-77.316
-77.289
-77.266
-77.195
-77.133
-77.168
-77.21
-77.246
-77.348
-77.366
-77.281
-77.276
-77.223
-77.203
-77.2
-77.275
-77.322
-77.468
-77.55
-77.507
-77.549
-77.519
-77.489
-77.441
-77.354
-77.3
-77.377
-77.326
-77.377
-77.393
-77.4
-77.339
-77.407
-77.445
-77.426
-77.416
-77.435
-77.396
-77.397
-77.4
-77.363
-77.381
-77.425
-77.429
-77.41
-77.464
-77.497
-77.502
-77.571
-77.598
-77.629
-77.688
-77.636
-77.67
-77.612
-77.599
-77.656
-77.694
-77.682
-77.652
-77.702
-77.78
-77.729
-77.695
-77.674
-77.624
-77.64
-77.673
-77.74
-77.668
-77.616
-77.593
-77.604
-77.516
-77.503
-77.465
-77.434
-77.312
-77.277
-77.263
-77.273
-77.25
-77.177
-77.192
-77.152
-77.237
-77.272
-77.297
-77.285
-77.303
-77.265
-77.285
-77.252
-77.276
-77.294
-77.386
-77.444
-77.455
-77.421
-77.399
-77.415
-77.398
-77.471
-77.482
-77.446
-77.475
-77.436
-77.456
-77.41
-77.508
-77.489
-77.565
-77.655
-77.634
-77.679
-77.715
-77.84
-77.846
-77.785
-77.879
-77.96
-77.929
-78.031
-78.06
-78.027
-78.08
-78.043
-78.013
-78.045
-78.04
-78.046
-78.135
-78.156
-78.207
-78.254
-78.294
-78.289
-78.424
-78.338
-78.37
-78.373
-78.323
-78.294
-78.272
-78.356
-78.36
-78.359
-78.434
-78.538
-78.555
-78.537
-78.571
-78.558
-78.573
-78.593
-78.557
-78.637
-78.738
-78.699
-78.795
-78.72
-78.825
-78.79
-78.783
-78.78
-78.844
-78.861
-78.922
-78.855
-78.726
-78.782
-78.731
-78.802
-78.828
-78.825
-78.822
-78.88
-78.861
-78.886
-78.904
-78.829
-78.863
-78.817
-78.844
-78.872
-78.693
-78.672
-78.712
-78.647
-78.698
-78.68
-78.698
-78.732
-78.747
-78.765
-78.75
-78.771
-78.849
-78.851
-78.801
-78.785
-78.849
-78.906
-78.807
-78.879
-78.908
-79.071
-79.09
-79.084
-78.988
-79.05
-79.067
-79.091
-79.124
-79.093
-79.095
-79.036
-78.954
-79.058
-79.089
-79.121
-79.15
-79.143
-79.236
-79.268
-79.164
-79.125
-79.077
-79.071
-79.038
-79.042
-79.105
-79.07
-79.035
-79.005
-79.092
-79.233
-79.137
-79.149
-79.156
-79.112
-79.13
-79.127
-79.173
-79.239
-79.28
-79.317
-79.243
-79.259
-79.255
-79.154
-79.225
-79.319
-79.193
-79.188
-79.081
-79.098
-79.027
-79.055
-79.041
-78.974
-78.99
-79.02
-78.997
-78.883
-78.911
-78.93
-78.933
-79.072
-79.039
-78.965
-78.995
-78.949
-78.98
-78.946
-78.91
-78.964
-79.053
-79.024
-79.011
-79.054
-78.991
-78.899
-78.956
-78.995
-78.975
-78.953
-78.868
-78.912
-78.875
-78.945
-78.91
-78.956
-78.942
-78.951
-78.968
-79.012
-79.054
-79.035
-79.105
-79.012
-78.999
-79.11
-79.116
-79.072
-79.071
-79.068
-79.182
-79.176
-79.098
-79.155
-79.196
-79.278
-79.285
-79.305
-79.362
-79.386
-79.242
-79.268
-79.385
-79.423
-79.401
-79.375
-79.41
-79.34
-79.373
-79.356
-79.312
-79.314
-79.305
-79.369
-79.271
-79.217
-79.236
-79.259
-79.275
-79.22
-79.23
-79.314
-79.236
-79.193
-79.246
-79.15
-79.159
-79.13
-79.036
-79.002
-78.97
-79.033
-79.011
-78.995
-78.993
-79.032
-79.112
-79.174
-79.198
-79.188
-79.204
-79.21
-79.233
-79.27
-79.229
-79.283
-79.255
-79.264
-79.277
-79.364
-79.404
-79.436
-79.413
-79.392
-79.456
-79.511
-79.462
-79.486
-79.44
-79.464
-79.395
-79.413
-79.369
-79.405
-79.374
-79.324
-79.283
-79.235
-79.239
-79.208
-79.14
-79.135
-79.105
-79.024
-79.051
-79.063
-78.975
-78.959
-78.958
-79.009
-79.028
-79.138
-79.096
-79.094
-78.996
-79.06
-79.164
-79.132
-79.141
-79.233
-79.271
-79.253
-79.302
-79.311
-79.314
-79.379
-79.456
-79.501
-79.532
-79.592
-79.558
-79.499
-79.471
-79.467
-79.435
-79.538
-79.538
-79.529
-79.556
-79.493
-79.485
-79.491
-79.517
-79.492
-79.527
-79.466
-79.404
-79.415
-79.455
-79.427
-79.386
-79.301
-79.373
-79.398
-79.436
-79.429
-79.436
-79.396
-79.438
-79.474
-79.364
-79.31
-79.372
-79.445
-79.426
-79.422
-79.436
-79.415
-79.382
-79.275
-79.229
-79.195
-79.099
-79.059
-79.035
-79.052
-79.118
-79.048
-79.069
-79.057
-79.088
-79.164
-79.171
-79.29
-79.385
-79.331
-79.226
-79.29
-79.312
-79.234
-79.25
-79.143
-79.162
-79.24
-79.252
-79.249
-79.24
-79.231
-79.215
-79.243
-79.216
-79.205
-79.137
-79.219
-79.179
-79.149
-79.129
-79.241
-79.193
-79.157
-79.119
-79.225
-79.181
-79.245
-79.314
-79.274
-79.266
-79.327
-79.34
-79.356
-79.401
-79.362
-79.342
-79.311
-79.361
-79.482
-79.486
-79.505
-79.405
-79.384
-79.373
-79.385
-79.36
-79.537
-79.447
-79.408
-79.423
-79.502
-79.475
-79.489
-79.582
-79.582
-79.602
-79.557
-79.732
-79.707
-79.721
-79.774
-79.712
-79.771
-79.754
-79.624
-79.694
-79.649
-79.643
-79.626
-79.691
-79.595
-79.545
-79.541
-79.521
-79.526
-79.529
-79.496
-79.606
-79.538
-79.523
-79.565
-79.598
-79.634
-79.615
-79.63
-79.633
-79.645
-79.553
-79.523
-79.593
-79.595
-79.514
-79.595
-79.559
-79.563
-79.51
-79.606
-79.609
-79.584
-79.57
-79.614
-79.624
-79.586
-79.522
-79.593
-79.551
-79.611
-79.698
-79.666
-79.771
-79.809
-79.792
-79.749
-79.748
-79.765
-79.79
-79.723
-79.685
-79.715
-79.72
-79.732
-79.75
-79.693
-79.661
-79.608
-79.665
-79.677
-79.722
-79.774
-79.762
-79.799
-79.847
-79.834
-79.898
-79.88
-79.88
-79.992
-79.919
-79.916
-79.952
-79.992
-79.999
-79.948
-79.949
-80.03
-79.947
-79.974
-79.967
-79.975
-79.882
-79.814
-79.803
-79.785
-79.76
-79.761
-79.74
-79.761
-79.745
-79.747
-79.713
-79.718
-79.715
-79.753
-79.799
-79.825
-79.784
-79.794
-79.825
-79.823
-79.916
-79.861
-79.85
-79.85
-79.878
-79.916
-79.938
-79.993
-80.004
-80.048
-80.039
-79.994
-79.941
-79.919
-79.972
-79.835
-79.904
-79.969
-80.004
-79.967
-79.857
-79.865
-79.922
-79.889
-79.776
-79.701
-79.657
-79.51
-79.565
-79.597
-79.657
-79.618
-79.562
-79.61
-79.666
-79.632
-79.697
-79.703
-79.724
-79.71
-79.678
-79.603
-79.52
-79.529
-79.497
-79.497
-79.507
-79.493
-79.489
-79.564
-79.704
-79.647
-79.695
-79.651
-79.573
-79.614
-79.548
-79.505
-79.598
-79.53
-79.459
-79.493
-79.525
-79.616
-79.586
-79.629
-79.556
-79.607
-79.574
-79.516
-79.474
-79.547
-79.477
-79.554
-79.598
-79.553
-79.573
-79.581
-79.515
-79.486
-79.501
-79.594
-79.589
-79.546
-79.511
-79.582
-79.578
-79.604
-79.6
-79.651
-79.644
-79.703
-79.735
-79.775
-79.742
-79.771
-79.851
-79.943
-79.884
-79.923
-79.953
-80.038
-80.037
-80.003
-80.09
-80.126
-80.111
-80.187
-80.165
-80.243
-80.296
-80.266
-80.28
-80.233
-80.212
-80.25
-80.209
-80.154
-80.178
-80.129
-80.146
-80.082
-80.018
-80.024
-79.947
-79.958
-80.023
-80.031
-79.941
-80.015
-79.959
-79.986
-79.979
-79.966
-79.903
-79.844
-79.837
-79.949
-79.885
-79.812
-79.766
-79.855
-79.802
-79.821
-79.868
-79.887
-79.942
-79.974
-79.946
-79.976
-79.918
-79.931
-79.895
-79.963
-79.929
-79.884
-79.878
-79.847
-79.806
-79.854
-79.857
-79.895
-79.953
-79.89
-79.863
-79.904
-79.985
-80.044
-80.087
-79.993
-79.951
-80.047
-80
-80.048
-80.039
-80.105
-80.164
-80.2
-80.164
-80.116
-80.1
-80.11
-80.019
-79.974
-79.943
-79.971
-79.97
-79.982
-79.994
-79.974
-79.918
-79.881
-79.947
-79.934
-80.04
-80.029
-80.021
-80.023
-80.109
-80.194
-80.209
-80.215
-80.311
-80.379
-80.381
-80.382
-80.374
-80.418
-80.428
-80.607
-80.614
-80.68
-80.641
-80.659
-80.706
-80.794
-80.771
-80.806
-80.853
-80.827
-80.791
-80.813
-80.706
-80.797
-80.836
-80.786
-80.833
-80.792
-80.838
-80.854
-80.946
-80.891
-80.925
-80.966
-80.952
-81.042
-81.084
-81.045
-81.081
-81.122
-81.008
-80.894
-80.971
-80.925
-81
-81.016
-81.018
-80.978
-80.839
-80.787
-80.729
-80.683
-80.674
-80.736
-80.765
-80.73
-80.715
-80.699
-80.754
-80.768
-80.798
-80.807
-80.856
-80.923
-80.93
-80.895
-80.765
-80.739
-80.683
-80.661
-80.678
-80.739
-80.713
-80.726
-80.79
-80.726
-80.704
-80.634
-80.621
-80.685
-80.68
-80.711
-80.668
-80.675
-80.62
-80.621
-80.607
-80.692
-80.738
-80.717
-80.639
-80.658
-80.745
-80.672
-80.746
-80.727
-80.757
-80.789
-80.856
-80.889
-80.905
-80.855
-80.975
-80.996
-80.98
-81.04
-81.049
-81.025
-80.986
-81.08
-81.124
-81.12
-81.172
-81.194
-81.234
-81.258
-81.251
-81.135
-81.163
-81.158
-81.214
-81.237
-81.351
-81.29
-81.333
-81.257
-81.279
-81.337
-81.324
-81.411
-81.448
-81.443
-81.353
-81.52
-81.482
-81.509
-81.527
-81.562
-81.54
-81.522
-81.51
-81.521
-81.568
-81.566
-81.518
-81.453
-81.464
-81.439
-81.467
-81.443
-81.518
-81.542
-81.551
-81.512
-81.521
-81.564
-81.64
-81.578
-81.586
-81.557
-81.563
-81.577
-81.569
-81.588
-81.551
-81.576
-81.539
-81.398
-81.453
-81.44
-81.449
-81.466
-81.483
-81.4
-81.437
-81.454
-81.439
-81.436
-81.471
-81.446
-81.366
-81.419
-81.534
-81.473
-81.497
-81.532
-81.499
-81.542
-81.489
-81.402
-81.385
-81.336
-81.336
-81.419
-81.435
-81.481
-81.467
-81.413
-81.398
-81.41
-81.388
-81.407
-81.419
-81.482
-81.439
-81.363
-81.349
-81.37
-81.326
-81.4
-81.296
-81.266
-81.215
-81.199
-81.211
-81.233
-81.163
-81.131
-81.155
-81.15
-81.213
-81.176
-81.168
-81.189
-81.144
-81.146
-81.143
-81.094
-81.153
-81.135
-81.119
-81.116
-81.17
-81.248
-81.3
-81.304
-81.405
-81.361
-81.418
-81.449
-81.447
-81.413
-81.324
-81.322
-81.324
-81.244
-81.237
-81.228
-81.192
-81.219
-81.35
-81.391
-81.464
-81.422
-81.406
-81.386
-81.329
-81.356
-81.448
-81.45
-81.505
-81.529
-81.502
-81.518
-81.525
-81.409
-81.46
-81.388
-81.435
-81.397
-81.464
-81.434
-81.469
-81.472
-81.477
-81.461
-81.45
-81.434
-81.501
-81.534
-81.467
-81.546
-81.497
-81.424
-81.348
-81.326
-81.265
-81.289
-81.316
-81.264
-81.35
-81.414
-81.495
-81.561
-81.534
-81.561
-81.648
-81.655
-81.676
-81.576
-81.598
-81.657
-81.589
-81.599
-81.7
-81.667
-81.691
-81.594
-81.56
-81.443
-81.484
-81.487
-81.522
-81.623
-81.626
-81.559
-81.56
-81.598
-81.528
-81.614
-81.647
-81.704
-81.725
-81.723
-81.784
-81.825
-81.887
-81.915
-81.874
-81.858
-81.96
-81.974
-81.994
-81.968
-81.959
-81.968
-81.839
-81.755
-81.817
-81.772
-81.759
-81.712
-81.731
-81.606
-81.562
-81.639
-81.65
-81.683
-81.661
-81.673
-81.639
-81.598
-81.681
-81.734
-81.73
-81.741
-81.718
-81.669
-81.722
-81.712
-81.75
-81.783
-81.891
-81.842
-81.836
-81.936
-81.866
-81.837
-81.777
-81.82
-81.694
-81.66
-81.653
-81.644
-81.643
-81.623
-81.614
-81.675
-81.606
-81.655
-81.641
-81.64
-81.653
-81.591
-81.554
-81.515
-81.495
-81.436
-81.389
-81.384
-81.272
-81.312
-81.343
-81.243
-81.251
-81.275
-81.323
-81.362
-81.385
-81.424
-81.359
-81.359
-81.389
-81.358
-81.335
-81.288
-81.356
-81.353
-81.291
-81.358
-81.318
-81.255
-81.365
-81.325
-81.314
-81.412
-81.4
-81.349
-81.355
-81.342
-81.316
-81.284
-81.284
-81.262
-81.239
-81.197
-81.252
-81.291
-81.265
-81.306
-81.333
-81.363
-81.409
-81.523
-81.475
-81.482
-81.436
-81.401
-81.435
-81.379
-81.266
-81.212
-81.201
-81.152
-81.226
-81.248
-81.324
-81.342
-81.311
-81.358
-81.325
-81.378
-81.46
-81.539
-81.572
-81.692
-81.72
-81.699
-81.786
-81.766
-81.747
-81.736
-81.757
-81.798
-81.768
-81.712
-81.793
-81.685
-81.707
-81.681
-81.638
-81.539
-81.597
-81.558
-81.651
-81.663
-81.707
-81.708
-81.809
-81.877
-81.859
-81.833
-81.854
-81.862
-81.887
-81.908
-81.909
-81.88
-81.872
-81.797
-81.831
-81.82
-81.891
-81.965
-81.895
-81.862
-81.949
-81.938
-81.986
-81.925
-81.903
-81.878
-81.901
-81.822
-81.701
-81.636
-81.531
-81.56
-81.571
-81.623
-81.553
-81.582
-81.603
-81.606
-81.6
-81.571
-81.627
-81.584
-81.597
-81.598
-81.647
-81.574
-81.582
-81.673
-81.646
-81.728
-81.726
-81.754
-81.756
-81.829
-81.794
-81.761
-81.775
-81.79
-81.725
-81.737
-81.741
-81.737
-81.758
-81.718
-81.749
-81.781
-81.786
-81.849
-81.778
-81.847
-81.861
-81.985
-81.973
-81.913
-81.981
-81.929
-81.985
-81.97
-81.926
-81.867
-81.814
-81.715
-81.707
-81.684
-81.618
-81.69
-81.83
-81.789
-81.743
-81.767
-81.872
-81.864
-81.939
-81.874
-81.838
-81.787
-81.851
-81.827
-81.755
-81.7
-81.69
-81.717
-81.828
-81.803
-81.815
-81.866
-81.828
-81.844
-81.841
-81.802
-81.931
-81.992
-81.914
-81.992
-82.012
-82.079
-82.1
-82.091
-82.079
-82.071
-82.032
-81.992
-81.985
-82.075
-82.089
-82.091
-82.103
-82.159
-82.165
-82.167
-82.128
-82.061
-82.068
-82.14
-82.03
-81.902
-81.949
-81.908
-81.828
-81.89
-81.94
-81.914
-81.965
-81.875
-81.791
-81.793
-81.729
-81.724
-81.671
-81.658
-81.724
-81.721
-81.717
-81.764
-81.667
-81.623
-81.66
-81.681
-81.618
-81.695
-81.704
-81.7
-81.727
-81.719
-81.712
-81.701
-81.646
-81.576
-81.632
-81.662
-81.621
-81.658
-81.576
-81.597
-81.714
-81.7
-81.775
-81.793
-81.732
-81.744
-81.633
-81.733
-81.725
-81.689
-81.73
-81.859
-81.843
-81.821
-81.874
-81.908
-81.812
-81.829
-81.869
-81.927
-81.899
-81.939
-81.872
-81.862
-81.846
-81.831
-81.894
-81.856
-81.921
-81.884
-81.905
-81.912
-81.935
-81.93
-81.98
-81.989
-82.031
-82.076
-82.039
-82.071
-81.952
-81.859
-81.872
-81.957
-81.948
-81.972
-81.937
-81.926
-81.873
-81.868
-81.825
-81.876
-81.826
-81.831
-81.808
-81.834
-81.794
-81.763
-81.761
-81.746
-81.686
-81.597
-81.693
-81.844
-81.883
-81.918
-81.949
-81.985
-81.949
-81.961
-81.931
-81.92
-81.946
-81.893
-81.853
-81.877
-81.919
-81.928
-81.973
-82.051
-82.114
-82.087
-82.086
-82.054
-82.133
-82.084
