-80.426
-80.402
-80.397
-80.369
-80.345
-80.353
-80.337
-80.396
-80.411
-80.452
-80.397
-80.397
-80.413
-80.438
-80.447
-80.455
-80.467
-80.378
-80.416
-80.5
-80.595
-80.56
-80.544
-80.519
-80.503
-80.469
-80.457
-80.382
-80.403
-80.389
-80.394
-80.429
-80.44
-80.435
-80.405
-80.451
-80.491
-80.515
-80.375
-80.407
-80.355
-80.272
-80.26
-80.247
-80.19
-80.175
-80.079
-80.105
-80.039
-79.923
-79.941
-79.972
-79.972
-79.94
-80.013
-79.965
-79.963
-79.9
-79.882
-79.83
-79.912
-79.901
-79.929
-79.94
-79.899
-79.966
-79.96
-79.982
-79.967
-79.933
-79.92
-79.96
-80
-79.951
-79.967
-79.942
-79.954
-80.022
-80.046
-80.041
-80.089
-80.217
-80.25
-80.257
-80.338
-80.315
-80.316
-80.216
-80.209
-80.266
-80.159
-80.174
-80.163
-80.165
-80.116
-80.101
-80.12
-80.093
-80.1
-80.111
-80.181
-80.222
-80.132
-80.027
-79.948
-79.915
-79.949
-79.928
-79.849
-79.744
-79.782
-79.74
-79.667
-79.689
-79.71
-79.704
-79.761
-79.745
-79.716
-79.739
-79.737
-79.74
-79.692
-79.68
-79.677
-79.732
-79.835
-79.832
-79.786
-79.851
-79.832
-79.907
-79.892
-79.974
-79.954
-80.069
-80.105
-80.095
-80.106
-80.129
-80.201
-80.217
-80.168
-80.257
-80.352
-80.409
-80.459
-80.483
-80.49
-80.534
-80.553
-80.564
-80.508
-80.555
-80.444
-80.412
-80.473
-80.541
-80.59
-80.614
-80.524
-80.486
-80.469
-80.544
-80.572
-80.651
-80.679
-80.674
-80.603
-80.553
-80.503
-80.543
-80.588
-80.592
-80.661
-80.607
-80.594
-80.571
-80.504
-80.539
-80.601
-80.559
-80.555
-80.518
-80.625
-80.614
-80.606
-80.58
-80.618
-80.618
-80.58
-80.698
-80.732
-80.59
-80.501
-80.476
-80.46
-80.522
-80.578
-80.593
-80.527
-80.466
-80.462
-80.433
-80.463
-80.398
-80.375
-80.373
-80.31
-80.284
-80.27
-80.301
-80.218
-80.19
-80.183
-80.156
-80.214
-80.196
-80.22
-80.245
-80.365
-80.36
-80.27
-80.266
-80.315
-80.403
-80.342
-80.319
-80.312
-80.255
-80.141
-80.178
-80.11
-80.126
-80.14
-80.219
-80.167
-80.189
-80.127
-80.114
-80.039
-80.051
-79.994
-79.898
-79.873
-79.971
-80.009
-80.026
-80.093
-80.102
-80.097
-80.032
-79.894
-79.752
-79.783
-79.817
-79.805
-79.784
-79.81
-79.724
-79.664
-79.638
-79.649
-79.627
-79.631
-79.577
-79.548
-79.528
-79.617
-79.58
-79.489
-79.387
-79.451
-79.454
-79.401
-79.399
-79.476
-79.448
-79.411
-79.337
-79.289
-79.322
-79.436
-79.394
-79.341
-79.401
-79.389
-79.328
-79.295
-79.312
-79.271
-79.279
-79.243
-79.196
-79.242
-79.265
-79.18
-79.19
-79.122
-79.173
-79.216
-79.212
-79.237
-79.104
-78.995
-78.945
-79.027
-79.052
-79.042
-79.09
-79.102
-79.083
-79.057
-79.195
-79.165
-79.195
-79.101
-79.168
-79.091
-79.177
-79.178
-79.13
-79.1
-78.992
-79.047
-79.006
-79.034
-79.077
-79.057
-79.109
-79.156
-79.176
-79.065
-79.115
-79.131
-79.281
-79.323
-79.305
-79.375
-79.355
-79.398
-79.442
-79.377
-79.382
-79.421
-79.442
-79.466
-79.528
-79.442
-79.451
-79.527
-79.46
-79.463
-79.423
-79.43
-79.418
-79.442
-79.431
-79.435
-79.498
-79.506
-79.567
-79.641
-79.714
-79.713
-79.716
-79.66
-79.704
-79.702
-79.852
-79.902
-79.888
-79.969
-79.996
-79.94
-79.915
-79.935
-79.892
-79.925
-79.956
-79.971
-79.98
-79.931
-79.994
-79.994
-80.009
-79.991
-80.035
-80.058
-80.092
-80.117
-80.053
-80.061
-80.032
-80.113
-80.084
-80.073
-80.107
-80.163
-80.132
-80.248
-80.246
-80.159
-80.118
-80.064
-79.994
-79.99
-79.966
-80.055
-80.007
-80.052
-80.018
-79.979
-79.954
-79.964
-80.056
-80.064
-79.983
-80
-79.943
-79.93
-80.025
-80.015
-79.992
-80.068
-80.108
-80.131
-80.137
-80.088
-80.091
-80.108
-80.013
-80.063
-79.949
-79.91
-79.949
-79.996
-79.986
-79.923
-79.831
-79.859
-79.924
-79.888
-79.864
-79.843
-79.804
-79.837
-79.856
-79.866
-79.874
-79.857
-79.839
-79.887
-79.861
-79.908
-79.88
-79.868
-79.895
-80.009
-79.98
-79.879
-79.866
-79.952
-79.937
-79.951
-79.941
-80.002
-80.014
-80.075
-80.119
-80.094
-80.049
-80.061
-80.149
-80.167
-80.165
-80.126
-80.209
-80.118
-80.215
-80.19
-80.241
-80.218
-80.225
-80.111
-80.138
-80.166
-80.103
-80.09
-80.047
-80.024
-80.115
-80.12
-80.157
-80.086
-80.105
-80.148
-80.092
-80.046
-80.082
-80.076
-80.1
-80.175
-80.171
-80.229
-80.252
-80.294
-80.274
-80.308
-80.3
-80.266
-80.245
-80.292
-80.337
-80.328
-80.28
-80.299
-80.294
-80.314
-80.375
-80.319
-80.3
-80.342
-80.261
-80.246
-80.285
-80.28
-80.225
-80.101
-80.167
-80.169
-80.177
-80.133
-80.21
-80.199
-80.151
-80.11
-80.092
-79.976
-79.979
-79.946
-79.975
-80.064
-80.082
-80.131
-80.215
-80.156
-80.151
-80.124
-80.109
-80.068
-80.047
-80.088
-79.945
-79.942
-79.952
-79.895
-79.893
-79.935
-79.954
-79.872
-79.87
-79.932
-79.863
-79.904
-79.909
-79.901
-79.857
-79.828
-79.869
-79.92
-79.96
-80.049
-80.02
-80.084
-80.142
-80.121
-80.152
-80.239
-80.245
-80.387
-80.33
-80.357
-80.248
-80.224
-80.17
-80.18
-80.271
-80.22
-80.171
-80.208
-80.198
-80.113
-80.114
-80.061
-80.047
-80.05
-80.059
-80.043
-79.972
-79.974
-80.016
-80.082
-80.105
-80.093
-80.077
-80.138
-80.111
-80.148
-80.126
-80.061
-80.035
-80.065
-80.101
-80.064
-80.005
-80.026
-80.081
-80.129
-80.057
-80.096
-80.083
-80.041
-80.122
-80.102
-80.139
-80.086
-80.027
-79.982
-80.03
-80.04
-80.029
-80.072
-80.035
-80.047
-80.022
-80.025
-80.054
-80.072
-80.102
-79.998
-80.007
-79.98
-79.935
-79.939
-79.939
-79.962
-79.982
-80
-80.07
-80.108
-80.091
-80.139
-80.108
-80.123
-79.973
-79.976
-79.978
-80.027
-80.023
-79.967
-79.967
-79.97
-80.02
-80.017
-80.06
-80.05
-80.134
-80.187
-80.178
-80.278
-80.25
-80.138
-80.113
-80.237
-80.181
-80.185
-80.144
-80.072
-80.143
-80.125
-80.135
-80.122
-80.061
-80.09
-80.081
-80.052
-80.048
-80.025
-80
-80.042
-80.049
-80.044
-80.056
-79.985
-79.968
-79.979
-80.048
-80.071
-80.091
-80.17
-80.072
-80.056
-80.012
-80.036
-79.984
-80.095
-79.966
-79.934
-79.879
-79.857
-79.87
-79.853
-79.939
-79.975
-79.99
-79.968
-80.015
-80.067
-80.105
-80.145
-80.02
-80.065
-80.048
-80.019
-79.997
-79.982
-80.021
-79.988
-80.064
-80.104
-80.095
-80.05
-80.16
-80.249
-80.278
-80.276
-80.248
-80.281
-80.253
-80.271
-80.37
-80.355
-80.363
-80.287
-80.279
-80.337
-80.373
-80.385
-80.347
-80.297
-80.242
-80.145
-80.099
-80.024
-79.999
-80.019
-80.101
-79.925
-79.919
-79.933
-79.866
-79.902
-79.927
-79.952
-79.884
-79.859
-79.813
-79.784
-79.798
-79.826
-79.824
-79.925
-79.958
-80.014
-79.945
-79.94
-79.89
-79.911
-79.875
-79.868
-79.911
-79.935
-79.942
-79.876
-79.889
-79.874
-79.83
-79.92
-79.92
-79.916
-79.913
-79.847
-79.895
-79.863
-79.822
-79.776
-79.827
-79.709
-79.735
-79.748
-79.801
-79.858
-79.88
-79.817
-79.819
-79.872
-79.904
-79.911
-80.007
-80.041
-80.031
-79.881
-79.876
-79.984
-80.01
-80.023
-79.955
-79.966
-80.067
-80.161
-80.194
-80.158
-80.174
-80.084
-80.076
-80.093
-80.106
-80.026
-79.979
-80.035
-80.032
-80.027
-80.025
-80.115
-80.17
-80.175
-80.198
-80.197
-80.223
-80.107
-80.173
-80.142
-80.056
-80.066
-80.101
-80.07
-80.057
-80.077
-80.06
-79.987
-79.903
-79.889
-79.974
-79.865
-79.959
-79.977
-79.953
-79.898
-79.764
-79.787
-79.71
-79.76
-79.798
-79.785
-79.667
-79.673
-79.73
-79.711
-79.642
-79.562
-79.514
-79.536
-79.554
-79.656
-79.696
-79.736
-79.717
-79.76
-79.785
-79.785
-79.797
-79.753
-79.707
-79.699
-79.657
-79.631
-79.594
-79.57
-79.609
-79.719
-79.759
-79.787
-79.762
-79.846
-79.822
-79.868
-79.841
-79.862
-79.883
-79.91
-79.881
-79.905
-79.864
-79.872
-79.939
-79.967
-79.876
-79.892
-79.783
-79.793
-79.8
-79.774
-79.718
-79.795
-79.923
-79.838
-79.845
-79.877
-79.794
-79.765
-79.755
-79.845
-79.925
-79.849
-79.921
-79.921
-79.948
-79.959
-79.887
-79.869
-79.828
-79.879
-79.853
-79.788
-79.676
-79.749
-79.727
-79.772
-79.793
-79.829
-79.746
-79.728
-79.725
-79.702
-79.685
-79.651
-79.707
-79.759
-79.709
-79.74
-79.782
-79.776
-79.875
-79.844
-79.854
-79.83
-79.758
-79.787
-79.86
-79.833
-79.749
-79.852
-79.843
-79.879
-79.893
-80.02
-79.963
-79.888
-79.943
-79.878
-79.917
-79.921
-79.932
-79.985
-79.984
-80.027
-79.993
-79.993
-80.085
-80.201
-80.219
-80.35
-80.386
-80.344
-80.397
-80.5
-80.394
-80.338
-80.308
-80.373
-80.36
-80.362
-80.356
-80.263
-80.222
-80.197
-80.188
-80.168
-80.193
-80.149
-80.16
-80.099
-80.07
-79.93
-79.865
-79.834
-79.767
-79.874
-79.873
-79.98
-79.951
-79.88
-79.941
-79.852
-79.873
-79.871
-79.863
-79.878
-79.876
-79.87
-79.938
-79.98
-80.111
-80.179
-80.148
-80.199
-80.216
-80.186
-80.142
-80.127
-80.213
-80.105
-80.118
-80.038
-80.032
-79.998
-80.005
-79.972
-80.047
-80.105
-80.052
-80.091
-80.155
-80.131
-80.126
-80.145
-80.186
-80.11
-80.07
-79.942
-80.014
-79.971
-79.989
-79.98
-80.055
-80.052
-80.098
-80.185
-80.181
-80.119
-80.082
-79.981
-80.055
-80.079
-80.092
-80.073
-80.104
-80.11
-80.14
-80.129
-80.156
-80.106
-80.167
-80.235
-80.217
-80.275
-80.222
-80.255
-80.293
-80.353
-80.338
-80.209
-80.144
-80.188
-80.248
-80.197
-80.14
-80.147
-80.163
-80.155
-80.192
-80.248
-80.194
-80.1
-80.003
-79.923
-79.935
-79.961
-79.933
-79.899
-79.989
-80.038
-80.13
-80.064
-80.108
-80.115
-80.105
-80.04
-80.046
-80.087
-80.02
-79.994
-79.987
-80.024
-80.043
-80.018
-79.996
-79.949
-79.933
-79.932
-79.96
-79.981
-80.023
-79.992
-80.092
-80.094
-80.102
-80.097
-80.12
-80.115
-80.153
-80.206
-80.214
-80.229
-80.17
-80.084
-80.006
-79.982
-80.02
-79.943
-79.972
-79.959
-79.948
-79.941
-79.953
-79.968
-80.041
-80.058
-80.037
-80.112
-80.119
-80.085
-80.048
-80.083
-80.038
-79.991
-80.071
-80.095
-80.026
-80.112
-80.094
-80.032
-79.947
-79.92
-79.996
-79.985
-79.976
-80.08
-80.049
-80.083
-80.02
-80.017
-79.999
-80.016
-80.029
-80.061
-80.065
-79.999
-80.005
-80.021
-79.978
-79.912
-79.906
-79.971
-79.969
-80.003
-80.035
-80.064
-79.991
-80.007
-80.117
-80.069
-80.012
-80.037
-80.048
-80.067
-80.003
-80.005
-79.959
-79.933
-79.937
-79.911
-79.868
-79.888
-79.861
-79.919
-79.85
-79.85
-79.922
-79.902
-79.968
-79.967
-79.897
-79.85
-79.835
-79.914
-79.934
-79.94
-80.032
-80
-79.984
-80.069
-80.028
-80.059
-80.006
-79.968
-80.023
-80.027
-79.973
-79.946
-79.942
-79.942
-79.875
-80.037
-80.026
-80.067
-79.995
-79.96
-79.903
-79.905
-79.932
-79.901
-79.923
-79.993
-79.969
-79.993
-80.109
-80.074
-80.152
-80.124
-80.161
-80.085
-80.163
-80.102
-80.043
-80.076
-79.988
-79.97
-79.928
-79.897
-79.929
-79.829
-79.854
-79.828
-79.908
-79.875
-79.873
-79.897
-79.929
-79.887
-79.772
-79.758
-79.765
-79.81
-79.713
-79.713
-79.676
-79.564
-79.575
-79.588
-79.696
-79.67
-79.67
-79.689
-79.68
-79.758
-79.77
-79.767
-79.712
-79.75
-79.804
-79.791
-79.794
-79.855
-79.875
-79.901
-79.941
-80.035
-79.99
-80.012
-79.995
-79.954
-79.985
-79.858
-79.977
-79.943
-79.956
-79.965
-79.935
-79.844
-79.76
-79.713
-79.687
-79.726
-79.773
-79.829
-79.821
-79.881
-79.806
-79.816
-79.792
-79.753
-79.73
-79.714
-79.747
-79.696
-79.689
-79.674
-79.705
-79.728
-79.637
-79.61
-79.543
-79.617
-79.664
-79.753
-79.817
-79.795
-79.783
-79.809
-79.822
-79.766
-79.659
-79.647
-79.599
-79.58
-79.72
-79.77
-79.811
-79.774
-79.813
-79.828
-79.879
-79.892
-79.949
-79.98
-80.015
-79.962
-79.899
-79.905
-79.913
-79.902
-79.935
-79.799
-79.781
-79.79
-79.714
-79.693
-79.544
-79.624
-79.648
-79.658
-79.584
-79.63
-79.716
-79.728
-79.872
-79.873
-79.928
-79.935
-79.919
-79.927
-80.004
-79.99
-80.007
-80.097
-80.09
-80.147
-80.132
-80.067
-80.046
-80.013
-80.018
-80.019
-80.03
-80.038
-80.059
-80.084
-80.049
-80.053
-79.961
-80.071
-80.039
-79.966
-80.017
-79.993
-80.017
-80.016
-79.905
-79.852
-79.962
-79.979
-79.92
-79.945
-79.947
-79.927
-79.939
-79.948
-79.895
-79.906
-79.885
-79.959
-79.952
-79.905
-79.851
-79.825
-79.887
-79.95
-79.92
-79.965
-79.961
-79.847
-79.89
-79.89
-79.945
-79.997
-80.016
-80.035
-79.967
-79.98
-80.008
-79.938
-79.988
-80.049
-80.04
-80.055
-80.04
-80.051
-80.065
-80.116
-80.144
-80.164
-80.143
-80.082
-80.061
-80.059
-80.043
-80.04
-80.099
-80.074
-80.086
-80.103
-80.228
-80.238
-80.234
-80.309
-80.307
-80.321
-80.299
-80.382
-80.287
-80.319
-80.266
-80.317
-80.284
-80.264
-80.209
-80.313
-80.263
-80.277
-80.29
-80.331
-80.279
-80.275
-80.2
-80.156
-80.178
-80.154
-80.142
-80.185
-80.123
-80.146
-80.074
-80.014
-80.089
-80.118
-80.081
-80.18
-80.2
-80.306
-80.273
-80.252
-80.2
-80.242
-80.27
-80.247
-80.222
-80.227
-80.194
-80.128
-80.152
-80.162
-80.071
-80.052
-80.033
-80.004
-80.017
-80.044
-80.033
-79.98
-79.951
-79.964
-79.983
-79.891
-79.895
-79.932
-79.999
-79.977
-80.016
-80.032
-80.018
-79.952
-79.961
-80.023
-80.025
-79.954
-79.999
-79.996
-79.95
-79.942
-79.791
-79.807
-79.756
-79.776
-79.775
-79.831
-79.814
-79.834
-79.837
-79.802
-79.726
-79.736
-79.788
-79.811
-79.859
-79.86
-79.886
-79.916
-79.993
-80.001
-79.972
-79.993
-80.016
-79.989
-80.031
-80.092
-80.177
-80.13
-80.108
-80.155
-80.117
-80.164
-80.205
-80.207
-80.156
-80.231
-80.2
-80.16
-80.257
-80.246
-80.23
-80.214
-80.172
-80.182
-80.14
-80.111
-80.067
-80.071
-80.076
-80.103
-80.124
-80.148
-80.119
-80.141
-80.14
-80.105
-80.047
-80.122
-80.074
-80.017
-79.948
-80.035
-80.017
-80.033
-80.09
-80.075
-80.063
-80.104
-80.166
-80.138
-80.111
-80.188
-80.212
-80.237
-80.278
-80.35
-80.252
-80.174
-80.258
-80.307
-80.342
-80.337
-80.328
-80.343
-80.352
-80.36
-80.412
-80.404
-80.431
-80.409
-80.384
-80.405
-80.417
-80.357
-80.339
-80.44
-80.357
-80.369
-80.29
-80.276
-80.288
-80.259
-80.296
-80.322
-80.236
-80.239
-80.259
-80.228
-80.238
-80.205
-80.261
-80.284
-80.29
-80.232
-80.234
-80.098
-80.088
-80.181
-80.046
-79.995
-80.082
-79.993
-80.104
-80.086
-80.213
-80.21
-80.216
-80.131
-80.183
-80.177
-80.179
-80.283
-80.253
-80.199
-80.197
-80.158
-80.112
-80.113
-80.136
-80.12
-80.143
-80.013
-80.016
-80.102
-80.097
-80.191
-80.159
-80.149
-80.121
-80.104
-80.173
-80.216
-80.231
-80.227
-80.21
-80.233
-80.254
-80.243
-80.195
-80.223
-80.261
-80.18
-80.177
-80.147
-80.113
-80.172
-80.223
-80.147
-79.985
-79.98
-79.997
-79.975
-79.931
-79.945
-79.878
-79.82
-79.851
-79.89
-79.921
-79.828
-79.978
-79.924
-79.882
-79.788
-79.77
-79.698
-79.688
-79.724
-79.708
-79.746
-79.787
-79.726
-79.784
-79.744
-79.779
-79.733
-79.807
-79.812
-79.798
-79.782
-79.774
-79.84
-79.81
-79.807
-79.847
-79.871
-79.84
-79.896
-79.833
-79.908
-79.966
-79.976
-80.109
-80.108
-80.275
-80.249
-80.357
-80.382
-80.362
-80.294
-80.274
-80.318
-80.361
-80.434
-80.328
-80.408
-80.294
-80.339
-80.298
-80.315
-80.303
-80.292
-80.269
-80.22
-80.21
-80.278
-80.163
-80.062
-80.135
-80.128
-80.202
-80.2
-80.259
-80.282
-80.307
-80.328
-80.348
-80.361
-80.365
-80.388
-80.379
-80.363
-80.315
-80.269
-80.286
-80.268
-80.261
-80.238
-80.211
-80.182
-80.179
-80.084
-80.103
-80.087
-79.992
-80.053
-79.98
-80.009
-80.028
-79.971
-79.993
-79.952
-79.925
-79.932
-79.945
-79.94
-79.868
-79.89
-79.905
-79.9
-79.96
-79.967
-79.906
-79.898
-79.933
-79.914
-79.944
-79.974
-80.082
-80.046
-79.967
-79.989
-79.938
-79.899
-79.932
-80.019
-80.023
-79.993
-80.003
-80.118
-80.163
-80.157
-80.183
-80.119
-80.132
-80.071
-80.095
-80.172
-80.22
-80.185
-80.185
-80.225
-80.358
-80.355
-80.269
-80.219
-80.168
-80.157
-80.157
-80.125
-80.119
-80.071
-80.057
-79.929
-79.852
-79.837
-79.839
-79.84
-79.967
-79.937
-79.947
-79.936
-79.889
-79.868
-79.836
-79.754
-79.776
-79.801
-79.78
-79.829
-79.771
-79.785
-79.947
-80.024
-80.092
-80.058
-80.071
-80.131
-80.201
-80.205
-80.203
-80.193
-80.207
-80.159
-80.233
-80.268
-80.234
-80.279
-80.398
-80.417
-80.363
-80.425
-80.468
-80.479
-80.49
-80.451
-80.433
-80.409
-80.404
-80.367
-80.294
-80.333
-80.327
-80.331
-80.332
-80.314
-80.371
-80.399
-80.392
-80.309
-80.341
-80.342
-80.409
-80.405
-80.412
-80.513
-80.482
-80.536
-80.471
-80.545
-80.568
-80.47
-80.476
-80.512
-80.439
-80.402
-80.38
-80.353
-80.347
-80.376
-80.356
-80.337
-80.353
-80.348
-80.41
-80.322
-80.307
-80.382
-80.421
-80.388
-80.462
-80.556
-80.482
-80.467
-80.503
-80.501
-80.477
-80.507
-80.533
-80.64
-80.563
-80.533
-80.59
-80.648
-80.777
-80.838
-80.807
-80.791
-80.765
-80.74
-80.725
-80.783
-80.789
-80.78
-80.685
-80.597
-80.578
-80.491
-80.406
-80.339
-80.413
-80.463
-80.438
-80.334
-80.343
-80.172
-80.146
-80.107
-80.026
-80.097
-80.129
-80.12
-80.12
-80.061
-80.075
-79.993
-80.001
-80.046
-80.059
-80.107
-80.119
-80.124
-80.095
-80.094
-80.105
-80.13
-80.118
-80.144
-80.116
-80.094
-80.06
-80.052
-80.066
-80.096
-80.071
-79.937
-79.983
-80.047
-80.089
-80.13
-80.165
-80.19
-80.205
-80.255
-80.229
-80.207
-80.129
-80.121
-80.093
-80.018
-79.913
-79.978
-80.011
-79.939
-79.978
-80.047
-80.048
-80.05
-80.023
-79.968
-80.004
-79.974
-79.968
-79.915
-79.959
-79.905
-79.856
-79.846
-79.757
-79.701
-79.745
-79.764
-79.919
-79.988
-80.079
-80.102
-80.147
-80.171
-80.141
-80.106
-80.107
-80.104
-80.08
-80.024
-79.967
-79.904
-79.962
-79.994
-79.946
-79.892
-79.886
-79.9
-79.848
-79.821
-79.869
-80.02
-80.053
-80.119
-80.103
-80.132
-80.112
-80.147
-80.197
-80.185
-80.158
-80.139
-80.05
-80.012
-80.06
-80.172
-80.277
-80.418
-80.317
-80.348
-80.25
-80.217
-80.205
-80.141
-80.101
-80.069
-80.025
-80.049
-80.084
-80.08
-80.118
-80.127
-80.119
-79.999
-80.006
-79.935
-79.919
-80.006
-80.06
-80.078
-80.067
-80.056
-80.013
-79.931
-80.001
-80.009
-80.028
-80.033
-80.011
-80.063
-80.054
-80.081
-80.026
-80.072
-80.116
-80.137
-80.096
-80.109
-80.116
-80.134
-80.037
-80.089
-80.01
-79.967
-79.883
-79.919
-79.898
-79.878
-79.855
-79.886
-79.836
-79.84
-79.775
-79.745
-79.801
-79.804
-79.779
-79.808
-79.752
-79.779
-79.805
-79.793
-79.785
-79.784
-79.752
-79.752
-79.866
-79.958
-79.951
-79.909
-79.973
-79.988
-80.006
-80.03
-79.994
-80.012
-80.001
-79.966
-80.03
-79.979
-79.936
-79.989
-80.03
-80.017
-80.005
-80.033
-80.05
-80.158
-80.216
-80.177
-80.228
-80.234
-80.065
-80.059
-80.135
-80.225
-80.248
-80.237
-80.257
-80.3
-80.352
-80.421
-80.464
-80.588
-80.7
-80.727
-80.73
-80.753
-80.637
-80.619
-80.713
-80.706
-80.763
-80.777
-80.774
-80.786
-80.746
-80.781
-80.803
-80.721
-80.666
-80.656
-80.628
-80.556
-80.501
-80.438
-80.401
-80.367
-80.422
-80.415
-80.459
-80.464
-80.424
-80.397
-80.378
-80.235
-80.245
-80.31
-80.363
-80.315
-80.407
-80.329
-80.354
-80.368
-80.338
-80.425
-80.543
-80.51
-80.537
-80.581
-80.534
-80.556
-80.574
-80.538
-80.567
-80.601
-80.616
-80.698
-80.726
-80.722
-80.682
-80.672
-80.699
-80.662
-80.674
-80.683
-80.707
-80.691
-80.747
-80.73
-80.717
-80.643
-80.646
-80.56
-80.584
-80.562
-80.567
-80.497
-80.509
-80.463
-80.449
-80.427
-80.377
-80.428
-80.566
-80.452
-80.443
-80.522
-80.519
-80.474
-80.511
-80.558
-80.609
-80.664
-80.625
-80.589
-80.559
-80.487
-80.429
-80.373
-80.37
-80.51
-80.435
-80.406
-80.408
-80.434
-80.488
-80.535
-80.527
-80.538
-80.482
-80.548
-80.505
-80.43
-80.378
-80.242
-80.237
-80.287
-80.245
-80.286
-80.275
-80.279
-80.286
-80.271
-80.283
-80.251
-80.219
-80.267
-80.194
-80.158
-80.242
-80.265
-80.23
-80.169
-80.167
-80.183
-80.162
-80.161
-80.226
-80.229
-80.221
-80.262
-80.219
-80.206
-80.266
-80.197
-80.101
-80.091
-80.114
-80.041
-80.063
-80.108
-80.094
-80.08
-80.111
-80.078
-80.02
-80.022
-80.095
-80.091
-80.11
-80.095
-80.064
-80.132
-80.152
-80.129
-80.115
-80.237
-80.246
-80.284
-80.305
-80.321
-80.261
-80.221
-80.2
-80.183
-80.159
-80.134
-80.151
-80.141
-80.219
-80.184
-80.13
-80.171
-80.197
-80.232
-80.164
-80.227
-80.261
-80.227
-80.14
-80.078
-80.059
-80.038
-79.993
-79.998
-79.903
-79.905
-79.898
-79.814
-79.77
-79.772
-79.702
-79.783
-79.818
-79.857
-79.809
-79.788
-79.724
-79.736
-79.746
-79.747
-79.637
-79.586
-79.517
-79.508
-79.447
-79.495
-79.568
-79.528
-79.6
-79.674
-79.725
-79.687
-79.7
-79.611
-79.69
-79.666
-79.706
-79.703
-79.7
-79.601
-79.606
-79.567
-79.637
-79.641
-79.707
-79.735
-79.779
-79.813
-79.779
-79.684
-79.623
-79.563
-79.608
-79.663
-79.642
-79.695
-79.707
-79.69
-79.672
-79.621
-79.649
-79.575
-79.61
-79.556
-79.677
-79.647
-79.65
-79.583
-79.462
-79.42
-79.445
-79.434
-79.469
-79.474
-79.452
-79.421
-79.424
-79.429
-79.439
-79.518
-79.51
-79.44
-79.388
-79.284
-79.28
-79.235
-79.173
-79.225
-79.264
-79.375
-79.329
-79.447
-79.459
-79.555
-79.5
-79.398
-79.441
-79.418
-79.428
-79.439
-79.506
-79.498
-79.491
-79.54
-79.554
-79.609
-79.645
-79.749
-79.687
-79.677
-79.657
-79.607
-79.763
-79.761
-79.727
-79.733
-79.789
-79.785
-79.756
-79.778
-79.758
-79.79
-79.804
-79.819
-79.92
-80.011
-80.027
-80.065
-80.078
-80.048
-80.04
-80.089
-80.104
-80.102
-80.042
-80.091
-80.098
-80.07
-80.051
-80.073
-80.118
-80.085
-80.1
-80.128
-80.11
-80.07
-80.003
-80.025
-80.021
-80.072
-79.999
-80.005
-80.007
-80.054
-80.191
-80.12
-80.123
-80.145
-80.147
-80.074
-80.076
-80.07
-80.127
-80.124
-80.147
-80.207
-80.238
-80.235
-80.263
-80.287
-80.225
-80.239
-80.284
-80.217
-80.179
-80.195
-80.177
-80.088
-80.048
-80.123
-80.081
-79.939
-79.948
-80.016
-80.126
-80.157
-80.155
-80.195
-80.2
-80.111
-80.15
-80.158
-80.126
-80.122
-80.18
-80.263
-80.308
-80.293
-80.328
-80.406
-80.462
-80.458
-80.388
-80.41
-80.383
-80.383
-80.347
-80.413
-80.382
-80.382
-80.279
-80.229
-80.251
-80.259
-80.243
-80.237
-80.197
-80.215
-80.207
-80.203
-80.181
-80.193
-80.161
-80.133
-80.164
-80.273
-80.203
-80.207
-80.169
-80.121
-80.117
-80.107
-80.087
-80.121
-80.147
-80.094
-80.093
-80.016
-80.022
-80.185
-80.025
-80.023
-80.014
-79.958
-79.943
-80.006
-80.067
-80.16
-80.195
-80.295
-80.272
-80.279
-80.339
-80.355
-80.344
-80.319
-80.345
-80.29
-80.365
-80.286
-80.317
-80.276
-80.233
-80.189
-80.224
-80.308
-80.281
-80.249
-80.295
-80.324
-80.39
-80.487
-80.504
-80.544
-80.532
-80.511
-80.513
-80.488
-80.482
-80.569
-80.546
-80.544
-80.604
-80.646
-80.577
-80.607
-80.565
-80.616
-80.689
-80.706
-80.636
-80.642
-80.679
-80.643
-80.555
-80.62
-80.628
-80.553
-80.553
-80.545
-80.579
-80.53
-80.493
-80.49
-80.465
-80.454
-80.49
-80.416
-80.488
-80.483
-80.615
-80.7
-80.766
-80.74
-80.682
-80.727
-80.608
-80.642
-80.664
-80.721
-80.672
-80.756
-80.795
-80.735
-80.748
-80.739
-80.714
-80.577
-80.622
-80.731
-80.664
-80.624
-80.653
-80.653
-80.639
-80.617
-80.622
-80.71
-80.769
-80.752
-80.751
-80.705
-80.645
-80.702
-80.68
-80.71
-80.716
-80.76
-80.75
-80.69
-80.725
-80.668
-80.718
-80.744
-80.724
-80.759
-80.737
-80.751
-80.791
-80.797
-80.771
-80.881
-80.929
-80.838
-80.838
-80.882
-80.864
-80.806
-80.716
-80.719
-80.75
-80.766
-80.665
-80.602
-80.61
-80.65
-80.62
-80.668
-80.683
-80.681
-80.63
-80.617
-80.556
-80.654
-80.723
-80.644
-80.694
-80.714
-80.872
-80.888
-80.895
-80.891
-80.968
-80.92
-80.907
-80.868
-80.87
-80.851
-80.911
-80.827
-80.828
-80.865
-80.917
-81.008
-80.985
-81.01
-80.981
-80.933
-80.94
-80.861
-80.913
-80.982
-80.967
-80.837
-80.835
-80.828
-80.866
-80.889
-80.867
-80.917
-80.829
-80.836
-80.814
-80.847
-80.763
-80.827
-80.858
-80.979
-80.903
-80.844
-80.868
-80.872
-80.879
-80.842
-80.837
-80.841
-80.892
-81.026
-81.051
-81.087
-81.119
-81.108
-81.111
-81.079
-81.082
-81.073
-81.035
-81.063
-81.056
-80.979
-81.021
-80.98
-81.07
-81.116
-80.972
-80.857
-80.809
-80.728
-80.809
-80.85
-80.921
-80.904
-80.908
-80.85
-80.815
-80.84
-80.843
-80.786
-80.853
-80.766
-80.767
-80.778
-80.771
-80.69
-80.634
-80.636
-80.607
-80.588
-80.559
-80.555
-80.625
-80.635
-80.733
-80.778
-80.679
-80.612
-80.668
-80.684
-80.647
-80.679
-80.596
-80.683
-80.745
-80.73
-80.643
-80.669
-80.665
-80.663
-80.589
-80.663
-80.685
-80.652
-80.61
-80.59
-80.627
-80.534
-80.554
-80.572
-80.605
-80.59
-80.637
-80.593
-80.504
-80.599
-80.592
-80.624
-80.608
-80.609
-80.578
-80.589
-80.646
-80.604
-80.602
-80.527
-80.569
-80.559
-80.685
-80.72
-80.785
-80.837
-80.836
-80.851
-80.859
-80.871
-80.837
-80.868
-80.868
-80.877
-80.977
-80.915
-80.919
-80.931
-80.838
-80.799
-80.777
-80.821
-80.808
-80.838
-80.882
-80.903
-80.873
-80.87
-80.836
-80.8
-80.828
-80.782
-80.691
-80.571
-80.605
-80.674
-80.623
-80.613
-80.554
-80.598
-80.594
-80.515
-80.504
-80.449
-80.436
-80.355
-80.391
-80.371
-80.361
-80.397
-80.422
-80.44
-80.494
-80.472
-80.594
-80.518
-80.557
-80.524
-80.595
-80.582
-80.605
-80.555
-80.535
-80.508
-80.512
-80.574
-80.521
-80.494
-80.568
-80.615
-80.597
-80.54
-80.629
-80.633
-80.557
-80.547
-80.514
-80.382
-80.388
-80.372
-80.364
-80.401
-80.493
-80.478
-80.44
-80.442
-80.474
-80.428
-80.379
-80.423
-80.369
-80.407
-80.352
-80.372
-80.37
-80.321
-80.36
-80.379
-80.341
-80.34
-80.324
-80.407
-80.362
-80.361
-80.343
-80.321
-80.281
-80.228
-80.159
-80.136
-80.107
-80.078
-80.067
-80.057
-80.041
-80.023
-79.989
-80.025
-80.01
-80.073
-80.092
-80.102
-80.096
-80.158
-80.116
-80.137
-80.13
-80.051
-80.014
-79.994
-79.994
-79.868
-79.929
-79.97
-79.928
-79.857
-79.83
-79.822
-79.768
-79.785
-79.76
-79.747
-79.753
-79.79
-79.759
-79.773
-79.833
-79.836
-79.781
-79.795
-79.84
-79.824
-79.797
-79.865
-79.86
-79.945
-79.96
-80.035
-80.021
-79.899
-79.876
-79.852
-79.905
-79.859
-79.852
-79.843
-79.911
-79.836
-79.802
-79.834
-79.78
-79.732
-79.691
-79.637
-79.64
-79.626
-79.622
-79.609
-79.54
-79.612
-79.63
-79.574
-79.672
-79.679
-79.573
-79.557
-79.47
-79.511
-79.603
-79.683
-79.702
-79.738
-79.725
-79.664
-79.641
-79.675
-79.729
-79.654
-79.698
-79.695
-79.615
-79.652
-79.634
-79.526
-79.547
-79.551
-79.642
-79.548
-79.597
-79.629
-79.58
-79.664
-79.674
-79.677
-79.638
-79.656
-79.631
-79.614
-79.574
-79.67
-79.699
-79.658
-79.699
-79.675
-79.796
-79.783
-79.798
-79.838
-79.817
-79.776
-79.801
-79.704
-79.585
-79.555
-79.534
-79.585
-79.579
-79.459
-79.455
-79.398
-79.522
-79.457
-79.541
-79.527
-79.589
-79.638
-79.668
-79.661
-79.672
-79.7
-79.679
-79.616
-79.716
-79.739
-79.772
-79.796
-79.751
-79.775
-79.769
-79.591
-79.698
-79.795
-79.835
-79.791
-79.822
-79.971
-79.975
-79.932
-79.922
-79.927
-80.103
-80.079
-80.119
-80.108
-80.042
-80.051
-79.984
-79.944
-79.84
-79.911
-79.916
-79.861
-79.824
-79.845
-79.876
-79.914
-79.874
-79.929
-80.069
-79.996
-80.007
-79.909
-79.925
-79.871
-79.907
-79.926
-79.947
-80.07
-80.223
-80.268
-80.162
-80.095
-80.091
-80.128
-80.152
-80.165
-80.136
-80.125
-80.155
-80.2
-80.034
-80.006
-80.072
-80.063
-80.02
-80.064
-80.135
-80.107
-80.131
-80.07
-80.055
-80.098
-80.082
-80.013
-79.995
-79.919
-79.841
-79.85
-79.846
-79.849
-79.887
-79.777
-79.762
-79.684
-79.729
-79.72
-79.676
-79.648
-79.58
-79.544
-79.455
-79.401
-79.468
-79.499
-79.516
-79.515
-79.432
-79.342
-79.326
-79.34
-79.22
-79.096
-79.096
-78.99
-78.877
-78.918
-78.831
-78.844
-78.843
-78.719
-78.71
-78.803
-78.831
-78.868
-78.888
-78.937
-79.05
-79.13
-79.167
-79.153
-79.146
-79.085
-79.054
-78.936
-78.913
-78.889
-78.936
-78.983
-78.971
-78.951
-79.014
-79.053
-79.045
-79.041
-79.096
-79.187
-79.183
-79.263
-79.261
-79.268
-79.254
-79.325
-79.384
-79.363
-79.392
-79.357
-79.306
-79.349
-79.344
-79.34
-79.354
-79.384
-79.471
-79.515
-79.485
-79.529
-79.547
-79.507
-79.518
-79.494
-79.474
-79.462
-79.429
-79.425
-79.533
-79.642
-79.641
-79.57
-79.667
-79.656
-79.61
-79.599
-79.595
-79.612
-79.48
-79.495
-79.47
-79.433
-79.473
-79.548
-79.552
-79.505
-79.425
-79.433
-79.457
-79.531
-79.527
-79.543
-79.639
-79.509
-79.542
-79.523
-79.594
-79.64
-79.515
-79.507
-79.487
-79.401
-79.39
-79.36
-79.394
-79.447
-79.445
-79.448
-79.491
-79.526
-79.489
-79.589
-79.618
-79.617
-79.559
-79.559
-79.601
-79.604
-79.507
-79.52
-79.556
-79.497
-79.527
-79.557
-79.701
-79.798
-79.788
-79.813
-79.808
-79.862
-79.933
-79.848
-79.714
-79.688
-79.693
-79.621
-79.635
-79.658
-79.614
-79.666
-79.689
-79.714
-79.733
-79.614
-79.658
-79.536
-79.511
-79.499
-79.612
-79.644
-79.624
-79.554
-79.582
-79.61
-79.545
-79.676
-79.627
-79.689
-79.651
-79.611
-79.512
-79.455
-79.336
-79.345
-79.335
-79.298
-79.331
-79.342
-79.31
-79.225
-79.191
-79.1
-79.202
-79.238
-79.25
-79.262
-79.253
-79.193
-79.172
-79.145
-79.173
-79.181
-79.138
-79.171
-79.144
-79.14
-79.158
-79.264
-79.23
-79.242
-79.223
-79.325
-79.339
-79.299
-79.38
-79.39
-79.437
-79.487
-79.447
-79.491
-79.463
-79.453
-79.407
-79.407
-79.433
-79.405
-79.4
-79.47
-79.433
-79.471
-79.456
-79.469
-79.554
-79.52
-79.522
-79.441
-79.454
-79.45
-79.55
-79.558
-79.467
-79.519
-79.558
-79.525
-79.51
-79.461
-79.487
-79.606
-79.643
-79.634
-79.618
-79.67
-79.64
-79.593
-79.567
-79.574
-79.572
-79.574
-79.568
-79.598
-79.686
-79.666
-79.639
-79.613
-79.585
-79.592
-79.534
-79.534
-79.51
-79.379
-79.346
-79.455
-79.529
-79.557
-79.546
-79.606
-79.624
-79.654
-79.67
-79.704
-79.713
-79.796
-79.866
-79.873
-79.967
-79.909
-79.925
-79.857
-79.913
-79.946
-79.947
-79.864
-79.816
-79.815
-79.836
-79.853
-79.887
-79.905
-79.982
-80.012
-80.012
-80.041
-80.046
-79.996
-79.928
-79.946
-79.943
-80.009
-80.09
-80.009
-79.946
-79.862
-79.837
-79.881
-79.933
-79.975
-80.011
-79.984
-79.921
-79.953
-80.012
-79.997
-80.054
-80.04
-80.01
-79.96
-79.954
-79.912
-79.97
-79.885
-79.824
-79.738
-79.788
-79.781
-79.821
-79.858
-79.877
-79.797
-79.772
-79.793
-79.725
-79.706
-79.713
-79.804
-79.835
-79.879
-79.878
-79.837
-79.867
-79.785
-79.852
-79.846
-79.879
-79.939
-79.948
-79.891
-79.86
-79.809
-79.76
-79.88
-79.827
-79.827
-79.852
-79.85
-79.904
-79.837
-79.849
-79.801
-79.789
-79.883
-79.809
-79.738
-79.698
-79.682
-79.728
-79.701
-79.645
-79.668
-79.645
-79.628
-79.551
-79.473
-79.405
-79.448
-79.442
-79.531
-79.516
-79.446
-79.453
-79.293
-79.274
-79.252
-79.292
-79.335
-79.322
-79.265
-79.275
-79.244
-79.243
-79.34
-79.365
-79.459
-79.476
-79.487
-79.356
-79.445
-79.425
-79.316
-79.292
-79.279
-79.239
-79.253
-79.151
-79.172
-79.141
-79.1
-79.087
-79.135
-79.066
-79.032
-78.939
-78.962
-78.902
-78.935
-78.894
-78.93
-78.886
-78.876
-78.851
-78.887
-78.874
-78.874
-78.798
-78.719
-78.549
-78.547
-78.555
-78.459
-78.449
-78.443
-78.379
-78.344
-78.31
-78.345
-78.355
-78.347
-78.283
-78.2
-78.174
-78.162
-78.227
-78.18
-78.072
-78.074
-78.02
-77.91
-77.864
-77.843
-77.675
-77.607
-77.464
-77.439
-77.392
-77.374
-77.304
-77.196
-77.124
-77.128
-77.09
-76.973
-76.905
-76.892
-76.89
-76.822
-76.771
-76.77
-76.76
-76.816
-76.804
-76.757
-76.832
-76.874
-76.779
-76.783
-76.764
-76.725
-76.702
-76.664
-76.622
-76.516
-76.459
-76.445
-76.349
-76.321
-76.259
-76.185
-76.23
-76.242
-76.2
-76.167
-76.14
-76.118
-76.177
-76.19
-76.142
-76.124
-76.147
-76.095
-76.071
-76.138
-76.18
-76.138
-76.19
-76.291
-76.286
-76.24
-76.157
-76.166
-76.088
-76.036
-76.104
-76.065
-76.047
-76.142
-76.132
-76.115
-76.049
-76.069
-76.123
-76.057
-76.064
-75.997
-75.936
-75.926
-76.003
-75.853
-75.892
-75.837
-75.809
-75.834
-75.812
-75.82
-75.805
-75.701
-75.725
-75.72
-75.653
-75.624
-75.536
-75.545
-75.622
-75.566
-75.512
-75.562
-75.564
-75.652
-75.688
-75.725
-75.676
-75.66
-75.585
-75.551
-75.6
-75.53
-75.536
-75.487
-75.474
-75.493
-75.452
-75.511
-75.507
-75.517
-75.526
-75.427
-75.363
-75.358
-75.324
-75.411
-75.344
-75.285
-75.238
-75.187
-75.156
-75.069
-75.063
-75.082
-75.143
-75.092
-75.12
-75.143
-75.133
-75.105
-74.981
-74.993
-75.025
-75.017
-75.043
-75.17
-75.179
-75.162
-75.207
-75.183
-75.125
-75.219
-75.268
-75.332
-75.423
-75.414
-75.414
-75.426
-75.445
-75.504
-75.534
-75.493
-75.46
-75.489
-75.565
-75.599
-75.518
-75.506
-75.49
-75.602
-75.572
-75.645
-75.727
-75.664
-75.658
-75.724
-75.679
-75.739
-75.705
-75.657
-75.729
-75.828
-75.897
-75.835
-75.788
-75.717
-75.671
-75.68
-75.761
-75.764
-75.795
-75.687
-75.598
-75.512
-75.499
-75.479
-75.515
-75.549
-75.535
-75.596
-75.592
-75.54
-75.564
-75.551
-75.572
-75.591
-75.595
-75.558
-75.539
-75.549
-75.569
-75.546
-75.558
-75.488
-75.478
-75.424
-75.438
-75.517
-75.464
-75.469
-75.373
-75.405
-75.423
-75.428
-75.374
-75.347
-75.277
-75.202
-75.187
-75.153
-75.19
-75.112
-75.129
-75.099
-75.081
-75.079
-75.113
-75.096
-75.082
-75.077
-75.05
-74.934
-74.961
-74.962
-74.907
-74.954
-74.978
-74.831
-74.858
-74.847
-74.814
-74.877
-74.876
-74.887
-74.842
-74.8
-74.83
-74.924
-74.986
-75.125
-75.179
-75.182
-75.198
-75.13
-75.084
-75.013
-75.029
-75.145
-75.134
-75.08
-75.15
-75.103
-75.172
-75.18
-75.265
-75.21
-75.278
-75.278
-75.285
-75.275
-75.22
-75.201
-75.223
-75.305
-75.38
-75.501
-75.508
-75.626
-75.57
-75.582
-75.604
-75.551
-75.563
-75.548
-75.542
-75.528
-75.547
-75.6
-75.636
-75.508
-75.477
-75.463
-75.467
-75.547
-75.567
-75.614
-75.67
-75.769
-75.831
-75.779
-75.825
-75.718
-75.797
-75.786
-75.749
-75.763
-75.827
-75.828
-75.804
-75.717
-75.722
-75.73
-75.632
-75.612
-75.616
-75.67
-75.77
-75.784
-75.757
-75.694
-75.679
-75.696
-75.729
-75.781
-75.761
-75.757
-75.672
-75.658
-75.598
-75.689
-75.789
-75.769
-75.801
-75.747
-75.701
-75.637
-75.644
-75.669
-75.724
-75.818
-75.748
-75.734
-75.753
-75.723
-75.646
-75.597
-75.63
-75.604
-75.596
-75.591
-75.594
-75.648
-75.574
-75.658
-75.668
-75.652
-75.664
-75.54
-75.554
-75.457
-75.436
-75.424
-75.461
-75.457
-75.523
-75.522
-75.546
-75.516
-75.662
-75.614
-75.635
-75.682
-75.718
-75.741
-75.731
-75.714
-75.714
-75.607
-75.597
-75.569
-75.514
-75.522
-75.563
-75.571
-75.604
-75.542
-75.481
-75.43
-75.358
-75.383
-75.435
-75.445
-75.412
-75.332
-75.233
-75.308
-75.301
-75.265
-75.311
-75.32
-75.344
-75.371
-75.415
-75.369
-75.384
-75.415
-75.479
-75.418
-75.411
-75.348
-75.354
-75.33
-75.358
-75.401
-75.392
-75.309
-75.264
-75.227
-75.365
-75.293
-75.198
-75.189
-75.109
-75.033
-75.038
-74.944
-74.837
-74.741
-74.597
-74.538
-74.577
-74.577
-74.55
-74.53
-74.53
-74.428
-74.364
-74.349
-74.301
-74.312
-74.34
-74.349
-74.311
-74.351
-74.283
-74.159
-74.181
-74.183
-74.113
-74.002
-73.96
-73.974
-73.914
-73.896
-73.998
-74.072
-74.075
-74.092
-74.068
-74.113
-74.122
-74.057
-74.056
-74.026
-73.919
-73.859
-73.871
-73.798
-73.728
-73.673
-73.624
-73.608
-73.615
-73.572
-73.612
-73.566
-73.519
-73.537
-73.457
-73.45
-73.524
-73.46
-73.484
-73.455
-73.416
-73.385
-73.283
-73.272
-73.339
-73.237
-73.284
-73.277
-73.281
-73.258
-73.239
-73.24
-73.291
-73.311
-73.265
-73.253
-73.176
-73.229
-73.279
-73.237
-73.148
-73.089
-73.021
-73.017
-73.038
-73.05
-72.956
-72.917
-72.952
-73.04
-72.964
-73.017
-72.945
-72.924
-72.893
-72.833
-72.781
-72.697
-72.719
-72.598
-72.562
-72.535
-72.505
-72.465
-72.391
-72.474
-72.486
-72.455
-72.405
-72.354
-72.278
-72.303
-72.309
-72.246
-72.225
-72.218
-72.223
-72.168
-72.113
-72.051
-72.053
-72.093
-72.107
-72.119
-72.134
-72.065
-72.064
-72.082
-71.974
-71.955
-71.948
-71.975
-71.991
-72.045
-72.109
-72.065
-71.989
-72.064
-72.09
-72.091
-72.148
-72.165
-72.18
-72.095
-72.094
-72.131
-72.059
-72.068
-72.014
-71.954
-71.979
-72.033
-72.009
-72.007
-72.062
-72.041
-72.081
-72.074
-72.095
-72.012
-71.969
-71.857
-71.88
-71.821
-71.774
-71.774
-71.837
-71.837
-71.861
-71.881
-71.886
-71.823
-71.784
-71.717
-71.716
-71.721
-71.683
-71.645
-71.7
-71.736
-71.727
-71.689
-71.608
-71.734
-71.724
-71.692
-71.709
-71.713
-71.668
-71.583
-71.631
-71.604
-71.695
-71.727
-71.778
-71.759
-71.705
-71.675
-71.657
-71.694
-71.739
-71.71
-71.667
-71.583
-71.601
-71.627
-71.659
-71.674
-71.683
-71.727
-71.581
-71.624
-71.607
-71.602
-71.69
-71.76
-71.769
-71.676
-71.648
-71.581
-71.588
-71.581
-71.609
-71.607
-71.582
-71.564
-71.594
-71.516
-71.476
-71.502
-71.443
-71.39
-71.352
-71.278
-71.377
-71.311
-71.296
-71.269
-71.267
-71.335
-71.243
-71.307
-71.389
-71.504
-71.563
-71.547
-71.453
-71.417
-71.393
-71.405
-71.452
-71.413
-71.438
-71.436
-71.438
-71.435
-71.344
-71.329
-71.368
-71.342
-71.389
-71.337
-71.313
-71.308
-71.287
-71.251
-71.26
-71.278
-71.36
-71.456
-71.425
-71.559
-71.641
-71.737
-71.852
-71.904
-71.989
-72.14
-72.257
-72.434
-72.558
-72.668
-72.872
-73.072
-73.137
-73.304
-73.46
-73.572
-73.753
-74.071
-74.15
-74.332
-74.593
-74.75
-74.875
-74.974
-75.207
-75.305
-75.456
-75.539
-75.718
-75.76
-75.888
-76.046
-76.204
-76.354
-76.548
-76.761
-76.928
-77.011
-77.06
-77.11
-77.142
-77.181
-77.29
-77.439
-77.574
-77.617
-77.684
-77.801
-77.935
-78.071
-78.131
-78.267
-78.367
-78.396
-78.433
-78.534
-78.621
-78.629
-78.671
-78.701
-78.637
-78.623
-78.704
-78.723
-78.794
-78.869
-78.879
-78.876
-78.844
-78.977
-79.055
-79.038
-79.051
-79.026
-79.013
-79.093
-79.053
-79.125
-79.046
-79.101
-79.068
-79.084
-79.265
-79.335
-79.368
-79.487
-79.579
-79.676
-79.735
-79.76
-79.8
-79.878
-79.954
-79.947
-79.874
-79.896
-79.977
-80.134
-80.177
-80.175
-80.078
-80.078
-80.14
-80.17
-80.213
-80.279
-80.287
-80.323
-80.149
-80.094
-80.067
-79.997
-80.075
-80.082
-80.052
-80.056
-80.097
-80.092
-80.133
-80.07
-80.088
-80.137
-80.142
-80.096
-80.02
-79.986
-80.007
-80.054
-80.056
-80.091
-80.017
-79.961
-80.024
-80.026
-80.073
-80.05
-80.158
-80.069
-80.066
-80.064
-80.071
-80.036
-80.003
-80.032
-79.981
-79.902
-79.908
-79.961
-80
-80.093
-80.074
-79.984
-79.96
-80.039
-80.064
-80.015
-79.95
-79.936
-79.963
-79.968
-79.913
-79.97
-80.002
-80.043
-79.988
-80.003
-79.927
-79.942
-79.971
-79.953
-79.967
-79.971
-79.921
-79.881
-79.892
-79.885
-79.835
-79.881
-79.925
-79.919
-79.865
-79.85
-79.837
-79.854
-79.911
-79.967
-79.872
-79.859
-79.908
-79.939
-80.009
-80.027
-79.912
-79.933
-79.881
-79.939
-79.954
-79.942
-80.013
-79.949
-79.933
-79.979
-79.911
-79.872
-79.878
-79.872
-79.934
-79.918
-79.957
-79.836
-79.884
-79.963
-79.942
-79.963
-79.931
-79.923
-79.967
-80.036
-80.068
-80.049
-79.974
-79.919
-79.875
-79.85
-79.923
-79.941
-79.998
-79.953
-79.949
-79.906
-79.873
-79.814
-79.77
-79.817
-79.79
-79.776
-79.786
-79.727
-79.757
-79.73
-79.791
-79.789
-79.782
-79.779
-79.836
-79.828
-79.84
-79.874
-79.922
-79.946
-79.98
-80.067
-80.138
-80.027
-79.975
-79.991
-80.145
-80.106
-80.157
-80.183
-80.175
-80.227
-80.108
-80.018
-79.977
-80.001
-79.911
-79.905
-79.85
-79.827
-79.828
-79.815
-79.735
-79.81
-79.793
-79.794
-79.802
-79.857
-79.903
-79.948
-79.927
-79.939
-79.946
-79.93
-79.929
-79.93
-79.893
-79.895
-79.834
-79.861
-79.859
-79.839
-79.882
-79.858
-79.934
-79.989
-79.942
-79.885
-79.894
-79.817
-79.763
-79.807
-79.78
-79.759
-79.801
-79.831
-79.839
-79.796
-79.79
-79.82
-79.751
-79.761
-79.738
-79.763
-79.899
-79.95
-79.895
-79.876
-79.933
-79.934
-79.893
-79.907
-79.883
-79.864
-80.007
-79.959
-80.093
-80.062
-80.089
-80.045
-80.042
-80.048
-79.986
-80.03
-79.972
-80.015
-80.049
-80.104
-79.957
-80.02
-80.037
-80.034
-80.041
-80.129
-80.066
-80.117
-80.144
-80.147
-80.095
-80.051
-79.977
-79.925
-79.999
-79.85
-79.909
-79.885
-79.882
-79.908
-79.858
-79.838
-79.88
-79.87
-79.892
-79.95
-79.922
-79.792
-79.854
-79.835
-79.801
-79.693
-79.652
-79.574
-79.569
-79.59
-79.551
-79.469
-79.593
-79.643
-79.586
-79.582
-79.604
-79.573
-79.638
-79.675
-79.683
-79.742
-79.694
-79.593
-79.629
-79.617
-79.64
-79.555
-79.618
-79.551
-79.416
-79.379
-79.369
-79.421
-79.41
-79.386
-79.387
-79.23
-79.261
-79.274
-79.249
-79.241
-79.178
-79.174
-79.143
-79.141
-79.139
-79.195
-79.223
-79.222
-79.238
-79.157
-79.202
-79.22
-79.232
-79.262
-79.163
-79.141
-79.14
-79.148
-79.108
-79.093
-79.12
-79.075
-79.103
-79.046
-78.972
-78.931
-78.913
-78.795
-78.758
-78.731
-78.726
-78.73
-78.8
-78.864
-78.804
-78.809
-78.833
-78.777
-78.697
-78.779
-78.892
-78.965
-78.869
-78.9
-79.004
-78.926
-78.945
-79.065
-79.018
-78.962
-78.952
-79.021
-78.931
-78.972
-78.987
-78.949
-78.943
-78.838
-78.907
-78.905
-78.916
-78.907
-78.898
-78.962
-78.92
-78.998
-78.967
-78.925
-78.904
-78.861
-78.836
-78.91
-79
-78.976
-79.063
-78.968
-78.883
-78.928
-78.968
-78.952
-78.848
-78.855
-78.906
-78.875
-78.862
-78.887
-78.878
-78.927
-78.945
-78.901
-78.938
-78.916
-79.045
-79.038
-79.039
-79.06
-79.019
-79.008
-79.072
-79.074
-79.019
-79.009
-78.99
-79.065
-79.101
-79.094
-78.993
-79.041
-79.12
-79.053
-79.03
-79.089
-79.011
-79.031
-79.088
-79.15
-79.175
-79.161
-79.226
-79.205
-79.186
-79.154
-79.176
-79.254
-79.297
-79.348
-79.289
-79.282
-79.291
-79.219
-79.344
-79.364
-79.276
-79.393
-79.442
-79.378
-79.329
-79.36
-79.405
-79.424
-79.396
-79.324
-79.337
-79.361
-79.321
-79.403
-79.407
-79.345
-79.447
-79.425
-79.398
-79.349
-79.291
-79.256
-79.257
-79.15
-79.151
-79.242
-79.291
-79.32
-79.392
-79.388
-79.51
-79.551
-79.438
-79.544
-79.478
-79.469
-79.452
-79.454
-79.482
-79.453
-79.444
-79.322
-79.369
-79.43
-79.408
-79.486
-79.469
-79.459
-79.446
-79.453
-79.452
-79.486
-79.473
-79.458
-79.467
-79.502
-79.515
-79.492
-79.475
-79.519
-79.541
-79.507
-79.523
-79.569
-79.633
-79.621
-79.616
-79.703
-79.621
-79.625
-79.663
-79.656
-79.663
-79.554
-79.57
-79.554
-79.514
-79.533
-79.501
-79.532
-79.508
-79.468
-79.435
-79.455
-79.483
-79.491
-79.52
-79.594
-79.577
-79.543
-79.524
-79.571
-79.432
-79.337
-79.292
-79.257
-79.216
-79.16
-79.221
-79.243
-79.357
-79.339
-79.445
-79.485
-79.428
-79.418
-79.4
-79.393
-79.444
-79.535
-79.509
-79.518
-79.464
-79.48
-79.506
-79.48
-79.548
-79.513
-79.489
-79.533
-79.5
-79.482
-79.479
-79.424
-79.435
-79.397
-79.402
-79.345
-79.357
-79.345
-79.33
-79.372
-79.433
-79.452
-79.47
-79.439
-79.537
-79.582
-79.498
-79.408
-79.426
-79.388
-79.464
-79.504
-79.463
-79.483
-79.518
-79.524
-79.538
-79.542
-79.539
-79.499
-79.451
-79.473
-79.513
-79.61
-79.772
-79.687
-79.744
-79.762
-79.868
-79.87
-79.916
-79.851
-79.754
-79.765
-79.796
-79.786
-79.749
-79.687
-79.655
-79.644
-79.601
-79.587
-79.648
-79.554
-79.513
-79.458
-79.475
-79.455
-79.478
-79.526
-79.511
-79.477
-79.481
-79.527
-79.548
-79.601
-79.683
-79.682
-79.708
-79.626
-79.609
-79.667
-79.599
-79.571
-79.66
-79.749
-79.733
-79.802
-79.81
-79.866
-79.908
-79.83
-79.867
-79.963
-79.952
-79.944
-79.909
-79.932
-79.954
-80.041
-80.049
-80.048
-80.069
-80.031
-80.002
-79.91
-79.957
-79.925
-79.985
-79.984
-79.932
-79.972
-79.932
-79.969
-79.963
-80.003
-79.97
-79.961
-79.917
-79.915
-79.835
-79.813
-79.865
-79.953
-79.92
-79.942
-79.995
-80.046
-80.017
-80.02
-79.99
-79.974
-80.115
-80.172
-80.151
-80.139
-80.096
-80.152
-80.048
-80.034
-79.879
-79.877
-79.883
-79.912
-79.879
-79.868
-79.906
-79.868
-79.836
-79.831
-79.841
-79.901
-79.987
-79.965
-79.818
-79.831
-79.897
-79.817
-79.779
-79.758
-79.771
-79.804
-79.776
-79.852
-79.848
-79.83
-79.834
-79.875
-79.886
-79.895
-79.972
-79.979
-79.935
-79.892
-79.884
-79.971
-80.04
-80.135
-80.172
-80.079
-79.982
-79.995
-79.989
-79.952
-79.884
-79.847
-79.925
-79.929
-79.869
-79.874
-79.969
-79.927
-79.851
-79.836
-79.825
-79.756
-79.819
-79.774
-79.828
-79.82
-79.813
-79.839
-79.855
-79.802
-79.762
-79.809
-79.86
-79.813
-79.758
-79.696
-79.663
-79.613
-79.638
-79.64
-79.621
-79.679
-79.737
-79.669
-79.72
-79.746
-79.758
-79.785
-79.854
-79.842
-79.847
-79.914
-79.88
-79.921
-79.955
-79.945
-79.843
-79.911
-79.955
-79.975
-79.904
-79.844
-79.824
-79.867
-79.905
-79.817
-79.753
-79.733
-79.792
-79.78
-79.927
-79.928
-79.899
-79.884
-79.88
-79.879
-79.836
-79.856
-79.939
-79.925
-79.816
-79.849
-79.875
-79.804
-79.82
-79.754
-79.789
-79.792
-79.803
-79.836
-79.884
-79.955
-79.986
-79.978
-79.919
-79.961
-79.987
-80.006
-80.009
-79.962
-79.983
-79.932
-79.896
-79.905
-79.991
-80.015
-80.008
-80.044
-80.041
-80.094
-80.111
-80.11
-80.027
-80.029
-79.941
-79.866
-79.792
-79.68
-79.7
-79.829
-79.961
-79.963
-79.947
-79.926
-79.912
-79.887
-79.895
-79.876
-79.922
-79.983
-79.939
-79.974
-80.013
-79.973
-80.029
-79.969
-79.849
-79.794
-79.718
-79.823
-79.821
-79.817
-79.849
-79.809
-79.803
-79.89
-79.937
-79.955
-79.974
-79.939
-79.961
-79.85
-79.783
-79.732
-79.72
-79.65
-79.649
-79.633
-79.6
-79.651
-79.67
-79.627
-79.61
-79.702
-79.748
-79.856
-79.847
-79.803
-79.785
-79.813
-79.785
-79.797
-79.747
-79.842
-79.892
-79.835
-79.802
-79.85
-79.949
-80.027
-80.078
-80.072
-80.025
-80.056
-80.045
-80.011
-79.974
-79.988
-80.064
-79.987
-80.031
-80.045
-80.032
-80.105
-80.054
-80.005
-80.048
-80.12
-80.093
-80.107
-80.053
-79.993
-79.929
-79.947
-79.986
-79.997
-80.022
-80
-79.988
-79.982
-79.988
-80.01
-79.906
-79.883
-79.951
-79.955
-79.932
-79.868
-79.872
-79.851
-79.83
-79.843
-79.81
-79.817
-79.935
-79.942
-79.973
-80.026
-79.964
-79.975
-79.964
-80.007
-80.015
-79.944
-79.925
-79.93
-79.969
-80.012
-80.061
-79.994
-80.023
-80.003
-80.072
-80.112
-80.161
-80.219
-80.17
-80.092
-80.077
-80.001
-79.921
-80.006
-80.014
-79.95
-79.859
-79.927
-79.962
-80.018
-80.034
-79.929
-79.947
-79.904
-79.865
-79.821
-79.797
-79.856
-79.881
-79.924
-79.918
-79.856
-79.804
-79.805
-79.868
-79.882
-79.942
-79.883
-79.893
-79.915
-79.908
-79.928
-79.991
-79.923
-79.938
-79.95
-79.892
-79.896
-79.865
-79.803
-79.789
-79.774
-79.806
-79.729
-79.751
-79.747
-79.78
-79.833
-79.875
-79.915
-79.956
-79.949
-79.854
-79.778
-79.747
-79.741
-79.743
-79.692
-79.737
-79.731
-79.795
-79.82
-79.826
-79.817
-79.821
-79.829
-79.789
-79.771
-79.736
-79.794
-79.75
-79.839
-79.798
-79.888
-79.905
-79.908
-79.923
-79.885
-79.797
-79.767
-79.754
-79.708
-79.693
-79.728
-79.702
-79.518
-79.515
-79.578
-79.617
-79.637
-79.668
-79.74
-79.739
-79.8
-79.813
-79.82
-79.87
-79.896
-79.855
-79.872
-79.859
-79.833
-79.908
-79.962
-80.047
-80.025
-80.011
-80.063
-80.065
-80.094
-80.051
-80.158
-80.1
-80.094
-80.05
-80.032
-80.05
-79.992
-80.035
-80.013
-80.018
-80.048
-80.014
-80.03
-80.046
-80.056
-80.052
-80.049
-79.993
-80.065
-80.065
-80.089
-80.123
-80.105
-80.085
-80.116
-80.132
-80.059
-80.11
-80.018
-80.055
-79.974
-79.992
-79.959
-79.875
-79.852
-79.824
-79.927
-80.001
-80.077
-80.063
-80.051
-80.095
-80.088
-80.055
-80.131
-80.132
-80.149
-80.219
-80.224
-80.173
-80.203
-80.183
-80.189
-80.171
-80.174
-80.073
-80.035
-80.008
-80.034
-80.038
-80.067
-80.043
-80.1
-80.156
-80.09
-80.074
-80.043
-79.967
-79.894
-79.993
-79.974
-80.04
-80.054
-80.016
-80.064
-80.022
-80.015
-79.935
-79.953
-79.938
-79.9
-79.999
-79.969
-79.979
-79.979
-79.954
-79.893
-79.916
-79.78
-79.733
-79.838
-79.873
-79.841
-79.858
-79.87
-79.888
-79.959
-80.056
-80.124
-80.13
-80.112
-80.093
-79.98
-79.951
-80.042
-80.075
-80.121
-80.157
-80.133
-80.1
-80.126
-80.17
-80.241
-80.213
-80.243
-80.149
-80.15
-80.134
-80.222
-80.105
-80.05
-80.028
-80.006
-79.984
-79.975
-79.932
-79.893
-79.846
-79.8
-79.804
-79.811
-79.801
-79.749
-79.764
-79.813
-79.85
-79.822
-79.822
-79.796
-79.77
-79.855
-79.827
-79.858
-79.773
-79.717
-79.754
-79.687
-79.634
-79.639
-79.715
-79.694
-79.732
-79.697
-79.674
-79.774
-79.79
-79.786
-79.776
-79.746
-79.757
-79.745
-79.726
-79.771
-79.888
-79.887
-79.882
-79.866
-79.886
-79.887
-79.876
-79.947
-79.945
-79.955
-79.945
-80.004
-79.975
-79.939
-79.9
-79.954
-79.934
-79.955
-79.978
-79.929
-79.884
-79.906
-79.808
-79.876
-79.828
-79.881
-79.857
-79.886
-79.943
-80.002
-80.028
-80.018
-79.966
-79.963
-79.941
-79.824
-79.781
-79.762
-79.795
-79.811
-79.821
-79.863
-79.909
-79.95
-79.934
-79.933
-79.872
-79.766
-79.889
-79.823
-79.744
-79.778
-79.805
-79.833
-79.772
-79.761
-79.859
-79.924
-79.857
-79.991
-79.99
-79.978
-80.052
-80.113
-80.16
-80.128
-80.089
-80.064
-80.096
-80.108
-80.116
-80.132
-80.11
-80.031
-79.957
-79.969
-80.019
-79.926
-79.826
-79.867
-79.92
-79.962
-79.963
-80.036
-80.041
-79.96
-80.112
-80.19
-80.11
-80.128
-80.166
-80.096
-80.159
-80.32
-80.335
-80.315
-80.333
-80.352
-80.297
-80.299
-80.276
-80.255
-80.26
-80.287
-80.224
-80.122
-80.164
-80.298
-80.251
-80.28
-80.319
-80.371
-80.234
-80.348
-80.232
-80.2
-80.122
-80.043
-79.945
-80.036
-80.081
-80.105
-80.15
-80.154
-80.139
-80.171
-80.245
-80.24
-80.342
-80.313
-80.319
-80.338
-80.356
-80.336
-80.334
-80.393
-80.298
-80.194
-80.207
-80.175
-80.146
-80.144
-80.142
-80.104
-80.055
-80.056
-80.072
-80.033
-79.941
-79.893
-79.91
-79.86
-79.766
-79.81
-79.825
-79.779
-79.851
-79.967
-79.992
-79.916
-79.942
-79.983
-79.929
-79.952
-79.957
-79.9
-79.912
-79.823
-79.841
-79.77
-79.789
-79.818
-79.82
-79.78
-79.769
-79.761
-79.773
-79.785
-79.931
-79.91
-79.975
-79.92
-79.887
-79.861
-79.834
-79.82
-79.782
-79.741
-79.745
-79.743
-79.8
-79.796
-79.848
-79.792
-79.793
-79.788
-79.756
-79.845
-79.841
-79.836
-79.874
-79.896
-79.911
-79.831
-79.775
-79.718
-79.748
-79.742
-79.754
-79.75
-79.8
-79.841
-79.888
-79.926
-79.888
-79.828
-79.899
-79.775
-79.725
-79.818
-79.757
-79.799
-79.813
-79.872
-79.852
-79.883
-79.85
-79.778
-79.789
-79.721
-79.687
-79.638
-79.621
-79.7
-79.738
-79.755
-79.88
-79.89
-79.873
-79.844
-79.884
-79.867
-79.884
-79.848
-79.754
-79.696
-79.608
-79.584
-79.574
-79.551
-79.611
-79.633
-79.613
-79.598
-79.633
-79.73
-79.651
-79.724
-79.745
-79.847
-79.787
-79.776
-79.698
-79.647
-79.642
-79.635
-79.697
-79.696
-79.696
-79.753
-79.824
-79.913
-79.906
-79.853
-79.892
-80
-79.942
-80.033
-80.103
-80.064
-80.045
-79.986
-79.954
-80.033
-80.003
-80.012
-80.022
-80.01
-80.098
-80.134
-80.231
-80.225
-80.223
-80.215
-80.216
-80.213
-80.189
-80.216
-80.211
-80.284
-80.281
-80.198
-80.16
-80.082
-80.053
-80.003
-80.021
-80.028
-79.918
-79.919
-79.981
-79.948
-79.888
-79.824
-79.812
-79.71
-79.833
-79.895
-79.992
-80.088
-80.006
-79.944
-79.921
-79.909
-79.874
-79.799
-79.819
-79.867
-79.879
-79.805
-79.848
-79.808
-79.869
-79.858
-79.802
-79.786
-79.767
-79.769
-79.763
-79.881
-79.839
-79.858
-79.843
-79.789
-79.849
-79.898
-79.856
-79.841
-79.963
-79.937
-79.913
-80.013
-79.959
-80.013
-79.999
-79.992
-80.015
-79.992
-79.893
-79.799
-79.864
-79.835
-79.823
-79.927
-79.863
-79.841
-79.891
-79.911
-79.957
-80.067
-80.047
-80.087
-80.162
-80.225
-80.232
-80.323
-80.286
-80.261
-80.241
-80.155
-80.159
-80.25
-80.268
-80.416
-80.377
-80.281
-80.199
-80.187
-80.119
-80.105
-80.217
-80.225
-80.117
-80.046
-80.016
-80.094
-80.052
-80.159
-80.15
-80.226
-80.221
-80.161
-80.21
-80.19
-80.188
-80.067
-80.101
-80.06
-80.021
-79.828
-79.862
-79.888
-79.9
-79.939
-79.901
-79.842
-79.74
-79.738
-79.7
-79.784
-79.811
-79.877
-79.982
-79.994
-80.032
-80.053
-79.984
-80.002
-80.019
-79.971
-80.008
-79.93
-79.97
-80.005
-80.07
-80.069
-80.004
-80.08
-80.015
-80.042
-79.998
-80.006
-79.937
-79.872
-79.911
-79.932
-80.037
-80.019
-79.989
-79.942
-79.955
-79.977
-79.968
-79.92
-80.021
-80.13
-80.134
-80.156
-80.239
-80.243
-80.346
-80.333
-80.338
-80.315
-80.305
-80.267
-80.307
-80.287
-80.267
-80.194
-80.199
-80.26
-80.262
-80.358
-80.397
-80.349
-80.292
-80.298
-80.282
-80.282
-80.226
-80.186
-80.158
-80.187
-80.141
-80.112
-80.058
-80.127
-80.115
-80.137
-80.068
-80.028
-79.993
-80.056
-80.028
-80.035
-80.157
-80.097
-80.045
-80.096
-79.975
-80.047
-79.967
-79.906
-79.958
-79.994
-79.933
-80.002
-79.975
-80.02
-80.041
-80.111
-80.049
-79.916
-79.831
-79.814
-79.795
-79.797
-79.808
-79.757
-79.655
-79.567
-79.492
-79.375
-79.327
-79.403
-79.472
-79.485
-79.434
-79.514
-79.41
-79.297
-79.272
-79.185
-79.261
-79.338
-79.355
-79.335
-79.365
-79.415
-79.465
-79.477
-79.478
-79.585
-79.675
-79.747
-79.798
-79.775
-79.796
-79.779
-79.758
-79.748
-79.815
-79.868
-79.852
-79.82
-79.8
-79.875
-79.899
-79.948
-79.977
-79.976
-79.933
-79.935
-79.877
-79.858
-79.874
-79.89
-79.883
-79.778
-79.776
-79.768
-79.793
-79.806
-79.779
-79.779
-79.794
-79.822
-79.853
-79.906
-79.81
-79.801
-79.882
-79.805
-79.748
-79.773
-79.672
-79.65
-79.562
-79.527
-79.512
-79.649
-79.633
-79.683
-79.68
-79.754
-79.781
-79.813
-79.766
-79.754
-79.876
-79.879
-79.868
-79.896
-79.874
-79.863
-79.877
-79.873
-79.83
-79.866
-79.884
-79.932
-79.996
-79.981
-79.914
-79.958
-80.03
-79.994
-79.985
-80.033
-79.964
-80.056
-80.064
-80.052
-80.087
-80.141
-80.207
-80.17
-80.128
-80.146
-80.127
-80.167
-80.13
-80.059
-80.121
-80.133
-80.088
-80.038
-79.942
-79.949
-79.902
-79.901
-79.943
-79.894
-79.869
-79.877
-79.878
-79.842
-79.796
-79.799
-79.816
-79.869
-79.826
-79.844
-79.817
-79.851
-79.851
-79.794
-79.823
-79.9
-79.792
-79.839
-79.845
-79.871
-79.84
-79.871
-79.864
-79.877
-79.909
-79.872
-79.949
-79.997
-79.882
-79.887
-79.884
-79.835
-79.776
-79.744
-79.665
-79.714
-79.74
-79.721
-79.754
-79.69
-79.688
-79.679
-79.66
-79.605
-79.605
-79.68
-79.686
-79.668
-79.728
-79.712
-79.691
-79.733
-79.768
-79.819
-79.816
-79.865
-79.841
-79.839
-79.805
-79.858
-79.819
-79.834
-79.889
-79.928
-80.028
-79.968
-79.984
-79.913
-79.875
-79.954
-80.026
-80.084
-80.147
-80.17
-80.219
-80.295
-80.226
-80.295
-80.346
-80.359
-80.377
-80.31
-80.32
-80.327
-80.236
-80.226
-80.198
-80.153
-80.128
-80.152
-80.135
-80.142
-80.124
-80.192
-80.152
-80.131
-80.171
-80.132
-80.157
-80.088
-80.07
-80.006
-80.078
-80.024
-79.944
-79.861
-79.858
-79.789
-79.829
-79.868
-79.801
-79.829
-79.751
-79.813
-79.789
-79.697
-79.671
-79.688
-79.715
-79.826
-79.832
-79.853
-79.898
-79.889
-79.874
-79.93
-79.858
-79.931
-80.007
-80.032
-80.095
-80.126
-80.156
-80.25
-80.288
-80.266
-80.225
-80.215
-80.243
-80.173
-80.172
-80.112
-80.153
-80.169
-80.096
-80.172
-80.247
-80.234
-80.322
-80.371
-80.362
-80.399
-80.361
-80.281
-80.316
-80.283
-80.369
-80.389
-80.387
-80.386
-80.401
-80.397
-80.448
-80.352
-80.294
-80.321
-80.199
-80.16
-80.163
-80.12
-80.142
-80.141
-80.041
-80.046
-80.051
-80.107
-80.139
-80.118
-80.104
-80.056
-79.995
-79.983
-80.042
-80.072
-80.143
-80.118
-80.138
-80.071
-80.094
-80.184
-80.17
-80.237
-80.21
-80.207
-80.203
-80.139
-80.132
-80.108
-80.135
-80.104
-80.068
-80.08
-80.054
-80.066
-80.051
-80.12
-80.188
-80.144
-80.108
-80.178
-80.103
-80.074
-80.029
-80.098
-80.129
-80.211
-80.164
-80.03
-80.066
-80.011
-80.146
-79.997
-79.945
-79.848
-79.925
-79.984
-79.916
-79.887
-80.035
-80.026
-80.004
-79.979
-80.01
-80.082
-79.927
-79.927
-79.867
-79.853
-79.812
-79.736
-79.725
-79.924
-79.874
-79.831
-79.806
-79.807
-79.847
-79.816
-79.793
-79.755
-79.771
-79.762
-79.814
-79.832
-79.796
-79.8
-79.766
-79.72
-79.685
-79.646
-79.626
-79.607
-79.691
-79.68
-79.683
-79.667
-79.629
-79.653
-79.7
-79.694
-79.588
-79.612
-79.697
-79.691
-79.703
-79.686
-79.69
-79.701
-79.73
-79.742
-79.804
-79.804
-79.848
-79.804
-79.847
-79.737
-79.696
-79.731
-79.793
-79.816
-79.866
-79.821
-79.878
-79.856
-79.824
-79.923
-79.856
-79.834
-79.807
-79.79
-79.731
-79.79
-79.739
-79.739
-79.646
-79.627
-79.631
-79.55
-79.519
-79.533
-79.554
-79.584
-79.578
-79.626
-79.568
-79.578
-79.613
-79.512
-79.532
-79.659
-79.684
-79.707
-79.692
-79.682
-79.773
-79.863
-79.847
-79.862
-79.874
-79.888
-79.915
-79.983
-79.995
-79.991
-79.999
-80.099
-80.095
-80.008
-80.01
-80.013
-79.985
-80.066
-80.006
-79.896
-79.862
-79.832
-79.807
-79.786
-79.844
-79.896
-79.801
-79.826
-79.847
-79.795
-79.812
-79.784
-79.782
-79.731
-79.681
-79.696
-79.731
-79.767
-79.728
-79.754
-79.702
-79.729
-79.745
-79.726
-79.697
-79.729
-79.701
-79.641
-79.602
-79.593
-79.68
-79.729
-79.663
-79.665
-79.661
-79.689
-79.683
-79.545
-79.591
-79.513
-79.548
-79.535
-79.6
-79.648
-79.697
-79.69
-79.716
-79.681
-79.662
-79.701
-79.626
-79.577
-79.652
-79.573
-79.56
-79.563
-79.635
-79.555
-79.572
-79.581
-79.492
-79.517
-79.531
-79.501
-79.599
-79.557
-79.593
-79.588
-79.723
-79.682
-79.599
-79.53
-79.378
-79.334
-79.277
-79.197
-79.242
-79.248
-79.258
-79.264
-79.316
-79.399
-79.443
-79.407
-79.373
-79.412
-79.342
-79.372
-79.333
-79.361
-79.407
-79.409
-79.476
-79.405
-79.341
-79.204
-79.262
-79.238
-79.242
-79.23
-79.301
-79.369
-79.378
-79.352
-79.333
-79.41
-79.479
-79.451
-79.54
-79.629
-79.602
-79.587
-79.606
-79.716
-79.557
-79.528
-79.554
-79.536
-79.579
-79.512
-79.555
-79.647
-79.605
-79.573
-79.586
-79.602
-79.586
-79.587
-79.567
-79.554
-79.595
-79.608
-79.566
-79.532
-79.472
-79.477
-79.473
-79.362
-79.324
-79.308
-79.341
-79.357
-79.297
-79.311
-79.329
-79.21
-79.244
-79.189
-79.275
-79.29
-79.197
-79.327
-79.457
-79.442
-79.478
-79.554
-79.63
-79.666
-79.806
-79.738
-79.751
-79.82
-79.844
-79.858
-79.879
-79.916
-79.889
-79.931
-79.942
-79.956
-79.892
-79.842
-79.796
-79.719
-79.703
-79.747
-79.818
-79.853
-79.851
-79.769
-79.854
-79.812
-79.886
-79.922
-79.898
-79.932
-80.05
-80.051
-80.031
-79.951
-79.991
-79.903
-79.888
-79.954
-79.913
-79.959
-80.007
-80.037
-80.045
-80.021
-80.055
-79.984
-79.982
-80.058
-80.093
-80.105
-80.133
-80.186
-80.13
-80.124
-80.107
-80.078
-80.114
-80.107
-80.195
-80.2
-80.127
-80.064
-80.123
-80.089
-80.035
-80.043
-80.01
-79.926
-79.97
-79.972
-80.026
-80.072
-80.024
-79.902
-79.966
-80
-80.01
-79.923
-79.95
-79.959
-79.952
-79.982
-80.003
-79.977
-80.006
-80.013
-80.065
-80.041
-80.14
-80.172
-80.143
-80.158
-80.031
-80.016
-80.095
-80.067
-80.12
-80.108
-80.063
-80.079
-79.986
-79.963
-79.955
-79.975
-80.045
-80.061
-79.99
-79.998
-79.953
-79.906
-79.883
-79.979
-79.973
-80
-79.987
-79.935
-79.987
-80.049
-80.063
-80.138
-80.127
-80.089
-80.009
-80.039
-80.047
-80.038
-80.02
-79.997
-79.942
-79.891
-79.939
-80.003
-80.011
-79.97
-79.945
-79.921
-79.952
-79.89
-79.925
-79.87
-79.832
-79.798
-79.724
-79.711
-79.613
-79.591
-79.632
-79.672
-79.643
-79.619
-79.574
-79.612
-79.625
-79.662
-79.649
-79.726
-79.651
-79.516
-79.551
-79.593
-79.58
-79.561
-79.61
-79.603
-79.614
-79.532
-79.412
-79.474
-79.384
-79.285
-79.261
-79.174
-79.275
-79.261
-79.174
-79.252
-79.208
-79.151
-79.205
-79.305
-79.326
-79.334
-79.341
-79.294
-79.341
-79.337
-79.337
-79.385
-79.299
-79.362
-79.37
-79.371
-79.417
-79.487
-79.471
-79.469
-79.442
-79.44
-79.494
-79.455
-79.48
-79.443
-79.458
-79.448
-79.456
-79.423
-79.447
-79.485
-79.527
-79.53
-79.493
-79.497
-79.575
-79.557
-79.616
-79.654
-79.564
-79.545
-79.651
-79.656
-79.692
-79.636
-79.704
-79.774
-79.719
-79.753
-79.81
-79.782
-79.864
-79.944
-79.938
-79.961
-79.86
-79.868
-79.979
-80.019
-80.039
-79.955
-79.873
-79.839
-79.901
-79.928
-79.942
-79.951
-79.969
-80.003
-80.035
-80.017
-80.008
-79.9
-79.864
-79.865
-79.91
-79.905
-79.95
-79.969
-79.949
-79.873
-79.863
-79.757
-79.743
-79.814
-79.763
-79.735
-79.701
-79.716
-79.742
-79.654
-79.786
-79.741
-79.722
-79.737
-79.768
-79.725
-79.708
-79.716
-79.785
-79.741
-79.721
-79.663
-79.652
-79.681
-79.792
-79.799
-79.84
-79.797
-79.86
-79.803
-79.949
-79.942
-79.917
-79.814
-79.837
-79.892
-79.945
-79.922
-79.862
-79.951
-80.019
-79.98
-79.886
-79.946
-80.052
-79.988
-80.036
-79.981
-79.997
-79.95
-80.005
-79.989
-80.013
-80.075
-79.945
-79.917
-79.854
-79.828
-79.862
-79.86
-79.925
-79.947
-79.974
-80.018
-80.104
-80.157
-80.154
-80.187
-80.143
-80.159
-80.18
-80.159
-80.257
-80.259
-80.187
-80.233
-80.252
-80.296
-80.293
-80.358
-80.391
-80.417
-80.438
-80.41
-80.428
-80.433
-80.45
-80.467
-80.505
-80.408
-80.335
-80.415
-80.361
-80.329
-80.315
-80.307
-80.397
-80.327
-80.398
-80.388
-80.436
-80.377
-80.335
-80.342
-80.377
-80.423
-80.37
-80.333
-80.328
-80.342
-80.318
-80.279
-80.266
-80.271
-80.199
-80.223
-80.19
-80.218
-80.178
-80.204
-80.193
-80.187
-80.225
-80.275
-80.292
-80.274
-80.259
-80.205
-80.183
-80.146
-80.047
-80.101
-80.156
-80.203
-80.103
-80.117
-80.197
-80.209
-80.165
-80.126
-80.13
-80.119
-80.171
-80.093
-80.179
-80.174
-80.257
-80.28
-80.277
-80.352
-80.414
-80.454
-80.393
-80.327
-80.349
-80.411
-80.444
-80.376
-80.337
-80.303
-80.281
-80.181
-80.053
-80.047
-80.117
-80.066
-80.021
-80.053
-79.988
-80.076
-80.049
-80.106
-79.99
-79.951
-79.881
-79.858
-79.813
-79.822
-79.841
-79.777
-79.792
-79.769
-79.702
-79.747
-79.787
-79.846
-79.812
-79.779
-79.797
-79.815
-79.804
-79.733
-79.761
-79.846
-79.791
-79.746
-79.796
-79.845
-79.932
-79.887
-79.877
-79.946
-80.044
-80.08
-80.044
-80.002
-80.032
-80.074
-80.055
-80.024
-79.98
-80.039
-80.023
-80.043
-79.967
-80.02
-80.089
-80.114
-80.208
-80.208
-80.158
-80.244
-80.255
-80.345
-80.339
-80.343
-80.315
-80.386
-80.299
-80.227
-80.269
-80.229
-80.154
-80.169
-80.165
-80.116
-80.142
-80.034
-80.058
-80.133
-80.091
-80.022
-80.063
-80.061
-80.044
-80.044
-79.982
-79.938
-80.026
-80.157
-80.093
-80.16
-80.125
-80.039
-79.948
-79.956
-79.996
-80.08
-80.092
-80.094
-80.101
-80.064
-80.038
-79.986
-80.014
-80.087
-80.085
-80.085
-80.104
-80.042
-80.016
-80.062
-80.052
-80.033
-80.059
-80.032
-79.922
-80.011
-79.965
-79.967
-80.033
-79.986
-79.971
-80.056
-80.097
-80.063
-80.073
-80.072
-80.071
-80.073
-80.187
-80.216
-80.193
-80.185
-80.07
-80.051
-80.043
-80.057
-79.984
-79.936
-79.967
-79.85
-79.86
-79.863
-79.822
-79.882
-79.889
-79.834
-79.748
-79.765
-79.654
-79.657
-79.648
-79.567
-79.622
-79.687
-79.689
-79.703
-79.743
-79.789
-79.821
-79.817
-79.76
-79.782
-79.759
-79.698
-79.833
-79.944
-79.891
-79.917
-79.977
-79.973
-79.94
-79.863
-79.782
-79.75
-79.733
-79.669
-79.632
-79.578
-79.531
-79.515
-79.561
-79.58
-79.623
-79.632
-79.644
-79.595
-79.593
-79.558
-79.534
-79.535
-79.547
-79.557
-79.557
-79.505
-79.531
-79.487
-79.471
-79.493
-79.466
-79.454
-79.421
-79.415
-79.384
-79.48
-79.434
-79.514
-79.527
-79.497
-79.504
-79.532
-79.527
-79.474
-79.402
-79.45
-79.401
-79.449
-79.52
-79.512
-79.535
-79.573
-79.636
-79.557
-79.57
-79.538
-79.481
-79.44
-79.452
-79.47
-79.452
-79.497
-79.504
-79.44
-79.445
-79.348
-79.329
-79.326
-79.381
-79.35
-79.303
-79.328
-79.218
-79.269
-79.193
-79.131
-79.089
-79.049
-78.988
-78.989
-78.944
-78.955
-78.88
-78.785
-78.776
-78.792
-78.796
-78.759
-78.756
-78.727
-78.699
-78.689
-78.77
-78.694
-78.693
-78.732
-78.655
-78.722
-78.747
-78.773
-78.892
-78.972
-78.965
-78.933
-79.002
-78.954
-78.916
-79
-79.033
-78.952
-78.945
-78.973
-78.921
-78.927
-78.954
-78.86
-78.899
-78.997
-79.075
-79.062
-79.15
-79.057
-79.059
-79.081
-79.08
-79.121
-79.1
-79.092
-79.178
-79.161
-79.196
-79.22
-79.216
-79.232
-79.267
-79.279
-79.299
-79.228
-79.15
-79.246
-79.305
-79.315
-79.294
-79.272
-79.235
-79.21
-79.142
-79.163
-79.168
-79.137
-79.109
-79.155
-79.126
-79.186
-79.201
-79.217
-79.245
-79.234
-79.313
-79.286
-79.314
-79.389
-79.392
-79.391
-79.375
-79.434
-79.439
-79.411
-79.474
-79.379
-79.424
-79.435
-79.494
-79.403
-79.436
-79.359
-79.408
-79.408
-79.522
-79.509
-79.455
-79.432
-79.369
-79.393
-79.327
-79.237
-79.318
-79.378
-79.392
-79.322
-79.4
-79.285
-79.315
-79.508
-79.465
-79.429
-79.468
-79.497
-79.505
-79.53
-79.532
-79.511
-79.491
-79.431
-79.396
-79.322
-79.322
-79.221
-79.178
-79.203
-79.191
-79.241
-79.169
-79.204
-79.155
-79.157
-79.113
-79.157
-79.14
-79.135
-79.062
-79.033
-79.013
-79.109
-79.088
-79.125
-79.088
-79.058
-79.026
-78.98
-78.949
-78.994
-78.984
-78.964
-78.909
-78.881
-78.821
-78.936
-78.929
-78.886
-78.825
-78.833
-78.73
-78.757
-78.805
-78.827
-78.77
-78.779
-78.906
-78.963
-79.001
-79.024
-79.02
-78.992
-79.027
-78.998
-79.069
-79.12
-79.209
-79.186
-79.319
-79.318
-79.409
-79.347
-79.263
-79.364
-79.398
-79.397
-79.47
-79.463
-79.383
-79.332
-79.341
-79.34
-79.276
-79.399
-79.4
-79.35
-79.364
-79.383
-79.421
-79.45
-79.445
-79.391
-79.532
-79.525
-79.518
-79.556
-79.587
-79.586
-79.597
-79.688
-79.578
-79.578
-79.509
-79.528
-79.644
-79.577
-79.683
-79.694
-79.707
-79.64
-79.684
-79.679
-79.654
-79.772
-79.762
-79.822
-79.84
-79.849
-79.865
-79.886
-79.921
-79.909
-79.868
-79.958
-80.007
-79.963
-79.865
-79.838
-79.846
-79.847
-79.917
-79.993
-80.054
-80.027
-80.008
-79.995
-80.02
-80.088
-80.111
-80.112
-80.048
-80.045
-80.071
-80.075
-80.069
-80.066
-80.037
-79.892
-79.953
-79.938
-79.952
-79.982
-80.013
-80.055
-80.069
-80.159
-80.131
-80.035
-80.006
-79.982
-79.922
-79.945
-79.929
-79.962
-79.93
-79.925
-79.972
-79.889
-79.785
-79.867
-79.799
-79.78
-79.881
-79.785
-79.734
-79.749
-79.752
-79.754
-79.735
-79.737
-79.768
-79.796
-79.81
-79.817
-79.774
-79.731
-79.788
-79.785
-79.818
-79.813
-79.818
-79.829
-79.77
-79.733
-79.648
-79.617
-79.606
-79.653
-79.623
-79.527
-79.575
-79.574
-79.672
-79.703
-79.719
-79.744
-79.757
-79.695
-79.815
-79.826
-79.751
-79.664
-79.624
-79.632
-79.712
-79.728
-79.802
-79.818
-79.803
-79.933
-79.929
-80.027
-80.084
-80.159
-80.226
-80.179
-80.248
-80.244
-80.229
-80.305
-80.401
-80.46
-80.411
-80.507
-80.435
-80.487
-80.511
-80.453
-80.443
-80.484
-80.531
-80.546
-80.598
-80.599
-80.607
-80.604
-80.644
-80.648
-80.694
-80.681
-80.659
-80.656
-80.737
-80.759
-80.769
-80.807
-80.799
-80.752
-80.819
-80.826
-80.864
-80.827
-80.831
-80.829
-80.847
-80.927
-80.893
-80.92
-80.929
-80.869
-80.84
-80.823
-80.786
-80.825
-80.799
-80.836
-80.889
-80.78
-80.759
-80.764
-80.737
-80.78
-80.789
-80.752
-80.789
-80.797
-80.841
-80.829
-80.849
-80.854
-80.932
-81.003
-81.067
-80.974
-80.894
-80.874
-80.825
-80.843
-80.749
-80.793
-80.931
-81.013
-80.941
-80.969
-80.907
-80.911
-80.926
-80.899
-80.968
-80.937
-80.89
-80.845
-80.826
-80.804
-80.798
-80.79
-80.787
-80.687
-80.765
-80.757
-80.682
-80.603
-80.564
-80.598
-80.583
-80.528
-80.42
-80.392
-80.35
-80.477
-80.496
-80.542
-80.546
-80.596
-80.612
-80.665
-80.644
-80.628
-80.578
-80.532
-80.494
-80.487
-80.475
-80.511
-80.471
-80.483
-80.372
-80.405
-80.359
-80.37
-80.419
-80.433
-80.408
-80.377
-80.418
-80.434
-80.41
-80.3
-80.359
-80.32
-80.288
-80.203
-80.164
-80.115
-80.109
-80.059
-79.984
-80.022
-80.06
-80.146
-80.176
-80.207
-80.258
-80.336
-80.276
-80.255
-80.252
-80.2
-80.133
-80.113
-80.123
-80.109
-80.102
-80.06
-80.045
-80.104
-80.027
-80.071
-80.068
-80.076
-80.105
-80.064
-79.979
-79.976
-79.994
-80.046
-80.146
-80.07
-80.042
-80.047
-79.996
-80.062
-80.06
-80.099
-79.962
-79.932
-79.946
-79.938
-79.924
-79.945
-79.969
-79.913
-79.952
-80.006
-80.042
-80.044
-80.05
-80.029
-80.13
-80.044
-79.99
-79.983
-79.905
-79.922
-79.954
-79.977
-79.969
-79.974
-79.903
-79.927
-79.815
-79.806
-79.905
-79.945
-79.947
-79.94
-79.931
-79.919
-79.819
-79.816
-79.872
-79.868
-79.835
-79.744
-79.742
-79.671
-79.673
-79.718
-79.738
-79.743
-79.775
-79.711
-79.62
-79.644
-79.578
-79.51
-79.503
-79.456
-79.364
-79.385
-79.338
-79.265
-79.225
-79.238
-79.285
-79.336
-79.428
-79.451
-79.393
-79.387
-79.41
-79.389
-79.371
-79.403
-79.387
-79.48
-79.553
-79.541
-79.593
-79.599
-79.546
-79.613
-79.528
-79.582
-79.569
-79.627
-79.654
-79.68
-79.675
-79.68
-79.708
-79.695
-79.68
-79.645
-79.614
-79.58
-79.543
-79.48
-79.429
-79.472
-79.507
-79.536
-79.531
-79.449
-79.477
-79.467
-79.497
-79.505
-79.44
-79.404
-79.322
-79.381
-79.428
-79.451
-79.531
-79.553
-79.535
-79.554
-79.503
-79.429
-79.428
-79.484
-79.518
-79.462
-79.483
-79.421
-79.429
-79.455
-79.498
-79.483
-79.488
-79.568
-79.618
-79.589
-79.602
-79.658
-79.658
-79.645
-79.705
-79.719
-79.722
-79.845
-79.895
-79.908
-79.921
-79.918
-79.904
-79.848
-79.85
-79.78
-79.839
-79.861
-79.906
-79.953
-79.92
-79.89
-80.001
-79.967
-79.938
-79.981
-79.803
-79.869
-79.872
-79.884
-79.9
-79.963
-79.931
-79.897
-79.842
-79.865
-79.879
-79.858
-79.826
-79.732
-79.767
-79.724
-79.718
-79.704
-79.806
-79.77
-79.716
-79.771
-79.793
-79.788
-79.791
-79.831
-79.821
-79.896
-79.945
-79.992
-79.995
-79.92
-79.895
-79.776
-79.749
-79.742
-79.779
-79.862
-79.818
-79.842
-79.792
-79.805
-79.785
-79.763
-79.637
-79.665
-79.674
-79.617
-79.657
-79.603
-79.508
-79.452
-79.519
-79.538
-79.48
-79.474
-79.421
-79.39
-79.323
-79.396
-79.399
-79.454
-79.412
-79.447
-79.439
-79.405
-79.432
-79.366
-79.357
-79.332
-79.314
-79.269
-79.331
-79.291
-79.234
-79.256
-79.301
-79.278
-79.29
-79.241
-79.2
-79.218
-79.225
-79.207
-79.147
-79.1
-79.116
-79.032
-78.994
-79.08
-79.058
-78.941
-78.949
-78.978
-78.952
-78.97
-78.998
-79.097
-79.058
-79.04
-78.989
-78.977
-78.934
-79.03
-79.088
-79.066
-79.094
-79.006
-78.968
-78.947
-79.032
-79.04
-79.073
-79.175
-79.197
-79.21
-79.243
-79.238
-79.299
-79.236
-79.174
-79.169
-79.178
-79.256
-79.301
-79.333
-79.3
-79.405
-79.392
-79.434
-79.489
-79.472
-79.451
-79.521
-79.525
-79.578
-79.649
-79.534
-79.563
-79.56
-79.62
-79.674
-79.635
-79.542
-79.515
-79.555
-79.518
-79.552
-79.536
-79.503
-79.475
-79.518
-79.532
-79.462
-79.467
-79.46
-79.446
-79.44
-79.43
-79.315
-79.32
-79.319
-79.399
-79.394
-79.393
-79.365
-79.393
-79.453
-79.445
-79.425
-79.396
-79.423
-79.447
-79.478
-79.464
-79.438
-79.375
-79.367
-79.41
-79.499
-79.481
-79.535
-79.624
-79.695
-79.632
-79.703
-79.71
-79.661
-79.716
-79.704
-79.643
-79.512
-79.473
-79.379
-79.306
-79.291
-79.252
-79.312
-79.27
-79.339
-79.308
-79.267
-79.285
-79.305
-79.237
-79.176
-79.149
-79.084
-79.132
-79.115
-79.106
-79.118
-79.189
-79.147
-79.159
-79.213
-79.266
-79.279
-79.232
-79.212
-79.212
-79.157
-79.029
-79.012
-78.978
-78.977
-78.991
-79.016
-79.074
-79.098
-79.044
-78.973
-79.01
-79.043
-79.137
-79.081
-79.08
-79.078
-79.09
-79.13
-79.166
-79.128
-79.017
-79.007
-79.006
-79.019
-79.013
-79.089
-79.098
-78.973
-78.986
-79.038
-79.023
-79.033
-78.996
-78.99
-79.033
-79.021
-79.001
-79.048
-79.075
-79.096
-79.068
-79.014
-78.993
-78.944
-78.899
-78.92
-78.924
-78.894
-78.843
-78.908
-78.824
-78.821
-78.767
-78.741
-78.729
-78.718
-78.684
-78.696
-78.656
-78.646
-78.654
-78.681
-78.71
-78.765
-78.796
-78.812
-78.751
-78.714
-78.8
-78.826
-78.768
-78.827
-78.85
-78.834
-78.801
-78.843
-78.82
-78.788
-78.836
-78.89
-78.824
-78.862
-78.921
-78.88
-78.884
-78.86
-78.812
-78.777
-78.756
-78.731
-78.715
-78.761
-78.672
-78.676
-78.622
-78.686
-78.674
-78.603
-78.612
-78.672
-78.67
-78.54
-78.499
-78.573
-78.587
-78.576
-78.556
-78.574
-78.665
-78.645
-78.671
-78.651
-78.778
-78.82
-78.767
-78.743
-78.751
-78.725
-78.781
-78.835
-78.903
-78.91
-78.987
-79.008
-79.036
-79.104
-79.115
-79.104
-79.058
-78.951
-78.985
-78.939
-78.902
-78.916
-79.039
-79.054
-79.085
-79.172
-79.229
-79.312
-79.317
-79.341
-79.233
-79.169
-79.204
-79.246
-79.291
-79.309
-79.316
-79.401
-79.456
-79.514
-79.538
-79.546
-79.662
-79.647
-79.642
-79.636
-79.634
-79.544
-79.522
-79.563
-79.576
-79.597
-79.6
-79.57
-79.584
-79.586
-79.539
-79.584
-79.65
-79.689
-79.676
-79.707
-79.689
-79.65
-79.664
-79.723
-79.752
-79.846
-79.824
-79.926
-79.894
-79.889
-79.877
-79.895
-79.891
-79.879
-79.873
-79.782
-79.759
-79.669
-79.699
-79.658
-79.648
-79.68
-79.665
-79.687
-79.693
-79.663
-79.642
-79.591
-79.604
-79.558
-79.443
-79.303
-79.314
-79.265
-79.28
-79.321
-79.317
-79.277
-79.279
-79.295
-79.356
-79.285
-79.269
-79.262
-79.199
-79.176
-79.241
-79.237
-79.153
-79.206
-79.203
-79.263
-79.269
-79.335
-79.356
-79.446
-79.456
-79.477
-79.509
-79.503
-79.407
-79.359
-79.317
-79.241
-79.296
-79.272
-79.306
-79.253
-79.237
-79.315
-79.33
-79.279
-79.466
-79.448
-79.396
-79.374
-79.368
-79.372
-79.474
-79.471
-79.432
-79.406
-79.399
-79.361
-79.371
-79.467
-79.531
-79.452
-79.526
-79.551
-79.555
-79.554
-79.591
-79.544
-79.585
-79.589
-79.665
-79.656
-79.603
-79.66
-79.716
-79.724
-79.752
-79.76
-79.715
-79.674
-79.76
-79.656
-79.6
-79.501
-79.475
-79.46
-79.469
-79.493
-79.421
-79.43
-79.436
-79.418
-79.376
-79.278
-79.315
-79.31
-79.301
-79.227
-79.201
-79.168
-79.176
-79.134
-79.116
-79.173
-79.207
-79.247
-79.232
-79.247
-79.178
-79.209
-79.205
-79.322
-79.33
-79.366
-79.414
-79.439
-79.398
-79.418
-79.43
-79.468
-79.496
-79.485
-79.552
-79.535
-79.63
-79.613
-79.654
-79.66
-79.673
-79.541
-79.545
-79.569
-79.48
-79.466
-79.561
-79.561
-79.545
-79.488
-79.497
-79.548
-79.523
-79.543
-79.513
-79.579
-79.566
-79.594
-79.626
-79.725
-79.68
-79.664
-79.659
-79.593
-79.562
-79.585
-79.586
-79.482
-79.421
-79.378
-79.372
-79.333
-79.319
-79.233
-79.257
-79.253
-79.238
-79.197
-79.245
-79.281
-79.375
-79.368
-79.397
-79.403
-79.331
-79.437
-79.488
-79.49
-79.499
-79.533
-79.523
-79.476
-79.438
-79.402
-79.401
-79.353
-79.442
-79.495
-79.602
-79.563
-79.468
-79.502
-79.49
-79.562
-79.504
-79.425
-79.43
-79.455
-79.504
-79.366
-79.293
-79.301
-79.291
-79.198
-79.256
-79.301
-79.294
-79.366
-79.408
-79.359
-79.347
-79.364
-79.324
-79.341
-79.257
-79.246
-79.208
-79.192
-79.256
-79.255
-79.131
-79.156
-79.202
-79.213
-79.294
-79.382
-79.329
-79.274
-79.24
-79.155
-79.122
-79.123
-79.166
-79.09
-79.178
-79.19
-79.186
-79.184
-79.121
-79.206
-79.196
-79.244
-79.305
-79.388
-79.359
-79.365
-79.292
-79.296
-79.229
-79.241
-79.275
-79.255
-79.191
-79.232
-79.268
-79.241
-79.295
-79.366
-79.452
-79.46
-79.442
-79.395
-79.421
-79.521
-79.442
-79.343
-79.389
-79.394
-79.47
-79.45
-79.391
-79.382
-79.353
-79.405
-79.4
-79.365
-79.407
-79.429
-79.412
-79.468
-79.455
-79.36
-79.353
-79.321
-79.375
-79.398
-79.4
-79.407
-79.327
-79.393
-79.42
-79.502
-79.444
-79.481
-79.471
-79.411
-79.388
-79.419
-79.447
-79.405
-79.38
-79.496
-79.516
-79.538
-79.546
-79.655
-79.761
-79.724
-79.702
-79.611
-79.493
-79.437
-79.33
-79.337
-79.311
-79.313
-79.256
-79.141
-79.19
-79.232
-79.224
-79.322
-79.3
-79.263
-79.253
-79.199
-79.224
-79.226
-79.214
-79.181
-79.196
-79.235
-79.256
-79.235
-79.185
-79.188
-79.179
-79.212
-79.346
-79.443
-79.387
-79.332
-79.273
-79.334
-79.337
-79.254
-79.328
-79.22
-79.225
-79.287
-79.354
-79.366
-79.352
-79.445
-79.491
-79.448
-79.411
-79.507
-79.515
-79.532
-79.42
-79.446
-79.487
-79.455
-79.457
-79.494
-79.486
-79.401
-79.415
-79.38
-79.305
-79.314
-79.415
-79.423
-79.455
-79.428
-79.512
-79.51
-79.572
-79.452
-79.533
-79.541
-79.601
-79.635
-79.631
-79.667
-79.599
-79.612
-79.603
-79.623
-79.698
-79.695
-79.714
-79.694
-79.703
-79.76
-79.74
-79.767
-79.736
-79.663
-79.61
-79.609
-79.578
-79.552
-79.612
-79.66
-79.644
-79.563
-79.508
-79.497
-79.541
-79.544
-79.546
-79.597
-79.543
-79.549
-79.619
-79.657
-79.596
-79.626
-79.605
-79.564
-79.601
-79.605
-79.596
-79.594
-79.545
-79.612
-79.563
-79.607
-79.649
-79.537
-79.604
-79.615
-79.614
-79.604
-79.555
-79.522
-79.53
-79.545
-79.507
-79.434
-79.329
-79.307
-79.308
-79.352
-79.363
-79.348
-79.366
-79.466
-79.404
-79.435
-79.491
-79.479
-79.494
-79.633
-79.53
-79.502
-79.452
-79.526
-79.428
-79.435
-79.488
-79.561
-79.552
-79.533
-79.577
-79.643
-79.623
-79.598
-79.591
-79.69
-79.711
-79.691
-79.613
-79.63
-79.67
-79.721
-79.778
-79.831
-79.81
-79.71
-79.744
-79.635
-79.652
-79.624
-79.63
-79.719
-79.651
-79.661
-79.678
-79.64
-79.631
-79.744
-79.832
-79.792
-79.796
-79.837
-79.817
-79.825
-79.83
-79.703
-79.676
-79.66
-79.624
-79.678
-79.701
-79.6
-79.565
-79.553
-79.695
-79.674
-79.681
-79.758
-79.682
-79.629
-79.639
-79.625
-79.653
-79.715
-79.701
-79.71
-79.704
-79.801
-79.822
-79.92
-79.852
-79.914
-79.927
-79.892
-79.939
-79.971
-80.014
-80.061
-80.048
-80.135
-80.11
-80.157
-80.25
-80.235
-80.199
-80.31
-80.244
-80.149
-80.13
-80.085
-80.157
-80.2
-80.189
-80.27
-80.288
-80.241
-80.276
-80.219
-80.303
-80.284
-80.19
-80.226
-80.247
-80.336
-80.258
-80.197
-80.125
-80.161
-80.169
-80.193
-80.215
-80.194
-80.191
-80.222
-80.175
-80.142
-80.143
-80.107
-80.067
-80.012
-79.958
-79.891
-79.858
-79.864
-79.802
-79.843
-79.908
-79.962
-79.941
-79.898
-79.824
-79.752
-79.772
-79.856
-79.917
-79.915
-79.916
-79.867
-79.877
-79.875
-79.885
-79.888
-79.834
-79.808
-79.703
-79.669
-79.687
-79.663
-79.714
-79.8
-79.8
-79.86
-79.86
-79.839
-79.837
-79.851
-79.809
-79.764
-79.786
-79.786
-79.816
-79.82
-79.87
-79.807
-79.742
-79.712
-79.72
-79.736
-79.754
-79.789
-79.736
-79.707
-79.734
-79.732
-79.635
-79.712
-79.695
-79.719
-79.803
-79.843
-79.837
-79.848
-79.9
-79.874
-79.857
-79.914
-79.908
-79.889
-79.868
-79.867
-79.913
-79.878
-79.802
-79.739
-79.693
-79.692
-79.642
-79.653
-79.583
-79.622
-79.591
-79.546
-79.473
-79.44
-79.408
-79.421
-79.37
-79.408
-79.355
-79.437
-79.419
-79.493
-79.572
-79.574
-79.579
-79.563
-79.526
-79.537
-79.609
-79.524
-79.583
-79.603
-79.619
-79.674
-79.678
-79.638
-79.649
-79.644
-79.673
-79.643
-79.607
-79.716
-79.722
-79.754
-79.706
-79.69
-79.652
-79.707
-79.71
-79.746
-79.753
-79.747
-79.747
-79.817
-79.843
-79.983
-79.984
-80.022
-79.965
-79.938
-79.909
-79.926
-79.968
-79.95
-80.012
-79.898
-79.913
-79.964
-79.92
-79.961
-79.92
-79.881
-79.88
-79.864
-79.892
-79.926
-79.967
-79.963
-80.052
-80.009
-80.012
-80.02
-80.023
-80.046
-80.04
-80.105
-80.138
-80.103
-80.118
-80.034
-79.992
-80.047
-80.066
-80.065
-80.07
-80.025
-79.964
-79.878
-79.796
-79.783
-79.772
-79.784
-79.769
-79.868
-79.793
-79.81
-79.785
-79.694
-79.726
-79.716
-79.678
-79.691
-79.782
-79.81
-79.875
-79.857
-79.83
-79.835
-79.894
-79.738
-79.634
-79.519
-79.671
-79.62
-79.575
-79.578
-79.503
-79.459
-79.48
-79.397
-79.337
-79.435
-79.468
-79.43
-79.432
-79.351
-79.352
-79.281
-79.253
-79.261
-79.155
-79.141
-79.129
-79.008
-79.052
-79.073
-79.13
-79.143
-79.135
-79.167
-79.092
-79.087
-79.164
-79.142
-79.1
-79.18
-79.192
-79.161
-79.119
-79.126
-79.033
-78.999
-78.967
-79.012
-78.956
-78.978
-79.022
-78.946
-78.928
-79.071
-79.103
-78.985
-78.963
-78.982
-78.952
-78.938
-78.993
-78.953
-78.986
-79.016
-79.01
-79.066
-79.051
-79.051
-78.99
-78.999
-79.127
-79.106
-79.124
-79.201
-79.248
-79.157
-79.171
-79.143
-79.187
-79.239
-79.259
-79.186
-79.257
-79.312
-79.325
-79.288
-79.344
-79.366
-79.333
-79.357
-79.315
-79.301
-79.287
-79.294
-79.206
-79.12
-79.108
-79.104
-79.124
-79.087
-79.187
-79.211
-79.146
-79.254
-79.364
-79.393
-79.444
-79.447
-79.424
-79.486
-79.413
-79.537
-79.463
-79.429
-79.336
-79.365
-79.426
-79.502
-79.518
-79.455
-79.49
-79.539
-79.512
-79.508
-79.454
-79.541
-79.499
-79.51
-79.471
-79.397
-79.339
-79.306
-79.351
-79.346
-79.255
-79.254
-79.187
-79.173
-79.2
-79.125
-79.16
-79.144
-79.119
-79.141
-79.128
-79.093
-79.048
-79.11
-79.095
-79.068
-79.057
-79.042
-79.106
-79.034
-78.937
-78.896
-78.87
-78.879
-78.874
-78.85
-78.811
-78.784
-78.754
-78.749
-78.726
-78.764
-78.741
-78.753
-78.717
-78.749
-78.805
-78.805
-78.816
-78.768
-78.769
-78.824
-78.833
-78.894
-78.988
-79.006
-78.991
-79.084
-79.056
-79.041
-78.956
-78.922
-78.854
-78.809
-78.666
-78.716
-78.687
-78.702
-78.69
-78.722
-78.743
-78.672
-78.627
-78.674
-78.685
-78.58
-78.604
-78.55
-78.587
-78.523
-78.529
-78.508
-78.514
-78.444
-78.319
-78.341
-78.487
-78.428
-78.447
-78.402
-78.441
-78.498
-78.548
-78.614
-78.513
-78.46
-78.493
-78.499
-78.444
-78.321
-78.147
-78.091
-78.036
-78.052
-78.025
-78.015
-77.974
-77.922
-77.886
-77.935
-77.988
-78.035
-78.035
-78.043
-77.995
-78.016
-78.056
-78.047
-78.017
-77.989
-77.966
-78.009
-78.019
-78.084
-78.138
-78.129
-78.148
-78.165
-78.153
-78.167
-78.164
-78.209
-78.173
-78.196
-78.202
-78.283
-78.256
-78.179
-78.233
-78.227
-78.236
-78.342
-78.337
-78.315
-78.281
-78.209
-78.16
-78.152
-78.096
-78.074
-77.951
-78.014
-78.024
-78.056
-78.007
-78.005
-77.994
-77.981
-78.005
-77.967
-77.911
-77.982
-77.929
-77.818
-77.854
-77.879
-77.959
-78.001
-78.07
-78.071
-77.994
-77.982
-77.91
-77.972
-77.876
-77.833
-77.876
-77.871
-77.891
-77.831
-77.828
-77.831
-77.865
-77.911
-77.985
-78.099
-78.055
-78.06
-78.127
-78.104
-78.058
-77.984
-77.968
-77.905
-77.933
-77.905
-77.82
-77.841
-77.901
-77.938
-77.99
-78.003
-77.967
-77.926
-77.911
-77.933
-77.948
-77.96
-77.919
-77.974
-77.98
-77.968
-77.991
-77.976
-78.022
-78.049
-78.03
-78.044
-78.176
-78.119
-78.124
-78.08
-78.083
-78.196
-78.121
-78.207
-78.145
-78.235
-78.227
-78.229
-78.217
-78.259
-78.168
-78.197
-78.125
-78.11
-78.126
-78.116
-78.111
-78.165
-78.089
-78.167
-78.179
-78.136
-78.115
-78.152
-78.07
-78.073
-77.968
-77.963
-77.932
-77.887
-77.784
-77.789
-77.817
-77.742
-77.707
-77.684
-77.748
-77.652
-77.674
-77.698
-77.747
-77.776
-77.658
-77.749
-77.72
-77.777
-77.688
-77.648
-77.622
-77.671
-77.741
-77.807
-77.689
-77.662
-77.634
-77.556
-77.549
-77.613
-77.579
-77.545
-77.583
-77.614
-77.708
-77.695
-77.69
-77.617
-77.657
-77.648
-77.675
-77.674
-77.742
-77.735
-77.706
-77.674
-77.682
-77.645
-77.638
-77.6
-77.686
-77.621
-77.715
-77.789
-77.714
-77.707
-77.723
-77.76
-77.796
-77.803
-77.732
-77.876
-77.849
-77.858
-77.833
-77.794
-77.739
-77.783
-77.769
-77.761
-77.744
-77.82
-77.794
-77.796
-77.79
-77.789
-77.745
-77.692
-77.663
-77.676
-77.657
-77.559
-77.54
-77.586
-77.58
-77.64
-77.698
-77.729
-77.744
-77.731
-77.737
-77.795
-77.748
-77.814
-77.782
-77.844
-77.854
-77.878
-77.89
-77.848
-77.949
-77.958
-77.959
-77.933
-78.004
-78.053
-78.014
-78.032
-78.075
-78.129
-78.067
-77.996
-77.976
-78.025
-78.095
-78.066
-78.098
-78.135
-78.081
-78.101
-78.145
-78.201
-78.134
-78.154
-78.094
-78.178
-78.159
-78.007
-78.084
-78.124
-78.151
-78.195
-78.204
-78.204
-78.23
-78.055
-78.086
-78.082
-78.074
-78.013
-78.004
-78.026
-78.024
-78.016
-78.028
-78.085
-78.176
-78.172
-78.162
-78.204
-78.103
-78.13
-78.18
-78.157
-78.164
-78.214
-78.169
-78.237
-78.104
-78.07
-77.983
-78.037
-78.097
-78.114
-78.139
-78.1
-77.992
-78.018
-78.1
-78.103
-78.037
-78.042
-78.043
-78.035
-77.975
-78.094
-78.102
-78.056
-78.074
-78.138
-78.091
-78.127
-78.206
-78.228
-78.228
-78.193
-78.172
-78.197
-78.11
-78.126
-78.106
-78.119
-78.124
-78.049
-78.074
-78.091
-78.223
-78.235
-78.19
-78.183
-78.2
-78.208
-78.207
-78.312
-78.341
-78.41
-78.475
-78.44
-78.487
-78.433
-78.372
-78.287
-78.243
-78.152
-78.139
-78.135
-78.132
-78.162
-78.207
-78.159
