-77.483
-77.444
-77.332
-77.35
-77.375
-77.458
-77.45
-77.424
-77.395
-77.41
-77.423
-77.387
-77.362
-77.305
-77.359
-77.453
-77.524
-77.529
-77.546
-77.527
-77.573
-77.606
-77.591
-77.674
-77.637
-77.635
-77.581
-77.586
-77.48
-77.552
-77.532
-77.534
-77.585
-77.515
-77.485
-77.482
-77.425
-77.385
-77.427
-77.539
-77.553
-77.585
-77.533
-77.623
-77.701
-77.654
-77.683
-77.611
-77.584
-77.565
-77.487
-77.457
-77.356
-77.374
-77.385
-77.335
-77.348
-77.334
-77.372
-77.358
-77.364
-77.426
-77.338
-77.266
-77.242
-77.222
-77.217
-77.254
-77.367
-77.434
-77.528
-77.485
-77.507
-77.612
-77.629
-77.642
-77.541
-77.5
-77.553
-77.563
-77.558
-77.607
-77.639
-77.606
-77.612
-77.662
-77.591
-77.576
-77.613
-77.572
-77.619
-77.659
-77.676
-77.75
-77.857
-77.841
-77.8
-77.8
-77.836
-77.793
-77.778
-77.735
-77.697
-77.799
-77.799
-77.811
-77.791
-77.836
-77.843
-77.821
-77.804
-77.783
-77.731
-77.736
-77.72
-77.734
-77.764
-77.777
-77.811
-77.789
-77.816
-77.761
-77.814
-77.834
-77.884
-77.895
-77.898
-77.905
-77.84
-77.881
-77.887
-77.905
-77.858
-77.802
-77.828
-77.842
-77.835
-77.819
-77.887
-77.887
-77.93
-77.979
-77.91
-77.903
-77.818
-77.791
-77.807
-77.793
-77.759
-77.747
-77.749
-77.668
-77.65
-77.693
-77.66
-77.696
-77.667
-77.675
-77.716
-77.72
-77.792
-77.908
-77.846
-77.962
-77.922
-77.965
-77.971
-77.989
-78.021
-77.943
-77.961
-77.995
-78.038
-78.092
-78.183
-78.191
-78.3
-78.392
-78.478
-78.498
-78.414
-78.309
-78.281
-78.173
-78.161
-78.141
-78.167
-78.17
-78.288
-78.325
-78.393
-78.39
-78.35
-78.386
-78.403
-78.363
-78.39
-78.409
-78.359
-78.367
-78.246
-78.286
-78.283
-78.284
-78.362
-78.28
-78.33
-78.429
-78.498
-78.432
-78.479
-78.442
-78.596
-78.621
-78.575
-78.645
-78.754
-78.807
-78.748
-78.692
-78.746
-78.733
-78.737
-78.804
-78.805
-78.758
-78.722
-78.707
-78.681
-78.629
-78.605
-78.601
-78.626
-78.607
-78.637
-78.593
-78.592
-78.707
-78.666
-78.724
-78.743
-78.74
-78.703
-78.73
-78.705
-78.773
-78.691
-78.626
-78.697
-78.743
-78.712
-78.771
-78.711
-78.686
-78.76
-78.724
-78.66
-78.65
-78.573
-78.489
-78.407
-78.33
-78.319
-78.303
-78.286
-78.307
-78.36
-78.381
-78.345
-78.3
-78.308
-78.324
-78.313
-78.391
-78.47
-78.406
-78.366
-78.479
-78.426
-78.438
-78.434
-78.429
-78.487
-78.433
-78.417
-78.368
-78.386
-78.401
-78.312
-78.287
-78.301
-78.392
-78.408
-78.491
-78.563
-78.526
-78.511
-78.549
-78.548
-78.497
-78.617
-78.679
-78.667
-78.653
-78.636
-78.674
-78.703
-78.673
-78.585
-78.617
-78.628
-78.631
-78.614
-78.555
-78.559
-78.534
-78.535
-78.469
-78.395
-78.375
-78.426
-78.463
-78.457
-78.406
-78.409
-78.525
-78.564
-78.542
-78.476
-78.527
-78.453
-78.48
-78.471
-78.444
-78.417
-78.351
-78.363
-78.401
-78.437
-78.472
-78.48
-78.462
-78.454
-78.491
-78.552
-78.567
-78.494
-78.441
-78.412
-78.399
-78.439
-78.505
-78.525
-78.552
-78.518
-78.57
-78.6
-78.584
-78.567
-78.573
-78.6
-78.467
-78.435
-78.402
-78.462
-78.583
-78.601
-78.551
-78.637
-78.623
-78.612
-78.594
-78.607
-78.68
-78.685
-78.689
-78.735
-78.775
-78.707
-78.696
-78.682
-78.713
-78.722
-78.653
-78.59
-78.53
-78.583
-78.598
-78.696
-78.81
-78.783
-78.769
-78.735
-78.735
-78.813
-78.724
-78.805
-78.783
-78.782
-78.837
-78.824
-78.885
-78.849
-78.9
-78.856
-78.861
-78.818
-78.8
-78.718
-78.74
-78.789
-78.709
-78.59
-78.524
-78.603
-78.529
-78.461
-78.429
-78.444
-78.466
-78.567
-78.517
-78.529
-78.576
-78.606
-78.63
-78.597
-78.626
-78.564
-78.624
-78.589
-78.588
-78.55
-78.534
-78.487
-78.534
-78.527
-78.562
-78.596
-78.579
-78.581
-78.579
-78.464
-78.576
-78.593
-78.555
-78.637
-78.606
-78.575
-78.729
-78.72
-78.718
-78.738
-78.685
-78.671
-78.688
-78.713
-78.786
-78.704
-78.673
-78.669
-78.694
-78.702
-78.74
-78.808
-78.797
-78.752
-78.694
-78.735
-78.702
-78.659
-78.654
-78.649
-78.562
-78.503
-78.603
-78.583
-78.591
-78.555
-78.598
-78.5
-78.46
-78.368
-78.425
-78.445
-78.543
-78.598
-78.602
-78.663
-78.739
-78.674
-78.638
-78.681
-78.642
-78.61
-78.603
-78.587
-78.467
-78.524
-78.631
-78.528
-78.52
-78.548
-78.571
-78.529
-78.502
-78.54
-78.56
-78.487
-78.546
-78.49
-78.395
-78.422
-78.503
-78.512
-78.631
-78.668
-78.646
-78.696
-78.67
-78.606
-78.665
-78.662
-78.673
-78.665
-78.59
-78.595
-78.554
-78.542
-78.51
-78.513
-78.53
-78.593
-78.627
-78.584
-78.511
-78.55
-78.593
-78.635
-78.624
-78.649
-78.592
-78.63
-78.63
-78.57
-78.549
-78.641
-78.587
-78.573
-78.6
-78.728
-78.731
-78.821
-78.803
-78.767
-78.866
-78.763
-78.808
-78.801
-78.789
-78.821
-78.953
-79.006
-79.053
-79.144
-79.244
-79.256
-79.277
-79.244
-79.228
-79.241
-79.174
-79.206
-79.215
-79.202
-79.186
-79.191
-79.155
-79.157
-79.191
-79.225
-79.197
-79.205
-79.154
-79.116
-79.119
-79.16
-79.103
-79.093
-79.031
-79.104
-79.085
-79.059
-79.086
-79.094
-79.033
-79.113
-79.11
-79.09
-79.141
-79.172
-79.233
-79.167
-79.207
-79.205
-79.209
-79.276
-79.286
-79.195
-79.261
-79.271
-79.33
-79.308
-79.275
-79.311
-79.279
-79.312
-79.289
-79.236
-79.289
-79.42
-79.492
-79.383
-79.383
-79.355
-79.377
-79.375
-79.431
-79.363
-79.355
-79.306
-79.325
-79.25
-79.248
-79.175
-79.206
-79.152
-79.219
-79.152
-79.149
-79.059
-79.091
-79.084
-79.07
-79.004
-78.958
-78.903
-78.826
-78.823
-78.779
-78.743
-78.715
-78.72
-78.83
-78.872
-78.86
-78.797
-78.786
-78.842
-78.891
-78.845
-78.842
-78.935
-78.966
-79.005
-79.049
-79.128
-79.12
-79.066
-79.083
-79.053
-79.05
-79.064
-79.059
-79.073
-78.958
-78.916
-78.882
-78.915
-78.902
-78.849
-78.8
-78.802
-78.869
-78.878
-78.845
-78.673
-78.8
-78.714
-78.807
-78.769
-78.777
-78.788
-78.763
-78.731
-78.668
-78.69
-78.815
-78.803
-78.78
-78.759
-78.673
-78.61
-78.573
-78.583
-78.497
-78.526
-78.576
-78.545
-78.458
-78.533
-78.513
-78.444
-78.526
-78.621
-78.628
-78.546
-78.478
-78.501
-78.389
-78.283
-78.307
-78.35
-78.369
-78.265
-78.338
-78.385
-78.465
-78.517
-78.449
-78.421
-78.421
-78.438
-78.446
-78.525
-78.606
-78.569
-78.598
-78.625
-78.621
-78.654
-78.663
-78.652
-78.655
-78.615
-78.663
-78.754
-78.731
-78.687
-78.804
-78.867
-78.848
-78.741
-78.754
-78.747
-78.771
-78.777
-78.73
-78.731
-78.626
-78.57
-78.621
-78.649
-78.603
-78.549
-78.481
-78.403
-78.361
-78.45
-78.478
-78.51
-78.566
-78.582
-78.583
-78.626
-78.556
-78.554
-78.552
-78.569
-78.527
-78.693
-78.658
-78.592
-78.617
-78.671
-78.62
-78.54
-78.448
-78.523
-78.595
-78.593
-78.597
-78.577
-78.568
-78.543
-78.51
-78.438
-78.407
-78.432
-78.388
-78.345
-78.248
-78.234
-78.245
-78.235
-78.18
-78.187
-78.153
-78.24
-78.246
-78.243
-78.226
-78.303
-78.214
-78.202
-78.17
-78.127
-78.027
-77.919
-77.983
-77.946
-77.899
-77.928
-77.954
-77.977
-77.939
-77.952
-78.017
-77.973
-77.912
-77.936
-77.899
-77.977
-78.019
-77.977
-78.041
-78.042
-78.112
-78.187
-78.265
-78.258
-78.289
-78.349
-78.323
-78.225
-78.183
-78.213
-78.267
-78.316
-78.287
-78.229
-78.24
-78.187
-78.117
-78.107
-78.121
-78.076
-78.116
-78.123
-78.146
-78.113
-78.035
-78.07
-78.059
-78.039
-77.944
-77.956
-77.938
-77.957
-77.953
-77.879
-77.92
-77.943
-77.979
-78.004
-77.977
-77.951
-77.983
-78.002
-77.991
-78.076
-78.086
-78.187
-78.196
-78.197
-78.22
-78.252
-78.341
-78.339
-78.43
-78.451
-78.481
-78.376
-78.338
-78.393
-78.316
-78.202
-78.176
-78.073
-78.048
-77.985
-78.009
-77.987
-78.014
-78
-77.956
-77.891
-77.809
-77.804
-77.807
-77.849
-77.79
-77.756
-77.716
-77.773
-77.804
-77.83
-77.832
-77.807
-77.888
-77.958
-78.009
-77.982
-78.007
-78.001
-77.946
-77.91
-77.924
-77.933
-77.892
-77.967
-78.001
-77.917
-77.998
-77.999
-78.096
-78.169
-78.119
-78.118
-78.11
-78.146
-78.174
-78.202
-78.239
-78.265
-78.183
-78.168
-78.189
-78.246
-78.339
-78.294
-78.195
-78.229
-78.284
-78.337
-78.236
-78.27
-78.279
-78.343
-78.368
-78.329
-78.354
-78.361
-78.354
-78.268
-78.272
-78.328
-78.366
-78.363
-78.349
-78.279
-78.319
-78.341
-78.377
-78.389
-78.397
-78.39
-78.359
-78.376
-78.389
-78.391
-78.393
-78.493
-78.508
-78.522
-78.549
-78.514
-78.481
-78.423
-78.345
-78.246
-78.221
-78.223
-78.228
-78.236
-78.28
-78.26
-78.302
-78.329
-78.246
-78.195
-78.161
-78.157
-78.077
-78.037
-78.017
-77.988
-78.006
-77.975
-77.943
-77.982
-78.003
-78.134
-78.122
-78.133
-78.098
-78.078
-77.904
-77.874
-77.902
-77.91
-77.784
-77.852
-77.834
-77.782
-77.822
-77.831
-77.79
-77.805
-77.824
-77.818
-77.829
-77.918
-77.969
-77.95
-78.003
-78
-77.949
-77.989
-78.001
-77.911
-77.835
-77.793
-77.809
-77.809
-77.755
-77.714
-77.652
-77.613
-77.704
-77.647
-77.54
-77.491
-77.51
-77.626
-77.638
-77.615
-77.556
-77.597
-77.526
-77.581
-77.551
-77.622
-77.627
-77.558
-77.544
-77.57
-77.63
-77.642
-77.641
-77.581
-77.67
-77.702
-77.774
-77.814
-77.704
-77.68
-77.684
-77.598
-77.604
-77.669
-77.656
-77.659
-77.618
-77.679
-77.713
-77.749
-77.651
-77.631
-77.666
-77.657
-77.659
-77.67
-77.582
-77.559
-77.652
-77.572
-77.642
-77.754
-77.741
-77.75
-77.743
-77.731
-77.71
-77.673
-77.649
-77.609
-77.661
-77.67
-77.718
-77.761
-77.757
-77.787
-77.784
-77.807
-77.838
-77.792
-77.869
-77.889
-78.021
-78.012
-77.953
-77.961
-78.022
-77.958
-78.065
-78.085
-78.195
-78.206
-78.274
-78.213
-78.171
-78.179
-78.147
-78.151
-78.184
-78.142
-78.214
-78.26
-78.227
-78.219
-78.263
-78.249
-78.353
-78.38
-78.342
-78.345
-78.385
-78.42
-78.381
-78.453
-78.472
-78.555
-78.524
-78.557
-78.556
-78.574
-78.529
-78.55
-78.632
-78.6
-78.588
-78.635
-78.683
-78.785
-78.866
-78.836
-78.886
-79.014
-79.049
-79.096
-79.081
-79.025
-79.032
-79.058
-78.93
-78.925
-78.94
-78.893
-78.947
-78.873
-78.869
-78.924
-78.926
-78.934
-79.038
-78.963
-78.983
-79.002
-79.079
-79.035
-79.06
-79.144
-79.223
-79.208
-79.174
-79.164
-79.215
-79.21
-79.199
-79.111
-79.145
-79.125
-79.164
-79.062
-79.121
-79.069
-79.099
-79.04
-79.073
-79.004
-79.012
-78.945
-78.945
-78.969
-78.892
-78.909
-78.902
-78.915
-78.854
-78.838
-78.793
-78.756
-78.83
-78.813
-78.816
-78.851
-78.805
-78.912
-78.821
-78.845
-78.654
-78.625
-78.728
-78.84
-78.864
-78.878
-78.929
-78.898
-78.755
-78.782
-78.757
-78.805
-78.842
-78.807
-78.798
-78.801
-78.665
-78.555
-78.618
-78.627
-78.635
-78.638
-78.672
-78.773
-78.776
-78.792
-78.782
-78.787
-78.77
-78.771
-78.793
-78.685
-78.688
-78.507
-78.553
-78.591
-78.585
-78.617
-78.675
-78.689
-78.611
-78.608
-78.7
-78.685
-78.62
-78.678
-78.63
-78.677
-78.701
-78.762
-78.798
-78.79
-78.746
-78.667
-78.722
-78.733
-78.725
-78.659
-78.673
-78.633
-78.736
-78.751
-78.728
-78.696
-78.659
-78.583
-78.62
-78.595
-78.532
-78.602
-78.564
-78.555
-78.544
-78.529
-78.449
-78.453
-78.454
-78.452
-78.419
-78.417
-78.373
-78.397
-78.43
-78.427
-78.356
-78.402
-78.392
-78.389
-78.305
-78.251
-78.192
-78.116
-78.237
-78.278
-78.352
-78.396
-78.325
-78.219
-78.199
-78.218
-78.249
-78.277
-78.233
-78.214
-78.256
-78.289
-78.376
-78.491
-78.515
-78.461
-78.287
-78.205
-78.222
-78.219
-78.101
-78.13
-78.075
-78.1
-78.105
-78.208
-78.254
-78.186
-78.151
-78.096
-78.124
-78.164
-78.185
-78.187
-78.137
-78.054
-78.133
-78.037
-78.131
-78.151
-78.153
-78.065
-78.058
-78.067
-78.016
-77.994
-77.993
-77.933
-77.892
-77.914
-77.897
-77.916
-77.943
-77.998
-77.984
-77.974
-77.962
-77.946
-78.014
-78.024
-78.071
-78.037
-78.048
-78.076
-78.088
-78.05
-77.99
-78.025
-78.002
-78.05
-78.059
-78.01
-77.972
-77.988
-77.915
-77.893
-77.841
-77.835
-77.863
-77.843
-77.858
-77.889
-77.927
-77.965
-77.958
-77.924
-77.907
-77.817
-77.872
-77.927
-77.999
-77.918
-77.889
-77.94
-77.943
-77.948
-77.933
-77.972
-77.951
-77.969
-77.975
-77.996
-77.995
-78.009
-78.036
-78.029
-78.031
-78.036
-78.053
-78.06
-78.015
-77.988
-78.083
-78.113
-78.136
-78.148
-78.195
-78.262
-78.258
-78.316
-78.303
-78.279
-78.325
-78.361
-78.387
-78.345
-78.339
-78.369
-78.338
-78.286
-78.294
-78.208
-78.312
-78.377
-78.327
-78.304
-78.231
-78.241
-78.216
-78.283
-78.352
-78.317
-78.307
-78.292
-78.292
-78.365
-78.338
-78.442
-78.422
-78.431
-78.356
-78.354
-78.391
-78.391
-78.359
-78.39
-78.443
-78.431
-78.486
-78.513
-78.547
-78.53
-78.612
-78.609
-78.627
-78.662
-78.606
-78.65
-78.658
-78.674
-78.649
-78.697
-78.786
-78.786
-78.778
-78.755
-78.781
-78.744
-78.733
-78.734
-78.637
-78.597
-78.639
-78.64
-78.584
-78.57
-78.607
-78.643
-78.598
-78.665
-78.687
-78.682
-78.671
-78.733
-78.697
-78.701
-78.744
-78.812
-78.769
-78.76
-78.832
-78.862
-78.818
-78.747
-78.653
-78.588
-78.605
-78.6
-78.652
-78.637
-78.66
-78.644
-78.641
-78.696
-78.74
-78.698
-78.709
-78.651
-78.658
-78.646
-78.673
-78.674
-78.713
-78.625
-78.628
-78.584
-78.59
-78.641
-78.597
-78.65
-78.635
-78.719
-78.719
-78.736
-78.677
-78.696
-78.674
-78.736
-78.75
-78.646
-78.727
-78.695
-78.615
-78.584
-78.576
-78.672
-78.713
-78.679
-78.677
-78.658
-78.652
-78.737
-78.67
-78.676
-78.571
-78.496
-78.606
-78.616
-78.647
-78.519
-78.468
-78.477
-78.501
-78.438
-78.536
-78.507
-78.6
-78.665
-78.615
-78.614
-78.62
-78.631
-78.681
-78.78
-78.739
-78.734
-78.796
-78.828
-78.78
-78.743
-78.72
-78.628
-78.718
-78.764
-78.76
-78.843
-78.832
-78.784
-78.859
-78.789
-78.74
-78.755
-78.598
-78.573
-78.587
-78.596
-78.674
-78.678
-78.758
-78.793
-78.672
-78.761
-78.836
-78.839
-78.779
-78.727
-78.829
-78.874
-78.868
-78.825
-78.826
-78.79
-78.704
-78.723
-78.785
-78.743
-78.786
-78.757
-78.745
-78.754
-78.716
-78.682
-78.623
-78.684
-78.737
-78.818
-78.788
-78.865
-78.903
-78.914
-78.843
-78.822
-78.79
-78.782
-78.781
-78.843
-78.936
-78.955
-78.919
-79.004
-78.935
-78.874
-78.851
-78.894
-78.888
-78.853
-78.877
-78.985
-79.045
-79.058
-79.092
-79.113
-79.04
-79.005
-79.001
-79.01
-79.035
-79.149
-79.195
-79.168
-79.251
-79.304
-79.232
-79.187
-79.142
-79.166
-79.297
-79.286
-79.251
-79.251
-79.278
-79.315
-79.348
-79.342
-79.367
-79.368
-79.266
-79.213
-79.263
-79.274
-79.267
-79.259
-79.184
-79.129
-79.16
-79.22
-79.147
-79.104
-79.075
-79.097
-79.101
-79.101
-79.106
-79.099
-79.159
-79.255
-79.213
-79.18
-79.157
-79.19
-79.07
-79.026
-78.983
-79.036
-79.053
-79.043
-79.054
-79.14
-79.129
-79.195
-79.15
-79.094
-79.134
-79.163
-79.223
-79.26
-79.219
-79.249
-79.2
-79.228
-79.317
-79.359
-79.387
-79.382
-79.364
-79.384
-79.385
-79.374
-79.349
-79.418
-79.411
-79.371
-79.296
-79.331
-79.293
-79.33
-79.356
-79.35
-79.343
-79.301
-79.304
-79.23
-79.305
-79.313
-79.322
-79.29
-79.354
-79.373
-79.451
-79.428
-79.399
-79.359
-79.426
-79.391
-79.367
-79.388
-79.312
-79.358
-79.343
-79.397
-79.332
-79.399
-79.414
-79.406
-79.508
-79.515
-79.497
-79.455
-79.488
-79.539
-79.553
-79.541
-79.59
-79.627
-79.572
-79.513
-79.479
-79.609
-79.647
-79.712
-79.771
-79.795
-79.834
-79.778
-79.752
-79.766
-79.87
-79.822
-79.783
-79.82
-79.803
-79.733
-79.799
-79.795
-79.73
-79.746
-79.709
-79.618
-79.527
-79.566
-79.562
-79.586
-79.56
-79.583
-79.64
-79.56
-79.601
-79.574
-79.679
-79.635
-79.65
-79.736
-79.695
-79.626
-79.611
-79.638
-79.636
-79.716
-79.758
-79.734
-79.801
-79.731
-79.757
-79.759
-79.696
-79.732
-79.872
-79.937
-79.98
-80.031
-80.062
-80.186
-80.153
-80.232
-80.207
-80.2
-80.242
-80.241
-80.231
-80.25
-80.235
-80.284
-80.281
-80.335
-80.318
-80.341
-80.384
-80.268
-80.29
-80.255
-80.212
-80.165
-80.145
-80.176
-80.249
-80.269
-80.204
-80.097
-80.063
-80.064
-80.096
-80.143
-80.162
-80.133
-80.118
-80.099
-80.055
-80.014
-80.141
-80.109
-79.982
-80.062
-80.097
-80.155
-80.197
-80.13
-80.252
-80.309
-80.331
-80.372
-80.377
-80.332
-80.345
-80.371
-80.407
-80.381
-80.403
-80.343
-80.359
-80.314
-80.328
-80.365
-80.347
-80.357
-80.328
-80.312
-80.282
-80.324
-80.349
-80.362
-80.393
-80.347
-80.41
-80.316
-80.197
-80.14
-80.142
-80.148
-80.064
-80.094
-80.045
-80.007
-79.852
-79.873
-79.905
-79.923
-79.896
-79.821
-79.75
-79.67
-79.688
-79.694
-79.729
-79.645
-79.602
-79.547
-79.579
-79.544
-79.499
-79.454
-79.354
-79.378
-79.365
-79.408
-79.417
-79.348
-79.321
-79.252
-79.239
-79.21
-79.213
-79.25
-79.215
-79.164
-79.167
-79.195
-79.269
-79.319
-79.279
-79.293
-79.275
-79.243
-79.172
-79.144
-79.082
-79.043
-79.055
-79.088
-79.021
-79.037
-79.081
-79.147
-79.116
-79.186
-79.114
-79.078
-79.076
-79.063
-79.111
-79.102
-79.054
-79.068
-79.032
-79.085
-79.065
-79.054
-79.035
-79.053
-79.046
-78.988
-79.055
-79.026
-79.103
-79.053
-79.06
-79.078
-79.024
-79.012
-78.958
-78.957
-79.004
-78.951
-78.953
-78.898
-78.905
-78.859
-78.919
-78.909
-78.801
-78.865
-78.892
-78.922
-78.98
-79.168
-79.169
-79.179
-79.206
-79.208
-79.209
-79.221
-79.247
-79.251
-79.178
-79.176
-79.264
-79.21
-79.17
-79.116
-79.135
-79.012
-79.011
-78.964
-78.961
-78.925
-78.942
-78.919
-78.906
-78.872
-78.814
-78.872
-78.877
-78.927
-78.854
-78.835
-78.786
-78.832
-78.843
-79.022
-78.942
-78.969
-78.975
-78.893
-78.787
-78.742
-78.714
-78.736
-78.804
-78.823
-78.858
-78.8
-78.787
-78.778
-78.885
-78.837
-78.867
-78.869
-78.974
-79.019
-78.96
-78.949
-78.939
-78.95
-78.893
-78.932
-78.969
-78.92
-78.937
-78.927
-78.888
-78.901
-78.983
-78.911
-78.919
-78.955
-78.945
-79.01
-78.996
-79.017
-79.024
-78.93
-78.91
-78.974
-79.022
-79.032
-79.042
-79.073
-79.083
-79.038
-78.954
-78.934
-78.995
-78.984
-78.988
-79.103
-79.092
-79.042
-79.085
-79.045
-79.047
-78.978
-78.993
-79.004
-78.893
-78.856
-78.837
-78.877
-78.861
-78.771
-78.671
-78.707
-78.725
-78.755
-78.745
-78.789
-78.83
-78.862
-78.8
-78.675
-78.683
-78.678
-78.603
-78.578
-78.547
-78.54
-78.614
-78.575
-78.58
-78.598
-78.607
-78.623
-78.659
-78.74
-78.759
-78.768
-78.699
-78.74
-78.73
-78.821
-78.821
-78.778
-78.815
-78.818
-78.861
-78.791
-78.746
-78.691
-78.701
-78.748
-78.735
-78.731
-78.641
-78.656
-78.665
-78.72
-78.751
-78.727
-78.655
-78.617
-78.663
-78.72
-78.728
-78.769
-78.728
-78.72
-78.682
-78.788
-78.721
-78.791
-78.888
-78.821
-78.862
-78.882
-78.918
-78.917
-78.969
-79.047
-79.076
-79.056
-78.969
-78.992
-79.024
-79.051
-79.001
-78.936
-79.023
-78.957
-78.958
-78.959
-78.829
-78.815
-78.865
-78.956
-78.926
-78.951
-78.912
-78.873
-78.865
-78.84
-78.847
-78.77
-78.769
-78.755
-78.718
-78.655
-78.702
-78.679
-78.728
-78.677
-78.665
-78.741
-78.659
-78.616
-78.67
-78.629
-78.617
-78.517
-78.586
-78.616
-78.558
-78.464
-78.479
-78.571
-78.615
-78.667
-78.651
-78.661
-78.763
-78.887
-78.945
-78.941
-78.939
-78.965
-78.921
-78.953
-78.937
-78.874
-78.852
-78.891
-78.951
-78.987
-79.048
-79.113
-79.103
-79.189
-79.16
-79.191
-79.183
-79.254
-79.274
-79.232
-79.185
-79.193
-79.122
-79.167
-79.182
-79.15
-79.137
-79.127
-79.157
-79.11
-79.133
-79.044
-78.996
-78.946
-78.879
-78.803
-78.781
-78.799
-78.717
-78.749
-78.755
-78.85
-78.782
-78.755
-78.702
-78.676
-78.685
-78.666
-78.611
-78.669
-78.67
-78.662
-78.673
-78.703
-78.756
-78.699
-78.752
-78.764
-78.712
-78.646
-78.579
-78.481
-78.544
-78.514
-78.533
-78.569
-78.522
-78.449
-78.453
-78.448
-78.42
-78.437
-78.359
-78.347
-78.436
-78.411
-78.417
-78.484
-78.527
-78.511
-78.553
-78.506
-78.501
-78.574
-78.635
-78.597
-78.541
-78.55
-78.531
-78.507
-78.493
-78.425
-78.344
-78.351
-78.387
-78.422
-78.49
-78.513
-78.502
-78.454
-78.517
-78.513
-78.447
-78.524
-78.511
-78.466
-78.46
-78.372
-78.346
-78.449
-78.409
-78.379
-78.325
-78.391
-78.382
-78.338
-78.354
-78.367
-78.342
-78.453
-78.349
-78.357
-78.321
-78.398
-78.392
-78.439
-78.406
-78.425
-78.404
-78.363
-78.327
-78.339
-78.273
-78.293
-78.426
-78.463
-78.402
-78.378
-78.415
-78.394
-78.342
-78.327
-78.245
-78.203
-78.136
-78.12
-78.148
-78.154
-78.197
-78.27
-78.375
-78.368
-78.33
-78.298
-78.271
-78.312
-78.268
-78.335
-78.271
-78.282
-78.288
-78.25
-78.284
-78.26
-78.296
-78.376
-78.408
-78.427
-78.303
-78.305
-78.285
-78.368
-78.38
-78.357
-78.473
-78.521
-78.574
-78.573
-78.583
-78.716
-78.77
-78.668
-78.683
-78.663
-78.706
-78.72
-78.78
-78.747
-78.715
-78.703
-78.698
-78.695
-78.592
-78.673
-78.815
-78.783
-78.766
-78.824
-78.791
-78.735
-78.753
-78.738
-78.723
-78.669
-78.666
-78.749
-78.736
-78.718
-78.719
-78.683
-78.737
-78.755
-78.707
-78.624
-78.616
-78.614
-78.695
-78.654
-78.745
-78.843
-78.908
-78.909
-78.989
-79.001
-79.009
-79.006
-79.015
-78.99
-78.961
-78.917
-78.944
-79.02
-79.012
-78.94
-78.959
-78.984
-78.973
-79.026
-79.005
-79.02
-78.996
-78.978
-78.991
-78.915
-78.984
-79.012
-79.018
-79.071
-79.049
-79.059
-78.911
-78.915
-78.965
-78.903
-78.889
-78.839
-78.853
-78.789
-78.768
-78.738
-78.728
-78.666
-78.631
-78.638
-78.7
-78.757
-78.746
-78.795
-78.75
-78.773
-78.847
-78.785
-78.773
-78.833
-78.818
-78.842
-78.767
-78.869
-78.906
-78.939
-78.931
-78.913
-78.894
-78.896
-78.837
-78.811
-78.801
-78.793
-78.782
-78.752
-78.738
-78.764
-78.736
-78.704
-78.691
-78.68
-78.689
-78.724
-78.74
-78.785
-78.793
-78.783
-78.745
-78.806
-78.809
-78.784
-78.853
-78.955
-78.932
-78.903
-78.86
-78.892
-78.924
-78.971
-78.922
-78.94
-79.032
-79.101
-79.004
-79.06
-79.066
-79.06
-79.023
-79.1
-79.15
-79.126
-79.112
-79.091
-79.055
-79.046
-79.085
-79.031
-79.017
-79.037
-79.1
-79.11
-79.091
-79.058
-79.067
-79.092
-79.118
-79.093
-79.089
-79.117
-79.072
-79.02
-79.029
-78.92
-78.978
-79.014
-79.045
-79.06
-79.177
-79.172
-79.128
-79.057
-78.989
-78.961
-78.964
-78.97
-79.003
-79.002
-79.042
-79.144
-79.139
-79.094
-79.081
-79.13
-79.148
-79.277
-79.302
-79.221
-79.163
-79.116
-79.011
-79.046
-79.034
-78.977
-78.925
-78.901
-78.844
-78.84
-78.859
-78.823
-78.858
-78.878
-78.871
-78.856
-78.906
-78.921
-78.961
-78.954
-78.878
-78.889
-78.867
-78.896
-78.977
-79.038
-78.993
-78.901
-78.945
-78.981
-78.95
-78.961
-78.906
-78.946
-78.862
-78.907
-78.83
-79.005
-79.052
-79.069
-79.084
-79.031
-79.166
-79.207
-79.145
-79.119
-79.144
-79.161
-79.118
-79.109
-79.169
-79.143
-79.061
-79.027
-79.009
-79.061
-79.085
-79.069
-78.965
-79.021
-79.005
-78.962
-78.918
-78.988
-79.001
-78.963
-78.931
-78.958
-78.951
-78.978
-78.984
-79.061
-79.085
-79.066
-79.028
-78.911
-78.903
-78.945
-79.05
-78.988
-79.025
-79.082
-79.028
-78.96
-78.967
-79.014
-79.013
-79.075
-79.025
-79.002
-78.865
-78.866
-78.874
-78.85
-78.812
-78.747
-78.647
-78.638
-78.667
-78.583
-78.549
-78.471
-78.406
-78.453
-78.415
-78.429
-78.306
-78.264
-78.301
-78.278
-78.302
-78.272
-78.204
-78.257
-78.198
-78.279
-78.3
-78.315
-78.418
-78.514
-78.456
-78.445
-78.44
-78.481
-78.503
-78.494
-78.539
-78.494
-78.53
-78.537
-78.421
-78.362
-78.385
-78.403
-78.338
-78.339
-78.314
-78.332
-78.403
-78.411
-78.356
-78.361
-78.383
-78.404
-78.417
-78.313
-78.422
-78.445
-78.347
-78.469
-78.465
-78.403
-78.358
-78.416
-78.43
-78.434
-78.455
-78.488
-78.489
-78.57
-78.528
-78.564
-78.551
-78.642
-78.63
-78.583
-78.703
-78.683
-78.711
-78.686
-78.63
-78.684
-78.652
-78.683
-78.548
-78.556
-78.525
-78.492
-78.513
-78.518
-78.557
-78.475
-78.525
-78.568
-78.668
-78.739
-78.798
-78.669
-78.745
-78.711
-78.679
-78.737
-78.772
-78.804
-78.744
-78.705
-78.647
-78.675
-78.651
-78.606
-78.608
-78.664
-78.666
-78.629
-78.566
-78.567
-78.616
-78.606
-78.601
-78.541
-78.545
-78.602
-78.519
-78.47
-78.401
-78.439
-78.552
-78.43
-78.427
-78.27
-78.209
-78.207
-78.212
-78.221
-78.291
-78.361
-78.415
-78.354
-78.349
-78.379
-78.49
-78.553
-78.564
-78.506
-78.494
-78.532
-78.513
-78.485
-78.412
-78.399
-78.386
-78.388
-78.438
-78.444
-78.445
-78.452
-78.436
-78.482
-78.49
-78.542
-78.553
-78.47
-78.522
-78.506
-78.597
-78.519
-78.506
-78.429
-78.421
-78.366
-78.417
-78.455
-78.482
-78.462
-78.399
-78.361
-78.324
-78.361
-78.445
-78.492
-78.442
-78.404
-78.432
-78.495
-78.522
-78.584
-78.616
-78.616
-78.741
-78.698
-78.602
-78.578
-78.636
-78.657
-78.645
-78.654
-78.694
-78.768
-78.738
-78.706
-78.727
-78.641
-78.645
-78.67
-78.651
-78.571
-78.58
-78.551
-78.509
-78.558
-78.597
-78.516
-78.44
-78.478
-78.472
-78.389
-78.357
-78.328
-78.404
-78.391
-78.446
-78.363
-78.411
-78.457
-78.488
-78.492
-78.43
-78.426
-78.38
-78.308
-78.316
-78.333
-78.349
-78.267
-78.304
-78.325
-78.249
-78.157
-78.139
-78.17
-78.157
-78.185
-78.228
-78.272
-78.364
-78.283
-78.285
-78.252
-78.284
-78.343
-78.369
-78.369
-78.514
-78.589
-78.575
-78.645
-78.602
-78.58
-78.592
-78.585
-78.578
-78.638
-78.618
-78.616
-78.628
-78.685
-78.641
-78.678
-78.715
-78.697
-78.672
-78.725
-78.664
-78.65
-78.735
-78.697
-78.707
-78.695
-78.629
-78.624
-78.626
-78.674
-78.744
-78.732
-78.815
-78.883
-78.841
-78.873
-78.954
-78.983
-78.946
-78.841
-78.704
-78.631
-78.67
-78.689
-78.705
-78.717
-78.687
-78.692
-78.628
-78.615
-78.622
-78.574
-78.736
-78.785
-78.787
-78.785
-78.808
-78.814
-78.794
-78.808
-78.836
-78.87
-78.877
-78.843
-78.808
-78.751
-78.697
-78.731
-78.676
-78.667
-78.717
-78.692
-78.61
-78.504
-78.467
-78.44
-78.383
-78.42
-78.447
-78.447
-78.395
-78.394
-78.407
-78.414
-78.385
-78.31
-78.261
-78.285
-78.26
-78.21
-78.178
-78.26
-78.292
-78.263
-78.304
-78.245
-78.231
-78.1
-78.035
-78.019
-77.962
-77.9
-77.877
-77.785
-77.707
-77.661
-77.622
-77.542
-77.517
-77.488
-77.449
-77.473
-77.428
-77.401
-77.281
-77.262
-77.324
-77.309
-77.282
-77.237
-77.202
-77.098
-77.06
-77.032
-77.033
-76.968
-76.902
-76.866
-76.864
-76.882
-76.921
-76.89
-76.819
-76.786
-76.762
-76.743
-76.711
-76.668
-76.656
-76.608
-76.581
-76.499
-76.448
-76.435
-76.441
-76.492
-76.472
-76.437
-76.426
-76.46
-76.422
-76.534
-76.436
-76.433
-76.558
-76.529
-76.448
-76.434
-76.409
-76.322
-76.337
-76.305
-76.316
-76.364
-76.32
-76.358
-76.261
-76.298
-76.227
-76.249
-76.243
-76.315
-76.286
-76.213
-76.273
-76.316
-76.226
-76.181
-76.124
-76.034
-75.987
-75.982
-75.942
-75.852
-75.817
-75.824
-75.758
-75.726
-75.682
-75.723
-75.685
-75.724
-75.648
-75.608
-75.577
-75.539
-75.481
-75.468
-75.376
-75.376
-75.328
-75.334
-75.276
-75.253
-75.255
-75.263
-75.26
-75.23
-75.239
-75.248
-75.23
-75.207
-75.196
-75.234
-75.146
-75.131
-75.106
-75.073
-75.05
-75.078
-75.067
-75.02
-75.048
-75.061
-75.059
-75.017
-75.021
-75.012
-74.964
-74.974
-74.852
-74.875
-74.824
-74.852
-74.872
-74.744
-74.813
-74.668
-74.626
-74.574
-74.533
-74.572
-74.612
-74.606
-74.612
-74.62
-74.614
-74.63
-74.652
-74.701
-74.684
-74.638
-74.646
-74.72
-74.795
-74.79
-74.707
-74.764
-74.58
-74.502
-74.522
-74.476
-74.434
-74.45
-74.494
-74.501
-74.473
-74.472
-74.43
-74.415
-74.358
-74.296
-74.367
-74.383
-74.337
-74.312
-74.336
-74.373
-74.374
-74.343
-74.243
-74.267
-74.217
-74.308
-74.3
-74.313
-74.238
-74.144
-74.08
-74.158
-74.06
-74.007
-73.922
-73.949
-74.067
-74.06
-74.006
-74.076
-74.115
-74.166
-74.119
-74.243
-74.145
-74.15
-74.102
-74.132
-74.155
-74.236
-74.169
-74.113
-74.215
-74.213
-74.243
-74.272
-74.336
-74.36
-74.389
-74.426
-74.492
-74.496
-74.524
-74.464
-74.368
-74.451
-74.428
-74.437
-74.42
-74.404
-74.465
-74.515
-74.505
-74.506
-74.447
-74.457
-74.444
-74.475
-74.448
-74.557
-74.542
-74.543
-74.546
-74.504
-74.528
-74.587
-74.561
-74.513
-74.482
-74.431
-74.419
-74.445
-74.444
-74.377
-74.377
-74.298
-74.264
-74.194
-74.113
-74.072
-74.033
-74.042
-74.088
-74.069
-74.068
-74.023
-73.995
-73.968
-73.964
-73.924
-73.91
-73.887
-73.843
-73.97
-73.915
-73.882
-73.936
-73.928
-73.947
-73.969
-74.017
-74.042
-74.122
-74.114
-74.137
-74.144
-74.135
-74.13
-74.135
-74.13
-74.041
-74.032
-73.922
-73.902
-73.959
-73.975
-74.013
-74.112
-74.159
-74.125
-74.116
-74.072
-73.917
-73.879
-73.862
-73.895
-73.914
-74.004
-73.972
-74.022
-74.069
-74.075
-74.067
-74.056
-74.125
-74.175
-74.214
-74.141
-74.134
-74.125
-74.064
-74.054
-74.041
-74.022
-74.018
-73.967
-73.92
-73.93
-73.933
-73.955
-74.027
-73.981
-74.006
-74.068
-74.051
-74.096
-74.106
-74.043
-73.997
-74.035
-74.045
-73.992
-73.978
-73.971
-73.893
-73.859
-73.828
-73.938
-73.962
-73.988
-74.003
-74.044
-74.098
-74.074
-74.017
-74.064
-74.131
-74.155
-74.156
-74.189
-74.207
-74.236
-74.228
-74.216
-74.178
-74.135
-74.075
-74.023
-74.005
-73.964
-73.931
-73.915
-73.943
-73.914
-73.967
-74
-73.978
-73.996
-74.021
-74.045
-74.042
-74.081
-74.06
-74.014
-74.107
-74.191
-74.218
-74.257
-74.173
-74.206
-74.205
-74.198
-74.117
-74.011
-74.025
-73.98
-73.977
-73.999
-73.951
-73.968
-73.978
-73.886
-73.906
-73.822
-73.839
-73.799
-73.826
-73.811
-73.84
-73.821
-73.852
-73.909
-73.847
-73.853
-73.819
-73.844
-73.763
-73.711
-73.747
-73.652
-73.599
-73.569
-73.599
-73.548
-73.638
-73.554
-73.562
-73.531
-73.503
-73.469
-73.534
-73.487
-73.395
-73.441
-73.467
-73.411
-73.439
-73.4
-73.373
-73.374
-73.362
-73.377
-73.326
-73.316
-73.363
-73.412
-73.487
-73.485
-73.406
-73.392
-73.408
-73.302
-73.241
-73.19
-73.111
-73.158
-73.147
-73.104
-73.094
-73.09
-73.155
-73.119
-73.015
-73.043
-73.018
-72.916
-72.909
-72.975
-72.955
-72.998
-72.991
-73.011
-73.067
-72.983
-72.889
-72.885
-72.846
-72.833
-72.84
-72.763
-72.733
-72.784
-72.768
-72.774
-72.803
-72.765
-72.829
-72.854
-72.899
-72.968
-72.918
-72.946
-72.914
-72.98
-72.982
-73.039
-73.102
-73.073
-72.965
-72.918
-72.891
-72.899
-72.896
-72.944
-72.9
-72.891
-72.944
-72.903
-72.942
-72.941
-72.956
-72.936
-72.959
-72.856
-72.883
-72.842
-72.818
-72.881
-72.936
-72.971
-72.985
-73.1
-73.178
-73.091
-73.127
-73.139
-73.133
-73.143
-73.126
-73.038
-73.06
-73.045
-73.01
-73.075
-73.021
-73.017
-73.013
-73.018
-72.973
-72.882
-72.857
-72.868
-72.788
-72.772
-72.688
-72.651
-72.612
-72.617
-72.645
-72.58
-72.481
-72.321
-72.341
-72.354
-72.325
-72.355
-72.404
-72.465
-72.482
-72.46
-72.493
-72.481
-72.473
-72.449
-72.518
-72.539
-72.423
-72.398
-72.371
-72.343
-72.296
-72.319
-72.351
-72.402
-72.45
-72.385
-72.384
-72.4
-72.317
-72.396
-72.405
-72.464
-72.51
-72.493
-72.521
-72.409
-72.34
-72.38
-72.399
-72.326
-72.347
-72.329
-72.339
-72.352
-72.355
-72.404
-72.355
-72.466
-72.482
-72.512
-72.537
-72.6
-72.657
-72.64
-72.644
-72.591
-72.666
-72.615
-72.737
-72.705
-72.647
-72.611
-72.621
-72.542
-72.468
-72.47
-72.4
-72.438
-72.42
-72.493
-72.535
-72.535
-72.55
-72.607
-72.655
-72.705
-72.724
-72.785
-72.69
-72.741
-72.72
-72.883
-72.795
-72.827
-72.796
-72.706
-72.754
-72.767
-72.847
-72.938
-72.968
-72.967
-72.977
-73.045
-73.07
-73.158
-73.224
-73.306
-73.255
-73.175
-73.141
-73.198
-73.252
-73.219
-73.235
-73.249
-73.187
-73.159
-73.147
-73.091
-73.059
-73.076
-73.056
-72.958
-73.001
-72.994
-72.991
-72.99
-72.985
-72.96
-72.948
-72.909
-72.9
-72.945
-73.063
-73.049
-73.073
-73.053
-72.977
-72.94
-72.924
-72.973
-72.996
-73.122
-73.189
-73.135
-73.116
-73.085
-73.044
-73.009
-73.018
-73.028
-73.037
-73.101
-73.038
-73.04
-73.011
-73.002
-72.981
-72.944
-72.943
-72.882
-72.828
-72.862
-72.868
-72.888
-72.898
-73.017
-73.059
-73.043
-73.077
-73.107
-73.001
-73.049
-73.085
-73.055
-73.163
-73.21
-73.19
-73.178
-73.171
-73.132
-73.116
-73.188
-73.093
-73.108
-73.062
-73.152
-73.058
-73.039
-73.142
-73.14
-73.175
-73.22
-73.195
-73.162
-73.174
-73.207
-73.224
-73.182
-73.256
-73.271
-73.253
-73.176
-73.217
-73.276
-73.26
-73.235
-73.16
-73.14
-73.028
-73.048
-73.035
-73.009
-72.993
-72.971
-72.906
-72.83
-72.787
-72.641
-72.582
-72.668
-72.766
-72.746
-72.67
-72.68
-72.624
-72.556
-72.565
-72.455
-72.385
-72.351
-72.302
-72.225
-72.256
-72.228
-72.183
-72.121
-71.976
-71.955
-71.844
-71.846
-71.756
-71.735
-71.665
-71.597
-71.489
-71.428
-71.389
-71.367
-71.283
-71.276
-71.21
-71.159
-71.127
-71.043
-71.189
-71.175
-71.12
-71.108
-71.168
-71.173
-71.076
-70.938
-70.977
-70.934
-70.857
-70.785
-70.713
-70.697
-70.629
-70.553
-70.506
-70.468
-70.397
-70.32
-70.356
-70.393
-70.319
-70.202
-70.192
-70.134
-70.188
-70.14
-70.095
-70.028
-69.956
-70.045
-70.047
-70.005
-69.976
-69.965
-69.941
-69.889
-69.856
-69.818
-69.778
-69.787
-69.833
-69.818
-69.823
-69.813
-69.737
-69.721
-69.659
-69.676
-69.659
-69.622
-69.56
-69.454
-69.388
-69.366
-69.453
-69.381
-69.378
-69.369
-69.405
-69.323
-69.283
-69.323
-69.314
-69.242
-69.165
-69.168
-69.12
-69.098
-69.015
-69.075
-69.033
-69.039
-69.084
-69.081
-69.02
-68.938
-68.899
-69.004
-68.902
-68.884
-68.881
-68.882
-68.872
-68.869
-68.782
-68.782
-68.774
-68.807
-68.769
-68.717
-68.686
-68.761
-68.716
-68.775
-68.687
-68.682
-68.63
-68.61
-68.592
-68.591
-68.551
-68.519
-68.502
-68.507
-68.507
-68.552
-68.581
-68.561
-68.574
-68.59
-68.693
-68.709
-68.733
-68.763
-68.723
-68.639
-68.786
-68.772
-68.805
-68.713
-68.697
-68.768
-68.712
-68.66
-68.68
-68.784
-68.732
-68.76
-68.734
-68.555
-68.639
-68.597
-68.652
-68.619
-68.588
-68.493
-68.493
-68.396
-68.386
-68.354
-68.261
-68.247
-68.302
-68.302
-68.308
-68.286
-68.337
-68.336
-68.352
-68.331
-68.254
-68.21
-68.248
-68.302
-68.298
-68.274
-68.344
-68.327
-68.371
-68.292
-68.23
-68.099
-68.032
-67.946
-67.954
-68.012
-67.994
-67.92
-67.877
-67.854
-67.944
-67.871
-67.97
-68.011
-68.025
-67.966
-68.046
-67.999
-67.878
-67.867
-67.906
-67.899
-68.025
-68.03
-68.053
-68.067
-68.094
-68.179
-68.145
-68.114
-68.09
-68.03
-68.014
-68.02
-67.957
-68.031
-68.032
-68.007
-67.944
-67.964
-67.958
-67.944
-67.917
-67.906
-67.919
-68.016
-67.993
-67.991
-68.098
-68.048
-67.999
-67.992
-68.007
-67.989
-67.976
-68.002
-68.066
-68.046
-67.981
-68.032
-68.043
-68.05
-67.95
-67.91
-67.855
-67.813
-67.844
-67.758
-67.705
-67.702
-67.684
-67.663
-67.678
-67.618
-67.624
-67.509
-67.589
-67.545
-67.5
-67.527
-67.569
-67.566
-67.51
-67.438
-67.439
-67.438
-67.405
-67.307
-67.262
-67.296
-67.219
-67.148
-67.163
-67.253
-67.24
-67.278
-67.364
-67.448
-67.483
-67.528
-67.54
-67.557
-67.51
-67.498
-67.384
-67.419
-67.345
-67.349
-67.369
-67.353
-67.354
-67.236
-67.155
-67.226
-67.292
-67.295
-67.288
-67.205
-67.17
-67.165
-67.041
-67.063
-67.047
-67
-66.957
-66.916
-66.887
-66.928
-66.908
-67.045
-66.991
-67.015
-67.013
-67.028
-67.109
-67.063
-67.017
-66.964
-67.005
-67.014
-66.996
-67.019
-67.013
-66.98
-67.021
-66.982
-66.947
-66.907
-66.973
-66.982
-67.043
-67.009
-67.003
-67.088
-67.069
-66.978
-66.984
-67.063
-67.087
-66.988
-66.96
-67.008
-66.934
-66.908
-67.002
-67.024
-67.018
-66.972
-66.915
-66.938
-66.918
-66.821
-66.749
-66.817
-66.794
-66.839
-66.87
-66.902
-66.835
-66.801
-66.734
-66.705
-66.674
-66.778
-66.927
-66.894
-66.94
-66.978
-67.017
-66.943
-67.007
-66.916
-66.891
-66.928
-66.853
-66.844
-66.879
-66.862
-66.99
-67.056
-67.012
-66.981
-67.004
-67.071
-67.039
-67.072
-67.111
-67.024
-66.93
-66.983
-67.017
-66.931
-66.859
-66.841
-66.897
-66.946
-66.895
-66.955
-66.921
-66.965
-66.945
-66.877
-66.854
-66.855
-66.856
-66.812
-66.795
-66.825
-66.823
-66.815
-66.96
-66.938
-66.952
-66.931
-66.953
-66.891
-66.9
-66.917
-66.905
-66.863
-66.864
-66.852
-66.729
-66.685
-66.688
-66.555
-66.512
-66.476
-66.479
-66.539
-66.636
-66.583
-66.591
-66.587
-66.585
-66.592
-66.574
-66.62
-66.597
-66.493
-66.469
-66.528
-66.475
-66.37
-66.4
-66.315
-66.309
-66.219
-66.141
-66.209
-66.278
-66.316
-66.33
-66.344
-66.288
-66.205
-66.2
-66.166
-66.04
-66.01
-66.035
-65.997
-65.999
-66.057
-66.126
-66.19
-66.185
-66.116
-66.059
-66.033
-65.972
-65.915
-66.028
-65.976
-66.02
-66.054
-66.064
-66.07
-66.076
-66.053
-66.051
-66.042
-66.137
-66.175
-66.118
-66.121
-66.05
-66.05
-65.987
-66.006
-65.982
-65.989
-65.944
-65.963
-65.973
-65.9
-65.846
-65.786
-65.866
-65.935
-65.797
-65.777
-65.763
-65.845
-65.845
-65.779
-65.805
-65.86
-65.904
-65.87
-65.86
-65.864
-65.837
-65.859
-65.854
-65.825
-65.762
-65.746
-65.685
-65.612
-65.524
-65.472
-65.472
-65.484
-65.563
-65.6
-65.52
-65.492
-65.442
-65.392
-65.424
-65.386
-65.375
-65.279
-65.207
-65.074
-65.054
-65.109
-65.16
-65.119
-65.018
-65.045
-64.934
-64.927
-64.876
-64.911
-64.889
-64.97
-64.986
-65.034
-65.16
-65.213
-65.321
-65.517
-65.66
-65.785
-66.041
-66.287
-66.462
-66.667
-66.88
-67.126
-67.432
-67.705
-68.045
-68.297
-68.56
-68.842
-69.118
-69.362
-69.676
-69.982
-70.272
-70.583
-70.806
-71.149
-71.432
-71.702
-71.886
-72.278
-72.521
-72.681
-72.907
-73.167
-73.351
-73.534
-73.736
-73.922
-74.107
-74.253
-74.454
-74.692
-74.899
-75.102
-75.272
-75.46
-75.64
-75.779
-75.85
-75.913
-76.048
-76.161
-76.236
-76.345
-76.469
-76.498
-76.562
-76.71
-76.732
-76.859
-76.96
-77.055
-77.171
-77.291
-77.388
-77.515
-77.599
-77.683
-77.806
-77.838
-77.953
-77.962
-77.982
-78.092
-78.13
-78.198
-78.202
-78.311
-78.341
-78.335
-78.308
-78.284
-78.37
-78.47
-78.487
-78.537
-78.559
-78.639
-78.588
-78.646
-78.704
-78.728
-78.73
-78.749
-78.72
-78.752
-78.723
-78.739
-78.751
-78.868
-78.921
-78.941
-78.935
-79.017
-78.925
-78.896
-78.913
-78.924
-78.85
-78.829
-78.831
-78.879
-78.908
-78.967
-78.888
-78.923
-78.955
-79.012
-78.995
-78.981
-78.958
-79.067
-79.067
-79.095
-79.036
-79.082
-79.138
-79.047
-79.087
-79.132
-79.067
-79.114
-79.057
-79.141
-79.164
-79.213
-79.238
-79.257
-79.259
-79.376
-79.365
-79.416
-79.397
-79.466
-79.514
-79.525
-79.542
-79.717
-79.707
-79.752
-79.74
-79.812
-79.797
-79.875
-79.867
-79.899
-79.837
-79.785
-79.814
-79.811
-79.792
-79.836
-79.843
-79.825
-79.805
-79.824
-79.952
-79.903
-79.863
-79.824
-79.746
-79.714
-79.723
-79.63
-79.614
-79.682
-79.669
-79.639
-79.583
-79.524
-79.544
-79.583
-79.663
-79.622
-79.766
-79.787
-79.744
-79.742
-79.798
-79.747
-79.762
-79.805
-79.745
-79.726
-79.648
-79.595
-79.498
-79.578
-79.607
-79.647
-79.615
-79.625
-79.563
-79.804
-79.946
-79.994
-80.003
-80.002
-80.037
-80.004
-79.978
-79.868
-79.835
-79.847
-79.888
-79.786
-79.836
-79.865
-79.759
-79.707
-79.599
-79.671
-79.73
-79.758
-79.694
-79.728
-79.708
-79.808
-79.779
-79.762
-79.829
-79.841
-79.814
-79.782
-79.837
-79.842
-79.926
-79.952
-79.977
-79.97
-79.961
-79.823
-79.846
-79.9
-79.868
-79.872
-79.762
-79.789
-79.736
-79.778
-79.77
-79.702
-79.696
-79.704
-79.713
-79.685
-79.652
-79.658
-79.56
-79.654
-79.61
-79.548
-79.505
-79.511
-79.518
-79.48
-79.424
-79.35
-79.338
-79.419
-79.403
-79.391
-79.283
-79.231
-79.235
-79.231
-79.182
-79.102
-79.069
-79.032
-79.046
-79.066
-79.033
-79.144
-79.145
-79.204
-79.219
-79.169
-79.06
-79.027
-78.926
-78.956
-78.887
-78.882
-78.969
-78.91
-78.936
-78.874
-78.916
-78.89
-78.95
-78.982
-78.94
-78.905
-78.903
-78.912
-78.973
-78.96
-79.029
-79.094
-79.138
-79.075
-79.003
-78.995
-79.01
-78.98
-78.964
-78.955
-78.985
-79.044
-79.04
-79.08
-79.015
-78.967
-79.022
-78.995
-79.031
-79.017
-78.982
-78.987
-79.039
-79.032
-79.101
-79.17
-79.124
-79.158
-79.153
-79.168
-79.159
-79.156
-79.219
-79.257
-79.269
-79.229
-79.159
-79.146
-79.175
-79.176
-79.112
-79.078
-79.108
-79.093
-79.073
-79.116
-79.176
-79.286
-79.243
-79.209
-79.309
-79.263
-79.176
-79.111
-79.079
-79.119
-79.092
-79.086
-79.041
-79.014
-78.952
-78.992
-78.942
-78.936
-78.897
-78.835
-78.905
-78.844
-78.806
-78.794
-78.781
-78.802
-78.778
-78.955
-78.962
-78.979
-78.928
-78.981
-78.912
-79.023
-78.995
-79.046
-79.028
-79.005
-78.997
-78.951
-79.006
-79.008
-78.981
-79.074
-79.162
-79.131
-79.122
-79.187
-79.104
-79.084
-79.061
-79.039
-79.02
-79.013
-79.036
-79
-79.018
-79.052
-79.161
-79.178
-79.243
-79.197
-79.245
-79.27
-79.262
-79.307
-79.33
-79.281
-79.283
-79.282
-79.215
-79.31
-79.286
-79.287
-79.301
-79.338
-79.347
-79.311
-79.349
-79.303
-79.278
-79.343
-79.304
-79.28
-79.257
-79.301
-79.271
-79.281
-79.348
-79.319
-79.27
-79.201
-79.238
-79.202
-79.197
-79.19
-79.272
-79.213
-79.101
-79.078
-79.084
-79.058
-79.081
-79.1
-79.105
-79.157
-79.183
-79.177
-79.111
-79.035
-79.036
-79.055
-79.064
-79.068
-79.029
-79.013
-79.016
-79.085
-79.163
-79.293
-79.212
-79.205
-79.265
-79.221
-79.221
-79.233
-79.238
-79.281
-79.22
-79.295
-79.287
-79.369
-79.357
-79.361
-79.415
-79.483
-79.385
-79.373
-79.358
-79.305
-79.25
-79.228
-79.377
-79.385
-79.363
-79.393
-79.414
-79.42
-79.387
-79.364
-79.329
-79.349
-79.349
-79.382
-79.44
-79.412
-79.504
-79.54
-79.509
-79.463
-79.47
-79.524
-79.535
-79.43
-79.499
-79.474
-79.462
-79.357
-79.369
-79.424
-79.518
-79.463
-79.518
-79.526
-79.488
-79.437
-79.437
-79.423
-79.402
-79.454
-79.529
-79.449
-79.43
-79.428
-79.403
-79.395
-79.39
-79.392
-79.372
-79.383
-79.395
-79.326
-79.326
-79.27
-79.24
-79.143
-79.144
-79.167
-79.174
-79.314
-79.342
-79.445
-79.475
-79.418
-79.408
-79.375
-79.457
-79.506
-79.418
-79.31
-79.351
-79.303
-79.402
-79.392
-79.411
-79.478
-79.452
-79.441
-79.468
-79.364
-79.363
-79.353
-79.341
-79.404
-79.421
-79.42
-79.43
-79.428
-79.352
-79.416
-79.41
-79.416
-79.415
-79.404
-79.395
-79.431
-79.376
-79.442
-79.5
-79.428
-79.432
-79.408
-79.532
-79.484
-79.551
-79.461
-79.38
-79.369
-79.389
-79.406
-79.414
-79.412
-79.524
-79.518
-79.47
-79.418
-79.428
-79.467
-79.467
-79.56
-79.46
-79.452
-79.487
-79.465
-79.448
-79.407
-79.385
-79.341
-79.399
-79.333
-79.326
-79.247
-79.283
-79.283
-79.367
-79.347
-79.306
-79.325
-79.33
-79.337
-79.396
-79.411
-79.468
-79.468
-79.516
-79.555
-79.613
-79.616
-79.661
-79.744
-79.744
-79.686
-79.709
-79.664
-79.693
-79.707
-79.61
-79.662
-79.579
-79.646
-79.683
-79.65
-79.591
-79.633
-79.569
-79.592
-79.582
-79.718
-79.759
-79.751
-79.853
-79.907
-79.935
-79.9
-79.798
-79.713
-79.76
-79.706
-79.703
-79.716
-79.745
-79.714
-79.674
-79.698
-79.635
-79.622
-79.569
-79.558
-79.529
-79.475
-79.514
-79.455
-79.472
-79.451
-79.516
-79.515
-79.482
-79.499
-79.551
-79.48
-79.531
-79.559
-79.558
-79.545
-79.634
-79.604
-79.619
-79.626
-79.573
-79.629
-79.632
-79.673
-79.727
-79.761
-79.802
-79.733
-79.786
-79.728
-79.773
-79.805
-79.825
-79.827
-79.779
-79.772
-79.735
-79.748
-79.695
-79.662
-79.612
-79.599
-79.584
-79.6
-79.537
-79.483
-79.538
-79.557
-79.534
-79.533
-79.595
-79.615
-79.668
-79.645
-79.618
-79.679
-79.772
-79.842
-79.865
-79.771
-79.842
-79.849
-79.78
-79.793
-79.672
-79.677
-79.733
-79.756
-79.73
-79.638
-79.7
-79.597
-79.58
-79.648
-79.599
-79.587
-79.675
-79.684
-79.624
-79.568
-79.558
-79.562
-79.568
-79.568
-79.571
-79.568
-79.571
-79.625
-79.545
-79.55
-79.533
-79.458
-79.469
-79.408
-79.43
-79.459
-79.466
-79.567
-79.62
-79.65
-79.693
-79.792
-79.881
-79.98
-80.111
-80.143
-80.069
-80.071
-80.085
-80.045
-80.07
-80.095
-80.15
-80.162
-80.252
-80.225
-80.06
-80.032
-79.944
-79.893
-79.923
-79.914
-79.893
-79.831
-79.759
-79.74
-79.685
-79.727
-79.784
-79.881
-79.872
-79.784
-79.758
-79.848
-79.912
-79.973
-79.9
-79.897
-79.825
-79.826
-79.739
-79.77
-79.822
-79.8
-79.787
-79.851
-79.777
-79.808
-79.84
-79.864
-79.926
-79.936
-79.942
-80.017
-79.968
-79.98
-79.922
-79.877
-79.839
-79.81
-79.84
-79.891
-79.937
-79.878
-79.809
-79.832
-79.896
-79.915
-79.912
-79.904
-79.876
-79.867
-79.905
-79.847
-79.852
-79.817
-79.833
-79.861
-79.833
-79.761
-79.76
-79.714
-79.737
-79.684
-79.65
-79.657
-79.714
-79.737
-79.692
-79.774
-79.751
-79.719
-79.723
-79.688
-79.663
-79.658
-79.732
-79.778
-79.802
-79.863
-79.812
-79.79
-79.838
-79.776
-79.815
-79.854
-79.811
-79.777
-79.714
-79.772
-79.901
-79.868
-79.731
-79.765
-79.657
-79.76
-79.77
-79.703
-79.751
-79.748
-79.796
-79.853
-79.778
-79.766
-79.711
-79.754
-79.733
-79.652
-79.645
-79.67
-79.749
-79.8
-79.826
-79.766
-79.727
-79.718
-79.701
-79.681
-79.624
-79.592
-79.549
-79.583
-79.631
-79.602
-79.63
-79.639
-79.705
-79.684
-79.643
-79.62
-79.624
-79.641
-79.684
-79.664
-79.673
-79.743
-79.771
-79.749
-79.682
-79.667
-79.56
-79.564
-79.525
-79.446
-79.416
-79.434
-79.455
-79.514
-79.481
-79.449
-79.469
-79.533
-79.438
-79.526
-79.443
-79.459
-79.432
-79.422
-79.412
-79.335
-79.266
-79.25
-79.205
-79.219
-79.19
-79.217
-79.243
-79.256
-79.29
-79.215
-79.301
-79.305
-79.302
-79.353
-79.396
-79.324
-79.361
-79.384
-79.37
-79.311
-79.277
-79.248
-79.296
-79.346
-79.315
-79.276
-79.215
-79.165
-79.241
-79.259
-79.252
-79.222
-79.276
-79.2
-79.224
-79.223
-79.294
-79.352
-79.353
-79.383
-79.375
-79.37
-79.4
-79.529
-79.55
-79.621
-79.637
-79.666
-79.671
-79.756
-79.863
-79.931
-80.016
-80.043
-80.085
-80.119
-80.069
-80.18
-80.11
-79.971
-80.039
-79.954
-79.895
-79.916
-79.996
-79.995
-79.947
-79.948
-79.882
-79.873
-79.925
-79.942
-79.893
-79.845
-79.856
-79.924
-79.889
-79.947
-80.067
-80.071
-80.062
-80.122
-80.025
-80.038
-79.991
-80.016
-80.074
-80.044
-80.11
-80.053
-80.099
-80.074
-80.027
-79.973
-79.839
-79.877
-79.837
-79.857
-79.777
-79.751
-79.822
-79.882
-79.864
-79.925
-79.897
-80.009
-79.925
-79.889
-79.949
-79.872
-79.859
-79.8
-79.789
-79.804
-79.842
-79.868
-79.856
-79.867
-79.725
-79.821
-79.864
-79.978
-80.021
-79.979
-80.047
-79.982
-79.93
-79.902
-79.934
-79.926
-79.889
-79.796
-79.788
-79.881
-79.941
-79.999
-79.969
-79.907
-79.979
-79.96
-79.924
-79.863
-79.887
-79.847
-79.854
-79.891
-79.883
-79.869
-79.866
-79.856
-79.873
-79.835
-79.771
-79.716
-79.673
-79.642
-79.632
-79.629
-79.61
-79.584
-79.576
-79.538
-79.504
-79.523
-79.551
-79.548
-79.522
-79.53
-79.488
-79.505
-79.452
-79.47
-79.53
-79.659
-79.692
-79.711
-79.707
-79.634
-79.551
-79.605
-79.592
-79.595
-79.598
-79.516
-79.455
-79.413
-79.421
-79.495
-79.477
-79.365
-79.364
-79.37
-79.414
-79.363
-79.414
-79.328
-79.302
-79.232
-79.2
-79.269
-79.216
-79.258
-79.275
-79.278
-79.241
-79.328
-79.339
-79.377
-79.325
-79.319
-79.355
-79.409
-79.477
-79.434
-79.451
-79.461
-79.459
-79.488
-79.468
-79.441
-79.446
-79.448
-79.425
-79.507
-79.517
-79.438
-79.272
-79.347
-79.353
-79.353
-79.37
-79.32
-79.284
-79.275
-79.224
-79.257
-79.278
-79.272
-79.29
-79.218
-79.191
-79.301
-79.325
-79.377
-79.406
-79.393
-79.346
-79.311
-79.247
-79.261
-79.299
-79.204
-79.19
-79.173
-79.222
-79.319
-79.375
-79.374
-79.454
-79.404
-79.35
-79.266
-79.319
-79.294
-79.373
-79.247
-79.201
-79.215
-79.17
-79.098
-79.152
-79.2
-79.229
-79.258
-79.217
-79.218
-79.267
-79.3
-79.387
-79.366
-79.399
-79.279
-79.292
-79.342
-79.381
-79.457
-79.445
-79.469
-79.526
-79.515
-79.625
-79.596
-79.604
-79.661
-79.699
-79.728
-79.735
-79.703
-79.718
-79.756
-79.758
-79.849
-79.793
-79.727
-79.769
-79.853
-79.852
-79.774
-79.789
-79.754
-79.808
-79.808
-79.812
-79.917
-79.973
-79.894
-80.013
-80.006
-80.033
-80.018
-80.005
-80.076
-80.051
-80.08
-80.012
-80.051
-80.066
-80.105
-80.179
-80.145
-80.099
-80.062
-80.077
-80.063
-80.049
-80.028
-79.969
-79.965
-79.949
-80.036
-80.024
-79.954
-80.05
-80.065
-80.041
-80.006
-80.063
-80.085
-80.03
-80.037
-80.018
-80.013
-80.006
-80.006
-79.928
-79.868
-79.775
-79.749
-79.749
-79.685
-79.664
-79.725
-79.67
-79.638
-79.616
-79.653
-79.638
-79.596
-79.602
-79.628
-79.646
-79.567
-79.665
-79.771
-79.78
-79.68
-79.672
-79.737
-79.783
-79.739
-79.735
-79.801
-79.807
-79.76
-79.818
-79.898
-79.908
-79.927
-79.947
-80.003
-80.019
-80.032
-80.115
-80.114
-80.073
-80.126
-80.092
-80.087
-80.067
-80.026
-80.01
-80.021
-80.1
-80.134
-80.032
-80.021
-80.07
-80.078
-79.98
-79.965
-79.976
-80.022
-80.051
-80.126
-80.083
-80.05
-80.054
-80.026
-80.043
-80.07
-80.048
-80.011
-80.027
-80.096
-80.115
-80.164
-80.151
-80.215
-80.348
-80.287
-80.278
-80.233
-80.211
-80.146
-80.191
-80.318
-80.369
-80.37
-80.397
-80.381
-80.313
-80.26
-80.257
-80.255
-80.285
-80.328
-80.4
-80.406
-80.514
-80.522
-80.516
-80.523
-80.514
-80.542
-80.574
-80.699
-80.74
-80.77
-80.718
-80.589
-80.574
-80.557
-80.635
-80.617
-80.649
-80.704
-80.732
-80.688
-80.712
-80.779
-80.713
-80.813
-80.721
-80.681
-80.705
-80.642
-80.621
-80.548
-80.635
-80.643
-80.662
-80.608
-80.61
-80.533
-80.69
-80.666
-80.603
-80.654
-80.6
-80.698
-80.704
-80.703
-80.748
-80.725
-80.641
-80.776
-80.75
-80.662
-80.579
-80.59
-80.484
-80.507
-80.479
-80.548
-80.534
-80.465
-80.496
-80.431
-80.469
-80.441
-80.436
-80.484
-80.432
-80.448
-80.448
-80.514
-80.484
-80.557
-80.516
-80.445
-80.443
-80.408
-80.357
-80.303
-80.237
-80.301
-80.389
-80.298
-80.373
-80.328
-80.413
-80.397
-80.318
-80.245
-80.293
-80.176
-80.159
-80.257
-80.296
-80.179
-80.214
-80.304
-80.312
-80.29
-80.287
-80.25
-80.259
-80.246
-80.157
-80.197
-80.216
-80.228
-80.221
-80.252
-80.141
-80.204
-80.175
-80.263
-80.238
-80.204
-80.205
-80.187
-80.096
-80.115
-80.203
-80.274
-80.308
-80.237
-80.187
-80.143
-80.094
-79.935
-79.989
-79.914
-79.914
-79.834
-79.789
-79.697
-79.648
-79.689
-79.727
-79.745
-79.774
-79.795
-79.847
-79.914
-79.888
-79.844
-79.798
-79.759
-79.777
-79.722
-79.802
-79.945
-79.906
-79.901
-79.845
-79.903
-79.868
-79.868
-79.901
-79.898
-79.917
-79.93
-79.999
-79.954
-79.937
-79.998
-80.022
-80.052
-80.035
-79.969
-80.029
-80.019
-80.024
-80.012
-79.935
-79.97
-79.934
-79.837
-79.735
-79.732
-79.731
-79.739
-79.757
-79.741
-79.744
-79.768
-79.791
-79.898
-79.861
-79.871
-79.89
-79.81
-79.719
-79.686
-79.745
-79.81
-79.771
-79.952
-79.95
-79.969
-80.014
-80.018
-80.105
-80.132
-80.232
-80.208
-80.104
-80.024
-80.064
-80.034
-80.057
-80.049
-80.057
-80.043
-80.047
-80.079
-80
-79.945
-80.037
-80
-80.029
-80.01
-80.024
-80.011
-79.963
-79.989
-79.978
-79.993
-79.95
-79.88
-79.884
-79.894
-79.88
-79.938
-79.89
-79.989
-79.977
-79.956
-79.978
-79.973
-80.102
-80.115
-80.039
-80.106
-80.046
-79.972
-79.968
-80.018
-80.051
-79.975
-79.964
-80.06
-80.004
-79.978
-79.936
-79.963
-80.044
-79.987
-79.94
-79.912
-79.861
-79.819
-79.783
-79.839
-79.861
-79.892
-79.985
-79.99
-80.013
-79.933
-79.968
-79.913
-79.927
-79.964
-79.908
-79.897
-79.969
-80.014
-80.04
-79.945
-79.95
-79.872
-79.838
-79.882
-79.833
-79.842
-79.792
-79.756
-79.681
-79.76
-79.8
-79.781
-79.666
-79.605
-79.62
-79.653
-79.66
-79.853
-79.885
-79.936
-79.897
-79.937
-79.935
-79.885
-79.893
-79.896
-79.891
-79.839
-79.85
-79.793
-79.766
-79.717
-79.745
-79.753
-79.714
-79.729
-79.668
-79.707
-79.673
-79.662
-79.697
-79.665
-79.676
-79.695
-79.677
-79.769
-79.822
-79.801
-79.8
-79.769
-79.695
-79.704
-79.777
-79.73
-79.698
-79.662
-79.692
-79.645
-79.679
-79.643
-79.629
-79.53
-79.573
-79.581
-79.647
-79.613
-79.554
-79.496
-79.41
-79.456
-79.445
-79.443
-79.465
-79.427
-79.455
-79.564
-79.534
-79.613
-79.621
-79.586
-79.548
-79.584
-79.582
-79.583
-79.608
-79.576
-79.627
-79.695
-79.596
-79.618
-79.614
-79.637
-79.71
-79.715
-79.684
-79.684
-79.706
-79.71
-79.76
-79.839
-79.886
-79.934
-80.004
-80.097
-80.2
-80.399
-80.37
-80.31
-80.289
-80.331
-80.359
-80.426
-80.371
-80.299
-80.298
-80.291
-80.196
-80.228
-80.159
-80.196
-80.187
-80.169
-80.148
-80.137
-80.105
-80.035
-80.085
-80.113
-80.093
-80.124
-80.103
-80.138
-80.151
-80.116
-80.075
-79.983
-80.006
-79.999
-79.952
-79.909
-79.859
-79.909
-79.911
-79.903
-79.92
-79.843
-79.871
-79.955
-79.933
-79.898
-79.868
-79.912
-80.034
-80.028
-80.017
-80.068
-80.075
-80.054
-80.05
-80.045
-80.015
-79.993
-79.988
-79.943
-80.019
-79.998
-80.099
-80.133
-80.137
-80.183
-80.189
-80.16
-80.179
-80.261
-80.346
-80.447
-80.484
-80.482
-80.475
-80.462
-80.483
-80.465
-80.432
-80.429
-80.503
-80.482
-80.479
-80.35
-80.271
-80.325
-80.343
-80.383
-80.371
-80.418
-80.466
-80.505
-80.457
-80.32
-80.369
-80.4
-80.355
-80.333
-80.334
-80.31
-80.337
-80.24
-80.211
-80.182
-80.136
-80.136
-80.084
-80.086
-80.134
-80.128
-80.096
-80.135
-80.188
-80.207
-80.249
-80.276
-80.25
-80.237
-80.285
-80.295
-80.311
-80.259
-80.24
-80.343
-80.304
-80.286
-80.351
-80.378
-80.453
-80.436
-80.38
-80.337
-80.298
-80.257
-80.252
-80.317
-80.236
-80.22
-80.169
-80.157
-80.196
-80.224
-80.252
-80.254
-80.227
-80.177
-80.222
-80.313
-80.305
-80.264
-80.219
-80.236
-80.275
-80.302
-80.311
-80.238
-80.282
-80.27
-80.313
-80.307
-80.324
-80.243
-80.288
-80.209
-80.154
-80.13
-80.175
-80.227
-80.214
-80.166
-80.189
-80.301
-80.315
-80.221
-80.185
-80.124
-80.053
-80.119
-80.106
-80.098
-80.081
-80.053
-79.974
-79.932
-79.898
-79.936
-79.895
-79.837
-79.973
-79.983
-80.027
-79.993
-80.032
-79.963
-80.065
-80.083
-80.116
-80.11
-80.118
-80.084
-80.048
-80.051
-80.058
-80.13
-80.151
-80.186
-80.268
-80.257
-80.196
-80.256
-80.285
-80.361
-80.315
-80.289
-80.219
-80.169
-80.212
-80.221
-80.227
-80.244
-80.247
-80.257
-80.261
-80.262
-80.31
-80.393
-80.36
-80.392
-80.244
-80.341
-80.307
-80.317
-80.243
-80.121
-80.092
-80.066
-80.027
-79.984
-79.954
-80
-80.006
-79.936
-79.775
-79.773
-79.667
-79.733
-79.687
-79.799
-79.839
-79.754
-79.769
-79.751
-79.72
-79.764
-79.589
-79.603
-79.537
-79.572
-79.549
-79.583
-79.47
-79.452
-79.489
-79.501
-79.455
-79.48
-79.479
-79.504
-79.59
-79.55
-79.55
-79.563
-79.53
-79.389
-79.397
-79.346
-79.313
-79.384
-79.351
-79.385
-79.325
-79.263
-79.349
-79.374
-79.436
-79.492
-79.481
-79.531
-79.543
-79.517
-79.434
-79.501
-79.495
-79.494
-79.452
-79.513
-79.539
-79.636
-79.652
-79.614
-79.583
-79.571
-79.592
-79.646
-79.668
-79.666
-79.671
-79.657
-79.618
-79.6
-79.603
-79.619
-79.581
-79.589
-79.577
-79.585
-79.632
-79.656
-79.622
-79.616
-79.627
-79.657
-79.689
-79.731
-79.671
-79.741
-79.663
-79.607
-79.641
-79.713
-79.645
-79.601
-79.69
-79.679
-79.709
-79.601
-79.503
-79.514
-79.563
-79.575
-79.583
-79.578
-79.614
-79.65
-79.567
-79.64
-79.636
-79.595
-79.554
-79.485
-79.573
-79.529
-79.475
-79.583
-79.648
-79.727
-79.777
-79.718
-79.742
-79.799
-79.816
-79.893
-79.927
-79.927
-80.043
-80.035
-80.054
-80.013
-80.029
-80.079
-80.072
-80.163
-80.21
-80.158
-80.088
-80.128
-80.14
-80.111
-80.181
-80.093
-80.113
-80.11
-80.082
-80.148
-80.149
-80.148
-80.104
-80.097
-80.109
-80.071
-80.068
-80.01
-80.023
-79.991
-79.931
-79.949
-79.961
-79.988
-79.981
-80.052
-80.018
-79.983
-80.109
-80.087
-80.087
-80.128
-80.155
-80.161
-80.11
-80.146
-80.162
-80.243
-80.289
-80.202
-80.24
-80.179
-80.124
-80.099
-80.091
-80.091
-80.078
-80.169
-80.189
-80.21
-80.188
-80.099
-80.118
-80.046
-80.095
-80.134
-80.087
-80.14
-80.19
-80.206
-80.198
-80.172
-80.178
-80.22
-80.299
-80.347
-80.37
-80.404
-80.412
-80.373
-80.336
-80.374
-80.272
-80.214
-80.256
-80.183
-80.003
-79.967
-79.953
-79.936
-79.965
-79.94
-79.967
-79.904
-79.799
-79.744
-79.659
-79.666
-79.732
-79.701
-79.737
-79.75
-79.722
-79.747
-79.791
-79.793
-79.787
-79.759
-79.708
-79.666
-79.577
-79.598
-79.612
-79.582
-79.602
-79.58
-79.595
-79.592
-79.649
-79.734
-79.721
-79.68
-79.747
-79.699
-79.671
-79.664
-79.631
-79.595
-79.588
-79.554
-79.575
-79.569
-79.535
-79.644
-79.683
-79.628
-79.681
-79.762
-79.697
-79.764
-79.741
-79.73
-79.764
-79.816
-79.81
-79.85
-79.866
-79.841
-79.831
-79.869
-79.819
-79.713
-79.747
-79.815
-79.812
-79.841
-79.824
-79.726
-79.662
-79.606
-79.631
-79.685
-79.662
-79.681
-79.735
-79.748
-79.716
-79.752
-79.786
-79.829
-79.801
-79.636
-79.704
-79.671
-79.652
-79.71
-79.606
-79.702
-79.641
-79.606
-79.502
-79.487
-79.422
-79.371
-79.388
-79.462
-79.41
-79.394
-79.397
-79.313
-79.245
-79.325
-79.368
-79.389
-79.497
-79.559
-79.578
-79.572
-79.547
-79.515
-79.594
-79.515
-79.602
-79.672
-79.675
-79.665
-79.598
-79.632
-79.547
-79.556
-79.511
-79.506
-79.553
-79.596
-79.568
-79.56
-79.529
-79.541
-79.538
-79.599
-79.59
-79.577
-79.51
-79.556
-79.569
-79.526
-79.476
-79.473
-79.575
-79.524
-79.552
-79.622
-79.657
-79.658
-79.675
-79.641
-79.536
-79.468
-79.441
-79.529
-79.483
-79.484
-79.485
-79.487
-79.536
-79.471
-79.415
-79.411
-79.496
-79.531
-79.516
-79.503
-79.537
-79.515
-79.449
-79.489
-79.482
-79.419
-79.364
-79.4
-79.373
-79.486
-79.414
-79.416
-79.472
-79.477
-79.458
-79.462
-79.537
-79.633
-79.665
-79.736
-79.635
-79.588
-79.677
-79.667
-79.639
-79.62
-79.61
-79.629
-79.59
-79.587
-79.529
-79.537
-79.497
-79.44
-79.399
-79.387
-79.395
-79.447
-79.433
-79.395
-79.465
-79.427
-79.368
-79.465
-79.431
-79.562
-79.402
-79.389
-79.485
-79.513
-79.508
-79.486
-79.5
-79.595
-79.667
-79.759
-79.631
-79.584
-79.57
-79.588
-79.615
-79.685
-79.648
-79.656
-79.597
-79.655
-79.78
-79.787
-79.809
-79.779
-79.713
-79.738
-79.755
-79.719
-79.68
-79.75
-79.767
-79.775
-79.75
-79.717
-79.617
-79.701
-79.667
-79.702
-79.708
-79.712
-79.651
-79.65
-79.627
-79.699
-79.548
-79.563
-79.544
-79.48
-79.538
-79.535
-79.515
-79.472
-79.479
-79.399
-79.404
-79.346
-79.349
-79.356
-79.487
-79.496
-79.488
-79.521
-79.485
-79.494
-79.506
-79.413
-79.494
-79.568
-79.575
-79.601
-79.599
-79.574
-79.544
-79.521
-79.536
-79.5
-79.509
-79.551
-79.573
-79.542
-79.499
-79.43
-79.374
-79.306
-79.328
-79.239
-79.264
-79.273
-79.287
-79.316
-79.369
-79.385
-79.341
-79.405
-79.367
-79.448
-79.382
-79.347
-79.295
-79.226
-79.25
-79.179
-79.12
-79.054
-79.106
-79.044
-79.045
-79.066
-79.043
-79.014
-79.015
-79.015
-79.075
-79.169
-79.154
-79.152
-79.15
-79.128
-79.112
-79.011
-79.039
-78.963
-78.907
-78.884
-78.909
-78.831
-78.75
-78.843
-78.88
-78.912
-78.896
-78.913
-78.958
-78.96
-78.986
-78.902
-78.881
-78.936
-78.909
-78.927
-78.949
-79
-78.938
-78.936
-78.974
-78.982
-78.91
-79.069
-79.088
-79.108
-79.014
-78.999
-78.99
-78.952
-78.983
-78.998
-79.013
-79.116
-79.115
-78.986
-78.959
-79.017
-78.977
-78.93
-78.967
-78.919
-78.924
-78.905
-78.91
-79.061
-79.108
-79.08
-79.126
-79.094
-79.215
-79.266
-79.29
-79.365
-79.356
-79.316
-79.319
-79.286
-79.321
-79.252
-79.144
-79.163
-79.158
-79.234
-79.296
-79.233
-79.223
-79.116
-79.174
-79.146
-79.131
-79.067
-79.044
-79.106
-79.072
-78.985
-78.998
-78.927
-78.989
-78.998
-79.005
-79.114
-79.07
-79.107
-79.167
-79.221
-79.287
-79.358
-79.363
-79.336
-79.354
-79.406
-79.346
-79.386
-79.405
-79.352
-79.366
-79.316
-79.249
-79.273
-79.246
-79.291
-79.273
-79.271
-79.235
-79.192
-79.156
-79.146
-79.16
-79.154
-79.176
-79.287
-79.237
-79.225
-79.285
-79.234
-79.24
-79.208
-79.219
-79.214
-79.238
-79.239
-79.258
-79.218
-79.197
-79.13
-79.14
-79.21
-79.257
-79.155
-79.201
-79.274
-79.238
-79.154
-79.16
-79.128
-79.195
-79.226
-79.208
-79.158
-79.189
-79.203
-79.18
-79.164
-79.211
-79.264
-79.311
-79.237
-79.294
-79.327
-79.349
-79.334
-79.29
-79.312
-79.236
-79.215
-79.252
-79.228
-79.169
-79.131
-79.128
-79.177
-79.185
-79.186
-79.181
-79.154
-79.108
-79.08
-79.016
-79.064
-79.136
-79.126
-79.121
-79.247
-79.26
-79.18
-79.132
-79.13
-79.023
-78.978
-79.003
-78.987
-79.011
-79.037
-79.074
-79.056
-79.101
-79.136
-79.1
-79.094
-79.087
-79.172
-79.225
-79.157
-79.152
-79.231
-79.346
-79.369
-79.401
-79.397
-79.352
-79.33
-79.452
-79.435
-79.44
-79.492
-79.524
-79.579
-79.635
-79.567
-79.422
-79.387
-79.318
-79.311
-79.296
-79.382
-79.3
-79.322
-79.345
-79.358
-79.288
-79.314
-79.359
-79.4
-79.266
-79.264
-79.134
-79.183
-79.148
-79.147
-79.165
-79.206
-79.171
-79.223
-79.187
-79.134
-79.093
-79.112
-79.097
-79.09
-79.155
-79.09
-79.017
-79.035
-79.045
-79.126
-79.104
-79.085
-79.17
-79.179
-79.106
-79.108
-79.021
-79.013
-79.074
-79.09
-79.098
-78.96
-78.973
-79.012
-79.093
-79.102
-79.082
-79.118
-79.182
-79.19
-79.23
-79.26
-79.234
-79.258
-79.306
-79.317
-79.342
-79.428
-79.379
-79.461
-79.428
-79.468
-79.515
-79.497
-79.488
-79.454
-79.487
-79.473
-79.408
-79.359
-79.438
-79.273
-79.255
-79.216
-79.276
-79.184
-79.211
-79.145
-79.117
-79.115
-79.062
-79.024
-79.034
-79.094
-79.009
-78.987
-79.055
-79.03
-79.07
-79.108
-79.171
-79.23
-79.212
-79.191
-79.211
-79.127
-79.044
-79.078
-79.124
-79.239
-79.234
-79.262
-79.27
-79.216
-79.275
-79.264
-79.347
-79.235
-79.183
-79.311
-79.216
-79.157
-79.197
-79.085
-79.083
-79.149
-79.227
-79.203
-79.259
-79.157
-79.18
-79.218
-79.184
-79.121
-79.086
-79.137
-79.151
-79.059
-79.138
-79.176
-79.229
-79.226
-79.166
-79.243
-79.234
-79.231
-79.245
-79.162
-79.006
-79.026
-79.048
-78.987
-78.94
-78.935
-78.974
-79.046
-79.063
-79.058
-79.082
-79.068
-79.062
-78.957
-79.027
-79.014
-79.008
-79.067
-79.101
-79.064
-79.07
-79.154
-79.116
-79.125
-79.093
-79.088
-79.024
-79.064
-79.076
-79.05
-79.008
-79.009
-78.975
-78.853
-78.839
-78.733
-78.795
-78.842
-78.863
-78.926
-78.915
-78.853
-78.814
-78.904
-78.917
-78.951
-78.976
-78.968
-79.014
-78.977
-79.061
-79.031
-79.047
-78.948
-78.95
-78.941
-79.061
-79.086
-79
-78.905
-78.95
-78.92
-78.831
-78.878
-78.86
-78.825
-78.735
-78.754
-78.743
-78.82
-78.787
-78.806
-78.771
-78.797
-78.773
-78.712
-78.644
-78.636
-78.612
-78.596
-78.568
-78.573
-78.54
-78.487
-78.555
-78.539
-78.528
-78.573
-78.551
-78.542
-78.52
-78.582
-78.524
-78.523
-78.563
-78.552
-78.519
-78.57
-78.621
-78.577
-78.522
-78.495
-78.53
-78.565
-78.712
-78.662
-78.724
-78.648
-78.566
-78.556
-78.549
-78.635
-78.714
-78.722
-78.736
-78.77
-78.788
-78.823
-78.853
-78.945
-78.971
-78.907
-78.889
-78.991
-79.064
-79.057
-79.087
-79.134
-79.148
-79.149
-79.167
-79.18
-79.183
-79.095
-79.091
-79.095
-79.11
-79.147
-79.253
-79.305
-79.278
-79.199
-79.214
-79.181
-79.195
-79.243
-79.209
-79.245
-79.16
-79.055
-79.037
-79.032
-79.023
-79.109
-79.134
-79.069
-79.125
-79.073
-79.136
-79.104
-79.066
-79.1
-79.105
-79.174
-79.105
-79.13
-79.153
-79.214
-79.21
-79.107
-79.091
-78.973
-79.012
-78.945
-78.865
-78.845
-78.832
-78.828
-78.777
-78.845
-78.796
-78.874
-78.921
-78.932
-78.911
-78.897
-78.845
-78.929
-78.954
-78.995
-79.015
-79.119
-79.122
-79.083
-79.047
-79.01
-79.021
-79.011
-78.937
-79.012
-78.942
-78.928
-78.935
-78.981
-79.053
-79.126
-79.151
-79.209
-79.197
-79.234
-79.275
-79.233
-79.181
-79.208
-79.203
-79.243
-79.259
-79.357
-79.457
-79.516
-79.569
-79.604
-79.69
-79.653
-79.723
-79.76
-79.675
-79.701
-79.761
-79.765
-79.776
-79.89
-79.821
-79.825
-79.825
-79.835
-79.834
-79.807
-79.796
-79.81
-79.814
-79.802
-79.84
-79.787
-79.831
-79.802
-79.821
-79.757
-79.739
-79.758
-79.786
-79.794
-79.787
-79.821
-79.751
-79.758
-79.806
-79.764
-79.753
-79.709
-79.616
-79.571
-79.562
-79.518
-79.563
-79.534
-79.515
-79.57
-79.544
-79.572
-79.545
-79.501
-79.617
-79.589
-79.625
-79.529
-79.507
-79.547
-79.566
-79.553
-79.574
-79.633
-79.615
-79.665
-79.717
-79.719
-79.772
-79.754
-79.598
-79.625
-79.542
-79.555
-79.57
-79.548
-79.662
-79.711
-79.66
-79.672
-79.642
-79.677
-79.705
-79.675
-79.684
-79.755
-79.873
-79.9
-79.883
-79.871
-79.959
-79.939
-79.966
-79.955
-79.96
-79.931
-80
-79.993
-79.879
-79.815
-79.821
-79.774
-79.808
-79.873
-79.883
-80.026
-79.974
-79.901
-79.817
-79.796
-79.789
-79.745
-79.738
-79.726
-79.711
-79.665
-79.715
-79.711
-79.646
-79.585
-79.546
-79.5
-79.675
-79.574
-79.605
-79.579
-79.62
-79.649
-79.58
-79.648
-79.695
-79.7
-79.717
-79.614
-79.64
-79.671
-79.63
-79.559
-79.591
-79.596
-79.494
-79.494
-79.398
-79.332
-79.361
-79.333
-79.324
-79.363
-79.377
-79.474
-79.527
-79.567
-79.533
-79.487
-79.413
-79.43
-79.423
-79.563
-79.594
-79.645
-79.7
-79.643
-79.594
-79.642
-79.697
-79.794
-79.747
-79.641
-79.663
-79.585
-79.614
-79.559
-79.627
-79.562
-79.634
-79.579
-79.498
-79.648
-79.619
-79.66
-79.579
-79.653
-79.611
-79.663
-79.729
-79.717
-79.753
-79.73
-79.75
-79.748
-79.784
-79.816
-79.878
-79.832
-79.808
-79.83
-79.799
-79.824
-79.89
-79.845
-79.776
-79.726
-79.736
-79.773
-79.737
-79.776
-79.827
-79.86
-79.789
-79.743
-79.774
-79.716
-79.716
-79.714
-79.83
-79.781
-79.802
-79.823
-79.842
-79.723
-79.669
-79.737
-79.839
-79.833
-79.792
-79.851
-79.866
-79.84
-79.961
-79.972
-80.067
-80.103
-80.051
-80.028
-80.037
-80.054
-80.05
-80.153
-80.182
-80.16
-80.2
-80.229
-80.198
-80.166
-80.281
-80.182
-80.084
-80.112
-80.096
-80.258
-80.302
-80.398
-80.317
-80.326
-80.404
-80.365
-80.359
-80.295
-80.334
-80.293
-80.315
-80.284
-80.279
-80.266
-80.292
-80.286
-80.357
-80.37
-80.321
-80.251
-80.189
-80.197
-80.172
-80.167
-80.225
-80.243
-80.137
-80.263
-80.371
-80.438
-80.465
-80.391
-80.495
-80.519
-80.507
-80.52
-80.481
-80.583
-80.538
-80.582
-80.535
-80.418
-80.505
-80.51
-80.507
-80.516
-80.496
-80.464
-80.425
-80.341
-80.354
-80.319
-80.349
-80.329
-80.321
-80.317
-80.254
-80.188
-80.223
-80.207
-80.21
-80.162
-80.166
-80.346
-80.346
-80.408
-80.39
-80.405
-80.396
-80.373
-80.367
-80.448
-80.372
-80.376
-80.447
-80.374
-80.327
-80.303
-80.228
-80.219
-80.299
-80.296
-80.255
-80.211
-80.188
-80.204
-80.193
-80.221
-80.204
-80.193
-80.189
-80.257
-80.236
-80.221
-80.193
-80.195
-80.169
-80.146
-80.231
-80.248
-80.265
-80.201
-80.205
-80.134
-80.036
-79.946
-79.985
-80.01
-80.008
-79.935
-79.938
-79.939
-79.899
-79.869
-79.819
-79.92
-79.914
-79.967
-80.008
-79.943
-80.015
-79.988
-79.951
-79.924
-79.912
-79.939
-79.918
-79.954
-79.957
-79.984
-79.869
-79.834
-79.892
-79.851
-79.761
-79.778
-79.781
-79.797
-79.771
-79.784
-79.741
-79.778
-79.758
-79.745
-79.718
-79.625
-79.73
-79.713
-79.648
-79.723
-79.705
-79.733
-79.793
-79.789
-79.732
-79.747
-79.747
-79.811
-79.764
-79.741
-79.84
-79.841
-79.891
-79.912
-79.832
-79.863
-79.854
-79.891
-79.855
-79.821
-79.8
-79.854
-79.813
-79.796
-79.816
-79.77
-79.728
-79.631
-79.62
-79.472
-79.387
-79.437
-79.404
-79.355
-79.304
-79.292
-79.28
-79.253
-79.238
-79.142
-79.018
-79.078
-79.05
-79.077
-79.069
-79.161
-79.143
-79.09
-79.032
-78.991
-79.066
-79.065
-79.144
-79.223
-79.208
-79.201
-79.175
-79.173
-79.186
-79.166
-79.166
-79.167
-79.144
-79.134
-79.09
-79.106
-79.103
-79.13
-79.08
-79.114
-79.079
-79.065
-79.053
-78.96
-78.924
-78.884
-78.795
-78.966
-78.857
-78.822
-78.748
-78.651
-78.711
-78.683
-78.749
-78.728
-78.75
-78.775
-78.795
-78.68
-78.668
-78.653
-78.604
-78.706
-78.671
-78.646
-78.645
-78.573
-78.623
-78.614
-78.635
-78.62
-78.62
-78.62
-78.547
-78.532
-78.537
-78.522
-78.514
-78.518
-78.597
-78.655
-78.749
-78.718
-78.792
-78.788
-78.727
-78.725
-78.77
-78.751
-78.69
-78.747
-78.718
-78.794
-78.718
-78.707
-78.728
-78.719
-78.822
-78.838
-78.822
-78.772
-78.843
-78.854
-78.824
-78.859
-78.904
-78.871
-78.981
-78.99
-78.985
-78.971
-78.911
-78.965
-79.024
-79.1
-79.159
-79.196
-79.195
-79.3
-79.371
-79.42
-79.386
-79.35
-79.399
-79.426
-79.455
-79.498
-79.458
-79.453
-79.55
-79.638
-79.632
-79.746
-79.697
-79.789
-79.795
-79.827
-79.886
-79.952
-79.96
-79.949
-80.05
-79.962
-79.944
-79.842
-79.8
-79.813
-79.874
-79.902
-79.89
-79.939
-79.81
-79.823
-79.772
-79.84
-79.877
-79.842
-79.797
-79.869
-79.901
-79.939
-79.901
-79.833
-79.787
-79.848
-79.854
-79.804
-79.799
-79.841
-79.776
-79.778
-79.842
-79.833
-79.789
-79.841
-79.796
-79.762
-79.744
-79.71
-79.729
-79.713
-79.793
-79.71
-79.786
-79.791
-79.73
-79.706
-79.701
-79.77
-79.829
-79.837
-79.784
-79.77
-79.683
-79.704
-79.703
-79.72
-79.663
-79.629
-79.609
-79.578
-79.575
-79.527
-79.431
-79.431
-79.519
-79.55
-79.465
-79.451
-79.48
-79.476
-79.502
-79.505
-79.562
-79.576
-79.601
-79.651
-79.654
-79.704
-79.619
-79.556
-79.569
-79.604
-79.672
-79.659
-79.681
-79.736
-79.686
-79.655
-79.562
-79.56
-79.555
-79.648
-79.71
-79.81
-79.816
-79.897
-79.918
-79.861
-79.88
-80.005
-79.953
-79.875
-79.808
-79.872
-79.77
-79.738
-79.693
-79.746
-79.771
-79.761
-79.776
-79.8
-79.664
-79.597
-79.687
-79.677
-79.671
-79.621
-79.713
-79.712
-79.734
-79.655
-79.638
-79.649
-79.74
-79.665
-79.665
-79.669
-79.646
-79.611
-79.609
-79.686
-79.612
-79.591
-79.657
-79.704
-79.722
-79.703
-79.746
-79.694
-79.763
-79.751
-79.635
-79.705
-79.691
-79.633
-79.581
-79.583
-79.564
-79.529
-79.552
-79.504
-79.522
-79.526
-79.529
-79.501
-79.624
-79.522
-79.561
-79.598
-79.588
-79.605
-79.517
-79.521
-79.535
-79.496
-79.474
-79.499
-79.482
-79.462
-79.51
-79.484
-79.531
-79.477
-79.369
-79.382
-79.431
-79.45
-79.408
-79.467
-79.416
-79.464
-79.56
-79.497
-79.53
-79.524
-79.618
-79.535
-79.562
-79.659
-79.725
-79.747
-79.763
-79.717
-79.71
-79.798
-79.777
-79.771
-79.781
-79.746
-79.809
-79.768
-79.741
-79.645
-79.662
-79.663
-79.763
-79.863
-79.885
-79.855
-79.833
-79.79
-79.807
-79.826
-79.874
-79.833
-79.765
-79.781
-79.757
-79.743
-79.706
-79.593
-79.642
-79.653
-79.612
-79.635
-79.727
-79.734
-79.623
-79.621
-79.736
-79.717
-79.619
-79.631
-79.707
-79.758
-79.816
-79.806
-79.883
-79.863
-79.84
-79.843
-79.925
-79.974
-79.895
-79.793
-79.784
-79.795
-79.753
-79.731
-79.637
-79.598
-79.605
-79.504
-79.425
-79.397
-79.379
-79.374
-79.409
-79.423
-79.485
-79.44
-79.441
-79.387
-79.388
-79.331
-79.319
-79.35
-79.289
-79.183
-79.174
-79.258
-79.197
-79.256
-79.255
-79.233
-79.154
-79.187
-79.292
-79.27
-79.256
-79.353
-79.365
-79.371
-79.254
-79.233
-79.234
-79.251
-79.328
-79.346
-79.391
-79.462
-79.514
-79.506
-79.493
-79.516
-79.55
-79.532
-79.445
-79.436
-79.475
-79.379
-79.325
-79.396
-79.437
-79.397
-79.391
-79.454
-79.406
-79.396
-79.361
-79.427
-79.43
-79.425
-79.482
-79.473
-79.429
-79.457
-79.42
-79.394
-79.338
-79.288
-79.335
-79.299
-79.39
-79.413
-79.454
-79.446
-79.376
-79.419
-79.465
-79.477
-79.508
-79.576
-79.6
-79.7
-79.563
-79.605
-79.597
-79.65
-79.73
-79.663
-79.604
-79.594
-79.618
-79.655
-79.765
-79.827
-79.804
-79.928
-79.918
-79.914
-79.97
-79.963
-80.169
-80.202
-80.162
-80.233
-80.199
-80.215
-80.217
-80.246
-80.255
-80.255
-80.183
-80.192
-80.268
-80.214
-80.195
-80.232
-80.211
-80.264
-80.282
-80.421
-80.408
-80.312
-80.279
-80.275
-80.307
-80.29
-80.25
-80.163
-80.145
-80.157
-80.091
-80.072
-80.013
-80.055
-79.965
-79.924
-80.074
-80.06
-80.055
-80.087
-80.138
-80.169
-80.193
-80.217
-80.176
-80.158
-80.074
-80.081
-80.079
-80.08
-80.058
-80.054
-80.043
-80.075
-80.071
-80.094
-80.057
-80.099
-80.091
-80.056
-79.976
-80.032
-80.009
-79.95
-80.046
-80.03
-80.036
-80.086
-80.116
-80.131
-80.145
-80.086
-80.004
-79.947
-79.898
-79.92
-79.996
-79.929
-79.801
-79.876
-79.905
-79.88
-79.878
-79.855
-79.9
-79.929
-79.865
-79.908
-79.821
-79.772
-79.792
-79.73
-79.728
-79.664
-79.58
-79.548
-79.585
-79.533
-79.458
-79.477
-79.463
-79.535
-79.503
-79.498
-79.52
-79.475
-79.487
-79.464
-79.39
-79.377
-79.433
-79.458
-79.431
-79.388
-79.438
-79.406
-79.347
-79.378
-79.25
-79.229
-79.255
-79.307
-79.263
-79.235
-79.179
-79.154
-79.115
-79.114
-79.173
-79.22
-79.191
-79.225
-79.232
-79.252
-79.128
-79.149
-79.206
-79.204
-79.203
-79.168
-79.167
-79.176
-79.248
-79.269
-79.342
-79.221
-79.229
-79.151
-79.126
-79.081
-79.055
-79.198
-79.118
-79.032
-78.977
-78.883
-78.976
-78.887
-78.948
-78.976
-79.035
-79.071
-79.091
-79.217
-79.202
-79.269
-79.305
-79.217
-79.23
-79.24
-79.297
-79.31
-79.317
-79.285
-79.211
-79.233
-79.188
-79.163
-79.17
-79.108
-79.155
-79.108
-79.13
-79.167
-79.149
-79.146
-79.137
-79.196
-79.156
-79.188
-79.18
-79.187
-79.253
-79.304
-79.236
-79.259
-79.276
-79.274
-79.219
-79.292
-79.383
-79.466
-79.465
-79.482
-79.437
-79.37
-79.363
-79.357
-79.395
-79.418
-79.45
-79.429
-79.452
-79.497
-79.523
-79.585
-79.523
-79.549
-79.542
-79.526
-79.522
-79.502
-79.397
-79.399
-79.472
-79.48
-79.495
-79.551
-79.568
-79.598
-79.553
-79.637
-79.633
-79.63
-79.615
-79.635
-79.64
-79.605
-79.561
-79.558
-79.6
-79.605
-79.631
-79.629
-79.608
-79.633
-79.583
-79.601
-79.461
-79.58
-79.553
-79.593
-79.549
-79.535
-79.551
-79.498
-79.475
-79.409
-79.398
-79.462
-79.542
-79.635
-79.637
-79.702
-79.732
-79.687
-79.752
-79.803
-79.725
-79.731
-79.645
-79.699
-79.72
-79.604
-79.565
-79.572
-79.615
-79.642
-79.639
-79.6
-79.554
-79.563
-79.51
-79.522
-79.422
-79.331
-79.419
-79.523
-79.541
-79.514
-79.471
-79.41
-79.443
-79.401
-79.36
-79.359
-79.332
-79.35
-79.298
-79.294
-79.349
-79.337
-79.394
-79.357
-79.367
-79.37
-79.354
-79.338
-79.356
-79.429
-79.471
-79.484
-79.512
-79.424
-79.407
-79.4
-79.458
-79.471
-79.477
-79.352
-79.335
-79.382
-79.378
-79.365
-79.465
-79.494
-79.412
-79.41
-79.515
-79.529
-79.633
-79.575
-79.573
-79.533
-79.586
-79.578
-79.651
-79.599
-79.59
-79.531
-79.63
-79.696
-79.683
-79.73
-79.692
-79.795
-79.831
-79.76
-79.728
-79.702
-79.655
-79.666
-79.605
-79.646
-79.65
-79.67
-79.615
-79.536
-79.577
-79.559
-79.606
-79.64
-79.6
-79.537
-79.565
-79.615
-79.748
-79.738
-79.777
-79.87
-79.846
-79.885
-79.866
-79.934
-79.925
-79.883
-79.83
-79.884
-79.933
-79.984
-79.927
-79.874
-79.831
-79.822
-79.869
-80.033
-80.072
-80.095
-80.109
-80.108
-80.168
-80.296
-80.3
-80.333
-80.42
-80.478
-80.48
-80.48
-80.535
-80.521
-80.536
-80.556
-80.509
-80.521
-80.504
-80.454
-80.511
-80.566
-80.604
-80.517
-80.565
-80.592
-80.549
-80.6
-80.707
-80.658
-80.623
-80.616
-80.61
-80.579
-80.574
-80.626
-80.551
-80.62
-80.65
-80.654
-80.638
-80.576
-80.564
-80.633
-80.488
-80.419
-80.479
-80.458
-80.523
-80.569
-80.588
-80.557
-80.498
-80.449
-80.457
-80.462
-80.461
-80.485
-80.463
-80.457
-80.394
-80.319
-80.347
-80.372
-80.413
-80.433
-80.416
-80.469
-80.472
-80.475
-80.548
-80.456
-80.408
-80.428
-80.541
-80.54
-80.503
-80.599
-80.6
-80.605
-80.676
-80.755
-80.721
-80.741
-80.787
-80.746
-80.772
-80.801
-80.873
-80.899
-80.919
-80.98
-80.966
-81.015
-81.039
-81.108
-81.076
-81.015
-81.068
-81.039
-81.036
-81.092
-81.073
-81.009
-80.94
-80.87
-80.785
-80.756
-80.857
-80.9
-80.874
-80.831
-80.783
-80.784
-80.882
-80.943
-80.922
-80.887
-80.827
-80.864
-80.94
-80.956
-80.961
-81.018
-81.015
-80.952
-80.991
-81.002
-80.995
-80.98
-81.05
-81.012
-80.979
-81.109
-81.132
-81.064
-81.049
-81.08
-81.107
-81.13
-81.142
-81.132
-81.126
-81.105
-81.132
-81.134
-81.009
-81.027
-81.045
-81.041
-81.155
-81.23
-81.271
-81.226
-81.269
-81.223
-81.329
-81.274
-81.297
-81.322
-81.33
-81.378
-81.351
-81.416
-81.46
-81.437
-81.493
-81.529
-81.495
-81.479
-81.489
-81.523
-81.483
-81.529
-81.477
-81.4
-81.419
-81.507
-81.47
-81.399
-81.351
-81.381
-81.405
-81.443
-81.364
-81.334
-81.299
-81.275
-81.309
-81.283
-81.261
-81.229
-81.237
-81.236
-81.352
-81.321
-81.322
-81.3
-81.252
-81.225
-81.241
-81.179
-81.195
-81.169
-81.157
-81.061
-81.11
-81.136
-81.095
-80.988
-80.979
-80.961
-80.894
-80.961
-80.928
-80.889
-80.844
-80.836
-80.932
-80.901
-80.852
-80.88
-80.795
-80.704
-80.784
-80.804
-80.733
-80.674
-80.725
-80.785
-80.816
-80.763
-80.674
-80.577
-80.591
-80.536
-80.515
-80.412
-80.374
-80.307
-80.28
-80.233
-80.22
-80.3
-80.316
-80.324
-80.368
-80.302
-80.269
-80.252
-80.324
-80.261
-80.375
-80.437
-80.4
-80.374
-80.38
-80.332
-80.368
-80.327
-80.29
-80.209
-80.19
-80.208
-80.322
-80.33
-80.364
-80.411
-80.469
-80.478
-80.496
-80.554
-80.51
-80.434
-80.443
-80.442
-80.453
-80.307
-80.261
-80.275
-80.323
-80.215
-80.297
-80.274
-80.266
-80.321
-80.317
-80.315
-80.286
-80.248
-80.212
-80.166
-80.144
-80.15
-80.16
-80.238
-80.206
-80.257
-80.216
-80.245
-80.146
-80.19
-80.154
-80.124
-80.05
-80.061
-80.049
-80.114
-80.098
-80.046
-80.05
-80.03
-80.074
-80.008
-79.937
-79.963
-79.917
-79.933
-79.902
-79.882
-79.843
-79.848
-79.917
-79.939
-79.93
-79.952
-79.995
-79.964
-79.946
-79.896
-79.887
-79.852
-79.78
-79.839
-79.784
-79.724
-79.779
-79.703
-79.72
-79.744
-79.719
-79.748
-79.873
-79.957
-80.021
-80.046
-80.012
-80.059
-80.144
-80.095
-80.142
-80.142
-80.185
-80.147
-80.127
-80.073
-80.018
-80.001
-80.017
-80.061
-80.042
-80.171
-80.172
-80.3
-80.271
-80.316
-80.374
-80.321
-80.332
-80.299
-80.224
-80.215
-80.202
-80.254
-80.257
-80.23
-80.303
-80.296
-80.377
-80.493
-80.476
-80.554
-80.544
-80.564
-80.593
-80.556
-80.635
-80.587
-80.569
-80.57
-80.606
-80.687
-80.669
-80.706
-80.73
-80.714
-80.761
-80.752
-80.823
-80.72
-80.698
-80.705
-80.732
-80.721
-80.717
-80.71
-80.744
-80.821
-80.887
-80.903
-80.881
-80.897
-80.852
-80.91
-80.958
-80.95
-81.035
-81.149
-81.196
-81.178
-81.207
-81.234
-81.198
-81.235
-81.126
-81.106
-81.153
-81.003
-80.909
-80.897
-80.893
-80.921
-80.937
-80.93
-80.876
-80.833
-80.862
-80.793
-80.771
-80.758
-80.721
-80.767
-80.713
-80.791
-80.825
-80.823
-80.793
-80.812
-80.809
-80.836
-80.951
-80.934
-80.991
-81.072
-81.107
-81.075
-81.009
-80.999
-81.085
-81.046
-81.095
-81.059
-81.055
-81.01
-80.999
-81.001
-81.059
-81.092
-81.187
-81.186
-81.182
-81.258
-81.215
-81.315
-81.33
-81.29
-81.191
-81.075
-81.164
-81.099
-81.156
-81.138
-81.225
-81.22
-81.175
-81.168
-81.197
-81.151
-81.117
-81.131
-81.241
-81.209
-81.287
-81.177
-81.144
-81.058
-81.067
-81.066
-81.083
-80.997
-80.982
-80.962
-80.96
-80.984
-80.96
-80.935
-80.955
-81.012
-81.044
-81.048
-80.957
-80.93
-80.903
-80.978
-80.966
-80.973
-80.958
-80.935
-80.851
-80.794
-80.784
-80.772
-80.817
-80.859
-80.809
-80.904
-80.947
-80.9
-80.904
-80.966
-80.966
-81.014
-81.08
-81.007
-80.984
-80.966
-80.927
-80.915
-80.911
-80.963
-80.994
-80.972
-80.998
-80.973
-80.949
-80.919
-80.863
-80.829
-80.881
-80.779
-80.849
-80.819
-80.727
-80.755
-80.844
-80.893
-80.931
-80.942
-80.877
-80.878
-80.747
-80.77
-80.728
-80.712
-80.687
-80.68
-80.696
-80.593
-80.568
-80.478
-80.522
-80.437
-80.486
-80.578
-80.538
-80.441
-80.362
-80.436
-80.5
-80.47
-80.47
-80.474
-80.47
-80.451
-80.547
-80.625
-80.649
-80.619
-80.755
-80.697
-80.786
-80.718
-80.713
-80.633
-80.619
-80.669
-80.784
-80.775
-80.763
-80.661
-80.69
-80.75
-80.784
-80.725
-80.684
-80.713
-80.692
-80.78
-80.717
-80.711
-80.691
-80.776
-80.796
-80.742
-80.775
-80.758
-80.752
-80.834
-80.786
-80.902
-80.961
-81.036
-81.002
-80.924
-80.877
-80.949
-80.866
-80.872
-80.897
-80.898
-80.846
-80.901
-80.88
-80.872
-80.956
-80.944
-81.01
-80.897
-80.918
-80.95
-80.898
-80.943
-80.962
-80.987
-80.946
-80.973
-80.96
-80.956
-80.919
-81.039
-81.037
-80.978
-80.975
-81.037
-81.02
-81.079
-81.061
-80.978
-81.04
-81.021
-81.019
-80.968
-80.968
-80.951
-80.968
-81.003
-80.933
-80.912
-80.903
-80.881
-80.939
-80.903
-80.926
-80.961
-80.896
-80.932
-80.894
-80.978
-80.945
-80.897
-80.944
-80.941
-80.891
-80.785
-80.761
-80.815
-80.777
-80.688
-80.765
-80.75
-80.81
-80.774
-80.711
-80.796
-80.75
-80.777
-80.751
-80.832
-80.76
-80.847
-80.857
-80.84
-80.787
-80.735
-80.658
-80.73
-80.814
-80.775
-80.838
-80.868
-80.873
-80.822
-80.836
-80.857
-80.866
-80.867
-80.872
-80.841
-80.878
-80.888
-80.93
-80.996
-80.927
-80.887
-80.772
-80.842
-80.761
-80.794
-80.78
-80.773
-80.763
-80.847
-80.854
-80.779
-80.723
-80.725
-80.701
-80.746
-80.761
-80.733
-80.783
-80.875
-80.907
-80.895
-80.941
-80.921
-80.938
-80.978
-81.032
-81.039
-81.063
-81.044
-81.069
-81.1
-81.016
-80.983
-80.997
-80.979
-80.983
-81.048
-81.151
-81.184
-81.29
-81.273
-81.287
-81.398
-81.361
-81.223
-81.224
-81.216
-81.256
-81.304
-81.298
-81.287
-81.325
-81.363
-81.261
-81.294
-81.199
-81.079
-80.942
-80.874
-80.923
-80.92
-80.94
-80.983
-80.948
-80.974
-81.001
-81.012
-81.063
-80.996
-81.009
-80.995
-80.985
-80.876
-80.863
-80.912
-81.057
-81.053
-81.037
-81.031
-81.02
-81
-80.989
-80.992
-80.957
-81.004
-81.006
-80.984
-80.973
-81.004
-81.015
-81.04
-81.005
-81.014
-80.97
-81.032
-80.976
-80.985
-80.977
-80.983
-81.032
-81.042
-81.156
-81.284
-81.255
-81.195
-81.177
-81.223
-81.177
-81.217
-81.21
-81.21
-81.202
-81.211
-81.318
-81.415
-81.429
-81.431
-81.404
-81.424
-81.385
-81.422
-81.335
-81.361
-81.302
-81.314
-81.323
-81.409
-81.369
-81.361
-81.311
-81.269
-81.28
-81.242
-81.269
-81.165
-81.162
-81.169
-81.188
-81.191
-81.223
-81.176
-81.147
-81.266
-81.294
-81.38
-81.389
-81.388
-81.485
-81.512
-81.589
-81.507
-81.548
-81.598
-81.602
-81.601
-81.555
-81.49
-81.47
-81.41
-81.426
-81.466
-81.469
-81.4
-81.369
-81.317
-81.335
-81.31
-81.221
-81.233
-81.219
-81.231
-81.287
-81.255
-81.352
-81.439
-81.337
-81.369
-81.369
-81.36
-81.471
-81.487
-81.476
-81.471
-81.444
-81.411
-81.455
-81.483
-81.5
-81.458
-81.412
-81.385
-81.425
-81.415
-81.544
-81.59
-81.545
-81.586
-81.571
-81.486
-81.463
-81.557
-81.54
-81.518
-81.481
-81.388
-81.363
-81.416
-81.384
-81.268
-81.182
-81.132
-81.111
-81.1
-81.036
-81.009
-81.092
-80.996
-80.898
-80.904
-80.909
-80.89
-80.834
-80.814
-80.788
-80.812
-80.828
-80.844
-80.86
-80.887
-80.891
-80.924
-80.866
-80.823
-80.836
-80.768
-80.814
-80.75
-80.685
-80.616
-80.575
-80.498
-80.533
-80.538
-80.626
-80.658
-80.633
-80.604
-80.505
-80.587
-80.582
-80.575
-80.61
-80.536
-80.495
-80.427
-80.469
-80.518
-80.396
-80.454
-80.477
-80.487
-80.476
-80.502
-80.468
-80.486
-80.473
-80.495
-80.488
-80.467
-80.541
-80.458
-80.436
-80.402
-80.524
-80.595
-80.554
-80.568
-80.574
-80.541
-80.695
-80.646
-80.682
-80.587
-80.638
-80.603
-80.557
-80.495
-80.481
-80.459
-80.558
-80.624
-80.614
-80.68
-80.685
-80.605
-80.591
-80.594
-80.563
-80.572
-80.675
-80.682
-80.676
-80.573
-80.426
-80.393
-80.428
-80.449
-80.464
-80.54
-80.543
-80.61
-80.644
-80.677
-80.685
-80.69
-80.625
-80.624
-80.623
-80.633
-80.581
-80.629
-80.566
-80.603
-80.595
-80.581
-80.672
-80.795
-80.88
-80.939
-80.879
-80.878
-80.921
-80.828
-80.861
-80.858
-80.851
-80.773
-80.766
-80.775
-80.699
-80.714
-80.684
-80.741
-80.718
-80.702
-80.791
-80.871
-80.846
-80.813
-80.846
-80.871
-80.717
-80.726
-80.704
-80.721
-80.684
-80.674
-80.709
-80.645
-80.516
-80.475
-80.468
-80.499
-80.521
-80.517
-80.525
-80.461
-80.497
-80.485
-80.598
-80.539
-80.487
-80.512
-80.531
-80.475
-80.557
-80.569
-80.579
-80.504
-80.577
-80.641
-80.591
-80.599
-80.651
-80.617
-80.589
-80.517
-80.5
-80.476
-80.544
-80.584
-80.675
-80.659
-80.8
-80.844
-80.8
-80.838
-80.734
-80.76
-80.647
-80.65
-80.578
-80.61
-80.623
-80.626
-80.678
-80.726
-80.707
-80.747
-80.693
-80.695
-80.739
-80.698
-80.686
-80.693
-80.727
-80.688
-80.812
-80.732
-80.713
-80.72
-80.776
-80.682
-80.709
-80.671
