-80.123
-80.202
-79.929
-80.273
-80.342
-80.383
-80.444
-80.158
-80.322
-80.308
-80.343
-80.467
-80.301
-80.391
-80.272
-79.988
-79.997
-79.924
-80.038
-79.729
-79.794
-79.786
-79.713
-79.823
-80.032
-79.909
-79.999
-79.845
-79.697
-79.698
-79.438
-79.306
-79.455
-79.633
-79.876
-79.769
-79.619
-80.079
-80.003
-80.087
-80.24
-79.79
-79.529
-79.948
-80.077
-79.878
-80.076
-79.84
-79.998
-80.055
-79.929
-80.091
-80.092
-80.197
-80.102
-80.143
-79.86
-79.861
-79.857
-79.979
-80.123
-79.933
-79.81
-80.013
-79.872
-79.851
-79.945
-79.829
-79.754
-79.881
-79.889
-79.931
-79.938
-79.985
-79.923
-79.713
-79.683
-80.178
-80.26
-80.341
-80.426
-80.332
-80.516
-80.599
-80.414
-80.337
-80.476
-80.203
-80.228
-80.259
-80.147
-79.95
-79.788
-79.99
-80.151
-79.868
-79.838
-79.659
-79.625
-79.786
-79.723
-79.695
-79.684
-79.835
-79.93
-79.914
-79.975
-79.949
-80.065
-80.113
-79.865
-79.768
-79.851
-79.966
-79.565
-79.556
-79.727
-79.702
-79.872
-79.818
-79.902
-79.727
-79.732
-79.761
-79.94
-79.793
-79.68
-79.714
-79.624
-79.713
-79.678
-79.507
-79.545
-79.547
-79.569
-79.563
-80.153
-79.96
-80.005
-79.99
-80.032
-80.152
-80.063
-79.974
-80.34
-80.318
-80.226
-80.038
-79.831
-79.562
-79.556
-79.584
-79.142
-79.363
-79.454
-79.617
-79.531
-79.471
-79.741
-79.753
-79.647
-80.04
-80.081
-80.331
-80.406
-80.276
-80.08
-80.212
-80.272
-80.385
-80.294
-80.207
-80.228
-80.243
-80.098
-80.13
-80.119
-80.375
-80.581
-80.52
-80.357
-80.467
-80.502
-80.469
-80.369
-80.582
-80.522
-80.566
-80.581
-80.545
-80.363
-80.292
-80.269
-80.051
-79.983
-80.121
-79.88
-79.898
-80.168
-80.178
-80.277
-80.267
-80.207
-79.789
-79.563
-79.431
-79.185
-79.083
-78.898
-78.857
-79.088
-79.009
-78.946
-79.034
-78.896
-79.129
-79.367
-79.349
-79.258
-79.193
-79.655
-79.518
-79.538
-79.705
-79.77
-79.906
-79.782
-79.796
-79.771
-79.927
-80.234
-80.458
-80.523
-80.506
-80.164
-80.136
-80.235
-80.064
-80.276
-80.416
-80.644
-80.732
-80.911
-81.052
-81.038
-81.062
-81.046
-81.024
-81.373
-81.318
-81.263
-81
-80.768
-80.719
-80.615
-80.684
-80.599
-80.659
-80.775
-80.519
-80.631
-80.583
-80.253
-80.369
-80.174
-80.097
-80.322
-80.243
-80.383
-80.07
-79.83
-79.877
-80.032
-80.187
-79.982
-80.035
-80.061
-79.887
-80.019
-79.757
-79.503
-79.524
-79.629
-79.656
-79.67
-79.867
-79.787
-79.501
-79.582
-79.313
-79.03
-78.875
-78.749
-79.063
-78.952
-78.981
-79.166
-79.384
-79.223
-78.995
-78.769
-78.7
-78.125
-78.257
-78.329
-78.208
-78.285
-78.335
-78.407
-78.442
-78.345
-78.274
-78.226
-78.188
-78.23
-78.21
-78.427
-78.303
-78.38
-78.417
-78.457
-78.346
-78.37
-78.373
-78.376
-78.278
-78.592
-78.41
-78.107
-78.164
-78.274
-78.325
-78.769
-78.733
-78.869
-78.729
-78.781
-78.835
-78.908
-79.011
-79.067
-79.176
-79.402
-79.32
-79.364
-79.25
-79.427
-79.095
-79.268
-79.315
-79.384
-79.531
-79.713
-79.495
-79.79
-80.004
-80.28
-80.466
-80.384
-80.166
-79.869
-80.096
-80.161
-80.1
-80.32
-80.012
-79.858
-79.941
-79.971
-79.627
-79.483
-79.487
-79.478
-79.577
-79.93
-80.127
-80.271
-80.127
-80.245
-80.356
-80.017
-79.971
-79.913
-80.098
-80.006
-79.938
-80.037
-79.916
-79.827
-79.815
-79.997
-80.293
-79.956
-79.831
-79.647
-79.732
-80.006
-80.1
-79.935
-79.822
-79.98
-79.944
-79.793
-79.797
-79.52
-79.645
-79.517
-79.393
-79.155
-79.233
-79.139
-79.13
-78.912
-79.175
-79.048
-79.084
-79.221
-79.331
-79.295
-79.803
-79.771
-79.504
-79.508
-79.527
-79.505
-79.553
-79.476
-79.607
-79.398
-79.299
-79.086
-79.079
-78.872
-78.854
-78.732
-78.807
-78.796
-78.615
-78.726
-78.763
-78.46
-78.494
-78.274
-78.299
-78.336
-78.071
-78.171
-77.946
-78.271
-78.052
-77.957
-78.15
-78.126
-78.082
-78.054
-78.299
-78.465
-78.265
-78.315
-78.548
-78.493
-78.335
-78.195
-78.621
-78.704
-78.905
-78.615
-78.479
-78.304
-78.186
-78.213
-78.15
-78.172
-78.229
-77.968
-78.111
-77.876
-77.709
-77.664
-77.7
-77.977
-78.201
-78.451
-78.51
-78.528
-78.522
-78.358
-78.54
-78.404
-78.275
-78.317
-78.347
-78.342
-78.4
-78.369
-78.453
-78.515
-78.287
-78.15
-78.293
-78.445
-78.742
-78.852
-79.362
-79.444
-79.566
-79.918
-79.823
-79.753
-79.487
-79.717
-79.69
-79.847
-79.879
-80.149
-80.097
-80.375
-80.209
-80.416
-80.068
-80.346
-80.253
-80.276
-80.283
-80.034
-80.216
-80.185
-80.131
-80.326
-80.169
-79.955
-80.09
-80.04
-80.06
-80.165
-79.972
-80.116
-79.927
-79.765
-79.748
-79.72
-79.686
-79.879
-79.693
-79.638
-79.796
-79.798
-79.818
-79.62
-79.796
-79.745
-80.024
-80.035
-80.112
-80.004
-80.072
-80.142
-79.773
-79.68
-79.93
-79.586
-79.758
-79.808
-80.081
-80.237
-80.352
-80.124
-80.366
-80.536
-80.127
-79.964
-79.984
-80
-79.726
-79.786
-79.588
-79.696
-79.718
-79.655
-79.794
-79.897
-79.82
-79.916
-80.139
-79.985
-80.189
-80.133
-80.038
-79.993
-79.937
-79.828
-79.956
-79.894
-79.807
-80.089
-80.072
-80.014
-80.06
-80.21
-80.44
-80.33
-80.323
-80.241
-80.426
-80.348
-80.267
-79.808
-79.831
-79.931
-80.129
-80.202
-79.914
-79.938
-80.045
-79.984
-79.982
-79.963
-79.884
-79.947
-79.536
-79.47
-79.558
-79.701
-79.765
-79.512
-79.547
-79.614
-79.742
-79.783
-79.758
-79.734
-79.978
-79.755
-79.854
-79.718
-79.604
-79.526
-79.532
-79.782
-79.838
-79.731
-79.585
-79.756
-79.848
-79.865
-79.9
-79.838
-79.801
-79.932
-79.728
-79.698
-79.639
-79.599
-79.594
-79.748
-79.781
-79.87
-79.578
-79.674
-79.838
-79.647
-80.006
-80.01
-80.094
-80
-80.141
-79.843
-79.974
-79.968
-79.851
-79.815
-79.83
-79.791
-79.751
-79.628
-79.978
-80.223
-80.126
-79.999
-79.944
-80.09
-80.209
-80.069
-80.046
-80.048
-79.981
-79.994
-80.144
-80.106
-80.068
-79.93
-79.905
-79.974
-79.953
-79.988
-80.058
-79.811
-79.926
-80.039
-80.253
-80.29
-80.083
-80.452
-80.346
-80.189
-80.151
-80.047
-80.079
-79.808
-79.976
-80.106
-80.14
-79.938
-79.858
-80.028
-80.112
-80.124
-79.951
-79.985
-79.857
-80.063
-80.134
-80.07
-80.154
-79.846
-79.895
-79.736
-79.773
-79.898
-80.036
-79.854
-79.87
-79.782
-79.676
-79.807
-79.821
-79.602
-79.649
-79.937
-80.08
-80.12
-79.907
-80.053
-79.868
-79.83
-79.626
-79.517
-79.539
-79.325
-79.001
-79.042
-79.027
-79.179
-79.197
-79.34
-79.378
-79.488
-79.351
-79.426
-79.392
-79.282
-79.388
-78.978
-78.896
-79.125
-78.946
-79.118
-79.266
-79.268
-79.63
-79.576
-79.499
-79.439
-79.356
-79.302
-79.394
-79.424
-79.25
-79.642
-79.552
-79.643
-79.804
-79.686
-79.843
-79.485
-79.21
-79.212
-79.157
-78.909
-79.047
-79.436
-79.284
-79.492
-79.707
-79.791
-79.913
-79.852
-79.913
-79.879
-80.087
-80.188
-79.959
-79.907
-79.691
-79.906
-80.006
-80.185
-80.248
-80.129
-80.09
-79.907
-79.996
-79.894
-79.985
-79.957
-80.075
-80.044
-79.9
-79.966
-79.863
-79.651
-79.53
-79.812
-79.928
-79.649
-79.69
-79.667
-79.593
-79.816
-79.714
-79.476
-79.593
-79.759
-79.722
-79.563
-79.4
-79.506
-79.708
-79.77
-79.771
-79.837
-79.974
-80.033
-80.072
-79.861
-79.799
-79.854
-79.685
-79.76
-79.849
-79.673
-79.691
-79.63
-79.628
-79.924
-79.732
-79.716
-79.612
-79.64
-79.373
-79.309
-79.797
-80.044
-79.853
-79.988
-79.837
-79.561
-79.4
-79.803
-79.735
-79.804
-79.92
-79.851
-80.029
-80.136
-80.196
-80.068
-80.059
-79.929
-79.816
-79.708
-79.735
-79.735
-79.54
-79.494
-79.566
-79.704
-79.763
-79.832
-79.961
-80.045
-80.047
-80.156
-79.895
-79.894
-79.781
-79.767
-79.628
-79.448
-79.502
-79.342
-79.184
-79.014
-78.959
-79.128
-79.296
-79.175
-79.329
-79.19
-79.37
-79.497
-79.293
-79.652
-79.68
-79.847
-80.228
-80.079
-80.197
-80.23
-80.198
-80.183
-80.288
-80.602
-80.518
-80.448
-80.35
-80.358
-80.202
-80.077
-80.22
-80.35
-80.348
-80.092
-80.205
-80.355
-80.009
-80.059
-80.192
-80.195
-80.37
-80.321
-80.134
-80.144
-80.197
-80.174
-80.118
-79.934
-80.072
-80.168
-79.965
-80.124
-79.844
-79.681
-79.81
-80.192
-80.087
-80.087
-79.933
-79.828
-79.785
-80.129
-80.127
-80.192
-80.253
-80.146
-80.06
-80.123
-79.812
-79.622
-79.82
-79.799
-79.494
-79.517
-79.731
-79.831
-79.917
-79.651
-79.517
-79.797
-79.68
-79.456
-79.392
-79.136
-79.095
-79.536
-79.5
-79.537
-79.689
-79.558
-79.649
-79.801
-79.782
-79.913
-79.746
-79.786
-79.886
-79.859
-79.917
-80.034
-80.28
-80.09
