-77.508
-77.516
-77.533
-77.576
-77.587
-77.716
-77.527
-77.829
-77.763
-77.78
-77.696
-77.506
-77.787
-77.538
-77.372
-77.411
-77.634
-77.482
-77.381
-77.32
-77.569
-77.397
-77.481
-77.632
-77.588
-77.483
-77.396
-77.377
-77.404
-77.462
-77.564
-77.732
-77.841
-77.719
-77.767
-77.878
-77.715
-77.816
-77.755
-77.803
-77.65
-77.803
-77.716
-77.289
-77.37
-77.225
-76.914
-77.051
-76.959
-77.257
-77.583
-77.711
-77.83
-77.776
-77.84
-77.485
-77.48
-77.464
-77.532
-77.609
-77.695
-77.889
-77.895
-77.901
-77.8
-77.662
-77.584
-77.604
-77.474
-77.251
-77.342
-76.966
-77.003
-77.174
-77.205
-77.281
-77.335
-77.323
-77.187
-77.157
-76.89
-76.718
-76.535
-76.618
-76.723
-76.91
-77.224
-77.113
-77.076
-76.99
-76.974
-77.216
-77.128
-77.339
-77.314
-77.547
-77.542
-77.573
-77.634
-77.535
-77.498
-77.415
-77.478
-77.4
-77.512
-77.751
-77.928
-78.241
-78.408
-78.352
-78.303
-78.495
-78.453
-78.627
-78.749
-78.917
-79
-78.78
-78.71
-78.662
-78.549
-78.531
-78.608
-78.843
-78.933
-79.075
-78.928
-78.995
-79.1
-79.054
-78.808
-78.792
-79.003
-79.062
-79.149
-78.771
-78.499
-78.815
-78.941
-78.664
-78.692
-78.832
-78.445
-78.414
-78.58
-78.529
-78.45
-78.533
-78.645
-78.499
-78.804
-79.067
-79.286
-79.549
-79.645
-79.74
-79.465
-79.542
-79.461
-79.54
-79.386
-79.448
-79.499
-79.418
-79.768
-79.546
-79.595
-79.299
-79.243
-79.559
-79.612
-79.6
-79.944
-80.002
-80.126
-80.316
-80.39
-80.644
-80.68
-80.688
-80.691
-80.879
-81.016
-80.918
-80.892
-80.987
-80.936
-80.902
-80.664
-80.766
-80.703
-80.412
-80.303
-80.291
-80.432
-80.395
-80.339
-80.282
-80.367
-80.394
-80.634
-80.947
-80.835
-80.606
-80.653
-80.773
-81.009
-81.032
-81.362
-81.792
-81.773
-81.451
-81.733
-81.593
-81.72
-81.438
-81.426
-81.592
-81.651
-81.513
-81.439
-81.845
-82.039
-82.046
-82.032
-82.201
-82.278
-82.61
-82.686
-82.898
-82.919
-82.881
-82.821
-82.899
-82.827
-82.832
-82.877
-82.635
-82.792
-82.831
-82.857
-82.871
-82.889
-83.005
-83.251
-82.862
-82.926
-83.064
-82.991
-83.325
-83.202
-83.13
-83.147
-83.106
-83.374
-83.396
-83.489
-83.343
-83.307
-83.65
-83.249
-83.309
-83.294
-83.346
-83.192
-83.278
-83.256
-83.081
-83.327
-83.357
-83.309
-83.411
-83.554
-83.768
-83.686
-84.151
-84.381
-84.328
-84.601
-84.611
-84.621
-84.616
-84.744
-84.859
-84.947
-85.114
-85.236
-85.173
-85.434
-85.349
-85.325
-85.188
-85.037
-85.141
-84.97
-84.988
-85.077
-84.845
-84.606
-84.573
-84.556
-84.521
-84.528
-84.786
-84.797
-84.737
-84.584
-84.154
-84.164
-84.236
-84.368
-84.57
-84.768
-84.892
-84.825
-84.666
-84.367
-83.798
-83.754
-83.703
-83.783
-83.519
-83.675
-83.634
-83.582
-83.864
-84.223
-84.38
-84.685
-84.67
-84.727
-84.762
-84.614
-84.429
-84.634
-84.852
-84.896
-84.899
-85.041
-84.752
-84.312
-84.43
-84.249
-84.234
-84.497
-84.592
-84.639
-84.852
-84.921
-85.03
-85.063
-84.741
-84.664
-84.541
-84.545
-84.662
-84.741
-84.861
-84.695
-84.545
-84.145
-84.039
-84.047
-84.26
-84.327
-84.058
-84.048
-83.706
-83.499
-83.591
-83.494
-83.85
-83.47
-83.45
-83.372
-83.684
-83.509
-83.505
-83.873
-83.707
-83.677
-83.823
-84.006
-84.227
-83.989
-84.155
-84.494
-84.597
-84.666
-84.443
-84.44
-84.185
-84.121
-84.145
-84.096
-84.092
-84.109
-84.261
-83.972
-83.807
-83.77
-83.587
-83.328
-83.633
-83.712
-83.776
-83.83
-83.934
-84.295
-84.331
-84.297
-84.181
-84.152
-83.993
-83.671
-83.582
-83.33
-83.496
-83.768
-83.81
-83.6
-83.756
-83.617
-83.721
-83.841
-83.864
-83.78
-83.661
-83.513
-83.532
-83.545
-83.586
-83.719
-83.593
-83.49
-83.138
-83.021
-82.899
-82.738
-82.812
-83.004
-82.749
-82.554
-82.419
-82.299
-82.295
-82.36
-82.25
-82.229
-82.169
-82.092
-82.331
-82.349
-82.554
-82.335
-82.604
-82.862
-82.787
-82.894
-82.917
-82.99
-82.849
-82.929
-82.897
-82.974
-82.765
-82.834
-82.851
-82.682
-82.734
-82.666
-82.532
-82.257
-82.343
-82.268
-82.142
-82.369
-82.369
-82.222
-82.21
-82.048
-82.053
-81.994
-81.933
-81.671
-81.717
-81.508
-81.296
-81.365
-81.357
-81.359
-81.305
-81.243
-81.32
-81.484
-81.617
-81.563
-81.571
-81.496
-81.401
-81.497
-81.64
-81.818
-81.733
-81.793
-81.694
-81.625
-81.639
-81.758
-81.565
-81.587
-81.408
-81.417
-81.433
-81.339
-81.488
-81.393
-81.687
-81.79
-82.266
-82.554
-82.542
-82.609
-82.499
-82.136
-82.258
-82.176
-82.153
-81.852
-81.865
-81.881
-81.54
-81.749
-81.614
-81.657
-81.816
-81.612
-81.633
-81.431
-81.31
-81.278
-81.196
-81.339
-81.45
-81.423
-81.314
-81.076
-80.937
-80.77
-80.229
-79.752
-79.364
-78.864
-78.589
-78.186
-77.686
-77.61
-77.355
-76.943
-76.576
-76.194
-75.916
-75.576
-75.526
-75.093
-75.056
-74.822
-74.356
-74.026
-73.916
-73.627
-73.82
-73.756
-73.813
-73.589
-73.445
-73.276
-72.976
-72.62
-72.664
-72.918
-72.837
-73.088
-72.984
-72.662
-72.761
-72.599
-72.454
-72.326
-72.429
-72.182
-72.008
-72.073
-72.206
-71.965
-72.049
-72.237
-72.095
-72.076
-72.077
-71.872
-71.844
-71.426
-71.041
-70.509
-70.108
-69.632
-69.384
-69.54
-69.211
-69.078
-68.877
-68.424
-68.122
-67.877
-67.418
-67.381
-67.066
-67.096
-66.881
-66.385
-65.808
-65.456
-65.075
-64.719
-64.167
-63.532
-63.182
-62.807
-62.258
-62.099
-61.866
-61.903
-61.499
-61.314
-61.371
-61.292
-61.04
-60.986
-61.166
-61.348
-61.352
-61.075
-60.921
-60.569
-60.666
-60.283
-60.529
-60.442
-60.613
-60.608
-60.485
-60.568
-60.517
-60.654
-60.558
-60.557
-60.481
-60.627
-60.57
-60.567
-60.417
-60.283
-60.123
-60.492
-60.28
-60.489
-60.294
-60.282
-60.368
-60.163
-60.282
-60.404
-60.252
-60.306
-60.275
-60.378
-60.085
-60.138
-60.366
-60.438
-60.368
-60.467
-60.527
-60.806
-60.814
-60.425
-60.389
-60.659
-60.727
-60.733
-60.875
-60.705
-60.723
-60.505
-60.462
-60.533
-60.709
-60.64
-60.721
-60.773
-60.968
-60.94
-60.944
-60.786
-60.711
-60.644
-60.704
-60.784
-60.773
-60.992
-61.283
-61.125
-61.153
-61.033
-60.85
-60.494
-60.651
-60.535
-60.253
-60.273
-60.61
-60.582
-60.703
-60.593
-60.562
-60.653
-60.576
-60.348
-60.227
-60.137
-60.115
-60.189
-60.465
-60.667
-60.456
-60.445
-60.39
-60.434
-60.303
-60.581
-60.534
-60.66
-60.65
-60.776
-60.566
-60.639
-60.688
-60.775
-60.625
-60.522
-60.368
-60.498
-60.751
-60.764
-60.774
-60.513
-60.509
-60.261
-60.502
-60.432
-60.123
-60.288
-60.278
-60.32
-60.215
-60.52
-60.519
-60.325
-59.953
-59.742
-59.664
-59.495
-59.395
-59.401
-59.502
-59.208
-59.096
-58.811
-58.821
-58.726
-58.566
-58.351
-58.248
-58.296
-58.054
-57.923
-57.869
-58.052
-57.929
-57.906
-57.73
-57.35
-57.285
-57.034
-56.802
-56.56
-56.333
-56.13
-55.839
-55.621
-55.152
-54.607
-53.852
-53.36
-52.689
-51.698
-50.085
-47.271
-45
-45
-45
-45
-45
-45
-45
-45
-45
-45
-45
-45
-45
-45
-50.613
-57.385
-62.742
-66.424
-68.868
-70.313
-71.456
-72.339
-72.7
-73.091
-73.497
-73.918
-74.4
-74.572
-74.712
-74.922
-75.02
-75.275
-75.186
-75.339
-75.605
-75.61
-75.594
-75.688
-75.742
-75.712
-75.892
-75.981
-76.05
-76.206
-76.454
-76.329
-76.31
-76.42
-76.537
-76.608
-76.724
-76.86
-76.915
-77.2
-77.26
-77.286
-77.516
-77.325
-77.454
-77.253
-77.478
-77.525
-77.597
-77.539
-77.266
-77.445
-77.358
-77.41
-77.565
-77.757
-77.817
-78.071
-78.039
-78.291
-78.233
-78.31
-78.559
-78.342
-78.521
-78.345
-78.464
-78.61
-78.658
-78.599
-78.506
-78.365
-78.294
-78.112
-78.343
-78.387
-78.3
-78.48
-78.228
-78.404
-78.288
-78.419
-78.209
-77.918
-77.986
-78.105
-77.86
-77.753
-77.875
-77.832
-77.75
-77.968
-78.337
-78.505
-78.347
-78.428
-78.401
-78.287
-78.143
-78.103
-77.985
-77.928
-77.717
-77.972
-78.471
-78.39
-78.21
-78.272
-77.903
-78.137
-78.082
-78.027
-77.914
-77.84
-77.948
-78.207
-78.438
-78.572
-78.752
-78.716
-78.925
-79.011
-78.807
-78.915
-78.971
-79.02
-79.178
-79.377
-79.63
-79.681
-79.624
-79.772
-79.753
-79.98
-79.649
-79.691
-79.44
-79.857
-79.823
-80.112
-80.216
-80.162
-79.988
-79.978
-80.011
-80.181
-80.218
-80.328
-80.338
-80.239
-80.603
-80.501
-80.43
-80.579
-80.332
-80.632
-80.527
-80.449
-80.415
-80.312
-80.287
-80.486
-80.529
-80.54
-80.396
-80.602
-80.63
-80.667
-80.509
-80.306
-80.258
-80.411
-80.572
-80.785
-80.557
-80.722
-80.88
-80.964
