-75.444
-75.422
-75.511
-75.681
-75.834
-75.944
-76.222
-76.321
-76.422
-76.409
-76.589
-76.617
-76.507
-76.458
-76.933
-76.753
-76.928
-77.022
-77.099
-77.029
-77.025
-77.316
-77.423
-77.235
-77.409
-77.55
-77.785
-77.826
-78.24
-78.555
-79.004
-79.062
-79.27
-79.269
-79.298
-79.545
-79.734
-80.089
-79.953
-79.795
-79.993
-79.807
-79.839
-79.861
-80
-80.245
-80.059
-80.21
-79.977
-79.843
-79.993
-80.049
-79.908
-79.95
-80.083
-79.919
-79.921
-79.907
-79.844
-80.065
-80.154
-79.97
-79.886
-79.682
-79.738
-79.936
-80.024
-79.955
-79.919
-79.989
-80.036
-79.719
-79.831
-79.942
-79.717
-79.568
-79.668
-79.727
-79.769
-79.68
-79.627
-79.461
-79.924
-79.962
-80.084
-79.988
-79.934
-80.143
-79.927
-79.917
-80.054
-80.173
-80.076
-79.898
-79.865
-79.734
-79.837
-79.811
-79.679
-79.885
-79.656
-79.456
-79.588
-79.475
-79.465
-79.301
-79.28
-79.285
-79.376
-79.582
-79.767
-79.81
-79.528
-79.721
-79.717
-79.642
-79.659
-79.727
-79.738
-79.76
-79.978
-80.041
-80.109
-80.104
-79.859
-79.636
-79.553
-79.533
-79.568
-79.527
-79.432
-79.656
-79.724
-79.692
-80.102
-80.132
-79.997
-79.91
-79.642
-79.71
-79.975
-79.839
-80.134
-80.119
-79.985
-79.714
-79.832
-79.737
-79.582
-79.616
-79.512
-79.196
-78.972
-79.023
-79.102
-79.111
-79.429
-79.388
-79.381
-79.666
-79.688
-79.801
-79.669
-79.51
-79.569
-79.698
-79.806
-79.892
-79.95
-79.923
-80.007
-79.833
-79.921
-79.593
-79.468
-79.378
-79.451
-79.719
-79.866
-79.775
-79.631
-79.803
-79.827
-80.119
-80.056
-80.164
-79.786
-79.811
-79.985
-80.112
-80.035
-80.233
-80.199
-80.207
-80.117
-80.054
-80.508
-80.773
-80.707
-80.869
-80.686
-80.741
-80.464
-80.216
-80.136
-80.156
-79.712
-79.803
-79.824
-79.987
-80.257
-79.999
-79.914
-79.895
-79.79
-79.836
-79.926
-79.901
-80
-80.131
-80.095
-80.28
-80.382
-80.142
-79.997
-79.969
-80.211
-80.07
-79.954
-79.855
-79.99
-79.838
-79.917
-80.19
-80.213
-80.09
-80.185
-80.133
-80.134
-80.14
-80.132
-80.279
-80.434
-80.264
-80.226
-80.389
-80.172
-80.531
-80.618
-80.532
-80.439
-80.231
-80.073
-80.098
-80.096
-80.206
-79.955
-80.1
-79.734
-79.659
-79.787
-79.606
-79.76
-79.652
-79.471
-79.258
-79.463
-79.581
-79.811
-79.878
-79.75
-79.825
-79.518
-79.434
-79.603
-79.707
-79.714
-79.679
-79.698
-79.738
-79.796
-79.767
-79.702
-79.782
-79.562
-79.686
-79.612
-79.803
-79.606
-79.469
-79.416
-79.594
-79.695
-79.644
-79.611
-79.587
-79.243
-79.316
-79.071
-79.205
-79.476
-79.596
-79.389
-79.692
-79.747
-79.798
-80.045
-79.986
-79.957
-79.89
-79.904
-79.968
-79.796
-79.784
-79.628
-79.761
-79.756
-79.72
-79.456
-79.138
-79.058
-79.259
-79.119
-78.929
-79.203
-79.194
-79.267
-79.199
-79.159
-78.901
-78.718
-78.592
-78.536
-78.651
-78.598
-78.618
-78.77
-78.808
-78.687
-78.727
-78.511
-78.448
-78.523
-78.589
-78.437
-78.34
-78.625
-78.435
-78.635
-78.658
-78.613
-78.354
-78.535
-78.413
-78.432
-78.432
-78.276
-78.455
-78.44
-78.626
-78.352
-78.364
-78.273
-78.584
-78.441
-78.464
-78.645
-78.438
-78.406
-78.613
-78.554
-78.68
-78.599
-78.442
-78.751
-78.75
-78.672
-78.746
-78.359
-78.537
-78.229
-78.157
-78.427
-78.541
-78.72
-78.494
-78.833
-78.708
-78.896
-78.711
-78.994
-79.217
-79.028
-78.759
-78.72
-78.702
-78.591
-78.511
-78.394
-78.233
-78.032
-78.03
-78.117
-78.299
-78.28
-78.372
-78.439
-78.241
-78.268
-78.175
-78.11
-78.099
-77.951
-77.718
-77.69
-77.686
-77.74
-77.547
-77.37
-77.292
-77.085
-77.07
-76.945
-76.786
-76.458
-76.723
-76.918
-76.938
-77.062
-77.207
-77.203
-77.096
-77.007
-76.87
-76.778
-77.023
-77.268
-77.413
-77.487
-77.477
-77.379
-77.571
-77.543
-77.742
-77.641
-77.727
-77.693
-77.67
-77.53
-77.394
-77.488
-77.468
-77.578
-77.312
-77.387
-77.216
-77.242
-77.249
-77.243
-77.295
-77.159
-76.951
-76.831
-77.048
-76.722
-76.764
-76.935
-76.773
-76.731
-76.767
-76.731
-76.817
-76.936
-76.972
-76.992
-77.019
-77.128
-77.28
-77.238
-77.246
-77.069
-76.629
-76.857
-76.774
-76.981
-77.012
-77.196
-77.253
-77.046
-77.009
-76.709
-76.804
-76.912
-76.99
-76.987
-76.927
-76.867
-76.597
-76.841
-76.865
-76.699
-76.892
-76.834
-76.842
-77.089
-77.157
-77.12
-77.157
-77.139
-76.914
-76.849
-76.794
-76.853
-76.621
-76.542
-76.803
-77.599
-78.106
-78.727
-78.93
-79.009
-79.103
-79.436
-79.77
-79.658
-79.54
-79.85
-80.013
-79.894
-79.868
-79.924
-79.893
-79.989
-80.086
-80.262
-80.206
-80.019
-80.157
-79.954
-79.818
-79.411
-78.775
-78.223
-77.891
-77.695
-77.501
-77.46
-77.303
-77.235
-77.335
-77.371
-77.368
-77.496
-77.645
-77.573
-77.445
-77.485
-77.646
-77.795
-77.7
-77.755
-78.08
-78.324
-78.487
-78.617
-78.744
-78.832
-78.524
-78.154
-77.83
-77.356
-76.937
-76.713
-76.556
-76.42
-76.566
-76.677
-76.791
-76.753
-76.755
-76.849
-76.807
-76.658
-76.832
-76.985
-77.038
-77.193
-77.114
-77.176
-77.36
-77.622
-77.853
-78.082
-77.959
-78.176
-78.405
-78.323
-78.211
-78.292
-78.297
-78.331
-78.476
-78.539
-78.574
-78.789
-79.088
-79.187
-78.93
-79.042
-79.061
-78.936
-78.934
-78.963
-78.555
-78.682
-78.591
-78.685
-78.873
-79.177
-79.318
-79.212
-79.101
-79.108
-78.895
-78.931
-79.129
-79.306
-79.511
-79.924
-80.045
-79.901
-79.935
-80.103
-80.115
-80.059
-79.807
-79.907
-79.914
-79.512
-79.677
-79.858
-79.877
-80.116
-79.952
-79.726
-79.793
-79.732
-80.265
-80.139
-80.149
-80.149
-80.252
-80.369
-80.347
-79.763
-79.857
-79.638
-79.625
-79.586
-79.665
-79.513
-79.859
-79.652
-79.529
-79.452
-79.47
-79.664
-79.692
-79.656
-79.512
-79.607
-79.606
-79.7
-79.645
-79.663
-79.405
-79.303
-79.551
-79.718
-79.445
-79.645
-79.701
-79.568
-79.681
-79.815
-79.914
-80.111
-80.171
-80.017
-80.212
-80.311
-80.256
-80.369
-80.31
-80.061
-79.943
-80.202
-79.802
-79.941
-80.019
-80.056
-79.887
-79.881
-80.225
-80.198
-80.171
-80.367
-80.152
-80.342
-80.363
-80.238
-80.332
-80.202
-80.125
-80.066
-80.319
-80.339
-80.262
-80.086
-80.184
-80.308
-80.171
-80.043
-80.104
-80.133
-80.255
-80.319
-80.377
-80.208
-80.011
-79.735
-79.603
-79.553
-79.558
-79.462
-79.354
-79.645
-79.746
-79.794
-79.857
-79.671
-79.288
-79.234
-79.221
-79.303
-79.135
-79.205
-79.346
-79.087
-79.091
-79.279
-79.332
-79.387
-79.278
-79.445
-79.611
-79.524
-79.551
-79.425
-79.256
-79.519
-79.424
-79.665
-79.531
-79.504
-79.758
-79.521
-79.449
-79.506
-79.57
-79.59
-79.604
-79.586
-79.692
-79.729
-79.562
-79.294
-79.447
-79.418
-79.529
-79.503
-79.481
-79.536
-79.455
-79.607
-79.631
-79.864
-79.97
-79.92
-79.807
-79.514
-79.658
-79.483
-79.389
-79.25
-79.108
-79.237
-79.359
-79.339
-79.453
-79.412
-79.498
-79.264
-79.452
-79.455
-79.352
-79.626
-79.736
-79.662
-79.724
-79.69
-79.643
-79.801
-79.91
-79.944
-80.149
-80.053
-80.125
-80.034
-79.76
-79.664
-79.873
-79.803
-79.911
-79.91
-80.191
-79.734
-79.886
-79.68
-79.514
-79.544
-79.464
-79.532
-79.494
-79.489
-79.447
-79.339
-79.36
-79.029
-79.097
-79.286
-79.622
-79.665
-79.712
-79.721
-79.888
-79.859
-79.852
-79.701
-79.685
-79.89
-79.75
-79.817
-79.793
-79.923
-80.015
-79.989
-80.104
-80.047
-79.99
-79.854
-79.707
-79.854
-79.878
-79.731
-79.935
-80.147
-80.09
-80.027
-79.863
-79.932
-79.818
-79.893
-80.027
-79.92
-79.633
-79.545
-79.898
-79.828
-79.997
-80.012
-79.867
-80.029
-80.123
-79.86
-80.122
-80.05
-80.1
-79.939
-79.852
-79.511
-79.904
-79.898
-79.657
-79.49
-79.967
-79.8
-79.809
-79.689
-79.737
-79.864
-79.821
-79.808
-79.785
-80.018
-79.956
-80.148
-79.959
-79.885
-79.862
-79.699
-79.456
-79.573
-79.298
-79.439
-79.687
-79.758
-79.78
-79.693
-79.75
-79.609
-79.983
-79.866
-80.07
-80.016
-79.996
-79.984
-79.634
-79.453
-79.376
-79.536
-79.446
-79.524
-79.446
-79.372
-79.383
-79.458
-79.535
-79.512
-79.24
-78.99
-79.179
-79.325
-79.332
-79.506
-79.388
-79.501
-79.432
-79.542
-79.408
-79.369
-79.481
-79.273
-79.509
-79.432
-79.402
-79.298
-79.006
-79.131
-79.397
-79.459
-79.439
-79.543
-79.561
-79.772
-79.997
-80.013
-80.23
-80.081
-79.965
-80.031
-79.936
-80.012
-79.911
-79.97
-80
-79.76
-79.651
-79.8
-79.923
-79.768
-79.541
-79.445
-79.412
-79.311
-79.509
-79.442
-79.398
-79.731
-79.758
-79.668
-79.55
-79.669
-79.608
-79.561
-79.774
-79.762
-79.719
-79.922
-79.66
-79.888
