-79.878
-79.858
-80.073
-80.163
-80.046
-79.928
-80.043
-79.97
-79.966
-80.236
-80.243
-80.409
-80.313
-80.21
-80.209
-80.074
-80.048
-79.985
-80.182
-80.19
-80.241
-80.264
-80.287
-79.882
-79.704
-79.652
-79.673
-79.503
-79.788
-79.776
-79.813
-79.944
-79.734
-79.679
-79.901
-80.04
-79.966
-79.902
-79.85
-79.755
-79.866
-79.9
-80.128
-80.098
-79.875
-79.971
-80.045
-80.013
-80.035
-80.083
-80.27
-80.211
-80.081
-79.868
-79.935
-79.998
-79.868
-79.832
-79.87
-79.859
-79.963
-79.976
-79.918
-79.901
-80.109
-80.184
-80.361
-80.165
-80.101
-80.179
-80.137
-80.007
-80.045
-80.129
-80.177
-80.196
-80.265
-80.175
-80.178
-80.133
-79.913
-79.902
-79.735
-79.637
-79.745
-79.707
-79.918
-79.987
-79.695
-79.77
-79.957
-80.138
-79.976
-80.217
-80.227
-80.379
-80.555
-80.287
-80.001
-79.87
-79.908
-79.815
-79.679
-79.609
-79.598
-79.529
-79.69
-79.767
-79.829
-79.816
-79.873
-79.494
-79.418
-79.417
-79.258
-79.449
-79.411
-79.807
-79.999
-79.951
-79.96
-79.785
-79.774
-79.903
-79.859
-80.069
-80.037
-80.047
-79.882
-79.992
-79.896
-79.951
-80.144
-80.275
-80.545
-80.492
-80.374
-80.385
-80.488
-80.602
-80.59
-80.294
-80.165
-80.382
-80.279
-80.406
-80.41
-80.19
-80.43
-80.371
-80.294
-80.124
-79.817
-79.971
-79.944
-79.979
-79.706
-79.61
-79.489
-79.767
-79.692
-79.821
-79.883
-80.038
-80.009
-79.956
-79.631
-79.718
-79.872
-79.958
-80.13
-80.086
-80.113
-80.178
-80.068
-80.211
-80.291
-80.181
-80.068
-79.854
-79.736
-79.682
-79.464
-79.504
-79.447
-79.578
-79.539
-79.671
-79.701
-79.4
-79.333
-79.059
-79.025
-79.086
-79.203
-79.179
-79.368
-79.491
-79.261
-79.649
-79.768
-79.447
-79.343
-79.545
-79.916
-79.595
-79.733
-79.799
-79.961
-79.708
-79.699
-79.698
-79.498
-79.576
-79.401
-79.546
-79.329
-79.321
-79.234
-79.257
-79.214
-79.439
-79.585
-79.519
-79.631
-79.691
-79.663
-79.625
-79.639
-79.809
-79.892
-80.093
-79.968
-79.816
-80.069
-80.058
-80.025
-79.788
-79.789
-79.949
-79.913
-79.865
-79.666
-79.629
-79.567
-79.588
-79.352
-79.298
-79.137
-79.07
-79.14
-79.195
-79.451
-79.473
-79.505
-79.628
-79.498
-79.617
-79.566
-79.676
-79.469
-79.17
-79.288
-78.977
-79.118
-79.015
-79.185
-78.975
-78.799
-78.824
-78.637
-78.581
-78.532
-78.583
-78.37
-78.358
-78.277
-78.311
-78.635
-78.723
-78.369
-78.656
-78.779
-78.904
-78.934
-79.116
-78.941
-79.088
-79.339
-79.55
-79.354
-79.276
-79.281
-79.088
-78.989
-78.836
-78.673
-78.392
-78.5
-78.302
-78.379
-78.042
-78.294
-78.422
-78.506
-78.521
-78.394
-78.35
-78.468
-78.498
-78.248
-78.417
-78.27
-78.249
-78.196
-78.264
-77.902
-77.91
-78.061
-78.029
-78.317
-78.346
-78.154
-78.39
-78.514
-78.43
-78.708
-78.599
-78.524
-78.656
-78.833
-79.368
-79.467
-79.648
-79.843
-79.844
-80.2
-80.107
-79.955
-79.904
-79.691
-79.66
-79.853
-79.855
-79.975
-80.002
-79.964
-80.107
-80.259
-80.251
-80.34
-80.058
-80.185
-80.256
-80.237
-80.07
-80.146
-79.948
-79.626
-79.695
-79.714
-79.705
-79.68
-79.852
-79.834
-79.988
-80.077
-79.758
-80.162
-80.053
-79.738
-79.861
-79.805
-79.919
-79.787
-79.675
-79.961
-79.898
-79.861
-79.981
-79.826
-79.885
-79.844
-79.721
-79.858
-79.915
-79.834
-79.945
-79.824
-79.835
-80.075
-79.889
-79.958
-80.006
-79.828
-79.892
-79.824
-79.635
-79.931
-79.906
-79.856
-79.538
-79.647
-79.88
-79.892
-79.895
-79.939
-79.839
-80.099
-80.091
-79.937
-79.957
-80.085
-80.097
-80.313
-80.334
-80.184
-80.209
-80.205
-80.298
-79.872
-79.948
-80.075
-79.96
-79.913
-79.928
-79.901
-80.32
-79.91
-80.121
-80.283
-80.219
-80.25
-80.066
-79.911
-80.049
-80.147
-80.306
-80.205
-80.297
-80.317
-80.36
-80.238
-80.228
-80.091
-80.309
-80.143
-79.861
-79.787
-79.765
-79.703
-79.748
-79.739
-80.005
-80.147
-80.192
-79.947
-80.098
-79.956
-80.079
-80.057
-79.879
-79.83
-79.843
-79.891
-79.781
-79.709
-79.846
-79.969
-79.911
-79.783
-79.868
-79.951
-79.986
-79.973
-80.001
-79.824
-79.9
-80.166
-80.018
-80.138
-80.198
-80.318
-80.239
-80.178
-79.806
-79.689
-79.534
-79.523
-79.644
-79.729
-79.886
-80.134
-80.003
-79.993
-79.765
-79.64
-79.878
-79.807
-79.787
-79.955
-80.102
-80.016
-80.061
-79.863
-79.856
-79.658
-79.742
-80.065
-79.896
-80.025
-79.861
-80.098
-79.813
-79.96
-79.986
-80.032
-79.889
-79.758
-79.821
-79.831
-80.003
-80.075
-80.149
-79.893
-79.647
-79.899
-79.9
-79.983
-79.921
-80.034
-80.021
-79.926
-79.911
-79.845
-79.704
-79.618
-79.829
-80.024
-80.119
-80.258
-79.903
-80.229
-80.364
-80.16
-79.982
-80.01
-79.611
-79.696
-79.978
-79.922
-79.98
-80.119
-79.887
-79.659
-79.783
-79.764
-79.661
-79.911
-80.082
-80.18
-80.064
-80.08
-80.009
-79.855
-80.118
-80.119
-79.957
-79.83
-79.979
-79.919
-79.748
-79.885
-79.97
-80.156
-80.252
-80.117
-80.048
-79.977
-79.893
-79.953
-79.832
-79.777
-79.69
-79.874
-79.824
-80.006
-80.016
-79.949
-79.826
-80.127
-79.828
-79.742
-79.718
-79.576
-79.588
-79.749
-79.834
-79.658
-79.807
-79.678
-79.25
-79.109
-79.382
-79.432
-79.247
-79.152
-79.118
-79.293
-79.267
-79.348
-79.466
-79.571
-79.753
-79.523
-79.546
-79.568
-79.504
-79.404
-79.659
-79.599
-79.711
-79.778
-79.853
-80.011
-79.865
-79.76
-79.582
-79.649
-79.77
-79.524
-79.285
-79.248
-79.299
-79.36
-79.491
-79.502
-79.422
-79.447
-79.327
-79.493
-79.314
-79.497
-79.527
-79.636
-79.381
-79.446
-79.259
-79.329
-79.497
-79.492
-79.462
-79.558
-79.484
-79.463
-79.621
-79.831
-79.87
-79.917
-79.844
-79.829
-80.038
-79.762
-79.677
-79.894
-79.894
-79.819
-79.848
-79.959
-79.903
-80.073
-79.75
-79.776
-79.9
-79.928
-79.758
-79.823
-79.844
-79.789
-79.745
-79.936
-79.913
-80.069
-80.174
-80.064
-79.989
-80.027
-79.695
-79.677
-79.687
-79.609
-79.982
-79.704
-79.721
-79.771
-79.78
-79.849
-79.862
-80.08
-79.992
-79.878
-79.929
-80.141
-80.054
-79.785
-79.819
-80.023
-80.086
-79.923
-80.051
-80.179
-79.989
-80.035
-79.869
-80.161
-79.941
-79.808
-79.997
-80.133
-79.988
-80.435
-80.189
-80.244
-80.504
-80.445
-80.483
-80.226
-80.103
-79.97
-80.147
-79.988
-80.082
-80.057
-80.053
-80.066
-80.079
-79.952
-79.734
-79.83
-79.865
-79.85
-79.785
-79.937
-80.091
-80.195
-80.05
-79.951
-79.806
-79.949
-79.951
-79.989
-80.134
-80.139
-79.912
-79.93
-79.985
-79.906
-79.761
-79.65
-79.919
-79.897
-79.852
-79.782
-79.906
-79.936
-80.106
-80.067
-80.248
-80.015
-80.132
-80.027
-80.153
-80.031
-79.784
-79.714
-79.795
-79.973
-80.089
-79.898
-79.938
-79.784
-79.637
-79.542
-79.643
-79.603
-79.689
-79.445
-79.335
-79.58
-79.799
-79.497
-79.507
-79.571
-79.53
-79.756
-79.764
-79.786
-79.702
-79.563
-79.704
-79.542
-79.408
-79.271
-79.166
-79.464
-79.651
-79.724
-79.671
-79.538
-79.655
-79.605
-79.687
-79.751
-79.728
-79.988
-80.089
-80.008
-80.259
-80.5
-80.708
-80.525
-80.538
-80.505
-80.421
-80.073
-80.098
-80.179
-80.174
-80.265
-79.961
-79.867
-79.94
-79.785
-79.845
-80.006
-79.82
-79.613
-79.678
-79.874
-79.878
-79.954
-80.058
-79.808
-79.868
-79.715
-79.685
-79.473
-79.443
-79.441
-79.718
-79.618
-79.359
-79.504
-79.388
-79.385
-79.3
-79.573
-79.57
-79.662
-79.785
-79.898
-80.05
-80.15
-80.094
-79.985
-79.739
-79.777
-79.993
-79.902
-79.781
-79.902
-80.222
-80.423
-80.437
-80.393
-80.489
-80.433
-80.583
-80.56
-80.525
-80.456
-80.34
-80.528
-80.613
-80.566
-80.379
-80.438
-80.372
-80.335
-80.3
-80.422
-80.227
-80.308
-80.325
-80.227
-80.278
-80.219
-80.065
-79.981
-80.201
-80.106
-80.124
-80.203
-80.27
-80.46
-80.534
-80.547
-80.656
-80.352
-80.312
-80.31
-80.23
-80.275
-80.248
-80.081
-80.163
-80.116
-80.333
-80.25
-80.552
-80.505
-80.599
-80.579
-80.647
-80.766
-80.745
-80.986
-81.282
-81.207
-81.391
-81.316
-81.362
-81.453
-81.371
-81.192
-81.125
-80.877
-80.61
-80.474
-80.287
-80.106
-80.108
-80.025
-79.811
-80.029
-79.745
-79.734
-79.778
-79.427
-79.342
-79.205
-79.576
-79.954
-79.983
-79.891
-79.958
-79.8
-79.787
-79.943
-79.727
-79.576
-79.537
-79.643
-79.707
-79.826
-79.776
-79.997
-79.832
-79.561
-79.617
-79.365
-79.42
-79.301
-79.397
-79.185
-79.619
-79.362
-79.553
-79.38
-79.439
-79.432
-79.581
-79.748
-79.81
-79.947
-80.047
-79.739
-79.464
-79.441
-79.408
-79.53
-79.665
-79.464
-79.763
-79.745
-79.801
-80.042
-80.139
-80.121
-80.104
-80.014
