-89.773
-89.708
-89.748
-89.917
-89.74
-89.767
-89.773
-89.654
-89.854
-89.759
-89.639
-89.66
-89.885
-89.853
-89.945
-89.687
-89.657
-89.681
-89.788
-89.994
-89.901
-90.006
-90.092
-90.329
-90.587
-90.609
-90.717
-90.546
-90.646
-90.8
-90.876
-90.916
-90.712
-90.545
-90.616
-90.767
-90.798
-90.727
-91.011
-91.21
-91.303
-90.948
-90.99
-91.126
-91.285
-91.249
-90.925
-90.482
-89.92
-89.632
-89.277
-88.497
-88.009
-87.591
-87.445
-87.092
-86.673
-86.393
-86.108
-85.687
-85.483
-85.298
-85.441
-85.295
-85.191
-84.901
-84.792
-84.319
-84.327
-83.944
-83.504
-83.36
-83.404
-83.294
-83.317
-83.157
-83.031
-83.224
-83.179
-82.912
-82.9
-82.542
-82.45
-82.626
-82.597
-82.524
-82.571
-82.339
-82.093
-82.307
-82.305
-82.255
-82.314
-82.499
-82.419
-82.545
-82.631
-82.688
-82.338
-82.496
-82.426
-82.578
-82.782
-82.849
-82.787
-82.875
-82.703
-82.641
-82.463
-82.49
-82.368
-82.632
-82.616
-82.754
-82.839
-82.745
-82.476
-82.149
-81.665
-81.424
-80.876
-80.464
-79.88
-79.566
-79.3
-79.136
-78.693
-78.388
-78.122
-77.659
-77.361
-77.15
-76.531
-76.114
-75.895
-75.87
-75.716
-75.394
-75.301
-74.851
-74.489
-74.13
-74.04
-73.434
-72.784
-72.194
-71.236
-70.526
-69.966
-69.407
-68.641
-67.96
-67.477
-66.888
-66.243
-65.592
-65.027
-64.531
-64.051
-63.621
-63.544
-63.089
-62.921
-62.643
-62.51
-62.178
-62.125
-61.721
-61.393
-61.272
-61.078
-61.028
-60.985
-60.726
-60.622
-60.419
-60.395
-60.069
-59.782
-59.471
-59.233
-59.257
-59.101
-58.678
-58.629
-58.475
-58.329
-57.857
-58.066
-58.231
-57.989
-57.856
-57.821
-57.745
-57.511
-57.351
-56.824
-56.794
-56.712
-56.463
-56.241
-56.052
-55.644
-55.261
-54.962
-54.61
-54.025
-53.444
-52.704
-51.774
-50.146
-47.424
-45
-45
-45
-45
-45
-45
-45
-45
-45
-45
-45
-45
-45
-45
-50.78
-57.487
-62.483
-65.955
-68.676
-70.562
-71.592
-71.933
-72.43
-72.516
-72.64
-72.524
-72.147
-72.326
-72.38
-72.034
-71.764
-71.566
-71.333
-71.257
-70.93
-70.801
-70.591
-70.621
-70.399
-70.301
-69.766
-69.233
-68.611
-68.332
-68.149
-67.687
-67.262
-66.728
-66.389
-66.187
-66.117
-65.675
-65.539
-64.915
-64.52
-64.207
-64.233
-64.014
-64.062
-63.902
-63.759
-63.904
-63.857
-64.048
-64.18
-64.366
-64.401
-64.61
-64.765
-65.058
-65.028
-65.086
-65.265
-65.25
-65.135
-65.142
-65.178
-65.318
-65.172
-65.312
-65.349
-65.415
-65.502
-65.645
-65.616
-65.621
-65.103
-64.409
-64.122
-63.569
-62.824
-62.162
-61.409
-60.915
-60.081
-59.231
-58.633
-58.023
-57.427
-56.848
-55.918
-55.187
-54.558
-53.634
-52.733
-51.303
-49.304
-45
-45
-45
-45
-45
-45
-45
-45
-45
-45
-45
-45
-45
-45
-46.252
-52.98
-58.714
-62.904
-65.976
-68.042
-69.467
-70.106
-70.758
-70.888
-70.818
-70.943
-71.146
-71.148
-71.314
-71.24
-71.025
-70.856
-70.961
-71.121
-71.109
-71.135
-70.997
-70.827
-70.842
-70.791
-70.711
-70.797
-70.819
-70.635
-70.754
-70.655
-70.496
-70.5
-70.749
-70.771
-70.997
-70.947
-71.313
-71.555
-71.623
-71.682
-71.376
-71.115
-70.443
-69.909
-69.715
-69.341
-69.232
-69.196
-69.229
-68.955
-68.852
-68.765
-68.424
-68.443
-68.473
-68.368
-68.311
-68.38
-68.355
-68.341
-68.374
-68.47
-68.815
-68.748
-68.446
-68.403
-68.374
-68.23
-68.144
-68.115
-68.198
-68.13
-68.018
-68.178
-68.345
-68.114
-68.096
-68.175
-68.34
-68.511
-68.574
-68.674
-68.681
-68.614
-68.517
-68.616
-68.333
-68.101
-67.975
-67.904
-67.532
-67.314
-66.876
-66.145
-65.584
-65.299
-64.683
-64.013
-63.177
-62.561
-61.805
-60.972
-60.399
-59.927
-59.656
-59.323
-58.79
-58.569
-58.068
-57.564
-57.277
-56.801
-56.139
-55.413
-54.673
-54.045
-53.264
-52.169
-50.374
-47.761
-45
-45
-45
-45
-45
-45
-45
-45
-45
-45
-45
-45
-45
-45
-48.931
-54.966
-59.857
-63.172
-65.265
-66.653
-67.198
-67.593
-67.693
-67.824
-67.574
-67.058
-66.87
-66.534
-66.288
-65.877
-65.455
-65.206
-64.901
-64.655
-64.306
-63.651
-63.353
-63.076
-63.016
-62.23
-62.207
-61.839
-61.728
-61.529
-61.208
-60.899
-60.507
-60.17
-59.899
-59.263
-58.986
-58.572
-58.076
-57.602
-57.057
-56.328
-55.623
-55.061
-54.266
-53.682
-52.895
-52.038
-50.716
-48.841
-45.376
-45
-45
-45
-45
-45
-45
-45
-45
-45
-45
-45
-45
-45
-47.491
-54.033
-59.464
-63.008
-65.595
-67.107
-68.548
-69.066
-69.656
-69.909
-70.175
-69.931
-70.109
-69.765
-69.6
-69.592
-69.11
-68.657
-68.422
-68.104
-67.757
-67.546
-67.245
-66.603
-66.042
-65.703
-65.285
-65.117
-65.116
-65
-64.811
-64.729
-64.343
-64.409
-64.289
-64.273
-64.174
-63.998
-63.77
-63.915
-63.893
-63.874
-63.835
-63.646
-63.65
-63.923
-64.052
-63.979
-64.17
-63.896
-63.568
-63.553
-63.187
-63.079
-63.031
-62.873
-62.763
-62.631
-62.074
-62.086
-61.877
-61.414
-61.024
-61.02
-60.479
-59.956
-59.525
-59.123
-58.783
-58.688
-58.232
-57.686
-57.324
-56.663
-56.318
-55.869
-55.544
-55.116
-54.672
-54.119
-53.564
-52.999
-52.001
-50.994
-49.378
-45.98
-45
-45
-45
-45
-45
-45
-45
-45
-45
-45
-45
-45
-45
-46.378
-53.835
-59.982
-64.266
-67.28
-69.284
-70.36
-71.463
-72.077
-72.305
-72.635
-72.458
-72.494
-72.716
-72.703
-72.687
-72.35
-72.187
-72.164
-72.02
-72.076
-72.036
-72.051
-71.883
-71.727
-71.844
-71.594
-70.947
-70.421
-70.134
-69.866
-69.549
-69.325
-68.754
-68.413
-68.441
-68.338
-68.172
-67.854
-67.679
-67.736
-67.822
-68.11
-68.37
-68.475
-68.487
-68.467
-68.5
-68.583
-68.813
-69.094
-69.158
-69.022
-69.033
-68.734
-68.175
-67.833
-67.804
-67.669
-67.441
-67.197
-66.692
-66.501
-66.548
-66.492
-66.325
-66.631
-66.779
-66.282
-66.201
-66.219
-66.016
-66.371
-66.44
-66.509
-66.768
-66.654
-66.716
-66.699
-66.964
-67.094
-66.951
-67.022
-67.035
-67.152
-67.474
-67.713
-67.601
-67.809
-67.943
-68.042
-68.089
-68.25
-68.206
-68.268
-68.725
-69.042
-69.328
-69.507
-69.779
-70.087
-70.389
-70.508
-70.909
-71.108
-71.283
-71.603
-71.942
-72.097
-72.053
-72.125
-72.167
-72.228
-72.279
-72.625
-72.774
-73.18
-73.382
-73.783
-73.975
-74.395
-74.344
-74.635
-74.633
-74.921
-75.066
-75.239
-75.436
-75.621
-75.765
-75.887
-76.193
-76.095
-76.01
-76.249
-76.581
-76.692
-76.931
-77.116
-77.297
-77.305
-77.582
-77.472
-77.744
-77.753
-77.995
-77.995
-78.542
-78.197
-78.06
-78.434
-78.451
-78.381
-78.646
-79.009
-79.329
-78.859
-78.555
-78.473
-78.207
-77.948
-77.903
-77.642
-77.534
-77.454
-76.953
-76.774
-76.866
-77.133
-76.652
-76.749
-76.73
-76.521
-76.378
-76.11
-76.161
-76.204
-76.084
-75.883
-75.976
-75.932
-76.112
-76.215
-75.991
-76.159
-76.211
-76.138
-76.39
-76.247
-76.322
-76.592
-76.54
-76.72
-76.527
-76.448
-76.349
-76.187
-76.108
-76.196
-75.948
-76.169
-76.065
-76.136
-76.471
-76.514
-76.515
-76.854
-76.752
-77.137
-77.092
-77.309
-77.387
-77.514
-77.681
-77.717
-77.845
-78.103
-78.066
-77.977
-78.248
-78.421
-78.442
-78.701
-78.939
-78.941
-79.056
-79.205
-79.218
-79.337
-79.604
-79.628
-79.67
-79.664
-79.891
-79.512
-79.995
-80.114
-80.299
-80.283
-80.224
-80.5
-80.164
-80.08
-80.16
-80.298
-80.33
-80.546
-80.512
-80.587
-80.852
-81.041
-81.247
-81.352
-81.645
-81.708
-81.665
-81.739
-81.578
-81.516
-81.508
-81.574
-81.75
-81.809
-81.932
-81.708
-81.907
-81.937
-82.191
-82.326
-82.32
-82.227
-82.208
-82.272
-82.345
-82.453
-82.63
-82.81
-83.115
-83.329
-83.283
-83.425
-83.551
-83.569
-83.853
-83.717
-83.824
-83.981
-84.44
-84.844
-84.885
-84.517
-84.598
-84.815
-84.896
-85.087
-85.222
-85.457
-85.441
-85.529
-85.608
-85.629
-85.344
-85.599
-85.737
-85.997
-86.136
-86.118
-86.162
-86.218
-86.285
-86.408
-86.337
-86.24
-86.253
-86.615
-86.549
-86.579
-86.822
-86.824
-86.847
-86.74
-86.921
-87.098
-87.178
-87.212
-87.126
-87.229
-87.531
-87.637
-87.604
-87.67
-87.738
-87.93
-88.071
-88.2
-88.545
-88.432
-88.526
-88.562
-88.346
-88.622
-88.635
-88.809
-88.458
-88.447
-88.587
-88.388
-88.352
-88.437
-88.511
-88.696
-88.474
-88.624
-88.568
-88.571
-88.633
-88.443
-88.499
-88.393
-88.789
-88.858
-88.751
-88.74
-88.857
-88.764
-88.727
-88.706
-88.833
-88.78
