-79.984
-79.856
-79.923
-79.986
-80.109
-79.772
-79.637
-79.608
-79.749
-79.884
-79.874
-80.05
-80.141
-80.376
-80.435
-80.474
-80.303
-80.318
-80.267
-80.187
-80.465
-80.674
-80.703
-80.403
-80.344
-79.98
-79.563
-79.279
-79.27
-79.186
-78.853
-78.977
-79.001
-79.235
-79.153
-78.992
-78.921
-78.772
-78.945
-79.148
-79.144
-79.31
-79.278
-79.277
-79.118
-79.313
-79.286
-79.557
-79.613
-79.754
-79.75
-79.663
-79.844
-79.598
-79.43
-79.558
-79.537
-79.452
-79.377
-79.645
-79.572
-79.692
-79.751
-79.808
-79.869
-79.913
-79.997
-79.887
-80.213
-80.299
-80.24
-80.217
-80.093
-79.921
-79.998
-80.038
-79.982
-80.2
-80.163
-80.086
-80.041
-79.734
-79.587
-79.448
-79.542
-79.643
-79.527
-79.372
-79.203
-79.386
-79.346
-79.207
-79.147
-78.93
-78.91
-79.229
-79.206
-79.093
-79.205
-79.273
-79.178
-78.952
-79.09
-79.417
-79.542
-79.581
-79.744
-79.696
-79.782
-80.102
-80.076
-79.769
-79.96
-80.022
-79.823
-79.943
-79.716
-79.511
-79.472
-79.292
-79.451
-79.367
-79.374
-79.433
-79.25
-79.112
-79.137
-79.08
-79.184
-79.024
-78.825
-78.902
-78.951
-79.163
-79.118
-78.965
-78.942
-79.026
-79.149
-79.087
-79.15
-79.225
-78.989
-79.269
-79.322
-79.419
-79.339
-79.692
-79.829
-79.86
-79.756
-79.687
-79.575
-79.582
-79.684
-79.606
-79.538
-79.925
-79.758
-79.65
-79.802
-80.01
-79.963
-79.785
-79.814
-79.709
-79.661
-79.881
-79.916
-79.804
-79.708
-79.836
-79.695
-79.446
-79.232
-79.061
-78.587
-78.769
-78.657
-78.942
-79.002
-78.968
-79.041
-79.007
-79.175
-79.292
-79.239
-79.304
-79.139
-79.409
-79.474
-79.495
-79.24
-79.29
-79.426
-79.549
-79.364
-79.427
-79.475
-79.684
-79.675
-79.467
-79.643
-79.632
-79.666
-79.637
-79.88
-79.682
-79.556
-79.323
-79.268
-79.079
-79.373
-79.183
-79.322
-79.368
-79.14
-79.289
-79.21
-79.295
-79.238
-79.181
-79.292
-79.536
-79.453
-79.393
-79.577
-79.625
-79.754
-79.736
-79.82
-79.54
-79.441
-79.182
-79.218
-78.95
-79.213
-79.046
-78.886
-78.947
-78.653
-78.594
-78.475
-78.641
-78.632
-78.556
-78.554
-78.673
-78.648
-78.772
-78.775
-78.701
-78.729
-78.847
-78.996
-79.17
-79.022
-79.076
-78.729
-78.925
-78.913
-78.732
-78.661
-78.657
-78.794
-78.685
-78.67
-78.886
-78.914
-78.771
-78.849
-78.989
-79.144
-79.098
-79.101
-79.171
-79.068
-79.041
-78.836
-78.983
-79.045
-79.189
-78.925
-78.733
-78.738
-78.482
-78.838
-78.695
-78.955
-78.92
-79.008
-78.878
-79.114
-79.193
-79.216
-79.155
-79.012
-79.25
-79.312
-79.377
-79.235
-79.079
-78.832
-78.468
-78.403
-78.257
-78.257
-78.276
-78.164
-78.385
-78.319
-78.432
-78.24
-78.261
-78.683
-78.88
-78.857
-78.598
-78.614
-78.638
-78.446
-78.074
-77.997
-77.544
-77.539
-77.247
-77.256
-77.082
-77.36
-77.235
-77.539
-77.685
-77.869
-78.02
-77.953
-77.861
-78.009
-78.207
-78.194
-78.323
-78.129
-78.347
-78.313
-78.431
-78.568
-78.783
-78.711
-78.618
-78.512
-78.522
-78.292
-78.015
-77.989
-77.765
-77.857
-77.983
-78.209
-78.491
-78.641
-78.708
-78.652
-78.858
-78.837
-78.726
-78.825
-79.067
-78.772
-79.047
-78.926
-78.9
-78.791
-78.714
-78.72
-78.898
-78.752
-78.7
-78.608
-78.548
-78.779
-78.923
-78.775
-78.72
-78.985
-79.231
-79.506
-79.412
-79.269
-79.383
-79.294
-79.333
-79.345
-79.292
-79.237
-79.253
-79.606
-79.331
-79.3
-79.438
-79.34
-79.309
-78.944
-78.707
-78.253
-77.377
-76.641
-75.159
-73.706
-72.423
-71.242
-70.264
-68.967
-67.862
-66.719
-66.102
-66.053
-66.228
-66.515
-66.637
-66.89
-67.194
-67.551
-67.553
-67.102
-66.815
-66.74
-66.748
-67.127
-68.419
-70.171
-71.295
-72.21
-72.863
-73.123
-73.466
-73.567
-73.84
-73.977
-74.186
-74.608
-74.894
-74.967
-74.863
-74.989
-75.042
-74.914
-74.74
-74.689
-74.878
-75.222
-75.474
-75.636
-75.479
-75.645
-75.937
-75.871
-75.706
-75.62
-75.551
-75.097
-74.698
-74.138
-73.575
-73.106
-72.688
-72.312
-72.071
-72.164
-72.151
-71.676
-71.172
-70.855
-70.469
-70.215
-70.413
-70.31
-70.569
-70.628
-71.227
-71.707
-72.065
-72.356
-72.925
-73.244
-73.456
-73.52
-73.399
-73.25
-73.147
-73.01
-72.992
-72.955
-72.856
-73.198
-73.505
-73.25
-73.477
-73.649
-73.795
-73.62
-73.675
-73.885
-74.188
-73.895
-73.948
-74.168
-74.18
-74.112
-74.343
-74.338
-74.617
-74.657
-74.815
-74.863
-74.804
-74.811
-74.808
-74.934
-75.05
-75.405
-75.954
-76.316
-76.486
-76.883
-77.015
-77.051
-76.953
-77.135
-77.125
-77.29
-77.599
-77.451
-77.586
-77.539
-77.412
-77.541
-77.762
-77.649
-77.743
-77.712
-77.349
-77.09
-77.13
-77.293
-77.483
-77.383
-77.638
-77.921
-77.836
-77.97
-78.003
-78.171
-77.967
-78.23
-78.389
-78.517
-78.487
-78.482
-78.358
-78.632
-78.554
-78.619
-78.732
-78.656
-78.546
-78.798
-78.678
-78.782
-78.747
-78.985
-78.841
-78.995
-79.064
-79.137
-79.044
-79.171
-79.131
-78.782
-78.795
-78.802
-78.537
-78.666
-78.666
-78.758
-78.5
-78.524
-78.289
-78.55
-78.288
-78.303
-78.619
-78.403
-78.026
-77.835
-77.744
-77.727
-77.602
-77.457
-77.097
-77.03
-76.747
-76.637
-76.632
-76.944
-77.252
-77.404
-77.441
-77.862
-77.763
-77.891
-77.913
-78.045
-78.272
-78.464
-78.508
-78.82
-78.903
-78.963
-79.077
-78.992
-79.184
-79.044
-79.239
-79.416
-79.361
-79.203
-79.123
-79.072
-78.913
-78.846
-78.869
-78.566
-78.579
-78.569
-78.311
-78.208
-78.345
-78.227
-78.155
-78.072
-78.005
-78.088
-78.181
-78.038
-78.263
-78.587
-78.494
-78.705
-78.766
-78.751
-78.762
-78.813
-78.802
-78.933
-78.662
-78.638
-78.822
-79.148
-79.166
-78.979
-78.954
-79.219
-79.369
-79.468
-79.473
-79.465
-79.472
-79.358
-79.482
-79.408
-79.448
-79.559
-79.668
-79.777
-79.312
-79.192
-79.194
-79.053
-79.188
-79.261
-79.144
-79.15
-79.179
-79.256
-79.111
-79.231
-79.073
-79.155
-78.993
-79.051
-79.456
-79.404
-79.265
-79.253
-79.387
-79.358
-79.407
-79.48
-79.562
-79.623
-79.508
-79.79
-79.845
-79.624
-79.542
-79.843
-79.599
-79.164
-78.826
-78.829
-78.961
-78.689
-78.563
-78.677
-78.345
-78.322
-78.287
-78.324
-78.383
-78.658
-78.609
-78.82
-78.906
-78.888
-79.223
-78.999
-78.909
-79.038
-79.349
-79.51
-79.535
-79.411
-79.418
-79.389
-79.46
-79.459
-79.315
-79.556
-79.352
-79.436
-79.659
-79.527
-79.508
-79.618
-79.621
-79.662
-79.605
-79.881
-79.79
-79.757
-79.707
-79.687
-79.807
-79.746
-79.877
-79.781
-79.469
-79.203
-79.21
-78.939
-78.896
-78.938
-78.986
-79.07
-79.079
-79.188
-79.506
-79.517
-79.373
-79.515
-79.327
-79.327
-79.064
-79.344
-79.3
-79.371
-79.593
-79.701
-79.629
-79.671
-79.659
-79.482
-79.344
-79.378
-79.494
-79.417
-79.494
-79.46
-79.28
-79.334
-79.423
-79.525
-79.635
-79.7
-79.994
-79.494
-79.682
-80.054
-79.697
-79.698
-79.85
-79.856
-80.076
-79.992
-80.003
-80.346
-80.235
-80.023
-79.748
-79.823
-80.006
-79.915
-79.743
-79.707
-79.415
-79.321
-79.131
-79.328
-79.098
-79.097
-79.038
-79.112
-79.011
-78.883
-78.825
-78.682
-79.148
-79
-79.212
-79.134
-79.233
-79.276
-79.234
-79.168
-79.261
-79.291
-79.354
-79.294
-79.463
-79.421
-79.345
-79.437
-79.084
-79.409
-79.451
-79.488
-79.305
-79.531
-79.377
-79.48
-79.507
-79.376
-79.475
-79.636
-79.809
-79.828
-79.632
-79.875
-79.717
-79.556
-79.494
-79.263
-79.266
-79.459
-79.592
-79.615
-79.716
-79.942
-80.023
-79.644
-79.675
-79.577
-79.612
-79.648
-79.759
-79.882
-79.861
-79.768
-79.518
-79.518
-79.492
-79.53
-79.694
-79.776
-79.882
-80.021
-80.059
-79.839
-79.93
-79.912
-79.929
-80.196
-80.196
-80.258
-80.147
-80.33
-80.25
-80.097
-80.087
-79.817
-79.582
-79.47
-79.678
-79.521
-79.579
-79.534
-79.906
-79.977
-79.832
-79.786
-79.677
-79.998
-79.907
-79.916
-79.762
-79.725
-79.569
-79.816
-80.171
-80.315
-80.338
-80.012
-80.022
-79.742
-79.589
-79.502
-79.424
-79.483
-79.465
-79.567
-79.789
-79.793
-79.666
-79.558
-79.71
-80.046
-80.12
-80.18
-80.318
-80.267
-80.458
-80.334
-80.261
-80.292
-80.424
-80.366
-80.513
-80.56
-80.34
-80.303
-80.32
-80.35
-80.224
-80.315
-80.5
-80.493
-80.639
-80.73
-80.658
-80.571
-80.514
-80.293
-80.26
-80.244
-80.369
-80.043
-80.049
-80.225
-80.308
-80.35
-80.305
-80.113
-80.266
-80.248
-79.9
-79.834
-79.521
-79.527
-79.325
-79.773
-79.893
-79.876
-79.912
-80.108
-80.162
-80.302
-80.536
-80.006
-79.815
-79.772
-79.998
-79.933
-80.075
-79.829
-79.461
-79.326
-79.599
-79.299
-79.253
-79.378
-79.213
-79.048
