-73.976
-74.506
-74.546
-74.824
-75.086
-75.024
-75.208
-75.115
-75.118
-75.185
-75.387
-75.338
-75.381
-75.593
-75.264
-75.048
-75.213
-75.08
-75.139
-74.976
-74.932
-75.122
-75.227
-75.379
-75.336
-75.488
-75.213
-74.843
-75.268
-75.105
-74.95
-74.922
-74.765
-74.751
-74.553
-74.609
-74.835
-74.733
-74.967
-74.991
-75.16
-75.245
-75.279
-75.246
-75.267
-75.197
-75.133
-75.185
-75.146
-75.365
-75.326
-75.495
-75.552
-75.617
-75.572
-75.644
-75.76
-75.784
-75.677
-75.689
-75.856
-75.836
-75.984
-75.917
-76.337
-76.551
-76.399
-76.57
-76.638
-76.549
-76.52
-76.422
-76.643
-76.945
-77.108
-77.432
-77.243
-77.382
-77.178
-77.117
-76.902
-76.572
-76.773
-76.726
-76.789
-76.987
-77.203
-77.253
-77.062
-77.073
-77.157
-76.926
-76.833
-76.794
-76.799
-76.658
-76.712
-76.709
-76.791
-77.062
-77.256
-77.225
-77.319
-77.844
-77.961
-77.989
-78.083
-77.947
-78.028
-77.75
-77.665
-77.676
-78.035
-78.34
-78.239
-78.319
-78.297
-78.487
-78.209
-78.104
-77.512
-77.262
-76.844
-76.503
-76.137
-76.078
-75.932
-75.616
-75.744
-75.354
-75.017
-75
-74.733
-74.397
-74.065
-73.894
-73.582
-73.163
-72.882
-72.734
-73.061
-74.44
-75.729
-76.907
-77.858
-78.349
-78.731
-78.993
-79.524
-79.584
-79.227
-79.452
-79.681
-79.641
-79.83
-79.791
-79.643
-79.649
-79.73
-79.798
-79.901
-79.833
-79.917
-80.121
-79.952
-80.04
-80.047
-79.939
-79.87
-79.873
-79.961
-79.834
-79.627
-79.67
-79.708
-79.877
-80.001
-80.101
-80.13
-79.955
-79.986
-80.088
-80.303
-80.411
-80.433
-80.115
-79.779
-79.945
-80.189
-80.008
-79.862
-79.997
-79.555
-79.49
-79.189
-79.111
-78.782
-78.556
-78.753
-78.894
-78.791
-78.547
-78.548
-78.431
-78.37
-78.316
-78.241
-78.163
-78.241
-78.203
-78.324
-78.367
-78.323
-78.33
-78.321
-78.593
-78.707
-78.742
-78.999
-78.879
-78.947
-79.099
-79.005
-78.921
-79.047
-79.231
-79.335
-79.463
-79.469
-79.541
-79.451
-79.315
-79.297
-79.599
-79.651
-79.47
-79.509
-79.674
-79.785
-79.83
-79.51
-79.473
-79.425
-79.155
-79.286
-79.5
-79.724
-79.736
-79.99
-79.908
-80.155
-80.172
-80.192
-79.945
-79.781
-79.765
-79.572
-79.919
-80.08
-79.938
-79.703
-79.931
-80.05
-79.944
-79.871
-79.852
-79.532
-79.456
-79.415
-79.513
-79.247
-79.309
-79.178
-78.811
-78.875
-78.741
-78.832
-78.705
-78.527
-78.467
-78.445
-78.34
-78.238
-78.306
-77.944
-77.755
-77.39
-77.158
-77.365
-77.12
-77.054
-77.055
-77.099
-77.342
-77.424
-77.361
-77.578
-77.884
-78.062
-78.15
-78.232
-78.123
-78.202
-78.468
-78.671
-78.706
-78.705
-78.371
-78.393
-78.507
-78.482
-78.683
-78.926
-79.205
-79.129
-79.112
-79.149
-79.115
-78.781
-78.714
-78.802
-79.012
-79.202
-79.276
-79.385
-79.123
-79.11
-79.187
-79.148
-79.123
-79.163
-79.173
-79.133
-79.171
-79.339
-79.432
-79.397
-79.188
-79.398
-79.512
-79.572
-79.629
-80.024
-80.174
-80.053
-80.005
-80.112
-80.246
-80.034
-80.245
-79.99
-79.803
-79.576
-79.254
-78.955
-78.725
-78.337
-78.266
-78.12
-77.893
-77.8
-77.927
-77.749
-77.484
-77.325
-77.249
-77.391
-77.069
-77.101
-77.134
-77.213
-77.241
-77.399
-77.373
-77.316
-77.537
-77.3
-77.496
-77.302
-77.166
-77.081
-77.114
-76.834
-76.497
-76.436
-76.217
-75.925
-75.484
-75.364
-75.129
-74.942
-74.398
-73.298
-72.183
-71.286
-70.032
-68.774
-67.949
-67.041
-66.143
-65.184
-64.523
-63.814
-63.314
-62.629
-62.114
-61.676
-61.636
-61.36
-61.036
-60.865
-60.845
-60.672
-60.503
-60.225
-60.253
-60.071
-60.14
-59.843
-59.819
-59.83
-59.665
-59.448
-59.516
-59.687
-59.851
-60.094
-60.231
-60.452
-60.685
-60.861
-61.427
-61.412
-61.571
-61.666
-62.173
-62.333
-62.01
-61.682
-61.335
-60.434
-59.281
-58.461
-57.347
-55.894
-54.64
-53.478
-52.166
-50.451
-47.79
-45
-45
-45
-45
-45
-45
-45
-45
-45
-45
-45
-45
-45
-45
-49.748
-55.944
-60.71
-63.89
-65.968
-67.173
-67.57
-67.506
-66.957
-66.894
-66.597
-66.61
-66.116
-65.805
-65.217
-64.396
-63.647
-63.01
-62.397
-61.721
-60.744
-60.209
-60.105
-59.714
-59.428
-59.036
-58.59
-58.449
-57.782
-57.451
-56.799
-56.59
-56.146
-55.847
-55.383
-55.191
-54.943
-54.796
-54.479
-54.055
-53.568
-53.245
-52.873
-52.384
-52.121
-51.601
-50.76
-49.39
-47.263
-45
-45
-45
-45
-45
-45
-45
-45
-45
-45
-45
-45
-45
-46.002
-52.735
-58.761
-62.876
-65.583
-67.361
-68.334
-68.993
-69.347
-69.091
-68.919
-68.627
-68.525
-68.309
-67.523
-67.397
-67.018
-66.958
-66.503
-66.518
-66.214
-66.182
-66.259
-66.272
-65.967
-65.808
-65.643
-65.535
-65.458
-65.205
-64.692
-64.494
-64.358
-64.2
-63.76
-63.577
-63.413
-63.179
-63.028
-62.861
-62.392
-62.039
-61.766
-61.256
-60.87
-60.723
-60.332
-60.12
-59.648
-59.348
-59.039
-58.767
-58.475
-58.142
-57.958
-57.646
-57.553
-57.188
-57.163
-56.964
-56.561
-56.123
-55.948
-55.362
-54.721
-54.09
-53.576
-52.626
-51.547
-50.176
-48.014
-45
-45
-45
-45
-45
-45
-45
-45
-45
-45
-45
-45
-45
-45.957
-58.29
-67.729
-73.314
-76.484
-78.263
-79.193
-79.685
-79.522
-79.566
-79.512
-79.377
-79.287
-79.222
-78.961
-78.984
-79.234
-79.267
-79.426
-79.273
-79.268
-79.169
-79.42
-79.658
-79.643
-79.622
-79.46
-79.602
-79.26
-79.504
-79.517
-79.659
-79.401
-79.123
-78.941
-79.064
-78.93
-78.802
-78.618
-78.748
-78.736
-78.647
-78.657
-78.841
-78.707
-78.843
-78.779
-78.863
-79.013
-79.095
-79.274
-78.993
-78.545
-78.524
-78.627
-78.551
-78.299
-78.438
-78.412
-78.367
-78.363
-78.32
-78.158
-78.177
-77.978
-77.954
-77.96
-78.048
-78.237
-78.442
-78.618
-78.773
-78.641
-78.779
-78.715
-78.731
-78.471
-78.528
-78.49
-78.428
-78.195
-78.076
-78.01
-78.218
-78.143
-77.845
-78.047
-78.198
-78.206
-78.463
-78.481
-78.501
-78.502
-78.463
-78.463
-78.892
-78.987
-79.131
-79.341
-79.535
-79.698
-79.61
-79.757
-79.82
-79.754
-79.693
-79.575
-79.58
-79.635
-79.853
-79.854
-79.834
-79.843
-79.778
-79.987
-79.782
-79.798
-79.702
-79.785
-79.86
-80.098
-80.126
-79.92
-79.678
-79.822
-79.581
-79.783
-80.041
-80.035
-79.85
-79.97
-79.992
-79.86
-79.815
-79.789
-79.785
-79.879
-79.983
-80.069
-80.082
-79.917
-80.331
-80.46
-80.368
-80.244
-80.179
-80.344
-80.399
-80.331
-80.208
-80.306
-80.302
-80.435
-80.327
-80.057
-80.225
-80.069
-80.174
-80.089
-80.363
-80.122
-79.967
-79.819
-79.969
-79.914
-79.917
-80.003
-79.793
-79.926
-79.819
-80.076
-80.162
-80.112
-80.149
-80.246
-80.375
-80.267
-80.448
-80.45
-80.465
-80.494
-80.185
-80.11
-79.96
-80.252
-80.47
-80.478
-80.58
-80.357
-80.429
-80.382
-80.198
-80.218
-80.387
-80.295
-80.199
-80.151
-80.111
-80.17
-80.223
-80.196
-80.475
-80.48
-80.601
-80.359
-80.351
-80.663
-80.807
-80.749
-80.796
-80.616
-80.53
-80.538
-80.122
-80.209
-80.479
-80.466
-80.373
-80.317
-80.282
-80.373
-80.353
-80.278
-80.272
-80.228
-80.359
-80.59
-80.516
-80.425
-80.432
-80.269
-80.414
-80.637
-80.408
-80.693
-80.608
-80.774
-80.822
-80.735
-80.843
-80.591
-80.561
-80.632
-80.346
-80.31
-80.218
-80.426
-80.364
-80.233
-80.209
-80.233
-80.407
-80.255
-80.445
-80.302
-80.408
-80.407
-80.525
-80.854
-80.836
-80.704
-80.98
-81.004
-81.078
-81.211
-81.404
-81.321
-81.473
-81.588
-81.501
-81.771
-81.745
-81.813
-81.727
-81.622
-81.476
-81.613
-81.489
-81.786
-81.84
-81.815
-81.997
-81.851
-81.883
-81.774
-81.666
-81.529
-81.641
-81.627
-81.504
-81.708
-81.79
-81.974
-81.977
-82.217
-82.046
-82.041
-81.922
-81.733
-81.55
-81.337
-81.375
-81.335
-81.385
-81.668
-81.584
-81.735
-81.601
-81.529
-81.362
-81.451
-81.028
-81.283
-81.258
-81.109
-81.065
-81.081
-81.079
-81.052
-81.073
-81.224
-81.225
-80.935
-80.729
-80.755
-80.666
-80.659
-80.729
-80.626
-80.737
-80.857
-80.767
-80.886
-80.9
-80.964
-81.077
-81.246
-81.684
-81.781
-81.872
-81.918
-81.865
-81.697
-81.546
-81.162
-81.098
-81.136
-81.118
-81.288
-81.508
-81.363
-81.653
-81.765
-81.531
-81.577
-81.247
-81.356
-81.404
-81.359
-81.402
-81.275
-81.325
-81.42
-81.544
-81.565
-81.524
-81.369
-81.257
-81.215
-81.279
-81.127
-81.009
-81.124
-81.251
-81.1
-80.916
-81.071
-81.201
-80.827
-80.991
-80.7
-80.53
-80.407
-80.485
-80.587
-80.434
-80.436
-80.583
-80.525
-80.839
-80.871
