-75.005
-74.961
-74.855
-74.852
-75.092
-75.08
-74.994
-75.124
-75.382
-75.044
-75.087
-75.192
-74.953
-75.065
-75.242
-75.381
-75.274
-75.171
-75.22
-75.267
-75.359
-75.369
-75.341
-75.47
-75.388
-75.17
-75.254
-75.08
-75.554
-75.66
-75.579
-75.675
-75.653
-75.98
-75.987
-75.976
-75.962
-76.095
-76.055
-76.149
-76.099
-76.12
-76.141
-76.104
-76.003
-76.161
-75.947
-75.802
-75.864
-75.859
-75.709
-75.712
-75.486
-75.65
-75.764
-75.712
-75.801
-75.703
-75.495
-75.53
-75.445
-75.762
-75.658
-75.519
-75.319
-75.288
-75.266
-75.354
-75.387
-75.464
-75.337
-75.641
-75.432
-75.476
-75.273
-75.289
-75.333
-75.205
-75.342
-75.225
-75.213
-74.993
-75.144
-75.099
-75.079
-75.061
-75.164
-74.849
-74.803
-74.395
-74.388
-74.448
-74.817
-74.917
-74.733
-74.435
-74.316
-73.935
-73.635
-73.274
-72.625
-72.039
-71.299
-70.654
-70.129
-69.415
-68.867
-68.645
-67.864
-67.422
-67.035
-66.605
-66.112
-65.84
-65.438
-65.012
-64.489
-64.288
-63.891
-63.68
-63.708
-63.45
-63.373
-63.399
-63.401
-63.61
-63.552
-63.449
-63.578
-63.436
-63.384
-63.212
-62.965
-62.67
-62.606
-62.73
-62.414
-62.384
-62.572
-62.404
-62.611
-62.496
-62.711
-62.547
-62.285
-62.331
-62.265
-62.201
-61.808
-61.751
-61.96
-62.176
-61.726
-61.282
-60.998
-60.369
-59.957
-59.35
-58.743
-58.219
-57.997
-57.62
-57.402
-57.177
-56.889
-56.686
-56.217
-56.022
-55.714
-55.419
-55.59
-55.425
-55.666
-55.79
-55.52
-55.661
-55.501
-55.518
-55.656
-55.524
-55.264
-55.367
-55.398
-55.269
-55.155
-54.956
-54.767
-54.931
-54.921
-54.888
-54.309
-54.209
-54.115
-53.967
-53.966
-54.089
-53.795
-53.518
-53.702
-53.613
-53.802
-53.408
-53.137
-53.253
-53.321
-53.303
-53.231
-53.442
-53.407
-53.617
-53.72
-53.869
-53.838
-53.694
-53.641
-53.7
-53.487
-53.501
-53.297
-52.987
-51.966
-51.719
-51.251
-50.438
-49.655
-48.909
-47.859
-46.924
-45.531
-45
-45
-45
-45
-45
-45
-45
-45
-45
-45
-45
-45
-45
-45
-45
-45
-45
-45
-45
-48.613
-52.609
-55.82
-57.906
-59.738
-60.777
-61.541
-62.187
-62.619
-62.979
-63.603
-63.672
-63.754
-63.599
-63.247
-63.035
-63.205
-63.283
-63.231
-63.101
-62.995
-63.143
-63.261
-63.212
-63.022
-62.841
-62.663
-62.553
-62.471
-62.456
-62.454
-62.183
-62.154
-62.155
-61.995
-61.621
-61.581
-61.538
-61.919
-61.895
-62.023
-62.099
-61.807
-61.269
-60.446
-59.91
-59.305
-58.34
-57.585
-56.857
-56.097
-55.654
-54.996
-54.619
-54.129
-53.875
-53.537
-53.021
-52.623
-52.301
-51.983
-51.535
-50.913
-50.148
-49.522
-48.482
-47.308
-46.127
-45
-45
-45
-45
-45
-45
-45
-45
-45
-45
-45
-45
-45
-45
-45
-45
-45
-45
-45
-48.306
-51.85
-54.892
-56.848
-58.436
-59.465
-60.236
-60.746
-61.062
-61.084
-61.313
-61.397
-61.641
-61.647
-61.632
-61.483
-61.517
-61.69
-61.431
-61.5
-61.509
-61.696
-61.691
-61.747
-61.817
-61.914
-62.283
-62.405
-62.46
-62.371
-62.283
-62.171
-62.252
-61.87
-61.608
-61.317
-61.505
-61.66
-61.77
-61.73
-61.597
-61.312
-61.346
-61.381
-61.324
-61.452
-61.816
-61.814
-61.921
-62.091
-62.159
-61.893
-61.703
-62.018
-62.514
-62.648
-62.282
-62.551
-62.734
-62.888
-62.899
-63.121
-63.109
-63.029
-63.157
-63.542
-63.709
-63.86
-63.869
-63.796
-63.659
-63.529
-63.503
-63.451
-63.516
-63.615
-63.759
-63.809
-63.793
-64.073
-64.056
-64.289
-64.511
-64.508
-64.525
-64.648
-64.719
-64.812
-64.797
-64.894
-64.883
-64.908
-64.995
-65.017
-65.354
-65.161
-65.299
-65.764
-67.897
-70.524
-73.1
-74.835
-75.985
-76.686
-77.091
-77.474
-77.544
-77.272
-77.228
-77.002
-76.905
-77.022
-76.932
-77.27
-77.191
-77.419
-77.555
-77.472
-77.686
-77.735
-77.985
-78.004
-77.973
-78.261
-78.468
-78.502
-78.489
-78.184
-78.178
-78.419
-78.665
-79.089
-79.093
-78.735
-78.965
-78.977
-78.935
-78.907
-78.875
-79.061
-79.11
-78.797
-78.868
-78.927
-79.083
-79.137
-79.183
-79.14
-78.852
-78.879
-78.532
-78.122
-77.862
-77.854
-77.712
-77.568
-77.164
-76.942
-77.016
-76.824
-77.046
-76.897
-76.679
-76.984
-77.017
-77.09
-77.012
-77.199
-77.542
-77.579
-77.679
-77.675
-77.757
-78.043
-78.218
-78.14
-78.053
-78.253
-78.216
-78.004
-78.145
-78.1
-78.294
-78.346
-78.327
-78.442
-78.161
-78.421
-78.347
-78.527
-78.593
-78.719
-78.968
-78.996
-78.933
-79.102
-79.223
-79.005
-78.926
-78.79
-78.77
-78.949
-78.755
-78.943
-79.24
-79.211
-79.225
-79.211
-79.278
-79.417
-79.279
-79.232
-79.332
-79.164
-79.222
-79.186
-79.131
-79.007
-78.885
-79.241
-79.012
-78.621
-78.185
-77.742
-77.474
-77.118
-76.724
-76.477
-76.194
-75.507
-74.84
-74.011
-73.484
-73.015
-72.635
-71.845
-71.494
-71.249
-71.133
-71.143
-70.903
-70.824
-70.752
-70.733
-70.858
-70.968
-71.134
-71.235
-71.576
-71.632
-71.551
-72.038
-72.231
-72.122
-72.307
-72.724
-72.982
-73.364
-73.685
-73.822
-73.694
-73.692
-73.674
-73.622
-73.8
-74.11
-74.43
-74.413
-74.557
-74.678
-75.039
-75.196
-75.497
-75.811
-76.058
-76.031
-76.014
-75.6
-75.525
-75.413
-75.681
-75.723
-76.08
-76.213
-76.008
-75.588
-75.282
-74.909
-74.618
-74.004
-73.621
-73.152
-73.111
-73.26
-72.921
-72.791
-72.881
-73.061
-72.921
-72.781
-72.912
-72.93
-72.725
-72.734
-72.774
-72.811
-72.834
-73.276
-73.225
-73.59
-73.725
-73.711
-74.077
-74.203
-74.319
-74.245
-74.249
-74.378
-74.42
-74.752
-75.046
-74.879
-75.031
-74.894
-74.716
-74.356
-73.943
-73.597
-73.333
-72.625
-72.215
-72.072
-71.906
-71.849
-71.681
-71.355
-71.46
-71.346
-71.26
-71.172
-71.05
-71.188
-71.319
-71.222
-71.378
-71.305
-71.695
-71.693
-71.901
-71.867
-71.904
-71.845
-72.015
-71.918
-71.942
-71.992
-72.023
-72.081
-72.21
-72.519
-72.553
-72.772
-72.722
-72.929
-72.896
-73.14
-72.937
-73.172
-73.284
-73.349
-73.704
-73.849
-73.896
-74.045
-73.957
-74.068
-73.954
-74.231
-74.463
-74.832
-75.007
-75.151
-75.179
-75.17
-75.218
-75.312
-75.264
-75.368
-75.631
-75.806
-75.624
-75.527
-75.667
-75.623
-75.684
-76.002
-75.974
-76.247
-76.393
-76.258
-76.25
-76.303
-76.415
-76.42
-76.517
-76.419
-76.446
-76.169
-76.372
-76.486
-76.4
-76.603
-76.819
-77.044
-77.011
-77.285
-77.222
-77.468
-77.512
-77.476
-77.342
-77.58
-77.431
-77.756
-77.952
-77.86
-78.186
-78.16
-78.322
-78.538
-78.448
-78.289
-78.465
-78.598
-78.438
-78.449
-78.724
-78.649
-78.503
-78.771
-79.075
-78.877
-78.974
-78.946
-78.771
-78.893
-78.688
-78.841
-78.584
-78.677
-78.791
-78.803
-78.447
-78.403
-78.296
-78.373
-78.329
-78.585
-78.568
-78.381
-78.29
-78.425
-78.1
-77.965
-77.999
-78.134
-78.006
-77.956
-77.991
-78.168
-78.087
-78.033
-77.893
-77.584
-77.59
-77.562
-77.458
-77.58
-77.798
-77.834
-77.611
-77.539
-77.404
-77.508
-77.6
-77.677
-77.832
-78.033
-78.131
-78.144
-77.995
-78.127
-78.053
-77.917
-77.792
-77.892
-77.787
-78.046
-78.305
-78.454
-78.501
-78.506
-78.566
-78.466
-78.462
-78.739
-78.922
-78.683
-78.854
-78.703
-78.549
-78.589
-78.372
-78.409
-78.469
-78.505
-78.067
-77.943
-78.054
-77.906
-77.805
-77.817
-77.909
-77.801
-77.6
-77.332
-77.4
-77.321
-77.22
-77.406
-77.534
-77.514
-77.473
-77.616
-78.064
-77.983
-78.17
-77.978
-77.976
-78.02
-77.856
-77.716
-77.684
-77.998
-77.905
-78.105
-78.139
-78.448
-78.48
-78.235
-78.116
-77.96
-77.786
-77.916
-77.957
-78.122
-77.939
-77.856
-78.004
-78.138
-78.313
-78.355
-78.606
-78.909
-79.066
-78.971
-78.925
-78.923
-78.733
-78.656
-78.673
-78.685
-78.602
-78.604
-78.576
-78.79
-78.552
-78.576
-78.633
-78.762
-78.984
-78.966
-78.791
-78.596
-78.847
-78.822
-78.825
-78.747
-78.804
-78.676
-78.872
-79.094
-79.25
-79.087
-78.99
-79.177
-79.046
-79.226
-79.148
-79.494
-79.432
-79.407
-79.525
-79.613
-79.748
-79.595
-79.353
-79.317
-79.256
-79.141
-79.018
-78.757
-78.662
-78.329
-78.185
-78.292
-78.2
-78.151
-78.467
-78.609
-78.84
-78.819
-78.709
-78.653
-78.431
-78.429
-78.215
-78.268
-78.2
-78.074
-77.991
-77.97
-77.981
-78.184
-78.095
-78.135
-78.166
-78.447
-78.617
-78.507
-78.789
-78.961
-78.916
-79.044
-78.985
-79.024
-79.121
-78.968
-78.963
-78.777
-79.033
-78.794
-78.714
-78.707
-79.013
-78.976
-78.954
-79.053
-78.945
-78.758
-78.971
-78.88
-78.983
-79.084
-79.015
-79.055
