-89.91
-90.157
-90.247
-90.116
-90.237
-90.322
-90.237
-90.319
-90.335
-90.302
-90.377
-90.51
-90.264
-90.442
-90.594
-90.783
-90.713
-90.485
-90.231
-90.41
-90.199
-90.159
-90.097
-90.038
-89.969
-89.848
-89.895
-90.081
-90.256
-90.297
-90.158
-89.898
-89.864
-89.698
-89.548
-89.501
-89.589
-89.765
-89.716
-89.792
-89.519
-89.541
-89.712
-89.951
-89.991
-90.283
-90.326
-90.069
-90.162
-90.156
-89.989
-90.034
-90.223
-90.338
-90.336
-90.47
-90.61
-90.986
-90.698
-90.747
-90.627
-90.707
-90.347
-90.057
-89.925
-89.799
-89.748
-89.749
-89.8
-90.149
-89.899
-90.128
-90.074
-90.006
-90.152
-90.13
-90.005
-89.747
-89.695
-89.888
-90.108
-89.887
-89.544
-89.684
-89.766
-89.888
-89.932
-90.009
-89.78
-89.963
-90.122
-90.064
-89.749
-89.558
-89.519
-89.453
-89.401
-89.35
-89.547
-89.817
-89.687
-89.459
-89.405
-89.527
-89.376
-89.487
-89.634
-89.526
-89.632
-89.434
-89.491
-89.352
-89.231
-88.882
-88.995
-88.845
-88.814
-88.844
-88.9
-88.809
-88.992
-89.22
-89.389
-89.572
-89.772
-89.768
-89.763
-89.936
-89.478
-89.469
-89.409
-89.355
-89.411
-89.489
-89.193
-89.106
-88.985
-89.011
-89.032
-89.092
-89.228
-89.328
-89.434
-89.554
-89.742
-89.803
-89.75
-90.013
-90.108
-89.782
-89.794
-89.829
-89.81
-89.825
-89.798
-89.624
-89.6
-89.497
-89.251
-88.694
-88.2
-87.69
-87.171
-86.952
-86.933
-86.684
-86.379
-86.417
-86.048
-85.906
-85.633
-85.314
-85.358
-85.293
-84.785
-84.451
-84.574
-84.519
-84.399
-84.378
-84.114
-84.096
-83.866
-83.678
-83.577
-84.063
-83.9
-83.623
-83.389
-83.449
-83.615
-83.442
-83.185
-82.919
-82.87
-82.954
-82.852
-82.825
-82.88
-82.476
-82.563
-82.719
-82.924
-83.146
-82.953
-83.059
-83.362
-83.401
-83.415
-83.363
-83.207
-83.339
-83.234
-83.387
-83.19
-83.13
-82.986
-82.965
-82.776
-82.609
-82.492
-82.35
-82.335
-82.391
-81.994
-81.805
-81.463
-81.309
-80.994
-80.681
-80.651
-80.384
-80.22
-79.778
-79.732
-79.451
-79.406
-79.183
-79.085
-78.644
-78.543
-78.44
-78.463
-78.37
-78.036
-77.87
-77.619
-77.511
-77.659
-77.438
-77.665
-77.814
-77.524
-77.431
-77.635
-77.657
-77.762
-77.551
-77.369
-77.525
-77.404
-76.982
-76.914
-76.742
-76.811
-76.82
-77.366
-77.53
-77.462
-77.367
-77.114
-77.13
-77.077
-77.035
-77.185
-77.124
-76.899
-77.022
-76.722
-77.106
-76.977
-77.122
-76.778
-76.655
-76.734
-76.548
-76.679
-76.516
-76.146
-76.236
-76.467
-76.688
-76.937
-76.95
-76.864
-76.91
-77.079
-76.96
-76.81
-76.565
-76.333
-76.553
-76.519
-76.647
-76.637
-76.475
-76.295
-75.99
-76.101
-76.301
-76.572
-76.788
-77.011
-76.779
-76.844
-76.755
-76.653
-76.697
-76.609
-76.717
-76.659
-76.646
-76.526
-76.395
-76.298
-76.263
-76.202
-76.142
-76.222
-76.34
-76.339
-76.522
-76.46
-76.379
-76.676
-76.777
-76.653
-76.112
-76.079
-75.86
-75.727
-75.716
-75.215
-74.907
-74.743
-74.707
-74.439
-74.138
-73.908
-73.899
-73.673
-73.091
-72.457
-72.316
-71.814
-71.481
-71.417
-71.155
-70.701
-70.431
-70.276
-70.043
-69.363
-69.17
-68.894
-69.006
-68.703
-68.576
-68.464
-67.929
-67.877
-67.631
-67.171
-66.856
-66.492
-66.329
-66.515
-66.204
-65.988
-65.768
-65.581
-65.38
-65.212
-65.08
-65.249
-65.076
-65.104
-65.421
-65.424
-65.697
-65.621
-65.553
-65.472
-65.341
-65.438
-65.086
-65.235
-65.1
-64.84
-64.559
-63.956
-63.678
-63.187
-62.865
-62.559
-62.217
-62.294
-62.111
-61.961
-61.683
-61.633
-61.86
-61.782
-61.579
-61.717
-61.704
-61.504
-61.358
-61.456
-61.497
-61.298
-61.116
-60.984
-60.61
-60.622
-60.392
-60.481
-60.315
-60.322
-60.239
-60.049
-60.125
-59.78
-59.338
-58.885
-58.736
-58.493
-58.118
-57.615
-57.214
-56.853
-56.782
-56.375
-55.989
-55.429
-55.134
-54.502
-54.144
-53.259
-52.56
-51.546
-50.303
-47.808
-45
-45
-45
-45
-45
-45
-45
-45
-45
-45
-45
-45
-45
-45
-49.387
-56.102
-61.372
-64.966
-67.675
-69.23
-70.391
-71.069
-71.503
-71.647
-71.738
-71.936
-71.844
-71.768
-71.596
-71.444
-70.92
-70.56
-70.313
-70.011
-69.696
-69.722
-69.373
-69.364
-69.073
-68.768
-69.708
-71.477
-73.289
-75.107
-76.129
-77.599
-78.03
-78.51
-79.096
-79.073
-79.354
-79.32
-79.592
-79.515
-79.556
-79.662
-79.578
-79.424
-79.331
-79.205
-79.155
-79.351
-79.561
-79.795
-79.586
-79.893
-79.831
-79.725
-79.884
-80.017
-80.049
-79.8
-79.962
-80.183
-80.061
-80.151
-80.226
-80.08
-80.123
-79.71
-79.629
-79.797
-79.54
-79.401
-79.146
-79.192
-79.299
-79.19
-79.246
-78.892
-79.014
-79.218
-79.326
-79.441
-79.621
-79.461
-79.417
-79.618
-79.698
-79.495
-79.4
-79.682
-79.58
-79.43
-79.437
-79.478
-79.552
-79.482
-79.363
-79.362
-79.563
-79.633
-79.452
-79.523
-79.586
-79.247
-79.226
-79.168
-79.348
-79.396
-79.717
-79.993
-79.936
-80.214
-80.197
-80.192
-80.075
-80.03
-80.131
-79.736
-79.478
-79.691
-79.628
-79.358
-79.193
-79.181
-78.954
-78.838
-78.951
-78.974
-79.003
-78.905
-78.79
-79.028
-79.015
-79.109
-79.035
-78.972
-79.055
-79.062
-79.092
-79.038
-79.087
-78.888
-78.942
-79.054
-79.042
-79.303
-79.314
-79.178
-79.449
-79.43
-79.46
-79.331
-79.384
-79.711
-79.73
-79.636
-79.617
-79.664
-79.62
-79.443
-79.442
-79.461
-79.453
-79.583
-79.898
-80.089
-79.921
-79.786
-79.687
-79.791
-79.935
-80.314
-80.36
-80.437
-80.588
-80.682
-80.657
-80.66
-80.64
-80.755
-80.805
-80.775
-80.842
-80.992
-80.674
-80.628
-80.443
-80.536
-80.303
-80.274
-80.491
-80.417
-80.506
-80.172
-79.898
-79.837
-79.758
-79.519
-79.427
-79.716
-79.632
-79.752
-79.951
-79.866
-80.118
-79.79
-79.781
-79.749
-79.829
-79.916
-79.759
-79.617
-79.309
-79.482
-79.465
-79.623
-79.604
-79.928
-79.762
-79.92
-79.802
-79.735
-79.674
-79.768
-79.965
-79.993
-79.945
-79.961
-79.792
-80.037
-80.03
-80.271
-80.541
-80.791
-80.821
-80.956
-80.985
-81.308
-81.327
-81.256
-81.118
-80.933
-81.09
-81.25
-81.37
-81.313
-81.25
-81.162
-81.258
-81.382
-81.334
-81.407
-81.388
-81.393
-81.323
-81.276
-81.076
-81.129
-81.088
-80.965
-80.969
-80.909
-80.912
-80.854
-80.68
-80.526
-80.355
-80.602
-80.851
-81.017
-81.18
-81.45
-81.264
-81.349
-81.407
-81.315
-81.336
-80.951
-81.104
-81.142
-81.237
-81.189
-81.277
-80.969
-80.785
-80.887
-80.911
-80.929
-81.003
-80.697
-80.565
-80.546
-80.401
-80.609
-80.542
-80.51
-80.55
-80.719
-80.697
-80.729
-80.391
-80.286
-80.178
-79.957
-80.105
-80.331
-80.253
-80.266
-79.975
-79.835
-79.599
-79.723
-79.573
-79.367
-79.265
-79.15
-79.021
-79.12
-79.518
-79.292
-79
-79.159
-79.264
-79.424
-79.182
-79.44
-79.547
-79.42
-79.199
-79.436
-79.439
-79.301
-79.063
-79.225
-79.395
-79.565
-79.561
-79.701
-80.071
-80.142
-80.418
-80.412
-80.622
-80.729
-80.847
-80.779
-80.928
-80.816
-80.533
-80.432
-80.556
-80.381
-80.519
-80.53
-80.236
-80.14
-80.067
-79.992
-80.199
-80.069
-80.198
-80.345
-80.703
-80.764
-80.842
-80.72
-80.641
-80.707
-81.104
-81.069
-81.421
-81.327
-81.436
-81.26
-81.247
-81.33
-81.344
-81.31
-81.097
-81.214
-81.11
-81.102
-81.224
-80.957
-81.035
-80.998
-81.12
-80.8
-80.884
-81.025
-81.094
-81.142
-81.7
-81.439
-81.515
-81.75
-81.835
-81.829
-81.8
-81.592
-81.792
-81.714
-81.744
-81.605
-81.599
-81.435
-81.479
-81.445
-81.427
-81.379
-81.615
-81.585
-81.366
-81.614
-81.771
-81.78
-81.688
-81.764
-81.545
-81.61
-81.601
-81.644
-81.753
-81.668
-81.815
-82.077
-82.029
-81.862
-81.949
-81.863
-82.07
-82.055
-82.252
-82.167
-82.349
-82.281
-81.951
-82.127
-82.054
-82.049
-82.117
-82.24
-82.127
-82.162
-82.008
-81.924
-81.792
-82.078
-82.092
-81.849
-81.599
-81.652
-81.645
-81.516
-81.641
-81.831
-81.808
-81.809
-81.587
-81.648
-81.796
-81.861
-81.997
-81.78
-81.805
-81.665
-81.932
-81.839
-81.788
-81.471
-81.513
-81.405
-81.577
-81.716
-81.433
-81.392
-81.528
-81.146
-81.015
-81.135
-81.011
-80.717
-80.354
-80.523
-80.708
-80.395
-80.582
-80.632
-80.591
-80.714
-80.396
-80.464
-80.37
-80.629
-80.412
-80.726
-80.53
-80.593
-80.804
-80.716
-80.721
-80.624
-80.544
-80.96
-81.082
-80.987
-81.307
-81.164
-81.344
-81.112
-81.11
-81.299
-81.377
-81.341
-81.445
-81.494
-81.502
-81.481
-81.304
-81.296
-81.373
-81.338
-81.375
-81.443
-81.797
-81.83
-81.786
-82.02
-82.025
-82.094
-82.221
-82.261
-82.215
-82.161
-82.053
-82.052
