-81.957
-82.238
-82.095
-82.099
-82.239
-82.416
-82.494
-82.218
-82.178
-82.386
-82.501
-82.556
-82.406
-82.688
-82.819
-82.793
-82.737
-82.988
-82.706
-82.657
-82.616
-82.472
-82.388
-82.461
-82.688
-82.8
-82.805
-82.471
-82.626
-82.289
-82.495
-82.481
-82.467
-82.5
-82.499
-82.348
-82.188
-82.185
-81.952
-81.759
-81.957
-81.873
-81.807
-81.564
-81.741
-81.716
-81.5
-81.342
-81.062
-81.103
-81.119
-81.023
-81.14
-81.143
-81.1
-81.043
-81.144
-81.196
-81.113
-81.216
-81.416
-81.551
-81.559
-81.657
-81.413
-81.492
-81.795
-81.844
-81.589
-81.583
-81.722
-81.704
-81.744
-81.857
-81.781
-82.051
-81.728
-81.575
-81.389
-81.297
-81.288
-81.015
-80.867
-80.567
-80.829
-80.829
-80.745
-80.519
-80.439
-80.787
-80.857
-80.768
-80.843
-80.783
-80.737
-80.948
-80.576
-80.537
-80.489
-80.537
-80.352
-80.366
-80.5
-80.459
-80.41
-80.176
-80.132
-80.459
-80.444
-80.144
-80.097
-79.923
-79.948
-80.082
-80.308
-80.293
-80.035
-79.967
-79.806
-79.644
-79.786
-79.954
-79.611
-79.699
-79.079
-78.993
-78.778
-78.806
-79.019
-79.065
-79.181
-79.399
-79.153
-79.257
-79.171
-79.003
-78.977
-79.196
-78.882
-79.118
-79.329
-79.397
-79.265
-79.135
-79.197
-78.954
-78.593
-79.047
-79.009
-78.881
-79.035
-78.676
-78.585
-78.681
-78.76
-78.882
-78.783
-78.673
-78.867
-79.109
-79.103
-79.139
-79.108
-79.45
-79.406
-79.345
-79.165
-79.031
-79.068
-79.308
-79.507
-79.311
-79.608
-79.941
-80.072
-80.024
-80.103
-80.122
-80.225
-80.255
-80.409
-80.531
-80.47
-80.722
-80.767
-80.789
-80.802
-80.625
-80.591
-80.8
-80.955
-80.943
-80.967
-80.925
-80.748
-80.657
-80.672
-80.616
-80.65
-80.679
-80.839
-81.108
-81.229
-81.247
-81.424
-81.387
-81.363
-81.368
-81.405
-81.224
-81.523
-81.644
-81.9
-81.826
-81.442
-81.598
-81.488
-81.602
-81.619
-81.657
-81.803
-81.856
-81.809
-81.722
-81.381
-81.35
-80.997
-81.215
-81.124
-81.026
-80.912
-81.117
-81.081
-81.258
-81.296
-81.224
-81.095
-80.856
-80.814
-80.67
-80.31
-79.847
-79.863
-79.539
-79.18
-79.203
-78.951
-78.325
-78.23
-77.979
-77.464
-77.319
-76.96
-76.854
-76.705
-76.677
-76.25
-75.891
-75.536
-75.275
-75.299
-75.032
-74.651
-74.567
-74.237
-74.31
-74.118
-74.185
-74.278
-74.547
-74.656
-74.715
-74.483
-74.337
-74.61
-74.411
-74.386
-74.193
-73.896
-73.683
-73.494
-73.158
-73.131
-73.11
-73.171
-73.166
-73.238
-73.145
-73.117
-73.309
-73.039
-72.846
-72.966
-72.966
-72.754
-72.76
-72.873
-72.513
-72.638
-72.493
-72.58
-72.564
-72.58
-72.815
-73.107
-73.295
-73.546
-73.275
-73.343
-73.271
-73.295
-73.17
-73.277
-73.464
-73.341
-73.439
-73.179
-73.133
-73.068
-73.124
-73.124
-72.969
-73.016
-72.913
-72.629
-72.629
-72.293
-72.356
-72.504
-72.386
-72.414
-72.325
-72.519
-72.38
-72.177
-72.323
-72.449
-72.559
-72.752
-72.708
-72.565
-72.693
-72.937
-73.075
-73.231
-73.216
-73.225
-73.35
-73.49
-73.525
-73.423
-73.343
-73.332
-73.233
-72.95
-73.023
-72.927
-73.273
-73.143
-73.544
-73.51
-73.422
-73.42
-73.563
-73.832
-73.661
-73.415
-73.368
-73.501
-73.495
-73.194
-73.018
-73.225
-73.163
-73.316
-73.477
-73.373
-73.609
-73.808
-73.99
-74.092
-74.216
-74.217
-74.202
-74.122
-74.003
-73.891
-73.813
-74.031
-74.055
-74.134
-74.232
-74.413
-74.291
-73.927
-74.061
-73.913
-74.035
-74.061
-74.354
-75.23
-76.234
-77.193
-78.071
-78.381
-78.727
-79.189
-79.439
-79.756
-79.612
-79.874
-79.719
-79.817
-79.817
-79.778
-79.594
-79.487
-79.282
-79.157
-79.088
-79.032
-78.948
-78.863
-78.851
-78.867
-78.918
-79.168
-79.258
-79.499
-79.275
-79.379
-79.343
-79.325
-79.293
-78.974
-79.171
-79.111
-79.086
-79.274
-79.415
-79.429
-79.453
-79.421
-79.368
-79.29
-79.4
-79.372
-79.442
-79.709
-79.74
-79.736
-79.726
-80
-79.78
-79.832
-79.749
-79.708
-79.715
-79.78
-79.617
-79.712
-79.84
-79.89
-80.03
-80.09
-80.055
-79.918
-79.577
-79.691
-79.919
-80.016
-80.011
-79.948
-79.954
-79.843
-79.601
-79.485
-79.815
-79.759
-79.763
-79.777
-80
-79.844
-79.841
-80.185
-79.991
-79.666
-79.515
-79.602
-79.776
-79.677
-79.506
-79.524
-79.532
-79.888
-80.084
-79.941
-79.756
-79.645
-79.368
-79.258
-78.988
-78.674
-78.431
-78.443
-78.506
-78.43
-78.52
-78.777
-78.799
-78.82
-78.64
-78.736
-78.414
-78.532
-78.578
-78.717
-78.704
-78.753
-78.829
-78.824
-78.829
-78.631
-78.659
-78.429
-78.532
-78.581
-78.511
-78.979
-78.991
-78.98
-78.973
-79.258
-79.283
-79.181
-79.213
-79.383
-79.622
-79.634
-79.544
-79.37
-79.496
-79.642
-79.695
-79.763
-79.703
-79.906
-80.087
-80.077
-80.299
-80.125
-80.364
-80.502
-80.71
-80.572
-80.31
-79.905
-79.551
-79.289
-78.924
-78.458
-78.192
-77.837
-78.006
-77.942
-78.068
-78.035
-78.079
-78.2
-78.067
-77.791
-77.811
-77.719
-77.704
-77.528
-77.642
-77.783
-77.976
-78.207
-78.097
-78.515
-78.51
-78.708
-78.915
-78.739
-78.687
-78.6
-78.543
-78.4
-78.74
-78.788
-79.183
-79.456
-79.436
-79.399
-79.458
-79.395
-79.145
-79.181
-79.076
-79.199
-79.39
-79.321
-79.359
-79.341
-79.373
-79.494
-79.274
-79.511
-79.66
-79.423
-79.381
-79.275
-79.186
-79.36
-79.576
-79.635
-79.784
-79.623
-79.731
-79.587
-79.473
-79.38
-79.563
-79.451
-79.547
-79.654
-79.52
-79.672
-79.81
-80.338
-80.349
-80.241
-80.218
-80.051
-79.995
-79.953
-80.057
-80.207
-80.185
-79.909
-80.062
-79.799
-79.664
-79.632
-79.687
-79.915
-79.867
-79.965
-79.816
-79.883
-79.945
-80.265
-80.132
-80.57
-80.558
-80.521
-80.585
-80.675
-80.92
-80.814
-81.047
-80.999
-81.006
-81.108
-81.059
-80.78
-80.669
-80.576
-80.516
-80.59
-80.503
-80.817
-80.789
-80.734
-80.213
-80.198
-80.313
-80.276
-80.244
-80.241
-80.007
-80
-79.869
-80.014
-80.262
-80.398
-80.113
-80.168
-80.111
-79.87
-80.008
-79.822
-79.502
-79.065
-79.248
-79.034
-78.93
-79.16
-79.269
-79.127
-78.824
-78.645
-78.429
-78.593
-78.651
-78.785
-78.892
-78.895
-78.895
-79.135
-78.896
-79.034
-79.143
-79.202
-79.17
-79.067
-78.896
-79.113
-79.214
-78.985
-78.807
-79.091
-78.97
-79.259
-79.463
-79.516
-79.677
-79.636
-79.557
-79.586
-79.511
-79.662
-79.652
-79.635
-79.693
-79.776
-79.583
-79.524
-79.444
-79.359
-79.55
-79.535
-79.427
-79.428
-79.446
-79.476
-79.518
-79.496
-79.577
-79.851
-79.852
-79.788
-79.891
-79.994
-79.796
-80.027
-80.025
-79.876
-79.68
-79.661
-79.64
-79.536
-79.664
-79.723
-79.571
-79.34
-79.448
-79.351
-79.584
-79.053
-78.943
-78.798
-78.822
-78.84
-78.73
-78.678
-78.448
-78.309
-78.617
-78.902
-79.02
-79.042
-79.105
-79.173
-79.2
-79.195
-79.18
-79.148
-79.234
-78.918
-78.957
-78.718
-78.699
-78.681
-78.883
-78.821
-78.762
-78.729
-78.906
-79.035
-78.836
-79.167
-79.37
-79.193
-79.008
-79
-79.014
-79.105
-78.911
-78.877
-78.904
-79.082
-78.904
-78.827
-79.063
-79.229
-79.169
-79.038
-78.989
-78.545
-79.045
-79.234
-79.036
-79.273
-79.169
-79.094
-79.051
-79.142
-78.973
-79.054
-79.405
-79.437
-79.089
-78.901
-79.133
-78.907
-78.976
-78.667
-78.78
-78.856
-78.939
-79.224
-78.948
-79.195
-79.229
-79.477
-79.358
-79.627
-79.821
-79.798
-79.615
-79.779
-79.458
-79.465
-79.78
-79.739
-79.671
-79.237
-79.482
-79.594
-79.793
-79.633
-79.529
-79.282
-79.476
-79.373
-79.384
-79.341
-79.274
-79.381
-79.275
-79.247
-79.494
-79.689
-79.643
-79.858
-79.942
-80.004
-80.323
-80.247
-80.351
-80.43
-80.457
-80.483
-80.397
-80.742
-80.685
-80.731
-81.052
-81.229
-81.282
-81.123
-81.063
-80.842
-80.626
-80.816
-80.861
-80.907
-80.879
-80.729
-80.803
-80.842
-80.931
-80.928
-81.14
-81.07
-81.193
-81.364
-81.486
-81.509
-81.745
-81.626
-81.495
-81.257
-81.307
-81.331
-81.501
-81.503
-81.233
-81.098
-81.017
-80.896
-80.761
-80.959
-80.53
-80.548
-80.63
-80.801
-80.741
-80.746
-80.84
-80.793
-80.963
-81.113
-81.206
-81.275
-81.373
-81.334
-81.075
-80.933
-81.03
-81.015
-81.138
-81.272
-81.305
-81.225
-81.073
-80.934
-80.985
-81.082
-81.048
-80.939
-80.958
-81.126
-81.019
-81.054
-81.053
-80.967
-81.214
-81.459
-81.261
-81.303
-81.033
-81.187
-81.21
-80.847
-81.067
-81.224
-81.349
-81.04
-81.027
-81.054
-80.745
-80.539
-80.716
-80.372
-80.159
-79.919
-79.856
-79.838
-79.916
-79.894
-80.145
-80.09
-80.175
-80.04
-80.06
-80.106
-80.29
-80.216
-80.19
-80.019
-79.917
-80.021
-79.861
-79.888
-79.994
-80.049
-79.917
-80.25
