-80.059
-79.894
-79.653
-79.43
-79.215
-79.286
-79.356
-79.553
-79.387
-79.297
-79.275
-79.41
-79.677
-79.433
-79.559
-79.787
-80.043
-79.965
-80.28
-80.347
-80.615
-80.65
-80.466
-80.58
-80.841
-80.994
-81.078
-80.938
-81.057
-80.899
-80.959
-80.734
-80.81
-80.726
-80.891
-81.068
-81.623
-81.614
-81.62
-81.666
-81.873
-81.745
-81.757
-81.924
-82.233
-82.393
-82.585
-82.846
-82.541
-82.21
-82.372
-82.2
-82.124
-81.849
-81.832
-82.039
-82.025
-81.977
-81.873
-81.736
-81.455
-81.255
-81.436
-81.126
-80.912
-80.832
-80.901
-80.921
-81.007
-81.111
-80.989
-80.749
-80.838
-80.807
-80.677
-81.003
-81.18
-81.257
-81.355
-81.642
-81.652
-81.504
-81.083
-81.017
-80.903
-81.304
-81.476
-81.351
-81.474
-81.55
-81.472
-81.505
-81.385
-81.368
-81.35
-81.25
-81.55
-81.521
-81.415
-81.482
-81.519
-81.399
-81.229
-81.07
-81.192
-81.148
-81.461
-81.601
-81.748
-81.84
-81.93
-81.978
-81.91
-82.063
-81.838
-82.002
-82.081
-81.627
-81.327
-81.068
-81.041
-80.814
-80.99
-81.109
-81.278
-81.03
-80.981
-81.365
-81.434
-81.197
-81.191
-81.069
-81.189
-81.417
-81.767
-81.512
-81.407
-81.539
-81.631
-81.659
-81.614
-81.394
-81.394
-81.246
-81.078
-81.056
-81.151
-80.974
-80.862
-80.952
-81.019
-81.186
-81.263
-81.015
-81.215
-81.379
-81.347
-81.378
-81.363
-81.232
-81.202
-81.122
-81.059
-81.091
-81.059
-81.1
-80.996
-81.024
-81.104
-81.132
-81.09
-81.177
-81.041
-81.095
-80.896
-80.949
-80.955
-80.903
-80.927
-80.983
-80.804
-80.642
-80.581
-80.798
-80.428
-80.09
-80.06
-80.175
-80.009
-80.008
-79.903
-80.145
-80.272
-80.209
-80.247
-80.206
-80.194
-79.857
-80.091
-80.242
-80.534
-80.402
-80.261
-80.199
-80.223
-80.415
-80.735
-80.414
-80.227
-80.201
-79.812
-79.871
-79.863
-79.762
-79.82
-79.876
-79.667
-79.757
-80.026
-80.024
-79.973
-79.989
-80.048
-79.934
-80.118
-80.199
-80.043
-80.242
-80.137
-80.131
-80.204
-80.376
-80.274
-80.386
-80.168
-80.154
-80.226
-80.478
-80.438
-80.461
-80.411
-80.934
-80.881
-80.66
-80.819
-81.003
-80.846
-80.722
-80.685
-80.665
-80.608
-80.875
-80.997
-80.671
-80.877
-80.61
-80.335
-80.138
-80.222
-80.036
-80.293
-80.417
-80.38
-80.283
-80.142
-80.233
-79.998
-79.842
-80.019
-79.986
-79.963
-79.839
-79.953
-79.991
-80.002
-79.977
-80.042
-80.004
-79.925
-79.976
-80.154
-80.041
-79.903
-79.966
-80.01
-80.085
-80.121
-79.778
-79.743
-80.075
-80.111
-80.12
-79.911
-79.943
-80.111
-80.035
-79.975
-79.792
-79.809
-79.686
-79.872
-80.197
-79.978
-80.019
-79.874
-79.811
-79.808
-79.845
-79.795
-79.855
-79.817
-79.829
-79.903
-80.027
-79.949
-80.12
-79.935
-79.983
-79.98
-79.878
-79.899
-79.881
-79.996
-80.019
-79.839
-80.001
-79.833
-79.807
-80.114
-80.146
-80.163
-80.147
-80.138
-79.906
-80.183
-80.128
-80.236
-80.372
-80.39
-80.209
-80.317
-80.519
-80.616
-80.47
-80.172
-80.021
-80.071
-80.118
-79.889
-80.015
-80.235
-80.195
-80.235
-79.942
-79.723
-79.674
-79.818
-79.726
-80.032
-79.771
-79.648
-79.769
-79.639
-79.888
-80.035
-79.85
-79.698
-79.961
-80.162
-79.969
-79.813
-79.772
-79.938
-79.73
-80.051
-80.192
-80.411
-80.102
-80.019
-79.97
-79.911
-79.944
-79.987
-79.931
-80.056
-80.188
-80.486
-80.389
-80.195
-80.169
-79.997
-79.902
-79.954
-79.849
-79.946
-79.887
-79.996
-79.989
-79.839
-79.856
-79.729
-79.924
-80.018
-80.193
-80.021
-80.079
-80.17
-80.174
-80.133
-80.267
-80.274
-80.45
-80.305
-80.063
-80.126
-80.101
-80.234
-80.319
-80.46
-80.445
-80.113
-80.114
-80.149
-80.172
-80.032
-80.144
-80.289
-80.028
-79.74
-79.802
-79.725
-79.96
-79.822
-79.802
-79.906
-79.907
-79.898
-79.808
-79.921
-79.74
-79.895
-79.948
-79.946
-80.033
-80.365
-80.5
-80.374
-80.48
-80.933
-80.799
-80.883
-80.734
-80.347
-80.153
-80.094
-79.918
-79.833
-79.647
-79.59
-79.36
-79.639
-79.27
-79.137
-78.919
-78.699
-78.517
-78.284
-78.198
-77.997
-77.78
-77.369
-77.055
-76.953
-76.902
-76.925
-76.566
-76.462
-76.261
-76.429
-76.285
-75.916
-75.829
-75.77
-75.621
-75.663
-75.645
-75.779
-76.049
-76.529
-76.611
-76.492
-76.733
-76.849
-77.054
-77.201
-77.534
-77.374
-77.334
-77.263
-77.168
-77.292
-77.275
-77.35
-77.736
-77.344
-77.465
-77.873
-77.9
-77.823
-77.646
-77.609
-77.597
-77.616
-77.598
-77.513
-77.543
-77.449
-77.442
-77.458
-77.566
-77.513
-77.663
-77.682
-77.567
-77.539
-77.8
-77.904
-77.949
-78.121
-77.993
-77.902
-78.03
-77.96
-77.853
-77.79
-77.868
-77.966
-78.188
-78.234
-78.242
-78.601
-78.381
-78.163
-78.138
-78.411
-78.358
-78.308
-78.095
-78.04
-78.35
-78.433
-78.437
-78.372
-78.136
-77.988
-78.161
-78.37
-78.485
-78.494
-78.432
-78.589
-78.486
-78.758
-78.564
-78.455
-78.678
-78.799
-78.828
-78.867
-78.813
-79.07
-79.168
-78.862
-79.156
-79.239
-79.22
-79.12
-79.02
-79.188
-79.149
-79.342
-79.461
-79.507
-79.089
-79.118
-79.169
-79.346
-79.403
-79.657
-79.686
-79.544
-79.709
-79.662
-79.634
-79.682
-79.856
-79.703
-79.357
-79.602
-79.882
-80.084
-80.115
-79.996
-80.272
-79.893
-79.792
-80.176
-80.354
-80.219
-80.222
-80.201
-80.212
-79.868
-79.993
-79.819
-79.901
-79.756
-79.714
-79.57
-79.381
-79.398
-79.387
-79.303
-79.47
-79.635
-79.711
-79.989
-79.958
-80.162
-80.375
-80.168
-80.383
-80.719
-80.699
-80.846
-80.7
-80.67
-80.846
-80.879
-80.766
-80.788
-80.557
-80.734
-80.566
-80.563
-80.543
-80.531
-80.62
-80.552
-80.696
-80.729
-80.723
-80.769
-80.159
-79.981
-79.781
-79.815
-80.124
-80.104
-80.084
-80.335
-80.387
-80.217
-80.068
-80.437
-80.199
-80.261
-80.392
-80.276
-80.351
-80.323
-80.454
-80.279
-80.242
-79.959
-80.067
-80.045
-79.878
-79.684
-79.444
-79.283
-79.37
-79.482
-79.32
-79.321
-79.308
-79.506
-79.317
-79.432
-79.417
-79.558
-79.773
-79.769
-79.95
-79.736
-79.765
-79.633
-79.387
-79.288
-78.922
-78.732
-78.529
-78.428
-78.597
-78.49
-78.629
-78.933
-78.801
-78.878
-78.731
-78.661
-78.59
-78.675
-78.775
-79.006
-79.028
-79.074
-78.998
-79.031
-79.024
-78.956
-78.927
-78.887
-79.173
-79.196
-79.417
-79.046
-79.016
-79.232
-79.336
-78.992
-79.1
-79.306
-79.316
-79.471
-79.278
-79.253
-79.294
-78.843
-78.917
-78.87
-78.36
-78.426
-78.193
-78.333
-78.409
-78.494
-78.86
-78.877
-78.916
-78.889
-79.061
-79.087
-79.23
-79.443
-79.576
-79.459
-79.867
-79.936
-79.972
-80.176
-80.258
-80.186
-80.227
-80.283
-80.142
-79.982
-80.041
-80.044
-80.006
-80.194
-80.188
-80.164
-80.145
-80.09
-80.406
-80.57
-80.542
-80.481
-80.412
-80.123
-80.082
-79.745
-79.799
-80.105
-80.061
-79.971
-79.916
-79.791
-79.556
-79.61
-79.486
-79.236
-79.417
-79.707
-79.677
-80.066
-79.935
-79.802
-79.432
-79.216
-79.049
-78.971
-78.827
-78.742
-78.755
-78.655
-78.328
-78.58
-78.557
-78.493
-78.299
-78.242
-78.003
-77.869
-77.889
-78.027
-77.669
-77.839
-77.742
-77.681
-77.736
-77.906
-77.779
-77.62
-77.644
-77.82
-77.802
-77.911
-78.169
-78.047
-77.965
-77.833
-77.659
-77.457
-77.575
-77.715
-77.693
-77.673
-77.805
-78.05
-78.041
-78.04
-77.816
-77.852
-77.772
-78.003
-77.982
-78.034
-77.873
-78.033
-78.123
-78.209
-78.027
-77.901
-78.002
-78.001
-78.015
-77.875
-77.839
-77.611
-77.745
-77.58
-77.631
-77.646
-77.516
-77.42
-77.25
-77.12
-77.06
-76.937
-77.103
-77.232
-77.208
-77.33
-77.144
-77.254
-77.371
-77.29
-77.38
-77.34
-77.315
-77.36
-77.388
-77.287
-77.215
-77.22
-77.284
-77
-77.047
-77.156
-77.175
-77.328
-77.119
-76.934
-76.924
-76.738
-76.792
-76.743
-76.745
-76.733
-76.708
-76.807
-76.534
-76.603
-76.478
-76.266
-76.081
-76.109
-76.253
-76.243
-76.322
-76.367
-76.609
-76.543
-76.431
-76.458
-76.428
-76.441
-76.214
-75.891
-75.784
-75.588
-75.565
-75.562
-75.721
-75.565
-75.948
-75.954
-75.773
-75.901
-76.263
-76.368
-76.385
-76.532
-76.619
-76.86
-76.921
-77.061
-77.151
-77.12
-76.978
-76.482
-76.563
-76.43
-76.225
-76.529
-76.33
-76.147
-76.241
-75.991
-76.158
-76.699
-76.659
-76.552
-76.478
-76.426
-76.092
-76.135
-76.355
-76.29
-76.292
-76.419
-76.492
-76.4
-76.387
-76.207
-76.234
-76.499
-76.332
-76.513
-76.48
-76.318
-76.6
-76.336
-76.562
-76.555
-76.506
-76.236
-75.908
-76.007
-76.144
-75.976
-75.976
-75.957
-75.822
-76.083
-75.99
-76.039
-75.927
-75.844
-75.878
-75.764
-76.053
-75.951
-75.991
-75.893
-76.118
-76.42
-76.526
-76.25
