-75.867
-75.889
-75.701
-75.57
-75.557
-75.729
-75.75
-75.997
-76.121
-75.787
-75.541
-75.453
-75.602
-75.583
-75.709
-75.487
-75.496
-75.421
-75.451
-75.276
-75.529
-75.248
-75.272
-75.074
-74.929
-74.839
-74.862
-74.791
-74.86
-75.008
-75.134
-75.275
-75.513
-75.359
-75.559
-75.478
-75.729
-76.141
-76.143
-76.015
-75.812
-75.711
-75.747
-76.042
-76.115
-76.319
-76.241
-76.396
-76.543
-76.416
-76.646
-76.399
-76.131
-76.282
-76.289
-76.337
-76.305
-76.33
-76.25
-76.26
-76.321
-76.327
-76.281
-76.485
-76.433
-76.551
-76.714
-76.871
-76.811
-76.6
-76.355
-76.27
-75.859
-75.652
-75.881
-76.114
-76.384
-76.328
-76.328
-76.586
-76.415
-76.331
-76.107
-75.983
-76.039
-75.935
-75.773
-75.845
-75.881
-75.863
-75.657
-75.767
-75.897
-75.779
-75.447
-75.243
-75.195
-75.188
-75.24
-75.148
-74.99
-74.887
-74.846
-74.841
-75.18
-75.1
-75.133
-74.522
-74.556
-74.785
-74.671
-74.537
-74.343
-74.426
-74.118
-73.913
-73.733
-73.981
-73.87
-74.098
-74.149
-73.92
-74.131
-73.81
-73.836
-74.05
-74.186
-74.083
-74.226
-74.385
-74.429
-74.305
-74.073
-73.824
-73.677
-73.503
-73.658
-73.494
-73.411
-73.395
-73.331
-73.41
-73.622
-73.754
-73.441
-73.352
-73.125
-72.975
-73.078
-73.146
-73.301
-73.714
-73.704
-73.565
-73.328
-73.183
-73.421
-73.275
-73.309
-73.441
-73.437
-73.447
-73.573
-73.715
-73.718
-73.643
-73.703
-73.661
-73.689
-73.609
-73.593
-73.682
-73.434
-73.465
-73.133
-73.143
-72.987
-73.073
-72.917
-72.931
-72.64
-73.082
-72.965
-72.646
-72.426
-72.254
-72.265
-72.341
-72.397
-72.463
-72.537
-72.336
-72.318
-72.451
-72.363
-72.425
-72.425
-72.48
-72.667
-72.525
-72.404
-72.191
-72.044
-72.174
-71.861
-71.689
-71.497
-70.834
-70.386
-69.647
-69.085
-68.287
-67.793
-67.634
-67.167
-66.89
-66.396
-65.882
-65.498
-65.109
-64.862
-64.503
-64.04
-64.082
-63.758
-63.481
-62.972
-62.58
-62.393
-62.306
-62.358
-62.308
-61.946
-61.837
-61.695
-61.787
-61.52
-61.089
-60.939
-60.608
-60.427
-60.356
-60.231
-60.386
-60.309
-60.399
-60.482
-60.73
-60.76
-60.835
-60.37
-60.255
-60.389
-60.313
-59.949
-60.057
-59.907
-59.992
-59.641
-59.424
-58.894
-58.453
-58.248
-57.889
-57.351
-56.895
-56.492
-56.376
-56.092
-55.601
-55.199
-54.86
-54.432
-54.104
-53.673
-53.265
-53.048
-52.621
-52.392
-52.418
-52.137
-51.577
-51.253
-51.109
-51.09
-50.941
-51.009
-50.681
-50.296
-50.142
-50.023
-49.799
-49.605
-49.542
-49.317
-49.027
-48.738
-48.481
-48.047
-47.522
-46.824
-46.243
-45
-45
-45
-45
-45
-45
-45
-45
-45
-45
-45
-45
-45
-45
-45
-45
-45
-45
-45
-46.161
-50.5
-54.018
-56.499
-58.341
-59.709
-60.616
-61.169
-61.616
-62.06
-62.341
-62.593
-62.948
-63.158
-63.19
-63.375
-63.314
-63.239
-63.236
-63.464
-63.362
-63.145
-63.011
-63.06
-62.704
-62.384
-61.903
-61.513
-61.132
-60.93
-60.437
-59.943
-59.718
-59.523
-59.41
-59.259
-59.168
-59.318
-59.079
-58.865
-58.457
-58.144
-57.648
-57.58
-57.079
-56.703
-56.75
-56.654
-56.576
-56.206
-56.288
-56.124
-55.945
-55.706
-55.338
-55.233
-55.248
-55.142
-54.86
-54.823
-54.915
-54.895
-54.956
-54.744
-54.149
-53.697
-53.297
-52.995
-52.766
-52.266
-51.954
-51.618
-51.239
-50.721
-50.414
-50.094
-49.962
-49.61
-49.159
-48.769
-48.613
-48.07
-47.519
-46.922
-45.876
-45
-45
-45
-45
-45
-45
-45
-45
-45
-45
-45
-45
-45
-45
-45
-45
-45
-45
-45
-45.794
-50.23
-53.72
-56.306
-58.413
-59.81
-60.646
-61.308
-61.772
-62.401
-62.223
-62.237
-62.42
-62.602
-62.769
-62.819
-62.973
-63
-62.831
-62.747
-62.206
-61.7
-61.312
-61.194
-60.569
-60.087
-59.561
-59.103
-58.792
-58.66
-58.668
-58.635
-58.122
-57.592
-57.586
-57.276
-57.093
-57.066
-57.036
-57.084
-57.029
-57.14
-57.239
-57.2
-57.364
-57.001
-56.973
-56.696
-56.341
-56.108
-55.939
-55.57
-54.943
-54.465
-53.956
-53.784
-53.888
-53.828
-53.685
-53.654
-53.685
-53.679
-53.513
-53.43
-53.431
-53.313
-53.384
-53.071
-53.034
-53.212
-53.228
-52.971
-53.39
-53.241
-53.026
-53.179
-52.962
-52.806
-53.04
-52.832
-52.577
-52.312
-51.745
-51.354
-51.039
-50.684
-50.268
-49.618
-49.097
-48.618
-48.313
-47.78
-47.195
-46.304
-45
-45
-45
-45
-45
-45
-45
-45
-45
-45
-45
-45
-45
-45
-45
-45
-45
-45
-45
-46.867
-51.369
-55.118
-57.515
-59.303
-60.504
-61.339
-61.665
-61.693
-61.574
-61.538
-61.37
-61.211
-61.176
-61.252
-61.447
-61.31
-61.038
-60.678
-60.214
-59.948
-59.818
-59.739
-59.525
-59.303
-58.989
-58.437
-58.543
-58.426
-58.437
-58.588
-58.836
-59.096
-59.117
-59.242
-59.07
-58.851
-58.75
-58.366
-58.031
-58.075
-57.893
-57.349
-57.041
-56.599
-56.292
-55.839
-55.431
-55.271
-55.093
-55.029
-55.017
-55.079
-55.011
-54.978
-54.807
-54.413
-54.392
-54.361
-54.182
-54.001
-54.156
-54.234
-54.175
-54.219
-54.247
-54.21
-54.169
-54.086
-54.221
-54.471
-54.485
-54.846
-54.561
-54.692
-54.306
-54.329
-54.062
-53.558
-53.472
-53.541
-53.164
-52.799
-52.73
-52.737
-52.605
-52.192
-51.845
-51.921
-51.868
-51.908
-51.672
-51.469
-51.485
-51.378
-51.283
-51.483
-51.477
-51.518
-51.602
-51.542
-51.673
-51.413
-51.168
-51.417
-51.224
-51.007
-50.946
-51.109
-51.274
-51.249
-51.084
-50.861
-50.638
-50.44
-50.569
-50.276
-50.051
-49.796
-49.272
-48.741
-48.071
-47.498
-46.698
-45.708
-45
-45
-48.02
-54.037
-60.288
-65.497
-69.416
-72.201
-74.381
-75.528
-76.37
-76.992
-77.456
-78.038
-78.338
-78.657
-78.938
-79.131
-79.069
-79.001
-79.092
-79.023
-79.254
-79.074
-79.059
-79.288
-79.328
-79.117
-79.339
-79.566
-79.448
-79.485
-79.345
-79.381
-79.315
-79.572
-79.766
-79.773
-79.969
-79.939
-79.962
-79.985
-79.978
-79.991
-80.113
-80.339
-80.161
-79.969
-80.108
-80.102
-80.224
-80.319
-79.975
-79.949
-79.881
-80.169
-79.981
-79.769
-79.811
-79.857
-79.686
-79.861
-79.87
-79.844
-79.749
-79.761
-79.892
-79.891
-80.148
-80.11
-80.177
-79.832
-79.88
-80.144
-79.76
-79.96
-79.84
-79.561
-79.396
-79.276
-79.355
-79.419
-79.366
-79.494
-79.64
-79.541
-79.549
-79.695
-79.781
-79.858
-79.963
-79.929
-80.051
-80.211
-80.387
-80.133
-80.209
-79.968
-79.767
-79.977
-80.037
-80.32
-80.573
-80.314
-80.303
-80.104
-79.891
-79.932
-79.985
-80.111
-80.19
-79.997
-80.096
-80.067
-79.925
-79.984
-80.178
-80.499
-80.624
-80.505
-80.664
-80.327
-80.193
-79.89
-79.928
-80.002
-80.046
-80.128
-80.015
-80.146
-80.18
-80.328
-80.257
-80.33
-80.396
-80.452
-80.513
-80.811
-80.857
-80.979
-80.687
-80.825
-80.789
-80.634
-80.571
-80.49
-80.455
-80.256
-80.374
-80.441
-80.204
-80.277
-80.135
-79.712
-79.995
-80.113
-80.22
-80.261
-80.423
-80.48
-80.597
-80.375
-80.381
-80.291
-80.354
-80.289
-80.655
-80.551
-80.604
-80.59
-80.444
-80.396
-80.468
-80.51
-80.269
-80.056
-80.037
-80.263
-80.287
-80.392
-80.362
-80.254
-80.006
-80.017
-79.938
-80.167
-79.901
-80.005
-80.063
-80.226
-80.24
-80.187
-80.074
-79.972
-79.955
-79.831
-79.838
-79.627
-79.242
-79.359
-79.302
-79.257
-79.229
-79.566
-79.468
-79.825
-79.957
-79.819
-79.678
-79.836
-79.825
-79.669
-79.951
-79.858
-79.953
-79.855
-79.774
-79.862
-79.936
-79.97
-80.17
-80.487
-80.623
-80.622
-80.876
-80.811
-80.679
-80.546
-80.286
-80.139
-80.138
-80.078
-79.996
-79.673
-79.596
-79.766
-79.552
-79.647
-79.64
-79.567
-79.748
-79.714
-79.476
-79.461
-79.376
-79.469
-79.626
-79.392
-79.287
-79.312
-79.886
-80.076
-80.051
-80.107
-80.246
-80.081
-79.832
-79.98
-79.942
-79.744
-79.575
-79.563
-79.562
-79.766
-79.907
-80.096
-79.87
-79.899
-79.746
-79.701
-79.615
-79.325
-79.459
-79.357
-79.307
-79.13
-79.125
-79.336
-79.105
-78.796
-79.033
-78.842
-79.004
-79.271
-79.318
-79.316
-79.369
-79.379
-79.265
-79.281
-79.254
-79.454
-79.645
-79.365
-79.363
-79.498
-79.133
-79.19
-79.161
-79.001
-79.002
-79.015
-78.815
-79.176
-79.275
-78.886
-78.807
-78.636
-78.747
-78.753
-78.496
-78.428
-78.462
-78.649
-78.626
-78.452
-78.789
-78.903
-78.954
-78.95
-78.607
-78.68
-78.602
-78.535
-78.581
-78.718
-78.722
-78.851
-78.893
-79.035
-78.95
-79.159
-79.393
-79.416
-79.162
-79.119
-78.814
-79.152
