-81.081
-81.131
-81.254
-81.186
-81.492
-81.665
-81.662
-81.542
-81.392
-81.435
-81.442
-81.111
-80.91
-81.011
-80.894
-80.756
-80.61
-80.578
-80.843
-80.921
-81.023
-80.752
-80.797
-80.604
-80.652
-80.552
-80.695
-80.762
-80.821
-80.956
-80.893
-80.924
-80.778
-80.873
-80.78
-80.713
-80.522
-80.689
-80.969
-80.906
-81.015
-81.106
-81.179
-81.329
-81.275
-81.438
-81.226
-81.342
-81.203
-81.273
-81.566
-81.757
-81.64
-81.705
-81.761
-81.521
-81.411
-81.225
-81.261
-81.561
-81.847
-81.918
-82.034
-82.074
-82.005
-82.131
-81.849
-81.849
-81.792
-81.626
-81.775
-81.796
-81.629
-81.775
-81.691
-81.529
-81.581
-81.741
-81.537
-81.53
-81.665
-81.664
-81.569
-81.657
-81.521
-81.644
-81.57
-81.359
-81.417
-81.54
-81.658
-81.585
-81.348
-81.296
-81.419
-81.498
-81.423
-81.372
-81.495
-81.345
-81.154
-81.28
-81.59
-81.679
-81.672
-81.603
-81.759
-82.058
-82.037
-81.659
-81.765
-81.707
-81.588
-81.85
-81.696
-81.499
-81.385
-81.667
-81.85
-81.742
-81.764
-81.789
-81.812
-81.887
-81.803
-81.673
-82.049
-82.095
-82.298
-82.287
-82.275
-81.897
-82.03
-81.871
-82.139
-82.258
-82.226
-82.113
-82.23
-82.231
-81.944
-81.887
-81.943
-82.028
-82.11
-82.04
-81.901
-81.865
-81.914
-82.072
-82.085
-81.849
-81.791
-81.692
-81.837
-81.792
-81.892
-81.891
-81.867
-81.981
-82.225
-82.126
-82.022
-81.88
-81.383
-81.587
-81.456
-81.445
-81.426
-81.349
-81.5
-81.459
-81.604
-81.607
-81.355
-81.263
-81.299
-81.149
-81.288
-81.27
-81.222
-81.242
-81.346
-81.036
-81.147
-81.211
-81.221
-81.369
-81.608
-81.831
-81.669
-81.561
-81.691
-81.558
-81.634
-81.715
-81.762
-81.844
-82.031
-82.122
-82.044
-82.217
-82.38
-82.273
-82.064
-82.286
-82.33
-82.543
-82.378
-82.446
-82.657
-82.814
-82.529
-82.423
-82.386
-82.572
-82.698
-82.513
-82.317
-82.304
-82.08
-81.747
-81.545
-81.674
-81.553
-81.58
-81.722
-81.879
-81.621
-81.612
-81.439
-81.553
-81.589
-81.65
-81.37
-81.373
-81.538
-81.668
-81.496
-81.643
-81.545
-81.483
-81.385
-81.232
-81.179
-81.122
-81.071
-80.923
-80.968
-80.963
-80.685
-80.363
-80.088
-79.856
-79.681
-79.631
-79.503
-79.643
-79.429
-79.286
-78.963
-78.871
-78.946
-78.646
-78.65
-78.54
-78.553
-78.645
-78.509
-78.224
-77.878
-77.883
-77.815
-77.665
-77.525
-77.407
-77.381
-77.357
-77.172
-77.166
-77.206
-77.239
-77.078
-77.202
-77.147
-77.056
-77.073
-77.201
-77.378
-77.286
-77.275
-77.326
-77.113
-76.636
-76.432
-76.097
-76.268
-76.2
-76.507
-76.264
-76.512
-76.595
-76.351
-76.575
-76.526
-76.539
-76.867
-77.337
-77.953
-78.617
-79.069
-79.284
-79.305
-79.562
-79.494
-79.539
-79.788
-80.109
-80.211
-80.143
-80.263
-80.204
-79.993
-80.012
-79.753
-79.682
-79.485
-79.254
-79.575
-79.192
-79.182
-79.457
-79.356
-79.539
-79.286
-79.34
-79.344
-79.337
-79.455
-79.58
-79.458
-79.168
-79.568
-79.589
-79.407
-79.713
-79.813
-79.632
-79.759
-79.966
-79.805
-80.065
-79.809
-79.751
-80.077
-79.878
-79.862
-79.997
-79.866
-79.939
-79.863
-79.672
-79.661
-79.515
-79.75
-79.696
-79.703
-80.043
-79.856
-80.075
-80.239
-80.158
-80.167
-80.264
-80.271
-80.169
-79.934
-80.081
-80.123
-80.245
-79.979
-79.627
-79.375
-79.224
-78.862
-78.837
-78.811
-79.036
-78.772
-78.941
-79.18
-79.223
-79.287
-79.333
-79.243
-79.312
-79.141
-79.042
-79.193
-79.437
-79.435
-79.298
-79.168
-79.515
-79.434
-79.27
-79.282
-79.426
-79.168
-79.281
-79.2
-79.339
-79.585
-79.6
-79.62
-79.659
-79.674
-79.751
-79.933
-79.894
-80.08
-80.075
-80.077
-79.909
-79.917
-79.852
-79.962
-80.094
-80.191
-80.147
-80.242
-79.986
-80.023
-79.993
-80.166
-80.08
-80.14
-79.861
-79.978
-79.962
-79.893
-80.112
-80.159
-80.172
-80.233
-80.537
-80.32
-80.264
-80.204
-80.129
-79.894
-79.963
-79.998
-79.971
-79.949
-80.158
-80.161
-79.923
-79.638
-79.795
-79.699
-79.907
-79.887
-79.983
-80.01
-80.158
-79.74
-80.128
-80.157
-80.175
-80.047
-79.991
-79.916
-79.962
-80.052
-79.969
-80.011
-80.133
-79.774
-79.926
-79.996
-80.017
-80.057
-80.354
-80.409
-80.459
-80.278
-80.261
-79.838
-80.071
-79.794
-79.623
-79.251
-79.447
-79.554
-79.799
-79.878
-79.865
-80.069
-80.283
-80.28
-80.146
-80.161
-80.098
-79.98
-79.87
-80.051
-79.616
-79.717
-79.585
-79.421
-79.454
-79.42
-79.601
-79.684
-79.668
-79.811
-79.847
-79.937
-80.066
-80.047
-80.086
-79.888
-79.985
-79.795
-79.507
-79.746
-79.837
-79.726
-79.918
-79.947
-80.231
-80.183
-79.854
-79.806
-80.019
-80.276
-80.202
-80.017
-79.916
-79.971
-80.11
-80.025
-79.99
-80.003
-79.964
-79.703
-79.605
-79.776
-79.676
-79.795
-79.752
-79.641
-79.502
-79.626
-79.739
-79.866
-80.117
-80.199
-80.153
-80.144
-80.077
-80.001
-80.08
-80.058
-80.074
-80.073
-79.799
-79.702
-79.747
-80.257
-80.084
-79.766
-79.926
-79.829
-79.65
-79.679
-79.717
-79.957
-79.953
-79.748
-79.893
-79.735
-79.782
-79.693
-79.86
-79.941
-79.799
-79.588
-79.743
-79.765
-80.053
-79.859
-79.81
-79.993
-79.996
-80.103
-79.785
-79.875
-80.017
-80.087
-79.91
-79.636
-79.547
-79.643
-79.679
-79.703
-79.721
-79.749
-79.744
-79.566
-79.72
-79.567
-79.765
-79.676
-79.611
-79.721
-79.989
-79.886
-79.955
-80.312
-80.452
-80.64
-80.485
-80.513
-80.59
-80.437
-80.537
-80.557
-80.387
-80.349
-80.402
-80.553
-80.338
-80.346
-80.089
-80.022
-80.175
-80.248
-80.324
-80.227
-80.417
-80.34
-80.411
-80.255
-80.446
-80.428
-80.289
-80.244
-80.517
-80.031
-80.005
-80.031
-80.065
-80.305
-80.098
-80.274
-80.106
-80.113
-80.31
-80.252
-80.342
-80.286
-80.403
-80.409
-80.455
-80.373
-80.403
-80.308
-80.204
-80.048
-79.979
-79.832
-79.839
-79.81
-80.056
-80.046
-80.124
-79.974
-79.587
-79.744
-79.529
-79.638
-79.744
-79.81
-79.835
-79.569
-79.576
-79.408
-79.35
-79.522
-79.505
-79.486
-79.716
-79.866
-80.015
-80.134
-80.209
-80.5
-80.334
-80.21
-80.283
-80.207
-79.966
-79.858
-79.778
-79.668
-79.885
-79.943
-79.921
-79.783
-79.96
-80.306
-80.062
-80.018
-79.802
-79.735
-79.637
-79.346
-79.568
-79.377
-79.334
-79.407
-79.507
-79.612
-79.283
-79.165
-79.015
-79.243
-79.276
-79.118
-79.185
-79.154
-79.345
-79.176
-78.921
-78.962
-78.946
-79.046
-79.094
-79.178
-79.116
-79.296
-79.197
-79.18
-79.262
-79.296
-79.347
-79.541
-79.268
-79.313
-79.489
-79.361
-79.291
-79.429
-79.519
-79.404
-79.24
-79.439
-79.56
-79.551
-79.631
-80.023
-79.967
-79.884
-80.137
-80.385
-80.26
-80.377
-80.44
-80.471
-80.697
-80.517
-80.448
-80.242
-80.237
-80.22
-80.283
-80.373
-80.277
-80.288
-80.192
-80.158
-80.11
-80.313
-80.304
-80.615
-80.383
-79.961
-79.959
-80.045
-80.05
-80.495
-80.473
-80.599
-80.461
-80.317
-80.541
-80.561
-80.553
-80.559
-80.401
-80.465
-80.508
-80.49
-80.446
-80.369
-80.598
-80.579
-80.635
-80.997
-80.987
-80.835
-80.846
-80.772
-80.966
-81.219
-81.177
-81.048
-81.002
-81.004
-80.627
-80.827
-80.768
-80.55
-80.58
-80.858
-80.835
-80.581
-80.686
-80.869
-80.61
-80.549
-80.642
-80.469
-80.61
-80.682
-80.66
-80.828
-81.059
-80.956
-80.874
-80.725
-81.164
-81.394
-81.342
-81.495
-81.754
-81.622
-81.631
-81.486
-81.489
-81.424
-81.309
-81.1
-80.999
-80.73
-80.7
-80.58
-80.525
-80.38
-80.267
-80.306
-80.366
-80.233
-80.398
-80.601
-80.665
-80.484
-80.518
-80.256
-80.036
-80.017
-79.862
-79.705
-79.775
-79.543
-79.673
-79.78
-79.863
-79.904
-79.939
-80.095
-80.294
-80.533
-80.785
-81.197
-80.92
-81.037
-81.097
-81.038
-80.987
-80.988
-80.866
-80.902
-80.582
-80.48
-80.605
-80.337
-80.205
-80.443
-80.186
-80.001
-79.854
-79.826
-79.763
-79.871
-79.928
-80.049
-80.06
-79.977
-80.025
-80.087
-80.006
-80.169
-80.482
-80.302
-80.572
-80.489
-80.669
-80.496
-80.44
-80.595
-80.358
-80.112
-80.363
-80.076
-80.041
-80.202
-80.266
-80.311
-80.328
-80.18
-80.046
-80.315
-80.615
-80.48
-80.252
-80.186
-80.136
-80.007
-79.999
-79.805
-79.83
-79.913
-79.853
-79.776
-79.636
-79.617
-79.542
-79.451
-79.377
-79.594
-79.68
-79.877
-79.671
-79.621
-79.645
-79.9
-79.708
-79.398
-79.344
-79.305
-79.374
-79.383
-79.437
-79.495
-79.699
-79.719
-79.843
-80.057
-79.668
-79.369
-79.377
-79.244
-79.323
-79.443
-79.574
-79.429
-79.336
-79.258
-79.482
-79.4
-79.881
-79.828
-79.82
-79.942
-79.905
-79.822
-79.527
-79.428
-79.151
-79.365
-79.213
-79.125
-79.321
-79.235
-79.168
-79.119
-79.073
-79.058
