-80.287
-80.064
-80.029
-80.209
-80.245
-80.262
-80.403
-80.318
-80.148
-80.281
-80.077
-80.096
-79.938
-80.039
-80.118
-80.325
-80.387
-80.656
-80.695
-80.905
-81.035
-80.876
-80.907
-81.089
-80.932
-81.17
-81.156
-81.27
-81.095
-81.182
-81.17
-81.213
-81.227
-81.283
-81.247
-81.196
-81.286
-81.049
-80.905
-80.867
-80.716
-80.497
-80.529
-80.854
-81.099
-80.984
-80.848
-80.945
-81.07
-80.893
-80.779
-80.828
-80.743
-80.507
-80.488
-80.642
-80.544
-80.541
-80.803
-80.856
-81.008
-81.031
-80.836
-80.775
-80.835
-80.825
-80.739
-80.707
-80.559
-80.598
-80.492
-80.623
-80.568
-80.627
-80.659
-80.522
-80.461
-80.473
-80.285
-80.407
-80.469
-80.098
-80.032
-80.064
-80.071
-80.302
-80.571
-80.504
-80.736
-80.802
-81.124
-80.978
-81.191
-81.581
-81.704
-81.801
-81.855
-81.768
-81.819
-81.671
-81.676
-81.504
-81.479
-81.425
-81.482
-81.481
-81.619
-81.544
-81.757
-81.654
-81.577
-81.352
-81.441
-81.508
-81.361
-81.188
-80.949
-80.772
-81.047
-81.084
-81.07
-80.926
-81.037
-81.077
-81.109
-80.763
-80.824
-81.053
-81.111
-81.049
-80.9
-80.956
-80.938
-80.937
-80.931
-81.117
-81.332
-81.219
-81.146
-81.29
-80.907
-80.925
-80.939
-80.868
-80.928
-80.867
-80.643
-80.487
-80.001
-80.242
-80.166
-80.368
-80.306
-79.924
-80.136
-80.177
-80.278
-80.182
-80.213
-80.03
-79.751
-79.805
-79.807
-79.749
-79.885
-80.007
-80.141
-80.172
-80.031
-80.195
-80.584
-80.823
-80.699
-80.52
-80.533
-80.579
-80.303
-80.457
-80.438
-80.372
-80.217
-79.998
-79.824
-79.575
-79.342
-79.491
-79.258
-79.239
-79.268
-79.403
-79.311
-79.191
-79.146
-79.345
-79.3
-79.13
-79.112
-79.182
-79.442
-79.383
-79.259
-79.237
-78.978
-78.894
-79.091
-79.028
-79.361
-79.406
-79.488
-79.434
-79.435
-79.426
-79.328
-79.511
-80.022
-79.884
-79.94
-79.956
-79.84
-79.759
-79.584
-79.531
-79.532
-79.735
-79.589
-79.758
-79.857
-80.023
-80.146
-80.089
-79.996
-79.834
-79.958
-80.029
-80.036
-79.763
-79.621
-79.686
-79.81
-79.992
-80.145
-80.26
-80.297
-80.233
-80.269
-80.636
-80.89
-81.228
-81.264
-81.278
-81.473
-81.3
-81.127
-81.344
-81.258
-81.519
-81.546
-81.544
-81.791
-81.927
-81.972
-82.033
-82.044
-81.933
-82.031
-82.113
-81.76
-81.681
-81.829
-82.035
-82.073
-81.878
-81.72
-81.814
-81.63
-81.546
-81.608
-81.606
-81.498
-81.822
-81.947
-82.058
-82.256
-82.072
-82.166
-82.029
-81.925
-82.083
-82.277
-82.45
-82.534
-82.409
-82.144
-82.226
-82.554
-82.48
-82.352
-82.29
-82.32
-82.607
-82.692
-82.759
-82.541
-82.594
-82.806
-82.695
-82.724
-82.677
-82.368
-82.518
-82.704
-82.7
-83.151
-83.558
-83.666
-83.722
-83.823
-83.798
-83.979
-83.842
-83.587
-83.511
-83.731
-83.681
-83.787
-83.925
-83.756
-83.949
-83.642
-83.734
-84.011
-83.866
-83.749
-83.529
-83.703
-83.855
-83.717
-83.559
-83.673
-83.596
-83.699
-83.584
-83.631
-83.478
-83.439
-83.337
-83.548
-83.43
-83.273
-83.423
-83.218
-83.191
-83.51
-83.633
-83.675
-83.676
-83.594
-83.733
-83.869
-83.94
-83.847
-83.467
-83.348
-83.408
-83.618
-83.246
-82.832
-82.698
-82.769
-82.587
-82.869
-82.657
-82.44
-82.51
-82.57
-82.476
-82.263
-82.27
-81.986
-81.733
-81.732
-81.72
-81.544
-81.352
-81.226
-81.136
-80.899
-80.719
-80.53
-80.65
-80.787
-81.004
-81.015
-81.251
-81.41
-81.341
-81.289
-81.214
-81.059
-81.03
-81.109
-80.978
-81.138
-81.046
-80.722
-80.564
-80.486
-80.287
-80.23
-80.185
-79.758
-79.958
-80.186
-80.151
-80.018
-80.03
-80.082
-79.993
-79.87
-79.894
-79.883
-79.98
-79.843
-79.967
-79.968
-79.882
-79.833
-79.876
-79.948
-80.01
-80.004
-80.068
-80.094
-80.185
-80.298
-80.169
-79.866
-79.923
-79.963
-80.027
-80.012
-80.134
-79.9
-79.868
-80.101
-80.022
-80.222
-80.173
-80.136
-79.692
-79.769
-79.856
-80.108
-79.927
-80.055
-79.953
-79.836
-79.898
-79.704
-79.903
-80.107
-80.089
-80.165
-80.162
-80.17
-80.052
-80.034
-80.104
-80.042
-80.086
-80.336
-80.201
-80.376
-80.465
-80.5
-80.339
-80.341
-80.415
-80.33
-80.001
-79.943
-80.154
-80.083
-79.866
-79.827
-79.858
-79.931
-79.838
-79.922
-79.742
-79.654
-79.701
-79.813
-79.853
-79.961
-79.956
-79.954
-80.029
-80.113
-80.051
-79.893
-79.843
-79.915
-80.007
-80.009
-80.101
-80.034
-80.085
-80.17
-79.824
-80.171
-79.863
-79.965
-80.145
-80.049
-79.978
-79.883
-79.714
-79.905
-79.905
-79.915
-79.998
-79.948
-79.985
-79.852
-79.84
-79.893
-79.987
-80.055
-80.22
-80.055
-80.173
-80.187
-80.136
-80.052
-79.744
-79.802
-80.022
-80.055
-80.083
-79.959
-79.74
-79.888
-79.863
-79.883
-79.918
-79.981
-80.173
-80.121
-79.898
-79.812
-79.727
-79.474
-79.649
-79.795
-79.727
-79.88
-79.574
-79.703
-79.897
-80.016
-80.041
-79.73
-79.772
-80.065
-79.962
-79.978
-80.019
-80.069
-80.069
-79.987
-79.84
-79.752
-79.98
-79.744
-79.987
-80.11
-80.028
-80.174
-80.325
-80.274
-80.316
-80.348
-80.362
-80.341
-80.184
-80.004
-79.839
-79.633
-79.538
-79.631
-79.715
-79.975
-79.85
-79.86
-79.71
-79.884
-79.786
-79.803
-79.774
-80
-80.112
-79.958
-79.789
-79.867
-79.73
-80.108
-80.191
-80.036
-80.223
-80.186
-79.894
-79.812
-79.948
-79.883
-79.968
-79.889
-79.708
-79.92
-79.935
-79.903
-79.834
-79.743
-79.596
-79.597
-79.911
-79.738
-79.572
-79.927
-79.941
-80.091
-80.157
-80.11
-80.273
-80.299
-80.283
-80.283
-80.249
-80.234
-79.993
-79.844
-79.762
-80.008
-79.832
-79.876
-79.921
-79.781
-79.714
-79.98
-80.034
-79.904
-79.946
-79.581
-80.017
-80.053
-80.145
-80.065
-80.047
-79.982
-79.605
-79.409
-79.102
-78.827
-78.918
-79.004
-78.854
-78.403
-78.502
-78.648
-78.28
-78.221
-78.196
-78.131
-78.236
-78.038
-77.975
-77.917
-78.072
-78.07
-78.374
-78.779
-78.718
-78.616
-78.769
-78.99
-78.738
-78.526
-78.718
-79.081
-78.987
-78.86
-78.891
-78.956
-78.91
-78.886
-78.947
-79.132
-79.161
-79.175
-79.277
-79.445
-79.462
-79.315
-79.095
-79.21
-79.185
-79.068
-79.064
-79.103
-79.075
-79.289
-79.198
-79.349
-79.265
-79.395
-79.485
-79.487
-79.642
-79.485
-79.368
-79.409
-79.312
-79.557
-79.258
-79.36
-79.256
-79.184
-79.306
-79.134
-79.086
-79.195
-79.475
-79.61
-79.702
-79.712
-79.59
-79.765
-79.817
-79.774
-79.749
-79.616
-79.691
-79.683
-79.92
-79.865
-79.755
-79.872
-79.707
-79.577
-79.367
-79.041
-79.494
-79.728
-79.621
-79.539
-79.577
-79.509
-79.606
-79.738
-79.811
-79.709
-79.504
-79.478
-79.483
-79.517
-79.568
-79.497
-79.347
-79.461
-79.722
-79.677
-79.779
-79.616
-79.798
-79.782
-79.839
-80.06
-79.947
-79.99
-79.807
-79.599
-79.68
-79.803
-79.796
-79.819
-79.922
-80.065
-80.089
-80.233
-80.238
-80.18
-79.876
-80.003
-80.101
-80.234
-80.267
-80.37
-80.353
-80.353
-80.325
-80.145
-79.919
-79.932
-79.924
-79.982
-80.01
-80.149
-80.156
-80.266
-80.199
-80.051
-80.056
-80.27
-80.48
-80.468
-80.329
-80.173
-80.07
-79.778
-79.855
-80.147
-80.017
-80.159
-80.394
-80.299
-80.043
-79.901
-79.903
-79.624
-79.766
-79.824
-79.907
-79.892
-79.681
-79.861
-79.607
-79.77
-80.063
-80.024
-79.685
-79.648
-79.656
-80.1
-80.007
-80.087
-80.206
-80.28
-80.378
-80.122
-80.212
-80.309
-80.433
-80.382
-80.415
-80.321
-80.191
-80.358
-80.125
-80.001
-79.656
-79.575
-79.749
-79.594
-79.559
-79.684
-79.632
-79.866
-80.072
-80.183
-80.162
-80.3
-80.319
-80.322
-80.263
-80.368
-80.381
-80.445
-80.34
-80.169
-79.979
-80.14
-80.206
-80.148
-80.428
-80.415
-80.617
-80.379
-80.651
-80.668
-80.456
-80.08
-80.299
-80.061
-80.105
-80.417
-80.226
-80.218
-80.222
-79.805
-80.072
-79.962
-80.111
-80.443
-80.402
-80.373
-80.273
-80.281
-80.663
-80.634
-80.788
-80.559
-80.572
-80.646
-80.51
-80.645
-80.392
-80.199
-80.621
-80.502
-80.625
-80.228
-80.171
-80.32
-80.409
-80.754
-80.391
-80.201
-80.254
-79.974
-79.757
-79.893
-79.741
-79.817
-79.794
-79.68
-79.718
-79.925
-79.581
-79.556
-79.511
-79.662
-79.925
-79.98
-80.192
-79.906
-79.937
-80.104
-80.251
-79.946
-79.874
-79.798
-79.69
-79.655
-79.798
-79.904
-79.689
-79.757
-79.939
-79.91
-79.816
-79.546
-79.652
-79.614
-79.763
-79.706
-79.701
-79.56
-79.442
-79.287
-79.669
-79.763
-80.005
-80.093
-80.198
-80.333
-80.128
-80.067
-80.253
-80.124
-80.11
-80.069
-79.935
-80.089
-80.056
-79.906
-79.9
-79.812
-79.559
-79.598
-79.237
-79.365
-79.052
-78.954
-78.997
-78.691
-78.831
-78.938
-78.824
-78.631
-78.682
-78.258
