-72.37
-72.556
-72.279
-72.461
-72.355
-72.321
-72.277
-72.301
-72.3
-72.569
-72.45
-72.334
-72.283
-72.527
-72.512
-72.563
-72.606
-72.534
-72.466
-72.598
-72.511
-72.235
-72.223
-72.438
-72.338
-72.5
-72.266
-72.224
-72.019
-72.16
-72.215
-72.1
-72.145
-72.047
-72.052
-72.074
-72.185
-72.124
-71.96
-71.83
-71.835
-71.93
-71.906
-71.943
-71.746
-71.612
-71.944
-72.111
-71.972
-72.241
-72.096
-72.094
-72.016
-72.205
-72
-71.923
-72.001
-72.01
-71.925
-71.711
-71.817
-71.642
-71.554
-71.681
-71.746
-71.792
-71.776
-71.841
-71.755
-71.677
-71.55
-71.456
-71.14
-71.112
-70.933
-70.731
-70.748
-70.81
-71.079
-71.079
-71.061
-71.426
-71.283
-71.165
-71.317
-71.28
-71.732
-71.767
-71.78
-71.896
-71.979
-72.17
-72.102
-72.341
-72.297
-72.508
-72.578
-72.784
-72.562
-72.605
-72.358
-72.475
-72.497
-72.606
-72.645
-72.755
-72.53
-72.337
-72.487
-72.589
-72.883
-72.99
-73.3
-73.109
-73.008
-73.083
-72.982
-72.955
-73.003
-72.895
-72.782
-72.541
-72.637
-72.329
-72.47
-72.229
-72.163
-71.93
-71.97
-71.685
-71.616
-71.587
-71.884
-72.005
-71.728
-71.534
-71.588
-71.523
-71.551
-71.57
-71.752
-71.783
-71.626
-71.783
-71.921
-72.052
-71.961
-72.561
-72.779
-72.923
-73.128
-73.115
-73.062
-72.938
-72.89
-72.762
-72.705
-72.823
-72.947
-73.068
-73.23
-73.591
-73.298
-73.058
-72.909
-72.681
-72.61
-72.536
-72.525
-71.913
-71.66
-71.256
-70.715
-70.476
-70.683
-70.734
-70.35
-70.508
-70.334
-70.146
-70.024
-69.939
-69.5
-69.185
-68.545
-67.921
-67.74
-67.244
-66.688
-66.199
-65.886
-65.299
-65.266
-65.02
-64.643
-64.487
-64.172
-64.351
-64.138
-63.631
-63.306
-63.005
-62.952
-62.652
-62.314
-62.358
-62.191
-62.049
-61.921
-61.949
-62.108
-62.1
-61.901
-61.8
-61.928
-61.902
-61.86
-61.856
-61.751
-61.415
-61.32
-61.021
-61.092
-61.162
-60.915
-60.687
-60.491
-60.503
-60.694
-60.753
-60.581
-60.392
-60.441
-60.189
-60.233
-60.142
-60.085
-60.273
-60.096
-60.271
-60.281
-60.149
-59.795
-59.535
-59.538
-59.301
-59.303
-58.96
-58.999
-58.789
-58.715
-59.09
-59.117
-59.258
-59.136
-59.226
-59.549
-59.433
-59.191
-59.384
-59.668
-59.437
-59.426
-59.077
-59.122
-59.105
-58.941
-58.968
-59.004
-59.107
-58.925
-58.801
-58.812
-59.027
-59.063
-58.845
-58.858
-58.889
-59.021
-58.955
-59.003
-59.115
-59.053
-58.966
-58.905
-59.022
-59.299
-59.496
-59.248
-58.936
-58.994
-58.64
-58.728
-58.709
-58.412
-58.411
-58.469
-58.493
-58.392
-58.346
-58.314
-58.244
-58.516
-58.313
-58.179
-57.981
-57.784
-58.103
-58.491
-58.087
-58.233
-58.5
-58.568
-58.631
-58.527
-58.581
-58.508
-58.595
-58.801
-58.611
-58.783
-58.729
-59.179
-59.172
-59.364
-59.197
-59.077
-59.242
-59.094
-59.316
-59.359
-59.278
-59.373
-59.203
-59.562
-59.48
-59.404
-59.486
-59.319
-59.233
-59.182
-59.604
-59.66
-59.53
-59.551
-59.716
-59.645
-59.773
-59.469
-59.143
-58.931
-58.805
-58.551
-58.645
-58.521
-59.157
-62.623
-66.954
-70.453
-73.264
-75.45
-77.004
-77.903
-78.74
-79.249
-79.503
-79.821
-79.628
-79.589
-79.474
-79.422
-79.307
-79.246
-79.168
-79.227
-79.118
-79.124
-79.017
-78.992
-78.75
-78.648
-79.077
-79.08
-79.35
-79.26
-79.417
-79.059
-79.385
-79.428
-79.558
-79.796
-79.532
-79.362
-79.315
-79.382
-79.365
-79.215
-79.495
-79.586
-79.604
-79.59
-79.441
-79.103
-79.125
-79.152
-79.326
-79.383
-79.494
-79.526
-79.474
-79.741
-79.612
-79.731
-79.717
-79.695
-79.833
-79.948
-80.128
-80.074
-80.072
-79.93
-79.903
-80.094
-79.728
-79.659
-79.429
-79.262
-79.335
-79.065
-78.837
-78.409
-78.254
-78.103
-78.058
-78.259
-78.335
-78.695
-78.801
-79.063
-79
-78.862
-78.889
-79.036
-79.23
-79.393
-79.318
-79.573
-79.631
-79.531
-79.513
-79.37
-79.504
-79.481
-79.802
-79.918
-79.882
-79.841
-79.835
-79.844
-80.017
-79.802
-79.997
-79.871
-79.995
-80.139
-79.951
-79.971
-80.001
-79.825
-79.855
-79.767
-79.773
-79.794
-79.897
-79.763
-79.843
-79.893
-79.881
-79.899
-80.062
-79.928
-80.042
-79.871
-79.919
-79.887
-79.855
-79.913
-79.916
-79.76
-79.881
-79.927
-79.878
-79.996
-80.022
-80.036
-80.174
-80.011
-80.124
-79.842
-80.074
-79.965
-80.103
-80.194
-80.183
-80.108
-80.128
-80.067
-79.957
-79.956
-79.783
-79.861
-79.802
-79.597
-79.631
-79.899
-79.809
-79.871
-79.95
-79.638
-79.687
-79.54
-79.572
-79.46
-79.701
-79.795
-79.824
-79.966
-79.909
-80.008
-79.983
-80.064
-80.139
-79.917
-79.742
-79.375
-79.119
-79.027
-78.73
-78.659
-78.49
-78.281
-78.42
-78.304
-78.521
-78.421
-78.558
-78.915
-78.834
-78.665
-78.85
-78.959
-79.054
-78.817
-79.194
-79.297
-79.267
-79.133
-79.073
-79.209
-79.035
-79.054
-79.27
-79.336
-79.143
-79.329
-79.153
-79.138
-79.039
-79.017
-79.239
-79.452
-79.581
-79.675
-79.753
-79.555
-79.583
-79.54
-79.529
-79.767
-79.576
-79.62
-79.475
-79.629
-79.539
-79.619
-79.521
-79.647
-79.826
-79.906
-79.848
-79.967
-80.171
-80.089
-80.09
-79.794
-79.566
-79.771
-80.116
-79.887
-79.78
-79.927
-80.366
-80.245
-80.189
-80.398
-80.42
-80.114
-80.121
-80.092
-80.055
-79.914
-79.671
-79.491
-79.685
-79.706
-79.419
-79.262
-79.173
-79.036
-79.192
-79.108
-79.094
-79.058
-79.376
-79.376
-79.381
-79.341
-79.182
-79.236
-79.236
-79.145
-79.169
-79.113
-79.169
-79.09
-79.05
-79.242
-79.14
-79.247
-79.141
-79.163
-79.313
-79.31
-79.407
-79.381
-79.268
-78.94
-79.072
-78.831
-78.894
-79.18
-79.012
-79.109
-79.399
-79.278
-79.596
-79.678
-80.035
-79.992
-80.055
-80.015
-79.802
-79.88
-79.966
-80.046
-79.888
-80.021
-80.291
-80.676
-80.857
-81.054
-80.932
-80.958
-80.851
-81.005
-80.671
-80.627
-80.599
-80.64
-80.644
-80.796
-80.7
-80.74
-80.79
-80.834
-80.788
-80.803
-80.691
-80.999
-80.906
-80.944
-80.992
-80.915
-80.431
-80.429
-80.309
-80.317
-80.58
-80.398
-80.18
-80.144
-80.126
-80.142
-80.047
-80.005
-80.096
-80.095
-80.255
-80.386
-80.295
-80.181
-80.272
-80.177
-79.985
-79.83
-79.854
-79.927
-79.911
-80.07
-79.903
-79.937
-80.217
-80.094
-80.262
-80.023
-80.105
-79.925
-79.815
-79.712
-79.891
-79.675
-79.848
-79.713
-79.821
-79.687
-79.816
-80.273
-80.396
-80.192
-80.245
-80.254
-79.903
-79.99
-80.041
-80.093
-80.117
-80.057
-80.156
-80.173
-80.224
-80.123
-80.301
-80.148
-80.342
-80.19
-80.111
-80.037
-80.068
-79.828
-79.902
-80.149
-80.303
-80.056
-79.606
-79.616
-79.725
-79.873
-79.571
-79.591
-79.495
-79.886
-79.803
-79.707
-79.726
-79.365
-79.545
-79.517
-79.268
-79.521
-79.483
-79.759
-79.894
-79.834
-79.802
-79.964
-79.914
-79.661
-79.804
-79.45
-79.48
-79.761
-79.941
-80.032
-79.757
-79.58
-79.611
-79.813
-79.968
-79.768
-79.521
-79.353
-79.662
-79.679
-79.558
-79.613
-79.549
-79.625
-79.756
-79.736
-79.598
-79.879
-79.758
-79.872
-79.945
-79.975
-80.254
-79.914
-79.817
-79.909
-80.14
-79.993
-80.121
-80.105
-80.056
-79.892
-79.889
-79.733
-79.837
-79.788
-79.869
-79.817
-79.783
-79.943
-79.954
-80.187
-80.393
-80.296
-80.39
-80.281
-80.391
-80.249
-80.336
-80.389
-80.166
-80.291
-79.911
-79.723
-79.46
-79.422
-79.301
-79.338
-79.459
-79.068
-79.087
-79.078
-79.179
-79.079
-79.322
-79.194
-79.268
-79.344
-79.436
-79.344
-79.183
-79.424
-79.628
-79.674
-79.884
-79.964
-79.822
-79.976
-80.099
-79.844
-79.884
-80.062
-80.08
-80.042
-79.965
-79.897
-79.778
-79.908
-79.821
-79.832
-79.877
-79.763
-79.675
-79.742
-79.824
-79.849
-80.093
-79.986
-80.118
-80.033
-80.501
-80.582
-80.714
-80.625
-80.594
-80.483
-80.616
-80.649
-80.605
-80.705
-80.819
-80.779
-80.744
-80.819
-80.965
-80.917
-81.066
-81.181
-81.14
-81.074
-80.977
-80.862
-80.869
-80.575
-80.59
-80.509
-80.337
-80.546
-80.357
-80.226
-80.459
-80.758
-80.489
-80.62
-80.609
-80.691
-80.724
-80.802
-80.621
-80.44
-80.445
-80.667
-80.379
-80.536
-80.389
-80.141
-80.159
-80.117
-80.2
-80.429
-80.425
-80.355
-80.405
-80.216
-80.607
-80.414
-80.155
-80.298
-80.227
-80.085
-80.072
-79.972
-79.786
-79.723
-79.64
-79.701
-79.571
-79.852
-79.834
-79.819
-79.977
-79.935
-79.759
-79.648
-79.663
-79.718
-79.702
-79.456
-79.728
-79.63
-79.681
-79.577
-79.59
-79.669
-79.591
-79.55
-79.316
-79.653
-79.708
-79.816
-79.631
-79.972
-79.985
-79.958
-80.073
-80.283
-80.224
-80.253
-80.308
-80.365
-80.382
-80.538
-80.238
-80.197
-80.184
-80.381
-80.261
-80.457
