-75.146
-74.974
-74.862
-74.66
-74.687
-74.758
-74.859
-74.642
-74.591
-74.896
-75.122
-75.111
-75.009
-74.998
-75.189
-74.883
-75.056
-74.946
-74.932
-74.766
-74.698
-74.748
-74.856
-74.768
-74.933
-74.383
-74.216
-74.18
-74.199
-74.226
-74.387
-74.45
-74.341
-74.203
-74.275
-74.125
-74.063
-74.021
-73.896
-73.926
-74.041
-73.913
-73.796
-73.766
-73.733
-73.883
-74.093
-74.044
-74.331
-74.621
-74.804
-74.741
-74.661
-74.795
-74.652
-74.989
-74.94
-74.862
-74.96
-75.178
-75.15
-74.901
-75.044
-74.765
-74.723
-74.67
-74.539
-74.734
-74.858
-74.829
-74.967
-75.026
-75.012
-75.289
-75.049
-75.174
-75.154
-75.111
-74.905
-74.829
-74.835
-75.002
-74.861
-74.86
-75.089
-75.21
-75.114
-75.076
-75.135
-75.067
-75.172
-75.202
-75.211
-75.184
-75.203
-75.152
-75.132
-74.949
-75.478
-75.698
-75.913
-75.82
-75.565
-75.522
-75.585
-75.733
-75.948
-75.995
-76.178
-76.409
-76.076
-76.274
-76.06
-76.239
-76.28
-76.29
-76.471
-76.215
-76.32
-76.376
-76.398
-76.477
-76.769
-76.73
-76.591
-76.793
-76.914
-76.756
-76.982
-77.004
-76.963
-76.819
-76.767
-76.462
-76.803
-77.042
-76.958
-76.81
-77.007
-76.933
-77.147
-76.813
-76.76
-76.606
-76.758
-76.717
-76.83
-76.98
-77.189
-77.357
-77.444
-77.789
-77.676
-77.742
-77.536
-77.702
-77.653
-77.68
-77.498
-77.276
-76.925
-76.857
-77
-76.601
-76.291
-75.876
-75.571
-75.217
-74.924
-74.673
-74.274
-73.733
-73.947
-73.592
-73.504
-73.336
-72.914
-72.788
-72.731
-72.289
-72.194
-71.925
-71.764
-71.176
-70.528
-70.014
-69.385
-69.248
-68.72
-68.534
-68.147
-67.744
-67.341
-67.343
-67.055
-66.973
-66.624
-66.538
-66.592
-66.008
-65.679
-65.33
-65.263
-64.91
-64.584
-64.451
-64.592
-64.265
-64.257
-64.159
-64.24
-64.424
-64.398
-64.236
-63.981
-63.834
-63.647
-63.49
-63.461
-63.337
-62.913
-63.018
-63.064
-62.953
-63.023
-63.086
-63.208
-62.961
-62.709
-62.805
-62.239
-61.993
-61.712
-61.831
-61.632
-61.896
-61.962
-62.194
-62.191
-62.012
-62.006
-61.929
-61.753
-61.502
-61.474
-61.308
-61.233
-61.31
-61.553
-61.64
-61.552
-61.832
-61.879
-61.927
-62.15
-62.178
-62.007
-61.945
-62.137
-62.344
-62.422
-62.375
-62.357
-62.316
-62.41
-62.816
-62.91
-62.785
-62.427
-62.353
-62.325
-62.562
-62.532
-62.287
-62.087
-62.18
-62.221
-61.912
-61.998
-62.07
-62.022
-61.838
-61.79
-61.555
-61.344
-61.398
-61.544
-61.591
-61.633
-61.417
-61.537
-61.651
-61.543
-61.701
-61.719
-61.617
-61.547
-61.618
-61.535
-61.606
-61.725
-61.713
-61.765
-61.657
-61.859
-61.92
-61.725
-61.749
-62.064
-62.134
-62.328
-62.401
-62.682
-62.689
-62.561
-62.451
-62.397
-62.725
-62.625
-62.929
-63.269
-63.491
-63.635
-63.777
-63.662
-63.775
-63.913
-63.825
-64.08
-63.963
-63.876
-64.025
-63.979
-63.997
-63.974
-63.917
-63.731
-63.787
-63.9
-63.543
-63.314
-63.373
-63.48
-63.721
-63.554
-63.422
-63.445
-63.356
-63.306
-62.871
-62.911
-62.94
-62.936
-63.268
-63.454
-64.217
-66.615
-70.03
-73.18
-75.277
-76.781
-77.746
-78.454
-78.983
-79.434
-79.605
-79.789
-79.778
-79.661
-79.594
-79.727
-79.447
-79.152
-79.08
-79.17
-79.169
-79.358
-79.228
-79.235
-79.284
-79.056
-79.148
-79.266
-79.353
-79.674
-79.526
-79.485
-79.618
-79.509
-79.662
-79.611
-79.678
-79.319
-79.433
-79.666
-80.085
-80.124
-80.003
-79.882
-79.623
-79.762
-80.012
-80.019
-79.735
-79.876
-79.993
-79.766
-79.739
-79.687
-79.651
-79.617
-79.606
-79.539
-79.729
-79.636
-79.922
-79.996
-79.946
-79.782
-79.575
-79.431
-79.537
-79.615
-79.629
-79.424
-79.513
-79.413
-79.218
-79.02
-78.809
-78.729
-78.436
-78.542
-78.615
-78.528
-78.506
-78.444
-78.859
-78.71
-78.704
-78.67
-78.774
-78.798
-78.587
-78.719
-78.938
-79.183
-79.015
-79.039
-79.075
-79.106
-79.254
-79.376
-79.427
-79.466
-79.364
-79.547
-79.41
-79.177
-79.139
-79.472
-79.495
-79.361
-79.331
-79.304
-79.13
-79.231
-79.372
-79.546
-79.62
-79.636
-79.875
-79.982
-79.926
-79.872
-79.911
-79.598
-79.571
-79.619
-79.853
-80.006
-80.058
-79.998
-79.661
-79.716
-79.465
-79.663
-79.494
-79.685
-79.872
-79.903
-80.002
-80.345
-80.394
-80.074
-80.307
-80.16
-80.268
-80.134
-80.13
-79.935
-79.821
-79.761
-79.72
-79.907
-79.902
-79.928
-80.006
-80.243
-80.476
-80.461
-80.469
-80.558
-80.898
-80.707
-80.649
-80.65
-80.647
-80.293
-80.248
-80.096
-80.077
-80.249
-80.183
-80.034
-79.907
-79.943
-79.891
-80.342
-80.267
-80.22
-80.503
-80.58
-80.746
-80.423
-80.472
-79.918
-79.499
-79.218
-78.868
-78.587
-78.399
-78.322
-77.83
-77.779
-77.686
-77.709
-77.685
-77.478
-77.646
-77.725
-77.733
-77.467
-77.537
-77.511
-77.589
-77.507
-77.572
-77.864
-77.822
-77.775
-77.628
-77.741
-77.664
-78.112
-78.569
-78.885
-79.062
-79.608
-79.832
-80.102
-79.995
-79.717
-79.814
-80.067
-80.144
-80.213
-79.922
-79.742
-79.803
-79.749
-79.575
-79.617
-79.665
-79.941
-80.031
-80.089
-79.95
-79.737
-79.761
-79.768
-79.527
-79.7
-79.676
-79.714
-79.71
-79.802
-79.628
-79.701
-79.557
-79.947
-79.962
-80.146
-80.177
-79.867
-79.832
-79.676
-79.775
-79.871
-79.815
-79.76
-79.581
-79.734
-79.66
-79.828
-80.046
-79.615
-79.761
-80.016
-79.894
-80.046
-80.179
-80.022
-80.068
-80.049
-80.156
-79.922
-79.909
-79.939
-80.019
-79.928
-80.087
-80.063
-79.761
-79.748
-79.925
-80.096
-80.079
-79.899
-79.748
-79.963
-79.867
-80.389
-80.522
-80.269
-80.017
-79.889
-79.861
-79.902
-79.98
-80.114
-79.984
-80.081
-80.134
-80.271
-80.309
-80.222
-80.264
-80.305
-80.161
-79.991
-79.91
-79.678
-79.318
-79.026
-78.809
-78.809
-78.483
-78.793
-78.931
-78.689
-78.618
-78.862
-78.867
-78.816
-78.806
-78.757
-78.793
-78.753
-78.815
-78.817
-78.695
-78.623
-78.75
-78.888
-78.803
-78.703
-78.796
-78.77
-78.535
-78.656
-78.7
-78.753
-78.831
-78.846
-78.966
-79.037
-78.941
-79.174
-79.075
-79.023
-78.954
-79.053
-79.107
-79.186
-78.941
-79.12
-79.136
-79.317
-79.392
-79.41
-79.352
-79.33
-79.377
-79.321
-79.424
-79.279
-79.031
-79.079
-78.935
-78.966
-78.986
-78.914
-79.151
-78.984
-79.116
-79.239
-79.187
-79.008
-78.968
-79.15
-79.077
-79.158
-78.875
-78.886
-78.996
-79.212
-79.328
-79.477
-79.507
-79.604
-79.727
-79.962
-80.02
-80.18
-80.118
-80.115
-80.048
-80.02
-79.88
-80.175
-80.169
-80.042
-80.107
-80.116
-80.17
-80.179
-79.993
-79.816
-79.67
-79.77
-79.591
-79.263
-79.199
-79.209
-79.189
-79.262
-79.374
-79.502
-79.416
-79.63
-79.583
-79.742
-79.663
-79.862
-79.839
-80.044
-79.971
-80.055
-79.839
-79.67
-79.785
-80.052
-79.969
-79.893
-79.826
-79.82
-79.5
-79.539
-79.741
-79.74
-79.91
-79.715
-79.664
-79.924
-80.002
-79.972
-80.073
-80.053
-80.254
-80.16
-80.01
-80.009
-79.94
-79.813
-79.895
-79.697
-79.785
-79.85
-79.988
-79.756
-79.909
-79.8
-79.484
-79.411
-79.378
-79.139
-79.461
-79.095
-79.337
-79.466
-79.493
-79.368
-79.466
-79.266
-79.498
-79.601
-79.682
-79.649
-79.547
-79.527
-79.779
-79.678
-79.756
-79.656
-79.745
-79.901
-79.989
-80.249
-80.314
-80.378
-80.541
-80.237
-80.129
-79.953
-79.857
-79.928
-79.708
-79.913
-79.961
-79.823
-79.754
-79.617
-79.663
-79.352
-79.138
-78.931
-78.65
-78.519
-78.709
-78.842
-78.913
-78.838
-78.756
-78.777
-78.907
-78.669
-78.829
-78.775
-78.62
-78.579
-78.688
-78.875
-79.015
-79.306
-79.069
-78.794
-78.849
-78.709
-78.862
-78.78
-78.792
-78.892
-78.843
-78.927
-79.012
-79
-79.112
-79.065
-78.903
-78.509
-78.756
-78.902
-78.885
-78.717
-78.755
-78.91
-78.986
-79.136
-79.361
-79.527
-79.298
-79.07
-79.036
-79.138
-79.236
-78.943
-79.18
-79.058
-79.033
-79.181
-79.097
-79.2
-79.154
-79.396
-79.427
-79.185
-79.171
-79.15
-79.105
-79.059
-78.964
-78.635
-78.853
-78.418
-78.364
-78.642
-78.451
-78.5
-78.348
-78.26
-77.928
-78.047
-78.258
-78.372
-78.382
-78.436
-78.195
-78.069
-78.07
-78.265
-78.269
-78.282
-78.297
-78.048
-78.136
-78.257
-78.195
-78.187
-78.296
-78.271
-78.171
-78.217
-78.426
-78.502
-78.623
-78.31
-78.452
-78.613
-78.541
-78.498
-78.451
-78.762
-78.846
-78.712
-78.758
-78.75
-78.327
-78.344
-78.443
-78.549
-78.615
-78.649
-78.499
-78.52
-78.244
-78.064
-77.773
-77.634
-77.646
-77.498
-77.563
-77.347
-77.438
-77.648
-77.642
-77.563
-77.562
-77.317
-77.362
-77.551
-77.529
-77.602
-77.529
-77.598
-77.652
-77.887
-77.707
-77.343
-77.486
-77.519
