-74.635
-74.719
-75.061
-75.359
-75.115
-75.071
-74.782
-74.459
-74.227
-74.144
-73.771
-73.259
-72.85
-72.388
-72.255
-72.069
-71.393
-70.982
-70.645
-70.324
-69.949
-69.657
-69.538
-69.263
-69.128
-68.986
-69.058
-68.876
-68.55
-68.352
-68.355
-68.066
-67.84
-68.032
-68.186
-68.41
-68.023
-68.072
-68.211
-68.114
-68.275
-68.24
-68.116
-68.229
-68.065
-67.879
-68.098
-67.99
-67.927
-67.946
-68.03
-68.089
-68.194
-68.236
-68.201
-68.023
-68.081
-68.115
-67.662
-67.413
-67.369
-67.001
-66.819
-66.689
-66.399
-66.101
-65.794
-65.765
-65.587
-65.262
-65.008
-64.524
-64.195
-63.943
-63.645
-63.445
-63.313
-63.506
-63.53
-63.614
-63.749
-63.403
-63.339
-63.322
-63.161
-62.996
-62.996
-63.004
-62.998
-62.697
-62.788
-62.728
-62.8
-62.925
-62.939
-62.755
-62.339
-62.076
-61.843
-61.688
-61.718
-61.685
-61.633
-62.068
-61.854
-62.006
-61.873
-61.739
-61.715
-61.766
-61.417
-61.091
-60.821
-60.757
-60.359
-60.108
-59.66
-59.494
-59.329
-58.873
-58.54
-57.992
-57.724
-57.117
-56.843
-56.225
-56.223
-55.794
-55.1
-54.581
-54.224
-53.663
-52.79
-51.599
-49.649
-46.463
-45
-45
-45
-45
-45
-45
-45
-45
-45
-45
-45
-45
-45
-45
-51.319
-57.676
-62.631
-66.34
-68.639
-70.219
-71.151
-72.195
-72.624
-73.182
-73.444
-73.629
-73.779
-73.96
-74.242
-74.078
-74.384
-74.818
-74.86
-74.946
-75.113
-75.111
-75.128
-75.125
-75.361
-75.363
-75.673
-75.665
-75.292
-75.409
-75.469
-75.32
-75.393
-75.318
-75.417
-75.228
-75.306
-75.433
-75.637
-75.521
-75.627
-75.748
-75.552
-75.688
-75.65
-75.824
-75.842
-75.916
-76.411
-76.443
-76.407
-76.523
-76.518
-77.006
-77.039
-76.829
-76.862
-76.781
-76.699
-76.578
-76.809
-77.007
-77.087
-77.23
-77.289
-77.553
-77.38
-77.286
-77.46
-77.315
-77.184
-77.103
-76.868
-76.913
-77.106
-77.193
-77.073
-77.479
-77.479
-77.47
-77.726
-77.781
-77.785
-77.649
-77.697
-77.743
-77.769
-77.624
-77.623
-77.764
-77.785
-77.735
-77.741
-77.773
-77.613
-77.653
-77.897
-77.768
-77.73
-77.445
-77.329
-77.389
-77.599
-77.804
-77.909
-77.62
-77.888
-77.985
-77.772
-77.945
-77.782
-77.928
-77.738
-77.833
-78.02
-78.074
-78.442
-78.515
-79.075
-79.153
-79.26
-79.239
-78.886
-78.83
-78.886
-78.838
-79.203
-79.287
-78.947
-79.205
-79.424
-79.593
-79.387
-79.445
-79.633
-79.721
-79.469
-79.581
-79.767
-79.444
-79.739
-79.546
-79.559
-79.736
-79.954
-80.285
-80.578
-80.669
-80.627
-80.907
-81.052
-81.243
-81.368
-81.409
-81.644
-81.587
-81.622
-81.531
-81.61
-81.582
-81.484
-81.49
-81.419
-81.17
-81.149
-81.128
-80.976
-80.917
-80.817
-80.681
-80.48
-80.204
-80.357
-80.379
-80.367
-80.323
-80.385
-80.54
-80.759
-80.984
-80.734
-80.704
-80.849
-80.978
-81.057
-80.933
-81.032
-81.163
-81.073
-81.09
-80.783
-81.018
-81.08
-81.093
-81.117
-81.183
-81.037
-81.075
-81.239
-81.07
-81.03
-81.16
-81.535
-81.553
-81.216
-81.511
-81.492
-81.566
-81.605
-81.65
-81.648
-81.726
-81.745
-81.916
-82.042
-82.133
-82.262
-82.265
-82.271
-82.256
-82.507
-82.746
-82.677
-82.797
-82.852
-82.808
-82.796
-82.957
-83.066
-83.125
-83.125
-83.109
-83.032
-82.933
-82.84
-82.906
-83.037
-83.047
-82.905
-83.081
-82.893
-82.848
-82.742
-82.712
-82.82
-82.7
-82.684
-82.72
-82.785
-82.593
-82.858
-82.837
-83.003
-82.989
-82.793
-82.956
-83.051
-83.019
-83.056
-83.332
-83.277
-83.341
-83.527
-83.4
-83.527
-83.322
-83.472
-83.647
-83.668
-83.517
-83.638
-83.563
-83.7
-83.948
-84.03
-84.034
-83.936
-83.826
-83.853
-83.865
-83.865
-83.961
-83.778
-83.742
-83.713
-83.811
-84.094
-84.107
-84.052
-84.101
-83.741
-83.432
-83.247
-83.205
-83.077
-82.857
-82.413
-82.338
-81.84
-81.465
-81.361
-81.25
-81.027
-80.833
-80.663
-80.692
-80.532
-80.216
-80.278
-80.648
-80.652
-80.542
-80.648
-80.537
-80.696
-80.7
-80.611
-80.364
-79.999
-79.771
-79.837
-79.726
-79.328
-79.341
-79.268
-79.015
-78.798
-78.847
-78.646
-78.683
-78.658
-78.741
-78.257
-78.243
-78.373
-78.435
-78.51
-78.523
-78.404
-78.6
-78.759
-78.779
-78.712
-78.405
-78.24
-78.402
-78.154
-78.23
-78.26
-78.508
-78.274
-78.265
-78.318
-78.159
-78.173
-78.026
-77.819
-78.124
-77.846
-77.796
-77.545
-77.365
-77.304
-77.253
-77.181
-77.321
-77.384
-77.352
-77.44
-77.323
-77.413
-77.278
-77.087
-76.964
-76.88
-77.256
-77.182
-77.295
-77.27
-77.436
-77.382
-77.399
-77.591
-77.821
-77.765
-77.738
-77.761
-77.906
-77.967
-78
-77.922
-78.335
-78.598
-78.716
-78.864
-78.818
-78.871
-78.489
-78.572
-78.495
-78.08
-77.713
-77.301
-76.781
-76.57
-76.255
-76.296
-76.105
-75.552
-75.408
-75.24
-75.049
-74.841
-74.844
-74.754
-74.36
-74.618
-74.458
-74.344
-74.164
-74.323
-74.186
-74.138
-74.252
-73.864
-73.777
-73.498
-73.411
-73.573
-73.416
-73.26
-73.304
-73.019
-73.22
-73.219
-73.177
-73.149
-73.199
-73.359
-73.115
-73.26
-73.27
-72.997
-72.918
-72.869
-72.629
-72.663
-72.571
-72.706
-72.567
-72.781
-72.68
-72.792
-72.813
-72.797
-72.409
-72.324
-72.28
-71.72
-71.423
-71.077
-70.415
-69.853
-69.751
-69.977
-69.61
-69.163
-69.003
-68.776
-68.783
-68.432
-68.457
-68.198
-68.323
-68.444
-68.092
-68.18
-68.319
-68.601
-68.691
-68.521
-68.39
-68.637
-68.74
-68.86
-68.83
-68.608
-68.733
-68.625
-68.774
-68.978
-69.146
-69.382
-69.349
-69.105
-68.7
-68.755
-68.626
-68.43
-68.258
-68.241
-68.097
-67.866
-68.137
-68.423
-68.45
-68.325
-68.533
-68.512
-68.579
-68.54
-68.897
-68.756
-68.773
-68.861
-68.808
-68.662
-68.657
-69.21
-69.363
-69.436
-69.241
-69.3
-69.215
-69.097
-69.096
-69.093
-69.044
-69.258
-69.604
-69.649
-69.504
-69.717
-69.709
-69.845
-69.959
-69.995
-70.168
-70.163
-70.236
-70.101
-70.266
-70.428
-70.615
-70.769
-70.748
-70.783
-70.651
-70.385
-70.724
-71.248
-71.088
-70.82
-70.964
-71
-70.884
-71.11
-71.125
-71.177
-71.173
-71.261
-71.216
-71.744
-71.889
-71.763
-72.156
-72.28
-72.463
-72.519
-72.466
-72.277
-72.353
-72.681
-72.609
-72.513
-72.407
-72.328
-72.543
-72.855
-73.06
-72.526
-72.693
-72.513
-72.243
-72.477
-72.804
-72.702
-72.763
-72.779
-72.649
-72.601
-73.214
-73.201
-73.444
-73.486
-73.516
-73.613
-73.43
-73.511
-73.561
-73.471
-73.588
-73.666
-73.598
-73.616
-73.525
-73.502
-73.674
-73.856
-73.711
-73.674
-74.121
-74.124
-74.197
-74.244
-74.288
-74.354
-74.387
-74.127
-74.154
-74.168
-74.147
-74.14
-73.989
-74.288
-74.807
-74.811
-74.355
-74.293
-74.255
-73.954
-74.003
-73.926
-74.093
-74.13
-74.267
-74.489
-74.276
-74.588
-74.688
-74.645
-74.642
-74.595
-74.228
-74.391
-74.387
-74.213
-74.202
-73.809
-73.645
-73.577
-73.531
-73.17
-72.857
-72.526
-72.207
-71.634
-71.522
-71.272
-71.117
-70.93
-71.118
-71.158
-71.022
-70.915
-70.802
-70.752
-70.595
-70.564
-70.379
-70.256
-70.051
-70.178
-70.018
-69.983
-69.96
-70.133
-70.145
-70.025
-70.155
-70.238
-70.104
-69.726
-69.814
-70
-69.637
-69.521
-69.527
-69.426
-69.025
-68.799
-68.795
-68.901
-69.013
-69.114
-69.022
-69.151
-68.983
-69.04
-69.08
-68.933
-68.894
-68.955
-69.234
-69.124
-69.042
-68.947
-69.005
-68.851
-68.691
-68.892
-68.927
-68.945
-69.129
-68.991
-69.329
-69.209
-69.343
-69.606
-69.842
-69.84
-69.566
-69.963
-69.991
-70.25
-70.43
-70.719
-70.78
-70.868
-70.969
-71.244
-71.093
-71.065
-71.118
-71.195
-70.943
-71.003
-70.909
-71.099
-71.364
-71.229
-71.243
-71.419
-71.362
-71.151
-71.364
-71.069
-71.167
-71.133
-71.026
-70.721
-70.77
-70.869
-71.065
-71.363
-71.617
-71.856
-71.922
-71.968
-72.062
-72.242
-72.283
-72.562
-72.514
-72.75
-72.895
-72.848
-72.84
-73.073
-73.016
-72.972
-72.79
-73.125
-72.824
-72.702
-72.461
-72.521
-72.618
-72.785
-72.748
-72.761
-72.796
-72.828
-72.977
-73.073
-72.82
-73
-73.038
-73.082
-73.269
-73.197
-73.236
-73.149
-73.342
-73.407
-73.259
-73.248
-73.243
-73.312
-73.489
-73.336
-73.292
-73.475
-73.674
-73.65
-73.611
-73.601
-73.535
-73.705
-73.992
-74.059
-73.925
-74.021
-74.057
-74.31
-74.455
-74.411
-74.486
-74.504
-74.685
-74.979
-74.765
-74.79
-74.748
-74.936
-74.845
-74.918
-74.836
-74.675
-74.913
-75.07
-75.069
-75.349
-75.565
-75.466
-75.569
-75.621
-75.675
-75.949
-75.686
-75.849
-75.667
-75.864
-76.13
-76.141
-76.171
-76.058
-76.166
-76.262
-76.387
-76.483
