-70.359
-69.935
-70.024
-69.896
-70.208
-70.294
-70.245
-70.366
-70.308
-70.081
-69.959
-70.024
-69.683
-69.886
-69.842
-69.606
-69.708
-69.726
-69.65
-69.644
-69.627
-69.591
-69.572
-69.824
-69.892
-69.962
-70.157
-70.492
-70.249
-70.114
-69.851
-69.777
-70.086
-70.368
-70.33
-70.24
-70.354
-69.977
-69.989
-69.872
-70.249
-70.573
-70.683
-70.837
-70.978
-70.94
-70.902
-70.903
-70.984
-70.954
-70.763
-70.638
-70.592
-70.552
-70.317
-70.449
-70.322
-70.231
-70.448
-70.507
-70.335
-70.371
-70.392
-70.854
-70.942
-70.725
-70.688
-70.469
-70.765
-70.718
-70.582
-70.552
-70.346
-70.284
-70.282
-70.107
-70.224
-70.162
-70.267
-70.331
-70.473
-70.391
-70.282
-70.371
-70.108
-69.781
-70.031
-70.061
-70.05
-70.165
-70.376
-70.522
-70.413
-70.471
-70.748
-70.741
-70.629
-70.403
-70.386
-70.591
-70.703
-70.489
-70.566
-70.334
-70.154
-69.989
-70.269
-70.182
-70.392
-70.328
-70.351
-70.403
-70.513
-70.749
-70.645
-70.381
-70.441
-70.758
-70.759
-70.792
-70.748
-71.106
-71.247
-71.535
-71.619
-71.366
-71.456
-71.357
-71.429
-71.39
-71.317
-71.433
-71.395
-71.034
-71.324
-71.31
-71.18
-71.381
-71.312
-71.239
-71.127
-71.027
-71.208
-71.422
-71.158
-71.281
-71.25
-71.299
-71.377
-71.282
-71.485
-71.634
-71.635
-71.683
-71.59
-71.742
-71.929
-71.82
-71.895
-72.074
-72.168
-71.965
-71.741
-71.921
-71.919
-71.938
-72.172
-72.184
-72.38
-72.391
-72.334
-72.767
-73.009
-73.012
-72.924
-73.177
-72.977
-72.889
-72.881
-73.077
-73.14
-73.121
-72.994
-72.93
-72.75
-72.764
-72.655
-72.414
-72.491
-72.636
-72.75
-72.733
-72.566
-72.516
-72.384
-72.615
-72.644
-72.695
-72.671
-72.447
-72.161
-71.929
-71.73
-71.494
-71.406
-71.431
-71.149
-71.306
-71.362
-71.27
-71.408
-71.244
-71.279
-71.313
-71.504
-71.446
-71.441
-71.411
-71.59
-71.464
-71.516
-71.675
-71.448
-71.417
-71.105
-70.989
-71.139
-71.333
-71.284
-71.136
-71.363
-71.542
-71.667
-71.418
-71.324
-71.251
-71.435
-71.41
-71.469
-71.842
-71.786
-71.771
-71.825
-71.764
-71.964
-71.701
-71.852
-71.643
-71.402
-71.457
-71.786
-72.01
-71.846
-71.681
-71.781
-71.648
-71.42
-71.55
-71.317
-71.13
-70.895
-70.996
-71.015
-71.014
-71.174
-71.063
-71.164
-71.089
-71
-70.995
-70.999
-71.121
-71.153
-70.991
-71.03
-70.975
-71.102
-71.086
-70.963
-70.946
-70.915
-71.257
-71.259
-71.61
-71.541
-71.475
-71.515
-71.607
-71.804
-71.875
-71.663
-71.808
-71.863
-71.905
-71.946
-71.838
-71.741
-71.657
-71.444
-71.574
-71.207
-71.309
-71.456
-71.339
-71.497
-71.745
-71.577
-71.527
-71.389
-71.094
-71.392
-71.328
-71.32
-71.091
-71.239
-71.336
-71.307
-70.991
-70.879
-70.834
-70.927
-71.093
-71.371
-71.311
-71.267
-71.303
-71.163
-70.68
-70.259
-70.404
-70.217
-70.405
-70.582
-70.859
-70.753
-70.963
-70.929
-71.013
-70.786
-70.679
-70.746
-70.921
-70.964
-71.12
-71.139
-70.868
-71.085
-71.098
-71.055
-71.089
-70.85
-70.771
-70.884
-70.845
-70.873
-70.854
-70.75
-70.849
-70.911
-70.905
-70.953
-70.833
-70.859
-71.038
-71.037
-71.036
-71.199
-71.361
-71.534
-71.751
-71.618
-71.53
-71.196
-71.376
-71.282
-71.457
-71.663
-71.635
-71.773
-71.745
-72.025
-72.051
-71.829
-71.629
-71.096
-71.083
-70.94
-70.847
-70.738
-70.729
-70.829
-70.943
-70.944
-71.019
-70.833
-71.086
-71.054
-71.158
-71.279
-71.146
-70.92
-70.989
-70.919
-70.997
-71.193
-71.294
-71.485
-71.739
-71.763
-71.622
-71.522
-71.547
-71.562
-71.49
-71.739
-71.74
-71.539
-71.292
-71.172
-70.983
-71.092
-71.122
-71.494
-71.562
-71.497
-71.569
-71.81
-71.872
-71.752
-71.653
-71.504
-71.479
-71.446
-71.312
-71.489
-71.805
-71.992
-71.844
-71.761
-71.698
-71.661
-71.765
-71.973
-71.944
-71.891
-71.743
-71.791
-71.929
-72.15
-72.116
-72.308
-72.403
-72.49
-72.543
-72.873
-72.928
-72.976
-72.977
-73.115
-73.159
-73.21
-73.121
-73.014
-72.888
-73.352
-73.031
-73.02
-72.786
-72.803
-72.816
-73.209
-73.165
-73.315
-72.982
-73.29
-73.29
-73.208
-73.63
-73.645
-73.54
-73.633
-73.282
-73.296
-73.313
-73.249
-73.217
-73.044
-72.975
-73.263
-73.169
-73.171
-73.164
-73.007
-73.16
-73.593
-73.659
-73.655
-73.41
-73.329
-73.248
-73.303
-73.371
-73.479
-73.492
-73.337
-73.29
-73.518
-73.303
-73.272
-73.469
-73.331
-73.354
-73.349
-73.393
-73.449
-73.409
-73.631
-73.718
-73.942
-74.194
-74.241
-74.275
-74.201
-74.245
-74.39
-74.149
-74.158
-74.231
-74.132
-74.129
-74.14
-73.97
-73.915
-73.916
-73.984
-74.536
-74.651
-74.653
-74.765
-74.913
-74.971
-75.296
-75.224
-75.371
-75.38
-75.691
-75.664
-75.91
-75.785
-75.82
-75.971
-75.981
-75.866
-75.905
-75.997
-75.688
-75.6
-75.801
-75.935
-75.837
-76.108
-75.869
-76.097
-76.036
-76.193
-76.068
-76.235
-76.506
-76.841
-76.902
-76.996
-76.965
-77.107
-77.069
-77.238
-77.187
-77.082
-77.135
-77.18
-77.085
-77.018
-77.236
-77.404
-77.251
-77.314
-77.251
-77.318
-77.179
-77.128
-77.227
-77.215
-77.326
-77.164
-76.968
-76.801
-76.729
-76.818
-77.015
-76.814
-76.538
-76.556
-76.65
-76.601
-76.69
-76.72
-76.226
-75.963
-76.049
-76.116
-76.202
-76.407
-76.18
-75.997
-75.843
-75.918
-75.764
-75.829
-75.905
-76.117
-75.929
-76.084
-75.984
-76.057
-76.355
-76.258
-76.403
-76.508
-76.435
-76.505
-76.573
-76.563
-76.391
-76.698
-76.7
-77.054
-76.782
-76.96
-76.957
-76.861
-76.999
-76.903
-76.944
-76.869
-76.745
-76.628
-76.616
-76.7
-76.806
-76.575
-76.459
-76.234
-75.995
-76.225
-75.877
-75.83
-76.01
-75.84
-75.967
-75.824
-75.502
-75.106
-75.058
-75.103
-75.024
-75.318
-75.239
-74.736
-74.891
-74.608
-74.443
-74.505
-74.739
-74.559
-74.351
-74.246
-74.251
-74.392
-74.339
-74.112
-74.194
-74.48
-74.435
-74.225
-74.012
-73.675
-73.451
-73.143
-72.735
-72.651
-72.196
-72.054
-71.89
-71.581
-71.09
-70.934
-70.478
-70.064
-69.793
-69.839
-69.524
-69.689
-69.641
-69.523
-69.665
-69.599
-69.459
-69.109
-69.037
-68.804
-68.517
-68.393
-68.178
-68.163
-67.748
-67.74
-67.454
-67.113
-67.036
-66.895
-67.011
-66.914
-67.006
-66.948
-66.891
-66.836
-67.05
-66.996
-67.02
-67.02
-67.083
-67.133
-67.064
-66.836
-66.79
-66.84
-66.896
-67.008
-66.971
-67.17
-67.149
-67.219
-67.112
-67.025
-67.08
-66.865
-66.92
-66.67
-66.634
-66.518
-66.253
-65.992
-66.037
-66.378
-66.475
-66.405
-66.126
-65.942
-65.829
-65.764
-66.113
-65.812
-65.962
-66.112
-66.114
-66.089
-65.662
-65.838
-65.591
-65.536
-65.432
-65.156
-65.483
-65.59
-65.838
-65.781
-66.019
-66.011
-65.783
-66.024
-65.865
-65.701
-65.773
-65.833
-65.754
-65.716
-65.731
-65.675
-65.891
-65.743
-65.56
-65.665
-65.459
-65.164
-65.082
-65.161
-65.087
-65.159
-65.333
-65.366
-65.318
-65.082
-65.17
-65.202
-65.183
-65.23
-65.07
-65.265
-65.435
-65.741
-65.876
-65.902
-65.763
-65.744
-65.704
-65.52
-65.429
-65.304
-65.553
-65.63
-65.709
-65.762
-65.847
-65.857
-65.895
-66.138
-66.086
-65.911
-66.095
-66.38
-66.17
-66.22
-66.065
-66.209
-65.994
-66.102
-66.146
-65.975
-66.06
-65.865
-65.911
-65.875
-65.971
-65.953
-65.905
-65.648
-65.476
-65.57
-65.799
-65.768
-66.025
-65.963
-66.058
-65.99
-66.09
-66.45
-66.432
-66.355
-66.23
-66.358
-66.162
-66.043
-66.225
-66.295
-66.404
-66.687
-66.506
-66.511
-66.29
-66.361
-66.206
-66.018
-66.318
-66.404
-66.092
-66.045
-66.088
-66.241
-66.128
-66.145
-66.34
-66.55
-66.698
-66.981
-67.078
-66.725
-67.036
-66.827
-66.976
-66.939
-66.786
-66.685
-66.618
-66.65
-66.417
-66.298
-66.318
-66.039
-65.866
-66.006
-66.21
-66.388
-66.351
-66.326
-66.276
-66.287
-66.384
-66.467
-66.242
-66.278
-65.982
-66.274
-66.177
-66.124
-65.994
-65.871
-65.841
-65.98
-66.196
-66.417
-66.459
-66.467
-66.386
-66.215
-66.525
-66.46
-66.349
-66.202
-66.011
-65.678
-65.812
-65.398
-65.556
-65.575
-65.451
-65.421
-65.267
-65.029
-65.018
-64.918
-65.008
-64.598
-64.703
-64.619
-64.489
-64.557
-64.292
-64.479
-64.537
-64.437
-64.248
-64.307
-64.355
-64.518
-64.572
-64.296
-64.437
-64.233
-63.977
-63.75
-63.596
-63.662
-63.575
-63.486
-63.569
-63.493
-63.415
-63.309
-63.446
-63.749
-63.808
-63.832
-63.813
-63.831
-63.854
-63.706
-63.665
-63.558
-63.676
-63.817
-63.679
-63.674
-63.525
-63.363
-63.355
-63.433
-63.372
-63.426
-63.528
-63.851
-64.177
-64.053
-64.098
-63.849
-63.685
-63.505
-63.566
-63.705
-63.886
-63.892
-63.905
-63.972
