-72.567
-72.442
-72.437
-72.407
-72.281
-72.286
-72.476
-72.593
-72.433
-72.705
-72.64
-72.661
-72.704
-72.487
-72.443
-72.447
-72.65
-72.569
-72.565
-72.436
-72.45
-72.187
-72.155
-72.134
-72.35
-72.241
-72.282
-72.321
-72.263
-72.116
-72.02
-71.994
-72.121
-71.957
-72.337
-72.471
-72.328
-72.312
-71.917
-72.014
-71.862
-72.077
-71.97
-71.937
-72.033
-72.202
-72.152
-72.201
-72.211
-72.305
-72.161
-72.226
-72.319
-72.388
-72.358
-72.096
-71.751
-71.795
-71.825
-72.217
-72.356
-72.126
-71.878
-71.931
-71.937
-72.192
-72.043
-71.915
-72.007
-72.253
-72.358
-72.418
-72.545
-72.598
-72.734
-72.825
-72.767
-72.981
-72.744
-73.042
-73.022
-72.896
-73.111
-73.197
-73.255
-72.962
-73.17
-73.266
-72.993
-72.734
-72.734
-72.779
-72.692
-72.62
-72.593
-72.497
-72.542
-72.758
-72.858
-72.953
-73.11
-73.338
-73.05
-72.972
-72.957
-73.113
-72.862
-72.797
-72.935
-73.183
-73.413
-73.351
-73.167
-73.007
-72.981
-72.989
-73.162
-73.282
-73.454
-73.528
-73.539
-73.621
-73.528
-73.517
-73.378
-73.741
-73.552
-73.496
-73.423
-73.248
-72.911
-73.029
-72.958
-72.729
-72.804
-72.923
-72.793
-72.926
-73.168
-73.371
-73.75
-73.503
-73.512
-73.617
-73.656
-73.62
-73.648
-73.593
-73.346
-73.157
-73.033
-73.147
-72.98
-73.12
-73.106
-73.035
-73.015
-73.226
-73.384
-73.482
-73.523
-73.529
-73.521
-73.592
-73.719
-73.888
-73.827
-73.785
-73.559
-73.376
-73.25
-73.117
-73.088
-72.911
-73.133
-73.469
-73.471
-73.554
-73.368
-73.371
-73.296
-73.051
-73.091
-72.89
-73.022
-72.826
-73.162
-73.376
-73.527
-73.373
-73.301
-73.295
-73.482
-73.527
-73.665
-73.736
-73.69
-73.707
-73.805
-73.542
-73.371
-73.424
-73.104
-73.356
-72.901
-72.86
-73.037
-72.91
-72.928
-72.976
-73.089
-73.149
-72.831
-72.882
-73.012
-73.073
-73.342
-73.436
-73.329
-73.509
-73.739
-73.755
-73.727
-73.522
-73.262
-73.347
-73.44
-73.169
-73.145
-73.332
-73.29
-73.253
-73.225
-73.099
-73.058
-73.144
-73.234
-73.249
-73.543
-73.513
-73.561
-73.464
-73.268
-73.265
-73.424
-73.24
-73.321
-73.433
-73.709
-73.732
-73.638
-73.498
-73.474
-73.399
-73.499
-73.533
-73.364
-73.346
-73.025
-72.835
-72.615
-72.726
-72.986
-73.138
-73.136
-73.6
-73.61
-73.834
-73.736
-73.564
-73.638
-73.727
-74.081
-74.274
-74.31
-74.435
-74.422
-74.458
-74.464
-74.435
-74.404
-74.362
-74.294
-74.362
-74.475
-74.633
-74.638
-74.574
-74.364
-74.254
-74.682
-74.788
-74.874
-74.744
-74.694
-74.525
-74.502
-74.589
-74.215
-73.965
-74.106
-73.691
-73.672
-73.567
-73.535
-73.588
-73.789
-73.772
-73.806
-73.508
-73.405
-73.569
-73.496
-73.684
-73.962
-74.184
-74.364
-74.346
-74.363
-74.471
-74.339
-74.039
-74.124
-74.189
-74.388
-74.652
-74.74
-74.649
-74.699
-74.408
-74.5
-74.379
-74.29
-74.559
-74.736
-74.678
-74.87
-75.062
-74.987
-75.133
-75.452
-75.503
-75.478
-75.65
-75.455
-75.46
-75.478
-75.641
-75.772
-75.521
-75.648
-75.601
-75.69
-75.861
-76.142
-76.118
-76.093
-75.791
-75.733
-75.791
-75.385
-75.298
-75.157
-75.32
-75.069
-75.032
-74.961
-74.804
-74.719
-74.596
-74.505
-74.482
-74.523
-74.499
-74.482
-74.56
-74.6
-74.413
-74.678
-74.416
-74.468
-74.151
-74.047
-73.817
-73.874
-73.609
-73.713
-73.624
-73.736
-73.934
-73.847
-73.914
-73.878
-74.001
-74.008
-74.09
-73.943
-74.155
-74.128
-74.238
-73.916
-74.061
-74.124
-73.882
-73.941
-73.751
-73.856
-73.589
-73.421
-73.46
-73.464
-73.346
-73.222
-73.217
-73.638
-73.577
-73.522
-73.576
-73.395
-73.511
-73.334
-73.041
-72.928
-72.581
-72.511
-72.506
-72.498
-72.384
-72.09
-72.016
-71.694
-71.729
-71.673
-71.612
-71.496
-71.538
-71.931
-72.081
-71.994
-72.099
-72.155
-72.237
-72.34
-72.552
-72.755
-73.112
-73.158
-72.781
-72.856
-72.735
-72.739
-72.48
-72.774
-72.691
-72.55
-72.624
-72.627
-72.681
-72.889
-72.613
-72.664
-72.625
-72.34
-72.379
-72.488
-72.515
-72.588
-72.76
-72.378
-72.526
-72.223
-72.37
-72.482
-72.5
-72.551
-72.541
-72.342
-72.324
-72.291
-72.144
-72.027
-71.885
-71.838
-71.771
-72.064
-72.262
-72.56
-72.608
-72.636
-72.683
-72.563
-72.514
-72.561
-72.562
-72.623
-72.594
-72.677
-72.832
-72.799
-72.848
-72.807
-72.772
-72.962
-72.766
-73.116
-72.953
-73.025
-73.054
-73.067
-73.152
-73.189
-73.217
-73.278
-73.317
-73.444
-73.562
-73.472
-73.413
-73.568
-73.799
-73.666
-73.842
-73.621
-73.639
-73.749
-73.734
-73.905
-73.762
-73.784
-73.674
-73.41
-73.392
-73.548
-73.523
-73.446
-73.46
-73.546
-73.497
-73.456
-73.209
-73.151
-73.077
-73.148
-73.186
-73.135
-73.007
-72.655
-72.561
-72.424
-72.367
-72.387
-72.513
-72.365
-72.431
-72.495
-72.531
-72.312
-72.483
-72.435
-72.655
-72.541
-72.429
-72.004
-71.85
-71.755
-71.644
-71.154
-70.682
-70.018
-69.457
-68.58
-67.733
-67.252
-66.343
-65.636
-64.91
-64.094
-63.483
-62.858
-62.188
-61.877
-61.39
-60.724
-60.264
-59.264
-58.034
-56.95
-55.795
-54.652
-53.925
-53.125
-52.205
-51.548
-50.843
-50.211
-49.361
-48.622
-47.93
-46.948
-45.94
-45
-45
-45
-45
-45
-45
-45
-45
-45
-45
-45
-45
-45
-45
-45
-45
-45
-45
-45
-47.881
-52.281
-55.452
-57.746
-59.534
-60.763
-61.564
-62.33
-62.868
-62.818
-62.844
-63.104
-63.154
-62.858
-63.025
-63.018
-62.841
-62.953
-62.9
-62.93
-62.596
-62.402
-62.149
-62.231
-62.017
-62.099
-61.685
-61.836
-61.902
-61.947
-61.572
-61.756
-61.838
-61.885
-61.679
-61.938
-62.194
-62.351
-62.628
-62.658
-62.741
-62.898
-62.751
-62.756
-62.776
-62.765
-62.797
-63.13
-63.159
-63.547
-63.604
-63.634
-64.006
-64.076
-64.103
-64.079
-64.19
-64.37
-64.395
-64.425
-64.436
-64.584
-64.5
-64.815
-64.675
-64.749
-64.53
-64.196
-64.431
-64.464
-64.485
-64.46
-64.344
-63.993
-63.896
-63.837
-63.763
-63.766
-63.435
-63.666
-63.87
-63.938
-64.116
-63.971
-63.857
-64.047
-64.13
-63.997
-64.075
-63.948
-63.975
-64.01
-64.236
-64.338
-64.312
-64.412
-64.613
-65.009
-65.403
-65.534
-65.51
-65.429
-65.522
-65.569
-65.608
-65.514
-65.696
-65.609
-65.964
-66.066
-66.008
-66.227
-66.295
-66.671
-66.654
-66.664
-66.616
-66.665
-66.643
-66.846
-66.786
-66.687
-66.616
-66.737
-66.988
-67.311
-67.383
-67.634
-67.558
-67.663
-67.969
-67.885
-68.082
-68.045
-67.817
-67.938
-68.431
-68.495
-68.395
-68.647
-68.842
-68.786
-68.856
-68.661
-68.624
-68.686
-68.704
-68.651
-68.79
-68.783
-68.951
-69.017
-69.107
-69.426
-69.389
-69.38
-69.589
-69.653
-69.808
-69.677
-69.77
-69.81
-69.626
-69.791
-69.64
-69.764
-69.809
-69.61
-69.688
-69.371
-69.576
-69.691
-69.636
-69.722
-69.719
-69.775
-69.968
-70.026
-69.979
-70.196
-70.588
-70.687
-70.704
-70.685
-70.942
-70.942
-71.012
-70.728
-70.381
-70.208
-69.992
-69.899
-69.735
-69.892
-69.866
-69.866
-69.903
-70.001
-70.026
-69.61
-69.537
-70.02
-69.955
-69.848
-70.045
-70.08
-70.126
-70.283
-70.211
-70.108
-70.253
-70.42
-70.356
-70.19
-70.114
-70.085
-70.234
-70.442
-70.367
-70.259
-70.258
-70.533
-70.621
-70.394
-70.379
-70.289
-70.42
-70.555
-70.674
-71.252
-71.242
-71.338
-71.311
-71.191
-71.284
-71.564
-71.685
-71.442
-71.576
-71.676
-71.906
-71.814
-72.043
-72.045
-71.907
-72.178
-72.019
-71.868
-71.931
-72.062
-71.969
-72.045
-72.032
-71.916
-72.042
-71.855
-71.72
-71.879
-71.593
-72.041
-72.155
-72.201
-72.363
-72.093
-72.336
-72.409
-72.239
-72.145
-72.355
-72.482
-72.498
-72.875
-72.858
-72.713
-72.777
-72.633
-72.647
-72.48
-72.236
-72.35
-72.379
-72.284
-72.428
-72.878
-72.872
-73.008
-72.991
-72.989
-72.967
-73.26
-73.341
-73.182
-72.986
-72.946
-72.918
-72.58
-72.608
-72.944
-72.684
-72.74
-72.514
-72.575
-72.54
-72.889
-72.727
-72.604
-72.521
-72.698
-72.794
-72.793
-72.766
-73.023
-72.923
-72.982
-73.062
-73.227
-73.461
-73.439
-73.215
-73.38
-73.263
-73.17
-73.025
-73.335
-73.05
-72.722
-72.568
-72.517
-72.62
-72.691
-72.829
-72.869
-72.741
-72.555
-72.492
-72.501
-72.744
-72.855
-72.964
-73.175
-73.358
-73.331
-73.304
-73.172
-72.974
-73.062
-73.14
-73.069
-73.06
-73.108
-73.13
-73.071
-73.008
-72.817
-72.755
-72.678
-72.607
-72.641
-72.511
-72.842
-72.635
-72.655
-72.668
-72.385
-72.546
-72.339
-72.237
-72.144
-72.032
-72.228
-72.333
-72.174
-72.115
-72.14
-72.17
-72.09
-72.18
-72.189
-72.07
-72.017
-71.965
-72.226
