-82.109
-81.926
-81.832
-81.609
-81.541
-81.604
-81.427
-81.728
-81.605
-81.451
-81.409
-81.29
-81.262
-81.29
-81.56
-81.565
-81.618
-81.527
-81.481
-81.425
-81.453
-81.304
-81.446
-81.426
-81.354
-81.099
-81.115
-81.461
-81.361
-81.318
-81.451
-81.605
-81.72
-81.73
-81.767
-81.77
-81.715
-81.947
-81.924
-81.994
-81.911
-82.045
-81.96
-81.784
-81.998
-82.207
-82.13
-82.228
-82.222
-81.983
-82.099
-81.871
-81.684
-81.651
-81.921
-81.936
-82.026
-81.915
-81.744
-81.836
-81.875
-81.957
-81.785
-81.558
-81.401
-81.129
-81.22
-81.07
-81.165
-80.987
-80.888
-81.107
-81.082
-81.225
-81.125
-81.409
-81.185
-80.941
-80.793
-81.015
-81.063
-80.781
-80.758
-80.678
-80.64
-80.653
-80.492
-80.155
-80.423
-80.447
-80.711
-80.578
-80.7
-80.909
-80.972
-81.037
-81.12
-80.922
-80.904
-80.938
-80.958
-80.896
-80.57
-80.336
-80.331
-80.46
-80.458
-80.137
-80.221
-80.248
-80.189
-80.133
-80.393
-80.484
-80.6
-80.736
-80.846
-80.938
-81.01
-81.09
-80.994
-81.129
-81.228
-81.225
-81.311
-81.256
-81.156
-81.285
-81.537
-81.228
-81.177
-80.889
-80.632
-80.814
-81.102
-81.317
-81.109
-81.37
-81.243
-80.936
-80.832
-80.661
-80.546
-80.882
-80.826
-81.093
-81.329
-81.183
-81.487
-81.681
-81.949
-81.835
-81.879
-81.751
-81.652
-81.72
-81.605
-81.67
-81.587
-81.364
-81.197
-81.23
-81.171
-81.25
-81.538
-81.557
-81.517
-81.568
-81.527
-81.562
-81.746
-81.691
-81.875
-81.893
-81.582
-81.611
-81.599
-81.832
-81.668
-81.749
-81.701
-81.523
-81.319
-81.54
-81.597
-81.511
-81.359
-81.38
-81.264
-81.032
-80.819
-80.652
-81.032
-81.279
-80.993
-80.994
-80.703
-80.847
-80.984
-80.782
-80.662
-80.859
-80.907
-81.119
-80.895
-80.973
-80.802
-80.878
-80.914
-80.963
-81.127
-81.306
-81.208
-81.33
-81.646
-81.652
-81.921
-81.899
-81.623
-81.726
-81.799
-81.546
-81.769
-82.033
-81.814
-81.87
-81.682
-81.56
-81.721
-81.915
-81.671
-81.672
-81.747
-81.568
-81.655
-81.485
-81.319
-81.361
-81.324
-81.494
-81.418
-81.418
-81.419
-81.38
-81.61
-81.765
-81.739
-81.855
-81.897
-82.158
-82.293
-82.398
-82.323
-82.626
-82.435
-82.264
-82.244
-82.35
-82.435
-82.98
-82.777
-83.079
-83.395
-83.408
-83.262
-83.261
-83.124
-83.044
-83.243
-83.285
-83.31
-83.477
-83.587
-83.542
-83.803
-83.831
-84.052
-83.862
-83.974
-84.232
-83.924
-83.779
-83.688
-83.591
-83.34
-83.361
-83.467
-83.46
-83.436
-83.426
-83.381
-83.198
-83.015
-83.019
-83.123
-83.399
-83.666
-83.818
-83.735
-83.659
-83.412
-83.459
-83.593
-83.498
-83.666
-83.811
-83.647
-83.569
-83.776
-83.505
-83.232
-83.146
-83.264
-83.352
-83.305
-83.426
-83.527
-83.556
-83.301
-83.258
-82.884
-82.837
-82.841
-82.955
-82.963
-82.812
-82.613
-82.701
-82.708
-82.922
-82.858
-82.798
-83.025
-82.9
-82.842
-82.77
-82.707
-82.935
-82.888
-83.025
-83.14
-83.053
-83.118
-82.941
-82.962
-83.281
-83.843
-84.038
-84.037
-84.193
-84.204
-84.244
-84.23
-84.256
-84.295
-84.287
-84.401
-84.163
-84.075
-84.07
-83.951
-83.77
-83.77
-83.617
-83.796
-83.59
-83.314
-83.54
-83.432
-83.494
-83.802
-83.805
-83.611
-83.66
-83.702
-83.722
-83.518
-83.543
-83.346
-83.273
-82.96
-82.713
-82.581
-82.721
-82.867
-82.828
-82.771
-82.671
-82.667
-82.186
-82.357
-82.374
-82.078
-82.003
-81.868
-81.661
-81.739
-82.013
-82.134
-82.22
-81.983
-81.916
-81.62
-81.816
-81.662
-81.605
-81.426
-81.152
-81.058
-81.009
-80.806
-80.837
-80.789
-81.123
-80.841
-80.514
-80.45
-80.335
-80.432
-80.615
-80.534
-80.518
-80.549
-80.492
-80.634
-80.507
-80.455
-80.231
-80.355
-80.644
-80.781
-80.552
-80.655
-80.434
-80.287
-80.159
-80.089
-79.92
-79.779
-79.503
-79.348
-79.018
-78.776
-78.485
-78.259
-78.185
-77.97
-77.674
-77.474
-77.325
-76.996
-76.517
-76.658
-76.633
-76.741
-76.787
-76.691
-76.708
-77.097
-77.075
-76.993
-76.996
-76.928
-77.017
-76.719
-76.352
-76.422
-76.29
-75.99
-76.017
-75.955
-75.766
-75.593
-75.608
-75.45
-75.392
-75.133
-74.868
-74.622
-74.479
-74.537
-74.151
-74.056
-73.533
-73.541
-73.172
-72.775
-72.686
-72.816
-72.834
-72.614
-72.101
-71.65
-71.669
-71.185
-70.937
-70.448
-70.12
-69.565
-69.154
-68.952
-68.656
-68.446
-68.107
-67.551
-67.241
-66.93
-66.916
-66.871
-66.468
-66.243
-66.201
-66.098
-65.873
-65.647
-65.351
-65.002
-64.614
-64.393
-64.171
-64.025
-63.645
-63.254
-63.119
-62.756
-62.569
-62.337
-61.939
-61.73
-61.504
-61.006
-60.787
-60.554
-60.455
-60.185
-60.178
-60.097
-59.988
-60.329
-60.04
-59.995
-59.868
-59.726
-59.572
-59.459
-59.329
-59.231
-59.171
-59.144
-59.151
-59.012
-58.92
-58.716
-58.57
-58.036
-57.723
-57.579
-57.063
-56.44
-55.908
-55.448
-54.795
-54.109
-53.269
-52.054
-50.478
-48.236
-45
-45
-45
-45
-45
-45
-45
-45
-45
-45
-45
-45
-45
-45
-48.191
-54.899
-60.449
-64.03
-66.653
-68.219
-69.451
-70.133
-70.447
-71.036
-70.881
-70.961
-70.773
-70.623
-70.739
-70.993
-70.684
-70.57
-70.335
-69.77
-69.466
-69.168
-68.809
-68.267
-67.853
-67.221
-67.048
-66.912
-66.47
-66.157
-65.852
-65.58
-65.46
-65.104
-64.985
-64.804
-64.415
-64.341
-64.058
-63.841
-63.634
-63.444
-63.558
-63.413
-63.238
-63.154
-62.944
-62.554
-62.31
-62.37
-62.442
-62.414
-62.25
-62.082
-62.257
-62.252
-62.342
-62.456
-62.442
-62.433
-62.52
-62.722
-62.438
-62.47
-62.079
-62.098
-62.45
-62.415
-62.486
-62.712
-63.047
-63.01
-62.951
-62.842
-63.085
-63.093
-63.018
-62.961
-62.568
-62.54
-62.579
-62.278
-61.849
-61.592
-61.537
-61.55
-61.487
-61.143
-60.977
-60.925
-61.007
-60.938
-60.49
-59.817
-59.427
-59.03
-58.542
-58.279
-57.933
-57.274
-57.05
-56.532
-55.975
-55.578
-55.174
-54.75
-54.008
-53.438
-52.768
-51.659
-50.234
-47.548
-45
-45
-45
-45
-45
-45
-45
-45
-45
-45
-45
-45
-45
-45
-50.133
-57.026
-62.032
-65.802
-68.276
-69.991
-71.029
-71.721
-72.494
-73.097
-73.57
-73.732
-73.9
-73.948
-74.158
-74.391
-74.761
-75.066
-74.914
-75.104
-75.403
-75.66
-75.678
-75.808
-76.076
-76.136
-76.387
-76.429
-76.536
-76.633
-76.772
-76.709
-76.827
-76.818
-76.888
-76.658
-76.451
-76.797
-76.534
-76.375
-76.252
-76.388
-76.302
-76.418
-76.431
-76.412
-76.738
-76.524
-76.586
-76.872
-76.766
-76.919
-76.934
-76.999
-77.067
-77.326
-77.673
-77.813
-77.84
-77.843
-77.701
-77.891
-77.974
-77.827
-77.883
-78.179
-78.347
-78.43
-78.394
-78.596
-78.681
-78.869
-78.552
-78.672
-78.884
-79.252
-79.197
-79.337
-79.167
-79.63
-79.84
-79.804
-79.987
-80.153
-80.169
-80.163
-80.255
-80.229
-80.276
-80.194
-80.157
-80.289
-80.21
-80.27
-80.21
-80.311
-80.556
-80.696
-80.912
-80.911
-81.121
-81.223
-81.292
-80.963
-81.157
-81.151
-81.314
-81.307
-81.377
-81.602
-81.564
-81.672
-81.856
-81.863
-81.86
-81.971
-82.221
-82.346
-82.423
-82.693
-82.683
-82.592
-82.386
-82.358
-82.329
-82.377
-82.332
-82.262
-82.237
-82.213
-82.37
-82.507
-82.797
-82.644
-82.641
-82.948
-82.967
-82.835
-82.91
-82.748
-82.769
-82.786
-82.786
-82.704
-82.687
-82.81
-82.831
-83.114
-83.005
-83.032
-83.126
-83.097
-83.165
-83.412
-83.263
-83.127
-83.29
-83.558
-83.649
-83.651
-83.766
-83.767
-83.859
-84.062
-83.713
-84.057
-84.101
-84.295
-84.603
-84.698
-84.857
-84.938
-85.196
-85.317
-85.482
-85.39
-85.498
-85.547
-85.566
-85.494
-85.597
-85.607
-85.742
-85.66
-85.189
-85.094
-85.281
-85.423
-85.448
-85.234
-85.289
-85.282
-85.424
-85.251
-85.441
-85.466
-85.541
-85.666
-85.305
-85.314
-85.369
-85.314
-85.547
-85.344
-85.634
-85.701
-85.716
-85.779
-85.811
-85.95
-86.365
-86.393
-86.443
-86.404
-86.513
-86.286
-86.105
-85.817
-85.96
-86.228
-86.387
-86.168
-86.352
-86.198
-86.18
-85.895
-85.893
-85.712
-85.622
-85.794
-85.759
-85.964
-86.27
-86.403
-86.47
-86.672
-86.757
-86.807
-86.62
-86.813
-86.796
-86.412
-86.488
-86.579
-86.672
-86.55
-87.077
-87.318
-87.017
-87.049
-87.079
-86.872
-86.934
-86.765
-86.808
-86.519
-86.684
-86.792
-87.146
-87.338
-87.521
-87.646
-87.862
-87.942
-87.994
-88.251
-88.192
-88.315
-88.383
-88.611
-88.683
-88.765
-88.944
-88.983
-88.786
-88.589
-88.453
-88.478
-88.352
-88.363
-88.576
-88.597
-88.681
-88.788
-88.884
-88.783
-88.743
-88.601
-88.834
-89.192
-89.238
-89.199
-89.107
-88.919
