-80.139
-80.24
-80.119
-80.112
-80.095
-79.906
-79.759
-79.454
-79.442
-79.171
-79.055
-79.017
-79.035
-79.308
-79.193
-79.073
-79.391
-79.156
-79.156
-79.026
-79.163
-78.99
-78.963
-79.322
-79.6
-79.826
-79.927
-79.851
-79.74
-79.885
-79.822
-79.75
-79.543
-79.684
-79.759
-79.672
-79.619
-79.597
-79.729
-79.975
-79.86
-79.784
-79.899
-80.141
-79.982
-79.975
-80.126
-79.956
-79.964
-79.89
-80.032
-80.115
-79.978
-80.271
-80.111
-80.036
-80.058
-79.94
-80.132
-79.911
-79.941
-80.115
-80.122
-80.075
-80.378
-79.997
-79.747
-79.622
-79.728
-79.768
-79.932
-79.956
-79.793
-80.062
-80.106
-80.161
-80.13
-80.197
-80.13
-80.114
-80.029
-79.919
-79.706
-79.856
-79.921
-80.013
-80.065
-79.897
-79.766
-80.041
-79.874
-79.898
-79.807
-79.96
-80.118
-79.997
-80.311
-80.051
-80.041
-79.844
-79.907
-79.845
-79.755
-79.66
-79.981
-79.886
-79.987
-80.128
-79.915
-79.857
-79.948
-79.863
-79.996
-79.871
-79.885
-80.15
-80.084
-80.004
-79.956
-79.824
-79.835
-79.946
-79.839
-79.795
-79.8
-80.181
-80.047
-80.278
-80.529
-80.462
-80.168
-80.326
-80.434
-80.337
-80.268
-80.037
-79.943
-79.79
-79.714
-79.674
-79.409
-79.675
-79.746
-79.895
-79.889
-79.947
-80.057
-79.911
-80.04
-80.057
-80.18
-79.839
-79.862
-79.95
-80.013
-79.753
-79.579
-79.708
-79.894
-79.856
-80.101
-80.205
-80.197
-79.999
-79.917
-79.847
-79.705
-79.654
-79.915
-79.957
-79.699
-79.461
-79.508
-79.573
-79.94
-79.88
-79.893
-79.642
-79.952
-79.654
-79.888
-79.753
-79.799
-79.692
-79.653
-79.563
-79.816
-79.712
-79.764
-79.958
-79.947
-79.748
-79.647
-79.616
-79.525
-79.559
-79.641
-79.726
-79.501
-79.521
-79.709
-79.806
-80.129
-79.827
-79.662
-79.72
-79.827
-79.806
-79.574
-79.693
-80.058
-80.11
-79.984
-79.936
-80.022
-79.997
-80.291
-80.215
-80.157
-80.197
-80.071
-80.139
-80.002
-79.908
-80.068
-80.024
-80.11
-80.134
-80.106
-79.719
-79.823
-79.648
-79.513
-79.62
-79.741
-80.194
-80.359
-80.195
-79.907
-80.041
-80.225
-80.216
-80.149
-80.18
-79.848
-79.761
-79.712
-79.395
-79.518
-79.615
-79.675
-79.725
-79.777
-79.594
-79.542
-79.383
-79.4
-79.704
-79.785
-79.599
-79.45
-79.647
-79.604
-79.725
-79.549
-79.674
-79.783
-79.804
-80.164
-80.262
-80.301
-80.442
-80.253
-80.068
-80.079
-80.257
-80.55
-80.27
-80.102
-80.323
-80.519
-80.583
-80.516
-80.645
-80.386
-80.244
-79.984
-79.941
-80.243
-80.22
-80.379
-80.191
-80.373
-80.304
-79.924
-80.133
-80.114
-80.062
-79.947
-80.077
-79.862
-79.87
-79.656
-79.677
-79.735
-79.531
-79.435
-79.367
-79.29
-79.299
-79.448
-79.727
-79.714
-79.398
-79.379
-79.465
-79.19
-79.061
-79.274
-79.135
-79.194
-79.244
-79.257
-79.201
-79.315
-79.319
-79.515
-79.549
-79.483
-79.472
-79.409
-79.5
-79.378
-79.249
-79.284
-79.59
-79.449
-79.667
-79.966
-80.311
-80.079
-80.077
-80.249
-80.151
-80.175
-80.281
-80.441
-80.447
-80.335
-80.414
-80.406
-80.519
-80.554
-80.39
-80.422
-80.489
-80.644
-80.799
-80.856
-81.08
-81.189
-81.017
-81.064
-80.892
-81.026
-81.131
-81.174
-81.216
-80.932
-80.589
-80.635
-80.518
-80.583
-80.607
-80.645
-80.642
-80.77
-80.847
-80.734
-80.521
-80.624
-80.737
-80.493
-80.454
-80.507
-80.735
-80.371
-80.406
-80.263
-80.18
-80.213
-80.343
-80.323
-79.999
-80.109
-80.199
-80.166
-80.212
-80.38
-80.239
-80.241
-80.321
-80.082
-79.971
-79.952
-79.779
-79.697
-79.566
-79.626
-79.677
-79.694
-79.679
-79.352
-79.075
-79.188
-79.07
-79.074
-79.413
-79.561
-79.565
-79.635
-80.031
-79.97
-79.884
-80.255
-80.405
-80.385
-80.167
-80.223
-80.093
-80.111
-80.201
-80.339
-80.366
-80.427
-80.352
-80.403
-80.153
-79.986
-79.919
-79.803
-79.778
-80.037
-79.97
-80.079
-79.985
-79.753
-79.614
-79.754
-79.516
-79.445
-79.454
-79.285
-79.216
-79.341
-79.183
-78.94
-78.972
-79.097
-79.191
-79.311
-79.082
-78.81
-78.847
-78.969
-79.067
-79.08
-78.649
-79.089
-79.179
-79.313
-79.198
-79.168
-79.212
-79.433
-79.291
-79.359
-79.471
-79.579
-79.585
-79.362
-79.302
-79.319
-79.09
-78.655
-78.093
-77.596
-77.562
-77.356
-76.792
-76.717
-76.516
-76.224
-75.883
-75.711
-75.378
-75.309
-75.09
-74.924
-74.825
-74.797
-74.688
-74.866
-74.963
-74.911
-74.738
-74.614
-74.365
-74.291
-74.188
-74.092
-74.108
-74.09
-74.168
-74.137
-74.044
-73.984
-73.652
-73.52
-74.114
-75.395
-76.478
-77.366
-78.022
-78.384
-79.127
-79.551
-79.591
-79.488
-79.612
-79.791
-79.735
-79.825
-79.776
-80.004
-79.988
-80.071
-79.864
-79.86
-80.402
-80.199
-80.189
-79.952
-80.089
-79.9
-79.937
-80.179
-80.186
-80.206
-80.154
-80.009
-80.247
-80.306
-80.164
-80.058
-80.066
-79.94
-80.019
-80.156
-79.998
-79.968
-80.072
-80.088
-79.991
-79.848
-79.899
-79.692
-79.915
-80.018
-80.146
-80.079
-80.035
-80.323
-80.408
-80.555
-80.579
-80.658
-80.577
-80.519
-80.674
-80.214
-80.102
-80.119
-79.989
-80.081
-79.854
-79.852
-79.913
-79.846
-79.891
-79.693
-79.859
-79.849
-79.828
-79.68
-79.456
-79.534
-79.661
-79.906
-79.873
-80.046
-80.117
-80.237
-80.397
-80.435
-80.457
-80.111
-79.921
-79.751
-79.84
-80.011
-80.123
-80.21
-79.94
-80.103
-80.187
-80.055
-80.096
-80.147
-79.844
-79.599
-79.585
-79.602
-79.69
-79.919
-79.803
-79.877
-79.883
-79.9
-79.885
-79.824
-79.763
-79.882
-80.045
-79.832
-80.029
-79.739
-80.055
-79.96
-79.974
-80.1
-79.868
-79.867
-79.936
-79.945
-79.879
-79.669
-79.459
-79.725
-79.875
-79.952
-80.02
-79.973
-80.012
-80.143
-80.417
-80.202
-80.146
-80.04
-79.992
-79.738
-79.725
-79.594
-79.668
-79.483
-79.638
-79.834
-80.169
-80.055
-79.903
-79.894
-79.989
-79.945
-79.977
-79.811
-79.831
-79.901
-79.882
-79.8
-79.976
-79.956
-79.766
-79.823
-79.797
-79.781
-79.668
-79.75
-79.619
-79.585
-79.506
-79.749
-79.746
-79.628
-79.815
-79.721
-79.539
-79.525
-79.716
-79.861
-79.88
-79.933
-80.11
-79.602
-79.537
-79.683
-79.674
-79.512
-79.611
-79.852
-80.035
-80.015
-80.03
-79.937
-79.849
-79.692
-79.849
-79.853
-80.01
-80.123
-79.91
-79.885
-79.645
-79.736
-79.659
-79.775
-79.631
-79.475
-79.29
-79.305
-79.374
-79.237
-79.417
-79.635
-79.738
-79.922
-80.005
-80.192
-80.165
-80.021
-80.004
-80.082
-79.896
-80.199
-80.105
-80.134
-80.214
-80.191
-80.152
-79.846
-79.717
-79.718
-79.679
-79.539
-79.265
-79.481
-79.692
-79.688
-79.724
-79.565
-79.609
-79.457
-79.665
-79.56
-79.53
-79.892
-79.919
-79.852
-79.904
-80.162
-80.256
-80.123
-79.931
-80.426
-80.293
-80.281
-80.325
-80.48
-80.169
-80.048
-80.105
-80.156
-80.157
-80.134
-80.072
-80.041
-79.978
-79.959
-79.651
-79.721
-79.849
-79.754
-79.846
-80.224
-80.072
-79.976
-79.89
-79.75
-79.736
-79.951
-79.662
-79.424
-79.535
-79.721
-79.714
-79.383
-79.159
-79.135
-79.314
-79.018
-79.085
-79.083
-79.15
-79.292
-79.396
-79.463
-79.345
-79.601
-79.434
-79.671
-79.715
-79.859
-79.728
-79.612
-79.683
-79.962
-79.924
-80.031
-80.199
-79.991
-80.072
-80.037
-79.925
-79.727
-79.696
-79.499
-79.574
-79.737
-79.661
-79.801
-80.142
-80.038
-79.75
-79.74
-80.044
-80.259
-80.167
-80.494
-80.371
-80.608
-80.58
-80.442
-80.634
-80.374
-80.418
-80.445
-80.196
-80.059
-80.095
-80.149
-79.946
-80.065
-79.981
-80.077
-79.963
-79.861
-79.77
-79.653
-79.526
-79.651
-79.725
-79.664
-79.3
-79.461
-79.888
-79.776
-80.187
-80.292
-80.186
-80.169
-80.327
-80.039
-79.878
-80.186
-80.407
-80.535
-80.407
-80.531
-80.56
-80.39
-80.207
-80.036
-80.125
-80.16
-80.328
-80.156
-80.092
-80.279
-80.357
-80.268
-80.129
-80.094
-80.252
-79.902
-79.716
-79.842
-79.857
-79.91
-79.965
-79.656
-79.799
-79.894
-79.94
-79.732
-79.659
-79.764
-79.744
-79.682
-79.487
-79.444
-79.184
-79.15
-78.901
-78.674
-78.704
-78.62
-78.427
-78.53
-78.607
-78.669
-78.813
-78.775
-78.758
-79.138
-78.942
-79.159
-78.819
-78.981
-78.688
-78.631
-78.602
-78.743
-78.807
-79.049
-79.085
-79.398
-79.382
-79.113
-79.159
-78.786
-79.17
-79.062
-79.001
-78.903
-78.917
-78.759
-78.934
-78.872
-78.89
-79.019
-78.834
-79.024
-79.008
-79.095
-79.237
-79.285
-79.208
-79.415
-79.532
-79.514
-79.427
-79.615
-79.826
-79.73
-79.771
-79.704
-79.881
-79.859
-79.84
-79.888
-79.765
-79.931
-79.793
-79.642
-79.693
-79.786
-79.728
-79.871
-79.804
-79.929
-79.903
-79.947
-80.032
-79.963
-79.883
-80.092
-79.788
-79.652
-79.393
-79.583
-79.473
-79.549
