-53.776
-53.85
-53.821
-53.594
-53.311
-52.997
-52.375
-51.544
-50.754
-50.139
-49.277
-48.752
-47.947
-46.94
-46.096
-45
-45
-45
-45
-45
-45
-45
-45
-45
-45
-45
-45
-45
-45
-45
-45
-45
-45
-45
-47.092
-50.882
-54.16
-56.691
-58.177
-59.588
-60.693
-61.388
-62.046
-62.312
-62.508
-62.639
-62.722
-62.857
-62.845
-62.627
-62.873
-62.658
-62.394
-62.288
-62.39
-62.35
-62.208
-62.081
-61.8
-61.795
-61.982
-61.988
-61.964
-61.953
-62.247
-62.521
-62.418
-62.613
-62.383
-62.097
-62.361
-62.699
-62.608
-62.804
-63.086
-63.115
-63.211
-63.233
-63.195
-63.131
-62.796
-63.129
-63.329
-63.553
-63.585
-63.858
-63.538
-63.778
-63.748
-63.738
-63.57
-63.835
-64.321
-64.306
-64.73
-64.893
-64.998
-64.92
-65.006
-65.042
-65.036
-65.213
-65.157
-65.214
-65.14
-65.088
-65.028
-65.041
-65.034
-65.061
-65.026
-64.898
-64.916
-64.667
-64.719
-64.57
-64.639
-64.68
-64.813
-64.625
-64.686
-64.789
-64.957
-65.205
-65.523
-65.485
-65.617
-65.67
-65.882
-65.714
-65.919
-65.802
-65.423
-65.575
-65.334
-65.28
-65.356
-65.391
-65.315
-65.396
-65.303
-65.247
-65.579
-65.501
-65.519
-65.712
-65.786
-65.521
-65.526
-65.695
-65.66
-65.413
-65.326
-65.24
-65.242
-65.042
-65.09
-65.187
-65.211
-65.4
-65.393
-65.414
-65.515
-65.55
-65.707
-65.481
-65.452
-65.247
-65.242
-65.127
-65.289
-65.153
-65.269
-65.144
-65.331
-65.011
-64.792
-64.848
-64.777
-64.901
-65.198
-65.463
-65.396
-65.579
-65.883
-65.835
-65.882
-65.797
-65.846
-65.863
-65.952
-66.078
-65.978
-66.278
-66.327
-66.249
-66.135
-66.329
-66.364
-66.488
-66.59
-66.811
-67.093
-66.793
-66.787
-66.881
-67.171
-67.278
-67.461
-67.288
-67.619
-67.761
-68.095
-68.143
-67.915
-67.945
-67.895
-67.84
-67.819
-68.312
-68.198
-68.574
-68.632
-68.638
-68.865
-68.758
-68.675
-68.672
-68.7
-68.779
-68.88
-69.088
-69.145
-69.314
-69.442
-69.515
-69.408
-69.613
-69.933
-70.026
-70.197
-70.13
-70.166
-70.163
-70.166
-70.355
-70.32
-70.467
-70.379
-70.489
-70.261
-70.241
-70.465
-70.691
-70.77
-70.671
-70.776
-70.745
-70.484
-70.362
-70.293
-70.432
-70.587
-70.245
-70.26
-70.336
-70.58
-70.39
-70.718
-70.627
-70.682
-70.917
-70.985
-70.903
-71.05
-70.921
-70.822
-70.64
-70.674
-70.868
-71.143
-71.422
-71.458
-71.258
-71.513
-71.45
-71.547
-71.715
-71.53
-71.49
-71.714
-71.712
-71.622
-71.894
-72.012
-72.38
-72.402
-72.258
-72.255
-72.135
-72.171
-72.045
-72.133
-72.054
-71.817
-71.848
-71.584
-71.574
-71.292
-70.998
-71.217
-71.165
-71.196
-71.039
-71.09
-71.081
-71.029
-71.097
-71.065
-71.143
-71.167
-71.522
-71.565
-71.487
-71.339
-71.41
-71.382
-71.48
-71.447
-70.953
-70.402
-69.47
-68.644
-67.819
-66.715
-66.123
-65.445
-64.582
-63.802
-63.165
-62.478
-62.001
-61.461
-60.721
-60.392
-59.797
-59.387
-58.961
-58.542
-58.305
-58.146
-57.912
-57.646
-57.482
-57.173
-57.062
-56.962
-56.929
-56.71
-57.062
-56.92
-56.337
-55.582
-54.65
-53.835
-53.248
-52.695
-52.012
-51.295
-50.64
-50.085
-49.226
-48.835
-48.145
-47.146
-46.209
-45
-45
-45
-45
-45
-45
-45
-45
-45
-45
-45
-45
-45
-45
-45
-45
-45
-45
-45
-46.17
-50.716
-54.505
-57.041
-58.686
-60.182
-61.146
-61.84
-62.527
-63.213
-63.518
-63.844
-64.237
-64.212
-64.362
-64.364
-64.576
-64.53
-64.714
-64.481
-64.295
-64.545
-64.575
-64.833
-64.667
-64.731
-64.58
-64.789
-64.466
-64.449
-64.593
-64.615
-64.609
-64.635
-64.552
-64.417
-64.445
-64.346
-64.307
-64.51
-64.512
-64.826
-65.238
-65.609
-65.506
-65.611
-65.681
-65.963
-66.018
-66.13
-66.261
-66.535
-66.592
-66.787
-66.715
-66.6
-66.516
-66.452
-66.533
-66.713
-67.038
-67.288
-67.36
-67.088
-67.109
-67.414
-66.933
-67.155
-67.314
-67.421
-67.518
-67.844
-68.15
-68.099
-68.207
-68.214
-68.338
-68.38
-68.414
-68.544
-68.537
-68.476
-68.825
-68.909
-68.756
-68.537
-68.547
-68.768
-68.879
-69.134
-69.055
-68.904
-68.844
-68.955
-69.293
-69.254
-69.019
-68.816
-68.76
-69.037
-69.213
-68.923
-68.995
-69.107
-69.033
-68.707
-68.61
-68.53
-68.674
-68.508
-68.496
-68.71
-68.478
-68.64
-68.633
-68.787
-68.925
-69.181
-69.144
-69.428
-69.551
-69.49
-69.262
-69.365
-69.13
-69.116
-69
-68.938
-68.973
-69.206
-69.312
-69.635
-69.421
-69.463
-69.386
-69.527
-69.351
-69.512
-69.702
-69.89
-70.125
-70.039
-70.197
-70.162
-70.174
-70.252
-70.163
-70.074
-70.154
-70.149
-69.89
-69.949
-70.186
-70.149
-69.998
-70.154
-69.958
-69.719
-69.916
-70.23
-70.087
-70.27
-70.13
-70.489
-70.646
-70.483
-70.588
-70.465
-70.362
-70.563
-70.839
-70.42
-70.039
-69.404
-68.736
-68.124
-67.37
-66.706
-65.795
-65.096
-64.371
-63.85
-63.202
-62.624
-62.301
-61.815
-61.786
-61.312
-60.825
-60.555
-60.186
-60.204
-59.66
-59.356
-59.021
-58.614
-58.349
-58.251
-57.967
-58.049
-58.033
-57.929
-57.691
-57.707
-57.306
-57.388
-57.39
-57.399
-57.41
-57.29
-57.243
-56.901
-56.709
-56.376
-55.906
-55.248
-54.543
-53.907
-53.342
-52.671
-52.044
-51.519
-50.887
-50.329
-49.895
-48.871
-47.951
-47.278
-46.457
-45.048
-45
-45
-45
-45
-45
-45
-45
-45
-45
-45
-45
-45
-45
-45
-45
-45
-45
-45
-45.725
-50.559
-54.216
-56.854
-58.807
-60.17
-61.273
-62.251
-62.693
-63.08
-63.503
-63.877
-64.102
-64.074
-64.289
-64.188
-64.22
-64.368
-64.651
-64.416
-64.631
-64.59
-64.671
-64.574
-64.845
-64.941
-64.83
-64.89
-65.036
-65.276
-65.169
-65.083
-65.172
-64.996
-65.008
-64.988
-64.918
-65.109
-65.169
-65.152
-65.467
-65.414
-65.567
-65.566
-65.916
-65.89
-66.028
-66.152
-65.91
-66.29
-66.29
-66.438
-66.656
-66.518
-66.662
-66.719
-66.844
-66.747
-66.847
-66.995
-67.164
-67.081
-67.073
-67.054
-67.176
-67.367
-67.522
-67.788
-67.805
-68.15
-68.397
-68.446
-68.169
-68.311
-68.427
-68.343
-68.144
-68.224
-68.117
-68.23
-68.083
-68.121
-68.322
-68.109
-68.618
-68.433
-68.24
-68.389
-68.46
-68.167
-68.087
-68.034
-68.195
-68.356
-68.549
-68.365
-68.28
-68.517
-68.643
-68.764
-68.782
-68.772
-69.112
-68.955
-68.969
-69.048
-69.17
-68.951
-68.965
-69.097
-69.434
-69.387
-69.42
-69.532
-69.39
-69.601
-69.417
-69.698
-69.728
-69.702
-69.41
-69.183
-69.443
-69.61
-69.674
-69.797
-69.815
-69.867
-69.74
-69.659
-70.004
-70.023
-70.163
-70.145
-70.25
-70.371
-70.36
-70.483
-70.566
-70.713
-70.68
-70.884
-71.075
-71.411
-71.817
-72.061
-71.976
-72.017
-72.238
-72.322
-72.285
-72.056
-72.025
-71.947
-71.877
-72.016
-71.921
-71.848
-72.057
-71.981
-71.995
-72.006
-72.178
-72.301
-72.165
-72.472
-72.583
-72.597
-72.656
-72.726
-72.671
-72.82
-73.06
-72.945
-73.198
-73.142
-72.977
-73.168
-73.141
-73.246
-73.156
-73.384
-73.528
-73.403
-73.39
-73.521
-73.353
-73.553
-73.474
-73.32
-73.271
-73.291
-73.736
-73.881
-74.009
-74.227
-74.177
-74.274
-74.38
-74.302
-74.424
-74.273
-74.419
-74.297
-74.387
-74.44
-74.37
-74.297
-74.427
-74.502
-74.626
-74.762
-75.016
-74.882
-74.818
-74.468
-74.53
-74.695
-74.451
-74.649
-74.972
-75.214
-75.103
-75.246
-75.271
-75.109
-74.931
-75.082
-75.287
-75.043
-75.338
-75.193
-75.655
-75.578
-75.689
-75.623
-75.57
-75.523
-75.261
-75.028
-75.052
-75.255
-75.136
-75.154
-75.116
-75.18
-75.451
-75.509
-75.54
-75.499
-75.621
-75.325
-75.504
-75.653
-75.933
-76.172
-76.308
-76.212
-76.303
-76.24
-76.351
-76.484
-76.461
-76.589
-76.522
-76.515
-76.519
-76.591
-76.209
-76.144
-76.193
-75.936
-75.845
-75.922
-76.001
-76.169
-76.301
-75.985
-75.891
-75.871
-75.795
-76.024
-76.227
-76.059
-76.201
-76.177
-76.329
-76.388
-76.352
-76.121
-76.198
-76.346
-76.416
-76.578
-76.54
-76.409
-76.237
-76.158
-76.109
-76.005
-75.893
-75.92
-75.966
-76.192
-75.601
-75.71
-75.714
-75.485
-75.642
-75.622
-75.677
-75.538
-75.108
-74.723
-74.725
-74.964
-75.111
-75.263
-75.639
-75.783
-75.733
-75.543
-75.51
-75.437
-75.419
-75.446
-75.46
-75.427
-75.525
-75.724
-75.802
-75.892
-75.942
-76.135
-75.895
-75.88
-75.777
-75.537
-75.573
-75.417
-75.716
-75.645
-75.917
-75.981
-76.258
-76.482
-76.655
-76.448
-76.55
-76.155
-75.718
-75.715
-75.676
-75.638
-75.872
-76.25
-76.261
-76.228
