-67.617
-67.334
-67.294
-67.13
-67.165
-66.96
-66.918
-66.85
-66.879
-66.879
-66.51
-66.214
-66
-65.865
-65.674
-65.47
-65.522
-65.551
-65.562
-65.506
-65.241
-65.061
-64.841
-64.763
-64.797
-65.044
-64.681
-64.874
-64.875
-64.944
-64.846
-64.731
-64.562
-64.479
-64.385
-64.475
-64.148
-64.403
-64.646
-64.726
-64.837
-65.049
-64.902
-64.931
-64.87
-64.908
-64.855
-64.604
-64.7
-65.227
-65.211
-65.273
-65.33
-65.359
-65.198
-64.896
-64.639
-64.54
-64.608
-64.249
-64.179
-64.06
-63.767
-63.223
-62.709
-61.719
-60.811
-59.899
-59.085
-58.309
-57.537
-56.794
-55.968
-55.189
-54.245
-53.043
-51.491
-49.667
-45.932
-45
-45
-45
-45
-45
-45
-45
-45
-45
-45
-45
-45
-45
-45
-51.354
-57.244
-61.73
-65.088
-67.973
-71.12
-73.879
-75.859
-77.071
-77.955
-78.536
-78.946
-78.86
-78.828
-78.76
-78.981
-79.051
-79.105
-79.247
-79.485
-79.556
-78.964
-78.802
-78.469
-78.401
-77.952
-77.465
-77.021
-76.917
-76.877
-76.881
-76.898
-76.941
-76.704
-76.392
-76.244
-76.194
-76.139
-76.26
-76.008
-75.912
-76.03
-76.141
-75.974
-75.768
-75.662
-75.694
-75.872
-75.94
-76.437
-76.455
-76.446
-77.048
-77.496
-77.755
-77.976
-77.764
-77.837
-77.671
-77.553
-77.587
-77.42
-77.542
-77.811
-77.799
-77.663
-77.933
-78.002
-78.395
-78.222
-78.306
-78.366
-78.235
-78.351
-78.267
-78.348
-78.17
-78.074
-77.87
-78.053
-78.203
-78.094
-77.938
-77.84
-77.687
-77.59
-77.456
-77.373
-77.639
-77.809
-77.445
-77.119
-77.014
-76.739
-76.254
-75.958
-75.643
-76.064
-76.175
-76.206
-76.17
-76.217
-76.282
-76.439
-76.591
-76.748
-76.726
-76.905
-76.94
-77.059
-77.18
-77.235
-77.548
-77.742
-78.059
-78.07
-77.945
-78.155
-78.03
-78.104
-78.127
-78.063
-78.241
-78.294
-78.312
-78.749
-78.875
-78.691
-79.021
-78.894
-78.77
-78.609
-78.625
-77.997
-77.54
-77.448
-77.231
-77.422
-77.377
-77.579
-77.593
-77.812
-77.956
-78.014
-77.619
-77.671
-77.562
-77.588
-77.58
-77.666
-77.367
-77.254
-77.213
-77.048
-77.071
-76.968
-77.009
-77.236
-77.339
-77.253
-77.57
-77.531
-77.767
-77.73
-77.877
-77.96
-78.133
-78.32
-78.233
-78.384
-78.431
-78.382
-78.306
-78.542
-78.657
-78.549
-78.685
-78.867
-78.909
-78.981
-78.839
-78.831
-78.961
-79.079
-79.179
-79.222
-79.084
-79.263
-79.555
-79.387
-79.488
-79.389
-79.365
-79.333
-79.533
-79.363
-79.335
-79.304
-79.112
-78.863
-78.637
-78.531
-78.31
-78.476
-78.663
-78.499
-78.261
-78.136
-78.109
-78.169
-78.337
-78.474
-78.338
-78.372
-78.455
-78.562
-78.566
-78.663
-78.844
-78.901
-78.933
-78.795
-78.98
-78.857
-78.775
-79.02
-79.145
-79.274
-79.445
-79.279
-79.256
-79.339
-79.274
-79.472
-79.493
-79.498
-79.614
-79.705
-79.658
-79.546
-79.575
-79.314
-79.44
-79.509
-79.624
-79.609
-79.499
-79.589
-79.809
-79.762
-79.609
-79.742
-79.344
-79.642
-79.847
-79.818
-79.638
-79.665
-79.431
-79.444
-79.437
-79.172
-79.055
-78.954
-79.291
-79.249
-79.509
-79.637
-79.537
-79.358
-79.463
-79.394
-79.496
-79.298
-79.388
-79.53
-79.455
-79.649
-79.647
-79.628
-79.561
-79.366
-79.348
-79.594
-79.359
-79.286
-79.421
-79.609
-79.533
-79.139
-78.921
-78.715
-78.372
-78.206
-77.981
-77.85
-77.589
-77.609
-77.7
-77.609
-77.933
-77.923
-77.78
-77.723
-77.674
-77.988
-77.697
-77.889
-77.898
-77.99
-78.224
-78.596
-78.732
-78.344
-78.125
-77.634
-77.37
-77.018
-76.703
-76.236
-75.57
-74.783
-73.746
-73.101
-72.329
-71.786
-71.35
-70.86
-70.591
-70.196
-70.005
-69.742
-69.635
-69.248
-68.853
-68.366
-67.791
-67.056
-66.105
-65.254
-64.588
-64.167
-63.702
-63.366
-62.831
-62.579
-62.548
-62.597
-62.49
-62.109
-61.886
-61.63
-61.541
-62.696
-64.724
-66.312
-67.767
-69.114
-70.184
-70.983
-71.617
-72.171
-72.525
-73.049
-73.239
-73.67
-74.202
-74.165
-73.977
-74.346
-74.395
-74.601
-74.478
-74.564
-74.581
-74.676
-74.424
-74.342
-74.267
-73.861
-73.767
-73.436
-72.874
-72.645
-72.1
-71.205
-70.559
-69.764
-68.846
-68.255
-67.887
-67.963
-68.383
-68.719
-68.737
-69.132
-69.517
-69.964
-70.428
-70.471
-70.222
-70.388
-70.408
-70.544
-70.741
-71.125
-71.476
-71.473
-71.836
-72.068
-72.469
-72.503
-72.593
-72.502
-72.529
-72.81
-73.014
-72.86
-73.138
-73.207
-73.104
-73.144
-73.063
-73.139
-73.183
-73.325
-73.442
-73.745
-73.881
-74.401
-74.7
-74.626
-74.707
-74.841
-74.805
-74.689
-74.499
-74.197
-74.339
-74.201
-74.364
-73.997
-73.825
-74.067
-73.829
-73.59
-73.347
-73.094
-73.268
-73.678
-73.545
-73.7
-74.055
-74.148
-73.917
-73.912
-74.003
-74.215
-74.409
-74.497
-74.527
-74.673
-75.348
-75.333
-75.406
-75.621
-75.272
-74.881
-74.469
-74.434
-74.567
-74.742
-74.85
-74.771
-74.59
-74.893
-75.203
-75.522
-75.628
-76.054
-76.084
-76.279
-76.241
-76.196
-76.452
-76.547
-76.612
-76.701
-76.797
-76.992
-76.95
-76.929
-76.93
-76.696
-76.245
-76.28
-76.025
-75.979
-75.926
-76.248
-76.169
-75.972
-76.119
-76.068
-76.524
-76.599
-76.702
-76.618
-77.255
-77.256
-76.915
-76.77
-76.887
-76.806
-77.106
-77.167
-77.136
-77.147
-77.257
-77.101
-77.444
-77.453
-77.447
-77.485
-77.67
-77.506
-77.574
-77.766
-77.761
-77.473
-77.02
-76.78
-76.504
-76.354
-75.909
-75.471
-75.49
-75.38
-75.437
-75.629
-75.88
-76.095
-76.476
-76.658
-76.954
-77.3
-77.513
-77.391
-77.618
-77.588
-77.776
-77.523
-77.42
-77.541
-77.335
-77.431
-77.748
-77.538
-77.549
-77.694
-77.785
-77.866
-78.142
-77.978
-77.992
-78.168
-78.272
-77.86
-78.094
-78.043
-78.153
-78.481
-78.52
-78.69
-78.741
-78.811
-78.803
-78.762
-78.749
-78.777
-78.683
-78.826
-78.863
-78.788
-78.859
-78.999
-79.227
-78.939
-79.032
-79.24
-79.098
-79.056
-79.079
-79.492
-79.563
-79.685
-79.796
-79.86
-79.762
-79.444
-79.631
-79.741
-79.641
-79.837
-79.66
-79.64
-79.623
-79.871
-80.015
-79.959
-79.75
-79.743
-79.912
-79.756
-79.73
-79.679
-79.846
-80.004
-79.644
-79.582
-79.037
-78.997
-78.549
-78.154
-78.161
-78.042
-78.028
-78.242
-78.123
-78.07
-78.337
-78.379
-78.517
-78.417
-78.403
-78.31
-78.502
-78.396
-78.548
-78.563
-78.39
-78.392
-78.343
-78.385
-78.513
-78.35
-78.334
-78.49
-78.435
-78.644
-78.863
-79.272
-79.652
-79.961
-79.77
-79.916
-79.632
-79.582
-79.796
-79.731
-79.373
-79.415
-79.686
-79.869
-79.78
-79.679
-79.665
-79.804
-79.628
-79.739
-79.7
-79.827
-79.985
-80.059
-80.23
-80.046
-79.943
-79.976
-80.06
-80.138
-79.878
-79.862
-79.905
-79.898
-79.767
-79.665
-79.629
-79.459
-79.421
-79.441
-79.711
-79.584
-79.81
-79.969
-80.287
-80.264
-80.598
-80.576
-80.64
-80.426
-80.513
-80.462
-80.319
-80.271
-80.637
-80.445
-80.215
-80.513
-80.474
-80.474
-80.334
-80.396
-80.356
-80.539
-80.354
-80.383
-80.247
-80.145
-80.344
-80.496
-80.553
-80.545
-80.486
-80.489
-80.298
-80.494
-80.316
-80.389
-80.203
-80.316
-80.279
-80.252
-80.152
-80.121
-80.225
-80.345
-80.272
-79.992
-80.004
-80.157
-80.275
-80.403
-80.501
-80.591
-80.674
-80.826
-80.683
-80.614
-80.537
-80.465
-80.718
-80.398
-80.307
-80.25
-80.087
-80.167
-80.376
-80.357
-80.263
-80.112
-79.995
-80.125
-80.173
-80.016
-79.963
-79.938
-79.796
-80.032
-79.972
-80.057
-80.186
-80.339
-80.133
-80.111
-80.152
-79.92
-79.98
-79.607
-79.439
-79.686
-79.698
-79.905
-80.087
-80.022
-80.007
-80.024
-79.882
-79.844
-79.845
-80.061
-79.843
-79.758
-79.551
-79.552
-79.59
-80.054
-80.265
-80.196
-79.817
-79.718
-79.656
-79.877
-80.057
-80.1
-80.02
-79.943
-80.053
-80.064
-80.447
-80.571
-80.614
-80.55
-80.351
-80.217
-80.409
-80.283
-80.156
-80.06
-80.031
-80.101
-80.402
-80.492
-80.717
-80.48
-80.596
-80.683
-80.835
-80.981
-80.9
-81.164
-81.27
-81.41
-81.599
-81.787
-81.648
-81.747
-81.873
-81.728
-81.789
-81.56
-81.642
-81.855
-81.88
-81.74
-81.844
-81.718
-81.906
-81.752
-81.789
-81.869
-82.126
-82.127
-81.997
-81.732
-81.802
-81.794
-81.69
-81.738
-81.597
-81.373
-81.396
-81.26
-81.048
-81.144
-81.16
-80.878
-80.934
-81.053
-81.228
-80.901
-80.883
-81.043
-81.095
-81.06
-81.345
-81.089
-81.265
-81.276
-81.185
-81.407
-81.442
-81.489
-81.313
-81.436
-81.601
-81.436
-81.529
-81.601
-81.541
-81.369
-81.208
-81.388
-81.742
-81.741
-81.775
-81.667
-81.879
-81.775
-81.659
-81.885
-81.801
-81.828
-81.621
-81.304
-81.028
-80.884
-80.734
-80.772
