-62.836
-62.257
-61.59
-61.284
-60.929
-60.533
-59.906
-59.171
-58.368
-57.931
-57.214
-56.6
-55.826
-55.023
-53.832
-54.268
-57.813
-62.264
-66.449
-69.807
-72.348
-74.098
-75.413
-75.998
-76.263
-76.852
-76.939
-77.033
-77.418
-77.458
-77.373
-77.289
-77.294
-77.505
-77.417
-77.361
-77.337
-77.304
-77.36
-77.401
-77.374
-77.309
-77.244
-77.222
-77.334
-77.394
-77.857
-77.727
-77.75
-77.818
-77.884
-77.878
-77.782
-77.87
-77.91
-77.707
-77.781
-77.587
-77.418
-77.278
-77.279
-77.374
-77.087
-77.008
-76.85
-76.779
-76.99
-76.967
-76.837
-76.987
-76.77
-77.086
-77.234
-77.494
-77.971
-78.383
-78.595
-78.613
-78.772
-78.858
-79.016
-78.907
-78.718
-78.927
-79.034
-78.816
-78.355
-78.304
-77.857
-77.578
-77.29
-77.126
-77.009
-76.704
-76.477
-75.973
-75.428
-75.21
-74.934
-74.97
-75.226
-75.165
-75.434
-75.609
-75.931
-75.927
-75.909
-75.896
-76.079
-76.473
-76.484
-76.563
-76.493
-76.364
-76.256
-76.326
-76.462
-76.659
-76.906
-77.031
-77.277
-77.21
-77.499
-77.76
-77.819
-78.253
-78.26
-78.338
-78.25
-78.273
-78.203
-77.998
-77.86
-77.689
-78.007
-77.989
-77.685
-77.249
-76.825
-76.434
-76.226
-76.17
-76.01
-76.152
-76.062
-76.013
-76.087
-76.166
-75.995
-76.037
-76.025
-76.265
-76.566
-76.464
-76.53
-76.666
-76.716
-77.004
-77.243
-77.529
-77.75
-78.076
-78.047
-78.26
-78.478
-78.68
-78.679
-78.874
-78.586
-78.466
-78.108
-77.899
-77.696
-77.894
-78.136
-78.183
-78.417
-78.55
-78.319
-78.122
-77.638
-77.33
-77.182
-77.187
-76.994
-77.115
-76.875
-76.752
-76.822
-76.885
-76.918
-76.708
-76.713
-76.435
-76.514
-76.453
-76.437
-76.347
-76.79
-76.643
-76.41
-76.06
-76.165
-76.158
-76.129
-76.167
-76.364
-76.788
-77.126
-77.07
-77.354
-77.74
-78.027
-78.095
-78.221
-78.429
-78.366
-78.299
-78.503
-78.437
-78.329
-78.454
-78.475
-78.894
-78.916
-78.658
-78.739
-78.682
-79.04
-79.155
-79.101
-79.405
-79.32
-79.316
-78.837
-78.751
-78.028
-77.902
-77.567
-77.341
-77.07
-76.944
-76.73
-76.754
-76.821
-76.866
-76.97
-76.99
-77.192
-77.346
-77.772
-77.596
-77.703
-77.743
-77.705
-78.048
-78.11
-78.108
-78.264
-78.36
-78.365
-78.304
-78.433
-78.402
-78.545
-78.446
-78.565
-78.676
-78.948
-78.951
-79.232
-79.162
-79.247
-79.02
-79.168
-79.308
-79.327
-79.257
-79.03
-79.103
-79.067
-78.688
-78.261
-78.391
-78.411
-78.337
-78.363
-78.326
-78.369
-78.367
-78.486
-78.588
-78.579
-78.294
-78.236
-78.425
-78.493
-78.584
-78.766
-78.9
-78.733
-79.07
-78.798
-78.995
-79.164
-79.324
-79.22
-79.228
-79.24
-79.449
-79.458
-79.428
-79.11
-79.176
-78.958
-78.71
-78.494
-78.278
-78.342
-78.35
-78.304
-78.486
-78.449
-78.916
-78.854
-78.751
-78.61
-78.635
-78.327
-78.341
-78.323
-78.473
-78.628
-78.505
-78.414
-78.429
-78.412
-78.385
-78.777
-78.564
-78.765
-78.861
-78.591
-78.415
-78.565
-78.549
-78.635
-78.678
-78.678
-78.86
-78.876
-78.531
-78.329
-78.144
-77.897
-77.683
-77.488
-77.656
-77.501
-77.111
-76.782
-76.838
-77.145
-77.155
-77.148
-77.128
-77.098
-77.35
-77.426
-77.464
-77.7
-77.592
-77.767
-77.922
-77.931
-77.997
-78.287
-78.501
-78.323
-78.541
-78.87
-79.138
-79.062
-79.609
-79.631
-79.963
-79.628
-79.672
-79.682
-79.394
-79.649
-79.58
-79.808
-79.619
-79.561
-79.655
-79.315
-79.22
-79.127
-78.771
-78.742
-78.981
-78.881
-78.954
-78.774
-78.901
-78.861
-78.856
-78.722
-78.718
-78.765
-78.652
-78.634
-78.615
-78.611
-78.707
-78.153
-78.458
-78.551
-78.687
-78.39
-78.219
-77.97
-77.917
-77.73
-77.578
-77.254
-77.201
-77.174
-76.96
-76.427
-76.184
-76.154
-75.803
-75.509
-74.901
-74.723
-74.609
-74.712
-74.399
-74.446
-74.24
-74.054
-74.166
-74.218
-74.271
-74.364
-74.432
-74.596
-74.648
-74.83
-74.892
-75.14
-75.394
-75.235
-75.723
-75.502
-75.376
-75.269
-74.999
-74.657
-74.668
-74.681
-74.645
-74.704
-74.63
-74.514
-74.625
-74.557
-74.571
-74.526
-74.366
-74.262
-74.393
-74.275
-74.597
-74.39
-74.345
-74.147
-74.008
-74.16
-74.096
-73.761
-72.937
-71.919
-70.893
-69.972
-69.266
-68.584
-68.291
-67.974
-67.765
-67.608
-67.633
-67.523
-67.749
-67.821
-67.945
-67.815
-67.937
-68.088
-68.012
-68.002
-68.336
-68.31
-68.438
-68.564
-68.778
-69.24
-69.426
-69.548
-69.34
-69.914
-70.045
-70.053
-69.735
-69.798
-70.058
-70.077
-70.203
-70.334
-70.507
-70.657
-70.685
-70.854
-71.252
-71.709
-71.837
-72.024
-72.203
-72.166
-72.143
-71.961
-71.789
-71.372
-71.045
-70.711
-70.537
-70.366
-70.501
-70.174
-70.119
-69.98
-69.715
-69.855
-69.791
-69.806
-69.744
-69.934
-69.936
-70.004
-70.204
-70.358
-70.616
-71.004
-71.047
-71.161
-70.932
-70.96
-70.777
-70.789
-70.875
-70.917
-70.864
-71.2
-71.22
-71.435
-71.605
-71.636
-71.837
-72.063
-71.972
-71.904
-71.9
-71.918
-71.765
-71.692
-71.514
-71.413
-71.599
-71.454
-71.379
-71.438
-71.471
-71.363
-71.487
-71.223
-71.192
-70.941
-70.398
-69.871
-69.556
-69.423
-69.17
-69.022
-69.335
-69.388
-69.37
-69.477
-68.915
-69.059
-69.147
-69.362
-69.436
-69.487
-69.731
-69.772
-69.884
-70.2
-70.423
-70.599
-70.662
-70.892
-70.849
-71.218
-71.561
-71.763
-71.753
-71.462
-71.252
-71.271
-71.159
-71.183
-71.155
-71.319
-71.596
-71.478
-71.812
-71.784
-72.022
-71.977
-72.172
-72.56
-72.78
-72.998
-72.922
-73.448
-73.544
-73.732
-74.243
-74.247
-74.146
-74.285
-74.266
-74.167
-74.219
-74.108
-74.032
-74.044
-74.218
-74.249
-74.255
-73.91
-73.469
-72.754
-72.45
-72.051
-71.662
-71.332
-70.679
-70.18
-70.047
-69.955
-69.761
-69.582
-69.163
-69.122
-69.112
-68.993
-68.88
-68.786
-68.676
-68.728
-68.792
-68.921
-69.08
-68.994
-68.855
-68.757
-69.195
-69.128
-69.109
-69.402
-69.755
-69.606
-69.752
-69.675
-69.829
-69.424
-69.831
-69.939
-70.234
-70.407
-70.353
-70.499
-70.735
-70.945
-70.993
-71.104
-71.419
-71.634
-71.733
-72.019
-72.068
-72.167
-72.308
-72.457
-72.865
-72.748
-72.953
-73.207
-73.431
-73.335
-73.345
-73.41
-73.601
-73.692
-73.61
-73.834
-73.983
-74.177
-74.353
-74.177
-74.566
-74.475
-74.707
-75.051
-74.852
-75.226
-75.54
-75.73
-75.701
-75.627
-75.403
-75.41
-75.574
-75.47
-75.754
-76.021
-76.155
-76.357
-76.48
-76.689
-76.939
-76.905
-76.914
-76.81
-77.027
-77.038
-76.766
-76.543
-76.331
-76.097
-75.749
-75.173
-74.461
-74.541
-74.325
-74.21
-73.82
-73.759
-73.753
-73.368
-73.18
-73.25
-73.025
-72.981
-72.757
-72.48
-72.6
-72.698
-72.683
-72.494
-72.624
-72.726
-72.776
-72.761
-72.797
-72.976
-72.855
-72.579
-72.627
-72.875
-72.814
-72.872
-72.617
-72.681
-72.781
-73.014
-72.798
-72.739
-72.999
-73.124
-73.004
-73.131
-73.336
-73.551
-73.764
-73.933
-74.116
-74.374
-74.623
-74.648
-74.818
-74.733
-74.634
-74.539
-74.724
-74.812
-74.947
-74.672
-74.623
-74.41
-74.55
-74.588
-74.673
-74.79
-75.177
-75.11
-74.844
-74.997
-75.127
-74.944
-75.223
-75.483
-75.77
-75.747
-75.708
-75.629
-75.848
-76.011
-75.701
-75.616
-75.868
-75.8
-76.02
-76.062
-76.244
-76.387
-76.276
-76.368
-76.365
-76.564
-76.768
-76.797
-76.863
-76.799
-76.882
-76.791
-76.54
-76.799
-76.86
-76.718
-76.566
-76.63
-76.757
-76.911
-76.715
-76.809
-76.777
-76.633
-76.651
-76.783
-76.682
-76.761
-76.47
-76.594
-76.673
-76.881
-77.073
-77.03
-77.19
-77.198
-77.243
-77.189
-77.04
-76.958
-76.905
-76.868
-76.695
-76.686
-76.821
-76.725
-77.002
-77.067
-77.183
-77.422
-77.559
-77.74
-77.524
-77.436
-77.434
-77.528
-77.631
-77.466
-77.415
-77.452
-77.375
-77.282
-77.613
-77.594
-77.715
-77.997
-78.032
-78.035
-77.672
-77.787
-77.597
-77.466
-77.649
-77.839
-78.019
-77.946
-78.063
-77.798
-77.686
-77.545
-77.347
-77.275
-77.227
-77.252
-77.33
-77.497
-77.603
-77.653
-77.587
-77.793
-77.475
-77.65
-77.785
-77.645
-77.584
-77.44
-77.386
-77.536
-77.353
-77.449
-77.857
-77.9
-77.759
-77.725
-77.598
-77.961
-77.653
-77.531
-77.48
-77.654
-77.509
-77.682
-77.864
-77.874
-78.109
-78.481
-78.573
-78.44
-78.468
-78.513
-78.775
-78.86
-78.433
-78.683
-78.899
-79.146
-78.961
-79.078
-79.16
-78.822
-78.984
-78.484
-78.538
-78.423
-78.887
-78.802
-79.113
-79.265
-79.202
-79.068
-79.09
-79.01
-79.215
-79.217
-79.149
-79.203
-79.224
-79.136
-79.267
-79.387
-79.531
-79.89
-79.78
-80.165
-80.157
-80.042
-79.804
-79.722
-80.078
-80.161
-79.947
-79.925
-79.857
-79.912
