-73.626
-73.478
-72.863
-72.566
-72.568
-72.493
-72.243
-72.22
-72.116
-71.854
-72.095
-71.611
-71.532
-71.305
-70.957
-71.096
-71.888
-73.438
-74.625
-75.614
-76.244
-76.742
-77.167
-77.446
-77.677
-77.914
-78.22
-78.336
-78.279
-78.349
-78.202
-78.33
-78.267
-78.373
-78.32
-78.422
-78.718
-78.132
-78.012
-77.632
-77.553
-77.477
-77.169
-77.112
-76.929
-76.977
-76.607
-76.173
-76.231
-76.2
-76.062
-76.04
-75.89
-75.87
-75.548
-75.837
-75.575
-75.788
-75.884
-75.666
-75.328
-75.269
-75.474
-75.342
-75.74
-75.902
-75.599
-75.965
-75.714
-75.78
-75.77
-75.839
-75.93
-76.186
-76.7
-77.051
-77.35
-77.372
-77.15
-77.279
-77.488
-77.576
-77.773
-77.939
-77.765
-77.658
-77.498
-77.216
-76.755
-76.454
-76.009
-75.555
-75.363
-74.894
-74.373
-74.267
-74.019
-74.074
-74.302
-74.27
-74.289
-74.211
-74.409
-74.42
-74.175
-74.13
-74.166
-73.98
-74.241
-74.34
-74.204
-74.05
-74.251
-74.099
-74.012
-73.873
-73.855
-73.993
-74.267
-74.507
-74.906
-75.088
-75.105
-75.487
-75.731
-75.941
-76.099
-76.185
-76.199
-76.13
-76.169
-76.177
-76.338
-76.092
-76.011
-76.305
-76.335
-76.327
-76.733
-76.273
-76.184
-75.981
-76.009
-76.059
-75.813
-75.7
-75.815
-75.524
-75.449
-75.224
-75.046
-75.028
-74.765
-74.538
-74.237
-74.034
-74.105
-73.928
-74.052
-74.655
-74.965
-75.154
-75.429
-75.924
-76.314
-76.516
-76.667
-77.133
-77.151
-76.951
-76.929
-76.973
-76.948
-77.071
-76.632
-76.617
-76.67
-76.288
-76.503
-76.537
-76.606
-76.736
-76.569
-76.73
-76.659
-76.427
-76.102
-76.318
-76.417
-76.42
-76.755
-76.52
-76.66
-76.668
-76.77
-76.577
-76.611
-76.233
-76.08
-76.031
-75.62
-75.316
-74.738
-74.604
-74.748
-74.776
-74.829
-75.402
-75.922
-76.091
-76.223
-76.348
-76.597
-76.726
-76.908
-77.226
-77.476
-77.498
-77.509
-77.404
-77.251
-77.28
-77.383
-77.56
-77.79
-77.863
-78.174
-78.212
-78.42
-78.491
-78.48
-78.519
-78.382
-77.994
-77.987
-78.004
-77.951
-77.709
-77.388
-77.161
-76.888
-76.595
-76.481
-75.954
-75.989
-75.758
-75.634
-75.804
-76.032
-76.279
-76.257
-76.421
-76.55
-76.439
-76.767
-76.792
-76.833
-77.225
-77.529
-77.517
-77.442
-77.342
-76.983
-77.117
-77.182
-77.055
-77.418
-77.242
-77.409
-77.893
-77.714
-77.942
-77.801
-77.914
-77.929
-78.075
-78.215
-77.958
-77.767
-77.881
-78.072
-77.857
-77.917
-78.277
-78.571
-78.596
-78.528
-78.593
-78.593
-78.649
-78.909
-79.019
-78.941
-78.819
-79.043
-78.853
-78.85
-79.024
-78.891
-78.738
-78.457
-78.359
-78.223
-78.032
-77.75
-77.813
-77.792
-77.826
-77.855
-78.029
-78.18
-78.169
-78.355
-78.341
-78.112
-78.196
-77.866
-77.738
-77.89
-78.108
-78.313
-78.507
-78.409
-78.625
-78.782
-78.551
-78.621
-78.268
-77.974
-77.833
-77.614
-77.805
-77.567
-77.597
-77.538
-77.249
-77.286
-77.304
-77.285
-77.712
-77.668
-77.622
-77.707
-77.654
-77.792
-77.572
-77.715
-78.137
-78.315
-78.26
-78.729
-78.693
-78.568
-78.774
-78.789
-79.022
-79.203
-78.882
-79.013
-78.977
-78.838
-78.953
-79.066
-78.987
-78.954
-78.587
-78.763
-78.974
-78.89
-78.672
-78.839
-78.685
-79.019
-78.996
-78.777
-78.88
-78.64
-78.524
-78.574
-78.58
-79.023
-79.349
-79.679
-79.495
-79.605
-79.775
-79.525
-79.607
-79.77
-79.752
-79.611
-79.757
-79.746
-79.913
-79.851
-79.747
-79.463
-78.697
-78.177
-77.596
-76.731
-76.41
-75.954
-75.697
-75.394
-75.157
-75.399
-75.34
-75.578
-75.441
-75.673
-75.764
-75.801
-75.89
-76.12
-76.202
-76.41
-76.532
-76.854
-76.8
-77.091
-77.333
-77.441
-77.629
-77.763
-77.595
-77.4
-76.978
-76.839
-76.519
-75.923
-75.632
-74.83
-74.33
-74.132
-74.075
-73.843
-73.972
-73.772
-73.212
-72.415
-71.734
-71.276
-70.771
-70.251
-70.08
-69.763
-69.756
-69.49
-69.495
-69.499
-69.719
-69.745
-69.762
-70.263
-70.558
-70.545
-70.671
-70.77
-71.104
-71.308
-71.319
-71.535
-71.434
-71.595
-71.852
-72.348
-72.608
-72.693
-72.86
-72.678
-72.342
-72.21
-72.11
-71.865
-71.76
-71.748
-71.637
-71.66
-71.211
-70.803
-70.682
-70.632
-70.431
-70.092
-69.885
-69.614
-69.489
-69.437
-69.348
-69.447
-69.641
-69.88
-69.505
-69.216
-69.258
-69.329
-69.532
-69.762
-69.852
-70.132
-70.52
-70.711
-70.44
-70.433
-70.558
-70.899
-71.017
-71.183
-71.146
-71.228
-71.143
-71.2
-70.959
-71.056
-70.904
-71.184
-71.198
-71.643
-71.945
-72.235
-72.54
-72.887
-72.944
-72.65
-72.496
-72.585
-72.619
-72.651
-72.692
-72.528
-72.539
-72.264
-71.919
-71.888
-71.78
-71.683
-71.297
-70.927
-70.576
-70.428
-69.922
-69.777
-69.459
-69.312
-69.246
-68.889
-68.623
-67.774
-67.211
-66.637
-65.677
-65.175
-65.118
-64.928
-64.608
-64.624
-64.664
-65.083
-65.297
-65.347
-65.564
-65.664
-65.651
-65.504
-65.579
-65.597
-65.547
-66.009
-65.846
-66.155
-66.322
-66.284
-66.254
-66.439
-66.529
-66.911
-67.157
-67.241
-67.39
-67.319
-67.572
-67.695
-68.048
-68.44
-68.649
-69.112
-69.165
-68.896
-68.783
-68.931
-69.255
-69.541
-69.74
-69.753
-69.945
-70.08
-70.255
-70.291
-70.082
-70.11
-70.018
-70.018
-69.827
-69.531
-69.244
-68.835
-68.19
-68.066
-68.216
-68.285
-68.17
-68.316
-68.263
-68.156
-67.912
-67.275
-66.846
-66.246
-65.53
-65.099
-64.583
-64.502
-63.951
-63.695
-63.574
-63.719
-63.719
-63.862
-63.977
-63.947
-64.164
-64.309
-64.283
-64.376
-64.406
-64.466
-64.854
-65.043
-65.118
-65.158
-65.287
-65.506
-65.672
-65.796
-65.936
-66.468
-66.507
-66.783
-66.827
-66.641
-66.665
-66.752
-66.527
-66.554
-66.568
-66.281
-66.223
-66.143
-66.241
-66.522
-66.253
-66.361
-66.079
-66.241
-65.873
-65.406
-65.648
-65.21
-64.835
-64.421
-64.391
-64.063
-64.09
-63.982
-63.762
-63.561
-63.56
-63.783
-63.775
-63.679
-63.527
-63.53
-63.72
-63.534
-63.653
-63.35
-63.38
-63.242
-63.01
-63.033
-63.176
-63.157
-63.297
-63.224
-63.166
-63.366
-63.252
-63.26
-63.48
-63.783
-63.746
-63.945
-64
-63.948
-63.929
-64.214
-64.193
-64.282
-64.657
-64.662
-64.789
-65.055
-65.292
-65.618
-65.776
-65.67
-65.656
-65.987
-66.141
-66.227
-66.601
-66.798
-66.718
-66.908
-66.9
-67.02
-67.057
-67.143
-67.108
-66.826
-66.98
-66.85
-66.795
-66.669
-66.642
-66.725
-66.58
-66.606
-66.889
-67.029
-67.148
-67.271
-67.071
-66.934
-67.056
-67.166
-67.454
-67.543
-67.573
-67.512
-67.464
-67.432
-67.428
-67.619
-67.777
-67.751
-67.708
-67.761
-68.053
-68.402
-68.214
-68.347
-68.476
-68.655
-68.868
-68.622
-68.233
-68.296
-68.203
-68.456
-68.661
-68.729
-68.961
-68.96
-68.832
-68.786
-68.72
-68.76
-68.813
-69.075
-69.39
-69.575
-69.903
-69.802
-69.814
-70.186
-70.303
-70.82
-70.72
-70.997
-70.943
-70.977
-71.521
-71.655
-71.637
-71.693
-71.654
-71.677
-71.94
-71.993
-71.961
-72.092
-72.017
-72.074
-72.195
-72.171
-72.268
-72.221
-72.537
-72.262
-72.46
-72.338
-72.603
-72.707
-72.948
-73.036
-73.119
-73.221
-73.408
-73.426
-73.572
-73.268
-73.163
-72.761
-72.897
-72.971
-72.805
-72.639
-72.542
-72.319
-72.784
-73.027
-73.287
-73.284
-73.214
-73.571
-73.606
-73.441
-73.636
-73.815
-73.943
-74.023
-74.04
-74.302
-74.461
-74.474
-74.365
-74.128
-73.854
-73.853
-73.649
-73.514
-73.186
-72.966
-72.955
-72.74
-72.61
-72.434
-72.195
-71.786
-71.514
-71.106
-70.999
-70.833
-70.87
-70.768
-70.697
-70.639
-70.68
-70.571
-70.391
-70.321
-70.285
-70.438
-70.406
-70.583
-70.179
-70.141
-70.073
-69.849
-69.954
-70.017
-70.015
-69.707
-69.55
-69.424
-69.656
-69.638
-69.647
-69.913
-69.89
-69.57
-69.564
-69.552
-69.613
-69.827
-69.769
-69.772
-69.631
-69.79
-69.809
-69.662
-69.831
-69.956
-70
-69.871
-70.117
-69.817
-69.896
-69.682
-69.863
-69.948
-69.833
-70.139
-70.286
-70.104
-70.392
-70.545
-70.548
-70.44
-70.472
-70.556
-70.487
-70.523
-70.911
-70.691
-70.557
-70.552
-70.452
-70.476
-70.898
-70.802
-70.796
-70.837
-70.605
-70.787
-70.945
-70.843
-70.907
-70.966
-70.974
-70.954
-70.923
-70.817
-71.124
-71.315
-71.153
-71.344
-71.305
-71.686
-71.781
-71.818
-71.637
-71.49
-71.697
-71.467
-71.572
-71.533
-71.714
-71.471
-71.581
-71.423
-71.476
-71.356
-71.159
-71.263
-71.482
-71.36
-71.312
-71.436
-71.314
-71.268
-71.136
-71.013
-71.142
-71.203
-71.262
-71.232
-71.161
-71.127
-71.281
-71.229
-71.131
-70.913
-71.108
-71.269
-71.45
-71.433
-71.709
-71.448
-71.349
-71.504
-71.403
-71.46
-71.588
-71.498
-71.566
-71.758
-71.579
-71.712
