-67.194
-67.23
-66.889
-66.835
-66.767
-66.714
-66.523
-66.478
-66.334
-66.261
-66.058
-65.868
-65.7
-65.421
-65.547
-65.335
-64.981
-64.937
-64.768
-64.769
-64.416
-64.306
-64.371
-64.099
-64.086
-63.96
-63.798
-63.711
-63.609
-63.309
-63.11
-63.187
-63.154
-62.976
-62.872
-62.77
-62.892
-63.181
-63.148
-63.013
-62.977
-63.024
-62.508
-62.448
-62.516
-62.635
-62.493
-62.509
-62.682
-62.6
-62.618
-62.852
-62.42
-62.139
-61.871
-61.688
-61.281
-61.076
-60.912
-60.735
-60.545
-60.258
-60.199
-59.94
-59.728
-59.498
-58.993
-58.468
-58.196
-57.871
-57.137
-56.565
-56.247
-55.786
-55.06
-54.208
-53.206
-51.799
-50.235
-47.468
-45
-45
-45
-45
-45
-45
-45
-45
-45
-45
-45
-45
-45
-45
-49.298
-55.954
-60.766
-64.372
-66.7
-68.104
-69.209
-69.78
-70.15
-70.313
-70.506
-70.431
-70.4
-70.304
-70.525
-70.578
-70.489
-70.553
-70.295
-70.005
-69.901
-69.784
-69.922
-69.809
-69.941
-69.817
-69.641
-69.798
-69.804
-69.819
-69.615
-69.688
-69.234
-69.007
-68.603
-68.374
-68.016
-67.783
-67.437
-66.966
-66.602
-66.233
-65.838
-65.522
-65.007
-64.403
-63.818
-63.404
-62.927
-62.451
-62.341
-62.322
-62.029
-62.175
-61.998
-61.823
-61.488
-61.497
-61.617
-61.203
-61.295
-61.072
-60.888
-60.876
-60.574
-60.917
-60.777
-60.574
-60.372
-60.506
-60.686
-60.621
-60.791
-60.741
-60.857
-60.988
-61.096
-61.069
-61.162
-60.949
-61.167
-61.487
-61.403
-61.282
-61.343
-61.476
-61.41
-61.348
-61.084
-60.617
-60.258
-60.006
-59.946
-59.837
-59.818
-59.74
-59.319
-59.207
-59.024
-59.067
-59.181
-59.017
-58.802
-58.571
-58.248
-58.156
-57.99
-58.008
-58.058
-57.878
-58.006
-57.794
-57.681
-57.753
-57.765
-57.826
-58.097
-57.733
-57.638
-57.564
-57.533
-57.297
-57.085
-57.152
-57.318
-57.387
-57.573
-57.755
-57.819
-58.015
-58.024
-58.043
-58.17
-57.821
-57.975
-57.916
-58.081
-58.25
-58.381
-58.418
-58.726
-58.73
-58.893
-59.258
-59.433
-59.539
-59.793
-60.015
-59.688
-59.917
-60.103
-60.197
-59.718
-59.585
-59.468
-59.545
-59.094
-58.699
-58.676
-58.701
-58.767
-58.878
-58.893
-58.788
-58.658
-58.745
-58.792
-58.752
-58.467
-58.309
-58.1
-58.183
-58.062
-58.045
-58.031
-57.708
-57.448
-57.332
-57.194
-56.928
-56.511
-56.286
-56.288
-56.411
-56.174
-55.946
-55.717
-55.408
-54.946
-54.592
-54.25
-53.933
-52.993
-52.34
-51.487
-49.987
-47.13
-45
-45
-45
-45
-45
-45
-45
-45
-45
-45
-45
-45
-45
-45
-51.516
-57.907
-62.808
-66.278
-68.754
-70.431
-71.533
-72.218
-72.98
-73.534
-73.932
-73.988
-74.478
-74.607
-74.582
-74.797
-74.932
-75.449
-75.592
-75.922
-75.935
-75.987
-75.918
-75.854
-75.954
-75.995
-76.271
-76.352
-76.671
-76.995
-77.13
-77.232
-77.256
-77.494
-77.698
-77.63
-77.983
-77.951
-77.883
-78.09
-78.264
-78.339
-78.411
-78.299
-78.34
-78.706
-78.86
-79.003
-78.96
-78.907
-79.19
-79.162
-79.164
-79.256
-79.431
-79.439
-79.421
-79.434
-79.64
-79.75
-80.117
-80.273
-80.321
-80.668
-80.559
-80.845
-80.801
-81.123
-81.055
-81.075
-81.035
-81.177
-81.36
-81.348
-81.485
-81.833
-82.04
-82.019
-82.141
-82.433
-82.352
-82.404
-82.157
-82.342
-82.044
-82.177
-82.263
-82.45
-82.503
-82.509
-82.238
-82.127
-82.274
-82.32
-82.26
-82.244
-82.218
-82.327
-82.23
-82.311
-82.313
-82.462
-82.775
-82.753
-83.093
-83.013
-82.74
-82.494
-82.424
-82.114
-81.546
-80.3
-78.735
-76.893
-75.144
-73.377
-71.516
-69.783
-68.047
-66.598
-65.014
-63.514
-62.552
-61.128
-59.901
-58.866
-57.841
-57.069
-56.257
-55.328
-54.227
-52.967
-51.257
-48.658
-45
-45
-45
-45
-45
-45
-45
-45
-45
-45
-45
-45
-45
-45
-45.892
-52.619
-57.943
-61.857
-64.514
-65.993
-66.77
-67.293
-67.085
-67.143
-66.402
-65.638
-65.039
-64.63
-63.815
-63.199
-62.056
-60.847
-59.604
-58.215
-57.12
-55.705
-54.106
-52.562
-50.712
-48.321
-45
-45
-45
-45
-45
-45
-45
-45
-45
-45
-45
-45
-45
-45
-49.312
-54.742
-59.104
-62.049
-64.159
-65.415
-66.28
-66.474
-66.708
-66.678
-66.731
-66.52
-66.419
-66.311
-65.898
-65.257
-65.036
-64.854
-64.36
-64.063
-63.741
-63.116
-62.567
-62.131
-61.446
-60.655
-60.059
-59.312
-59.02
-58.958
-58.392
-58.006
-57.936
-57.982
-57.646
-57.164
-56.826
-56.44
-55.942
-55.652
-55.474
-54.918
-54.421
-53.678
-52.46
-51.583
-50.304
-48.361
-45
-45
-45
-45
-45
-45
-45
-45
-45
-45
-45
-45
-45
-45
-49.606
-56.244
-61.545
-65.123
-67.609
-69.141
-70.252
-71.036
-71.886
-72.179
-72.387
-72.582
-72.714
-72.747
-72.704
-72.865
-72.886
-73.059
-73.268
-73.481
-73.432
-73.473
-73.766
-73.679
-73.879
-73.886
-73.991
-73.727
-73.764
-73.893
-73.773
-73.621
-73.559
-73.256
-73.029
-72.652
-71.925
-71.755
-71.208
-70.759
-70.491
-70.319
-70.078
-69.507
-69.107
-68.593
-68.5
-68.285
-67.885
-67.646
-67.511
-67.198
-66.927
-66.764
-66.756
-66.706
-66.515
-66.391
-66.381
-66.491
-66.362
-66.189
-66.292
-66.323
-66.343
-66.453
-66.355
-65.909
-65.417
-64.239
-63.09
-61.845
-60.886
-59.757
-58.697
-57.776
-56.899
-55.894
-55.116
-54.2
-53.101
-51.61
-49.471
-45.758
-45
-45
-45
-45
-45
-45
-45
-45
-45
-45
-45
-45
-45
-45.43
-52.85
-58.924
-63.361
-66.272
-68.437
-69.616
-70.515
-70.882
-71.176
-71.073
-71.109
-71.19
-70.817
-70.763
-70.633
-70.337
-70.102
-69.858
-69.785
-69.854
-69.722
-69.623
-69.495
-69.451
-69.305
-69.285
-69.503
-69.404
-69.221
-69.368
-69.46
-69.61
-69.548
-69.383
-69.28
-69.288
-69.202
-69.196
-69.051
-68.951
-68.844
-68.865
-69.068
-69.017
-69.182
-68.852
-68.68
-68.335
-68.059
-67.63
-67.29
-66.899
-66.627
-66.277
-66.042
-65.598
-65.237
-64.818
-64.437
-64.428
-64.444
-64.31
-64.333
-64.1
-64.003
-63.982
-63.813
-63.565
-63.791
-63.72
-63.642
-63.619
-63.605
-63.545
-63.353
-63.597
-63.608
-63.882
-64.022
-64.276
-64.383
-64.205
-64.406
-64.534
-64.828
-64.962
-65.522
-65.419
-65.587
-65.936
-65.904
-66.099
-66.197
-66.298
-66.454
-66.499
-66.644
-66.801
-67.055
-67.292
-67.63
-68.019
-67.992
-68.402
-68.381
-68.601
-68.785
-69.161
-69.379
-69.435
-69.273
-69.351
-69.551
-69.817
-70.178
-70.375
-70.945
-71.274
-71.648
-71.763
-72.068
-72.6
-72.676
-72.614
-73.015
-73.041
-73.394
-73.63
-73.752
-74.154
-74.38
-74.531
-74.766
-75.16
-75.377
-75.829
-75.933
-76.053
-76.277
-76.376
-76.452
-76.666
-76.72
-76.791
-77.01
-77.18
-77.3
-77.448
-77.639
-77.548
-77.823
-77.721
-78.337
-78.673
-78.752
-78.899
-79.212
-79.263
-79.456
-79.631
-79.758
-80.101
-80.174
-80.429
-80.749
-81.058
-81.142
-81.203
-81.364
-81.802
-81.703
-81.711
-81.759
-81.833
-81.921
-82.062
-82.204
-82.285
-82.265
-82.229
-82.526
-82.537
-82.838
-82.78
-82.999
-83.201
-83.334
-83.592
-83.607
-83.894
-84.011
-83.974
-83.983
-83.928
-84.121
-84.237
-84.202
-84.091
-84.173
-84.227
-84.044
-83.871
-83.961
-84.001
-84.144
-84.265
-84.649
-84.367
-84.074
-84.207
-84.122
-84.259
-84.067
-84.192
-84.083
-84.228
-84.377
-84.501
-84.321
-84.373
-84.734
-84.694
-84.796
-84.698
-84.727
-84.717
-85.174
-85.273
-85.005
-85.286
-85.419
-85.604
-85.407
-85.602
-85.64
-85.961
-86.297
-86.22
-86.534
-86.548
-86.484
-86.621
-87.013
-87.196
-87.37
-87.177
-86.946
-87.217
-87.138
-87.296
-87.569
-87.689
-87.88
-87.931
-88.119
-88.245
-87.953
-87.879
-88.111
-88.012
-88.158
-88.343
-88.129
-88.221
-88.413
-88.436
-88.593
-88.713
-88.683
-88.891
-88.723
-88.685
-88.574
-88.982
-89.058
-89.229
-89.031
-88.557
-88.635
-88.605
-88.749
-88.757
-88.916
-89.105
-89.229
-89.211
-89.166
-89.274
-89.053
-89.429
-89.369
-89.032
-89.227
-89.4
-89.397
-89.453
-89.431
-89.263
-89.262
-89.527
-89.732
-89.822
-89.938
-89.883
-89.778
-89.623
-89.253
-89.015
-88.872
-89.216
-89.064
-89.351
-89.335
-89.239
-89.21
-89.239
-89.19
-89.064
-89.376
-89.422
-89.262
-89.38
-89.647
-89.355
-89.282
-89.374
-89.526
-89.848
-89.781
-90.031
-89.892
-89.723
-89.761
-90.091
-90.302
-90.271
-90.149
-90.282
-90.404
-90.314
-90.6
-90.478
-90.617
-90.624
-91.065
-91.113
-91.007
-90.923
