-45
-45
-50.009
-55.981
-60.945
-63.877
-65.738
-66.844
-68.245
-70.213
-72.497
-74.495
-75.51
-76.212
-76.828
-77.382
-77.578
-77.565
-77.696
-77.883
-77.706
-77.741
-77.923
-77.93
-77.935
-77.97
-78.35
-78.429
-78.335
-78.358
-78.208
-78.616
-78.656
-78.154
-78.065
-77.788
-77.821
-77.629
-77.756
-77.902
-77.937
-77.866
-77.893
-77.978
-77.871
-77.631
-77.542
-77.58
-77.46
-77.634
-77.497
-77.284
-77.241
-77.338
-77.392
-77.633
-77.635
-77.838
-78.162
-78.329
-78.487
-78.751
-78.734
-78.884
-79.071
-78.872
-79.095
-79.081
-79.098
-79.063
-79.241
-78.952
-79.166
-79.217
-79.242
-79.229
-79.488
-79.651
-79.722
-79.505
-79.57
-79.646
-79.53
-79.785
-79.805
-79.829
-79.947
-79.964
-79.726
-79.617
-79.887
-79.907
-80.17
-79.993
-80.053
-79.761
-79.651
-79.559
-79.51
-79.253
-78.847
-78.922
-78.851
-78.881
-78.585
-78.679
-78.416
-78.182
-78.312
-78.211
-78.175
-78.318
-78.415
-78.309
-78.298
-78.567
-78.595
-78.808
-78.68
-78.688
-78.703
-78.859
-78.93
-78.829
-78.965
-78.98
-78.995
-79.022
-79.118
-79.249
-79.387
-79.429
-79.457
-79.225
-79.451
-79.59
-79.575
-79.542
-79.421
-79.449
-79.451
-79.488
-79.802
-79.687
-79.67
-79.453
-79.765
-79.69
-79.699
-79.906
-79.88
-79.826
-79.932
-80.061
-80.047
-79.977
-79.955
-80.065
-79.839
-79.7
-79.892
-79.607
-79.478
-79.332
-78.928
-79.068
-79.23
-79.018
-79.189
-78.876
-78.681
-78.638
-78.537
-78.504
-78.328
-78.126
-78.18
-78.083
-78.258
-78.389
-78.399
-78.427
-78.429
-78.521
-78.739
-78.632
-78.419
-78.611
-78.344
-78.298
-78.227
-78.092
-78.009
-77.778
-77.335
-77.558
-77.347
-77.275
-77.191
-77.303
-77.427
-77.224
-77.125
-76.73
-76.602
-76.381
-76.452
-76.362
-76.277
-76.367
-76.643
-76.395
-76.863
-77.151
-77.41
-77.274
-77.627
-77.82
-78.115
-77.964
-78.256
-78.227
-78.26
-78.222
-78.265
-78.337
-78.239
-78.275
-78.311
-78.566
-78.272
-78.038
-78.11
-77.876
-77.956
-77.841
-77.754
-77.788
-77.542
-77.459
-77.287
-77.374
-77.259
-77.36
-77.628
-77.628
-77.58
-77.498
-77.708
-77.911
-78.097
-78.305
-78.363
-78.323
-78.206
-78.258
-78.519
-78.368
-78.415
-78.257
-78.375
-78.473
-78.454
-78.621
-78.869
-78.773
-79.11
-79.03
-78.617
-78.234
-77.928
-78.005
-77.831
-77.54
-77.612
-77.621
-77.422
-77.481
-77.398
-77.346
-77.677
-77.592
-77.857
-77.613
-77.815
-78.009
-78.003
-78.325
-78.142
-78.516
-78.67
-78.592
-78.418
-78.655
-78.674
-78.422
-78.534
-78.756
-78.417
-78.288
-78.184
-78.094
-77.983
-77.693
-77.59
-77.436
-76.878
-76.934
-76.787
-76.836
-77.161
-76.846
-77.187
-77.217
-77.276
-77.357
-77.193
-77.372
-77.193
-77.401
-77.536
-77.484
-77.62
-77.529
-77.743
-77.7
-77.682
-77.852
-77.881
-77.802
-77.838
-77.893
-78.033
-78.065
-78.252
-78.326
-78.692
-78.783
-78.778
-78.698
-78.982
-78.943
-78.849
-78.83
-79.169
-78.996
-79.212
-79.167
-79.328
-79.328
-79.212
-79.494
-79.958
-80.069
-80.132
-80.175
-80.23
-80.203
-80.194
-79.975
-79.848
-79.936
-80.212
-80.168
-80.16
-80.27
-80.37
-80.159
-80.145
-80.372
-80.28
-80.411
-80.521
-80.797
-80.423
-80.304
-80.303
-80.253
-80.37
-80.426
-80.296
-80.097
-79.77
-79.736
-79.519
-79.265
-79.307
-79.287
-79.442
-79.493
-79.406
-79.455
-79.305
-79.259
-78.883
-78.458
-78.212
-77.222
-76.005
-74.664
-73.685
-72.322
-71.197
-70.016
-68.511
-66.611
-64.485
-62.652
-60.85
-59.299
-57.854
-56.534
-55.266
-54.041
-52.766
-51.432
-49.238
-45.194
-45
-45
-45
-45
-45
-45
-45
-45
-45
-45
-45
-45
-45
-46.152
-52.935
-58.498
-62.461
-65.008
-66.407
-66.993
-67.307
-67.27
-66.493
-64.989
-63.54
-61.939
-60.34
-58.937
-57.85
-56.465
-55.33
-53.786
-52.428
-50.815
-48.837
-46.14
-45
-45
-45
-45
-45
-45
-45
-45
-45
-45
-45
-45
-45
-46.096
-51.334
-55.475
-58.38
-60.589
-61.815
-62.433
-62.576
-62.418
-61.885
-61.289
-60.586
-60.202
-59.388
-58.874
-58.083
-57.028
-55.5
-53.938
-51.834
-49.903
-47.53
-45
-45
-45
-45
-45
-45
-45
-45
-45
-45
-45
-45
-45
-45
-50.593
-55.313
-58.489
-60.635
-62.187
-62.799
-63.2
-63.652
-63.578
-63.282
-62.79
-62.616
-62.56
-62.13
-61.714
-61.121
-60.52
-60.142
-59.859
-59.406
-58.602
-57.72
-57.114
-56.756
-56.2
-56.027
-55.559
-55.193
-54.456
-54.16
-53.605
-52.896
-52.181
-51.043
-50.102
-48.267
-45.324
-45
-45
-45
-45
-45
-45
-45
-45
-45
-45
-45
-45
-45
-49.619
-56.018
-60.657
-64.075
-65.925
-67.225
-68.213
-68.95
-69.314
-69.629
-69.477
-69.153
-68.966
-68.68
-68.266
-67.742
-67.403
-67.071
-66.735
-66.188
-65.717
-65.394
-65.054
-64.518
-64.45
-64.311
-64.15
-64.071
-63.955
-63.688
-63.469
-63.744
-63.751
-63.676
-63.519
-63.278
-63.406
-63.599
-63.592
-63.582
-63.729
-63.735
-63.973
-64.193
-64.199
-64.488
-64.346
-64.466
-64.584
-64.484
-64.466
-64.378
-64.572
-64.62
-64.608
-64.756
-64.99
-65.012
-64.884
-64.759
-64.428
-64.17
-63.908
-63.598
-63.392
-63.21
-62.769
-61.87
-61.207
-60.82
-60.27
-59.584
-59.156
-58.692
-58.393
-58.091
-57.742
-57.383
-56.973
-56.642
-56.177
-55.95
-55.279
-55.158
-54.79
-54.714
-54.35
-54.055
-53.439
-52.826
-52.011
-50.676
-48.983
-45.07
-45
-45
-45
-45
-45
-45
-45
-45
-45
-45
-45
-45
-45
-46.966
-53.988
-59.898
-64.014
-66.696
-68.535
-69.632
-70.223
-70.499
-70.718
-70.774
-70.672
-70.829
-70.686
-70.685
-70.721
-70.512
-70.454
-70.266
-70.173
-69.946
-69.99
-69.537
-69.185
-69.12
-69.345
-68.826
-68.516
-68.179
-67.923
-67.696
-67.495
-67.472
-67.187
-66.802
-66.569
-66.324
-65.858
-65.855
-65.496
-65.096
-64.67
-64.239
-63.82
-63.365
-62.941
-63.055
-62.991
-62.868
-62.779
-62.861
-62.779
-63.061
-62.811
-62.256
-62.054
-61.088
-60.555
-60.438
-60.23
-59.879
-60.158
-60.011
-59.91
-59.765
-59.388
-58.784
-58.455
-58.108
-57.823
-57.52
-57.25
-56.825
-56.27
-55.845
-55.445
-55.178
-54.659
-54.247
-53.641
-53.148
-52.219
-51.109
-49.502
-45.979
-45
-45
-45
-45
-45
-45
-45
-45
-45
-45
-45
-45
-45
-45.75
-52.748
-59.09
-63.453
-66.624
-68.891
-70.592
-71.847
-72.454
-73.067
-73.616
-73.997
-74.358
-74.444
-74.762
-74.911
-74.846
-75.217
-75.012
-75.036
-75.123
-74.883
-75.156
-75.301
-75.535
-75.743
-75.923
-75.859
-75.862
-76.046
-75.82
-75.914
-76.29
-76.013
-75.828
-75.923
-76.058
-76.41
-76.437
-76.477
-76.538
-76.615
-76.969
-77.163
-77.328
-77.7
-77.726
-77.84
-77.995
-77.948
-78.002
-78.038
-77.942
-77.798
-78.048
-78.067
-78.035
-78.191
-78.338
-78.301
-78.432
-78.67
-78.547
-78.407
-78.456
-78.659
-78.755
-78.668
-78.938
-79.188
-79.144
-79.355
-79.175
-79.189
-78.963
-78.894
-78.484
-78.401
-77.839
-77.584
-77.448
-77.521
-77.303
-77.302
-77.116
-77.005
-76.727
-76.57
-76.31
-75.953
-75.522
-74.811
-74.075
-73.302
-72.653
-71.963
-71.486
-70.991
-70.296
-69.68
-69.63
-69.278
-68.835
-68.313
-68.319
-68.085
-68.007
-67.809
-67.704
-67.732
-67.532
-67.14
-67.167
-66.942
-66.606
-66.316
-66.403
-66.216
-66.314
-66.292
-66.04
-66.156
-66.55
-66.658
-66.528
-66.492
-66.718
-66.853
-67.229
-67.222
-67.241
-67.536
-67.696
-67.95
-67.88
-67.871
-68.435
-68.693
-69.158
-68.945
-68.916
-69.225
-69.332
-69.57
-69.648
-70.092
-70.181
-70.397
-70.632
-71.107
-71.278
-71.498
-71.319
-71.375
-71.868
-72.085
-72.39
-72.46
-72.59
-72.875
-72.975
-73.011
-73.173
-73.34
-73.539
-73.926
-74.026
-74.304
-74.446
-74.364
-74.604
-74.714
-75.094
-75.041
-75.309
-75.576
-75.712
-75.625
-75.667
-75.651
-76.142
-76.133
-76.235
-76.367
-76.364
-76.42
-76.807
-76.878
-77.044
-77.233
-77.287
-77.354
-77.371
-77.294
-77.415
-77.543
-77.931
-78.281
-78.359
-78.605
-78.622
-78.937
-78.967
-78.859
-79.198
-79.397
-79.413
-79.282
-79.491
-79.747
-80.155
-79.902
-80.369
-80.413
-80.403
-80.34
-80.45
-80.861
-80.59
-80.868
-81.058
-80.927
-81.01
-81.036
-81.346
-81.659
-81.658
-81.541
-81.772
-81.705
-81.789
-82.071
-82.33
-82.46
-82.204
-82.422
-82.363
-82.544
-82.478
-82.454
-82.576
-82.593
-82.735
