-68.368
-68.203
-68.262
-68.344
-68.387
-68.405
-68.59
-68.598
-68.698
-68.602
-68.637
-68.698
-68.427
-68.253
-68.408
-68.301
-68.392
-68.573
-68.808
-68.471
-68.486
-68.3
-68.579
-68.228
-68.242
-68.459
-68.452
-68.316
-68.417
-68.655
-68.488
-68.732
-68.807
-68.736
-68.832
-69.049
-69.057
-69.06
-69.332
-69.268
-69.217
-69.336
-69.377
-69.455
-69.785
-70.18
-69.926
-69.997
-69.874
-69.923
-70.268
-70.129
-70.236
-70.666
-70.732
-70.757
-70.617
-70.498
-70.495
-70.652
-70.585
-70.281
-69.9
-70.011
-70.247
-70.129
-70.216
-70.423
-70.466
-70.294
-70.474
-70.536
-70.793
-70.649
-71.208
-71.211
-71.537
-71.385
-71.543
-71.664
-71.597
-71.532
-71.809
-71.603
-71.691
-71.538
-71.397
-71.479
-71.177
-71.143
-70.742
-70.508
-70.393
-70.204
-70.119
-70.146
-70.162
-70.414
-70.332
-70.118
-70.242
-70.305
-70.361
-70.386
-70.54
-70.481
-70.477
-70.692
-70.777
-70.933
-70.93
-70.838
-70.59
-70.509
-70.77
-70.785
-70.813
-70.773
-70.913
-70.682
-70.75
-70.636
-70.48
-70.424
-70.206
-70.107
-70.27
-70.061
-70.188
-70.28
-70.241
-70.191
-70.3
-70.63
-70.506
-70.477
-70.441
-70.307
-70.187
-70.584
-70.429
-70.553
-70.962
-70.777
-70.775
-70.754
-70.822
-70.778
-70.792
-70.89
-71.15
-71.272
-71.208
-71.182
-71.269
-71.249
-71.542
-71.371
-71.614
-71.692
-71.662
-71.727
-71.569
-71.304
-71.47
-71.392
-71.668
-71.657
-71.645
-71.674
-71.623
-71.797
-71.894
-71.725
-71.982
-71.812
-71.863
-71.954
-71.774
-71.739
-71.58
-71.529
-71.652
-71.755
-71.544
-71.312
-71.579
-71.546
-71.81
-71.972
-71.763
-71.901
-71.717
-71.552
-71.522
-71.695
-71.879
-71.782
-71.778
-71.664
-71.719
-71.869
-71.675
-71.8
-72.018
-72.244
-71.983
-72.1
-72.22
-72.674
-72.699
-72.724
-72.696
-72.693
-72.416
-72.347
-72.371
-72.124
-72.208
-72.515
-72.821
-72.875
-73.204
-73.525
-73.265
-73.609
-73.724
-73.77
-73.913
-73.851
-73.908
-73.607
-73.542
-73.553
-73.459
-73.57
-73.348
-73.269
-73.291
-73.322
-73.33
-73.072
-72.827
-72.932
-72.982
-73.223
-73.053
-73.118
-73.02
-73.087
-72.764
-72.911
-73.089
-72.842
-72.557
-72.655
-72.74
-72.849
-72.762
-73.015
-72.986
-73.188
-73.163
-73.282
-73.367
-73.457
-73.242
-73.199
-73.158
-73.281
-73.27
-73.51
-73.444
-73.329
-73.399
-73.367
-73.1
-73.185
-73.115
-73.065
-73.058
-72.99
-72.875
-72.93
-72.96
-73.096
-73.007
-73.017
-73.09
-73.134
-73.342
-73.357
-73.256
-73.442
-73.14
-73.007
-72.954
-72.853
-72.671
-72.757
-73.055
-72.929
-72.676
-72.837
-72.878
-73.173
-73.241
-73.47
-73.536
-73.649
-73.598
-73.622
-73.631
-73.732
-73.858
-73.972
-74.015
-74.105
-73.891
-73.842
-73.857
-73.574
-73.328
-73.421
-73.367
-73.204
-73.009
-73.14
-73.114
-72.991
-73.249
-73.451
-73.58
-73.373
-73.329
-73.334
-73.421
-73.301
-73.08
-73.208
-73.117
-73.4
-73.206
-73.122
-73.342
-73.188
-73.173
-73.432
-73.663
-73.539
-73.554
-73.521
-73.544
-73.455
-73.5
-73.591
-73.244
-73.467
-73.292
-73.222
-72.91
-73.147
-73.151
-73.181
-73.15
-73.15
-72.962
-72.893
-73.096
-72.991
-73.129
-73.223
-73.242
-73.057
-73.079
-73.208
-73.027
-73.072
-73.109
-73.121
-72.915
-72.64
-72.619
-72.537
-72.798
-72.765
-72.876
-73.026
-73.103
-73.181
-73.272
-73.453
-73.647
-73.825
-73.468
-73.212
-72.969
-72.885
-73.041
-73.117
-73.221
-73.421
-73.2
-73.155
-73.212
-73.257
-73.291
-73.314
-73.216
-73.46
-73.308
-72.595
-72.406
-72.088
-71.643
-71.372
-71.141
-70.993
-70.971
-70.727
-70.371
-69.964
-70.014
-70.002
-69.853
-69.233
-68.926
-68.694
-68.399
-67.988
-67.534
-67.278
-66.948
-66.708
-66.518
-66.172
-65.757
-65.489
-65.04
-64.794
-64.421
-64.215
-63.86
-63.42
-63.134
-62.618
-62.592
-62.188
-62.024
-61.804
-61.482
-61.372
-61.049
-60.736
-60.411
-60.265
-60.426
-60.617
-60.493
-60.143
-59.88
-59.765
-59.806
-59.477
-59.289
-59.239
-59.091
-59.286
-59.067
-58.978
-58.924
-58.717
-58.35
-58.121
-57.64
-57.616
-57.361
-57.086
-56.95
-56.759
-56.487
-56.231
-55.952
-55.677
-55.083
-54.847
-54.445
-53.646
-52.873
-51.814
-50.174
-47.552
-45
-45
-45
-45
-45
-45
-45
-45
-45
-45
-45
-45
-45
-45
-50.101
-56.74
-61.89
-65.423
-67.793
-69.451
-70.59
-71.509
-72.153
-72.603
-73.365
-73.658
-73.584
-73.636
-73.629
-73.529
-73.633
-73.573
-73.28
-73.237
-73.344
-73.243
-73.206
-73.135
-73.054
-73.218
-73.294
-73.287
-73.107
-73.334
-72.895
-72.828
-72.861
-72.926
-72.967
-72.974
-73.232
-73.246
-73.328
-73.381
-73.605
-73.664
-73.911
-73.719
-73.741
-73.661
-73.665
-73.729
-73.848
-74.137
-74.219
-74.11
-74.308
-74.347
-74.186
-74.169
-74.272
-74.416
-74.411
-74.447
-74.478
-74.278
-74.596
-74.886
-74.995
-75.135
-75.045
-75.268
-75.161
-75.219
-75.065
-74.929
-74.772
-74.415
-74.096
-73.82
-73.598
-73.241
-72.992
-72.947
-73.005
-72.904
-72.599
-72.32
-71.966
-71.997
-71.777
-71.393
-71.083
-70.804
-71.086
-71.124
-71.045
-71.16
-71.112
-71.062
-71.214
-71.201
-71.211
-71.156
-71.331
-71.006
-70.83
-70.933
-71.102
-71.002
-70.573
-70.441
-70.604
-70.626
-70.529
-70.442
-70.368
-70.201
-70.604
-70.339
-70.519
-70.796
-70.84
-70.824
-70.64
-70.886
-70.876
-71.154
-71.069
-71.593
-71.537
-71.508
-71.261
-71.342
-71.471
-71.648
-71.613
-71.513
-71.37
-71.486
-71.486
-71.587
-71.593
-71.706
-71.762
-71.904
-72.018
-71.842
-72.008
-72.096
-72.35
-72.437
-72.487
-72.672
-73.099
-72.833
-73.071
-73.27
-73.357
-73.623
-73.798
-73.7
-73.628
-73.571
-73.554
-73.896
-73.974
-74.272
-74.152
-74.01
-73.959
-74.282
-74.567
-74.31
-74.37
-74.279
-74.454
-74.5
-74.729
-74.737
-74.642
-74.662
-75.001
-75.246
-75.316
-75.435
-75.342
-75.21
-75.443
-75.742
-75.746
-75.912
-76.012
-76.093
-76.045
-76.071
-76.052
-76
-76.059
-75.987
-76.207
-76.111
-76.07
-75.933
-75.942
-75.839
-75.728
-75.711
-75.948
-76.04
-75.906
-76.106
-76.197
-76.26
-76.317
-76.6
-76.645
-76.468
-76.452
-76.432
-76.185
-76.227
-76.444
-76.247
-76.419
-76.633
-76.669
-76.702
-76.502
-76.515
-76.491
-76.696
-76.755
-76.985
-76.74
-76.817
-77.004
-76.655
-76.718
-76.961
-76.705
-76.827
-76.987
-76.94
-77.162
-77.298
-77.588
-77.809
-78.211
-78.08
-78.46
-78.531
-78.735
-78.452
-78.61
-78.946
-79.161
-78.958
-78.926
-79.061
-79.007
-79.083
-79.328
-79.453
-79.524
-79.262
-79.436
-79.546
-79.315
-79.265
-79.21
-79.064
-78.994
-78.807
-79.087
-79.242
-79.553
-79.163
-79.143
-79.264
-79.235
-79.576
-79.502
-79.743
-79.873
-79.821
-80.261
-80.159
-80.406
-80.517
-80.369
-80.507
-80.496
-80.494
-80.524
-80.671
-80.661
-80.853
-80.685
-80.678
-80.894
-80.885
-80.92
-81.009
-80.752
-80.811
-80.609
-80.266
-80.147
-80.309
-80.257
-80.34
-80.632
-80.892
-80.816
-80.831
-80.903
-81.052
-81.427
-81.547
-81.779
-82.026
-82.124
-81.887
-81.76
-81.703
-81.692
-81.789
-81.721
-81.693
-81.624
-81.63
-81.463
-81.638
-81.848
-81.733
-81.886
-82.284
-82.481
-82.438
-82.436
-82.451
-82.623
-82.496
-82.554
-82.208
-82.407
-82.449
-82.438
-82.587
-82.875
-82.764
-82.523
-82.551
-82.592
-82.55
-82.565
-82.534
-82.369
-82.22
-82.201
-82.295
-82.256
-82.192
-82.239
-82.267
-82.081
-82.2
-82.074
-82.021
-82.06
-82.056
-81.8
-81.958
-81.916
-82.114
-82.199
-82.244
-82.374
-82.404
-82.517
-82.583
-82.439
-82.738
-82.758
-82.51
-82.48
-82.548
-82.596
-82.472
-82.523
-82.51
-81.804
-81.628
-81.1
-80.767
-80.592
-80.395
-80.224
-80.077
-80.078
-80.08
-80.005
-80.268
-80.362
-80.309
-80.151
-80.048
-79.953
-79.629
-79.809
-79.798
-79.759
-79.578
-79.908
-80.194
-80.123
-80.161
-79.945
-80.017
-80.241
-80.239
-80.132
-79.965
-79.991
-79.978
-80.344
-80.171
-80.359
-80.136
-80.194
-80.043
-80.001
-79.93
-79.914
-79.793
-79.756
-79.844
-79.936
-80.093
-80.069
-80.087
-79.983
-79.878
-79.822
-79.827
-79.81
-79.757
-80.053
-80.153
-80.028
-79.872
-80.105
-80.297
-80.237
-80.194
-80.187
-80.13
-80.349
-80.196
-80.156
-80.292
-80.143
-80.177
-80.247
-80.1
-79.951
-79.806
-79.44
-78.93
-78.993
-79.096
-78.914
-78.753
-78.567
-78.927
-78.565
-78.505
-78.45
-78.557
-78.718
-78.893
-79.079
-79.084
-78.937
-78.889
-78.969
-78.918
-78.854
-78.988
-78.893
-78.91
-79.152
-79.328
-79.386
-79.331
-79.532
-79.899
-80.004
