-71.432
-71.383
-71.415
-71.386
-71.226
-71.184
-71.097
-71.165
-71.049
-70.997
-71.066
-71.117
-71.287
-71.497
-71.783
-71.74
-72.078
-71.917
-72.108
-71.967
-72.272
-72.152
-72.346
-72.471
-72.442
-72.484
-72.338
-72.603
-72.783
-72.599
-72.359
-72.459
-72.596
-72.553
-72.418
-72.259
-72.284
-72.369
-72.267
-72.337
-72.61
-72.715
-72.507
-72.683
-72.77
-72.612
-72.659
-72.817
-72.699
-72.524
-72.34
-72.24
-72.337
-72.534
-72.635
-72.676
-72.924
-72.975
-73.07
-72.925
-72.768
-72.906
-73.088
-73.083
-72.807
-72.988
-72.749
-72.773
-72.428
-72.376
-72.651
-72.699
-72.913
-73.04
-73.087
-73.251
-73.279
-73.226
-73.37
-73.353
-73.618
-73.459
-73.542
-73.391
-73.363
-73.395
-73.651
-73.415
-73.349
-73.471
-73.489
-73.64
-73.926
-74.067
-74.181
-74.269
-74.311
-74.477
-74.469
-74.55
-74.345
-74.245
-74.377
-74.668
-74.79
-74.862
-75.207
-75.166
-75.219
-74.968
-75.045
-75.073
-75.087
-75.202
-75.307
-75.255
-75.475
-75.516
-75.517
-75.171
-75.451
-75.385
-75.522
-75.514
-75.287
-75.598
-75.78
-75.804
-76.131
-76.168
-76.003
-76.051
-76.217
-76.152
-76.423
-76.54
-76.76
-76.685
-76.977
-77.048
-77.15
-77.11
-77.383
-77.164
-77.282
-77.384
-77.079
-77.114
-77.095
-77.384
-77.534
-77.602
-77.517
-77.621
-77.776
-77.677
-77.706
-77.785
-77.675
-77.585
-77.495
-77.729
-77.64
-77.913
-78.175
-78.404
-78.284
-78.272
-78.163
-78.406
-78.539
-78.657
-78.758
-78.824
-78.551
-78.453
-78.262
-78.355
-78.483
-78.69
-78.74
-79.102
-79.159
-78.954
-78.846
-79.047
-79.225
-79.259
-79.077
-79.136
-79.183
-79.185
-79.334
-79.302
-79.345
-79.359
-79.634
-79.745
-79.845
-79.714
-79.95
-79.985
-79.974
-80.156
-80.026
-80.024
-79.762
-79.997
-80.261
-80.168
-79.944
-79.973
-79.87
-80.106
-80.292
-80.42
-80.362
-80.499
-80.683
-80.679
-80.152
-80.353
-80.538
-80.549
-80.598
-80.561
-80.325
-80.289
-80.23
-80.253
-80.31
-80.294
-80.398
-80.635
-80.584
-80.635
-80.39
-80.463
-80.763
-81.053
-80.998
-81.195
-81.239
-81.616
-81.151
-80.997
-81.105
-81.421
-81.283
-81.329
-81.41
-81.391
-81.507
-81.557
-81.797
-81.7
-81.673
-81.883
-82.034
-81.832
-81.878
-81.756
-82.065
-81.982
-81.977
-82.044
-82.018
-81.77
-81.626
-81.544
-81.379
-81.379
-81.443
-81.465
-81.253
-80.947
-80.808
-80.937
-81.064
-81.397
-81.461
-81.577
-81.848
-82.093
-82.357
-82.216
-82.476
-82.64
-82.512
-82.445
-82.778
-82.851
-83.123
-83.3
-83.04
-82.879
-83.168
-83.209
-83.072
-83.048
-83.157
-83.08
-83.522
-83.262
-83.183
-82.826
-82.898
-83.164
-83.507
-83.32
-83.306
-83.413
-83.301
-83.302
-83.639
-83.472
-83.753
-83.503
-83.605
-83.931
-83.848
-83.929
-84.037
-83.858
-83.962
-84.519
-84.436
-84.485
-84.306
-84.34
-84.17
-84.187
-84.643
-84.349
-84.314
-84.333
-84.203
-84.118
-84.212
-84.299
-84.379
-84.43
-84.498
-84.216
-84.057
-83.901
-83.789
-83.966
-84.162
-84.275
-84.39
-84.231
-84.211
-84.456
-84.621
-84.715
-84.512
-84.281
-84.202
-84.328
-84.531
-84.72
-84.368
-84.075
-84.019
-83.52
-82.764
-82.325
-81.873
-81.253
-80.873
-80.706
-80.622
-80.472
-80.294
-80.323
-80.513
-80.464
-80.43
-80.195
-80.451
-80.512
-80.351
-80.114
-80.122
-80.043
-79.718
-79.576
-79.699
-79.803
-79.788
-79.909
-80.018
-80.16
-80.201
-80.228
-80.465
-80.338
-80.43
-80.367
-80.354
-80.498
-80.317
-80.308
-80.517
-80.127
-79.991
-80.03
-80.014
-80.255
-80.214
-80.056
-80.012
-80.142
-80.152
-80.211
-80.197
-80.117
-80.104
-80.081
-79.979
-80.018
-79.88
-79.748
-79.81
-80.185
-80.243
-80.311
-79.832
-79.686
-79.784
-79.53
-79.598
-79.559
-79.765
-79.987
-80.02
-79.874
-79.933
-80.057
-80.093
-79.833
-79.866
-79.823
-79.81
-80.157
-80.346
-79.994
-79.93
-80.04
-80.005
-79.928
-79.972
-80.209
-80.049
-79.98
-80.074
-80.172
-80.126
-80.33
-80.07
-80.135
-79.894
-80.162
-79.99
-80.165
-80.008
-80.089
-79.998
-80.222
-80.289
-80.227
-80.314
-80.153
-80.181
-80.065
-80.015
-79.864
-79.981
-80.025
-80.076
-80.049
-80.099
-79.977
-79.759
-79.92
-80.185
-80.156
-79.912
-80.08
-79.952
-79.829
-79.913
-80.084
-79.916
-79.958
-79.81
-79.836
-79.49
-79.491
-79.913
-79.927
-80.191
-80.476
-80.221
-80.251
-80.037
-80.155
-80.148
-80.041
-80.117
-79.845
-80.212
-80.172
-80.142
-80.146
-80.19
-80.335
-80.082
-80.334
-80.182
-79.99
-80.186
-80.273
-80.252
-80.358
-80.074
-79.952
-80.184
-80.241
-80.233
-80.158
-80.152
-80.246
-80.204
-79.905
-79.994
-80.065
-80.024
-80.004
-79.84
-79.791
-79.734
-79.959
-80.081
-80.061
-80.035
-79.945
-80.037
-80.189
-80.247
-80.345
-80.013
-79.952
-79.846
-79.812
-79.809
-80.033
-80.059
-80.055
-79.957
-80.012
-80.183
-80.046
-79.73
-79.591
-79.733
-79.512
-79.177
-79.403
-79.445
-79.493
-79.631
-79.454
-79.82
-79.763
-79.927
-80.112
-80.183
-80.148
-80.198
-80.108
-80.274
-80.494
-80.493
-80.322
-80.253
-80.273
-80.391
-80.207
-80.36
-80.175
-80.074
-80.194
-80.277
-80.272
-80.144
-80.221
-79.81
-79.939
-79.955
-79.959
-79.962
-79.929
-79.898
-79.83
-80.148
-79.801
-79.861
-79.704
-79.857
-79.646
-79.604
-79.545
-79.73
-79.766
-80.075
-80.285
-80.28
-80.445
-80.548
-80.505
-80.387
-80.508
-80.405
-80.129
-80.201
-80.156
-80.03
-80.118
-79.992
-79.883
-79.914
-79.698
-79.536
-79.057
-78.876
-78.935
-78.632
-78.555
-78.187
-78.283
-78.273
-78.093
-78.157
-78.324
-78.338
-78.337
-78.293
-78.353
-78.321
-78.398
-78.484
-78.66
-78.654
-78.494
-78.548
-78.553
-78.583
-78.633
-78.693
-78.764
-78.676
-78.883
-78.972
-79.189
-78.996
-79.119
-79.369
-79.472
-79.269
-79.213
-79.313
-79.131
-79.068
-79.033
-79.333
-79.545
-79.67
-79.817
-80.154
-80.136
-80.1
-79.995
-79.982
-79.902
-79.818
-80.106
-79.97
-79.99
-80.087
-80.07
-80.026
-79.817
-80.085
-80.068
-80.121
-80.198
-80.102
-80.164
-80.288
-80.472
-80.374
-80.292
-80.285
-80.546
-80.775
-80.665
-80.629
-80.63
-80.693
-80.564
-80.424
-80.303
-80.437
-80.205
-80.081
-80.111
-80.136
-80.294
-79.885
-79.868
-79.759
-79.828
-79.947
-79.833
-80.038
-79.856
-80.008
-79.962
-79.864
-79.853
-80.162
-80.367
-80.409
-80.43
-80.371
-80.244
-80.115
-80.116
-80.027
-79.854
-79.865
-80.002
-80.021
-79.975
-80.064
-80.251
-80.338
-80.362
-80.557
-80.412
-80.387
-80.287
-80.098
-80.266
-79.833
-80.153
-79.935
-80.054
-80.112
-80.28
-80.535
-80.55
-80.244
-80.215
-80.157
-80.421
-80.452
-80.273
-80.54
-80.49
-80.449
-80.347
-80.144
-80.399
-80.561
-80.573
-80.819
-80.49
-80.497
-80.664
-80.426
-80.638
-80.511
-80.689
-80.491
-80.672
-80.689
-80.562
-80.664
-80.763
-80.893
-80.999
-80.525
-80.63
-80.732
-80.607
-80.544
-80.433
-80.498
-80.368
-80.448
-80.3
-80.441
-80.434
-80.583
-80.426
-80.343
-80.562
-80.679
-80.904
-80.839
-80.989
-81.308
-80.964
-80.574
-80.494
-80.356
-80.262
-80.097
-80.196
-80.085
-80.219
-80.464
-80.363
-80.103
-79.895
-80.186
-79.977
-80.216
-80.203
-80.346
-80.612
-80.867
-80.965
-80.866
-80.965
-80.869
-81.049
-81.166
-80.896
-80.866
-80.974
-80.932
-80.883
-81.128
-81.049
-81.215
-81.028
-81.194
-81.265
-81.305
-81.319
-81.467
-81.483
-81.389
-81.344
-81.351
-81.544
-81.596
-81.491
-81.765
-81.682
-81.915
-82.211
-82.172
-82.181
-82.527
-82.184
-81.908
-81.756
-81.842
-81.879
-81.984
-81.904
-81.768
-81.455
-81.273
-81.362
-81.431
-81.599
-81.589
-81.548
-81.645
-81.575
-81.539
-81.187
-80.982
-81.143
-80.896
-80.983
-80.958
-80.841
-80.888
-81.137
-80.804
-80.69
-80.712
-80.73
-80.785
-80.737
-80.9
-81.055
-81.128
-81.195
-80.838
-80.713
-80.85
-80.736
-80.798
-80.532
-80.74
-80.934
-80.972
-80.877
-81.27
-81.261
-81.406
-81.238
-81.244
-81.179
-80.894
-80.948
-80.839
-81.004
-81.098
-81.157
-81.118
-81.028
-81.159
-80.921
-80.757
-80.862
-80.705
-80.85
-80.997
-80.916
-80.744
-80.804
-80.706
-80.511
-80.624
-80.349
-80.449
-80.614
-80.581
-79.873
-79.844
-79.896
-79.972
-79.833
-79.708
-79.512
-79.434
-79.167
-78.882
-78.778
-78.82
-78.669
-78.714
-78.774
-78.832
-78.692
-78.378
-78.178
-78.027
-78.197
-78.131
-78.177
-78.175
-78.164
-78.356
-78.534
-78.472
-78.6
-78.728
-78.856
-78.91
-79.006
-79.211
-78.907
-78.964
-78.636
-78.507
-78.465
-78.435
-78.619
-78.524
-78.425
-78.289
-78.146
-78.169
-78.334
-78.649
-78.47
-78.401
-78.213
-78.178
-78.347
-78.181
