-79.927
-79.927
-79.854
-79.911
-79.809
-79.891
-80.1
-80.033
-80.015
-79.766
-79.764
-79.773
-79.855
-79.894
-80.089
-80.137
-80.25
-80.212
-79.97
-80.133
-80.132
-80.089
-79.946
-80.1
-79.987
-80.034
-79.888
-79.747
-79.677
-79.747
-80.244
-79.962
-80.177
-79.938
-79.81
-79.929
-79.963
-79.758
-80.072
-80.242
-80.358
-80.358
-80.402
-80.338
-80.08
-80.107
-79.982
-80.307
-80.52
-80.492
-80.297
-80.339
-80.217
-80.206
-80.107
-79.844
-79.766
-79.661
-79.652
-79.867
-79.91
-79.949
-79.993
-79.791
-79.806
-79.885
-80.018
-79.955
-79.829
-80.131
-79.816
-79.783
-79.606
-79.626
-79.696
-79.75
-79.921
-79.888
-79.912
-80.272
-80.011
-79.99
-80.122
-79.967
-79.816
-79.808
-79.85
-79.83
-79.563
-79.828
-79.932
-79.916
-79.958
-79.973
-79.995
-79.996
-79.768
-79.906
-79.928
-79.945
-79.787
-79.574
-79.367
-79.25
-79.418
-79.532
-79.553
-79.567
-79.37
-79.222
-79.594
-79.584
-79.583
-79.627
-79.741
-79.646
-79.661
-79.537
-79.713
-79.91
-79.794
-79.794
-79.808
-80.097
-80.211
-80.113
-80.333
-80.376
-80.421
-80.48
-80.21
-80.089
-80.222
-80.256
-80.121
-80.268
-80.052
-79.815
-80.148
-79.843
-79.884
-79.763
-79.646
-79.611
-79.69
-79.67
-79.416
-79.406
-79.58
-79.586
-79.594
-79.606
-79.735
-79.6
-79.71
-79.808
-79.897
-79.775
-79.439
-79.629
-79.682
-79.653
-79.645
-79.603
-79.708
-79.449
-79.592
-79.558
-79.382
-79.229
-79.236
-79.189
-79.423
-79.237
-79.238
-79.19
-79.279
-79.409
-79.361
-79.571
-79.696
-79.726
-79.827
-79.528
-79.278
-79.372
-79.227
-79.235
-78.817
-78.611
-78.92
-79.089
-79.003
-79.196
-79.131
-79.195
-79.348
-79.389
-79.323
-79.308
-79.24
-79.141
-79.018
-79.077
-79.42
-79.574
-79.646
-79.435
-79.555
-79.404
-79.315
-79.298
-78.895
-79.094
-78.928
-79.127
-79.395
-79.466
-79.359
-79.194
-79.232
-79.348
-79.511
-79.518
-79.631
-79.748
-79.952
-79.877
-79.456
-79.836
-79.509
-79.628
-79.406
-79.327
-79.423
-79.201
-79.109
-78.916
-79.273
-79.328
-79.322
-79.217
-79.49
-79.36
-79.891
-80.006
-80.205
-80.562
-80.996
-80.979
-81.004
-80.768
-80.516
-80.706
-80.443
-80.749
-80.851
-81.253
-81.078
-81.093
-80.802
-80.815
-80.913
-80.729
-80.608
-80.563
-80.356
-80.566
-80.66
-80.602
-80.637
-80.592
-80.739
-81.045
-81.008
-80.8
-80.692
-80.747
-80.991
-81.115
-80.956
-81.088
-81.108
-80.918
-80.391
-80.331
-80.016
-80.089
-80.22
-80.129
-80.14
-79.978
-80.243
-80.099
-80.214
-80.22
-80.033
-80.16
-80
-80.116
-80.429
-80.385
-80.03
-79.827
-79.89
-79.799
-79.468
-79.274
-79.497
-79.341
-79.382
-79.538
-79.44
-79.484
-79.557
-79.568
-79.572
-79.245
-79.185
-78.966
-78.789
-79.074
-78.847
-79.212
-79.199
-79.276
-79.756
-79.825
-79.862
-79.938
-80.094
-79.782
-79.97
-80.077
-80.195
-80.096
-80.109
-80.367
-80.17
-80.04
-80.189
-80.051
-79.98
-79.885
-80.001
-79.902
-79.987
-79.866
-80.053
-80.052
-79.8
-79.709
-79.862
-79.79
-79.818
-80.268
-80.225
-80.345
-80.269
-80.2
-80.268
-79.975
-79.95
-79.946
-79.838
-79.938
-79.894
-80.141
-80.162
-80.148
-80.074
-80.173
-80.046
-79.888
-79.938
-79.942
-80.055
-80.022
-80.138
-80.354
-80.331
-80.264
-80.147
-80.102
-80.067
-80.013
-80.152
-80.103
-80.095
-80.008
-80.192
-80.224
-80.108
-80.028
-80.322
-80.298
-80.321
-80.291
-80.322
-80.513
-80.626
-80.696
-80.591
-80.315
-80.227
-80.163
-80.364
-80.239
-80.103
-80.212
-80.22
-79.991
-79.892
-79.708
-79.56
-79.216
-79.004
-79.101
-78.698
-78.96
-78.906
-79.119
-79.158
-79.161
-79.324
-79.249
-79.158
-79.022
-78.854
-78.735
-78.701
-78.968
-79.14
-79.055
-79.198
-79.24
-79.342
-79.484
-79.432
-79.288
-79.222
-79.119
-79.165
-79.31
-79.556
-79.402
-79.423
-79.247
-79.133
-79.148
-79.342
-79.65
-79.508
-79.573
-79.589
-79.871
-79.951
-79.7
-79.699
-79.815
-79.476
-79.399
-79.076
-79.339
-79.256
-79.331
-79.226
-79.302
-79.202
-79.242
-79.471
-79.317
-79.385
-79.525
-79.485
-79.438
-79.389
-79.583
-79.631
-79.652
-79.448
-79.626
-79.596
-79.586
-79.723
-79.88
-79.854
-79.991
-79.835
-79.64
-79.685
-79.558
-79.677
-79.783
-79.544
-79.573
-79.529
-79.766
-79.737
-79.5
-79.42
-79.49
-79.48
-79.131
-79.409
-79.374
-79.492
-79.445
-79.26
-79.455
-79.47
-79.561
-79.648
-79.35
-79.315
-79.527
-79.45
-79.775
-79.66
-79.508
-80.062
-79.974
-79.935
-79.768
-79.846
-79.911
-80.051
-79.953
-80.048
-79.997
-79.841
-79.887
-80.051
-80.136
-80.289
-79.985
-79.903
-80.094
-80.214
-79.962
-79.81
-80.103
-80.084
-80.26
-80.074
-79.644
-79.704
-79.801
-79.742
-79.95
-79.889
-79.882
-79.635
-79.667
-79.733
-79.554
-79.724
-79.511
-79.338
-79.419
-79.304
-79.442
-79.312
-79.448
-79.5
-79.692
-79.735
-79.877
-79.963
-80.055
-79.974
-79.8
-79.922
-80.131
-80.035
-79.967
-79.987
-79.984
-79.99
-80.011
-79.967
-79.87
-79.933
-79.942
-79.991
-79.912
-79.811
-79.77
-79.796
-79.797
-79.77
-79.781
-79.762
-79.852
-79.996
-80.073
-80.057
-80.085
-79.999
-79.946
-80.14
-80.097
-79.877
-80.102
-80.015
-79.799
-79.921
-80.066
-79.882
-79.699
-79.932
-80.048
-79.869
-79.717
-79.759
-79.707
-79.671
-79.47
-79.297
-79.238
-79.285
-79.369
-79.645
-79.586
-79.665
-79.742
-79.662
-79.83
-79.676
-79.903
-79.925
-79.785
-79.685
-79.68
-79.684
-79.581
-79.705
-79.677
-79.792
-79.772
-79.834
-79.811
-79.749
-80.016
-79.796
-79.862
-79.757
-79.945
-80.029
-79.964
-80.033
-80.016
-80.036
-80.065
-80.012
-79.887
-79.983
-79.742
-79.281
-79.351
-79.387
-79.302
-79.052
-79.142
-78.951
-79.257
-79.086
-79.175
-79.242
-79.241
-79.351
-79.317
-79.265
-79.391
-79.244
-79.34
-79.327
-79.448
-79.358
-79.451
-79.339
-79.581
-79.602
-79.788
-79.932
-79.893
-79.561
-79.728
-79.718
-79.678
-79.634
-79.665
-79.611
-79.45
-79.493
-79.602
-79.711
-79.905
-79.994
-79.979
-79.999
-80.146
-79.878
-80.021
-79.983
-80.137
-80.124
-79.966
-80.144
-79.953
-79.91
-79.708
-79.872
-79.96
-79.942
-79.923
-79.788
-79.915
-79.75
-79.905
-80.107
-79.83
-79.593
-79.538
-79.539
-79.703
-79.69
-79.852
-79.835
-79.711
-79.568
-79.539
-79.417
-79.45
-79.642
-79.716
-79.717
-79.711
-79.603
-79.684
-79.87
-80.192
-79.971
-79.848
-79.884
-80.009
-80.121
-79.977
-79.875
-80.11
-80.181
-80.093
-80.154
-80.159
-80.103
-80.154
-80.005
-80.104
-79.933
-80.365
-80.55
-80.671
-80.53
-80.341
-80.235
-80.208
-80.384
-80.468
-80.291
-80.427
-80.56
-80.394
-80.477
-80.459
-80.373
-80.36
-80.491
-80.487
-80.375
-80.31
-80.505
-80.336
-80.286
-80.33
-80.233
-80.249
-80.272
-80.173
-80.197
-79.977
-79.916
-80.165
-80.065
-79.986
-79.995
-80.226
-80.283
-80.284
-80.186
-80.075
-79.888
-79.961
-79.796
-79.874
-79.868
-79.762
-79.798
-79.705
-79.615
-79.626
-79.655
-79.724
-79.736
-80.117
-80.132
-79.963
-80.02
-80.03
-79.778
-79.727
-79.658
-79.767
-79.492
-79.304
-79.161
-79.377
-79.469
-79.597
-79.758
-79.838
-79.743
-79.684
-79.83
-79.738
-79.706
-80.088
-79.898
-79.84
-79.701
-79.683
-79.364
-79.596
-79.776
-79.864
-80.005
-79.879
-80.166
-80.567
-80.365
-80.636
-80.621
-80.825
-80.738
-80.926
-80.796
-80.736
-80.588
-80.327
-80.321
-79.935
-79.942
-79.728
-79.53
-79.408
-79.431
-79.315
-79.19
-78.973
-79.395
-79.426
-79.714
-79.559
-79.64
-79.663
-79.496
-79.507
-79.386
-79.728
-79.682
-79.668
-79.588
-79.604
-79.507
-79.522
-79.611
-79.854
-79.719
-79.825
-80.039
-79.887
-79.649
-79.363
-79.238
-79.455
-79.327
-79.326
-79.678
-79.766
-79.788
-79.583
-79.316
-79.406
-79.366
-79.066
-79.073
-79.037
-79.133
-79.146
-79.206
-79.215
-79.085
-78.913
-78.863
-78.555
-78.356
-78.212
-78.443
-78.656
-78.812
-78.947
-79.046
-78.793
-79.192
-79.135
-79.354
-79.597
-79.676
-79.761
-79.559
-79.551
-79.757
-79.549
-79.505
-79.277
-79.394
-79.28
-79.262
-79.377
-79.291
-79.405
-79.253
-79.231
-79.113
-79.442
-79.518
-79.488
-79.509
-79.489
-79.691
-79.787
-79.737
-79.63
-79.261
-79.194
-79.484
-79.498
-79.555
-79.375
-79.637
-79.746
-79.673
-79.432
-79.328
-79.371
-79.311
-79.61
-79.593
-79.438
-79.444
-79.732
-79.747
-79.893
-80.019
-80.166
-80.489
-80.508
-80.258
-80.23
-80.448
-80.825
-80.877
-80.758
-80.459
-80.525
-80.379
-80.375
-80.525
-80.407
-80.339
-80.471
-80.264
-80.49
-80.518
-80.566
-80.557
-80.662
-80.668
-80.263
-80.203
-80.359
-80.359
