-84.21
-84.163
-84.423
-84.466
-84.387
-84.321
-84.267
-84.398
-84.42
-84.454
-84.492
-84.549
-84.526
-84.41
-84.462
-84.488
-84.753
-84.673
-84.747
-84.821
-84.787
-84.898
-84.705
-84.731
-84.782
-84.727
-84.666
-84.551
-84.767
-84.569
-84.818
-85.03
-85.282
-85.494
-85.642
-85.784
-85.516
-85.711
-85.689
-85.833
-85.718
-85.769
-85.679
-85.634
-85.792
-86.047
-86.142
-85.815
-85.712
-85.484
-85.245
-85.457
-85.336
-85.211
-85.088
-85.334
-85.87
-85.8
-85.859
-85.698
-85.725
-85.669
-85.616
-85.73
-86.037
-86.287
-86.25
-86.238
-86.089
-86.091
-86.251
-85.998
-85.877
-85.849
-86.119
-86.237
-85.992
-86.256
-86.12
-86.195
-86.084
-86.301
-86.023
-85.768
-86.016
-86.034
-85.788
-85.986
-86.056
-86.044
-86.222
-86.214
-86.343
-86.563
-86.48
-86.539
-86.508
-86.79
-86.762
-86.845
-86.788
-87.127
-86.93
-86.798
-86.858
-87.007
-86.788
-86.745
-86.756
-86.507
-86.439
-86.479
-86.411
-86.778
-86.663
-86.596
-86.454
-86.386
-86.507
-86.441
-86.595
-86.603
-86.671
-86.545
-86.293
-86.523
-86.186
-85.923
-86.119
-85.921
-85.779
-85.626
-85.482
-85.462
-85.499
-85.2
-85.019
-85.006
-85.023
-85.062
-84.974
-85.117
-85.228
-85.132
-84.998
-84.844
-84.749
-84.706
-84.962
-85.121
-85.19
-85.102
-85.128
-85.232
-85.238
-85.085
-85.24
-85.164
-85.205
-85.407
-85.529
-85.353
-85.313
-85.151
-85.137
-85.056
-85.069
-84.791
-84.819
-84.894
-84.915
-85.081
-85.27
-85.528
-85.528
-85.452
-85.592
-85.549
-85.3
-85.373
-85.643
-85.753
-85.66
-85.493
-85.308
-85.105
-85.106
-85.147
-84.791
-84.797
-84.938
-84.656
-84.877
-85.237
-85.094
-85.027
-85.198
-85.384
-85.491
-85.537
-85.379
-85.18
-85.44
-85.559
-85.396
-85.354
-85.305
-85.321
-85.379
-85.255
-85.137
-85.067
-84.96
-84.812
-85.037
-84.629
-84.633
-84.693
-84.591
-84.756
-84.736
-84.901
-84.822
-84.992
-84.835
-84.726
-84.856
-84.896
-84.857
-84.905
-85.108
-85.183
-85.256
-85.166
-84.939
-85.186
-85.305
-85.402
-85.602
-85.739
-85.606
-85.555
-85.622
-85.522
-85.489
-85.489
-85.281
-85.478
-85.387
-85.375
-85.454
-85.257
-85.066
-85.116
-85.091
-85.055
-85.018
-85.131
-85.497
-85.522
-85.17
-85.129
-85.083
-85.215
-85.216
-85.077
-84.979
-85.011
-84.888
-84.788
-84.68
-84.909
-84.855
-85.081
-85.206
-85.055
-85.116
-85.328
-85.183
-85.093
-85.068
-85.066
-85.186
-85.154
-84.872
-84.762
-84.89
-85.085
-84.817
-84.733
-84.831
-84.807
-84.644
-84.678
-84.665
-84.403
-84.243
-84.244
-84.18
-83.899
-83.969
-84.235
-84.283
-84.098
-83.881
-83.767
-83.474
-83.28
-83.12
-83.013
-83.006
-82.904
-82.404
-82.399
-82.343
-82.217
-81.992
-81.995
-82.045
-82.018
-81.896
-81.782
-82.021
-82.175
-82.111
-82.031
-82.07
-82.277
-82.37
-82.657
-82.707
-82.872
-82.805
-82.863
-83.06
-83
-83.141
-83.086
-83.181
-83.148
-83.199
-83.053
-82.651
-82.807
-82.908
-82.668
-82.688
-82.431
-82.222
-82.189
-82.32
-82.193
-81.952
-81.942
-82.026
-81.722
-81.665
-81.906
-81.633
-81.725
-81.721
-81.522
-81.433
-81.593
-81.683
-81.769
-82.014
-82.098
-82.232
-82.477
-82.429
-82.477
-82.568
-82.441
-82.411
-82.336
-82.409
-82.372
-82.884
-83.02
-82.877
-83.012
-83.13
-82.968
-83.232
-83.172
-82.852
-82.706
-82.776
-82.73
-82.781
-82.59
-82.672
-82.937
-82.979
-83.061
-83.116
-83.336
-83.457
-83.652
-83.744
-83.803
-83.661
-83.575
-83.47
-83.38
-83.193
-83.275
-83.395
-83.684
-83.29
-83.668
-83.52
-83.239
-83.612
-83.713
-83.814
-83.968
-84.014
-83.779
-83.726
-84.098
-83.944
-83.999
-83.804
-83.949
-84.003
-83.787
-84.131
-84.194
-84.034
-84.192
-84.213
-84.313
-84.321
-84.364
-84.048
-84.14
-84.259
-84.475
-84.328
-84.09
-83.797
-83.514
-83.683
-83.746
-83.645
-83.671
-83.77
-84.051
-84.242
-84.113
-83.835
-84.094
-83.867
-83.788
-83.646
-83.323
-83.259
-83.278
-83.386
-83.347
-83.328
-83.445
-83.393
-83.418
-83.412
-83.666
-83.665
-83.639
-83.831
-83.736
-83.868
-83.845
-83.85
-83.412
-83.317
-83.529
-83.671
-83.745
-84.034
-83.957
-84.047
-83.79
-83.638
-83.456
-83.657
-83.577
-83.524
-83.755
-83.713
-83.825
-83.873
-83.779
-84.015
-84.143
-84.249
-84.366
-84.368
-84.167
-84.261
-84.196
-84.43
-84.426
-84.507
-84.503
-84.729
-84.698
-84.54
-84.518
-84.765
-84.434
-84.29
-84.283
-84.319
-84.152
-84.191
-84.114
-84.564
-84.891
-85.292
-85.053
-85.056
-85.063
-84.915
-85.143
-84.73
-84.599
-84.585
-84.829
-84.584
-84.854
-84.942
-84.703
-85.112
-85.288
-85.34
-85.041
-84.929
-85.175
-85.224
-85.213
-84.921
-84.939
-85.007
-84.961
-84.804
-84.772
-84.759
-84.862
-84.741
-84.783
-84.591
-84.541
-84.786
-84.849
-84.829
-84.71
-84.899
-84.796
-84.708
-84.611
-84.809
-84.813
-84.927
-85.042
-85.026
-84.97
-84.881
-84.784
-84.832
-84.957
-84.62
-84.108
-83.843
-83.914
-83.87
-83.829
-83.828
-83.773
-83.961
-84.216
-84.385
-84.334
-84.352
-84.662
-84.734
-84.577
-84.508
-84.663
-84.793
-84.667
-84.655
-84.611
-84.497
-84.375
-84.655
-84.581
-84.644
-84.759
-84.736
-84.72
-84.349
-84.355
-84.242
-84.409
-84.591
-84.746
-84.636
-84.622
-84.385
-84.521
-84.68
-84.606
-84.43
-84.334
-84.621
-84.572
-84.737
-84.456
-84.4
-84.299
-84.364
-84.325
-84.289
-84.245
-84.381
-84.532
-84.558
-84.473
-84.326
-84.202
-84.096
-84.113
-84.048
-83.787
-83.901
-84.217
-84.334
-84.417
-84.153
-83.82
-84.083
-83.923
-83.929
-83.963
-83.904
-84.112
-84.258
-84.016
-84.237
-84.463
-84.478
-84.451
-84.507
-84.174
-84.205
-84.202
-84.058
-84.168
-84.032
-84.006
-83.631
-83.476
-83.222
-83.072
-82.942
-82.784
-82.456
-81.901
-81.575
-81.135
-80.745
-80.215
-80.058
-79.83
-79.648
-79.372
-79.045
-78.767
-78.815
-78.421
-78.113
-77.758
-77.663
-77.381
-77.023
-76.834
-76.589
-76.521
-76.446
-76.261
-76.422
-76.443
-76.213
-76.175
-76.122
-75.743
-75.435
-75.268
-74.99
-74.9
-74.834
-74.672
-74.324
-74.373
-74.276
-73.832
-74.074
-74.047
-74.078
-74.089
-74.059
-74.074
-74.229
-73.948
-73.921
-73.974
-74.12
-73.948
-74.077
-73.947
-73.745
-73.86
-73.869
-74.06
-73.982
-73.814
-74.046
-73.905
-73.83
-73.98
-73.965
-73.879
-73.762
-73.756
-73.894
-73.815
-73.857
-74.036
-74.201
-74.142
-73.758
-73.619
-73.767
-73.803
-73.677
-74.17
-74.152
-74.193
-74.458
-74.385
-74.537
-74.325
-74.684
-74.433
-74.269
-74.429
-74.181
-74.365
-74.284
-74.177
-74.088
-74.125
-74.236
-74.054
-74.049
-73.975
-74.146
-74.223
-74.02
-74.192
-74.198
-74.403
-74.482
-74.585
-74.325
-74.271
-74.26
-74.327
-74.196
-74.4
-74.344
-74.304
-74.369
-74.275
-73.958
-74.159
-74.362
-74.067
-74.071
-73.754
-73.844
-73.709
-73.421
-73.641
-73.551
-73.301
-73.173
-73.206
-73.333
-73.433
-73.283
-73.189
-73.08
-73.192
-73.366
-73.623
-73.613
-73.831
-73.864
-73.87
-73.759
-73.625
-73.668
-73.417
-73.463
-73.502
-73.315
-73.389
-73.571
-73.566
-73.707
-73.479
-73.552
-73.727
-73.4
-73.526
-73.462
-73.409
-73.56
-73.556
-73.635
-73.539
-73.229
-73.294
-73.241
-73.123
-73.098
-72.891
-72.769
-72.807
-72.665
-73.035
-73.11
-73.121
-73.154
-73.259
-73.281
-73.2
-73.152
-73.372
-73.375
-73.364
-73.385
-73.519
-73.286
-73.048
-73.115
-73.112
-73.296
-73.336
-73.344
-72.977
-72.887
-73.156
-73.493
-73.713
-73.799
-73.855
-73.957
-74.243
-73.847
-73.97
-73.895
-73.99
-74.153
-74.093
-73.916
-73.987
-74.163
-74.201
-74.147
-74.254
-74.078
-74.182
-73.947
-73.86
-73.73
-73.488
-73.481
-73.356
-73.419
-73.411
-73.389
-73.345
-73.341
-73.115
-73.205
-73.337
-73.498
-73.394
-73.318
-73.332
-73.226
-73.011
-72.906
-72.965
-73.005
-73.266
-72.961
-73.238
-73.266
-73.273
-73.546
-73.225
-72.957
-72.892
-72.946
-73.038
-72.815
-72.924
-72.815
-72.839
-73.247
-73.262
-73.475
-73.311
-73.451
-73.445
-73.639
-73.678
-73.515
-73.734
-73.424
-73.406
-73.515
-73.675
-73.786
-73.843
-73.669
-74.081
-74.044
-73.906
-73.856
-73.73
-73.98
-73.971
-73.941
-73.955
-74.101
-74.112
-74.032
-73.988
-73.805
-73.971
-73.849
-73.648
-73.626
-73.634
-73.556
-73.728
-73.797
-73.61
-73.633
-73.432
-73.458
-73.495
-73.746
-73.761
-73.799
-73.796
-73.923
-74.048
-74.141
-74.099
-74.239
-74.186
-74.128
-74.098
-73.953
-73.908
-73.795
-73.689
-73.615
-73.595
-73.963
-73.993
-74.119
-74.163
-74.049
-74.102
-74.157
-74.06
-74.051
-74.125
-74.493
-74.427
-74.396
-73.996
-74.169
