-78.344
-78.43
-78.198
-78.09
-77.901
-77.752
-77.877
-77.643
-77.91
-77.961
-77.929
-77.897
-78.299
-78.15
-78.095
-78.106
-78.042
-77.994
-78.075
-78.06
-77.997
-78.114
-78.275
-78.229
-78.455
-78.504
-78.359
-78.401
-78.257
-78.22
-78.125
-77.997
-78.016
-78.268
-77.818
-78.062
-77.943
-77.909
-77.978
-77.755
-77.322
-77.577
-77.571
-77.521
-77.535
-77.529
-77.407
-77.716
-78.082
-78.037
-78.061
-78.132
-77.988
-78.34
-78.19
-78.083
-78.422
-78.385
-78.451
-78.58
-78.96
-78.542
-78.418
-78.633
-78.515
-78.559
-78.813
-78.865
-78.656
-78.573
-78.582
-78.633
-78.573
-78.643
-78.817
-78.52
-78.542
-78.634
-78.312
-78.175
-78.181
-77.96
-77.944
-77.698
-77.328
-77.546
-77.583
-77.641
-77.814
-77.79
-77.751
-77.872
-77.827
-77.971
-78.105
-78.258
-78.398
-78.556
-78.758
-78.875
-78.81
-78.696
-78.787
-78.932
-79.088
-78.932
-79.068
-78.71
-78.597
-78.517
-78.494
-78.524
-78.427
-78.531
-78.517
-78.68
-78.713
-78.362
-78.487
-78.627
-78.851
-78.881
-78.701
-78.881
-78.74
-78.689
-78.394
-78.21
-78.777
-78.807
-78.836
-79.081
-78.688
-78.61
-78.308
-78.446
-78.451
-78.382
-78.494
-78.358
-78.626
-78.453
-78.5
-78.496
-78.595
-78.523
-78.306
-78.379
-78.591
-78.847
-78.335
-78.34
-78.235
-78.096
-78.025
-78.164
-78.12
-78.036
-78.107
-77.98
-77.976
-77.889
-78.045
-77.84
-77.877
-77.483
-77.339
-77.47
-77.486
-77.496
-77.443
-77.847
-77.951
-77.82
-77.748
-77.937
-78.087
-78.369
-78.368
-78.559
-78.481
-78.529
-78.649
-78.581
-78.692
-78.553
-78.417
-78.495
-78.644
-78.498
-78.195
-78.26
-78.156
-78.045
-77.942
-77.764
-77.901
-78.008
-77.925
-78.044
-78.081
-78.127
-77.935
-77.996
-78.252
-78.173
-78.249
-78.356
-78.478
-78.543
-78.755
-78.933
-78.853
-78.831
-78.801
-78.8
-79.004
-79.176
-79.197
-79.273
-79.102
-79.182
-79.039
-78.899
-78.662
-78.951
-78.932
-79.126
-79.043
-79.021
-78.85
-79.076
-79.155
-78.875
-78.795
-79.034
-79.261
-79.174
-79.204
-79.195
-79.52
-79.379
-79.284
-79.426
-79.523
-79.6
-79.418
-79.45
-79.586
-79.529
-79.556
-79.514
-79.607
-79.689
-79.479
-79.649
-79.26
-79.531
-79.541
-79.456
-79.364
-79.427
-79.362
-79.255
-79.321
-79.488
-79.256
-79.383
-79.399
-79.407
-79.279
-79.34
-79.585
-79.631
-79.598
-79.811
-79.512
-79.402
-79.247
-79.337
-79.335
-79.231
-79.038
-79.272
-79.16
-79.243
-79.167
-79.213
-79.476
-79.584
-79.605
-79.623
-79.614
-79.545
-79.453
-78.846
-78.836
-79.294
-79.269
-79.317
-79.033
-78.98
-79.25
-79.149
-79.37
-79.365
-79.701
-79.242
-79.154
-79.17
-79.44
-79.384
-79.387
-79.517
-79.581
-79.412
-79.366
-79.447
-79.49
-79.471
-79.339
-79.214
-79.123
-79.198
-79.141
-78.898
-78.943
-79.016
-78.697
-78.658
-78.615
-78.254
-78.055
-77.823
-77.934
-77.936
-77.774
-77.76
-77.942
-77.857
-77.955
-78.192
-77.927
-77.643
-77.483
-77.805
-77.663
-77.688
-77.585
-77.657
-77.919
-77.749
-77.876
-77.869
-77.946
-78.046
-77.817
-78.001
-78.01
-77.82
-77.801
-77.723
-77.688
-77.877
-77.673
-77.882
-77.607
-77.487
-77.496
-77.815
-77.984
-78.222
-78.012
-78.13
-77.919
-77.789
-77.647
-77.494
-77.184
-77.184
-77.21
-77.117
-76.933
-77.027
-77.123
-77.008
-76.778
-76.715
-76.529
-76.527
-76.482
-76.328
-76.305
-76.002
-75.595
-75.578
-75.441
-75.536
-75.339
-75.36
-75.323
-75.117
-74.936
-75.004
-74.775
-74.621
-74.754
-74.949
-75.002
-75.433
-75.487
-75.523
-75.544
-75.603
-75.666
-75.709
-75.738
-75.727
-76.194
-76.493
-76.436
-76.793
-76.946
-76.949
-76.989
-77.2
-77.3
-77.262
-77.322
-77.12
-77.197
-77.162
-77.087
-77.177
-77.151
-77.258
-77.093
-77.251
-77.207
-77.404
-77.376
-77.436
-77.531
-77.578
-77.5
-77.445
-77.388
-77.345
-77.256
-77.336
-77.57
-77.517
-77.552
-77.651
-77.581
-77.799
-77.599
-77.352
-77.315
-77.283
-77.102
-77.38
-77.326
-77.232
-77.505
-77.397
-77.411
-77.29
-77.308
-77.152
-77.262
-77.22
-77.209
-77.213
-76.877
-76.652
-76.473
-76.589
-76.585
-76.582
-76.601
-76.606
-76.514
-76.618
-76.317
-76.213
-76.211
-76.243
-76.477
-76.322
-76.532
-76.556
-76.847
-77.187
-77.122
-76.894
-76.628
-76.207
-75.959
-75.609
-75.424
-75.326
-75.296
-75.172
-74.675
-74.162
-74.018
-73.541
-73.381
-73.187
-73.187
-73.011
-72.848
-72.803
-72.803
-72.701
-72.572
-72.847
-72.885
-72.889
-72.663
-72.768
-72.466
-72.424
-72.225
-72.173
-71.926
-71.813
-71.519
-71.253
-71.298
-70.943
-70.806
-71.034
-70.845
-70.482
-70.429
-70.453
-70.546
-70.284
-70.187
-69.976
-70.097
-70.203
-70.058
-70.105
-69.949
-70.081
-70.015
-69.832
-69.509
-69.514
-69.373
-69.335
-69.502
-69.136
-69.257
-69.016
-68.828
-69.208
-69.108
-69.088
-69.291
-69.36
-69.46
-69.389
-69.456
-69.391
-69.33
-69.596
-69.441
-69.536
-69.383
-69.489
-69.518
-69.426
-69.546
-69.408
-69.341
-69.057
-69.015
-69.185
-69.31
-69.363
-69.183
-69.049
-68.881
-68.647
-68.508
-68.498
-68.565
-68.468
-68.608
-68.595
-68.322
-68.371
-68.459
-68.511
-68.428
-68.331
-68.199
-68.148
-67.848
-68.056
-67.915
-67.917
-67.804
-67.422
-67.496
-67.31
-66.973
-67
-66.749
-66.483
-66.438
-66.2
-65.784
-65.529
-65.24
-64.989
-64.99
-65.111
-65.086
-65.055
-65.168
-65.306
-64.927
-64.766
-64.827
-64.753
-64.892
-64.85
-64.683
-64.396
-64.241
-63.869
-63.814
-63.286
-63.002
-62.895
-62.643
-62.375
-61.748
-61.298
-60.929
-60.473
-60.227
-59.932
-59.693
-59.489
-59.332
-59.13
-59.001
-58.664
-58.518
-58.663
-58.262
-58.12
-58.042
-57.634
-57.351
-57.132
-56.814
-56.46
-55.999
-55.51
-55.435
-54.931
-54.204
-53.64
-53.021
-51.992
-50.556
-48.169
-45
-45
-45
-45
-45
-45
-45
-45
-45
-45
-45
-45
-45
-45
-49.077
-55.941
-61.592
-65.182
-67.991
-69.893
-71.101
-72.006
-72.84
-73.448
-74.045
-74.161
-74.597
-74.459
-74.873
-74.842
-74.838
-74.813
-75.018
-75.081
-74.985
-74.886
-75.212
-75.681
-75.618
-75.639
-75.795
-75.875
-76.054
-76.137
-76.09
-76.187
-76.227
-76.528
-76.485
-76.218
-76.092
-76.08
-76.18
-76.088
-76.511
-76.344
-76.461
-76.699
-76.959
-76.641
-76.771
-76.719
-76.912
-77.016
-77.032
-76.831
-76.885
-77.021
-76.87
-77.22
-77.5
-77.566
-77.379
-77.375
-77.462
-77.283
-76.882
-76.778
-76.714
-76.265
-76.398
-76.052
-75.59
-75.267
-75.112
-75.059
-74.808
-74.428
-74.298
-74.329
-74.512
-74.088
-73.797
-73.932
-73.709
-73.656
-73.742
-73.702
-73.26
-73.13
-73.289
-73.139
-73.207
-73.364
-73.298
-73.243
-73.026
-73.13
-72.96
-72.665
-72.492
-72.461
-72.59
-72.826
-72.74
-72.528
-72.427
-72.695
-72.734
-73.001
-73.093
-73.262
-73.365
-73.285
-73.087
-73.046
-73.188
-73.524
-73.513
-73.567
-73.516
-73.837
-73.789
-73.797
-73.672
-73.614
-73.637
-73.585
-73.606
-73.751
-74.042
-74.106
-73.998
-74.04
-73.903
-74.126
-73.974
-74.336
-74.086
-74.252
-74.764
-74.747
-74.573
-74.528
-74.641
-74.44
-74.049
-73.771
-73.738
-73.694
-73.682
-73.831
-74.269
-74.129
-74.06
-74.304
-74.464
-74.61
-74.573
-74.595
-74.416
-74.421
-74.278
-74.296
-74.226
-74.338
-74.364
-74.598
-74.487
-74.379
-74.239
-74.259
-74.418
-74.69
-74.855
-74.631
-74.409
-74.206
-74.262
-74.442
-74.496
-74.74
-75.05
-75.058
-74.934
-74.889
-74.789
-74.792
-75.014
-74.846
-75.026
-75.027
-75.109
-75.186
-75.251
-75.192
-75.535
-75.67
-75.681
-76.093
-76.077
-76.096
-76.232
-76.276
-76.552
-76.318
-76.403
-76.461
-76.286
-76.412
-76.154
-76.351
-76.491
-76.681
-76.783
-76.926
-76.806
-76.849
-76.998
-76.904
-76.828
-76.883
-77.056
-76.858
-76.801
-76.904
-77
-76.808
-76.558
-76.403
-76.616
-76.629
-76.658
-76.842
-77.081
-76.971
-77.034
-76.909
-76.858
-77.107
-76.977
-76.94
-76.925
-76.802
-76.862
-76.599
-76.351
-76.51
-76.759
-76.888
-77.086
-76.959
-77.211
-77.285
-77.235
-77.1
-77.26
-77.393
-77.419
-77.702
-77.85
-78.038
-77.979
-77.965
-78.575
-78.807
-78.712
-78.708
-78.646
-78.741
-78.709
-78.475
-78.411
-78.394
-78.554
-78.511
-78.633
-78.769
-79.049
-79.364
-79.42
-79.677
-79.81
-79.834
-80.043
-79.941
-80.076
-80.155
-80.039
-79.912
-79.832
-79.613
-79.72
-79.398
-79.483
-79.849
-79.804
-79.69
-79.836
-79.896
-79.984
-80.224
-80.065
-79.91
-80.109
-80.045
-79.951
-79.796
-79.982
-80.107
-80.037
-79.97
-79.78
-79.547
-79.5
-79.448
-79.516
