-70.334
-70.298
-70.222
-70.433
-70.387
-70.264
-70.41
-70.3
-70.49
-70.357
-70.192
-70.458
-70.519
-70.445
-70.714
-70.734
-70.737
-70.726
-70.848
-70.947
-70.835
-70.921
-70.887
-71.063
-71.061
-71.071
-71.228
-71.311
-71.005
-70.632
-70.742
-70.817
-70.862
-70.772
-70.776
-71.07
-70.83
-71.062
-70.903
-70.839
-70.94
-71.224
-71.125
-71.06
-71.036
-70.981
-71.078
-70.871
-71.232
-71.226
-71.501
-71.438
-71.607
-71.885
-72.123
-72.28
-72.385
-72.455
-72.59
-72.67
-72.561
-72.934
-73.197
-72.848
-72.929
-72.946
-73.132
-73.397
-73.623
-73.716
-73.607
-73.691
-73.528
-73.471
-73.369
-72.836
-72.266
-72.063
-72.085
-71.852
-71.814
-71.863
-71.864
-71.758
-71.849
-71.846
-71.758
-71.802
-71.79
-71.777
-71.556
-71.327
-70.899
-71.066
-71.06
-70.927
-70.679
-70.656
-70.824
-70.768
-70.67
-70.677
-71.037
-71.507
-71.249
-71.18
-71.283
-71.163
-71.307
-71.479
-71.658
-71.747
-71.854
-71.761
-71.686
-71.809
-72.069
-71.766
-71.645
-71.671
-71.502
-71.512
-71.586
-71.611
-71.675
-71.807
-71.867
-72.155
-72.068
-72.285
-72.487
-72.405
-72.59
-72.397
-72.677
-72.565
-72.651
-72.441
-72.567
-72.674
-72.647
-72.497
-72.351
-72.528
-72.818
-72.79
-72.831
-73.078
-73.364
-73.337
-73.262
-73.245
-73.21
-73.286
-73.573
-73.31
-73.486
-73.485
-73.393
-73.348
-73.746
-73.837
-73.874
-74.119
-73.959
-73.897
-73.809
-73.72
-73.784
-73.873
-73.91
-73.967
-74.245
-74.41
-74.437
-74.842
-74.577
-74.679
-74.363
-74.301
-74.136
-74.168
-74.113
-73.902
-73.607
-73.463
-73.607
-73.76
-73.832
-73.787
-73.698
-73.788
-73.741
-73.773
-73.808
-73.677
-73.831
-73.709
-73.562
-73.456
-73.523
-73.477
-73.375
-73.259
-73.337
-73.497
-73.449
-73.275
-72.999
-73.003
-72.968
-72.924
-72.948
-73.058
-72.849
-72.864
-73.003
-72.947
-73.009
-73.096
-72.81
-72.986
-73.112
-73.438
-73.469
-73.03
-72.935
-72.918
-72.87
-72.812
-72.636
-72.678
-72.752
-72.642
-72.931
-72.698
-72.855
-72.904
-73.026
-73.174
-73.092
-73.004
-72.985
-72.94
-72.741
-73.03
-72.89
-73.28
-73.279
-73.143
-73.416
-73.418
-73.553
-73.363
-73.292
-73.234
-73.348
-73.27
-73.227
-73.039
-72.676
-72.789
-72.704
-72.581
-72.805
-72.775
-72.598
-72.51
-72.871
-72.976
-72.745
-72.479
-72.297
-72.328
-72.371
-72.257
-72.125
-72.346
-72.15
-71.918
-71.981
-72.163
-72.245
-72.039
-71.828
-71.506
-71.54
-71.264
-71.411
-71.27
-71.271
-71.24
-71.43
-71.646
-71.688
-71.696
-71.59
-71.605
-71.719
-71.87
-71.947
-72.07
-72.035
-71.825
-71.75
-71.414
-71.559
-71.67
-71.659
-71.783
-71.732
-71.781
-71.75
-71.671
-71.329
-71.393
-71.3
-71.373
-71.176
-71.445
-71.622
-71.721
-71.724
-71.679
-71.583
-71.605
-71.606
-71.816
-71.957
-71.939
-71.897
-72.24
-72.253
-72.277
-72.526
-72.494
-72.725
-72.756
-72.579
-72.587
-72.784
-72.78
-72.54
-72.685
-72.813
-72.881
-73.066
-73.134
-72.882
-72.81
-72.709
-72.775
-72.852
-72.884
-73.001
-72.917
-72.705
-72.455
-72.159
-72.216
-72.627
-72.938
-72.77
-72.702
-72.598
-72.465
-72.243
-72.07
-72.174
-72.357
-72.618
-72.872
-72.805
-72.905
-72.731
-72.797
-72.807
-72.985
-72.771
-72.915
-72.793
-72.625
-72.892
-72.888
-73.288
-73.37
-73.225
-73.243
-72.95
-73.199
-73.208
-73.254
-73.408
-73.465
-73.619
-73.434
-73.083
-73.042
-73.055
-73.032
-73.129
-73.189
-72.967
-73.044
-73.134
-73.052
-73.229
-73.231
-73.331
-73.193
-73.312
-73.565
-73.394
-73.472
-73.415
-73.37
-73.161
-73.288
-73.353
-73.296
-73.512
-73.483
-73.636
-73.587
-73.61
-73.816
-73.661
-73.534
-73.353
-73.445
-73.463
-73.421
-73.376
-73.297
-73.36
-73.489
-73.397
-73.205
-73.135
-73.463
-73.959
-73.757
-73.764
-73.856
-73.666
-73.706
-73.844
-73.842
-74
-74.015
-74.054
-74.083
-73.999
-73.973
-73.947
-74.191
-74.293
-74.175
-74.343
-74.328
-74.221
-74.137
-73.966
-73.754
-73.729
-73.872
-73.991
-73.973
-74.102
-74.062
-74.128
-74.323
-74.183
-74.133
-74.211
-74.284
-74.317
-74.407
-74.731
-74.361
-74.34
-74.13
-74.116
-74.228
-74.302
-74.293
-74.234
-74.173
-74.055
-74.201
-73.811
-73.816
-73.82
-73.805
-73.66
-73.615
-73.623
-73.427
-73.395
-73.277
-72.987
-72.863
-73.195
-73.404
-73.308
-73.423
-73.387
-73.314
-73.227
-73.263
-73.01
-73.062
-73.047
-73.535
-73.514
-73.654
-73.874
-73.554
-73.461
-73.469
-73.132
-73.103
-73
-73.045
-73.396
-73.238
-73.303
-73.33
-73.108
-73.21
-72.997
-72.865
-73.089
-72.871
-73.204
-73.054
-73.458
-73.521
-73.352
-73.424
-73.37
-73.178
-73.125
-73.245
-72.977
-72.765
-72.726
-72.586
-72.383
-72.638
-72.475
-72.525
-72.441
-72.295
-72.11
-71.966
-72.035
-72.181
-72.279
-72.564
-72.498
-72.121
-72.268
-72.539
-72.424
-72.556
-72.035
-71.992
-71.833
-71.649
-71.791
-71.964
-71.788
-71.628
-71.257
-71.346
-71.384
-71.685
-71.848
-71.784
-71.578
-71.557
-71.85
-71.915
-71.682
-71.714
-71.496
-71.715
-71.875
-71.921
-72.004
-71.967
-72.057
-72.049
-71.718
-71.661
-71.983
-71.916
-71.958
-72.027
-72.203
-72.144
-71.967
-72.03
-72.087
-71.947
-71.984
-71.945
-71.978
-72.063
-72.254
-72.251
-72.055
-72.209
-72.381
-72.598
-72.622
-72.629
-72.588
-72.738
-72.607
-72.699
-72.491
-72.44
-72.126
-72.099
-71.786
-71.913
-71.85
-71.445
-71.365
-71.555
-71.669
-71.647
-71.751
-71.666
-71.433
-71.485
-71.459
-71.554
-71.705
-71.967
-71.864
-71.73
-71.916
-71.659
-71.563
-71.304
-71.651
-71.74
-71.953
-71.816
-71.838
-71.804
-71.654
-71.763
-71.385
-71.549
-71.777
-71.494
-71.555
-71.376
-71.181
-71.374
-71.311
-71.35
-71.245
-71.171
-71.252
-71.312
-71.241
-71.197
-71.173
-71.093
-71.02
-71.186
-71.066
-70.865
-70.689
-70.708
-70.603
-70.581
-70.582
-70.951
-70.697
-70.548
-70.519
-70.548
-70.648
-70.669
-70.602
-70.438
-70.365
-70.354
-70.339
-70.183
-69.987
-69.75
-69.395
-69.405
-69.296
-69.355
-69.375
-69.716
-69.482
-69.507
-69.622
-69.791
-69.75
-69.757
-70.018
-69.773
-69.672
-69.788
-69.976
-69.875
-69.837
-69.915
-70.084
-70.041
-70.233
-70.531
-72.201
-73.987
-75.714
-77.09
-77.96
-78.694
-79.087
-79.485
-79.798
-80.007
-80.122
-80.13
-80.008
-80.161
-80.2
-80.123
-79.941
-79.835
-79.987
-80.032
-79.93
-79.874
-79.789
-79.646
-79.928
-79.657
-79.583
-79.611
-79.657
-79.781
-79.417
-79.655
-79.807
-79.742
-79.727
-79.602
-79.761
-79.967
-80.041
-79.928
-79.741
-79.973
-79.727
-80.189
-80.235
-80.37
-80.335
-80.199
-80.31
-80.191
-79.999
-79.844
-80.055
-80.136
-80.241
-80.051
-80.218
-80.218
-80.116
-80.049
-80.081
-80.075
-80.214
-80.452
-80.225
-80.201
-80.002
-80.063
-80.085
-80.111
-80.017
-80.123
-80.35
-80.37
-80.274
-80.282
-80.438
-80.152
-80.095
-80.186
-80.09
-80.134
-80.205
-80.232
-80.129
-80.193
-80.237
-79.992
-80.051
-80.196
-80.13
-80.171
-80.178
-80.172
-80.14
-80.396
-80.255
-80.189
-80.224
-79.985
-80.199
-80.183
-80.156
-79.744
-79.78
-80.024
-80.069
-80.052
-80.156
-80.386
-80.293
-80.444
-80.273
-80.209
-80.259
-80.157
-80.338
-80.36
-80.294
-80.286
-80.198
-80.297
-80.127
-80.186
-80.055
-79.914
-79.974
-79.98
-79.909
-79.948
-79.762
-80.144
-80.234
-80.275
-80.08
-80.441
-80.45
-80.523
-80.445
-80.298
-80.419
-80.485
-80.309
-80.121
-79.805
-80.012
-80.076
-80.13
-80.065
-79.946
-79.665
-79.866
-79.956
-79.821
-79.872
-80.16
-80.118
-79.946
-79.786
-79.966
-79.65
-79.787
-79.712
-79.93
-79.808
-79.678
-79.819
-79.572
-79.603
-79.732
-79.53
-79.46
-79.453
-79.366
-79.38
-79.469
-79.574
-79.623
-79.918
-79.998
-80.031
-80.321
-80.137
-80.147
-80.338
-80.4
-80.317
-80.449
-80.442
-80.406
-80.445
-80.501
-80.359
-80.214
-80.054
-80.092
-80.025
-79.814
-79.71
-79.459
-79.589
-79.825
-79.966
-80.093
-80.025
-80.007
-80.234
-80.218
-80.005
-80.075
-80.486
-80.83
-80.966
-80.755
-80.784
-80.688
-80.437
-80.587
-80.512
-80.477
-80.703
-80.688
-80.67
-80.478
-80.672
-80.672
-80.714
-80.877
-80.943
-80.814
-80.981
-80.692
-80.794
-80.658
-80.875
-80.972
-80.726
-80.565
-80.59
-80.287
-80.014
-80.146
-80.244
-80.248
-80.289
-80.205
-80.201
-80.176
-80.142
-79.987
-79.539
-79.683
-79.959
-79.905
-79.982
-80.023
-79.796
-79.763
-79.922
-80.171
-80.128
-79.981
-79.879
-79.894
-79.544
-79.523
-79.53
-79.806
-79.646
-79.746
-79.963
-79.757
-79.641
-79.606
-79.7
-79.394
-79.739
-79.533
-79.798
