-64.176
-64.302
-64.342
-64.141
-64.091
-63.881
-64.014
-64.272
-64.051
-63.878
-64.053
-64.314
-64.165
-64.12
-64.034
-63.719
-63.682
-63.459
-63.629
-63.61
-63.657
-63.591
-63.568
-63.674
-63.808
-63.811
-63.663
-63.732
-63.684
-64.028
-63.75
-63.916
-63.738
-63.748
-63.639
-63.39
-63.368
-63.148
-62.864
-62.707
-62.597
-62.937
-62.842
-62.701
-62.79
-62.829
-62.91
-63.19
-63.09
-63.12
-63.529
-63.681
-63.937
-64.003
-63.963
-64.147
-64.146
-64.123
-64.148
-64.235
-64.527
-64.458
-64.499
-64.667
-64.691
-64.837
-64.652
-64.664
-64.423
-64.687
-64.688
-64.513
-64.702
-64.797
-64.589
-64.587
-64.743
-64.848
-65.102
-64.7
-64.888
-64.806
-64.85
-64.898
-64.972
-64.788
-64.727
-64.753
-64.962
-64.963
-64.836
-65.046
-65.298
-65.214
-65.367
-65.235
-65.518
-65.501
-65.86
-65.839
-66.191
-66.136
-65.944
-66.025
-65.955
-65.91
-65.656
-65.709
-65.831
-65.93
-65.783
-65.799
-65.779
-65.754
-65.839
-65.816
-65.919
-65.791
-65.653
-65.744
-65.968
-66.202
-66.175
-66.164
-66.152
-66.19
-66.259
-66.224
-66.157
-66.311
-66.362
-66.108
-66.443
-66.507
-66.722
-66.759
-66.976
-67.155
-67.431
-67.381
-67.376
-67.363
-67.381
-67.472
-67.527
-67.268
-67.539
-67.489
-67.561
-67.455
-67.45
-67.573
-67.444
-67.357
-67.326
-67.396
-67.406
-67.315
-67.643
-67.518
-67.449
-67.108
-67.08
-66.961
-66.701
-66.439
-66.456
-66.166
-65.925
-65.74
-65.541
-65.134
-64.903
-64.855
-64.789
-64.028
-63.753
-63.529
-63.424
-63.437
-63.476
-63.556
-63.259
-63.031
-63.007
-62.945
-62.76
-62.706
-62.563
-62.562
-62.507
-62.56
-62.396
-62.488
-62.467
-62.318
-62.476
-61.926
-61.847
-61.616
-61.479
-61.051
-60.936
-60.722
-62.854
-65.881
-69.203
-71.944
-73.896
-75.051
-75.778
-76.749
-77.185
-77.483
-77.392
-77.787
-77.913
-77.759
-77.875
-77.903
-77.907
-77.689
-77.55
-77.463
-77.142
-77.184
-77.379
-77.168
-77.042
-76.92
-76.676
-76.694
-76.526
-76.474
-76.399
-75.796
-75.403
-75.116
-74.667
-74.416
-74.276
-74.191
-74.204
-74.159
-74.175
-74.217
-74.494
-74.917
-74.851
-74.844
-74.902
-75.021
-75.116
-75.076
-75.199
-75.365
-75.33
-75.445
-75.619
-75.626
-75.72
-75.745
-75.706
-76.083
-75.995
-75.94
-76.236
-76.04
-75.89
-75.676
-75.649
-75.695
-75.46
-75.38
-75.359
-75.424
-75.405
-75.245
-75.803
-75.971
-75.984
-76.31
-76.679
-76.78
-77.127
-77.136
-77.498
-77.768
-77.842
-77.858
-77.702
-77.625
-77.803
-78.035
-78.148
-78.103
-78.221
-78.314
-78.061
-77.782
-78.023
-78.101
-78.15
-77.709
-77.61
-77.549
-77.417
-77.357
-77.433
-77.292
-77.29
-77.074
-77.174
-77.226
-77.354
-77.269
-77.441
-77.575
-77.849
-77.88
-77.822
-78.048
-78.293
-78.233
-78.138
-77.925
-78.082
-77.992
-77.69
-77.489
-77.39
-77.655
-77.457
-77.845
-77.928
-77.814
-77.544
-77.617
-77.545
-77.321
-77.225
-77.22
-76.728
-76.784
-76.84
-76.696
-76.42
-76.382
-76.726
-76.928
-76.911
-77.105
-77.241
-77.195
-77.495
-77.574
-77.605
-77.847
-77.872
-77.858
-77.761
-77.541
-77.208
-77.29
-76.843
-76.736
-76.785
-76.259
-75.848
-74.985
-73.983
-72.946
-72.465
-71.821
-71.311
-71.105
-70.628
-70.334
-70.213
-69.933
-69.977
-70.067
-69.773
-69.983
-70.287
-70.326
-70.301
-70.129
-70.184
-70.382
-70.225
-70.339
-70.428
-70.375
-70.547
-70.278
-70.015
-69.233
-68.506
-67.775
-66.997
-66.501
-66.075
-65.663
-65.245
-65.191
-65.243
-65.152
-65.041
-65.252
-65.487
-65.661
-65.778
-66.048
-66.213
-66.464
-66.324
-65.992
-65.789
-65.524
-65.309
-64.986
-64.728
-64.267
-64.228
-63.747
-63.292
-62.388
-61.647
-60.227
-59.281
-58.314
-57.642
-57.29
-56.961
-56.533
-56.299
-55.978
-55.785
-55.741
-55.581
-55.239
-54.922
-54.215
-53.628
-52.934
-51.671
-49.938
-46.939
-45
-45
-45
-45
-45
-45
-45
-45
-45
-45
-45
-45
-45
-45.456
-52.23
-57.8
-61.345
-64.084
-65.611
-66.312
-66.706
-66.727
-66.396
-66.193
-66.111
-65.864
-65.733
-65.751
-65.317
-64.924
-64.727
-64.726
-64.367
-64.142
-63.669
-63.347
-63.006
-62.821
-62.77
-62.559
-62.668
-62.501
-62.43
-62.17
-62.29
-62.209
-62.209
-62.297
-62.588
-62.064
-62.241
-62.315
-62.26
-62.149
-61.942
-61.865
-61.821
-62.001
-61.811
-61.391
-61.388
-60.841
-60.194
-59.514
-58.671
-57.425
-56.649
-55.868
-54.811
-53.939
-52.372
-50.923
-48.584
-45
-45
-45
-45
-45
-45
-45
-45
-45
-45
-45
-47.6
-58.69
-66.017
-69.707
-71.389
-72.052
-72.296
-72.255
-72.086
-72.236
-72.168
-71.997
-71.775
-71.801
-71.928
-72.083
-72.493
-72.355
-72.592
-72.656
-72.968
-73.072
-73.491
-73.787
-73.856
-73.905
-73.87
-73.995
-74.034
-74.149
-74.214
-73.857
-73.897
-74.031
-74.113
-73.992
-74.117
-73.287
-72.62
-72.105
-71.63
-71.257
-70.731
-70.499
-70.213
-69.979
-69.497
-69.058
-68.501
-67.858
-67.148
-66.645
-66.226
-66.473
-66.844
-67.639
-68.396
-69.205
-69.739
-70.103
-70.408
-70.741
-70.869
-71.129
-71.318
-71.499
-71.506
-72.166
-72.433
-72.341
-72.211
-72.492
-72.233
-72.007
-71.94
-72.366
-72.337
-72.251
-72.331
-72.373
-72.487
-72.471
-72.215
-72.287
-72.664
-73.011
-73.134
-73.372
-73.42
-73.513
-73.834
-74.102
-74.287
-74.215
-74.453
-74.356
-74.502
-74.598
-74.642
-74.843
-74.68
-75.09
-74.782
-74.698
-74.742
-74.771
-74.905
-74.57
-74.494
-74.421
-74.528
-74.508
-74.557
-74.464
-74.455
-74.198
-74.154
-74.543
-74.069
-74.151
-73.861
-73.991
-74.252
-74.891
-75.442
-75.704
-76.05
-76.338
-76.401
-76.677
-76.966
-77.346
-77.589
-77.708
-77.814
-77.917
-77.714
-77.736
-77.794
-77.893
-78.057
-78.016
-77.903
-77.903
-77.826
-78.074
-77.822
-77.393
-77.487
-77.149
-77.178
-77.217
-76.933
-76.584
-76.515
-76.496
-76.64
-76.686
-76.387
-76.53
-76.673
-76.866
-76.877
-76.873
-77.025
-77.288
-77.157
-77.52
-77.625
-77.524
-77.486
-77.618
-77.837
-77.913
-77.896
-78.12
-78.159
-78.075
-78.043
-77.721
-77.459
-77.497
-77.425
-77.573
-77.683
-77.53
-77.354
-77.498
-77.394
-77.506
-77.64
-77.561
-77.685
-77.788
-77.928
-77.535
-77.226
-77.275
-76.828
-76.659
-76.127
-75.805
-75.578
-75.463
-75.576
-75.346
-75.271
-75.476
-75.622
-75.657
-75.89
-76.018
-76.115
-75.98
-75.917
-75.855
-75.898
-75.975
-76.244
-76.574
-76.785
-77.13
-77.923
-77.918
-78.229
-78.214
-78.13
-78.389
-78.208
-78.45
-78.612
-78.982
-78.823
-79.031
-79.049
-78.938
-79.234
-79.264
-79.302
-79.403
-79.445
-79.482
-79.403
-79.442
-79.347
-79.283
-79.461
-79.401
-79.495
-79.657
-79.484
-79.223
-79.249
-79.213
-79.097
-79.066
-78.877
-78.422
-77.992
-78.1
-78.331
-78.23
-78.212
-78.29
-78.442
-78.585
-78.542
-78.627
-78.776
-78.814
-78.821
-78.859
-78.907
-78.869
-78.88
-79.005
-79.129
-79.378
-79.276
-79.324
-79.507
-79.628
-79.622
-79.863
-79.949
-80.093
-79.793
-79.718
-79.719
-79.934
-79.861
-79.647
-79.462
-79.33
-79.557
-79.648
-79.584
-79.638
-79.633
-79.553
-79.567
-79.587
-79.638
-79.81
-80.044
-79.926
-79.672
-79.828
-79.911
-79.875
-79.558
-79.59
-79.781
-79.584
-79.654
-79.734
-79.639
-79.786
-79.534
-79.549
-79.696
-79.629
-79.807
-79.527
-79.94
-79.869
-79.605
-79.466
-79.316
-79.376
-79.404
-79.62
-79.811
-79.781
-79.758
-79.747
-79.813
-79.762
-79.943
-80.004
-79.782
-79.857
-79.735
-79.845
-79.927
-80.204
-80.084
-79.93
-79.842
-80.014
-80.124
-80.149
-80.03
-80.238
-80.2
-80.38
-80.509
-80.505
-80.634
-80.576
-80.698
-80.538
-80.427
-80.505
-80.175
-80.054
-79.904
-80.309
-80.246
-80.379
-80.283
-80.045
-80.139
-80.184
-80.313
-80.229
-80.197
-80.278
-80.349
-80.257
-80.253
-80.056
-80.083
-80.184
-80.293
-80.364
-80.652
-80.636
-80.612
-80.512
-80.522
-80.294
-80.49
-80.516
-80.621
-80.636
-80.947
-81.165
-80.879
-81
-80.952
-80.866
-80.65
-80.733
-80.574
-80.377
-80.479
-80.229
-80.239
-80.136
-80.135
-80.089
-80.078
-80.142
-80.029
-80.176
-80.066
-80.314
-80.328
-80.421
-80.222
-80.294
-80.155
-80.147
-79.912
-79.833
-79.856
-79.945
-80.151
-80.232
-80.266
-80.408
-80.713
-80.646
-80.721
-80.675
-81.059
-80.956
-80.83
-80.673
-80.574
-80.618
-80.847
-80.765
-80.686
-80.715
-80.844
-80.93
-80.745
-80.715
-80.93
-81.056
-80.7
-80.628
-80.851
-80.807
-80.632
-80.583
-80.562
-80.58
-80.775
-80.728
-80.865
-80.968
-80.918
-81.108
-80.957
-80.754
