-68.152
-68.124
-68.127
-68.337
-68.256
-68.009
-68.016
-68.25
-67.903
-67.832
-68.225
-68.318
-68.458
-68.397
-68.641
-68.519
-68.533
-68.637
-68.413
-68.45
-68.662
-68.744
-68.715
-68.648
-68.58
-68.811
-68.876
-68.703
-68.542
-68.686
-68.706
-68.474
-68.409
-68.512
-68.343
-68.385
-68.365
-68.432
-68.423
-68.426
-68.503
-68.373
-68.065
-68.129
-68.305
-68.578
-68.204
-68.118
-68.566
-68.389
-68.183
-68.167
-68.207
-68.342
-68.293
-68.194
-68.43
-68.613
-68.476
-68.277
-68.252
-68.659
-68.631
-68.846
-69.024
-69.075
-68.788
-68.883
-68.621
-68.652
-68.517
-68.651
-68.571
-68.738
-68.644
-68.6
-68.278
-68.171
-67.88
-67.679
-66.967
-66.549
-66.16
-65.822
-65.568
-65.308
-64.823
-64.406
-63.981
-63.691
-63.457
-63.427
-63.382
-63.462
-63.523
-63.277
-63.151
-62.752
-62.836
-62.892
-62.69
-62.428
-62.342
-62.529
-62.267
-61.94
-61.263
-60.996
-60.507
-60.311
-60.211
-59.772
-59.36
-58.894
-58.613
-58.301
-57.976
-58.025
-57.725
-57.197
-56.796
-55.897
-55.384
-54.575
-53.716
-52.823
-51.835
-49.965
-46.632
-45
-45
-45
-45
-45
-45
-45
-45
-45
-45
-45
-45
-45
-45
-50.068
-56.755
-61.534
-64.925
-66.798
-67.989
-68.747
-69.221
-69.4
-69.308
-69.166
-68.987
-68.542
-68.283
-67.971
-67.814
-67.538
-67.163
-66.731
-65.897
-65.7
-65.231
-64.825
-64.32
-63.989
-63.262
-62.746
-62.545
-62.371
-62.007
-61.937
-61.86
-61.517
-61.151
-60.718
-60.864
-60.416
-60.168
-60.024
-59.859
-59.491
-58.945
-58.151
-57.843
-57.597
-57.365
-56.546
-55.907
-54.931
-54.289
-53.381
-52.498
-51.1
-49.21
-45.609
-45
-45
-45
-45
-45
-45
-45
-45
-45
-45
-45
-45
-45
-46.703
-53.632
-59.211
-63.161
-66.049
-67.845
-69.101
-70.089
-70.335
-70.508
-70.689
-70.501
-70.905
-72.356
-73.871
-75.18
-76.141
-77
-77.359
-77.755
-78.044
-78.176
-78.161
-78.434
-78.408
-78.454
-78.5
-78.79
-79.004
-78.801
-78.859
-78.935
-79.074
-78.992
-79.027
-78.802
-78.885
-78.785
-79.128
-79.027
-79.269
-79.222
-79.261
-79.33
-79.542
-79.404
-79.609
-79.644
-79.535
-79.614
-79.729
-79.761
-79.812
-79.772
-79.727
-79.591
-79.305
-79.094
-78.672
-78.468
-78.361
-78.552
-78.474
-77.981
-77.825
-77.826
-78.005
-77.939
-77.986
-78.06
-78.197
-78.252
-78.193
-77.886
-77.713
-78.064
-78.145
-78.522
-78.508
-78.906
-78.765
-79.028
-79.342
-79.338
-79.29
-79.417
-79.388
-79.45
-79.224
-79.346
-79.502
-79.645
-79.393
-79.383
-79.51
-79.24
-79.454
-79.412
-79.443
-79.56
-79.447
-79.68
-79.872
-80.08
-79.935
-79.865
-79.741
-80.159
-80.102
-79.968
-80.126
-80.143
-79.869
-80.154
-80.197
-80.275
-80.218
-80.218
-79.989
-79.926
-79.585
-79.354
-79.266
-79.14
-79.219
-79.025
-78.757
-78.763
-79.054
-78.841
-78.831
-78.894
-78.631
-78.63
-78.725
-78.709
-78.83
-78.988
-79.058
-79.066
-79.182
-79.513
-79.493
-79.398
-79.462
-79.78
-79.61
-79.607
-79.728
-79.611
-79.643
-79.594
-79.791
-79.632
-79.819
-79.671
-79.554
-79.592
-79.515
-79.468
-79.458
-79.44
-79.48
-79.68
-79.514
-79.375
-79.471
-79.656
-79.496
-79.494
-79.529
-79.678
-79.909
-79.849
-79.962
-79.981
-79.856
-79.651
-79.57
-79.468
-79.509
-79.36
-79.102
-79.062
-79.025
-79.126
-79.314
-79.203
-79.064
-79.255
-79.083
-79.326
-79.32
-79.159
-79.047
-78.951
-78.835
-78.524
-78.187
-78.419
-78.181
-78.083
-78.247
-78.304
-78.601
-78.833
-78.597
-78.678
-78.846
-78.948
-79.147
-79.107
-79.383
-79.076
-79.23
-79.16
-79.147
-79.603
-79.677
-79.319
-79.306
-79.609
-79.696
-80.045
-79.767
-79.577
-79.929
-79.861
-79.96
-79.85
-79.746
-79.521
-79.255
-79.033
-78.99
-78.75
-78.609
-78.79
-78.822
-78.713
-78.377
-78.383
-78.307
-78.411
-78.71
-78.736
-78.494
-78.629
-78.73
-78.829
-78.864
-78.714
-78.703
-78.767
-78.8
-79.032
-79.014
-79.17
-79.1
-79.312
-79.272
-79.327
-79.512
-79.291
-79.111
-79.169
-79.069
-79.131
-79.194
-79.291
-79.294
-79.288
-79.622
-79.382
-79.499
-79.69
-79.623
-79.689
-79.622
-79.459
-79.502
-79.324
-79.24
-79.107
-78.991
-78.961
-78.972
-79.132
-78.952
-78.669
-78.784
-78.788
-78.597
-78.68
-78.514
-78.607
-78.754
-78.377
-78.446
-78.029
-77.932
-77.946
-77.904
-77.954
-78.206
-78.245
-78.277
-78.17
-78.325
-78.512
-78.424
-78.42
-78.517
-78.451
-78.4
-78.793
-78.963
-78.89
-78.895
-79.167
-79.253
-79.157
-79.091
-79.171
-79.308
-79.176
-78.922
-78.874
-78.842
-78.474
-78.384
-78.277
-78.236
-78.145
-78.274
-78.127
-78.04
-77.938
-77.798
-77.873
-77.995
-77.936
-78.192
-78.352
-78.414
-78.47
-78.762
-78.904
-78.728
-78.723
-78.663
-78.621
-78.716
-78.827
-78.889
-79.018
-79.159
-79.072
-79.152
-79.073
-79.053
-78.998
-78.922
-79.135
-79.168
-79.499
-79.613
-79.401
-78.965
-78.987
-78.973
-78.843
-78.67
-78.579
-78.178
-77.975
-77.91
-77.861
-77.915
-78.014
-78.225
-78.275
-78.443
-78.622
-78.801
-78.777
-78.709
-78.923
-78.785
-78.991
-79.03
-79.106
-79.356
-79.309
-79.587
-79.547
-79.416
-79.725
-79.515
-79.75
-79.637
-79.695
-79.616
-79.647
-79.995
-79.749
-79.696
-79.218
-78.967
-78.575
-78.316
-77.984
-78.071
-77.658
-77.427
-77.388
-77.526
-77.744
-77.905
-77.903
-78.184
-78.424
-78.522
-78.554
-78.747
-78.818
-79.056
-79.059
-78.924
-78.879
-78.955
-78.839
-78.758
-78.95
-78.937
-78.931
-79.068
-79.137
-79.086
-79.296
-79.33
-79.162
-78.925
-78.33
-78.341
-78.249
-78.193
-78.45
-78.269
-78.564
-78.439
-78.391
-78.519
-78.647
-78.999
-79.077
-79.205
-79.049
-79.025
-79.108
-79.207
-79.296
-79.147
-78.97
-79.044
-78.851
-78.643
-78.714
-78.939
-78.895
-79.163
-78.902
-78.858
-78.678
-78.88
-79.205
-79.194
-79.067
-79.03
-79.174
-79.187
-79.088
-79.133
-79.257
-79.386
-79.551
-79.488
-79.736
-79.677
-79.746
-79.519
-79.394
-79.223
-79.184
-79.343
-79.585
-79.699
-79.799
-79.98
-80.059
-80.02
-79.903
-79.937
-80.226
-80.239
-79.991
-80.015
-80.179
-80.113
-80.113
-79.84
-80.093
-80.347
-79.831
-79.991
-79.909
-79.871
-79.836
-79.85
-79.837
-79.601
-79.634
-80.014
-80.079
-80.22
-80.578
-80.389
-80.128
-80.126
-79.838
-79.674
-79.754
-79.424
-79.191
-78.987
-79.017
-79.1
-78.875
-79.038
-78.981
-79.018
-78.775
-78.852
-78.965
-79.033
-79.186
-79.286
-79.102
-79.049
-79.219
-79.018
-79.097
-79.126
-79.227
-79.226
-79.194
-79.187
-79.197
-79.322
-79.544
-79.754
-79.62
-79.733
-79.856
-79.735
-79.672
-79.779
-79.912
-79.792
-79.875
-79.831
-79.801
-79.88
-80.17
-80.089
-80.11
-80.016
-79.94
-80.007
-79.709
-79.84
-79.879
-79.947
-80.29
-80.261
-79.935
-79.883
-79.975
-79.724
-79.476
-79.386
-79.576
-79.681
-79.81
-79.855
-79.733
-79.528
-79.947
-79.801
-79.751
-79.871
-79.939
-79.888
-79.925
-79.804
-79.733
-79.9
-79.938
-80.131
-80.228
-80.236
-80.372
-80.486
-80.331
-80.362
-80.416
-80.378
-80.513
-80.513
-80.829
-80.823
-80.508
-80.267
-80.384
-80.333
-80.488
-80.571
-80.684
-80.544
-80.491
-80.352
-80.622
-80.707
-80.757
-80.765
-80.518
-80.306
-79.897
-80.065
-80.066
-79.843
-79.548
-79.699
-79.721
-79.864
-79.744
-79.695
-80.073
-80.132
-80.108
-79.828
-79.973
-80.066
-79.796
-79.968
-79.957
-80.137
-80.053
-80.099
-80.165
-80.156
-80.293
-80.435
-80.437
-80.775
-80.771
-80.852
-80.725
-80.529
-80.377
-80.385
-80.478
-80.61
-80.876
-80.617
-80.632
-80.543
-80.569
-80.464
-80.421
-80.461
-80.35
-80.347
-80.496
-80.489
-80.455
-80.295
-80.125
-79.916
-79.903
-79.95
-79.919
-80.046
-80.218
-80.027
-80.1
-80.274
-80.137
-79.996
-80.004
-80.122
-80.082
-80.414
-80.868
-80.782
-80.775
-80.951
-80.642
-80.417
-80.456
-80.262
-80.115
-80.067
-80.25
-80.101
-79.919
-79.728
-79.734
-79.735
-79.664
-79.659
-79.523
-80.079
-80.094
-80.069
-80.003
-80.414
-80.448
-80.535
-80.586
-80.446
-80.188
-79.965
-79.798
-80.004
-80.051
-79.873
-80.138
-80.024
-79.666
-79.901
-79.681
-79.641
-79.691
-79.804
-80.196
-80.247
-80.072
-80.081
-80.03
-80.073
-80.083
-80.232
-80.243
-80.216
-80.209
-80.234
-80.232
-80.375
-80.467
-80.47
-80.825
-80.847
-80.91
-81.129
-80.83
-80.729
-80.643
-80.896
-80.957
-80.936
-80.699
-80.585
-80.448
-80.445
-80.787
-80.593
-80.693
-80.652
-80.793
-81.139
-81.366
-81.408
-81.496
-81.138
-81.234
-81.015
-81.165
-80.985
-80.429
