-77.887
-77.857
-77.885
-77.826
-77.797
-77.782
-77.778
-77.771
-77.75
-77.732
-77.793
-77.855
-77.936
-77.937
-78.025
-77.991
-77.962
-77.922
-77.896
-77.891
-77.852
-77.817
-77.783
-77.705
-77.647
-77.592
-77.603
-77.554
-77.547
-77.589
-77.532
-77.515
-77.522
-77.654
-77.646
-77.533
-77.544
-77.562
-77.521
-77.636
-77.573
-77.496
-77.339
-77.353
-77.2
-77.173
-77.214
-77.135
-77.088
-77
-77.037
-77.086
-77.142
-77.112
-77.053
-76.979
-76.991
-76.91
-76.778
-76.709
-76.681
-76.669
-76.621
-76.69
-76.715
-76.637
-76.53
-76.539
-76.466
-76.483
-76.347
-76.331
-76.332
-76.331
-76.342
-76.373
-76.405
-76.389
-76.425
-76.376
-76.424
-76.418
-76.409
-76.381
-76.39
-76.371
-76.434
-76.459
-76.453
-76.528
-76.515
-76.542
-76.538
-76.57
-76.589
-76.596
-76.732
-76.765
-76.758
-76.687
-76.624
-76.621
-76.564
-76.557
-76.524
-76.445
-76.368
-76.372
-76.391
-76.414
-76.493
-76.444
-76.495
-76.527
-76.527
-76.544
-76.558
-76.477
-76.523
-76.559
-76.475
-76.441
-76.374
-76.427
-76.469
-76.503
-76.49
-76.486
-76.424
-76.326
-76.311
-76.317
-76.327
-76.272
-76.313
-76.251
-76.221
-76.195
-76.234
-76.337
-76.226
-76.195
-76.213
-76.265
-76.276
-76.311
-76.33
-76.363
-76.39
-76.288
-76.242
-76.27
-76.385
-76.359
-76.46
-76.462
-76.441
-76.341
-76.287
-76.22
-76.24
-76.244
-76.219
-76.141
-76.071
-76.159
-76.064
-76.168
-76.196
-76.124
-76.226
-76.251
-76.263
-76.251
-76.378
-76.419
-76.45
-76.48
-76.458
-76.374
-76.275
-76.345
-76.363
-76.412
-76.405
-76.367
-76.326
-76.336
-76.271
-76.167
-76.206
-76.187
-76.144
-76.099
-76.128
-76.107
-76.15
-76.196
-76.224
-76.162
-76.134
-76.149
-76.188
-76.072
-76.109
-76.104
-76.155
-76.152
-76.155
-76.101
-76.112
-75.996
-76.064
-75.986
-76.064
-75.91
-75.869
-75.891
-75.877
-75.872
-75.952
-76.01
-76.051
-76.072
-76.172
-76.284
-76.236
-76.218
-76.12
-76.119
-76.024
-76.013
-75.961
-76.063
-76.062
-76.003
-76.094
-76.094
-76.116
-76.157
-76.095
-76.058
-75.923
-75.984
-75.964
-75.924
-75.917
-76.036
-76.065
-76.069
-75.986
-75.989
-75.928
-75.927
-75.964
-75.91
-75.905
-75.98
-75.965
-75.925
-75.964
-75.925
-75.967
-76
-75.932
-75.918
-75.811
-75.737
-75.736
-75.678
-75.825
-75.81
-75.813
-75.838
-75.802
-75.932
-75.984
-75.937
-75.91
-75.893
-75.95
-75.968
-75.877
-75.951
-76.009
-75.995
-75.919
-75.879
-75.846
-75.809
-75.792
-75.773
-75.784
-75.737
-75.659
-75.686
-75.613
-75.637
-75.614
-75.582
-75.519
-75.584
-75.498
-75.487
-75.42
-75.447
-75.41
-75.421
-75.43
-75.512
-75.573
-75.617
-75.631
-75.683
-75.618
-75.605
-75.501
-75.472
-75.564
-75.623
-75.601
-75.65
-75.722
-75.699
-75.643
-75.707
-75.74
-75.773
-75.838
-75.867
-75.832
-75.951
-75.876
-75.877
-75.928
-75.971
-76.017
-75.94
-75.955
-76.017
-75.987
-76.013
-76.011
-75.976
-76.049
-76.043
-75.962
-75.924
-75.92
-75.895
-75.929
-75.925
-75.873
-75.961
-75.924
-75.873
-75.868
-75.878
-75.9
-75.91
-75.884
-75.799
-75.852
-75.849
-75.902
-75.979
-75.955
-75.886
-75.976
-76.035
-75.977
-75.966
-75.996
-75.974
-76.03
-76.043
-76.004
-76.051
-76.057
-76.073
-76.15
-76.162
-76.247
-76.231
-76.283
-76.332
-76.332
-76.275
-76.346
-76.411
-76.296
-76.307
-76.345
-76.358
-76.307
-76.344
-76.376
-76.429
-76.423
-76.463
-76.528
-76.408
-76.366
-76.443
-76.401
-76.372
-76.344
-76.381
-76.312
-76.249
-76.248
-76.243
-76.1
-76.069
-76.02
-76.021
-75.968
-75.832
-75.872
-75.856
-75.84
-75.836
-75.793
-75.77
-75.821
-75.844
-75.899
-75.899
-75.883
-75.895
-75.863
-75.811
-75.89
-75.983
-75.9
-75.845
-75.768
-75.77
-75.769
-75.819
-75.722
-75.709
-75.732
-75.735
-75.689
-75.601
-75.648
-75.659
-75.682
-75.698
-75.673
-75.649
-75.594
-75.589
-75.56
-75.543
-75.537
-75.539
-75.536
-75.451
-75.484
-75.561
-75.423
-75.516
-75.608
-75.637
-75.655
-75.574
-75.664
-75.698
-75.747
-75.76
-75.862
-75.919
-75.864
-75.85
-75.841
-75.84
-75.796
-75.814
-75.845
-75.92
-75.752
-75.83
-75.868
-75.783
-75.828
-75.872
-75.804
-75.818
-75.854
-75.951
-75.987
-75.939
-75.913
-75.835
-75.803
-75.812
-75.73
-75.761
-75.737
-75.784
-75.833
-75.809
-75.857
-75.881
-75.96
-76.032
-76.055
-76.001
-76.017
-75.936
-75.87
-75.875
-75.87
-75.858
-75.89
-75.891
-75.853
-75.877
-75.912
-75.955
-75.942
-75.957
-75.981
-76.002
-76.046
-75.941
-75.972
-75.951
-75.977
-75.976
-75.945
-75.979
-75.994
-75.969
-76.014
-75.985
-76.025
-76.074
-76.207
-76.269
-76.262
-76.248
-76.199
-76.177
-76.127
-76.089
-76.113
-76.167
-76.128
-76.205
-76.278
-76.3
-76.281
-76.23
-76.284
-76.206
-76.264
-76.249
-76.3
-76.357
-76.38
-76.411
-76.341
-76.29
-76.319
-76.255
-76.191
-76.058
-76.077
-76.051
-75.995
-75.988
-75.998
-76.044
-76.053
-76.128
-76.161
-76.261
-76.364
-76.309
-76.338
-76.362
-76.458
-76.526
-76.582
-76.572
-76.724
-76.602
-76.556
-76.552
-76.566
-76.6
-76.479
-76.479
-76.513
-76.568
-76.565
-76.573
-76.635
-76.604
-76.617
-76.512
-76.565
-76.526
-76.523
-76.474
-76.348
-76.268
-76.296
-76.238
-76.282
-76.262
-76.244
-76.242
-76.135
-76.175
-76.239
-76.158
-76.172
-76.185
-76.18
-76.144
-76.15
-76.246
-76.27
-76.262
-76.272
-76.244
-76.307
-76.317
-76.291
-76.252
-76.278
-76.24
-76.305
-76.306
-76.293
-76.217
-76.193
-76.187
-76.148
-76.177
-76.191
-76.141
-76.12
-76.023
-75.99
-75.933
-75.878
-75.826
-75.918
-75.915
-75.908
-75.891
-75.895
-75.894
-75.853
-75.754
-75.782
-75.74
-75.732
-75.743
-75.782
-75.769
-75.879
-75.87
-75.831
-75.894
-75.896
-75.933
-75.935
-76.017
-75.996
-76.022
-76.039
-76.087
-76.216
-76.308
-76.245
-76.251
-76.199
-76.198
-76.206
-76.189
-76.123
-76.01
-76.037
-75.956
-76.025
-76.038
-76.033
-76.075
-76.091
-76.076
-76.124
-76.084
-76.087
-76.146
-76.183
-76.254
-76.282
-76.241
-76.314
-76.305
-76.377
-76.433
-76.474
-76.455
-76.463
-76.44
-76.414
-76.504
-76.412
-76.285
-76.259
-76.363
-76.297
-76.265
-76.302
-76.325
-76.267
-76.225
-76.231
-76.206
-76.165
-76.099
-76.117
-76.039
-76.207
-76.163
-76.059
-76.177
-76.209
-76.228
-76.302
-76.246
-76.161
-76.173
-76.213
-76.148
-76.144
-76.177
-76.214
-76.2
-76.299
-76.31
-76.368
-76.326
-76.321
-76.354
-76.305
-76.322
-76.38
-76.413
-76.393
-76.388
-76.341
-76.337
-76.383
-76.328
-76.402
-76.546
-76.555
-76.536
-76.505
-76.546
-76.575
-76.494
-76.508
-76.583
-76.538
-76.476
-76.445
-76.533
-76.55
-76.639
-76.596
-76.57
-76.627
-76.612
-76.643
-76.715
-76.672
-76.634
-76.632
-76.67
-76.697
-76.832
-76.833
-76.792
-76.781
-76.807
-76.816
-76.809
-76.761
-76.784
-76.821
-76.811
-76.736
-76.811
-76.77
-76.789
-76.781
-76.83
-76.826
-76.858
-76.888
-76.868
-76.814
-76.795
-76.831
-76.821
-76.812
-76.827
-76.745
-76.747
-76.69
-76.625
-76.585
-76.57
-76.554
-76.617
-76.71
-76.713
-76.666
-76.66
-76.604
-76.578
-76.492
-76.471
-76.571
-76.574
-76.567
-76.592
-76.621
-76.526
-76.502
-76.511
-76.466
-76.428
-76.416
-76.444
-76.383
-76.458
-76.5
-76.446
-76.456
-76.347
-76.361
-76.364
-76.374
-76.352
-76.376
-76.409
-76.366
-76.348
-76.351
-76.426
-76.467
-76.378
-76.388
-76.487
-76.515
-76.521
-76.567
-76.66
-76.693
-76.861
-76.908
-76.978
-77.05
-77.135
-77.195
-77.266
-77.285
-77.327
-77.386
-77.483
-77.556
-77.495
-77.601
-77.61
-77.738
-77.812
-77.916
-77.974
-78.069
-78.159
-78.154
-78.144
-78.299
-78.388
-78.444
-78.528
-78.569
-78.607
-78.712
-78.746
-78.825
-78.812
-78.884
-78.882
-78.909
-78.89
-78.949
-79
-79.04
-79.03
-79.05
-79.127
-79.16
-79.187
-79.256
-79.404
-79.392
-79.348
-79.346
-79.383
-79.372
-79.401
-79.402
-79.399
-79.385
-79.354
-79.436
-79.481
-79.581
-79.677
-79.633
-79.63
-79.791
-79.854
-79.797
-79.875
-79.923
-79.981
-79.992
-79.981
-79.997
-79.965
-79.977
-80.051
-80.069
-79.94
-79.903
-79.913
-79.964
-80.007
-79.958
-79.972
-80.009
-79.978
-80.012
-80.018
-80.04
-80.003
-79.991
-79.96
-79.944
-79.962
-80.043
-79.977
-79.934
-80.053
-80.16
-80.233
-80.283
-80.33
-80.324
-80.247
-80.188
-80.233
-80.19
-80.203
-80.245
-80.223
-80.182
-80.252
-80.253
-80.196
-80.147
-80.141
-80.073
-80.101
-80.052
-79.971
-79.964
-80.002
-80
-79.949
-79.932
-79.979
-79.973
-80.003
-80.025
-79.986
-79.967
-79.89
-79.871
-79.802
-79.85
-79.842
-79.868
-79.922
-79.91
-79.872
-79.744
-79.768
-79.771
-79.826
-79.845
-79.873
-79.842
-79.899
-79.95
-79.911
-80.005
-79.955
-79.875
-79.877
-79.849
-79.899
-79.92
-79.978
-79.995
-80.041
-80.113
-80.101
-80.17
-80.294
-80.348
-80.317
-80.289
-80.202
-80.122
-80.084
-80.077
-80.093
-80.149
-80.166
-80.143
-80.155
-80.152
-80.117
-80.061
-80.064
-80.09
-80.01
-79.972
-79.975
-79.895
-79.912
-79.864
-79.964
-79.928
-79.888
-79.946
-79.934
-79.971
-80.023
-79.962
-79.956
-80.067
-80.067
-80.104
-80.052
-80.148
-80.122
-80.109
-80.052
-80.017
-79.901
-79.893
-79.871
-79.93
-79.857
-79.91
-79.927
-79.893
-79.861
-79.854
-79.897
-79.91
-79.916
-79.894
-79.919
-79.891
-79.796
-79.825
-79.771
-79.778
-79.836
-79.734
-79.783
-79.667
-79.678
-79.62
-79.662
-79.619
-79.702
-79.805
-79.777
-79.811
-79.801
-79.805
-79.804
-79.784
-79.898
-79.916
-79.92
-79.994
-79.963
-80.038
-80.02
-80.037
-80.001
-79.943
-79.894
-79.893
-80.026
-79.962
-80.001
-79.976
-80.002
-80.002
-80.001
-79.924
-79.879
-79.846
-79.882
-79.85
-79.823
-79.875
-79.925
-79.988
-79.991
-79.849
-79.834
-79.857
-79.741
-79.793
-79.886
-79.97
-80.036
-80.047
-80.123
-80.074
-80.047
-80.004
-80.036
-80.017
-80.003
-80
-79.958
-79.897
-79.943
-79.874
-79.859
-79.864
-79.924
-79.867
-79.831
-79.912
-80.002
-79.994
-79.956
-79.966
-80.087
-80.112
-80.02
-80.117
-80.167
-80.143
-80.155
-80.033
-80.034
-80.011
-80.139
-80.151
-80.179
-80.169
-80.186
-80.182
-80.193
-80.162
-80.159
-80.2
-80.166
-80.079
-80.089
-80.082
-80.124
-80.185
-80.116
-80.008
-80.053
-80.1
-80.135
-80.154
-80.192
-80.17
-80.142
-80.242
-80.215
-80.234
-80.18
-80.164
-80.22
-80.169
-80.121
-80.042
-80.041
-80.11
-80.126
-80.156
-80.144
-80.131
-80.198
-80.248
-80.281
-80.222
-80.212
-80.176
-80.268
-80.335
-80.389
-80.374
-80.312
-80.336
-80.303
-80.236
-80.13
-80.025
-80.14
-80.053
-79.965
-79.901
-79.852
-79.816
-79.781
-79.73
-79.838
-79.761
-79.713
-79.678
-79.699
-79.795
-79.676
-79.609
-79.58
-79.586
-79.678
-79.663
-79.618
-79.64
-79.578
-79.596
-79.509
-79.559
-79.559
-79.553
-79.508
-79.525
-79.576
-79.658
-79.724
-79.723
-79.739
-79.751
-79.72
-79.67
-79.578
-79.62
-79.638
-79.716
-79.661
-79.796
-79.785
-79.838
-79.835
-79.859
-79.857
-79.88
-79.895
-79.918
-79.831
-79.809
-79.718
-79.766
-79.783
-79.863
-79.827
-79.81
-79.755
-79.803
-79.751
-79.716
-79.705
-79.711
-79.713
-79.836
-79.856
-79.906
-79.987
-80.013
-80.081
-80.097
-80.04
-79.967
-79.934
-79.924
-79.94
-79.961
-79.931
-79.932
-79.865
-79.871
-79.814
-79.804
-79.875
-79.825
-79.888
-79.774
-79.844
-79.806
-79.758
-79.711
-79.804
-79.779
-79.716
-79.714
-79.715
-79.8
-79.754
-79.703
-79.777
-79.818
-79.882
-79.817
-79.886
-79.833
-79.906
-79.965
-80.016
-80.08
-79.993
-80.032
-80.042
-80.023
-79.984
-79.906
-79.934
-79.998
-80.116
-80.008
-80.025
-80.012
-79.943
-79.858
-79.935
-79.917
-79.872
-79.746
-79.676
-79.69
-79.73
-79.745
-79.761
-79.75
-79.748
-79.792
-79.72
-79.655
-79.709
-79.651
-79.661
-79.599
-79.49
-79.477
-79.432
-79.392
-79.4
-79.342
-79.346
-79.331
-79.488
-79.53
-79.478
-79.509
-79.565
-79.609
-79.668
-79.711
-79.766
-79.836
-79.853
-79.834
-79.804
-79.82
-79.883
-79.862
-79.862
-79.816
-79.783
-79.884
-79.903
-79.975
-80.021
-79.936
-79.993
-79.994
-79.99
-79.939
-79.815
-79.818
-79.875
-80.006
-80.038
-80.042
-80.052
-80.039
-80.082
-80.081
-80.119
-80.013
-80.021
-80.032
-80.075
-80.1
-80.129
-80.111
-80.098
-80.022
-80.009
-79.971
-80
-80.032
-80.036
-80.042
-80.027
-80.067
-80.005
-80.079
-80.127
-80.111
-80.145
-80.163
-80.134
-80.105
-80.021
-80.02
-80.108
-79.978
-79.984
-79.993
-80.132
-80.085
-80.034
-80.039
-80.034
-80.079
-80.094
-80.096
-80.144
-80.164
-80.161
-80.142
-80.086
-80.09
-80.053
-80.03
-80.055
-80.021
-80.054
-80.094
-80.06
-80.108
-80.121
-80.163
-80.139
-80.12
-80.114
-80.106
-80.176
-80.251
-80.213
-80.223
-80.263
-80.236
-80.378
-80.387
-80.456
-80.38
-80.453
-80.395
-80.275
-80.232
-80.315
-80.239
-80.263
-80.305
-80.279
-80.227
-80.294
-80.289
-80.243
-80.259
-80.22
-80.186
-80.197
-80.249
-80.227
-80.196
-80.164
-80.243
-80.314
-80.295
-80.369
-80.316
-80.343
-80.389
-80.405
-80.279
-80.273
-80.245
-80.236
-80.205
-80.235
-80.314
-80.249
-80.24
-80.241
-80.18
-80.19
-80.17
-80.062
-80.086
-80.034
-80.075
-80.031
-79.954
-79.908
-79.9
-79.908
-79.905
-79.926
-79.976
-80.009
-80.022
-79.996
-80.042
-80.036
-80.075
-80.06
-79.941
-79.957
-79.887
-79.862
-79.804
-79.767
-79.749
-79.747
-79.708
-79.637
-79.712
-79.626
-79.593
-79.639
-79.65
-79.531
-79.495
-79.572
-79.579
-79.582
-79.578
-79.599
-79.569
-79.584
-79.544
-79.558
-79.558
-79.568
-79.586
-79.613
-79.542
-79.485
-79.521
-79.536
-79.538
-79.506
-79.554
-79.598
-79.512
-79.411
-79.445
-79.383
-79.392
-79.372
-79.336
-79.376
-79.42
-79.458
-79.444
-79.539
-79.531
-79.557
-79.515
-79.503
-79.563
-79.611
-79.639
-79.584
-79.489
-79.453
-79.539
-79.564
-79.523
-79.511
-79.588
-79.649
-79.672
-79.655
-79.607
-79.632
-79.682
-79.722
-79.73
-79.743
-79.765
-79.787
-79.763
-79.803
-79.779
-79.748
-79.76
-79.818
-79.837
-79.935
-79.955
-79.909
-79.895
-79.967
-79.981
-80.016
-79.951
-79.909
-79.853
-79.902
-79.913
-79.846
-79.87
-79.862
-79.859
-79.905
-79.914
-79.882
-79.926
-79.98
-79.99
-79.97
-79.848
-79.856
-79.868
-79.848
-79.822
-79.728
-79.795
-79.771
-79.794
-79.725
-79.768
-79.829
-79.754
-79.862
-79.961
-79.93
-79.895
-79.837
-79.811
-79.808
-79.88
-79.918
-79.856
-79.808
-79.755
-79.828
-79.742
-79.821
-79.802
-79.71
-79.613
-79.705
-79.739
-79.743
-79.8
-79.875
-79.948
-79.968
-79.983
-79.989
-79.97
-79.987
-79.972
-80.018
-79.979
-80.073
-80.131
-80.162
-80.031
-80.043
-79.977
-79.961
-79.974
-79.974
-80.091
-80.055
-79.979
-79.984
-80.008
-80.02
-79.93
-79.823
-79.877
-79.728
-79.617
-79.613
-79.672
-79.661
-79.672
-79.765
-79.805
-79.775
-79.761
-79.855
-79.767
-79.778
-79.788
-79.824
-79.765
-79.81
-79.815
-79.82
-79.785
-79.82
-79.766
-79.721
-79.727
-79.801
-79.828
-79.821
-79.826
-79.71
-79.689
-79.727
-79.693
-79.658
-79.609
-79.653
-79.705
-79.657
-79.669
-79.577
-79.636
-79.638
-79.704
-79.605
-79.546
-79.515
-79.524
-79.607
-79.639
-79.697
-79.732
-79.86
-79.872
-79.861
-79.866
-79.907
-79.819
-79.749
-79.724
-79.695
-79.649
-79.696
-79.763
-79.871
-79.854
-79.798
-79.836
-79.914
-79.788
-79.838
-79.805
-79.818
-79.793
-79.715
-79.731
-79.793
-79.815
-79.834
-79.889
-79.873
-79.892
-79.91
-79.889
-79.88
-79.887
-79.969
-79.925
-79.967
-79.923
-79.885
-79.89
-79.886
-79.955
-80.013
-80.074
-80.095
-80.117
-80.195
-80.129
-80.108
-80.193
-80.127
-80.145
-80.204
-80.231
-80.237
-80.199
-80.143
-80.155
-80.178
-80.116
-80.101
-80.063
-80.014
-80.063
-80.071
-80.159
-80.143
-80.239
-80.159
-80.074
-79.957
-79.984
-79.937
-80.053
-80.085
-80.169
-80.242
-80.345
-80.368
-80.329
-80.301
-80.348
-80.412
-80.426
-80.438
-80.441
-80.448
-80.456
-80.431
-80.504
-80.513
-80.523
-80.491
-80.512
-80.502
-80.43
-80.445
-80.496
-80.582
-80.608
-80.602
-80.581
-80.574
-80.575
-80.601
-80.552
-80.547
-80.668
-80.665
-80.716
-80.614
-80.644
-80.68
-80.729
-80.737
-80.688
-80.72
-80.685
-80.607
-80.563
-80.591
-80.571
-80.524
-80.455
-80.478
-80.47
-80.459
-80.552
-80.582
-80.648
-80.652
-80.708
-80.703
-80.688
-80.675
-80.707
-80.735
-80.637
-80.664
-80.67
-80.629
-80.646
-80.678
-80.663
-80.633
-80.582
-80.603
-80.577
-80.544
-80.536
-80.482
-80.457
-80.382
-80.366
-80.376
-80.351
-80.398
-80.445
-80.412
-80.434
-80.482
-80.505
-80.389
-80.324
-80.379
-80.365
-80.459
-80.459
-80.476
-80.516
-80.43
-80.437
-80.458
-80.417
-80.427
-80.443
-80.425
-80.477
-80.481
-80.542
-80.471
-80.428
-80.395
-80.324
-80.326
-80.341
-80.304
-80.192
-80.239
-80.268
-80.372
-80.276
-80.268
-80.34
-80.445
-80.452
-80.467
-80.459
-80.471
-80.424
-80.544
-80.581
-80.583
-80.594
-80.585
-80.579
-80.69
-80.745
-80.739
-80.714
-80.714
-80.705
-80.711
-80.738
-80.654
-80.595
-80.552
-80.581
-80.578
-80.586
-80.594
-80.582
-80.55
-80.537
-80.473
-80.487
-80.516
-80.394
-80.351
-80.307
-80.282
-80.281
-80.311
-80.256
-80.302
-80.286
-80.235
-80.261
-80.243
-80.196
-80.242
-80.273
-80.241
-80.183
-80.229
-80.241
-80.304
-80.295
-80.353
-80.374
-80.307
-80.313
-80.302
-80.261
-80.24
-80.231
-80.295
-80.267
-80.265
-80.279
-80.306
-80.3
-80.32
-80.34
-80.385
-80.478
-80.563
-80.537
-80.551
-80.528
-80.435
-80.441
-80.371
-80.363
-80.365
-80.261
-80.284
-80.264
-80.296
-80.275
-80.212
-80.244
-80.148
-80.153
-80.108
-80.177
-80.129
-80.188
-80.242
-80.356
-80.354
-80.355
-80.288
-80.277
-80.236
-80.278
-80.314
-80.334
-80.323
-80.228
-80.277
-80.258
-80.313
-80.237
-80.307
-80.264
-80.276
-80.241
-80.194
-80.175
-80.154
-80.15
-80.214
-80.304
-80.322
-80.418
-80.342
-80.454
-80.537
-80.522
-80.547
-80.458
-80.413
-80.404
-80.467
-80.474
-80.48
-80.409
-80.422
-80.427
-80.465
-80.473
-80.472
-80.552
-80.494
-80.437
-80.318
-80.363
-80.327
-80.235
-80.249
-80.245
-80.249
-80.301
-80.337
-80.365
-80.3
-80.262
-80.235
-80.256
-80.273
-80.224
-80.163
-80.16
-80.212
-80.265
-80.246
-80.272
-80.317
-80.31
-80.33
-80.32
-80.312
-80.252
-80.314
-80.225
-80.238
-80.292
-80.298
-80.335
-80.337
-80.456
-80.397
-80.434
-80.387
-80.428
-80.456
-80.482
-80.476
-80.427
-80.399
-80.335
-80.335
-80.391
-80.388
-80.484
-80.455
-80.412
-80.434
-80.488
-80.485
-80.473
-80.457
-80.377
-80.439
-80.509
-80.468
-80.473
-80.41
-80.414
-80.389
-80.344
-80.267
-80.265
-80.287
-80.279
-80.293
-80.277
-80.185
-80.159
-80.169
-80.287
-80.281
-80.292
-80.276
-80.291
-80.347
-80.344
-80.308
-80.303
-80.313
-80.327
-80.306
-80.224
-80.304
-80.305
-80.297
-80.284
-80.265
-80.283
-80.214
-80.172
-80.139
-80.093
-80.052
-80.053
-80.028
-80.072
-80.04
-79.922
-79.962
-79.948
-79.826
-79.89
-79.882
-79.925
-79.982
-79.992
-79.964
-80.053
-80.082
-80.091
-80.032
-80.007
-79.974
-80.008
-79.94
-79.916
-79.968
-79.941
-79.959
-79.948
-79.854
-79.812
-79.819
-79.816
-79.814
-79.742
-79.691
-79.641
-79.661
-79.677
-79.598
-79.607
-79.601
-79.639
-79.667
-79.647
-79.698
-79.699
-79.701
-79.761
-79.79
-79.839
-79.919
-79.953
-80.008
-80.092
-80.077
-80.178
-80.184
-80.117
-80.162
-80.196
-80.154
-80.086
-80.034
-80.007
-80.103
-79.984
-79.916
-79.91
-79.852
-79.826
-79.828
-79.889
-79.845
-79.919
-79.856
-79.888
-79.838
-79.881
-79.832
-79.78
-79.811
-79.847
-79.827
-79.814
-79.779
-79.693
-79.73
-79.654
-79.635
-79.725
-79.727
-79.755
-79.677
-79.614
-79.605
-79.625
-79.652
-79.586
-79.535
-79.572
-79.534
-79.62
-79.671
-79.715
-79.719
-79.775
-79.764
-79.678
-79.628
-79.647
-79.68
-79.674
-79.649
-79.733
-79.742
-79.641
-79.682
-79.629
-79.572
-79.558
-79.581
-79.56
-79.57
-79.573
-79.578
-79.531
-79.544
-79.565
-79.513
-79.518
-79.512
-79.548
-79.535
-79.539
-79.57
-79.538
-79.569
-79.513
-79.673
-79.639
-79.661
-79.718
-79.793
-79.805
-79.711
-79.662
-79.713
-79.635
-79.64
-79.713
-79.731
-79.721
-79.746
-79.789
-79.763
-79.753
-79.692
-79.734
-79.661
-79.639
-79.697
-79.702
-79.783
-79.743
-79.737
-79.695
-79.646
-79.645
-79.603
-79.554
-79.57
-79.475
-79.42
-79.317
-79.261
-79.213
-79.293
-79.305
-79.281
-79.244
-79.227
-79.336
-79.375
-79.367
-79.391
-79.44
-79.388
-79.34
-79.338
-79.295
-79.326
-79.272
-79.243
-79.225
-79.208
-79.18
-79.211
-79.131
-79.205
-79.218
-79.214
-79.318
-79.328
-79.37
-79.411
-79.356
-79.308
-79.292
-79.344
-79.404
-79.426
-79.424
-79.357
-79.351
-79.29
-79.247
-79.203
-79.285
-79.341
-79.351
-79.362
-79.38
-79.373
-79.456
-79.513
-79.527
-79.548
-79.514
-79.469
-79.5
-79.5
-79.556
-79.487
-79.456
-79.411
-79.498
-79.49
-79.421
-79.441
-79.494
-79.455
-79.236
-79.138
-79.141
-79.052
-79.007
-79.12
-79.069
-79.075
-79.157
-79.221
-79.248
-79.209
-79.212
-79.142
-79.016
-79.019
-78.993
-79.023
-79.059
-79.01
-79.073
-79.077
-79.165
-79.22
-79.14
-79.11
-79.186
-79.144
-79.158
-79.194
-79.362
-79.406
-79.427
-79.435
-79.399
-79.392
-79.512
-79.547
-79.483
-79.473
-79.542
-79.651
-79.625
-79.618
-79.732
-79.652
-79.594
-79.657
-79.697
-79.698
-79.686
-79.697
-79.647
-79.659
-79.637
-79.727
-79.792
-79.77
-79.758
-79.709
-79.712
-79.736
-79.649
-79.669
-79.706
-79.742
-79.794
-79.833
-79.847
-79.867
-79.732
-79.663
-79.666
-79.719
-79.712
-79.779
-79.783
-79.717
-79.724
-79.648
-79.528
-79.577
-79.544
-79.601
-79.551
-79.563
-79.519
-79.521
-79.634
-79.607
-79.622
-79.538
-79.553
-79.604
-79.638
-79.67
-79.652
-79.648
-79.54
-79.451
-79.507
-79.533
-79.586
-79.485
-79.397
-79.478
-79.482
-79.475
-79.529
-79.592
-79.589
-79.597
-79.612
-79.672
-79.706
-79.688
-79.703
-79.692
-79.645
-79.684
-79.708
-79.651
-79.634
-79.672
-79.778
-79.885
-79.813
-79.798
-79.814
-79.751
-79.721
-79.695
-79.771
-79.866
-79.871
-79.832
-79.914
-79.906
-79.983
-79.971
-79.917
-79.855
-79.767
-79.716
-79.72
-79.663
-79.663
-79.584
-79.622
-79.689
-79.684
-79.671
-79.667
-79.637
-79.632
-79.62
-79.667
-79.701
-79.62
-79.586
-79.518
-79.47
-79.468
-79.399
-79.422
-79.473
-79.523
-79.457
-79.452
-79.433
-79.415
-79.409
-79.465
-79.476
-79.437
-79.45
-79.419
-79.352
-79.447
-79.41
-79.483
-79.447
-79.448
-79.479
-79.442
-79.57
-79.615
-79.562
-79.659
-79.657
-79.716
-79.771
-79.774
-79.745
-79.757
-79.822
-79.88
-79.804
-79.805
-79.837
-79.894
-80.003
-80.012
-79.961
-79.957
-79.978
-80.037
-80.025
-80.044
-80.111
-80.184
-80.199
-80.207
-80.206
-80.166
-80.162
-80.179
-80.179
-80.235
-80.302
-80.29
-80.397
-80.345
-80.248
-80.294
-80.27
-80.25
-80.216
-80.222
-80.243
-80.249
-80.184
-80.106
-80.088
-80.096
-80.073
-80.092
-80.044
-80.104
-80.089
-80.048
-80.075
-80.059
-79.934
-79.833
-79.845
-79.739
-79.708
-79.648
-79.563
-79.492
-79.502
-79.49
-79.569
-79.623
-79.643
-79.786
-79.821
-79.761
-79.837
-79.778
-79.797
-80.051
-80.12
-80.114
-80.09
-79.942
-79.917
-79.932
-79.895
-80.018
-80.062
-80.084
-80.132
-80.187
-80.187
-80.233
-80.138
-80.279
-80.298
-80.309
-80.346
-80.417
-80.375
-80.432
-80.361
-80.39
-80.334
-80.314
-80.32
-80.32
-80.406
-80.366
-80.295
-80.306
-80.338
-80.389
-80.353
-80.383
-80.482
-80.51
-80.506
-80.5
-80.479
-80.412
-80.415
-80.337
-80.35
-80.42
-80.397
-80.366
-80.426
-80.448
-80.45
-80.474
-80.353
-80.345
-80.351
-80.323
-80.289
-80.254
-80.294
-80.356
-80.252
-80.153
-80.185
-80.132
-80.126
-80.145
-80.143
-80.171
-80.157
-79.991
-80.011
-79.929
-79.902
-79.959
-79.976
-79.954
-79.961
-79.986
-80.035
-80.088
-80.093
-80.05
-80.039
-80.103
-80.024
-79.987
-79.997
-80.071
-80.009
-79.961
-79.928
-79.91
-79.861
-79.791
-79.895
-79.892
-79.921
-79.933
-79.923
-79.981
-80.049
-80.045
-79.976
-79.882
-79.86
-79.777
-79.804
-79.777
-79.729
-79.691
-79.698
-79.68
-79.697
-79.729
-79.712
-79.687
-79.749
-79.688
-79.732
-79.761
-79.66
-79.639
-79.68
-79.698
-79.729
-79.801
-79.765
-79.715
-79.713
-79.765
-79.802
-79.815
-79.756
-79.704
-79.688
-79.665
-79.636
-79.6
-79.636
-79.563
-79.53
-79.497
-79.51
-79.549
-79.58
-79.51
-79.569
-79.521
-79.509
-79.405
-79.343
-79.283
-79.307
-79.288
-79.245
-79.31
-79.259
-79.248
-79.304
-79.386
-79.406
-79.419
-79.364
-79.382
-79.453
-79.448
-79.499
-79.48
-79.474
-79.517
-79.484
-79.51
-79.435
-79.467
-79.523
-79.489
-79.543
-79.487
-79.5
-79.432
-79.533
-79.535
-79.491
-79.5
-79.533
-79.587
-79.603
-79.592
-79.566
-79.598
-79.668
-79.714
-79.733
-79.762
-79.834
-79.86
-79.869
-79.815
-79.854
-79.872
-79.841
-79.844
-79.791
-79.761
-79.736
-79.706
-79.796
-79.874
-79.899
-79.843
-79.823
-79.763
-79.786
-79.774
-79.814
-79.818
-79.805
-79.852
-79.854
-79.836
-79.919
-79.957
-79.942
-79.995
-79.997
-79.934
-79.908
-79.828
-79.775
-79.775
-79.761
-79.837
-79.941
-80.043
-80.114
-80.11
-80.166
-80.087
-80.019
-80.014
-79.963
-79.947
-79.944
-79.891
-79.835
-79.898
-79.955
-79.933
-79.884
-79.822
-79.815
-79.88
-79.974
-80.007
-79.983
-79.982
-79.965
-79.95
-79.874
-79.925
-79.986
-80.079
-80.059
-80.103
-80.027
-80.055
-80.094
-80.103
-80.161
-80.117
-80.149
-80.088
-80.106
-80.2
-80.28
-80.381
-80.359
-80.268
-80.14
-80.169
-80.227
-80.22
-80.283
-80.305
-80.354
-80.254
-80.228
-80.24
-80.233
-80.298
-80.264
-80.248
-80.201
-80.209
-80.241
-80.232
-80.112
-80.129
-80.167
-80.184
-80.272
-80.249
-80.206
-80.226
-80.191
-80.253
-80.247
-80.292
-80.337
-80.318
-80.272
-80.22
-80.207
-80.168
-80.064
-80.08
-80.055
-80.152
-80.196
-80.179
-80.226
-80.316
-80.335
-80.336
-80.252
-80.304
-80.276
-80.363
-80.382
-80.403
-80.383
-80.372
-80.375
-80.385
-80.314
-80.24
-80.222
-80.151
-80.164
-80.172
-80.138
-80.104
-80.057
-80.111
-80.182
-80.263
-80.284
-80.115
-80.027
-80.03
-80.038
-80.05
-80.065
-79.996
-80.028
-79.981
-80.022
-80.017
-80.073
-79.982
-80.006
-80.031
-80.022
-80.078
-80.137
-80.121
-80.066
-80.097
-80.008
-79.973
-79.933
-79.906
-79.809
-79.863
-79.92
-79.939
-79.946
-79.96
-79.967
-79.944
-79.913
-79.974
-80.011
-80.179
-80.181
-80.218
-80.187
-80.128
-80.156
-80.041
-80.083
-80.086
-80.162
-80.192
-80.176
-80.162
-80.165
-80.155
-80.212
-80.223
-80.158
-80.161
-80.041
-79.947
-79.949
-80.007
-79.95
-79.963
-79.929
-79.876
-79.877
-79.907
-79.902
-79.83
-79.789
-79.768
-79.814
-79.819
-79.758
-79.791
-79.839
-79.811
-79.791
-79.795
-79.821
-79.749
-79.841
-79.784
-79.772
-79.82
-79.954
-79.943
-79.965
-80.01
-80.098
-80.054
-80.116
-80.097
-80.045
-80.012
-80.028
-79.964
-79.906
-79.864
-79.898
-79.876
-80.064
-80.205
-80.255
-80.252
-80.201
-80.279
-80.346
-80.33
-80.322
-80.426
-80.569
-80.53
-80.519
-80.479
-80.493
-80.494
-80.551
-80.445
-80.402
-80.379
-80.326
-80.342
-80.354
-80.439
-80.479
-80.463
-80.472
-80.515
-80.498
-80.493
-80.437
-80.462
-80.478
-80.454
-80.545
-80.567
-80.502
-80.431
-80.387
-80.418
-80.414
-80.482
-80.542
-80.571
-80.606
-80.537
-80.557
-80.43
-80.437
-80.424
-80.337
-80.351
-80.284
-80.321
-80.264
-80.26
-80.243
-80.297
-80.315
-80.389
-80.304
-80.335
-80.415
-80.297
-80.231
-80.254
-80.179
-80.267
-80.25
-80.364
-80.43
-80.428
-80.415
-80.304
-80.398
-80.399
-80.44
-80.526
-80.563
-80.518
-80.555
-80.622
-80.621
-80.571
-80.603
-80.682
-80.657
-80.659
-80.598
-80.644
-80.653
-80.616
-80.536
-80.519
-80.51
-80.552
-80.594
-80.483
-80.527
-80.507
-80.401
-80.303
-80.284
-80.258
-80.215
-80.248
-80.222
-80.25
-80.274
-80.218
-80.288
-80.302
-80.252
-80.185
-80.088
-80.001
-79.971
-79.955
-79.966
-79.953
-79.893
-79.947
-80.014
-80.072
-80.171
-80.167
-80.115
-80.094
-80.134
-80.169
-80.234
-80.27
-80.235
-80.231
-80.298
-80.204
-80.227
-80.169
-80.156
-80.153
-80.204
-80.151
-80.113
-80.072
-80.006
-80.051
-79.977
-79.998
-80.023
-80.09
-80.037
-79.996
-79.984
-79.994
-80.002
-79.911
-79.996
-80.011
-80.006
-79.97
-79.87
-79.85
-79.888
-79.876
-79.916
-80.077
-80.043
-80.077
-80.075
-80.058
-79.958
-79.947
-79.975
-79.964
-79.972
-80.022
-79.973
-79.884
-79.842
-79.872
-79.872
-79.896
-79.914
-79.741
-79.804
-79.789
-79.801
-79.82
-79.789
-79.788
-79.814
-79.848
-79.875
-79.807
-79.749
-79.716
-79.811
-79.733
-79.796
-79.829
-79.763
-79.747
-79.726
-79.647
-79.686
-79.567
-79.534
-79.643
-79.608
-79.522
-79.498
-79.471
-79.493
-79.484
-79.522
-79.494
-79.476
-79.485
-79.564
-79.593
-79.518
-79.572
-79.593
-79.613
-79.639
-79.576
-79.524
-79.55
-79.604
-79.619
-79.64
-79.721
-79.697
-79.584
-79.454
-79.424
-79.269
-79.306
-79.348
-79.342
-79.392
-79.379
-79.388
-79.356
-79.363
-79.308
-79.225
-79.251
-79.276
-79.286
-79.347
-79.328
-79.423
-79.421
-79.455
-79.532
-79.527
-79.559
-79.614
-79.657
-79.682
-79.709
-79.647
-79.618
-79.582
-79.532
-79.499
-79.532
-79.557
-79.513
-79.484
-79.648
-79.695
-79.781
-79.758
-79.74
-79.725
-79.694
-79.713
-79.668
-79.683
-79.681
-79.747
-79.734
-79.666
-79.596
-79.638
-79.6
-79.55
-79.613
-79.592
-79.582
-79.595
-79.59
-79.583
-79.53
-79.463
-79.591
-79.565
-79.623
-79.554
-79.455
-79.391
-79.412
-79.39
-79.33
-79.348
-79.413
-79.444
-79.434
-79.491
-79.57
-79.611
-79.68
-79.655
-79.599
-79.607
-79.719
-79.845
-79.901
-79.888
-79.884
-79.846
-79.758
-79.831
-79.846
-79.891
-79.979
-80.017
-80.005
-80.007
-80.034
-80.03
-79.984
-79.92
-79.892
-79.977
-80.09
-80.089
-80.11
-80.059
-80.062
-80
-80.01
-80.073
-80.134
-80.059
-80.124
-80.084
-80.08
-80.12
-80.124
-80.063
-80.028
-79.991
-79.98
-79.913
-79.9
-79.946
-79.919
-80.007
-79.902
-79.929
-79.943
-79.857
-79.868
-79.876
-79.863
-79.761
-79.838
-79.953
-79.962
-79.997
-80.102
-80.198
-80.183
-80.099
-80.078
-80.164
-80.115
-80.162
-80.15
-80.151
-80.118
-80.083
-80.076
-80.057
-80.059
-80.046
-80.006
-79.993
-80.057
-80.087
-80.13
-80.162
-80.152
-80.156
-80.156
-80.068
-80.132
-80.069
-80.106
-80.157
-80.281
-80.334
-80.387
-80.392
-80.342
-80.244
-80.211
-80.14
-80.157
-80.172
-80.127
-80.18
-80.168
-80.192
-80.225
-80.229
-80.245
-80.359
-80.34
-80.283
-80.284
-80.267
-80.259
-80.358
-80.36
-80.465
-80.485
-80.565
-80.601
-80.655
-80.65
-80.693
-80.739
-80.845
-80.805
-80.787
-80.764
-80.688
-80.725
-80.76
-80.759
-80.801
-80.703
-80.687
-80.649
-80.649
-80.677
-80.655
-80.56
-80.632
-80.64
-80.788
-80.727
-80.707
-80.699
-80.677
-80.642
-80.686
-80.723
-80.692
-80.734
-80.805
-80.757
-80.7
-80.588
-80.528
-80.502
-80.529
-80.624
-80.61
-80.703
-80.757
-80.69
-80.749
-80.712
-80.716
-80.745
-80.721
-80.719
-80.764
-80.744
-80.803
-80.784
-80.811
-80.809
-80.782
-80.807
-80.837
-80.847
-80.86
-80.818
-80.772
-80.867
-80.998
-80.994
-80.988
-81.075
-80.963
-81.048
-81.038
-81.073
-81.084
-81.12
-81.161
-81.053
-81.02
-81.033
-81.101
-81.087
-81.073
-81.066
-81.046
-81.014
-81.067
-81.086
-81.039
-81.019
-80.969
-81.045
-81.017
-80.954
-80.872
-80.914
-80.91
-80.942
-80.884
-80.905
-80.87
-80.956
-80.958
-81.027
-80.96
-80.821
-80.897
-80.841
-80.868
-80.879
-80.805
-80.788
-80.789
-80.785
-80.752
-80.725
-80.714
-80.71
-80.659
-80.609
-80.719
-80.852
-80.835
-80.833
-80.817
-80.825
-80.844
-80.781
-80.756
-80.673
-80.654
-80.652
-80.732
-80.794
-80.81
-80.82
-80.863
-80.825
-80.817
-80.766
-80.73
-80.781
-80.806
-80.774
-80.861
-80.799
-80.743
-80.711
-80.672
-80.737
-80.739
-80.698
-80.69
-80.608
-80.617
-80.609
-80.515
-80.477
-80.463
-80.392
-80.351
-80.349
-80.354
-80.358
-80.343
-80.267
-80.182
-80.136
-80.103
-80.062
-80.04
-80.109
-80.053
-80.027
-80.077
-80.03
-80.137
-80.116
-80.163
-80.164
-80.089
-80.016
-80.044
-80.11
-80.115
-80.141
-80.232
-80.124
-80.107
-80.183
-80.239
-80.36
-80.352
-80.322
-80.355
-80.361
-80.337
-80.307
-80.325
-80.291
-80.296
-80.304
-80.279
-80.108
-80.148
-80.127
-80.086
-80.017
-80.01
-80.078
-80.035
-80.079
-80.103
-80.211
-80.241
-80.242
-80.22
-80.081
-80.089
-80.063
-80.113
-80.082
-80.031
-80.083
-79.983
-80.023
-80.021
-80.06
-80.014
-80.007
-79.959
-79.963
-79.878
-79.866
-79.845
-79.748
-79.762
-79.789
-79.818
-79.753
-79.712
-79.615
-79.557
-79.565
-79.484
-79.435
-79.409
-79.406
-79.321
-79.293
-79.204
-79.22
-79.278
-79.22
-79.244
-79.216
-79.234
-79.288
-79.228
-79.144
-79.146
-79.064
-79.083
-79.026
-79.058
-79.089
-79.122
-79.11
-79.141
-79.124
-79.102
-79.104
-79.043
-79.046
-79.057
-79.118
-79.078
-79.038
-79.16
-79.251
-79.296
-79.23
-79.331
-79.299
-79.402
-79.43
-79.432
-79.48
-79.411
-79.433
-79.49
-79.446
-79.354
-79.372
-79.404
-79.417
-79.407
-79.438
-79.532
-79.519
-79.494
-79.49
-79.502
-79.467
-79.516
-79.509
-79.537
-79.612
-79.678
-79.701
-79.725
-79.731
-79.799
-79.885
-79.864
-79.817
-79.803
-79.877
-79.881
-79.874
-79.883
-79.714
-79.705
-79.66
-79.672
-79.649
-79.663
-79.65
-79.758
-79.771
-79.808
-79.76
-79.782
-79.836
-79.836
-79.854
-79.769
-79.83
-79.972
-79.924
-79.913
-79.843
-79.906
-79.859
-79.931
-79.918
-79.903
-79.903
-79.889
-79.849
-79.923
-79.862
-79.887
-79.984
-80.088
-80.176
-80.157
-80.096
-80.033
-80.036
-80.052
-80.109
-80.003
-80.101
-80.063
-80.073
-80.024
-79.958
-79.971
-79.958
-79.899
-79.889
-79.937
-79.964
-79.95
-80
-80.014
-79.969
-79.946
-79.991
-79.988
-79.91
-79.922
-80.019
-80.108
-80.128
-80.15
-80.119
-80.135
-80.116
-80.112
-80.109
-80.117
-80.044
-80.049
-80.013
-80.047
-80.067
-80.092
-80.107
-80.157
-80.25
-80.289
-80.184
-80.258
-80.25
-80.203
-80.214
-80.292
-80.35
-80.394
-80.363
-80.438
-80.471
-80.441
-80.459
-80.415
-80.427
-80.443
-80.459
-80.509
-80.462
-80.373
-80.425
-80.418
-80.387
-80.355
-80.383
-80.419
-80.417
-80.471
-80.588
-80.537
-80.552
-80.546
-80.449
-80.501
-80.5
-80.519
-80.538
-80.604
-80.638
-80.653
-80.64
-80.589
-80.56
-80.563
-80.536
-80.527
-80.619
-80.581
-80.668
-80.577
-80.471
-80.466
-80.455
-80.45
-80.477
-80.372
-80.325
-80.35
-80.361
-80.355
-80.371
-80.304
-80.241
-80.34
-80.291
-80.223
-80.163
-80.142
-80.109
-80.111
-80.045
-80.041
-80.063
-80.065
-80.09
-80.081
-80.077
-80.09
-80.084
-80.04
-79.996
-80.021
-80.055
-79.947
-79.957
-79.955
-80.009
-79.955
-79.958
-79.975
-79.95
-79.91
-79.934
-79.921
-80.01
-80.009
-80.014
-80.084
-80.043
-79.989
-80.02
-80.006
-79.946
-79.999
-80.028
-80.061
-80.039
-80.115
-80.141
-80.228
-80.2
-80.139
-80.197
-80.246
-80.261
-80.327
-80.223
-80.185
-80.195
-80.192
-80.215
-80.212
-80.298
-80.5
-80.444
-80.487
-80.413
-80.44
-80.369
-80.394
-80.468
-80.5
-80.488
-80.458
-80.332
-80.302
-80.197
-80.223
-80.229
-80.173
-80.202
-80.232
-80.317
-80.297
-80.314
-80.359
-80.375
-80.313
-80.324
-80.423
-80.426
-80.413
-80.462
-80.411
-80.33
-80.4
-80.441
-80.398
-80.454
-80.421
-80.527
-80.463
-80.456
-80.464
-80.463
-80.476
-80.53
-80.428
-80.404
-80.483
-80.585
-80.604
-80.57
-80.517
-80.425
-80.427
-80.482
-80.49
-80.423
-80.423
-80.324
-80.278
-80.174
-80.262
-80.241
-80.271
-80.21
-80.153
-80.174
-80.157
-80.164
-80.115
-80.07
-80.041
-79.974
-80.027
-79.917
-79.929
-79.919
-79.904
-79.818
-79.812
-79.842
-79.828
-79.847
-79.858
-79.853
-79.888
-80.068
-80.07
-80.115
-80.134
-80.167
-80.193
-80.168
-80.193
-80.132
-80.179
-80.22
-80.269
-80.182
-80.141
-79.993
-79.973
-80.062
-80.008
-80.064
-80.125
-80.177
-80.104
-80.155
-80.13
-80.044
-80.008
-79.975
-79.942
-79.907
-79.964
-79.997
-79.967
-80.028
-80.001
-80.134
-80.203
-80.125
-80.214
-80.313
-80.355
-80.392
-80.428
-80.403
-80.448
-80.529
-80.503
-80.419
-80.443
-80.509
-80.474
-80.513
-80.574
-80.584
-80.605
-80.637
-80.71
-80.655
-80.756
-80.742
-80.709
-80.783
-80.772
-80.864
-80.904
-80.914
-80.868
-80.845
-80.871
-80.863
-80.948
-80.999
-80.986
-80.966
-80.976
-80.969
-81.044
-81.032
-80.984
-81.017
-81.001
-80.98
-80.976
-80.927
-80.926
-80.981
-81.083
-80.981
-80.95
-80.949
-80.895
-80.883
-80.868
-80.893
-80.828
-80.749
-80.73
-80.769
-80.814
-80.814
-80.892
-80.844
-80.788
-80.786
-80.819
-80.844
-80.894
-80.933
-80.971
-81.058
-81.015
-81.064
-81.092
-81.09
-81.134
-81.085
-81.163
-81.108
-81.077
-80.941
-80.978
-80.933
-80.848
-80.824
-80.87
-80.845
-80.874
-80.799
-80.871
-80.867
-80.863
-80.856
-80.987
-80.888
-80.843
-80.905
-80.871
-80.873
-80.823
-80.839
-80.865
-80.857
-80.837
-80.916
-80.935
-80.842
-80.833
-80.888
-80.943
-80.845
-80.846
-80.829
-80.942
-80.996
-80.992
-81.056
-81.002
-80.982
-81.029
-81.057
-80.971
-80.995
-81.023
-81.123
-81.091
-81.084
-81.145
-81.075
-81.03
-81.033
-81.053
-81.118
-81.08
-81.125
-81.119
-81.063
-80.989
-80.971
-80.963
-81.001
-80.993
-80.997
-81.031
-80.985
-81.025
-81.027
-81.011
-81.025
-81.05
-81.123
-81.071
-81.016
-80.907
-80.952
-80.982
-81.015
-81.007
-81.085
-81.032
-81.023
-80.975
-81.02
-80.938
-81.054
-81.082
-81.149
-81.168
-81.146
-81.257
-81.199
-81.268
-81.361
-81.301
-81.28
-81.236
-81.217
-81.178
-81.106
-81.086
-81.126
-81.134
-81.137
-81.224
-81.259
-81.269
-81.297
-81.288
-81.209
-81.137
-81.125
-81.155
-81.223
-81.213
-81.349
-81.288
-81.269
-81.271
-81.325
-81.162
-81.249
-81.207
-81.127
-81.245
-81.255
-81.32
-81.392
-81.424
-81.434
-81.395
-81.408
-81.378
-81.379
-81.363
-81.345
-81.397
-81.484
-81.501
-81.547
-81.521
-81.565
-81.596
-81.668
-81.667
-81.7
-81.605
-81.578
-81.585
-81.534
-81.55
-81.595
-81.571
-81.548
-81.633
-81.71
-81.694
-81.758
-81.806
-81.859
-81.858
-81.819
-81.821
-81.839
-81.853
-81.9
-81.935
-81.862
-81.986
-81.982
-81.973
-81.993
-82.013
-81.928
-81.834
-81.884
-81.903
-81.889
-81.805
-81.797
-81.782
-81.719
-81.667
-81.622
-81.635
-81.569
-81.582
-81.629
-81.655
-81.654
-81.663
-81.72
-81.737
-81.658
-81.664
-81.697
-81.784
-81.797
-81.757
-81.755
-81.715
-81.692
-81.764
-81.733
-81.743
-81.78
-81.84
-81.792
-81.799
-81.798
-81.778
-81.778
-81.862
-81.837
-81.818
-81.879
-82.005
-81.969
-81.882
-81.822
-81.816
-81.725
-81.662
-81.61
-81.564
-81.511
-81.483
-81.439
-81.45
-81.436
-81.453
-81.487
-81.516
-81.489
-81.437
-81.38
-81.35
-81.377
-81.362
-81.349
-81.283
-81.236
-81.265
-81.313
-81.429
-81.445
-81.415
-81.463
-81.473
-81.527
-81.522
-81.558
-81.558
-81.58
-81.456
-81.516
-81.57
-81.541
-81.611
-81.552
-81.598
-81.623
-81.618
-81.572
-81.612
-81.65
-81.667
-81.666
-81.614
-81.676
-81.627
-81.692
-81.672
-81.582
-81.542
-81.604
-81.706
-81.71
-81.664
-81.685
-81.702
-81.7
-81.75
-81.768
-81.751
-81.708
-81.689
-81.714
-81.643
-81.677
-81.759
-81.801
-81.826
-81.814
-81.819
-81.877
-81.873
-81.915
-81.786
-81.774
-81.75
-81.75
-81.768
-81.756
-81.798
-81.826
-81.774
-81.696
-81.625
-81.629
-81.595
-81.583
-81.595
-81.588
-81.616
-81.557
-81.478
-81.488
-81.39
-81.448
-81.401
-81.407
-81.44
-81.373
-81.369
-81.298
-81.38
-81.4
-81.337
-81.363
-81.388
-81.239
-81.198
-81.154
-81.142
-81.194
-81.276
-81.305
-81.318
-81.305
-81.382
-81.398
-81.287
-81.281
-81.252
-81.221
-81.191
-81.143
-81.138
-81.115
-81.122
-81.094
-81.103
-81.159
-81.28
-81.263
-81.228
-81.198
-81.182
-81.056
-81.077
-81.032
-81.007
-80.986
-81.054
-80.943
-80.908
-80.862
-80.898
-80.912
-80.856
-80.928
-80.898
-81.041
-81.056
-81.109
-81.109
-81.086
-80.97
-80.944
-81.023
-81.059
-81.059
-81.007
-80.918
-80.909
-80.977
-80.883
-80.798
-80.774
-80.773
-80.773
-80.697
-80.658
-80.654
-80.664
-80.679
-80.635
-80.652
-80.717
-80.667
-80.673
-80.709
-80.672
-80.681
-80.732
-80.685
-80.626
-80.639
-80.655
-80.586
-80.58
-80.528
-80.482
-80.508
-80.54
-80.548
-80.514
-80.525
-80.484
-80.441
-80.46
-80.481
-80.462
-80.46
-80.431
-80.426
-80.427
-80.433
-80.462
-80.4
-80.411
-80.381
-80.394
-80.501
-80.476
-80.418
-80.372
-80.372
-80.301
-80.289
-80.396
-80.462
-80.526
-80.524
-80.506
-80.468
-80.44
-80.453
-80.407
-80.431
-80.42
-80.538
-80.597
-80.603
-80.604
-80.672
-80.553
-80.524
-80.458
-80.364
-80.244
-80.235
-80.197
-80.097
-80.046
-80.005
-80.043
-80.074
-80.128
-80.17
-80.232
-80.268
-80.24
-80.309
-80.261
-80.269
-80.378
-80.38
-80.373
-80.301
-80.298
-80.24
-80.227
-80.242
-80.151
-80.128
-80.192
-80.059
-80.059
-79.996
-79.948
-79.903
-79.873
-79.952
-79.934
-79.887
-79.831
-79.845
-79.807
-79.795
-79.747
-79.691
-79.764
-79.805
-79.825
-79.851
-79.846
-79.807
-79.79
-79.658
-79.64
-79.641
-79.64
-79.626
-79.611
-79.527
-79.589
-79.646
-79.578
-79.521
-79.463
-79.509
-79.46
-79.505
-79.44
-79.481
-79.565
-79.601
-79.594
-79.628
-79.586
-79.627
-79.67
-79.664
-79.606
-79.602
-79.628
-79.558
-79.517
-79.555
-79.523
-79.538
-79.494
-79.496
-79.467
-79.401
-79.446
-79.398
-79.435
-79.473
-79.525
-79.58
-79.599
-79.565
-79.523
-79.522
-79.507
-79.484
-79.531
-79.509
-79.585
-79.651
-79.62
-79.655
-79.683
-79.653
-79.585
-79.618
-79.617
-79.639
-79.712
-79.666
-79.663
-79.716
-79.731
-79.85
-79.841
-79.824
-79.782
-79.719
-79.716
-79.719
-79.749
-79.695
-79.694
-79.714
-79.655
-79.677
-79.648
-79.61
-79.59
-79.564
-79.585
-79.539
-79.558
-79.584
-79.543
-79.624
-79.627
-79.683
-79.712
-79.662
-79.673
-79.7
-79.742
-79.703
-79.771
-79.747
-79.676
-79.694
-79.715
-79.728
-79.727
-79.704
-79.742
-79.716
-79.719
-79.708
-79.735
-79.65
-79.596
-79.625
-79.524
-79.499
-79.437
-79.37
-79.38
-79.302
-79.269
-79.308
-79.234
-79.293
-79.246
-79.229
-79.272
-79.327
-79.323
-79.238
-79.208
-79.189
-79.139
-79.134
-79.096
-79.043
-79
-79.036
-78.938
-78.969
-78.868
-78.877
-78.784
-78.754
-78.702
-78.649
-78.648
-78.66
-78.704
-78.694
-78.652
-78.574
-78.505
-78.466
-78.497
-78.472
-78.35
-78.33
-78.393
-78.354
-78.283
-78.316
-78.356
-78.27
-78.149
-78.035
-78.055
-77.97
-77.945
-77.932
-77.965
-77.901
-77.929
-77.953
-77.905
-77.791
-77.781
-77.699
-77.675
-77.695
-77.667
-77.674
-77.702
-77.699
-77.737
-77.576
-77.554
-77.519
-77.501
-77.483
-77.54
-77.509
-77.446
-77.47
-77.459
-77.421
-77.468
-77.367
-77.324
-77.325
-77.322
-77.414
-77.417
-77.375
-77.458
-77.411
-77.501
-77.54
-77.511
-77.453
-77.338
-77.339
-77.303
-77.462
-77.498
-77.574
-77.609
-77.655
-77.705
-77.72
-77.758
-77.801
-77.875
-77.907
-77.971
-77.974
-77.964
-77.936
-78.023
-78.113
-78.168
-78.116
-78.147
-78.233
-78.188
-78.192
-78.236
-78.246
-78.215
-78.212
-78.192
-78.33
-78.33
-78.393
-78.414
-78.453
-78.508
-78.517
-78.627
-78.688
-78.799
-78.775
-78.778
-78.853
-78.777
-78.771
-78.825
-78.787
-78.822
-78.761
-78.882
-78.952
-79.014
-78.932
-78.956
-78.971
-78.885
-78.888
-78.927
-78.984
-78.896
-78.988
-79.004
-78.949
-78.931
-78.989
-79.043
-79.073
-79.158
-79.179
-79.183
-79.32
-79.349
-79.373
-79.441
-79.425
-79.471
-79.39
-79.38
-79.482
-79.509
-79.545
-79.596
-79.57
-79.576
-79.577
-79.594
-79.526
-79.489
-79.541
-79.573
-79.586
-79.616
-79.617
-79.695
-79.731
-79.704
-79.728
-79.774
-79.727
-79.809
-79.783
-79.725
-79.713
-79.763
-79.743
-79.664
-79.618
-79.691
-79.645
-79.646
-79.667
-79.616
-79.695
-79.665
-79.667
-79.669
-79.611
-79.616
-79.597
-79.518
-79.616
-79.655
-79.695
-79.632
-79.655
-79.638
-79.643
-79.652
-79.593
-79.517
-79.503
-79.469
-79.454
-79.492
-79.538
-79.476
-79.518
-79.454
-79.416
-79.552
-79.488
-79.536
-79.535
-79.582
-79.535
-79.547
-79.616
-79.65
-79.629
-79.71
-79.757
-79.675
-79.608
-79.613
-79.675
-79.675
-79.583
-79.57
-79.585
-79.488
-79.483
-79.577
-79.56
-79.56
-79.549
-79.621
-79.658
-79.703
-79.757
-79.755
-79.73
-79.808
-79.729
-79.661
-79.669
-79.656
-79.643
-79.673
-79.637
-79.697
-79.658
-79.605
-79.592
-79.635
-79.828
-79.815
-79.818
-79.817
-79.822
-79.839
-79.852
-79.874
-79.841
-79.917
-79.937
-79.925
-79.995
-79.962
-79.95
-79.983
-80.02
-80.095
-80.095
-80.115
-80.081
-80.057
-80.073
-79.997
-79.981
-80.05
-80.019
-80.042
-80.04
-80.035
-79.999
-79.964
-79.912
-79.891
-79.864
-79.851
-79.93
-79.948
-79.88
-79.915
-79.972
-79.935
-79.905
-79.981
-79.967
-79.949
-79.847
-80.01
-79.958
-79.888
-79.887
-79.831
-79.869
-79.902
-79.901
-79.843
-79.825
-79.873
-79.82
-79.712
-79.759
-79.788
-79.798
-79.85
-79.795
-79.8
-79.841
-79.835
-79.805
-79.832
-79.848
-79.816
-79.77
-79.807
-79.829
-79.837
-79.853
-79.875
-79.813
-79.84
-79.797
-79.762
-79.782
-79.784
-79.864
-79.884
-79.776
-79.738
-79.68
-79.664
-79.552
-79.511
-79.477
-79.367
-79.342
-79.404
-79.397
-79.391
-79.471
-79.425
-79.447
-79.512
-79.572
-79.647
-79.625
-79.702
-79.645
-79.554
-79.579
-79.484
-79.537
-79.543
-79.533
-79.462
-79.475
-79.515
-79.377
-79.316
-79.285
-79.274
-79.239
-79.298
-79.25
-79.293
-79.277
-79.21
-79.218
-79.263
-79.297
-79.332
-79.338
-79.442
-79.499
-79.492
-79.458
-79.471
-79.499
-79.44
-79.562
-79.596
-79.595
-79.626
-79.646
-79.634
-79.679
-79.717
-79.722
-79.809
-79.834
-79.843
-79.834
-79.838
-79.852
-79.826
-79.82
-79.791
-79.778
-79.789
-79.778
-79.81
-79.868
-79.882
-79.901
-79.842
-79.891
-79.912
-79.893
-79.788
-79.832
-79.867
-79.899
-79.909
-79.847
-79.867
-79.781
-79.769
-79.762
-79.705
-79.667
-79.662
-79.668
-79.677
-79.682
-79.658
-79.689
-79.739
-79.684
-79.696
-79.639
-79.671
-79.694
-79.719
-79.663
-79.696
-79.769
-79.817
-79.783
-79.808
-79.752
-79.756
-79.767
-79.85
-79.91
-79.862
-79.863
-79.85
-79.816
-79.783
-79.789
-79.84
-79.923
-79.903
-79.916
-79.926
-79.93
-79.917
-79.908
-79.939
-79.854
-79.933
-79.873
-79.96
-80.049
-80.049
-80.031
-80.054
-80.064
-80.077
-80.097
-80.058
-80.076
-79.969
-80.052
-80.097
-80.155
-80.202
-80.237
-80.223
-80.28
-80.24
-80.337
-80.229
-80.271
-80.305
-80.221
-80.282
-80.288
-80.319
-80.254
-80.261
-80.335
-80.423
-80.361
-80.286
-80.27
-80.22
-80.1
-80.197
-80.18
-80.186
-80.111
-80.113
-80.138
-80.151
-80.151
-80.08
-80.033
-80.103
-80.175
-80.148
-80.176
-80.216
-80.277
-80.336
-80.359
-80.348
-80.319
-80.283
-80.3
-80.31
-80.347
-80.226
-80.268
-80.321
-80.335
-80.356
-80.3
-80.332
-80.329
-80.348
-80.263
-80.198
-80.242
-80.173
-80.132
-80.106
-80.046
-80.064
-80.057
-79.995
-79.957
-80.047
-79.978
-79.876
-79.858
-79.795
-79.827
-79.8
-79.809
-79.847
-79.829
-79.837
-79.778
-79.697
-79.688
-79.684
-79.689
-79.676
-79.735
-79.798
-79.813
-79.87
-79.878
-79.844
-79.898
-79.765
-79.852
-79.889
-79.964
-79.891
-79.919
-79.925
-80.002
-80.023
-80.003
-80.077
-80.087
-80.081
-80.081
-80.169
-80.164
-80.138
-80.09
-80.113
-80.117
-80.181
-80.153
-80.142
-80.098
-80.125
-80.104
-80.154
-80.194
-80.103
-80.067
-80.096
-80.048
-80.019
-79.998
-80.014
-80.017
-80.035
-79.976
-80.001
-79.971
-79.911
-79.914
-79.88
-79.868
-79.885
-80.026
-80.023
-80.006
-79.952
-79.929
-79.969
-79.875
-79.84
-79.728
-79.746
-79.658
-79.673
-79.579
-79.578
-79.565
-79.585
-79.591
-79.592
-79.715
-79.741
-79.811
-79.833
-79.827
-79.83
-79.749
-79.734
-79.761
-79.785
-79.756
-79.779
-79.666
-79.713
-79.657
-79.731
-79.642
-79.605
-79.658
-79.722
-79.818
-79.805
-79.803
-79.873
-79.979
-79.969
-79.956
-79.989
-79.993
-79.973
-79.956
-79.919
-79.923
-79.937
-79.986
-80.012
-80.035
-80.085
-80.094
-80.088
-80.095
-80.09
-80.155
-80.14
-80.179
-80.152
-80.117
-80.143
-80.208
-80.22
-80.164
-80.127
-80.065
-79.992
-79.919
-79.981
-79.959
-79.927
-80.005
-80.067
-80.088
-79.948
-79.837
-79.766
-79.772
-79.772
-79.751
-79.796
-79.785
-79.78
-79.715
-79.678
-79.608
-79.701
-79.631
-79.694
-79.617
-79.531
-79.471
-79.428
-79.436
-79.403
-79.434
-79.48
-79.463
-79.483
-79.48
-79.45
-79.459
-79.439
-79.513
-79.525
-79.458
-79.486
-79.465
-79.439
-79.408
-79.417
-79.438
-79.409
-79.481
-79.469
-79.482
-79.489
-79.505
-79.475
-79.473
-79.503
-79.505
-79.522
-79.487
-79.526
-79.545
-79.616
-79.748
-79.74
-79.664
-79.699
-79.8
-79.784
-79.792
-79.744
-79.73
-79.814
-79.749
-79.761
-79.792
-79.822
-79.834
-79.788
-79.762
-79.857
-79.856
-79.8
-79.848
-79.887
-79.895
-79.926
-79.903
-79.935
-79.998
-79.977
-79.999
-79.881
-79.953
-79.874
-79.968
-80.089
-80.065
-80.029
-79.945
-79.935
-79.995
-79.941
-79.961
-79.995
-80.037
-80.047
-80.061
-80.097
-80.203
-80.248
-80.263
-80.225
-80.274
-80.329
-80.277
-80.267
-80.206
-80.27
-80.305
-80.354
-80.398
-80.388
-80.433
-80.44
-80.393
-80.396
-80.394
-80.368
-80.318
-80.328
-80.349
-80.342
-80.433
-80.375
-80.379
-80.433
-80.379
-80.288
-80.313
-80.26
-80.247
-80.186
-80.268
-80.278
-80.215
-80.156
-80.151
-80.143
-80.098
-80.163
-80.223
-80.196
-80.127
-80.148
-80.107
-80.177
-80.178
-80.185
-80.179
-80.189
-80.227
-80.218
-80.196
-80.281
-80.189
-80.216
-80.24
-80.289
-80.392
-80.325
-80.387
-80.407
-80.461
-80.381
-80.463
-80.497
-80.457
-80.449
-80.429
-80.434
-80.417
-80.454
-80.539
-80.483
-80.518
-80.536
-80.393
-80.415
-80.425
-80.395
-80.372
-80.379
-80.286
-80.18
-80.181
-80.173
-80.112
-80.086
-80.101
-80.072
-80.094
-80.103
-80.032
-80.037
-80.057
-80.094
-80.074
-79.972
-80.055
-80.078
-80.04
-80.089
-80.098
-80.1
-80.081
-80.009
-80.056
-80.02
-80.013
-79.994
-79.978
-79.975
-79.996
-79.956
-79.881
-79.977
-79.984
-80.024
-80.064
-80.026
-80.101
-80.069
-80.08
-80.085
-80.033
-79.98
-79.965
-79.912
-79.855
-79.825
-79.822
-79.797
-79.834
-79.778
-79.614
-79.586
-79.633
-79.595
-79.574
-79.62
-79.573
-79.559
-79.551
-79.577
-79.548
-79.584
-79.54
-79.467
-79.45
-79.508
-79.548
-79.5
-79.472
-79.522
-79.53
-79.564
-79.651
-79.64
-79.597
-79.682
-79.635
-79.61
-79.691
-79.651
-79.668
-79.679
-79.726
-79.656
-79.619
-79.641
-79.716
-79.647
-79.692
-79.751
-79.77
-79.879
-79.911
-79.854
-79.75
-79.781
-79.828
-79.866
-79.889
-79.965
-79.976
-79.994
-80.063
-80.124
-80.034
-80.08
-80.072
-80.022
-80.007
-80.033
-80.068
-79.947
-79.929
-79.907
-79.978
-79.995
-80.013
-80.007
-80.124
-80.081
-80.084
-80.169
-80.139
-80.103
-80.183
-80.185
-80.208
-80.246
-80.152
-80.168
-80.199
-80.228
-80.166
-80.142
-80.141
-80.088
-80.08
-80.086
-80.078
-80.148
-80.221
-80.28
-80.305
-80.281
-80.245
-80.306
-80.29
-80.236
-80.266
-80.187
-80.232
-80.241
-80.231
-80.292
-80.283
-80.216
-80.167
-80.133
-80.112
-80.104
-80.068
-80.049
-80.172
-80.258
-80.212
-80.232
-80.18
-80.154
-80.177
-80.149
-80.22
-80.231
-80.226
-80.205
-80.14
-80.193
-80.191
-80.183
-80.188
-80.182
-80.093
-80.166
-80.107
-80.098
-80.116
-79.998
-80.029
-80.086
-80.089
-80.114
-80.139
-80.186
-80.11
-80.104
-80.095
-80.128
-80.113
-80.057
-79.945
-79.913
-79.959
-79.963
-79.938
-79.923
-79.823
-79.854
-79.873
-79.852
-79.877
-79.75
-79.724
-79.607
-79.634
-79.47
-79.508
-79.488
-79.516
-79.53
-79.51
-79.465
-79.505
-79.528
-79.578
-79.58
-79.526
-79.567
-79.499
-79.453
-79.39
-79.358
-79.367
-79.432
-79.382
-79.517
-79.423
-79.497
-79.433
-79.398
-79.384
-79.401
-79.389
-79.414
-79.386
-79.221
-79.211
-79.125
-79.076
-79.094
-79.089
-79.058
-79.112
-79.13
-79.195
-79.267
-79.35
-79.377
-79.336
-79.346
-79.353
-79.387
-79.367
-79.436
-79.432
-79.382
-79.341
-79.373
-79.357
-79.312
-79.32
-79.317
-79.225
-79.199
-79.186
-79.206
-79.187
-79.284
-79.289
-79.316
-79.332
-79.361
-79.45
-79.481
-79.484
-79.548
-79.685
-79.663
-79.651
-79.686
-79.653
-79.686
-79.657
-79.756
-79.656
-79.639
-79.623
-79.556
-79.619
-79.722
-79.8
-79.785
-79.813
-79.845
-79.846
-79.808
-79.845
-79.891
-79.894
-79.878
-79.818
-79.834
-79.765
-79.786
-79.861
-79.799
-79.843
-79.886
-79.924
-79.854
-79.804
-79.838
-79.77
-79.878
-79.974
-80.045
-80.093
-80.124
-80.198
-80.149
-80.163
-80.211
-80.282
-80.23
-80.211
-80.195
-80.201
-80.208
-80.194
-80.146
-80.159
-80.187
-80.135
-80.119
-80.113
-80.239
-80.239
-80.277
-80.229
-80.179
-80.142
-80.109
-80.135
-80.085
-80.021
-79.961
-79.975
-79.989
-80.019
-80.049
-80.033
-80.099
-80.071
-80.035
-80.02
-80.104
-80.092
-80.061
-80.045
-79.967
-79.836
-79.723
-79.732
-79.713
-79.732
-79.855
-79.937
-79.964
-79.966
-79.964
-79.921
-79.817
-79.826
-79.788
-79.777
-79.867
-79.798
-79.804
-79.829
-79.816
-79.759
-79.906
-79.933
-79.924
-79.834
-79.861
-79.885
-79.959
-79.924
-79.887
-79.902
-79.873
-79.802
-79.763
-79.858
-79.845
-79.854
-79.882
-79.859
-79.876
-79.885
-79.834
-79.79
-79.859
-79.853
-79.836
-79.822
-79.799
-79.884
-80.01
-79.956
-79.925
-79.873
-79.92
-80.001
-80.077
-80.082
-80.182
-80.187
-80.211
-80.195
-80.224
-80.172
-80.069
-80.047
-79.998
-79.914
-79.905
-79.873
-79.822
-79.822
-79.678
-79.681
-79.713
-79.703
-79.683
-79.667
-79.76
-79.801
-79.872
-79.895
-79.906
-79.894
-79.867
-79.803
-79.814
-79.758
-79.759
-79.826
-79.819
-79.828
-79.824
-79.867
-79.899
-79.906
-79.785
-79.835
-79.858
-79.896
-79.918
-79.91
-79.92
-79.878
-79.926
-79.912
-79.861
-79.836
-79.894
-79.883
-79.913
-79.802
-79.733
-79.764
-79.761
-79.802
-79.823
-79.816
-79.798
-79.718
-79.664
-79.751
-79.661
-79.623
-79.604
-79.645
-79.668
-79.739
-79.692
-79.705
-79.711
-79.696
-79.644
-79.681
-79.654
-79.738
-79.82
-79.881
-79.895
-79.867
-79.902
-79.874
-79.841
-79.736
-79.734
-79.692
-79.695
-79.688
-79.602
-79.564
-79.558
-79.543
-79.524
-79.531
-79.493
-79.52
-79.591
-79.572
-79.681
-79.632
-79.648
-79.705
-79.696
-79.588
-79.595
-79.543
-79.644
-79.618
-79.622
-79.65
-79.609
-79.597
-79.496
-79.545
-79.478
-79.46
-79.448
-79.526
-79.52
-79.485
-79.424
-79.402
-79.461
-79.488
-79.551
-79.618
-79.651
-79.607
-79.577
-79.515
-79.466
-79.506
-79.635
-79.562
-79.626
-79.635
-79.664
-79.598
-79.657
-79.655
-79.608
-79.623
-79.718
-79.741
-79.761
-79.748
-79.714
-79.718
-79.664
-79.531
-79.556
-79.583
-79.587
-79.595
-79.577
-79.614
-79.664
-79.839
-79.82
-79.769
-79.781
-79.779
-79.759
-79.768
-79.832
-79.835
-79.774
-79.641
-79.646
-79.593
-79.647
-79.661
-79.751
-79.708
-79.756
-79.752
-79.838
-79.842
-79.881
-79.848
-79.817
-79.756
-79.799
-79.899
-79.851
-79.798
-79.797
-79.917
-79.957
-80.06
-80.001
-79.995
-79.984
-80.039
-80.023
-80.033
-79.996
-80.055
-80.11
-80.037
-79.999
-79.983
-79.944
-80.003
-80.033
-80.048
-80.183
-80.069
-80.058
-80.043
-79.982
-79.943
-79.933
-79.898
-79.887
-79.904
-79.916
-79.912
-79.862
-79.889
-79.931
-79.942
-79.918
-79.875
-79.988
-79.936
-80.025
-79.991
-79.998
-79.937
-79.953
-79.948
-79.992
-79.971
-79.964
-80.016
-80.007
-79.976
-80.045
-80.008
-79.945
-80.017
-80.001
-79.988
-80.018
-80.069
-80.003
-79.916
-79.872
-79.834
-79.788
-79.819
-79.848
-79.808
-79.805
-79.803
-79.85
-79.869
-79.916
-79.928
-79.977
-79.922
-79.924
-79.954
-79.967
-79.913
-79.962
-79.906
-79.901
-79.868
-79.873
-79.948
-79.98
-79.978
-79.97
-79.967
-80.007
-79.965
-79.994
-80.036
-80.029
-80.041
-80.043
-80.043
-80.095
-80.052
-80.077
-80.001
-80.045
-80.009
-80.014
-80.156
-80.107
-80.097
-80.12
-80.088
-80.105
-80.148
-80.215
-80.31
-80.237
-80.238
-80.217
-80.252
-80.24
-80.116
-80.121
-80.105
-80.152
-80.124
-80.067
-80.016
-79.965
-80
-80.008
-80.028
-80.029
-80.084
-80.114
-80.04
-80.082
-80.07
-80.182
-80.161
-80.103
-80.1
-80.095
-80.102
-80.046
-80.142
-80.182
-80.193
-80.161
-80.184
-80.245
-80.27
-80.241
-80.112
-80.164
-80.229
-80.266
-80.222
-80.318
-80.23
-80.255
-80.247
-80.357
-80.376
-80.361
-80.296
-80.367
-80.325
-80.329
-80.377
-80.418
-80.367
-80.319
-80.316
-80.237
-80.24
-80.204
-80.283
-80.27
-80.305
-80.284
-80.183
-80.125
-80.163
-80.118
-80.087
-79.968
-79.96
-80.001
-80.05
-80.095
-80.084
-80.043
-80.084
-80.144
-80.118
-80.104
-80.157
-80.132
-80.194
-80.143
-80.173
-80.181
-80.197
-80.167
-80.159
-80.115
-80.186
-80.124
-80.181
-80.162
-80.232
-80.211
-80.177
-80.177
-80.16
-80.154
-80.166
-80.224
-80.119
-80.106
-80.14
-80.117
-80.13
-80.157
-80.171
-80.148
-80.168
-80.156
-80.023
-80.092
-80.119
-80.046
-80.072
-80.075
-80.157
-80.122
-80.123
-80.073
-80.104
-80.099
-80.11
-80.06
-80.007
-80.086
-79.983
-79.897
-79.928
-79.942
-79.944
-79.951
-79.919
-79.874
-79.969
-79.934
-79.939
-79.891
-79.873
-79.851
-79.871
-79.829
-79.812
-79.81
-79.897
-79.826
-79.757
-79.791
-79.87
-79.877
-79.86
-79.79
-79.794
-79.873
-79.848
-79.82
-79.822
-79.709
-79.762
-79.647
-79.675
-79.675
-79.651
-79.747
-79.76
-79.726
-79.701
-79.844
-79.763
-79.81
-79.867
-79.8
-79.758
-79.748
-79.807
-79.767
-79.711
-79.732
-79.759
-79.777
-79.822
-79.948
-79.991
-80.031
-80.017
-79.934
-79.978
-79.988
-80.023
-80.014
-80.105
-80.153
-80.113
-80.148
-80.151
-80.211
-80.197
-80.159
-80.177
-80.125
-80.067
-80.082
-80.099
-80.096
-80.127
-80.268
-80.309
-80.282
-80.483
-80.566
-80.52
-80.535
-80.573
-80.578
-80.54
-80.51
-80.542
-80.535
-80.428
-80.436
-80.395
-80.424
-80.441
-80.426
-80.484
-80.466
-80.561
-80.453
-80.461
-80.49
-80.484
-80.438
-80.441
-80.513
-80.458
-80.472
-80.5
-80.546
-80.623
-80.677
-80.701
-80.697
-80.612
-80.645
-80.573
-80.595
-80.624
-80.633
-80.622
-80.616
-80.683
-80.65
-80.582
-80.537
-80.504
-80.442
-80.416
-80.463
-80.37
-80.412
-80.355
-80.253
-80.327
-80.332
-80.361
-80.395
-80.396
-80.38
-80.414
-80.379
-80.423
-80.388
-80.435
-80.427
-80.405
-80.418
-80.549
-80.558
-80.531
-80.456
-80.483
-80.421
-80.443
-80.53
-80.544
-80.495
-80.503
-80.512
-80.469
-80.396
-80.365
-80.31
-80.277
-80.333
-80.352
-80.362
-80.281
-80.269
-80.218
-80.299
-80.33
-80.359
-80.276
-80.43
-80.457
-80.369
-80.335
-80.369
-80.457
-80.362
-80.402
-80.445
-80.424
-80.372
-80.311
-80.324
-80.351
-80.195
-80.225
-80.279
-80.291
-80.215
-80.182
-80.212
-80.146
-80.143
-80.123
-80.162
-80.208
-80.236
-80.201
-80.2
-80.226
-80.229
-80.275
-80.174
-80.197
-80.178
-80.217
-80.26
-80.275
-80.185
-80.125
-80.043
-80.039
-80.119
-80.059
-80.091
-80.035
-80.055
-80.073
-80.054
-80.072
-80.08
-80.127
-80.202
-80.126
-80.048
-80.112
-80.109
-80.066
-80.128
-80.15
-80.131
-80.192
-80.126
-80.124
-80.167
-80.264
-80.178
-80.177
-80.158
-80.091
-80.111
-80.089
-80.038
-79.987
-79.993
-80.058
-80.045
-80.067
-80.065
-80.15
-80.147
-80.17
-80.174
-80.133
-80.041
-79.887
-79.868
-79.854
-79.825
-79.805
-79.834
-79.853
-79.912
-79.848
-79.738
-79.712
-79.758
-79.804
-79.791
-79.826
-79.831
-79.824
-79.79
-79.767
-79.724
-79.933
-79.885
-79.812
-79.943
-80.012
-80.079
-80.07
-79.994
-80.142
-80.18
-80.184
-80.231
-80.346
-80.307
-80.304
-80.358
-80.307
-80.288
-80.308
-80.258
-80.298
-80.217
-80.201
-80.125
-80.101
-80.134
-80.15
-80.141
-80.167
-80.184
-80.151
-80.059
-80.117
-80.008
-79.964
-79.893
-79.966
-80.035
-80.016
-80.013
-80.005
-80.052
-80.139
-80.17
-80.114
-80.07
-80.141
-79.992
-80.049
-80.061
-80.054
-80.015
-79.982
-79.93
-80.021
-79.957
-79.99
-79.996
-79.963
-79.906
-79.967
-80.024
-79.955
-79.998
-79.985
-79.994
-80.037
-80.108
-80.057
-80.034
-80.014
-80.008
-80.05
-79.965
-79.956
-79.918
-79.971
-79.891
-79.914
-79.963
-79.865
-79.884
-79.856
-79.829
-79.871
-79.838
-79.864
-79.897
-79.941
-79.931
-79.844
-79.86
-79.931
-79.909
-79.846
-79.912
-79.911
-79.842
-79.849
-79.798
-79.707
-79.713
-79.668
-79.641
-79.689
-79.615
-79.529
-79.529
-79.537
-79.51
-79.582
-79.647
-79.619
-79.569
-79.572
-79.592
-79.628
-79.766
-79.764
-79.797
-79.907
-80.01
-80.001
-79.976
-79.961
-79.964
-79.964
-79.979
-79.997
-79.98
-80.008
-80.011
-80.086
-79.98
-79.914
-79.889
-79.877
-79.861
-79.81
-79.805
-79.731
-79.741
-79.745
-79.669
-79.66
-79.625
-79.525
-79.637
-79.697
-79.657
-79.68
-79.664
-79.766
-79.71
-79.714
-79.746
-79.788
-79.703
-79.725
-79.877
-79.856
-79.855
-79.872
-79.8
-79.733
-79.693
-79.662
-79.689
-79.743
-79.774
-79.773
-79.738
-79.797
-79.732
-79.668
-79.741
-79.673
-79.734
-79.762
-79.808
-79.826
-79.827
-79.835
-79.792
-79.834
-79.8
-79.783
-79.732
-79.722
-79.811
-79.792
-79.759
-79.773
-79.851
-79.882
-79.976
-79.97
-79.961
-79.895
-79.933
-79.995
-80.02
-80.018
-80.053
-80.053
-80.075
-80.101
-80.053
-80.012
-80.029
-80.037
-80.091
-80.027
-80.013
-80.026
-80.013
-80.105
-80.18
-80.116
-80.09
-80.1
-80.07
-80.085
-80.031
-80.053
-80.099
-80.152
-80.144
-80.089
-80.138
-80.151
-80.196
-80.189
-80.236
-80.357
-80.298
-80.376
-80.371
-80.307
-80.283
-80.364
-80.351
-80.327
-80.356
-80.278
-80.204
-80.163
-80.093
-80.107
-80.061
-80.048
-79.976
-80.077
-80.011
-79.913
-79.849
-79.857
-79.78
-79.826
-79.836
-79.84
-79.852
-79.914
-79.91
-79.971
-79.931
-79.911
-79.889
-79.967
-79.967
-79.936
-79.904
-79.858
-79.903
-79.981
-79.944
-79.997
-79.975
-79.952
-80.01
-80.004
-80.037
-80.007
-79.961
-79.969
-80.048
-80.036
-80.058
-80.078
-80.102
-80.07
-80.063
-80.042
-80.092
-80.088
-80.05
-80.037
-79.936
-79.913
-79.881
-79.922
-79.867
-79.86
-79.833
-79.783
-79.757
-79.73
-79.717
-79.724
-79.614
-79.6
-79.619
-79.6
-79.583
-79.714
-79.718
-79.777
-79.779
-79.736
-79.793
-79.831
-79.799
-79.838
-79.888
-79.888
-79.862
-79.814
-79.816
-79.832
-79.759
-79.667
-79.718
-79.787
-79.757
-79.721
-79.698
-79.661
-79.652
-79.558
-79.56
-79.476
-79.473
-79.415
-79.402
-79.282
-79.303
-79.263
-79.206
-79.198
-79.156
-79.156
-79.202
-79.216
-79.224
-79.23
-79.223
-79.241
-79.285
-79.173
-79.18
-79.069
-79.074
-79.099
-79.112
-79.059
-79.17
-79.116
-79.056
-79.067
-78.998
-79.057
-78.937
-78.853
-78.814
-78.745
-78.696
-78.769
-78.813
-78.848
-78.865
-78.897
-78.919
-78.909
-78.983
-79.025
-79.074
-79.209
-79.263
-79.304
-79.281
-79.225
-79.22
-79.218
-79.219
-79.291
-79.222
-79.193
-79.19
-79.143
-79.115
-79.156
-79.27
-79.336
-79.33
-79.341
-79.338
-79.333
-79.405
-79.367
-79.327
-79.256
-79.182
-79.203
-79.248
-79.235
-79.222
-79.248
-79.228
-79.169
-79.267
-79.253
-79.308
-79.233
-79.209
-79.188
-79.214
-79.134
-79.174
-79.198
-79.257
-79.251
-79.251
-79.278
-79.296
-79.337
-79.287
-79.278
-79.261
-79.262
-79.302
-79.281
-79.271
-79.367
-79.341
-79.371
-79.482
-79.497
-79.457
-79.46
-79.463
-79.394
-79.393
-79.32
-79.268
-79.324
-79.375
-79.421
-79.449
-79.557
-79.588
-79.598
-79.574
-79.592
-79.549
-79.591
-79.571
-79.716
-79.57
-79.575
-79.586
-79.647
-79.728
-79.757
-79.729
-79.76
-79.824
-79.861
-79.866
-79.846
-79.824
-79.884
-79.956
-79.894
-79.912
-79.833
-79.838
-79.864
-79.835
-79.898
-79.953
-79.795
-79.76
-79.802
-79.799
-79.749
-79.729
-79.775
-79.764
-79.757
-79.771
-79.804
-79.782
-79.744
-79.777
-79.658
-79.702
-79.822
-79.848
-79.878
-79.844
-79.904
-79.819
-79.804
-79.826
-79.767
-79.792
-79.882
-79.897
-79.815
-79.777
-79.755
-79.84
-79.815
-79.88
-79.76
-79.742
-79.721
-79.675
-79.663
-79.686
-79.649
-79.56
-79.514
-79.478
-79.404
-79.322
-79.365
-79.361
-79.429
-79.436
-79.447
-79.495
-79.455
-79.399
-79.472
-79.439
-79.427
-79.387
-79.347
-79.399
-79.437
-79.344
-79.368
-79.371
-79.308
-79.259
-79.21
-79.244
-79.203
-79.191
-79.167
-79.179
-79.157
-79.215
-79.199
-79.197
-79.196
-79.242
-79.178
-79.156
-79.169
-79.175
-79.212
-79.157
-79.24
-79.232
-79.243
-79.253
-79.286
-79.344
-79.37
-79.403
-79.344
-79.386
-79.335
-79.377
-79.443
-79.415
-79.433
-79.4
-79.422
-79.458
-79.496
-79.469
-79.501
-79.538
-79.58
-79.593
-79.553
-79.478
-79.45
-79.448
-79.506
-79.522
-79.487
-79.517
-79.489
-79.553
-79.547
-79.445
-79.349
-79.332
-79.371
-79.333
-79.26
-79.274
-79.282
-79.291
-79.283
-79.388
-79.377
-79.338
-79.412
-79.304
-79.307
-79.352
-79.425
-79.389
-79.405
-79.41
-79.447
-79.394
-79.463
-79.513
-79.543
-79.551
-79.449
-79.469
-79.411
-79.469
-79.39
-79.467
-79.427
-79.453
-79.423
-79.36
-79.426
-79.502
-79.443
-79.429
-79.499
-79.437
-79.492
-79.5
-79.534
-79.488
-79.532
-79.377
-79.367
-79.315
-79.359
-79.313
-79.281
-79.246
-79.298
-79.303
-79.283
-79.278
-79.205
-79.215
-79.229
-79.192
-79.128
-79.116
-79.106
-79.118
-79.048
-79.003
-78.97
-78.988
-78.988
-78.932
-78.947
-78.937
-78.894
-78.895
-78.981
-78.902
-78.885
-78.885
-78.933
-78.984
-79.025
-79.033
-78.996
-79.1
-79.027
-79.014
-79.006
-78.986
-79.049
-79.059
-79.083
-79.096
-79.236
-79.254
-79.29
-79.325
-79.27
-79.251
-79.234
-79.167
-79.221
-79.236
-79.221
-79.207
-79.246
-79.282
-79.327
-79.36
-79.366
-79.312
-79.281
-79.337
-79.34
-79.186
-79.08
-79.061
-79.033
-78.948
-78.918
-79.019
-79.114
-79.11
-79.098
-79.104
-79.128
-79.25
-79.213
-79.15
-79.16
-79.031
-78.856
-78.896
-78.979
-79.025
-79.035
-79.059
-79.037
-79.004
-78.952
-79.025
-79.03
-79.037
-79.031
-79.054
-79.043
-79.021
-78.968
-78.977
-78.934
-78.946
-78.922
-78.972
-78.972
-79.092
-78.998
-79.022
-78.928
-78.993
-78.977
-78.999
-79.032
-78.975
-79.042
-79.001
-78.956
-78.967
-78.956
-78.98
-79.057
-79.005
-78.965
-79.03
-79.09
-79.006
-79.008
-78.976
-79.007
-79.024
-79.034
-79.043
-79.002
-79.019
-79.09
-79.175
-79.19
-79.137
-79.212
-79.221
-79.223
-79.258
-79.23
-79.21
-79.193
-79.25
-79.257
-79.234
-79.273
-79.361
-79.334
-79.354
-79.317
-79.425
-79.324
-79.241
-79.258
-79.141
-79.114
-79.116
-79.139
-79.128
-79.173
-79.173
-79.159
-79.195
-79.24
-79.219
-79.266
-79.296
-79.291
-79.345
-79.3
-79.35
-79.465
-79.494
-79.552
-79.512
-79.476
-79.461
-79.401
-79.397
-79.37
-79.403
-79.327
-79.333
-79.374
-79.408
-79.374
-79.318
-79.359
-79.332
-79.401
-79.303
-79.342
-79.313
-79.315
-79.266
-79.322
-79.358
-79.46
-79.419
-79.397
-79.498
-79.579
-79.628
-79.553
-79.446
-79.429
-79.441
-79.504
-79.585
-79.559
-79.577
-79.512
-79.456
-79.481
-79.569
-79.577
-79.592
-79.506
-79.509
-79.579
-79.555
-79.604
-79.675
-79.675
-79.784
-79.851
-79.808
-79.81
-79.791
-79.8
-79.788
-79.801
-79.714
-79.811
-79.869
-79.891
-79.933
-79.907
-79.846
-79.92
-79.879
-79.831
-79.806
-79.822
-79.847
-79.88
-79.858
-79.873
-79.846
-79.789
-79.737
-79.54
-79.514
-79.532
-79.536
-79.527
-79.559
-79.613
-79.558
-79.536
-79.472
-79.382
-79.382
-79.425
-79.399
-79.512
-79.538
-79.472
-79.51
-79.511
-79.529
-79.486
-79.44
-79.466
-79.47
-79.515
-79.564
-79.508
-79.525
-79.559
-79.589
-79.524
-79.609
-79.574
-79.51
-79.612
-79.695
-79.711
-79.679
-79.738
-79.702
-79.657
-79.625
-79.6
-79.636
-79.722
-79.728
-79.662
-79.612
-79.626
-79.578
-79.667
-79.664
-79.665
-79.653
-79.697
-79.734
-79.68
-79.708
-79.741
-79.737
-79.715
-79.797
-79.791
-79.848
-79.878
-79.829
-79.802
-79.897
-79.933
-79.996
-80.007
-80.032
-79.932
-80.053
-80.074
-80.119
-80.195
-80.216
-80.25
-80.299
-80.295
-80.322
-80.281
-80.371
-80.375
-80.331
-80.362
-80.333
-80.388
-80.283
-80.265
-80.278
-80.255
-80.245
-80.247
-80.224
-80.215
-80.19
-80.229
-80.205
-80.168
-80.254
-80.235
-80.201
-80.178
-80.208
-80.194
-80.157
-80.192
-80.206
-80.27
-80.345
-80.341
-80.311
-80.278
-80.224
-80.207
-80.236
-80.281
-80.209
-80.236
-80.212
-80.174
-80.185
-80.093
-80.05
-80.005
-79.99
-80.074
-79.997
-79.933
-79.843
-79.894
-79.93
-79.925
-79.826
-79.813
-79.771
-79.743
-79.732
-79.677
-79.728
-79.638
-79.698
-79.721
-79.825
-79.86
-79.865
-79.924
-79.89
-79.765
-79.648
-79.762
-79.851
-79.82
-79.82
-79.813
-79.819
-79.712
-79.761
-79.719
-79.69
-79.702
-79.735
-79.718
-79.736
-79.676
-79.659
-79.59
-79.647
-79.564
-79.549
-79.554
-79.41
-79.409
-79.364
-79.366
-79.309
-79.263
-79.298
-79.262
-79.262
-79.169
-79.2
-79.166
-79.182
-79.21
-79.184
-79.224
-79.273
-79.242
-79.364
-79.387
-79.306
-79.336
-79.304
-79.369
-79.372
-79.386
-79.405
-79.444
-79.37
-79.422
-79.465
-79.491
-79.447
-79.395
-79.431
-79.513
-79.547
-79.499
-79.418
-79.362
-79.428
-79.482
-79.489
-79.505
-79.61
-79.549
-79.574
-79.589
-79.623
-79.703
-79.628
-79.704
-79.743
-79.753
-79.749
-79.718
-79.751
-79.823
-79.722
-79.638
-79.667
-79.578
-79.539
-79.577
-79.581
-79.517
-79.564
-79.588
-79.631
-79.612
-79.646
-79.599
-79.537
-79.577
-79.594
-79.596
-79.627
-79.602
-79.744
-79.687
-79.685
-79.642
-79.62
-79.706
-79.703
-79.797
-79.813
-79.778
-79.762
-79.789
-79.87
-79.949
-80.007
-80.023
-79.946
-79.968
-79.922
-79.859
-79.896
-79.771
-79.805
-79.87
-79.897
-79.846
-79.838
-79.885
-79.873
-79.86
-79.812
-79.807
-79.742
-79.756
-79.798
-79.779
-79.853
-79.825
-79.818
-79.841
-79.834
-79.756
-79.857
-79.872
-79.862
-79.822
-79.813
-79.816
-79.843
-79.916
-79.904
-79.814
-79.773
-79.732
-79.775
-79.698
-79.595
-79.62
-79.729
-79.706
-79.695
-79.716
-79.738
-79.759
-79.761
-79.777
-79.755
-79.788
-79.751
-79.654
-79.651
-79.641
-79.602
-79.599
-79.686
-79.677
-79.694
-79.693
-79.683
-79.664
-79.759
-79.781
-79.685
-79.654
-79.621
-79.669
-79.662
-79.761
-79.77
-79.773
-79.839
-79.788
-79.762
-79.728
-79.683
-79.635
-79.557
-79.61
-79.65
-79.711
-79.786
-79.657
-79.697
-79.74
-79.778
-79.789
-79.873
-79.885
-79.872
-79.88
-79.928
-79.86
-79.837
-79.84
-79.952
-79.923
-79.928
-79.8
-79.836
-79.926
-79.926
-79.972
-80
-80.026
-80.045
-80.059
-80.046
-80.066
-80.077
-79.984
-79.889
-79.871
-79.852
-79.829
-79.82
-79.83
-79.889
-79.804
-79.798
-79.866
-79.931
-79.987
-80.158
-80.178
-80.174
-80.234
-80.238
-80.256
-80.273
-80.207
-80.225
-80.24
-80.272
-80.395
-80.382
-80.458
-80.461
-80.451
-80.456
-80.406
-80.392
-80.407
-80.386
-80.323
-80.259
-80.249
-80.146
-80.111
-80.06
-80.045
-80.029
-80.056
-79.975
-79.969
-80.008
-79.97
-79.974
-79.998
-79.983
-79.948
-79.966
-79.973
-80.031
-79.958
-80.022
-80.086
-80.115
-80.125
-80.12
-80.182
-80.144
-80.148
-80.156
-80.166
-80.231
-80.141
-80.155
-80.192
-80.159
-80.188
-80.185
-80.275
-80.394
-80.368
-80.301
-80.336
-80.271
-80.21
-80.286
-80.344
-80.284
-80.277
-80.203
-80.255
-80.313
-80.312
-80.166
-80.034
-80.06
-80.043
-80.03
-79.975
-80.014
-80.016
-80.037
-80.044
-80.09
-80.08
-80.11
-80.133
-80.084
-80.072
-80.076
-80.047
-79.991
-79.901
-79.904
-79.857
-79.898
-79.949
-79.839
-79.854
-79.905
-79.883
-79.923
-79.856
-79.84
-79.866
-79.882
-79.865
-79.852
-79.739
-79.776
-79.765
-79.794
-79.743
-79.781
-79.711
-79.787
-79.818
-79.784
-79.821
-79.76
-79.758
-79.727
-79.771
-79.771
-79.797
-79.753
-79.778
-79.777
-79.782
-79.712
-79.684
-79.77
-79.754
-79.816
-79.829
-79.93
-79.94
-79.909
-79.823
-79.798
-79.869
-79.874
-79.836
-79.841
-79.817
-79.901
-79.883
-79.792
-79.793
-79.767
-79.773
-79.716
-79.666
-79.657
-79.662
-79.717
-79.802
-79.713
-79.729
-79.868
-79.809
-79.819
-79.806
-79.731
-79.805
-79.885
-79.862
-79.85
-79.887
-79.921
-79.943
-79.909
-79.95
-79.964
-79.964
-79.913
-79.997
-79.917
-79.961
-79.963
-79.983
-79.9
-79.887
-79.818
-79.898
-79.895
-79.882
-79.904
-79.878
-79.871
-79.76
-79.876
-79.802
-79.752
-79.793
-79.77
-79.645
-79.547
-79.518
-79.536
-79.605
-79.58
-79.544
-79.55
-79.432
-79.403
-79.371
-79.394
-79.324
-79.316
-79.264
-79.319
-79.294
-79.287
-79.384
-79.281
-79.26
-79.263
-79.208
-79.22
-79.189
-79.301
-79.287
-79.287
-79.279
-79.243
-79.174
-79.173
-79.21
-79.197
-79.23
-79.247
-79.281
-79.239
-79.24
-79.297
-79.253
-79.236
-79.192
-79.159
-79.113
-79.074
-78.956
-78.951
-78.924
-78.937
-78.905
-78.86
-78.83
-78.868
-78.816
-78.873
-78.932
-78.938
-78.973
-78.972
-78.935
-78.821
-78.838
-78.823
-78.84
-78.836
-78.777
-78.873
-78.899
-78.852
-78.773
-78.72
-78.613
-78.609
-78.685
-78.638
-78.703
-78.685
-78.659
-78.644
-78.706
-78.743
-78.689
-78.679
-78.748
-78.69
-78.727
-78.667
-78.705
-78.681
-78.674
-78.6
-78.565
-78.444
-78.491
-78.477
-78.46
-78.434
-78.435
-78.47
-78.442
-78.372
-78.359
-78.391
-78.416
-78.352
-78.28
-78.251
-78.261
-78.176
-78.222
-78.239
-78.255
-78.313
-78.303
-78.358
-78.312
-78.361
-78.352
-78.437
-78.501
-78.507
-78.464
-78.446
-78.469
-78.507
-78.44
-78.415
-78.408
-78.306
-78.321
-78.267
-78.235
-78.271
-78.22
-78.237
-78.221
-78.26
-78.133
-78.152
-77.993
-78.063
-78.109
-78.23
-78.245
-78.217
-78.159
-78.196
-78.192
-78.262
-78.266
-78.345
-78.313
-78.295
-78.39
-78.398
-78.426
-78.413
-78.36
-78.37
-78.354
-78.346
-78.42
-78.56
-78.565
-78.546
-78.529
-78.511
-78.474
-78.471
-78.45
-78.359
-78.347
-78.35
-78.372
-78.412
-78.466
-78.547
-78.596
-78.529
-78.503
-78.451
-78.442
-78.456
-78.482
-78.456
-78.408
-78.406
-78.432
-78.374
-78.33
-78.368
-78.45
-78.484
-78.542
-78.575
-78.544
-78.442
-78.431
-78.402
-78.45
-78.491
-78.386
-78.295
-78.283
-78.313
-78.306
-78.307
-78.349
-78.374
-78.333
-78.368
-78.404
-78.359
-78.211
-78.175
-78.163
-78.122
-78.155
-78.128
-78.131
-78.198
-78.184
-78.169
-78.193
-78.263
-78.333
-78.35
-78.33
-78.298
-78.262
-78.205
-78.234
-78.324
-78.348
-78.37
-78.332
-78.35
-78.376
-78.406
-78.379
-78.444
-78.44
-78.369
-78.369
-78.411
-78.481
-78.478
-78.47
-78.376
-78.441
-78.471
-78.5
-78.587
-78.597
-78.575
-78.54
-78.55
-78.576
-78.504
-78.48
-78.463
-78.436
-78.488
-78.487
-78.485
-78.469
-78.531
-78.637
-78.588
-78.728
-78.691
-78.661
-78.68
-78.72
-78.643
-78.538
-78.626
-78.578
-78.577
-78.543
-78.558
-78.428
-78.429
-78.381
-78.377
-78.359
-78.386
-78.454
-78.458
-78.415
-78.306
-78.256
-78.27
-78.215
-78.2
-78.183
-78.138
-78.261
-78.263
-78.229
-78.321
-78.241
-78.225
-78.135
-78.073
-78.109
-78.158
-78.222
-78.139
-78.273
-78.287
-78.274
-78.224
-78.319
-78.381
-78.426
-78.5
-78.488
-78.431
-78.41
-78.395
-78.359
-78.373
-78.406
-78.452
-78.412
-78.405
-78.38
-78.355
-78.202
-78.107
-78.081
-78.061
-77.976
-78.047
-78.028
-78.022
-78.049
-77.945
-77.937
-77.982
-78.015
-77.989
-78.003
-78.107
-78.048
-78.117
-78.153
-78.228
-78.261
-78.227
-78.245
-78.21
-78.288
-78.29
-78.306
-78.34
-78.369
-78.437
-78.372
-78.362
-78.416
-78.507
-78.477
-78.56
-78.655
-78.686
-78.666
-78.628
-78.679
-78.659
-78.665
-78.637
-78.672
-78.8
-78.822
-78.843
-78.845
-78.781
-78.754
-78.828
-78.819
-78.849
-78.843
-78.947
-78.996
-79.028
-78.955
-79
-79.131
-79.213
-79.05
-79.026
-79.016
-78.959
-79.047
-79.074
-79.146
-79.131
-79.177
-79.264
-79.207
-79.254
-79.292
-79.244
-79.106
-79.055
-79.104
-79.102
-79.075
-79.114
-79.067
-79.056
-78.994
-78.921
-78.952
-78.846
-78.884
-78.869
-78.81
-78.853
-78.863
-78.851
-78.856
-78.888
-78.91
-78.905
-78.919
-79
-78.991
-78.925
-78.926
-78.997
-78.985
-79.046
-79.061
-79.063
-79.062
-79.089
-79.057
-79.162
-79.156
-79.249
-79.217
-79.188
-79.183
-79.244
-79.191
-79.091
-79.052
-79.006
-79.063
-79.008
-79.038
-79.05
-79.021
-79.083
-79.121
-79.083
-79.093
-79.113
-79.126
-79.013
-78.979
-79.003
-78.988
-78.984
-78.936
-78.844
-78.92
-78.925
-78.993
-79.07
-78.986
-79.041
-78.949
-79.091
-79.056
-79.055
-79.11
-79.106
-79.166
-79.159
-79.097
-79.068
-79.122
-79.063
-79.072
-79.164
-79.075
-79.031
-79.01
-79.014
-79.05
-79.045
-79.081
-79.099
-79.128
-79.243
-79.26
-79.285
-79.267
-79.29
-79.236
-79.125
-79.104
-79.128
-79.097
-79.144
-79.151
-79.21
-79.205
-79.235
-79.22
-79.348
-79.39
-79.386
-79.422
-79.463
-79.463
-79.435
-79.453
-79.56
-79.531
-79.523
-79.521
-79.538
-79.54
-79.607
-79.556
-79.602
-79.522
-79.539
-79.595
-79.591
-79.605
-79.569
-79.504
-79.532
-79.558
-79.494
-79.439
-79.408
-79.423
-79.422
-79.435
-79.506
-79.541
-79.592
-79.593
-79.542
-79.602
-79.562
-79.555
-79.611
-79.62
-79.622
-79.626
-79.544
-79.612
-79.634
-79.566
-79.56
-79.59
-79.599
-79.585
-79.542
-79.56
-79.551
-79.574
-79.591
-79.577
-79.577
-79.519
-79.578
-79.654
-79.558
-79.559
-79.625
-79.59
-79.646
-79.671
-79.67
-79.645
-79.791
-79.829
-79.805
-79.685
-79.726
-79.722
-79.739
-79.75
-79.784
-79.751
-79.697
-79.83
-79.899
-79.936
-80.015
-79.991
-80.006
-80.105
-80.072
-79.97
-79.978
-79.981
-79.896
-79.803
-79.83
-79.832
-79.867
-79.955
-79.915
-79.898
-79.854
-79.941
-79.902
-79.934
-79.909
-79.978
-79.975
-79.993
-80.04
-79.984
-79.964
-80
-80.017
-80.014
-79.994
-80.043
-80.055
-80.116
-80.071
-80.016
-79.972
-79.962
-79.943
-79.919
-80.043
-80.019
-80.044
-80.066
-80.147
-80.284
-80.328
-80.364
-80.427
-80.322
-80.365
-80.419
-80.4
-80.462
-80.509
-80.537
-80.542
-80.537
-80.556
-80.661
-80.611
-80.555
-80.449
-80.509
-80.463
-80.475
-80.523
-80.49
-80.414
-80.436
-80.395
-80.397
-80.313
-80.301
-80.297
-80.298
-80.351
-80.408
-80.424
-80.437
-80.424
-80.472
-80.365
-80.332
-80.282
-80.313
-80.444
-80.375
-80.354
-80.353
-80.337
-80.275
-80.286
-80.216
-80.166
-80.126
-80.195
-80.219
-80.244
-80.2
-80.266
-80.255
-80.219
-80.124
-80.147
-80.186
-80.241
-80.281
-80.192
-80.152
-80.122
-80.072
-79.991
-80.056
-80.076
-80.084
-80.039
-80.057
-80.031
-80
-79.97
-80.043
-80.131
-79.966
-79.91
-80.026
-80.087
-80.075
-80.14
-80.142
-80.088
-80.126
-80.13
-80.21
-80.095
-80.091
-80.185
-80.177
-80.175
-80.162
-80.215
-80.258
-80.273
-80.233
-80.154
-80.213
-80.163
-80.207
-80.107
-80.176
-80.146
-80.133
-80.18
-80.16
-80.172
-80.157
-80.199
-80.247
-80.252
-80.314
-80.327
-80.397
-80.406
-80.435
-80.464
-80.45
-80.53
-80.626
-80.62
-80.564
-80.583
-80.611
-80.6
-80.627
-80.625
-80.607
-80.621
-80.646
-80.507
-80.489
-80.631
-80.651
-80.585
-80.615
-80.614
-80.653
-80.598
-80.616
-80.698
-80.726
-80.798
-80.816
-80.838
-80.831
-80.846
-80.899
-80.842
-80.859
-80.872
-80.87
-80.893
-81.028
-81.017
-81.074
-81.108
-81.077
-81.051
-81.081
-81.086
-81.14
-81.076
-80.963
-80.968
-80.974
-80.895
-80.933
-80.874
-80.973
-80.985
-81
-81.055
-81.004
-80.996
-80.94
-80.941
-81.003
-81.026
-81.092
-80.996
-81.123
-81.178
-81.115
-81.038
-81.005
-81.056
-80.986
-81.032
-81.064
-81.057
-81.072
-81.1
-81.085
-81.157
-81.168
-81.107
-81.126
-81.041
-81.034
-81.055
-81.036
-81.056
-81.063
-81.053
-81.051
-80.99
-81.04
-81.082
-81.094
-81.054
-81.036
-81.109
-81.162
-81.121
-81.12
-80.998
-81.006
-81.031
-81
-81.041
-81.067
-81.117
-81.148
-81.137
-81.067
-81.099
-81.131
-81.148
-81.202
-81.244
-81.373
-81.354
-81.417
-81.525
-81.532
-81.484
-81.47
-81.506
-81.426
-81.497
-81.539
-81.553
-81.561
-81.599
-81.655
-81.705
-81.677
-81.645
-81.635
-81.578
-81.619
-81.567
-81.593
-81.483
-81.458
-81.544
-81.574
-81.539
-81.441
-81.458
-81.353
-81.42
-81.462
-81.565
-81.507
-81.579
-81.583
-81.572
-81.558
-81.548
-81.447
-81.476
-81.492
-81.477
-81.492
-81.422
-81.463
-81.534
-81.533
-81.576
-81.559
-81.532
-81.536
-81.475
-81.443
-81.407
-81.397
-81.326
-81.256
-81.243
-81.289
-81.28
-81.333
-81.282
-81.204
-81.196
-81.216
-81.223
-81.186
-81.205
-81.176
-81.214
-81.187
-81.153
-81.153
-81.122
-81.037
-81.094
-81.09
-81.008
-81.069
-81.039
-81.001
-81.071
-81.088
-81.046
-81.036
-80.978
-81.009
-81.023
-80.953
-80.991
-80.927
-80.911
-80.903
-80.831
-80.845
-80.829
-80.795
-80.803
-80.895
-80.886
-80.994
-81.053
-81.096
-81.049
-81.086
-81.094
-81.123
-81.12
-81.038
-81.075
-81.149
-81.087
-81.087
-81.158
-81.133
-81.154
-81.127
-81.07
-81.055
-81.021
-81.065
-80.963
-80.945
-80.857
-80.928
-80.956
-80.943
-80.986
-81.041
-81.046
-81.115
-81.055
-81.17
-81.144
-81.237
-81.323
-81.37
-81.417
-81.471
-81.392
-81.326
-81.257
-81.285
-81.28
-81.326
-81.345
-81.35
-81.376
-81.528
-81.586
-81.589
-81.721
-81.635
-81.527
-81.632
-81.69
-81.746
-81.732
-81.801
-81.722
-81.741
-81.713
-81.677
-81.775
-81.678
-81.702
-81.663
-81.678
-81.773
-81.74
-81.814
-81.855
-81.885
-81.964
-81.99
-82.012
-82.038
-82.086
-82.04
-82.006
-82.062
-82.037
-82.03
-81.969
-81.926
-81.949
-81.97
-81.857
-81.82
-81.828
-81.845
-81.82
-81.82
-81.763
-81.843
-81.774
-81.904
-81.822
-81.839
-81.867
-81.929
-81.969
-81.993
-81.892
-81.876
-81.821
-81.757
-81.81
-81.781
-81.718
-81.761
-81.761
-81.769
-81.835
-81.767
-81.779
-81.801
-81.762
-81.706
-81.795
-81.789
-81.865
-81.808
-81.727
-81.782
-81.866
-82.041
-82.113
-82.117
-82.174
-82.253
-82.198
-82.214
-82.223
-82.226
-82.277
-82.183
-82.158
-82.113
-82.226
-82.236
-82.096
-82.099
-81.984
-81.913
-81.866
-81.924
-81.91
-81.868
-81.875
-82.005
-81.916
-81.935
-81.956
-82.023
-81.941
-81.94
-82.027
-82.056
-82.006
-81.959
-81.979
-81.907
-81.807
-81.807
-81.805
-81.792
-81.806
-81.842
-81.829
-81.741
-81.767
-81.742
-81.716
-81.776
-81.811
-81.815
-81.841
-81.711
-81.702
-81.618
-81.643
-81.748
-81.806
-81.82
-81.881
-81.906
-81.964
-81.944
-81.936
-81.86
-81.848
-81.833
-81.756
-81.765
-81.748
-81.719
-81.637
-81.702
-81.654
-81.646
-81.703
-81.737
-81.711
-81.741
-81.636
-81.661
-81.718
-81.727
-81.684
-81.667
-81.63
-81.626
-81.633
-81.645
-81.622
-81.615
-81.651
-81.68
-81.711
-81.697
-81.777
-81.76
-81.815
-81.83
-81.903
-81.853
-81.78
-81.799
-81.831
-81.815
-81.878
-81.776
-81.79
-81.796
-81.791
-81.757
-81.692
-81.689
-81.769
-81.767
-81.726
-81.674
-81.604
-81.566
-81.52
-81.565
-81.593
-81.538
-81.532
-81.52
-81.427
-81.485
-81.437
-81.472
-81.408
-81.462
-81.467
-81.525
-81.511
-81.569
-81.558
-81.617
-81.681
-81.641
-81.717
-81.756
-81.817
-81.829
-81.835
-81.838
-81.745
-81.801
-81.803
-81.819
-81.84
-81.861
-81.796
-81.802
-81.885
-81.951
-81.875
-81.866
-81.908
-81.845
-81.788
-81.758
-81.691
-81.749
-81.655
-81.628
-81.637
-81.656
-81.617
-81.648
-81.667
-81.776
-81.733
-81.838
-81.816
-81.782
-81.836
-81.867
-81.892
-81.93
-81.949
-81.984
-81.919
-81.895
-81.929
-82.006
-82.038
-82.087
-82.099
-82.176
-82.258
-82.224
-82.233
-82.232
-82.295
-82.283
-82.373
-82.454
-82.387
-82.328
-82.349
-82.355
-82.376
-82.358
-82.36
-82.319
-82.291
-82.359
-82.287
-82.298
-82.368
-82.396
-82.364
-82.464
-82.528
-82.521
-82.458
-82.451
-82.546
-82.623
-82.636
-82.527
-82.483
-82.487
-82.419
-82.591
-82.594
-82.58
-82.64
-82.663
-82.658
-82.626
-82.629
-82.526
-82.443
-82.454
-82.384
-82.389
-82.297
-82.302
-82.314
-82.33
-82.316
-82.284
-82.301
-82.271
-82.316
-82.393
-82.447
-82.486
-82.456
-82.463
-82.497
-82.512
-82.467
-82.39
-82.479
-82.525
-82.574
-82.538
-82.518
-82.316
-82.374
-82.279
-82.153
-82.075
-82.072
-82.156
-82.022
-82.017
-81.929
-81.949
-81.895
-81.878
-81.852
-81.855
-81.834
-81.849
-81.886
-81.949
-81.962
-81.914
-81.931
-81.909
-81.895
-81.885
-81.873
-81.931
-81.889
-81.924
-81.94
-81.976
-81.934
-81.969
-81.896
-81.807
-81.775
-81.623
-81.414
-81.369
-81.388
-81.35
-81.347
-81.358
-81.404
-81.345
-81.348
-81.195
-81.152
-81.161
-81.111
-81.198
-81.169
-81.108
-81.108
-81.083
-81.047
-81.134
-81.195
-81.198
-81.16
-81.18
-81.277
-81.184
-81.114
-81.087
-81.097
-81.178
-81.16
-81.153
-81.101
-81.191
-81.131
-81.142
-81.174
-81.208
-81.176
-81.221
-81.291
-81.32
-81.26
-81.27
-81.171
-81.205
-81.204
-81.133
-81.215
-81.135
-81.091
-81.169
-81.124
-81.112
-81.035
-81.074
-80.98
-80.975
-80.981
-80.898
-80.905
-80.903
-80.77
-80.807
-80.841
-80.847
-80.894
-80.842
-80.778
-80.805
-80.769
-80.769
-80.776
-80.773
-80.749
-80.635
-80.665
-80.65
-80.627
-80.589
-80.559
-80.558
-80.592
-80.594
-80.563
-80.605
-80.582
-80.706
-80.671
-80.669
-80.643
-80.667
-80.553
-80.608
-80.59
-80.564
-80.508
-80.55
-80.573
-80.636
-80.641
