-79.301
-79.284
-79.296
-79.313
-79.231
-79.209
-79.21
-79.218
-79.155
-79.203
-79.146
-79.233
-79.289
-79.311
-79.363
-79.377
-79.403
-79.48
-79.51
-79.568
-79.612
-79.64
-79.696
-79.656
-79.583
-79.58
-79.579
-79.495
-79.494
-79.506
-79.508
-79.627
-79.559
-79.589
-79.556
-79.521
-79.472
-79.542
-79.556
-79.546
-79.635
-79.603
-79.574
-79.647
-79.68
-79.592
-79.598
-79.53
-79.491
-79.577
-79.549
-79.518
-79.514
-79.507
-79.528
-79.579
-79.609
-79.631
-79.636
-79.698
-79.633
-79.511
-79.535
-79.496
-79.374
-79.378
-79.353
-79.338
-79.354
-79.35
-79.314
-79.33
-79.399
-79.338
-79.291
-79.324
-79.28
-79.28
-79.196
-79.118
-79.147
-79.144
-79.159
-79.23
-79.299
-79.255
-79.385
-79.38
-79.416
-79.406
-79.397
-79.398
-79.487
-79.507
-79.527
-79.598
-79.523
-79.496
-79.478
-79.459
-79.496
-79.449
-79.494
-79.572
-79.518
-79.428
-79.399
-79.423
-79.452
-79.485
-79.474
-79.6
-79.528
-79.58
-79.661
-79.661
-79.717
-79.687
-79.717
-79.639
-79.568
-79.559
-79.554
-79.599
-79.623
-79.568
-79.555
-79.574
-79.553
-79.559
-79.548
-79.555
-79.513
-79.565
-79.559
-79.61
-79.6
-79.593
-79.579
-79.68
-79.647
-79.688
-79.657
-79.71
-79.669
-79.618
-79.613
-79.622
-79.611
-79.724
-79.731
-79.725
-79.616
-79.592
-79.707
-79.725
-79.723
-79.703
-79.713
-79.772
-79.791
-79.82
-79.796
-79.752
-79.687
-79.591
-79.64
-79.621
-79.583
-79.52
-79.465
-79.568
-79.645
-79.676
-79.649
-79.627
-79.573
-79.635
-79.702
-79.676
-79.57
-79.516
-79.468
-79.485
-79.438
-79.41
-79.405
-79.4
-79.393
-79.306
-79.361
-79.347
-79.39
-79.32
-79.291
-79.211
-79.194
-79.198
-79.233
-79.19
-79.09
-79.101
-79.158
-79.168
-79.193
-79.312
-79.27
-79.261
-79.226
-79.255
-79.299
-79.302
-79.345
-79.278
-79.272
-79.268
-79.29
-79.35
-79.362
-79.412
-79.37
-79.454
-79.59
-79.637
-79.669
-79.607
-79.638
-79.614
-79.645
-79.668
-79.609
-79.516
-79.491
-79.552
-79.662
-79.65
-79.707
-79.73
-79.752
-79.64
-79.609
-79.528
-79.584
-79.658
-79.754
-79.787
-79.751
-79.768
-79.677
-79.643
-79.651
-79.65
-79.649
-79.62
-79.569
-79.507
-79.463
-79.439
-79.415
-79.512
-79.571
-79.389
-79.387
-79.347
-79.35
-79.348
-79.334
-79.324
-79.251
-79.316
-79.369
-79.318
-79.339
-79.407
-79.333
-79.341
-79.375
-79.352
-79.37
-79.297
-79.294
-79.387
-79.366
-79.311
-79.358
-79.395
-79.414
-79.399
-79.341
-79.382
-79.445
-79.417
-79.405
-79.36
-79.371
-79.288
-79.311
-79.317
-79.219
-79.209
-79.306
-79.272
-79.34
-79.393
-79.468
-79.409
-79.403
-79.428
-79.427
-79.473
-79.532
-79.509
-79.529
-79.58
-79.539
-79.576
-79.605
-79.613
-79.633
-79.479
-79.558
-79.533
-79.522
-79.574
-79.57
-79.562
-79.547
-79.588
-79.602
-79.683
-79.633
-79.571
-79.601
-79.558
-79.521
-79.565
-79.6
-79.613
-79.538
-79.586
-79.592
-79.612
-79.639
-79.627
-79.611
-79.592
-79.595
-79.634
-79.623
-79.623
-79.661
-79.648
-79.645
-79.702
-79.736
-79.671
-79.797
-79.84
-79.767
-79.776
-79.848
-79.812
-79.919
-79.858
-79.84
-79.805
-79.796
-79.759
-79.678
-79.719
-79.696
-79.724
-79.763
-79.669
-79.68
-79.615
-79.689
-79.616
-79.635
-79.684
-79.676
-79.665
-79.696
-79.679
-79.713
-79.792
-79.754
-79.79
-79.629
-79.596
-79.598
-79.601
-79.674
-79.669
-79.794
-79.763
-79.662
-79.635
-79.69
-79.665
-79.653
-79.668
-79.614
-79.625
-79.552
-79.506
-79.467
-79.452
-79.473
-79.391
-79.248
-79.278
-79.262
-79.277
-79.234
-79.247
-79.266
-79.227
-79.234
-79.299
-79.322
-79.309
-79.339
-79.227
-79.182
-79.172
-79.203
-79.256
-79.225
-79.185
-79.235
-79.233
-79.245
-79.199
-79.197
-79.188
-79.248
-79.271
-79.222
-79.252
-79.261
-79.308
-79.352
-79.308
-79.312
-79.355
-79.434
-79.434
-79.384
-79.336
-79.317
-79.32
-79.438
-79.488
-79.522
-79.424
-79.35
-79.264
-79.226
-79.155
-79.139
-79.226
-79.228
-79.264
-79.35
-79.343
-79.318
-79.344
-79.278
-79.251
-79.146
-79.133
-79.059
-79.156
-79.177
-79.226
-79.183
-79.276
-79.164
-79.274
-79.329
-79.336
-79.335
-79.354
-79.359
-79.384
-79.379
-79.434
-79.492
-79.513
-79.553
-79.567
-79.545
-79.525
-79.534
-79.474
-79.438
-79.37
-79.5
-79.493
-79.539
-79.617
-79.697
-79.682
-79.684
-79.802
-79.792
-79.754
-79.778
-79.861
-79.908
-79.927
-79.991
-80.009
-80.037
-79.982
-79.911
-79.874
-79.887
-79.851
-79.949
-79.914
-79.906
-79.803
-79.723
-79.663
-79.711
-79.8
-79.804
-79.843
-79.797
-79.745
-79.837
-79.87
-79.866
-79.934
-80.014
-80.076
-80.098
-80.122
-80.153
-80.157
-80.209
-80.165
-80.076
-80.057
-80.017
-80
-80.008
-79.949
-79.954
-80.008
-80.032
-80.052
-79.983
-79.922
-79.953
-80.065
-80.039
-80
-80.016
-80.027
-80.036
-80.167
-80.114
-80.107
-80.032
-80.071
-80.115
-80.101
-80.138
-80.179
-80.241
-80.218
-80.264
-80.322
-80.345
-80.388
-80.409
-80.369
-80.359
-80.401
-80.433
-80.382
-80.285
-80.268
-80.29
-80.273
-80.311
-80.245
-80.192
-80.176
-80.127
-80.114
-80.158
-80.18
-80.25
-80.185
-80.233
-80.259
-80.285
-80.311
-80.374
-80.404
-80.405
-80.288
-80.254
-80.249
-80.204
-80.199
-80.237
-80.153
-80.109
-80.141
-80.076
-80.05
-80.054
-80.059
-80.078
-80.022
-79.967
-79.964
-79.955
-80.067
-79.95
-80.048
-80.073
-80.034
-79.919
-79.95
-79.954
-80.02
-80.006
-79.999
-79.922
-79.924
-79.871
-79.828
-79.808
-79.789
-79.855
-79.767
-79.805
-79.754
-79.749
-79.774
-79.733
-79.69
-79.678
-79.708
-79.65
-79.687
-79.627
-79.576
-79.581
-79.627
-79.691
-79.702
-79.629
-79.576
-79.592
-79.491
-79.562
-79.6
-79.537
-79.578
-79.533
-79.55
-79.536
-79.638
-79.75
-79.803
-79.767
-79.789
-79.801
-79.921
-79.891
-79.845
-79.817
-79.788
-79.842
-79.886
-79.813
-79.773
-79.725
-79.774
-79.828
-79.863
-79.898
-79.888
-79.858
-79.891
-79.903
-79.854
-79.726
-79.755
-79.76
-79.755
-79.778
-79.766
-79.765
-79.722
-79.66
-79.604
-79.512
-79.497
-79.562
-79.483
-79.477
-79.487
-79.526
-79.488
-79.521
-79.536
-79.536
-79.589
-79.567
-79.649
-79.685
-79.656
-79.767
-79.745
-79.689
-79.68
-79.787
-79.813
-79.796
-79.773
-79.776
-79.748
-79.695
-79.672
-79.648
-79.764
-79.781
-79.708
-79.635
-79.622
-79.611
-79.586
-79.584
-79.589
-79.681
-79.683
-79.707
-79.727
-79.674
-79.679
-79.698
-79.788
-79.791
-79.709
-79.765
-79.784
-79.642
-79.672
-79.706
-79.729
-79.648
-79.566
-79.622
-79.672
-79.644
-79.685
-79.721
-79.794
-79.831
-79.839
-79.838
-79.861
-79.839
-79.887
-79.958
-79.976
-79.984
-79.927
-79.948
-79.994
-80.025
-79.944
-79.859
-79.905
-79.872
-79.901
-79.974
-79.982
-79.881
-79.803
-79.793
-79.824
-79.82
-79.886
-79.948
-79.879
-79.951
-79.969
-79.979
-79.981
-80.026
-80.092
-80.045
-80.116
-80.152
-80.148
-80.124
-80.165
-80.134
-80.224
-80.187
-80.185
-80.077
-80.151
-80.112
-80.116
-80.179
-80.108
-80.033
-80.085
-80.137
-80.152
-80.147
-80.086
-80.05
-79.999
-80.079
-79.972
-80.019
-80.001
-79.973
-79.95
-79.874
-79.797
-79.818
-79.813
-79.861
-79.799
-79.79
-79.788
-79.874
-79.793
-79.869
-79.9
-79.888
-79.966
-79.935
-79.962
-80.023
-80.056
-80.097
-80.023
-80.077
-80.005
-79.969
-79.91
-79.883
-79.821
-79.823
-79.875
-79.881
-79.945
-79.922
-79.846
-79.862
-79.88
-79.88
-79.899
-79.886
-79.885
-79.867
-79.846
-79.78
-79.803
-79.758
-79.829
-79.776
-79.789
-79.853
-79.864
-79.846
-79.816
-79.847
-79.842
-79.826
-79.779
-79.861
-79.822
-79.817
-79.849
-79.831
-79.861
-79.862
-79.911
-79.869
-79.85
-79.856
-79.899
-79.898
-79.926
-80.018
-80.062
-80.028
-80.058
-80.089
-80.02
-80.089
-80.088
-80.081
-80.07
-80.109
-80.216
-80.107
-80.112
-80.132
-80.086
-80.089
-80.138
-80.095
-80.139
-80.118
-80.132
-80.131
-80.277
-80.309
-80.247
-80.11
-80.204
-80.224
-80.243
-80.238
-80.192
-80.151
-80.11
-80.087
-80.122
-80.211
-80.185
-80.254
-80.085
-80.101
-80.113
-80.058
-80.158
-80.131
-80.173
-80.205
-80.177
-80.236
-80.341
-80.35
-80.325
-80.246
-80.317
-80.337
-80.284
-80.338
-80.342
-80.464
-80.495
-80.424
-80.418
-80.516
-80.529
-80.58
-80.604
-80.618
-80.639
-80.665
-80.584
-80.619
-80.676
-80.75
-80.731
-80.784
-80.812
-80.812
-80.846
-80.871
-80.701
-80.685
-80.69
-80.657
-80.575
-80.586
-80.576
-80.579
-80.638
-80.616
-80.601
-80.565
-80.45
-80.38
-80.358
-80.322
-80.313
-80.323
-80.269
-80.103
-80.113
-80.138
-80.129
-80.199
-80.206
-80.112
-80.16
-80.11
-80.183
-80.145
-80.159
-80.177
-80.163
-80.169
-80.076
-80.007
-80.075
-80.15
-80.116
-80.146
-80.2
-80.273
-80.291
-80.251
-80.208
-80.172
-80.184
-80.198
-80.101
-80.074
-79.975
-79.959
-79.997
-80.003
-80.062
-80.06
-80.061
-80.066
-80.025
-80.089
-80.003
-79.986
-79.918
-79.888
-79.861
-79.83
-79.854
-79.793
-79.781
-79.776
-79.738
-79.782
-79.787
-79.745
-79.761
-79.798
-79.764
-79.782
-79.844
-79.799
-79.799
-79.779
-79.88
-79.846
-79.944
-79.985
-79.997
-80.003
-79.98
-79.967
-79.979
-79.848
-79.874
-79.83
-79.84
-79.979
-79.949
-79.894
-79.96
-79.96
-79.962
-80.032
-80.093
-80.166
-80.127
-80.161
-80.232
-80.28
-80.387
-80.437
-80.425
-80.469
-80.573
-80.649
-80.692
-80.719
-80.746
-80.814
-80.765
-80.832
-80.886
-80.845
-80.879
-80.973
-80.986
-80.946
-81.024
-80.988
-81.022
-81.014
-81.082
-81.095
-81.079
-81.007
-80.988
-80.981
-80.887
-80.981
-80.968
-81.049
-81.108
-81.143
-81.085
-81.045
-81.04
-81.051
-81.032
-80.962
-80.984
-80.963
-80.984
-81.031
-81.066
-81.034
-81.026
-81.145
-81.15
-81.05
-81.136
-81.074
-81.142
-81.158
-81.065
-81.142
-81.104
-81.06
-81.102
-81.058
-81.051
-81.02
-81.025
-81.071
-81.11
-81.039
-81
-80.975
-81.084
-81.117
-81.145
-81.232
-81.268
-81.338
-81.305
-81.376
-81.387
-81.418
-81.421
-81.32
-81.278
-81.24
-81.235
-81.23
-81.31
-81.323
-81.363
-81.417
-81.353
-81.432
-81.436
-81.493
-81.485
-81.486
-81.418
-81.429
-81.488
-81.529
-81.48
-81.464
-81.508
-81.569
-81.489
-81.353
-81.387
-81.455
-81.456
-81.454
-81.556
-81.475
-81.455
-81.407
-81.358
-81.33
-81.386
-81.412
-81.401
-81.289
-81.373
-81.343
-81.3
-81.323
-81.369
-81.382
-81.507
-81.504
-81.529
-81.679
-81.776
-81.748
-81.65
-81.578
-81.544
-81.567
-81.585
-81.54
-81.662
-81.629
-81.666
-81.655
-81.671
-81.684
-81.677
-81.577
-81.473
-81.441
-81.395
-81.306
-81.283
-81.253
-81.313
-81.312
-81.294
-81.28
-81.382
-81.498
-81.493
-81.445
-81.482
-81.482
-81.53
-81.495
-81.514
-81.507
-81.518
-81.551
-81.531
-81.562
-81.516
-81.456
-81.483
-81.526
-81.566
-81.592
-81.487
-81.504
-81.518
-81.524
-81.505
-81.501
-81.439
-81.452
-81.474
-81.39
-81.376
-81.437
-81.382
-81.347
-81.292
-81.25
-81.263
-81.234
-81.24
-81.173
-81.144
-81.098
-81.1
-81.152
-81.174
-81.164
-81.06
-81.097
-81.046
-81.069
-81.018
-81.052
-81.053
-81.03
-81.055
-81.007
-80.902
-80.925
-80.952
-80.999
-81.032
-81.049
-80.979
-80.991
-80.926
-80.865
-80.869
-80.852
-80.915
-80.904
-80.874
-80.933
-80.941
-80.868
-81.003
-80.997
-80.938
-80.955
-80.937
-80.909
-80.898
-80.877
-80.889
-80.903
-80.862
-80.939
-81.011
-80.967
-81
-81.093
-81.118
-81.109
-81.093
-81.108
-81.175
-81.184
-81.098
-81.125
-81.137
-81.145
-81.107
-81.069
-81.194
-81.259
-81.306
-81.301
-81.343
-81.4
-81.456
-81.43
-81.391
-81.308
-81.332
-81.358
-81.307
-81.291
-81.345
-81.42
-81.346
-81.294
-81.274
-81.29
-81.188
-81.209
-81.21
-81.13
-81.161
-81.179
-81.163
-81.117
-81.208
-81.255
-81.271
-81.247
-81.159
-81.17
-81.265
-81.353
-81.346
-81.364
-81.417
-81.495
-81.463
-81.46
-81.544
-81.6
-81.589
-81.612
-81.643
-81.63
-81.643
-81.657
-81.658
-81.633
-81.68
-81.77
-81.797
-81.775
-81.797
-81.594
-81.515
-81.561
-81.533
-81.508
-81.548
-81.493
-81.448
-81.447
-81.441
-81.437
-81.511
-81.52
-81.533
-81.583
-81.558
-81.6
-81.67
-81.612
-81.555
-81.535
-81.564
-81.495
-81.523
-81.64
-81.637
-81.624
-81.555
-81.496
-81.511
-81.526
-81.596
-81.655
-81.664
-81.656
-81.644
-81.693
-81.635
-81.68
-81.736
-81.822
-81.802
-81.686
-81.647
-81.641
-81.732
-81.752
-81.791
-81.863
-81.876
-81.956
-81.918
-81.933
-81.89
-81.998
-82.024
-81.935
-81.932
-81.986
-81.972
-82.04
-82.094
-82.128
-82.108
-82.155
-82.173
-82.226
-82.288
-82.364
-82.394
-82.336
-82.317
-82.267
-82.17
-82.22
-82.24
-82.324
-82.327
-82.281
-82.171
-82.24
-82.125
-82.096
-82.189
-82.187
-82.14
-82.168
-82.264
-82.359
-82.439
-82.436
-82.524
-82.565
-82.57
-82.658
-82.687
-82.719
-82.685
-82.677
-82.644
-82.648
-82.692
-82.689
-82.662
-82.651
-82.653
-82.612
-82.631
-82.629
-82.597
-82.615
-82.599
-82.673
-82.671
-82.686
-82.747
-82.756
-82.759
-82.734
-82.691
-82.7
-82.652
-82.578
-82.536
-82.562
-82.491
-82.464
-82.422
-82.44
-82.473
-82.442
-82.487
-82.511
-82.546
-82.597
-82.605
-82.668
-82.645
-82.514
-82.453
-82.481
-82.472
-82.508
-82.619
-82.623
-82.655
-82.693
-82.766
-82.838
-82.855
-82.877
-82.887
-82.916
-82.939
-82.997
-83.055
-83.055
-83.069
-83.024
-82.992
-82.951
-83.132
-83.084
-83.063
-83.077
-82.988
-83.044
-83.076
-83.075
-83.122
-83.194
-83.175
-83.178
-83.188
-83.212
-83.236
-83.239
-83.178
-83.179
-83.207
-83.228
-83.344
-83.371
-83.44
-83.388
-83.374
-83.393
-83.421
-83.366
-83.383
-83.408
-83.321
-83.358
-83.253
-83.226
-83.223
-83.174
-83.074
-83.088
-83.134
-83.158
-83.168
-83.146
-83.11
-83.085
-83.134
-83.094
-83.026
-82.982
-82.965
-82.942
-82.871
-82.984
-82.944
-82.945
-82.916
-82.941
-82.976
-82.873
-82.909
-82.965
-82.882
-82.902
-82.929
-82.908
-82.967
-83.012
-83.007
-82.997
-82.959
-82.959
-82.949
-82.974
-82.965
-82.977
-82.891
-82.882
-82.844
-82.937
-83.007
-82.981
-82.942
-82.875
-82.856
-82.769
-82.71
-82.681
-82.67
-82.631
-82.605
-82.648
-82.695
-82.665
-82.704
-82.721
-82.732
-82.75
-82.684
-82.593
-82.636
-82.578
-82.59
-82.555
-82.571
-82.489
-82.55
-82.546
-82.533
-82.468
-82.535
-82.532
-82.63
-82.608
-82.522
-82.632
-82.651
-82.644
-82.657
-82.677
-82.687
-82.76
-82.732
-82.729
-82.827
-82.85
-82.927
-82.91
-82.883
-82.898
-82.942
-82.949
-82.942
-82.949
-82.997
-82.988
-83.106
-83.069
-83.081
-83.06
-83.071
-83.051
-83.049
-83.018
-83.07
-83.041
-83.023
-83.06
-83.079
-83.146
-83.138
-83.144
-83.153
-83.147
-83.21
-83.194
-83.219
-83.213
-83.281
-83.199
-83.146
-83.088
-83.181
-83.197
-83.198
-83.223
-83.252
-83.289
-83.226
-83.216
-83.262
-83.267
-83.159
-83.15
-83.11
-83.096
-83.224
-83.248
-83.256
-83.311
-83.271
-83.308
-83.21
-83.189
-83.276
-83.401
-83.283
-83.242
-83.271
-83.234
-83.27
-83.211
-83.179
-83.16
-83.219
-83.191
-83.181
-83.056
-82.963
-83.071
-83.075
-83.084
-83.159
-83.136
-83.256
-83.25
-83.214
-83.136
-83.103
-83.218
-83.153
-83.2
-83.173
-83.201
-83.172
-83.055
-83.074
-83.122
-83.136
-83.181
-83.196
-83.157
-83.061
-83.125
-83.12
-83.054
-83.128
-83.143
-83.1
-83.085
-82.982
-82.912
-82.902
-82.889
-82.796
-82.733
-82.776
-82.772
-82.881
-82.912
-82.94
-82.929
-82.961
-82.975
-83.074
-83.064
-83.03
-83.001
-83.062
-83.098
-83.083
-83.161
-83.058
-83.15
-83.127
-83.116
-83.054
-83.039
-83.139
-83.164
-83.121
-83.104
-83.106
-83.103
-83.082
-83.131
-83.107
-83.142
-83.16
-83.145
-83.131
-83.135
-83.166
-83.134
-83.134
-83.175
-83.109
-83.22
-83.232
-83.273
-83.216
-83.258
-83.322
-83.325
-83.375
-83.483
-83.464
-83.509
-83.542
-83.624
-83.678
-83.667
-83.67
-83.674
-83.753
-83.731
-83.773
-83.813
-83.831
-83.706
-83.635
-83.717
-83.772
-83.748
-83.676
-83.688
-83.75
-83.743
-83.749
-83.777
-83.652
-83.634
-83.613
-83.553
-83.534
-83.548
-83.547
-83.633
-83.565
-83.604
-83.533
-83.476
-83.415
-83.334
-83.326
-83.394
-83.413
-83.385
-83.378
-83.395
-83.491
-83.411
-83.401
-83.406
-83.411
-83.471
-83.385
-83.394
-83.445
-83.481
-83.496
-83.493
-83.455
-83.472
-83.437
-83.485
-83.48
-83.366
-83.365
-83.317
-83.302
-83.287
-83.261
-83.267
-83.179
-83.261
-83.344
-83.383
-83.42
-83.467
-83.45
-83.469
-83.482
-83.524
-83.494
-83.537
-83.499
-83.431
-83.456
-83.478
-83.558
-83.641
-83.662
-83.664
-83.761
-83.627
-83.611
-83.65
-83.584
-83.633
-83.543
-83.567
-83.604
-83.568
-83.609
-83.573
-83.454
-83.465
-83.485
-83.502
-83.492
-83.464
-83.51
-83.43
-83.396
-83.402
-83.318
-83.272
-83.295
-83.265
-83.259
-83.346
-83.387
-83.369
-83.356
-83.275
-83.337
-83.369
-83.319
-83.301
-83.19
-83.144
-83.197
-83.229
-83.196
-83.203
-83.315
-83.318
-83.37
-83.397
-83.439
-83.463
-83.449
-83.522
-83.503
-83.57
-83.582
-83.567
-83.635
-83.565
-83.587
-83.633
-83.616
-83.642
-83.656
-83.736
-83.748
-83.714
-83.734
-83.623
-83.589
-83.685
-83.728
-83.726
-83.69
-83.691
-83.713
-83.79
-83.837
-83.937
-84.007
-83.97
-83.994
-84.031
-83.96
-83.939
-83.856
-83.798
-83.86
-83.777
-83.737
-83.837
-83.886
-83.969
-84.026
-84.031
-84.042
-84.03
-83.995
-84.035
-84.119
-84.071
-84.057
-84.108
-84.071
-84.159
-84.096
-84.047
-83.989
-83.934
-83.947
-83.985
-83.988
-84.005
-83.975
-83.977
-83.95
-84.002
-84.095
-84.09
-84.135
-84.116
-84.035
-84.011
-83.962
-83.919
-83.923
-84.003
-83.892
-83.952
-83.95
-83.922
-83.933
-83.917
-83.913
-83.963
-83.906
-83.897
-83.807
-83.86
-83.767
-83.734
-83.79
-83.856
-83.88
-83.833
-83.912
-83.881
-83.97
-84.021
-83.965
-83.881
-83.869
-83.793
-83.842
-83.816
-83.878
-83.851
-83.83
-83.78
-83.768
-83.759
-83.757
-83.719
-83.729
-83.72
-83.787
-83.857
-83.794
-83.842
-83.901
-83.806
-83.814
-83.788
-83.708
-83.705
-83.663
-83.66
-83.606
-83.596
-83.554
-83.538
-83.531
-83.572
-83.658
-83.666
-83.791
-83.749
-83.675
-83.679
-83.658
-83.666
-83.645
-83.781
-83.781
-83.833
-83.867
-83.91
-83.961
-83.931
-83.925
-83.906
-83.851
-83.869
-83.781
-83.704
-83.607
-83.456
-83.435
-83.464
-83.577
-83.528
-83.543
-83.476
-83.583
-83.562
-83.561
-83.62
-83.636
-83.686
-83.716
-83.662
-83.697
-83.698
-83.768
-83.697
-83.627
-83.628
-83.671
-83.627
-83.677
-83.759
-83.759
-83.766
-83.838
-83.827
-83.888
-83.982
-83.873
-83.815
-83.768
-83.723
-83.761
-83.71
-83.706
-83.747
-83.807
-83.833
-83.852
-83.767
-83.749
-83.755
-83.795
-83.788
-83.715
-83.675
-83.663
-83.593
-83.613
-83.674
-83.638
-83.661
-83.604
-83.584
-83.689
-83.745
-83.785
-83.799
-83.744
-83.832
-83.834
-83.743
-83.654
-83.708
-83.662
-83.63
-83.643
-83.705
-83.628
-83.604
-83.644
-83.642
-83.616
-83.574
-83.625
-83.592
-83.674
-83.647
-83.581
-83.589
-83.496
-83.595
-83.556
-83.514
-83.538
-83.586
-83.561
-83.638
-83.613
-83.557
-83.57
-83.563
-83.582
-83.546
-83.606
-83.679
-83.695
-83.678
-83.64
-83.614
-83.587
-83.47
-83.511
-83.53
-83.547
-83.531
-83.435
-83.502
-83.384
-83.456
-83.385
-83.345
-83.356
-83.405
-83.36
-83.34
-83.229
-83.225
-83.212
-83.26
-83.236
-83.254
-83.189
-83.213
-83.185
-83.242
-83.236
-83.356
-83.315
-83.411
-83.359
-83.293
-83.168
-83.144
-83.004
-83.034
-83.084
-83.083
-83.079
-83.048
-83.02
-82.983
-82.968
-82.923
-82.94
-82.903
-82.933
-82.884
-82.856
-82.844
-82.777
-82.767
-82.79
-82.851
-82.906
-82.834
-82.85
-82.846
-82.833
-82.811
-82.851
-82.941
-82.934
-82.887
-82.871
-82.862
-82.757
-82.807
-82.72
-82.815
-82.858
-82.914
-82.857
-82.824
-82.922
-82.864
-82.918
-82.9
-82.887
-82.849
-82.876
-82.821
-82.845
-82.768
-82.655
-82.63
-82.589
-82.534
-82.55
-82.486
-82.469
-82.518
-82.394
-82.284
-82.304
-82.291
-82.299
-82.201
-82.253
-82.2
-82.265
-82.312
-82.332
-82.372
-82.494
-82.512
-82.611
-82.601
-82.559
-82.58
-82.489
-82.518
-82.478
-82.502
-82.501
-82.469
-82.482
-82.576
-82.6
-82.478
-82.407
-82.456
-82.48
-82.415
-82.41
-82.398
-82.461
-82.517
-82.482
-82.462
-82.419
-82.332
-82.368
-82.35
-82.455
-82.442
-82.288
-82.295
-82.286
-82.25
-82.195
-82.204
-82.298
-82.295
-82.263
-82.27
-82.236
-82.247
-82.28
-82.294
-82.304
-82.202
-82.22
-82.28
-82.233
-82.269
-82.282
-82.282
-82.232
-82.276
-82.222
-82.164
-82.16
-82.126
-82.129
-82.041
-81.949
-81.839
-81.842
-81.861
-81.895
-81.889
-81.901
-81.888
-81.86
-81.928
-81.981
-81.956
-81.895
-81.931
-81.911
-81.773
-81.8
-81.849
-81.866
-81.826
-81.824
-81.877
-81.918
-81.9
-81.855
-81.77
-81.805
-81.794
-81.752
-81.774
-81.803
-81.807
-81.729
-81.733
-81.744
-81.749
-81.767
-81.67
-81.711
-81.688
-81.754
-81.793
-81.821
-81.708
-81.81
-81.841
-81.861
-81.881
-81.88
-81.9
-81.936
-81.945
-81.926
-81.953
-81.945
-82.003
-82.038
-81.979
-82.032
-82.065
-82.12
-82.153
-82.127
-82.159
-82.196
-82.133
-82.059
-82.06
-82.093
-82.049
-82.014
-81.964
-82.029
-81.984
-81.985
-82.022
-82.007
-81.934
-81.905
-81.866
-81.903
-81.865
-81.821
-81.78
-81.779
-81.717
-81.781
-81.766
-81.769
-81.859
-81.842
-81.914
-81.825
-81.817
-81.877
-81.903
-81.851
-81.989
-81.913
-81.985
-81.9
-81.876
-81.886
-81.893
-81.884
-81.888
-81.767
-81.799
-81.82
-81.805
-81.783
-81.749
-81.763
-81.643
-81.595
-81.586
-81.635
-81.661
-81.676
-81.787
-81.876
-81.791
-81.803
-81.803
-81.871
-81.889
-81.951
-81.921
-81.915
-81.973
-81.926
-81.944
-81.999
-82.007
-82.091
-82.108
-82.135
-82.062
-82.032
-82.028
-82.061
-82.04
-82.027
-82.031
-82.101
-82.085
-82.075
-82.054
-82.063
-82.046
-82.05
-82.026
-82.038
-81.955
-82.003
-82.041
-82.068
-82.118
-82.151
-82.16
-82.102
-82.142
-82.189
-82.199
-82.22
-82.203
-82.259
-82.353
-82.254
-82.337
-82.325
-82.267
-82.244
-82.186
-82.246
-82.27
-82.201
-82.105
-82.149
-82.133
-82.115
-82.221
-82.287
-82.274
-82.34
-82.388
-82.366
-82.432
-82.464
-82.483
-82.519
-82.51
-82.419
-82.385
-82.379
-82.421
-82.407
-82.447
-82.495
-82.492
-82.508
-82.407
-82.391
-82.352
-82.411
-82.414
-82.483
-82.388
-82.447
-82.462
-82.427
-82.424
-82.419
-82.407
-82.513
-82.504
-82.466
-82.555
-82.555
-82.649
-82.59
-82.603
-82.615
-82.646
-82.686
-82.633
-82.615
-82.63
-82.666
-82.691
-82.828
-82.777
-82.743
-82.85
-82.832
-82.892
-82.79
-82.809
-82.804
-82.941
-82.966
-83.026
-82.98
-82.951
-82.865
-82.793
-82.759
-82.771
-82.852
-82.795
-82.836
-82.88
-82.898
-82.959
-82.89
-82.955
-82.919
-82.95
-83.002
-82.996
-83.032
-82.862
-82.885
-82.862
-82.884
-82.931
-82.995
-82.99
-83.035
-82.974
-82.954
-83.007
-83.012
-82.983
-82.983
-83.054
-83.032
-83.036
-82.977
-82.884
-82.859
-82.881
-82.833
-82.909
-82.809
-82.819
-82.833
-82.812
-82.792
-82.847
-82.846
-82.804
-82.735
-82.721
-82.747
-82.762
-82.819
-82.802
-82.78
-82.741
-82.773
-82.803
-82.761
-82.829
-82.851
-82.868
-82.804
-82.84
-82.778
-82.719
-82.675
-82.634
-82.65
-82.649
-82.692
-82.61
-82.595
-82.589
-82.599
-82.678
-82.648
-82.59
-82.521
-82.518
-82.576
-82.573
-82.546
-82.543
-82.572
-82.622
-82.595
-82.638
-82.673
-82.629
-82.567
-82.588
-82.577
-82.633
-82.605
-82.613
-82.577
-82.587
-82.614
-82.58
-82.626
-82.666
-82.595
-82.504
-82.594
-82.629
-82.577
-82.499
-82.525
-82.571
-82.543
-82.492
-82.538
-82.486
-82.482
-82.518
-82.49
-82.546
-82.637
-82.627
-82.667
-82.572
-82.505
-82.524
-82.468
-82.455
-82.419
-82.424
-82.42
-82.395
-82.331
-82.34
-82.381
-82.337
-82.366
-82.356
-82.278
-82.196
-82.245
-82.366
-82.296
-82.294
-82.283
-82.258
-82.266
-82.171
-82.07
-82.048
-81.999
-82.069
-82.039
-81.993
-81.973
-81.989
-82.018
-82.04
-81.998
-82.064
-82.068
-82.093
-82.122
-82.129
-82.203
-82.208
-82.239
-82.183
-82.187
-82.209
-82.202
-82.13
-82.131
-82.148
-82.129
-82.192
-82.2
-82.18
-82.206
-82.194
-82.145
-82.145
-82.116
-82.03
-81.949
-82.017
-82.102
-82.076
-82.066
-82.048
-82.108
-82.058
-82.037
-81.982
-81.985
-81.981
-81.993
-82.033
-81.982
-81.979
-81.982
-81.895
-81.923
-81.995
-81.96
-81.974
-81.929
-81.899
-81.859
-81.835
-81.726
-81.708
-81.7
-81.715
-81.645
-81.67
-81.664
-81.637
-81.654
-81.641
-81.692
-81.632
-81.721
-81.64
-81.647
-81.691
-81.685
-81.672
-81.623
-81.525
-81.435
-81.399
-81.478
-81.416
-81.483
-81.454
-81.559
-81.571
-81.615
-81.592
-81.561
-81.561
-81.51
-81.559
-81.555
-81.545
-81.615
-81.658
-81.709
-81.746
-81.632
-81.708
-81.727
-81.703
-81.698
-81.681
-81.694
-81.651
-81.731
-81.688
-81.744
-81.691
-81.759
-81.708
-81.651
-81.688
-81.666
-81.703
-81.731
-81.74
-81.777
-81.733
-81.748
-81.886
-81.854
-81.815
-81.703
-81.79
-81.783
-81.773
-81.751
-81.763
-81.72
-81.727
-81.72
-81.68
-81.69
-81.657
-81.619
-81.648
-81.706
-81.711
-81.782
-81.77
-81.836
-81.878
-81.857
-81.794
-81.774
-81.72
-81.745
-81.686
-81.595
-81.671
-81.707
-81.695
-81.678
-81.63
-81.594
-81.599
-81.718
-81.781
-81.816
-81.727
-81.759
-81.746
-81.813
-81.792
-81.848
-81.85
-81.893
-81.887
-81.909
-81.922
-81.979
-82.077
-82.079
-82.176
-82.208
-82.289
-82.266
-82.256
-82.288
-82.248
-82.267
-82.148
-82.126
-82.132
-82.095
-82.085
-82.097
-82.11
-82.072
-82.09
-82.099
-82.059
-82.121
-82.185
-82.174
-82.223
-82.133
-82.055
-82.089
-82.172
-82.185
-82.161
-82.202
-82.267
-82.317
-82.349
-82.381
-82.493
-82.548
-82.537
-82.539
-82.472
-82.49
-82.558
-82.577
-82.532
-82.647
-82.671
-82.659
-82.65
-82.566
-82.592
-82.593
-82.695
-82.706
-82.755
-82.753
-82.697
-82.614
-82.568
-82.624
-82.605
-82.588
-82.624
-82.62
-82.594
-82.57
-82.576
-82.504
-82.608
-82.645
-82.722
-82.77
-82.813
-82.821
-82.877
-82.931
-82.95
-82.994
-83.097
-83.025
-82.991
-83.005
-83.045
-82.92
-82.895
-82.906
-82.89
-82.882
-82.882
-82.935
-83.017
-83.116
-83.111
-83.108
-83.101
-83.036
-82.976
-82.93
-82.935
-82.915
-82.889
-82.927
-82.977
-83.058
-82.999
-82.992
-82.993
-83.035
-83.039
-83.15
-83.124
-83.115
-83.051
-83.055
-82.961
-82.945
-82.859
-82.877
-82.894
-82.934
-82.966
-82.931
-83.028
-82.967
-82.948
-82.99
-82.963
-82.913
-82.901
-82.79
-82.779
-82.769
-82.764
-82.625
-82.612
-82.627
-82.619
-82.643
-82.633
-82.668
-82.719
-82.764
-82.809
-82.891
-82.874
-82.797
-82.735
-82.737
-82.74
-82.793
-82.88
-82.927
-82.902
-82.807
-82.927
-82.913
-82.934
-82.964
-82.929
-82.944
-82.945
-82.909
-82.862
-82.733
-82.686
-82.617
-82.616
-82.588
-82.571
-82.586
-82.615
-82.516
-82.53
-82.522
-82.559
-82.601
-82.578
-82.542
-82.552
-82.508
-82.526
-82.46
-82.433
-82.418
-82.396
-82.406
-82.382
-82.394
-82.427
-82.419
-82.423
-82.374
-82.505
-82.404
-82.306
-82.346
-82.312
-82.29
-82.314
-82.267
-82.333
-82.395
-82.374
-82.428
-82.468
-82.441
-82.394
-82.404
-82.44
-82.477
-82.555
-82.581
-82.579
-82.71
-82.7
-82.716
-82.764
-82.727
-82.685
-82.637
-82.676
-82.69
-82.617
-82.617
-82.606
-82.508
-82.516
-82.55
-82.563
-82.655
-82.626
-82.687
-82.701
-82.737
-82.677
-82.708
-82.685
-82.722
-82.822
-82.876
-82.801
-82.824
-82.718
-82.651
-82.668
-82.697
-82.767
-82.727
-82.714
-82.664
-82.637
-82.609
-82.621
-82.647
-82.634
-82.595
-82.578
-82.508
-82.497
-82.438
-82.435
-82.415
-82.316
-82.23
-82.135
-82.082
-82.014
-82.056
-82.041
-82.081
-82.074
-82.173
-82.198
-82.257
-82.248
-82.231
-82.298
-82.373
-82.394
-82.326
-82.361
-82.474
-82.474
-82.434
-82.405
-82.401
-82.345
-82.379
-82.483
-82.47
-82.496
-82.435
-82.486
-82.549
-82.643
-82.648
-82.69
-82.647
-82.649
-82.567
-82.572
-82.593
-82.544
-82.462
-82.405
-82.429
-82.411
-82.412
-82.465
-82.484
-82.405
-82.394
-82.411
-82.464
-82.58
-82.522
-82.475
-82.32
-82.365
-82.354
-82.369
-82.432
-82.481
-82.488
-82.499
-82.538
-82.536
-82.546
-82.545
-82.533
-82.535
-82.564
-82.583
-82.667
-82.678
-82.709
-82.7
-82.719
-82.66
-82.7
-82.648
-82.618
-82.608
-82.643
-82.517
-82.55
-82.66
-82.527
-82.523
-82.486
-82.483
-82.417
-82.445
-82.402
-82.353
-82.33
-82.353
-82.329
-82.319
-82.377
-82.408
-82.37
-82.33
-82.351
-82.327
-82.308
-82.346
-82.299
-82.232
-82.299
-82.368
-82.34
-82.299
-82.366
-82.34
-82.358
-82.425
-82.446
-82.446
-82.44
-82.607
-82.618
-82.553
-82.474
-82.434
-82.521
-82.522
-82.565
-82.604
-82.646
-82.625
-82.576
-82.624
-82.699
-82.692
-82.717
-82.818
-82.755
-82.804
-82.774
-82.74
-82.69
-82.729
-82.729
-82.71
-82.669
-82.666
-82.688
-82.676
-82.644
-82.644
-82.648
-82.607
-82.719
-82.674
-82.656
-82.698
-82.707
-82.604
-82.591
-82.55
-82.508
-82.578
-82.554
-82.469
-82.454
-82.475
-82.436
-82.445
-82.363
-82.434
-82.41
-82.389
-82.35
-82.4
-82.387
-82.441
-82.503
-82.498
-82.427
-82.378
-82.37
-82.324
-82.237
-82.183
-82.192
-82.16
-82.135
-82.146
-82.135
-82.127
-82.135
-82.14
-82.276
-82.164
-82.187
-82.154
-82.125
-82.123
-82.149
-82.185
-82.097
-82.082
-82.172
-82.189
-82.148
-82.215
-82.162
-82.062
-82.09
-82.004
-82.038
-82.018
-82.025
-82.066
-82.098
-82.149
-82.094
-82.104
-82.188
-82.186
-82.097
-81.994
-82.054
-81.974
-81.882
-81.839
-81.763
-81.704
-81.641
-81.644
-81.569
-81.634
-81.68
-81.654
-81.7
-81.77
-81.747
-81.823
-81.726
-81.682
-81.594
-81.554
-81.611
-81.624
-81.554
-81.616
-81.594
-81.587
-81.545
-81.541
-81.508
-81.516
-81.525
-81.597
-81.549
-81.492
-81.567
-81.63
-81.663
-81.645
-81.644
-81.653
-81.649
-81.624
-81.596
-81.57
-81.445
-81.476
-81.521
-81.537
-81.482
-81.397
-81.36
-81.342
-81.348
-81.311
-81.308
-81.343
-81.397
-81.38
-81.372
-81.396
-81.384
-81.369
-81.468
-81.48
-81.573
-81.514
-81.585
-81.588
-81.49
-81.476
-81.511
-81.417
-81.478
-81.541
-81.598
-81.682
-81.69
-81.663
-81.657
-81.6
-81.555
-81.55
-81.52
-81.524
-81.539
-81.554
-81.494
-81.479
-81.532
-81.537
-81.504
-81.507
-81.539
-81.551
-81.567
-81.552
-81.523
-81.508
-81.609
-81.633
-81.605
-81.605
-81.707
-81.668
-81.679
-81.666
-81.696
-81.637
-81.636
-81.639
-81.683
-81.722
-81.726
-81.639
-81.584
-81.526
-81.612
-81.578
-81.596
-81.66
-81.658
-81.721
-81.722
-81.651
-81.635
-81.627
-81.607
-81.586
-81.6
-81.613
-81.541
-81.547
-81.611
-81.578
-81.601
-81.656
-81.705
-81.659
-81.671
-81.657
-81.695
-81.699
-81.756
-81.729
-81.737
-81.736
-81.691
-81.621
-81.588
-81.649
-81.772
-81.759
-81.771
-81.816
-81.775
-81.798
-81.739
-81.792
-81.81
-81.799
-81.758
-81.67
-81.699
-81.672
-81.679
-81.649
-81.692
-81.663
-81.739
-81.772
-81.751
-81.797
-81.711
-81.719
-81.762
-81.752
-81.636
-81.648
-81.702
-81.692
-81.668
-81.654
-81.666
-81.705
-81.742
-81.668
-81.713
-81.643
-81.722
-81.677
-81.737
-81.742
-81.689
-81.619
-81.614
-81.506
-81.577
-81.639
-81.699
-81.72
-81.65
-81.614
-81.566
-81.639
-81.603
-81.605
-81.569
-81.544
-81.639
-81.685
-81.689
-81.707
-81.746
-81.864
-81.773
-81.868
-81.79
-81.83
-81.838
-81.87
-81.866
-81.931
-81.905
-81.895
-81.83
-81.738
-81.689
-81.643
-81.637
-81.618
-81.58
-81.551
-81.467
-81.45
-81.379
-81.385
-81.255
-81.21
-81.174
-81.133
-81.016
-80.983
-80.962
-80.931
-80.889
-80.949
-80.969
-80.899
-80.938
-80.966
-80.92
-80.952
-81.003
-80.991
-80.962
-80.984
-80.825
-80.899
-80.783
-80.732
-80.7
-80.617
-80.571
-80.624
-80.592
-80.589
-80.507
-80.374
-80.322
-80.325
-80.334
-80.346
-80.294
-80.271
-80.348
-80.415
-80.385
-80.393
-80.409
-80.381
-80.488
-80.445
-80.421
-80.509
-80.582
-80.511
-80.557
-80.481
-80.485
-80.449
-80.426
-80.463
-80.466
-80.452
-80.491
-80.498
-80.448
-80.4
-80.403
-80.355
-80.333
-80.267
-80.209
-80.236
-80.305
-80.242
-80.18
-80.119
-80.125
-80.135
-80.061
-80.016
-80.071
-80.181
-80.203
-80.302
-80.204
-80.221
-80.193
-80.239
-80.293
-80.251
-80.275
-80.193
-80.15
-80.207
-80.259
-80.241
-80.182
-80.267
-80.288
-80.243
-80.198
-80.305
-80.284
-80.232
-80.262
-80.186
-80.241
-80.293
-80.21
-80.232
-80.206
-80.237
-80.255
-80.195
-80.195
-80.157
-80.156
-80.168
-80.109
-80.132
-80.093
-80.137
-80.168
-80.097
-80.138
-80.087
-80.099
-80.175
-80.159
-80.174
-80.198
-80.225
-80.232
-80.327
-80.329
-80.277
-80.242
-80.212
-80.177
-80.193
-80.196
-80.131
-79.994
-79.961
-79.906
-79.828
-79.811
-79.82
-79.81
-79.798
-79.778
-79.809
-79.796
-79.778
-79.764
-79.677
-79.806
-79.859
-79.839
-79.809
-79.927
-79.881
-79.903
-79.85
-79.851
-79.852
-79.893
-80.008
-80.06
-79.953
-79.929
-79.937
-79.952
-79.916
-79.817
-79.974
-79.955
-80.051
-80.143
-80.185
-80.173
-80.174
-80.166
-80.122
-80.079
-80.04
-80.06
-80.15
-80.111
-80.124
-80.136
-80.034
-80.045
-80.026
-80.038
-80.098
-80.082
-80.026
-80.043
-80.026
-79.915
-79.929
-79.966
-79.97
-79.96
-79.934
-80.023
-80.063
-79.949
-79.949
-79.955
-79.921
-79.945
-79.978
-80.006
-79.915
-79.944
-79.852
-79.865
-79.917
-79.922
-79.888
-79.831
-79.779
-79.736
-79.711
-79.748
-79.629
-79.643
-79.581
-79.584
-79.55
-79.673
-79.59
-79.634
-79.729
-79.748
-79.73
-79.671
-79.608
-79.682
-79.641
-79.685
-79.662
-79.634
-79.678
-79.743
-79.782
-79.748
-79.759
-79.775
-79.763
-79.724
-79.742
-79.707
-79.699
-79.654
-79.664
-79.763
-79.679
-79.729
-79.787
-79.849
-79.949
-80.049
-80.12
-80.119
-80.123
-80.129
-80.16
-80.147
-80.118
-80.163
-80.171
-80.133
-80.119
-80.121
-80.108
-80.137
-80.062
-80.1
-80.144
-80.203
-80.198
-80.13
-80.198
-80.26
-80.282
-80.198
-80.231
-80.25
-80.269
-80.317
-80.295
-80.374
-80.346
-80.344
-80.286
-80.204
-80.201
-80.152
-80.146
-80.142
-80.045
-80.098
-80.022
-80.065
-80.136
-80.095
-80.055
-80.005
-80.111
-80.095
-80.047
-80.094
-80.088
-80.136
-80.176
-80.207
-80.264
-80.211
-80.218
-80.257
-80.228
-80.32
-80.298
-80.285
-80.354
-80.327
-80.266
-80.284
-80.274
-80.433
-80.495
-80.533
-80.555
-80.652
-80.615
-80.569
-80.612
-80.63
-80.608
-80.501
-80.468
-80.464
-80.37
-80.391
-80.338
-80.352
-80.393
-80.362
-80.428
-80.44
-80.353
-80.318
-80.417
-80.316
-80.297
-80.221
-80.181
-80.223
-80.219
-80.261
-80.259
-80.161
-80.129
-80.142
-80.136
-80.183
-80.258
-80.284
-80.265
-80.211
-80.193
-80.295
-80.365
-80.375
-80.332
-80.298
-80.289
-80.283
-80.29
-80.361
-80.358
-80.309
-80.365
-80.383
-80.326
-80.351
-80.329
-80.404
-80.482
-80.51
-80.422
-80.481
-80.363
-80.412
-80.418
-80.367
-80.369
-80.38
-80.266
-80.267
-80.248
-80.25
-80.33
-80.356
-80.393
-80.322
-80.303
-80.384
-80.425
-80.482
-80.489
-80.493
-80.534
-80.52
-80.527
-80.556
-80.526
-80.518
-80.516
-80.485
-80.536
-80.473
-80.493
-80.437
-80.449
-80.484
-80.511
-80.435
-80.486
-80.395
-80.312
-80.237
-80.225
-80.176
-80.102
-80.014
-79.994
-80.132
-80.121
-80.189
-80.164
-80.107
-80.11
-80.073
-80.039
-80.047
-80.101
-80.078
-80.054
-80.088
-80.035
-80.005
-79.995
-79.994
-79.991
-80.065
-80.004
-80.059
-80.059
-80.151
-80.198
-80.078
-80.068
-80.038
-80.078
-80.008
-79.998
-80.043
-80.1
-80.157
-80.244
-80.233
-80.214
-80.23
-80.206
-80.159
-80.168
-80.199
-80.164
-80.145
-80.119
-80.11
-80.166
-80.12
-80.027
-80.05
-80.058
-80.11
-80.176
-80.272
-80.282
-80.249
-80.404
-80.443
-80.457
-80.423
-80.433
-80.405
-80.371
-80.367
-80.38
-80.41
-80.414
-80.389
-80.348
-80.402
-80.504
-80.465
-80.372
-80.412
-80.368
-80.386
-80.415
-80.373
-80.295
-80.219
-80.204
-80.179
-80.177
-80.156
-80.09
-80.14
-80.052
-80.087
-80.069
-80.005
-79.989
-79.929
-79.947
-80.012
-79.96
-79.882
-79.867
-79.913
-79.91
-79.992
-79.995
-80.034
-80.107
-80.053
-80.149
-80.164
-80.206
-80.153
-80.195
-80.23
-80.24
-80.232
-80.188
-80.181
-80.208
-80.288
-80.337
-80.342
-80.376
-80.457
-80.434
-80.449
-80.413
-80.381
-80.356
-80.289
-80.297
-80.391
-80.373
-80.329
-80.39
-80.269
-80.338
-80.305
-80.289
-80.218
-80.243
-80.264
-80.281
-80.36
-80.323
-80.261
-80.209
-80.177
-80.215
-80.202
-80.119
-80.031
-80.084
-80.033
-79.998
-79.893
-79.81
-79.851
-79.936
-79.879
-79.971
-79.935
-80.045
-80.097
-80.072
-80.12
-80.091
-80.05
-80.034
-80.019
-80.02
-80.057
-80.06
-80.063
-80.068
-80.095
-79.975
-79.901
-79.877
-79.9
-79.962
-79.934
-79.94
-79.972
-79.959
-79.987
-80.078
-80.101
-80.12
-80.126
-79.988
-79.958
-79.947
-79.964
-80.001
-79.946
-80.027
-80.124
-80.049
-80.116
-80.099
-79.965
-79.977
-79.969
-79.916
-79.909
-79.95
-79.997
-80
-79.987
-79.894
-79.928
-79.937
-79.949
-80.05
-80.037
-80.1
-80.091
-80.149
-80.088
-80.074
-80.071
-80.013
-80.075
-79.932
-79.938
-79.92
-79.948
-79.934
-79.943
-80.008
-79.976
-79.956
-80.001
-79.965
-79.95
-79.944
-79.92
-79.866
-79.818
-79.836
-79.737
-79.757
-79.854
-79.891
-79.948
-79.936
-79.929
-79.781
-79.761
-79.822
-79.895
-79.947
-79.966
-80.086
-80.042
-80.086
-80.151
-80.124
-80.057
-80.024
-79.959
-79.893
-79.928
-79.934
-79.928
-80.018
-80.078
-80.037
-80.102
-80.104
-80.076
-80.103
-80.154
-80.148
-80.134
-80.098
-80.072
-80.146
-80.146
-80.066
-79.998
-80.101
-80.079
-80.105
-80.09
-80.168
-80.165
-80.141
-80.185
-80.105
-80.002
-80.043
-80.067
-80.071
-80.065
-80.138
-80.198
-80.175
-80.246
-80.232
-80.208
-80.13
-80.133
-80.142
-80.18
-80.184
-80.211
-80.273
-80.226
-80.297
-80.269
-80.187
-80.166
-80.143
-80.03
-80.106
-80.083
-80.101
-80.143
-80.158
-80.113
-80.071
-80.095
-80.037
-80.004
-80.076
-80.143
-80.172
-80.151
-80.186
-80.138
-80.097
-80.111
-80.099
-80.058
-80.184
-80.15
-80.186
-80.164
-80.166
-80.127
-80.143
-80.179
-80.196
-80.162
-80.223
-80.243
-80.22
-80.062
-80.066
-80.07
-80.138
-80.139
-80.161
-80.142
-80.031
-80.051
-80.045
-80.1
-80.045
-80.005
-80.036
-79.992
-79.991
-79.923
-79.963
-79.997
-80.022
-80.014
-79.959
-79.95
-79.936
-79.97
-79.926
-79.938
-79.991
-80.033
-80.108
-80.242
-80.161
-80.306
-80.254
-80.296
-80.309
-80.364
-80.352
-80.249
-80.256
-80.332
-80.352
-80.417
-80.41
-80.418
-80.411
-80.325
-80.366
-80.286
-80.218
-80.181
-80.24
-80.23
-80.295
-80.363
-80.337
-80.309
-80.365
-80.44
-80.415
-80.406
-80.386
-80.345
-80.331
-80.372
-80.407
-80.393
-80.456
-80.387
-80.401
-80.37
-80.441
-80.39
-80.35
-80.29
-80.202
-80.216
-80.178
-80.293
-80.149
-80.328
-80.336
-80.336
-80.334
-80.26
-80.187
-80.186
-80.305
-80.283
-80.256
-80.225
-80.155
-80.126
-80.176
-80.238
-80.258
-80.319
-80.296
-80.249
-80.264
-80.239
-80.269
-80.224
-80.251
-80.214
-80.172
-80.098
-80.012
-79.9
-79.916
-79.935
-80.017
-80.019
-79.95
-80.008
-79.997
-80.019
-80.047
-80.175
-80.204
-80.153
-80.115
-80.192
-80.17
-80.194
-80.228
-80.145
-80.194
-80.174
-80.145
-80.044
-80.085
-80.149
-80.119
-80.053
-80.094
-80.092
-80
-80.003
-80.04
-80.048
-80.088
-80.106
-80.115
-80.138
-80.178
-80.157
-80.182
-80.114
-80.147
-80.078
-79.994
-80.012
-80.008
-79.972
-80.034
-80.005
-80.025
-79.972
-80.056
-80.064
-80.064
-80.066
-80.201
-80.186
-80.28
-80.184
-80.229
-80.237
-80.254
-80.149
-80.178
-80.197
-80.247
-80.296
-80.24
-80.271
-80.277
-80.233
-80.213
-80.129
-80.225
-80.294
-80.341
-80.454
-80.423
-80.385
-80.317
-80.331
-80.258
-80.228
-80.186
-80.24
-80.217
-80.159
-79.992
-80.01
-80.005
-80.028
-80.055
-79.958
-79.909
-79.847
-79.836
-79.845
-79.807
-79.834
-79.802
-79.749
-79.784
-79.825
-79.77
-79.79
-79.697
-79.679
-79.611
-79.515
-79.62
-79.599
-79.642
-79.611
-79.602
-79.588
-79.642
-79.633
-79.564
-79.492
-79.425
-79.394
-79.355
-79.28
-79.152
-79.134
-79.081
-79.194
-79.244
-79.189
-79.131
-79.204
-79.117
-79.073
-79.043
-78.943
-78.926
-78.826
-78.956
-79.022
-78.878
-78.89
-78.956
-78.966
-78.977
-78.976
-78.953
-79.013
-78.989
-79.003
-79.018
-78.989
-78.958
-78.857
-78.858
-78.85
-78.83
-78.816
-78.832
-78.821
-78.787
-78.797
-78.752
-78.798
-78.763
-78.79
-78.731
-78.68
-78.75
-78.856
-78.916
-78.934
-78.914
-78.883
-78.814
-78.851
-78.736
-78.716
-78.675
-78.69
-78.709
-78.688
-78.643
-78.713
-78.804
-78.83
-78.913
-78.893
-78.979
-79.02
-79.007
-79.024
-79.046
-78.97
-78.794
-78.898
-78.955
-78.905
-78.976
-78.892
-78.981
-78.911
-78.999
-79.007
-78.964
-79.062
-79.041
-79.037
-79.003
-78.921
-78.829
-78.842
-78.869
-78.889
-78.85
-78.813
-78.941
-79.005
-79.013
-78.988
-78.932
-78.901
-78.878
-78.918
-79.006
-78.981
-78.968
-79.005
-78.951
-78.965
-78.969
-78.937
-78.935
-79.022
-79.093
-78.983
-79.034
-78.977
-78.999
-79.019
-79.085
-79.092
-79.045
-79.036
-79.041
-79.028
-79.006
-78.96
-78.959
-78.973
-79.017
-79.05
-79.01
-79.02
-78.957
-78.982
-78.961
-78.975
-78.946
-78.98
-78.976
-78.965
-78.969
-78.906
-78.967
-78.951
-78.961
-78.993
-78.965
-79.072
-79.126
-79.17
-79.066
-79.044
-78.937
-78.968
-79.028
-78.953
-78.966
-79.004
-79.007
-78.923
-79.021
-79.11
-79.174
-79.217
-79.179
-79.272
-79.255
-79.257
-79.285
-79.285
-79.168
-79.147
-79.135
-79.164
-79.245
-79.299
-79.283
-79.226
-79.225
-79.21
-79.192
-79.198
-79.149
-79.151
-79.166
-79.155
-79.161
-79.12
-79.206
-79.217
-79.167
-79.128
-79.15
-79.148
-79.093
-79.101
-79.199
-79.182
-79.237
-79.186
-79.072
-78.978
-78.973
-78.998
-78.986
-78.968
-79.05
-79.023
-79.057
-79.057
-79.059
-79.049
-79.073
-79.033
-79.046
-79.01
-79.1
-79.115
-79.174
-79.229
-79.252
-79.253
-79.279
-79.296
-79.236
-79.271
-79.282
-79.282
-79.312
-79.301
-79.246
-79.358
-79.378
-79.424
-79.421
-79.371
-79.284
-79.333
-79.32
-79.282
-79.307
-79.412
-79.264
-79.26
-79.189
-79.272
-79.286
-79.285
-79.329
-79.331
-79.377
-79.356
-79.337
-79.276
-79.283
-79.198
-79.163
-79.092
-79.132
-79.167
-79.149
-79.084
-79.104
-79.064
-79.08
-79.109
-79.171
-79.209
-79.174
-79.251
-79.286
-79.243
-79.356
-79.385
-79.38
-79.491
-79.548
-79.57
-79.555
-79.529
-79.514
-79.533
-79.505
-79.493
-79.525
-79.475
-79.5
-79.561
-79.558
-79.482
-79.478
-79.433
-79.428
-79.495
-79.514
-79.592
-79.485
-79.53
-79.49
-79.516
-79.48
-79.476
-79.429
-79.488
-79.603
-79.542
-79.6
-79.618
-79.665
-79.548
-79.508
-79.584
-79.586
-79.552
-79.58
-79.538
-79.554
-79.516
-79.485
-79.415
-79.403
-79.474
-79.574
-79.569
-79.584
-79.663
-79.6
-79.608
-79.723
-79.708
-79.746
-79.785
-79.732
-79.791
-79.749
-79.748
-79.678
-79.646
-79.623
-79.649
-79.684
-79.678
-79.619
-79.561
-79.476
-79.506
-79.521
-79.506
-79.509
-79.442
-79.341
-79.337
-79.352
-79.383
-79.449
-79.554
-79.576
-79.653
-79.573
-79.666
-79.601
-79.595
-79.549
-79.497
-79.528
-79.505
-79.508
-79.489
-79.575
-79.567
-79.54
-79.578
-79.646
-79.615
-79.624
-79.648
-79.704
-79.602
-79.649
-79.571
-79.616
-79.558
-79.515
-79.566
-79.638
-79.621
-79.611
-79.632
-79.63
-79.634
-79.681
-79.784
-79.801
-79.792
-79.758
-79.728
-79.654
-79.654
-79.613
-79.654
-79.727
-79.729
-79.668
-79.68
-79.672
-79.581
-79.648
-79.612
-79.539
-79.554
-79.531
-79.598
-79.637
-79.651
-79.724
-79.812
-79.78
-79.789
-79.745
-79.713
-79.727
-79.645
-79.611
-79.576
-79.612
-79.62
-79.625
-79.624
-79.597
-79.6
-79.492
-79.446
-79.446
-79.472
-79.471
-79.485
-79.51
-79.43
-79.447
-79.459
-79.504
-79.574
-79.536
-79.566
-79.54
-79.535
-79.596
-79.664
-79.667
-79.634
-79.68
-79.722
-79.808
-79.795
-79.778
-79.833
-79.823
-79.778
-79.772
-79.775
-79.76
-79.712
-79.757
-79.695
-79.737
-79.714
-79.651
-79.698
-79.679
-79.684
-79.682
-79.688
-79.665
-79.651
-79.691
-79.75
-79.67
-79.739
-79.762
-79.721
-79.72
-79.696
-79.694
-79.677
-79.755
-79.707
-79.77
-79.812
-79.772
-79.846
-79.853
-79.914
-79.925
-79.86
-79.861
-79.825
-79.846
-79.775
-79.791
-79.774
-79.738
-79.658
-79.75
-79.684
-79.665
-79.62
-79.627
-79.642
-79.644
-79.595
-79.607
-79.519
-79.514
-79.563
-79.613
-79.6
-79.558
-79.567
-79.53
-79.467
-79.494
-79.592
-79.564
-79.535
-79.512
-79.535
-79.454
-79.448
-79.386
-79.412
-79.319
-79.344
-79.321
-79.28
-79.322
-79.273
-79.213
-79.237
-79.209
-79.254
-79.2
-79.274
-79.154
-79.136
-79.239
-79.158
-79.158
-79.226
-79.268
-79.214
-79.198
-79.129
-79.006
-78.961
-78.99
-78.99
-79.001
-79.075
-79.057
-79.067
-79.079
-78.999
-79.013
-79
-79.1
-79.132
-79.148
-79.108
-79.186
-79.237
-79.322
-79.4
-79.384
-79.3
-79.347
-79.372
-79.386
-79.49
-79.46
-79.555
-79.496
-79.427
-79.459
-79.455
-79.463
-79.514
-79.455
-79.477
-79.438
-79.486
-79.455
-79.464
-79.533
-79.54
-79.592
-79.511
-79.555
-79.563
-79.587
-79.698
-79.717
-79.653
-79.666
-79.617
-79.67
-79.635
-79.574
-79.622
-79.594
-79.556
-79.608
-79.484
-79.418
-79.373
-79.4
-79.378
-79.239
-79.253
-79.302
-79.26
-79.224
-79.19
-79.121
-79.023
-79.075
-78.983
-79.003
-78.956
-78.899
-78.972
-78.88
-78.868
-78.707
-78.695
-78.667
-78.628
-78.584
-78.55
-78.555
-78.595
-78.617
-78.636
-78.651
-78.718
-78.649
-78.655
-78.65
-78.777
-78.762
-78.799
-78.712
-78.65
-78.691
-78.648
-78.654
-78.644
-78.695
-78.762
-78.749
-78.665
-78.72
-78.722
-78.739
-78.757
-78.762
-78.855
-78.903
-78.88
-78.785
-78.792
-78.704
-78.644
-78.644
-78.635
-78.529
-78.481
-78.438
-78.432
-78.503
-78.409
-78.456
-78.503
-78.503
-78.48
-78.414
-78.36
-78.332
-78.37
-78.371
-78.317
-78.333
-78.331
-78.34
-78.299
-78.237
-78.23
-78.215
-78.136
-78.151
-78.128
-78.099
-78.087
-78.015
-78.05
-78.157
-78.09
-78.14
-78.162
-78.152
-78.202
-78.17
-78.141
-78.184
-78.1
-78.116
-78.174
-78.148
-78.192
-78.213
-78.212
-78.158
-78.196
-78.224
-78.138
-78.09
-78.094
-78.158
-78.177
-78.219
-78.229
-78.176
-78.178
-78.173
-78.143
-78.087
-78.024
-78.005
-78.046
-78.037
-78.054
-78.04
-78.123
-78.126
-78.155
-78.097
-78.142
-78.204
-78.148
-78.135
-78.11
-78.024
-78.091
-77.998
-78
-78.032
-77.996
-77.987
-77.959
-77.963
-78.021
-77.959
-77.965
-77.919
-77.928
-77.98
-77.955
-77.948
-77.931
-77.966
-78.01
-77.926
-77.876
-77.86
-77.86
-77.758
-77.742
-77.741
-77.756
-77.724
-77.738
-77.752
-77.758
-77.725
-77.701
-77.704
-77.756
-77.757
-77.782
-77.769
-77.72
-77.67
-77.703
-77.648
-77.66
-77.801
-77.81
-77.85
-77.802
-77.838
-77.848
-77.848
-77.957
-77.936
-78.015
-78.024
-78.068
-78.131
-78.107
-78.017
-77.973
-77.977
-78.073
-78.147
-78.031
-78.038
-77.967
-77.885
-77.969
-77.95
-78.025
-78.042
-78.061
-78.03
-78.035
-78.025
-77.932
-77.98
-77.882
-77.82
-77.853
-77.74
-77.849
-77.794
-77.808
-77.796
-77.788
-77.747
-77.828
-77.934
-77.96
-77.915
-77.819
-77.796
-77.814
-77.921
-77.962
-77.902
-77.98
-77.991
-78.038
-77.947
-77.898
-77.84
-77.759
-77.826
-77.871
-77.88
-77.875
-77.813
-77.804
-77.903
-78
-78.002
-78.139
-78.106
-78.164
-78.234
-78.261
-78.224
-78.304
-78.237
-78.218
-78.282
-78.265
-78.238
-78.217
-78.212
-78.228
-78.239
-78.24
-78.319
-78.239
-78.206
-78.199
-78.22
-78.139
-78.096
-78.11
-78.104
-78.108
-78.132
-78.132
-78.17
-78.217
-78.222
-78.243
-78.308
-78.356
-78.318
-78.364
-78.443
-78.441
-78.434
-78.477
-78.52
-78.537
-78.505
-78.473
-78.451
-78.443
-78.392
-78.273
-78.335
-78.416
-78.393
-78.346
-78.282
-78.361
-78.363
-78.416
-78.436
-78.448
-78.427
-78.445
-78.473
-78.428
-78.483
-78.456
-78.361
-78.36
-78.404
-78.508
-78.494
-78.502
-78.537
-78.616
-78.689
-78.594
-78.539
-78.517
-78.508
-78.586
-78.572
-78.604
-78.571
-78.597
-78.589
-78.631
-78.626
-78.611
-78.574
-78.633
-78.609
-78.586
-78.6
-78.619
-78.576
-78.469
-78.582
-78.637
-78.664
-78.688
-78.726
-78.796
-78.794
-78.679
-78.664
-78.627
-78.637
-78.703
-78.66
-78.681
-78.606
-78.611
-78.639
-78.672
-78.711
-78.663
-78.724
-78.714
-78.812
-78.898
-78.866
-78.904
-78.908
-78.834
-78.788
-78.898
-78.813
-78.783
-78.753
-78.689
-78.745
-78.779
-78.795
-78.731
-78.687
-78.757
-78.776
-78.744
-78.779
-78.835
-78.861
-78.796
-78.844
-78.898
-78.902
-78.952
-78.926
-78.94
-78.892
-78.793
-78.767
-78.773
-78.756
-78.737
-78.725
-78.638
-78.539
-78.509
-78.564
-78.558
-78.539
-78.606
-78.612
-78.599
-78.664
-78.703
-78.777
-78.805
-78.8
-78.819
-78.904
-78.951
-79.047
-79.098
-79.06
-78.995
-79.044
-79.084
-78.996
-79.049
-79.068
-79.052
-79.051
-79.065
-79.06
-79.072
-79.152
-79.187
-79.104
-79.136
-79.175
-79.184
-79.204
-79.202
-79.342
-79.372
-79.397
-79.456
-79.504
-79.626
-79.565
-79.54
-79.49
-79.496
-79.446
-79.466
-79.535
-79.445
-79.458
-79.48
-79.514
-79.583
-79.53
-79.522
-79.58
-79.614
-79.573
-79.573
-79.606
-79.539
-79.548
-79.469
-79.469
-79.374
-79.524
-79.516
-79.476
-79.471
-79.383
-79.343
-79.439
-79.543
-79.585
-79.605
-79.606
-79.597
-79.604
-79.568
-79.559
-79.573
-79.517
-79.468
-79.578
-79.594
-79.539
-79.519
-79.589
-79.649
-79.7
-79.702
-79.714
-79.708
-79.822
-79.732
-79.693
-79.724
-79.685
-79.632
-79.705
-79.732
-79.721
-79.736
-79.815
-79.844
-79.832
-79.834
-79.831
-79.765
-79.77
-79.721
-79.651
-79.574
-79.563
-79.532
-79.565
-79.645
-79.685
-79.756
-79.675
-79.712
-79.685
-79.725
-79.742
-79.784
-79.808
-79.787
-79.801
-79.819
-79.757
-79.741
-79.725
-79.699
-79.737
-79.691
-79.6
-79.597
-79.52
-79.562
-79.601
-79.705
-79.76
-79.729
-79.753
-79.737
-79.768
-79.77
-79.774
-79.801
-79.784
-79.692
-79.572
-79.514
-79.451
-79.422
-79.411
-79.474
-79.385
-79.389
-79.489
-79.483
-79.483
-79.47
-79.521
-79.495
-79.473
-79.495
-79.425
-79.438
-79.415
-79.516
-79.545
-79.59
-79.544
-79.472
-79.628
-79.655
-79.72
-79.737
-79.835
-79.894
-79.896
-79.889
-79.873
-79.89
-79.921
-79.896
-79.895
-79.919
-79.855
-79.884
-79.833
-79.84
-79.863
-79.93
-79.948
-79.969
-79.978
-79.979
-79.98
-79.99
-79.966
-79.974
-80.004
-80.002
-80.001
-79.991
-80.02
-79.972
-79.881
-79.898
-79.79
-79.823
-79.774
-79.846
-79.787
-79.877
-79.821
-79.754
-79.775
-79.72
-79.783
-79.647
-79.647
-79.651
-79.592
-79.536
-79.521
-79.465
-79.495
-79.4
-79.373
-79.339
-79.435
-79.501
-79.501
-79.53
-79.515
-79.488
-79.632
-79.547
-79.593
-79.601
-79.55
-79.557
-79.493
-79.499
-79.564
-79.633
-79.647
-79.544
-79.56
-79.562
-79.511
-79.473
-79.383
-79.459
-79.437
-79.438
-79.495
-79.407
-79.456
-79.509
-79.563
-79.586
-79.545
-79.493
-79.485
-79.505
-79.576
-79.519
-79.518
-79.566
-79.523
-79.567
-79.541
-79.502
-79.473
-79.549
-79.461
-79.557
-79.552
-79.558
-79.507
-79.605
-79.608
-79.575
-79.526
-79.502
-79.562
-79.484
-79.534
-79.526
-79.44
-79.383
-79.378
-79.334
-79.461
-79.518
-79.526
-79.473
-79.438
-79.438
-79.437
-79.431
-79.384
-79.264
-79.18
-79.172
-79.164
-79.138
-79.095
-79.051
-79.09
-79.035
-79.067
-79.047
-79.106
-79.1
-79.173
-79.212
-79.187
-79.078
-79.138
-79.104
-79.189
-79.253
-79.341
-79.392
-79.355
-79.333
-79.307
-79.226
-79.277
-79.383
-79.427
-79.405
-79.434
-79.516
-79.587
-79.56
-79.513
-79.599
-79.557
-79.554
-79.546
-79.569
-79.609
-79.71
-79.72
-79.758
-79.806
-79.789
-79.812
-79.793
-79.772
-79.807
-79.666
-79.777
-79.808
-79.849
-79.903
-79.912
-79.931
-79.932
-79.907
-79.868
-79.857
-79.819
-79.79
-79.77
-79.73
-79.743
-79.729
-79.692
-79.73
-79.756
-79.825
-79.795
-79.742
-79.728
-79.706
-79.712
-79.704
-79.721
-79.673
-79.678
-79.705
-79.712
-79.62
-79.59
-79.531
-79.441
-79.379
-79.377
-79.413
-79.411
-79.46
-79.317
-79.305
-79.295
-79.284
-79.229
-79.258
-79.274
-79.245
-79.138
-79.162
-79.171
-79.178
-79.191
-79.252
-79.274
-79.333
-79.369
-79.393
-79.4
-79.462
-79.54
-79.539
-79.547
-79.56
-79.609
-79.586
-79.556
-79.56
-79.547
-79.477
-79.505
-79.44
-79.407
-79.433
-79.456
-79.445
-79.525
-79.46
-79.512
-79.507
-79.448
-79.421
-79.386
-79.501
-79.579
-79.567
-79.601
-79.684
-79.652
-79.665
-79.69
-79.653
-79.743
-79.781
-79.737
-79.673
-79.756
-79.777
-79.689
-79.658
-79.703
-79.619
-79.596
-79.604
-79.618
-79.646
-79.691
-79.663
-79.713
-79.731
-79.765
-79.855
-79.823
-79.894
-79.825
-79.777
-79.767
-79.742
-79.748
-79.72
-79.736
-79.649
-79.571
-79.551
-79.607
-79.645
-79.742
-79.669
-79.672
-79.626
-79.542
-79.547
-79.596
-79.646
-79.596
-79.566
-79.608
-79.564
-79.581
-79.479
-79.484
-79.471
-79.486
-79.455
-79.425
-79.372
-79.409
-79.381
-79.417
-79.496
-79.5
-79.477
-79.428
-79.451
-79.474
-79.435
-79.503
-79.585
-79.645
-79.593
-79.593
-79.587
-79.665
-79.697
-79.73
-79.812
-79.934
-79.913
-79.932
-79.842
-79.868
-79.92
-79.981
-80.05
-80.061
-80.085
-80.019
-80.119
-80.12
-80.23
-80.28
-80.231
-80.214
-80.294
-80.312
-80.343
-80.24
-80.253
-80.349
-80.368
-80.35
-80.347
-80.308
-80.273
-80.206
-80.167
-80.116
-80.138
-80.168
-80.134
-80.086
-80.072
-80.052
-80.069
-80.116
-80.027
-80.034
-80.071
-80.095
-80.178
-79.985
-79.953
-79.886
-79.864
-79.89
-79.912
-79.975
-79.995
-80.057
-80.021
-79.929
-79.998
-80.025
-80.044
-80.084
-80.094
-80.031
-80.01
-79.903
-79.9
-79.894
-79.861
-79.939
-79.906
-79.914
-79.969
-79.87
-79.828
-79.776
-79.809
-79.935
-79.929
-79.936
-79.936
-80.035
-80.026
-80.031
-79.945
-80.019
-80.039
-79.974
-79.966
-79.964
-80.053
-80.029
-80.038
-80.034
-79.964
-80.085
-80.029
-80.037
-80.064
-80.134
-80.122
-80.086
-80.136
-80.16
-80.173
-80.125
-80.076
-80.069
-80.083
-80.054
-80.029
-80.128
-80.141
-80.1
-80.114
-80.125
-80.202
-80.171
-80.185
-80.139
-80.071
-80.039
-79.988
-79.934
-79.835
-79.867
-79.86
-79.856
-79.773
-79.795
-79.838
-79.764
-79.776
-79.755
-79.614
-79.623
-79.732
-79.69
-79.661
-79.701
-79.79
-79.836
-79.859
-79.797
-79.831
-79.864
-79.885
-79.948
-79.915
-79.869
-79.87
-79.861
-79.904
-79.795
-79.771
-79.793
-79.751
-79.761
-79.649
-79.649
-79.553
-79.552
-79.661
-79.636
-79.667
-79.647
-79.731
-79.786
-79.749
-79.82
-79.784
-79.765
-79.812
-79.78
-79.841
-79.806
-79.783
-79.788
-79.833
-79.808
-79.806
-79.854
-79.831
-79.866
-79.807
-79.83
-79.859
-79.899
-79.866
-79.807
-79.852
-79.845
-79.811
-79.848
-79.783
-79.786
-79.796
-79.788
-79.9
-79.895
-79.942
-79.923
-79.936
-79.941
-79.848
-79.815
-79.72
-79.788
-79.818
-79.829
-79.862
-79.86
-79.855
-79.902
-79.784
-79.738
-79.735
-79.738
-79.75
-79.719
-79.728
-79.665
-79.756
-79.798
-79.73
-79.713
-79.632
-79.611
-79.601
-79.541
-79.513
-79.52
-79.503
-79.618
-79.595
-79.612
-79.608
-79.534
-79.528
-79.559
-79.655
-79.639
-79.602
-79.531
-79.618
-79.61
-79.644
-79.665
-79.6
-79.605
-79.54
-79.542
-79.507
-79.516
-79.531
-79.514
-79.486
-79.442
-79.506
-79.397
-79.368
-79.372
-79.52
-79.512
-79.416
-79.418
-79.45
-79.507
-79.508
-79.485
-79.52
-79.512
-79.46
-79.46
-79.494
-79.491
-79.527
-79.48
-79.51
-79.49
-79.413
-79.402
-79.483
-79.512
-79.499
-79.459
-79.403
-79.383
-79.338
-79.321
-79.36
-79.286
-79.338
-79.246
-79.278
-79.229
-79.204
-79.229
-79.242
-79.22
-79.328
-79.299
-79.243
-79.24
-79.266
-79.33
-79.321
-79.366
-79.338
-79.308
-79.321
-79.389
-79.367
-79.336
-79.332
-79.374
-79.422
-79.411
-79.47
-79.44
-79.446
-79.43
-79.442
-79.421
-79.414
-79.399
-79.399
-79.429
-79.511
-79.541
-79.537
-79.576
-79.525
-79.656
-79.744
-79.763
-79.769
-79.783
-79.86
-79.876
-79.977
-79.954
-80.074
-80.203
-80.283
-80.333
-80.375
-80.335
-80.319
-80.334
-80.374
-80.364
-80.311
-80.411
-80.34
-80.275
-80.353
-80.362
-80.39
-80.334
-80.375
-80.399
-80.33
-80.288
-80.211
-80.253
-80.292
-80.311
-80.314
-80.336
-80.346
-80.449
-80.535
-80.515
-80.533
-80.538
-80.551
-80.535
-80.509
-80.452
-80.477
-80.505
-80.616
-80.543
-80.569
-80.533
-80.6
-80.645
-80.548
-80.618
-80.661
-80.573
-80.623
-80.66
-80.64
-80.702
-80.667
-80.652
-80.627
-80.538
-80.534
-80.57
-80.529
-80.496
-80.439
-80.505
-80.524
-80.677
-80.688
-80.669
-80.728
-80.664
-80.726
-80.73
-80.66
-80.719
-80.717
-80.756
-80.747
-80.716
-80.769
-80.821
-80.841
-80.861
-80.864
-80.874
-80.894
-80.857
-80.823
-80.928
-80.754
-80.723
-80.776
-80.716
-80.789
-80.647
-80.672
-80.635
-80.64
-80.742
-80.728
-80.709
-80.716
-80.736
-80.795
-80.786
-80.833
-80.756
-80.806
-80.823
-80.907
-80.937
-80.803
-80.762
-80.816
-80.769
-80.706
-80.754
-80.733
-80.754
-80.77
-80.769
-80.757
-80.805
-80.921
-80.909
-80.888
-80.844
-80.814
-80.848
-80.823
-80.765
-80.712
-80.634
-80.513
-80.556
-80.646
-80.683
-80.698
-80.666
-80.752
-80.787
-80.747
-80.751
-80.783
-80.751
-80.73
-80.739
-80.68
-80.621
-80.607
-80.638
-80.582
-80.597
-80.638
-80.717
-80.698
-80.787
-80.816
-80.777
-80.781
-80.727
-80.683
-80.704
-80.765
-80.782
-80.835
-80.766
-80.757
-80.682
-80.738
-80.724
-80.813
-80.867
-80.863
-80.839
-80.876
-80.898
-80.922
-80.833
-80.863
-80.831
-80.831
-80.819
-80.882
-80.878
-80.867
-80.936
-80.974
-80.855
-80.848
-80.861
-80.843
-80.742
-80.68
-80.615
-80.551
-80.399
-80.303
-80.203
-80.145
-80.152
-80.184
-80.156
-80.174
-80.11
-80.082
-80.087
-80.044
-80.011
-79.951
-79.98
-79.93
-79.948
-79.927
-79.936
-79.862
-79.904
-79.87
-79.788
-79.722
-79.679
-79.784
-79.793
-79.676
-79.665
-79.569
-79.546
-79.525
-79.511
-79.464
-79.467
-79.495
-79.47
-79.527
-79.48
-79.515
-79.514
-79.477
-79.388
-79.326
-79.351
-79.312
-79.235
-79.156
-79.156
-79.061
-78.995
-79.035
-78.951
-78.908
-78.839
-78.782
-78.774
-78.752
-78.69
-78.775
-78.859
-78.848
-78.801
-78.683
-78.65
-78.559
-78.519
-78.466
-78.442
-78.421
-78.463
-78.387
-78.383
-78.339
-78.323
-78.218
-78.241
-78.192
-78.205
-78.186
-78.186
-78.107
-78.024
-78.025
-77.97
-77.919
-77.857
-77.843
-77.756
-77.763
-77.756
-77.815
-77.732
-77.731
-77.68
-77.596
-77.538
-77.495
-77.512
-77.489
-77.407
-77.416
-77.427
-77.306
-77.29
-77.257
-77.273
-77.273
-77.324
-77.368
-77.297
-77.277
-77.216
-77.198
-77.232
-77.24
-77.257
-77.294
-77.348
-77.149
-77.152
-77.179
-77.217
-77.257
-77.258
-77.224
-77.286
-77.355
-77.405
-77.425
-77.463
-77.448
-77.372
-77.378
-77.401
-77.432
-77.45
-77.433
-77.375
-77.333
-77.18
-77.205
-77.206
-77.119
-77.17
-77.167
-77.2
-77.111
-77.09
-77.099
-77.123
-77.108
-77.047
-76.994
-77
-76.949
-77.012
-76.903
-76.911
-76.965
-76.96
-76.834
-76.815
-76.725
-76.81
-76.839
-76.752
-76.775
-76.732
-76.717
-76.651
-76.648
-76.69
-76.668
-76.652
-76.644
-76.641
-76.533
-76.479
-76.436
-76.44
-76.442
-76.37
-76.331
-76.332
-76.391
-76.409
-76.423
-76.411
-76.353
-76.332
-76.318
-76.327
-76.332
-76.378
-76.357
-76.378
-76.425
-76.392
-76.445
-76.436
-76.456
-76.396
-76.436
-76.453
-76.445
-76.472
-76.41
-76.415
-76.424
-76.424
-76.415
-76.362
-76.341
-76.445
-76.465
-76.535
-76.594
-76.589
-76.536
-76.494
-76.563
-76.539
-76.674
-76.656
-76.684
-76.679
-76.682
-76.598
-76.691
-76.655
-76.741
-76.727
-76.703
-76.726
-76.817
-76.753
-76.734
-76.696
-76.751
-76.784
-76.887
-76.841
-76.806
-76.815
-76.886
-76.89
-76.891
-77.002
-76.992
-77.045
-77.09
-76.948
-76.952
-76.94
-76.895
-76.902
-76.875
-76.818
-76.855
-76.849
-76.833
-76.788
-76.819
-76.864
-76.809
-76.791
-76.738
-76.648
-76.607
-76.601
-76.597
-76.568
-76.532
-76.537
-76.551
-76.533
-76.443
-76.481
-76.443
-76.435
-76.57
-76.608
-76.658
-76.705
-76.635
-76.607
-76.602
-76.646
-76.673
-76.728
-76.674
-76.633
-76.648
-76.676
-76.7
-76.657
-76.697
-76.689
-76.678
-76.619
-76.616
-76.705
-76.741
-76.755
-76.725
-76.764
-76.817
-76.875
-76.912
-76.889
-76.917
-76.972
-76.959
-76.98
-76.933
-77
-77.024
-77.009
-76.993
-77.012
-77.051
-77.004
-76.952
-76.924
-76.87
-76.807
-76.775
-76.788
-76.792
-76.703
-76.651
-76.621
-76.641
-76.643
-76.693
-76.573
-76.6
-76.552
-76.514
-76.539
-76.602
-76.644
-76.621
-76.653
-76.671
-76.662
-76.564
-76.506
-76.449
-76.498
-76.597
-76.574
-76.606
-76.603
-76.617
-76.648
-76.704
-76.663
-76.656
-76.661
-76.589
-76.606
-76.554
-76.563
-76.571
-76.571
-76.582
-76.579
-76.604
-76.602
-76.565
-76.621
-76.54
-76.55
-76.506
-76.542
-76.573
-76.746
-76.794
-76.789
-76.846
-76.855
-76.811
-76.81
-76.791
-76.764
-76.669
-76.73
-76.762
-76.788
-76.783
-76.825
-76.828
-76.89
-76.856
-76.901
-76.882
-76.833
-76.813
-76.83
-76.77
-76.826
-76.754
-76.77
-76.723
-76.77
-76.777
-76.885
-76.836
-76.767
-76.887
-76.817
-76.891
-76.861
-76.929
-76.951
-77.025
-77.068
-77.083
-77.071
-77.021
-77.006
-77.047
-76.973
-76.89
-76.89
-76.837
-76.776
-76.893
-76.85
-76.852
-76.839
-76.771
-76.795
-76.699
-76.611
-76.528
-76.469
-76.526
-76.557
-76.442
-76.426
-76.458
-76.459
-76.438
-76.366
-76.438
-76.365
-76.418
-76.394
-76.375
-76.438
-76.569
-76.532
-76.467
-76.406
-76.459
-76.477
-76.477
-76.449
-76.434
-76.395
-76.398
-76.351
-76.289
-76.273
-76.233
-76.182
-76.207
-76.161
-76.318
-76.327
-76.354
-76.304
-76.304
-76.295
-76.21
-76.256
-76.28
-76.337
-76.359
-76.357
-76.307
-76.339
-76.422
-76.41
-76.386
-76.362
-76.387
-76.361
-76.307
-76.249
-76.273
-76.21
-76.235
-76.32
-76.339
-76.282
-76.275
-76.3
-76.21
-76.141
-76.112
-76.117
-76.054
-76.051
-76.09
-76.125
-76.014
-76.028
-75.916
-75.903
-75.88
-75.917
-75.946
-75.954
-75.924
-75.935
-75.942
-75.83
-75.874
-75.931
-75.841
-75.747
-75.697
-75.704
-75.714
-75.717
-75.876
-75.876
-75.911
-75.947
-75.949
-75.829
-75.827
-75.86
-75.764
-75.678
-75.716
-75.782
-75.74
-75.752
-75.747
-75.836
-75.913
-75.935
-75.975
-75.929
-75.935
-75.964
-75.945
-76.025
-76.065
-76.073
-76.115
-76.14
-76.178
-76.162
-76.212
-76.252
-76.244
-76.296
-76.313
-76.354
-76.422
-76.493
-76.491
-76.519
-76.549
-76.541
-76.527
-76.508
-76.546
-76.5
-76.478
-76.384
-76.412
-76.45
-76.556
-76.467
-76.483
-76.5
-76.509
-76.467
-76.476
-76.429
-76.484
-76.527
-76.478
-76.504
-76.508
-76.568
-76.532
-76.459
-76.422
-76.415
-76.429
-76.475
-76.472
-76.496
-76.584
-76.652
-76.739
-76.761
-76.783
-76.885
-76.819
-76.813
-76.831
-76.806
-76.822
-76.789
-76.821
-76.722
-76.747
-76.726
-76.767
-76.795
-76.896
-76.88
-76.93
-76.939
-77.011
-76.953
-76.974
-76.963
-77.055
-77.174
-77.169
-77.276
-77.268
-77.214
-77.169
-77.193
-77.2
-77.26
-77.278
-77.312
-77.284
-77.34
-77.31
-77.317
-77.445
-77.386
-77.313
-77.309
-77.218
-77.332
-77.357
-77.331
-77.289
-77.272
-77.212
-77.193
-77.261
-77.313
-77.204
-77.231
-77.249
-77.246
-77.295
-77.261
-77.167
-77.138
-77.119
-77.069
-77.136
-77.011
-77.02
-76.98
-76.982
-76.936
-76.937
-76.872
-76.843
-76.891
-76.953
-77.011
-77.089
-77.043
-77.039
-76.929
-76.988
-76.919
-76.988
-77.05
-77.098
-77.074
-77.019
-77.1
-77.15
-77.037
-77.046
-77.041
-77.158
-77.092
-77.098
-77.076
-77.114
-77.01
-77.034
-77.134
-77.099
-77.052
-77.087
-77.085
-77.04
-77.058
-77.039
-76.966
-77.104
-77.056
-77.014
-77.104
-77.181
-77.252
-77.281
-77.28
-77.274
-77.218
-77.183
-77.149
-77.114
-77.215
-77.155
-77.142
-77.153
-77.094
-77.096
-77.008
-77.012
-77.005
-77.04
-77.125
-77.044
-76.93
-76.909
-76.894
-76.931
-76.995
-76.93
-76.965
-76.894
-76.758
-76.732
-76.732
-76.624
-76.71
-76.702
-76.672
-76.731
-76.718
-76.723
-76.638
-76.598
-76.59
-76.634
-76.665
-76.65
-76.625
-76.581
-76.599
-76.559
-76.562
-76.628
-76.679
-76.701
-76.701
-76.728
-76.805
-76.801
-76.77
-76.75
-76.839
-76.827
-76.84
-76.848
-76.88
-76.812
-76.814
-76.803
-76.824
-76.789
-76.852
-76.852
-76.918
-76.983
-76.99
-76.948
-76.865
-76.881
-76.92
-76.892
-76.973
-76.899
-76.81
-76.864
-76.95
-76.946
-76.937
-76.996
-77.016
-76.956
-77.019
-77.044
-77.104
-77.16
-77.23
-77.242
-77.245
-77.243
-77.271
-77.297
-77.275
-77.288
-77.392
-77.44
-77.539
-77.593
-77.648
-77.691
-77.64
-77.728
-77.792
-77.833
-77.85
-77.815
-77.841
-77.854
-77.896
-77.827
-77.867
-77.884
-77.933
-77.814
-77.903
-77.927
-77.983
-78.039
-78.097
-78.106
-78.116
-78.046
-77.986
-77.984
-77.96
-77.996
-77.984
-78.027
-78.008
-77.989
-77.993
-77.912
-77.999
-78.017
-77.925
-77.996
-77.973
-77.85
-77.796
-77.805
-77.761
-77.788
-77.774
-77.822
-77.748
-77.716
-77.731
-77.732
-77.81
-77.678
-77.728
-77.671
-77.699
-77.714
-77.788
-77.837
-77.842
-77.966
-77.919
-77.998
-78.035
-78.02
-78.105
-78.125
-78.102
-78.125
-78.153
-78.111
-78.121
-78.162
-78.194
-78.279
-78.333
-78.411
-78.459
-78.453
-78.535
-78.593
-78.564
-78.535
-78.577
-78.593
-78.591
-78.609
-78.625
-78.561
-78.491
-78.57
-78.582
-78.462
-78.419
-78.427
-78.444
-78.482
-78.506
-78.547
-78.662
-78.764
-78.693
-78.712
-78.637
-78.668
-78.52
-78.549
-78.587
-78.568
-78.582
-78.642
-78.655
-78.677
-78.649
-78.625
-78.541
-78.472
-78.529
-78.544
-78.583
-78.621
-78.653
-78.707
-78.799
-78.872
-78.873
-78.934
-78.914
-78.843
-78.934
-79.008
-79.002
-78.98
-79.025
-79.104
-79.188
-79.176
-79.119
-79.146
-79.155
-79.114
-79.077
-79.131
-79.143
-79.17
-79.165
-79.145
-79.088
-79.15
-79.197
-79.278
-79.243
-79.143
-79.14
-79.138
-79.072
-79.03
-79.036
-79.124
-79.156
-79.095
-79.037
-79.088
-79.127
-79.126
-79.166
-79.112
-79.143
-79.117
-79.197
-79.106
-79.103
-79.134
-79.146
-79.166
-79.174
-79.106
-79.168
-79.094
-79.109
-79.121
-79.151
-79.209
-79.252
-79.167
-79.14
-79.127
-79.099
-79.019
-79.055
-79.134
-79.124
-79.071
-79.116
-79.186
-79.271
-79.224
-79.267
-79.305
-79.403
-79.437
-79.416
-79.411
-79.379
-79.42
-79.356
-79.334
-79.289
-79.349
-79.351
-79.263
-79.227
-79.248
-79.28
-79.289
-79.296
-79.315
-79.273
-79.237
-79.262
-79.325
-79.314
-79.399
-79.37
-79.411
-79.284
-79.277
-79.256
-79.213
-79.201
-79.214
-79.181
-79.19
-79.22
-79.199
-79.155
-79.136
-79.098
-79.053
-78.994
-78.887
-78.857
-78.855
-78.821
-78.807
-78.858
-78.872
-78.858
-78.856
-78.823
-78.893
-78.994
-78.955
-78.95
-78.896
-78.916
-78.918
-78.945
-78.9
-78.834
-78.774
-78.828
-78.848
-78.867
-78.803
-78.9
-78.978
-78.96
-78.92
-78.914
-78.893
-78.961
-78.889
-78.938
-79.053
-79.009
-79.04
-79.128
-79.118
-79.153
-79.079
-79.028
-78.995
-79.03
-79.03
-78.983
-78.93
-78.976
-78.989
-78.95
-79.028
-79.01
-78.933
-78.948
-78.931
-78.816
-78.716
-78.755
-78.801
-78.823
-78.807
-78.787
-78.75
-78.705
-78.679
-78.735
-78.762
-78.801
-78.825
-78.821
-78.783
-78.79
-78.865
-78.818
-78.803
-78.817
-78.767
-78.81
-78.636
-78.592
-78.517
-78.627
-78.564
-78.53
-78.472
-78.501
-78.531
-78.488
-78.541
-78.578
-78.593
-78.599
-78.643
-78.623
-78.641
-78.641
-78.614
-78.681
-78.731
-78.724
-78.674
-78.664
-78.701
-78.716
-78.68
-78.602
-78.634
-78.616
-78.664
-78.611
-78.694
-78.672
-78.635
-78.692
-78.649
-78.746
-78.693
-78.602
-78.551
-78.517
-78.524
-78.486
-78.526
-78.491
-78.401
-78.428
-78.387
-78.347
-78.357
-78.404
-78.466
-78.498
-78.518
-78.41
-78.445
-78.449
-78.358
-78.253
-78.353
-78.439
-78.476
-78.491
-78.466
-78.509
-78.577
-78.573
-78.588
-78.69
-78.685
-78.688
-78.698
-78.814
-78.814
-78.777
-78.82
-78.763
-78.769
-78.808
-78.862
-78.849
-78.889
-78.967
-78.96
-78.939
-78.856
-78.928
-78.923
-78.896
-78.935
-78.884
-78.825
-78.811
-78.791
-78.817
-78.834
-78.817
-78.838
-78.777
-78.726
-78.754
-78.829
-78.795
-78.801
-78.721
-78.698
-78.703
-78.648
-78.637
-78.598
-78.681
-78.695
-78.717
-78.719
-78.765
-78.689
-78.699
-78.787
-78.866
-78.899
-78.943
-78.946
-78.936
-78.868
-78.964
-78.941
-79.027
-79.04
-78.991
-78.98
-78.968
-78.967
-78.949
-78.95
-78.92
-78.923
-78.906
-78.987
-78.891
-78.89
-78.846
-78.892
-78.805
-78.746
-78.752
-78.722
-78.745
-78.704
-78.603
-78.59
-78.58
-78.633
-78.677
-78.636
-78.71
-78.786
-78.871
-78.852
-78.865
-78.817
-78.869
-78.924
-79.036
-79.03
-79.038
-79.068
-79.024
-78.982
-78.96
-78.944
-78.975
-79.057
-79.073
-79.171
-79.139
-79.169
-79.223
-79.28
-79.144
-79.187
-79.224
-79.128
-79.135
-79.091
-79.149
-79.176
-79.184
-79.229
-79.246
-79.325
-79.361
-79.379
-79.265
-79.237
-79.249
-79.262
-79.286
-79.278
-79.242
-79.187
-79.15
-79.062
-79.058
-79.038
-78.965
-79.031
-79.051
-79.03
-78.99
-79.003
-79.011
-79.031
-78.969
-79.031
-79.08
-79.099
-79.085
-79.099
-79.12
-79.073
-79.084
-79.127
-79.109
-79.043
-79.138
-79.272
-79.292
-79.229
-79.214
-79.133
-79.101
-79.087
-79.073
-79.102
-79.065
-79.096
-79.045
-79.02
-79.066
-79.028
-78.95
-78.934
-78.877
-78.942
-78.889
-78.933
-78.946
-78.995
-79.043
-79.018
-79.033
-79.036
-79.098
-79.046
-79.047
-79.158
-79.098
-79.106
-79.188
-79.07
-79.122
-79.091
-79.122
-79.095
-79.07
-78.898
-78.869
-78.89
-78.884
-78.937
-78.906
-78.952
-78.919
-78.849
-78.881
-78.852
-78.797
-78.779
-78.803
-78.818
-78.929
-78.99
-78.958
-78.922
-78.899
-78.872
-78.821
-78.942
-78.939
-78.85
-78.777
-78.772
-78.746
-78.816
-78.873
-78.915
-78.932
-78.95
-78.939
-78.988
-79.036
-79.095
-79.099
-79.055
-79.105
-79.11
-79.178
-79.171
-79.187
-79.206
-79.19
-79.179
-79.224
-79.304
-79.307
-79.303
-79.279
-79.306
-79.275
-79.402
-79.419
-79.379
-79.368
-79.404
-79.369
-79.374
-79.457
-79.397
-79.377
-79.38
-79.342
-79.352
-79.328
-79.277
-79.281
-79.301
-79.32
-79.345
-79.382
-79.317
-79.322
-79.414
-79.471
-79.456
-79.522
-79.568
-79.541
-79.582
-79.609
-79.622
-79.595
-79.558
-79.622
-79.678
-79.673
-79.652
-79.622
-79.615
-79.534
-79.489
-79.496
-79.401
-79.339
-79.43
-79.531
-79.468
-79.411
-79.315
-79.24
-79.207
-79.149
-79.076
-79.066
-79.078
-79.078
-79.035
-79.108
-79.027
-79.012
-78.999
-79.034
-79.01
-78.905
-78.929
-78.942
-78.888
-78.912
-78.745
-78.762
-78.868
-78.878
-78.941
-78.902
-78.914
-78.876
-78.968
-78.833
-78.786
-78.732
-78.586
-78.557
-78.62
-78.646
-78.576
-78.585
-78.523
-78.584
-78.646
-78.694
-78.756
-78.731
-78.751
-78.733
-78.707
-78.742
-78.752
-78.7
-78.761
-78.775
-78.77
-78.742
-78.768
-78.875
-78.869
-79.045
-79.024
-79.066
-79.109
-79.125
-79.156
-79.207
-79.176
-79.221
-79.239
-79.241
-79.231
-79.219
-79.21
-79.182
-79.196
-79.124
-79.099
-79.077
-79.129
-79.154
-79.145
-79.25
-79.19
-79.098
-79.04
-79.027
-79.092
-79.07
-79.081
-79.003
-78.958
-78.948
-78.947
-78.934
-78.931
-78.93
-78.855
-78.893
-78.865
-78.925
-78.952
-78.874
-78.862
-78.928
-78.862
-78.785
-78.85
-78.877
-78.837
-78.906
-78.906
-78.889
-78.893
-78.807
-78.748
-78.785
-78.829
-78.829
-78.799
-78.774
-78.699
-78.726
-78.657
-78.676
-78.697
-78.728
-78.629
-78.675
-78.636
-78.632
-78.535
-78.412
-78.373
-78.45
-78.481
-78.544
-78.579
-78.576
-78.606
-78.546
-78.569
-78.561
-78.607
-78.676
-78.704
-78.789
-78.874
-78.908
-78.936
-78.959
-78.975
-78.966
-78.93
-78.909
-78.918
-78.915
-78.978
-78.923
-78.94
-79.075
-79.163
-79.14
-79.144
-79.1
-79.229
-79.118
-79.148
-79.14
-79.077
-79.037
-79.081
-79.03
-78.971
-79.083
-79.12
-79.199
-79.28
-79.328
-79.32
-79.324
-79.301
-79.278
-79.167
-79.216
-79.285
-79.294
-79.228
-79.254
-79.264
-79.301
-79.288
-79.273
-79.307
-79.386
-79.332
-79.288
-79.243
-79.284
-79.243
-79.28
-79.33
-79.298
-79.366
-79.376
-79.414
-79.411
-79.472
-79.472
-79.437
-79.38
-79.471
-79.472
-79.541
-79.539
-79.561
-79.6
-79.65
-79.706
-79.72
-79.662
-79.788
-79.77
-79.753
-79.793
-79.858
-79.933
-79.966
-79.991
-79.986
-79.994
-80.024
-80.022
-80.125
-80.189
-80.187
-80.163
-80.172
-80.238
-80.344
-80.317
-80.407
-80.498
-80.372
-80.408
-80.369
-80.335
-80.369
-80.388
-80.418
-80.33
-80.275
-80.173
-80.123
-80.09
-80.142
-80.065
-80.136
-80.172
-80.122
-80.014
-79.966
-79.843
-79.87
-79.818
-79.823
-79.817
-79.835
-79.838
-79.894
-79.813
-79.786
-79.702
-79.791
-79.796
-79.82
-79.842
-79.862
-79.858
-79.892
-79.916
-79.916
-79.893
-80.023
-80.013
-79.987
-80.06
-80.079
-80.128
-80.173
-80.185
-80.186
-80.232
-80.214
-80.148
-80.143
-80.032
-80.097
-80.096
-80.033
-80.068
-80.161
-80.103
-80.078
-80.155
-80.186
-80.293
-80.269
-80.292
-80.235
-80.191
-80.207
-80.211
-80.223
-80.151
-80.157
-80.192
-80.23
-80.263
-80.275
-80.247
-80.223
-80.239
-80.291
-80.289
-80.238
-80.203
-80.224
-80.168
-80.072
-80.148
-80.169
-80.143
-80.086
-80.11
-80.161
-80.173
-80.106
-80.045
-79.921
-79.936
-79.989
-80.066
-80.139
-80.088
-80.147
-80.095
-80.002
-79.957
-79.963
-79.921
-79.96
-80.006
-79.918
-79.918
-79.888
-79.966
-79.863
-79.799
-79.766
-79.735
-79.78
-79.78
-79.692
-79.692
-79.666
-79.616
-79.664
-79.728
-79.688
-79.694
-79.756
-79.674
-79.67
-79.715
-79.68
-79.685
-79.622
-79.64
-79.502
-79.61
-79.626
-79.572
-79.584
-79.612
-79.656
-79.636
-79.647
-79.667
-79.581
-79.535
-79.607
-79.604
-79.519
-79.497
-79.553
-79.54
-79.611
-79.607
-79.465
-79.559
-79.675
-79.685
-79.604
-79.704
-79.75
-79.806
-79.791
-79.798
-79.807
-79.81
-79.784
-79.774
-79.702
-79.699
-79.614
-79.612
-79.59
-79.607
-79.602
-79.645
-79.62
-79.589
-79.65
-79.688
-79.671
-79.653
-79.614
-79.539
-79.556
-79.57
-79.579
-79.546
-79.564
-79.645
-79.555
-79.607
-79.65
-79.637
-79.637
-79.634
-79.679
-79.61
-79.642
-79.632
-79.634
-79.571
-79.544
-79.593
-79.658
-79.665
-79.763
-79.713
-79.669
-79.661
-79.774
-79.828
-79.866
-79.886
-79.821
-79.769
-79.865
-79.768
-79.671
-79.641
-79.635
-79.597
-79.534
-79.516
-79.475
-79.472
-79.552
-79.552
-79.517
-79.523
-79.513
-79.543
-79.563
-79.533
-79.57
-79.537
-79.524
-79.459
-79.522
-79.484
-79.455
-79.473
-79.454
-79.543
-79.463
-79.559
-79.527
-79.458
-79.403
-79.424
-79.427
-79.423
-79.407
-79.439
-79.401
-79.457
-79.442
-79.423
-79.369
-79.303
-79.209
-79.267
-79.343
-79.316
-79.373
-79.347
-79.341
-79.316
-79.326
-79.28
-79.284
-79.311
-79.301
-79.311
-79.261
-79.257
-79.197
-79.276
-79.165
-79.14
-79.139
-79.102
-79.135
-79.25
-79.368
-79.425
-79.354
-79.262
-79.158
-79.161
-79.221
-79.229
-79.287
-79.273
-79.282
-79.297
-79.323
-79.352
-79.314
-79.314
-79.299
-79.379
-79.401
-79.428
-79.437
-79.391
-79.336
-79.357
-79.409
-79.456
-79.465
-79.465
-79.437
-79.453
-79.472
-79.469
-79.387
-79.388
-79.479
-79.496
-79.524
-79.519
-79.564
-79.546
-79.522
-79.503
-79.593
-79.551
-79.528
-79.477
-79.4
-79.309
-79.341
-79.339
-79.417
-79.351
-79.255
-79.277
-79.291
-79.46
-79.488
-79.495
-79.468
-79.455
-79.431
-79.423
-79.455
-79.503
-79.514
-79.641
-79.566
-79.588
-79.675
-79.653
-79.646
-79.635
-79.682
-79.709
-79.739
-79.676
-79.769
-79.69
-79.826
-79.789
-79.752
-79.798
-79.815
-79.824
-79.871
-79.894
-79.929
-79.936
-79.991
-79.9
-79.928
-79.924
-79.868
-79.935
-79.893
-79.937
-79.911
-79.955
-79.974
-79.873
-79.786
-79.667
-79.658
-79.658
-79.603
-79.505
-79.384
-79.369
-79.378
-79.324
-79.331
-79.261
-79.284
-79.259
-79.203
-79.215
-79.248
-79.254
-79.288
-79.345
-79.409
-79.374
-79.44
-79.417
-79.335
-79.363
-79.375
-79.402
-79.395
-79.47
-79.461
-79.336
-79.365
-79.346
-79.354
-79.39
-79.378
-79.311
-79.366
-79.328
-79.324
-79.369
-79.382
-79.407
-79.346
-79.41
-79.463
-79.392
-79.482
-79.426
-79.418
-79.376
-79.385
-79.402
-79.419
-79.465
-79.495
-79.502
-79.488
-79.431
-79.467
-79.469
-79.43
-79.415
-79.41
-79.308
-79.394
-79.41
-79.394
-79.362
-79.282
-79.263
-79.222
-79.293
-79.309
-79.308
-79.259
-79.308
-79.292
-79.345
-79.306
-79.341
-79.421
-79.372
-79.32
-79.431
-79.534
-79.53
-79.546
-79.554
-79.502
-79.566
-79.57
-79.54
-79.536
-79.55
-79.593
-79.699
-79.596
-79.62
-79.569
-79.517
-79.666
-79.618
-79.637
-79.656
-79.722
-79.7
-79.725
-79.721
-79.672
-79.669
-79.614
-79.609
-79.592
-79.575
-79.49
-79.419
-79.408
-79.37
-79.304
-79.343
-79.316
-79.311
-79.254
-79.198
-79.106
-79.068
-79.093
-78.987
-79.025
-79.038
-79.101
-79.106
-79.115
-79.208
-79.385
-79.324
-79.337
-79.319
-79.336
-79.457
-79.438
-79.53
-79.538
-79.553
-79.546
-79.495
-79.502
-79.459
-79.378
-79.383
-79.427
-79.481
-79.461
-79.461
-79.455
-79.476
-79.41
-79.433
-79.368
-79.423
-79.463
-79.407
-79.365
-79.367
-79.466
-79.478
-79.51
-79.47
-79.402
-79.41
-79.435
-79.437
-79.512
-79.486
-79.525
-79.532
-79.372
-79.317
-79.413
-79.396
-79.428
-79.448
-79.482
-79.49
-79.543
-79.572
-79.578
-79.638
-79.621
-79.648
-79.722
-79.748
-79.776
-79.757
-79.777
-79.659
-79.678
-79.633
-79.583
-79.605
-79.625
-79.6
-79.523
-79.464
-79.453
-79.496
-79.456
-79.454
-79.492
-79.473
-79.449
-79.544
-79.484
-79.481
-79.541
-79.534
-79.56
-79.462
-79.528
-79.548
-79.593
-79.564
-79.594
-79.532
-79.456
-79.449
-79.438
-79.372
-79.383
-79.325
-79.357
-79.387
-79.485
-79.556
-79.481
-79.527
-79.602
-79.649
-79.613
-79.662
-79.67
-79.627
-79.573
-79.65
-79.702
-79.678
-79.728
-79.704
-79.693
-79.651
-79.702
-79.776
-79.755
-79.723
-79.755
-79.709
-79.712
-79.751
-79.876
-79.872
-79.809
-79.726
-79.734
-79.651
-79.748
-79.728
-79.689
-79.664
-79.704
-79.699
-79.73
-79.64
-79.634
-79.646
-79.571
-79.57
-79.552
-79.571
-79.57
-79.579
-79.603
-79.656
-79.64
-79.654
-79.688
-79.727
-79.667
-79.673
-79.631
-79.628
-79.634
-79.671
-79.715
-79.728
-79.744
-79.723
-79.801
-79.763
-79.881
-79.922
-79.916
-79.839
-79.813
-79.825
-79.786
-79.825
-79.879
-79.805
-79.8
-79.797
-79.857
-79.942
-79.804
-79.775
-79.806
-79.874
-79.821
-79.953
-79.905
-79.932
-79.968
-79.879
-79.897
-79.927
-79.864
-79.81
-79.845
-79.839
-79.912
-79.989
-80.025
-79.988
-80.039
-80.138
-80.131
-80.149
-80.147
-80.086
-80.005
-79.947
-79.843
-79.804
-79.881
-79.853
-79.933
-79.966
-80.016
-80.029
-80.059
-80.017
-80.028
-79.987
-79.953
-79.88
-79.849
-79.817
-79.768
-79.799
-79.747
-79.773
-79.813
-79.885
-79.91
-79.981
-80.04
-80.045
-79.982
-79.955
-79.882
-79.892
-79.962
-79.971
-79.964
-79.949
-79.974
-79.82
-79.9
-79.846
-79.802
-79.803
-79.829
-79.758
-79.838
-79.771
-79.784
-79.767
-79.806
-79.92
-79.949
-79.93
-79.907
-79.957
-80
-80.088
-80.112
-80.123
-80.116
-80.146
-80.107
-80.084
-80.092
-80.1
-80.188
-80.175
-80.166
-80.125
-80.135
-80.124
-80.08
-80.115
-80.168
-80.195
-80.079
-80.102
-80.116
-80.073
-80.093
-80.111
-80.126
-80.12
-80.225
-80.306
-80.351
-80.369
-80.361
-80.383
-80.404
-80.451
-80.487
-80.587
-80.589
-80.498
-80.559
-80.492
-80.45
-80.511
-80.445
-80.399
-80.287
-80.269
-80.354
-80.4
-80.493
-80.46
-80.438
-80.403
-80.438
-80.485
-80.56
-80.528
-80.576
-80.552
-80.535
-80.504
-80.513
-80.57
-80.565
-80.558
-80.485
-80.555
-80.646
-80.597
-80.704
-80.675
-80.667
-80.741
-80.73
-80.602
-80.648
-80.676
-80.691
-80.721
-80.639
-80.588
-80.565
-80.474
-80.501
-80.491
-80.487
-80.42
-80.444
-80.393
-80.409
-80.37
-80.351
-80.301
-80.286
-80.29
-80.408
-80.447
-80.392
-80.514
-80.495
-80.422
-80.462
-80.419
-80.363
-80.417
-80.48
-80.407
-80.433
-80.423
-80.41
-80.352
-80.315
-80.407
-80.4
-80.44
-80.407
-80.396
-80.373
-80.301
-80.31
-80.201
-80.163
-80.077
-80.027
-80.042
-80.014
-80.026
-80.075
-80.159
-80.221
-80.141
-80.17
-80.233
-80.269
-80.317
-80.284
-80.262
-80.375
-80.344
-80.262
-80.333
-80.294
-80.234
-80.203
-80.197
-80.201
-80.181
-80.265
-80.301
-80.276
-80.314
-80.293
-80.2
-80.163
-80.197
-80.197
-80.178
-80.209
-80.279
-80.31
-80.381
-80.409
-80.474
-80.469
-80.564
-80.541
-80.532
-80.499
-80.363
-80.429
-80.383
-80.362
-80.32
-80.258
-80.191
-80.187
-80.231
-80.33
-80.312
-80.332
-80.261
-80.206
-80.2
-80.26
-80.232
-80.261
-80.264
-80.294
-80.337
-80.281
-80.328
-80.254
-80.23
-80.252
-80.221
-80.168
-80.25
-80.291
-80.282
-80.302
-80.262
-80.298
-80.312
-80.325
-80.323
-80.358
-80.422
-80.532
-80.519
-80.396
-80.351
-80.332
-80.279
-80.311
-80.375
-80.355
-80.341
-80.329
-80.291
-80.256
-80.304
-80.266
-80.182
-80.15
-80.105
-80.103
-80.104
-80.115
-80.111
-80.205
-80.163
-80.154
-80.107
-80.057
-80.086
-80.109
-80.15
-80.219
-80.291
-80.29
-80.303
-80.299
-80.285
-80.321
-80.238
-80.26
-80.345
-80.371
-80.496
-80.513
-80.588
-80.536
-80.567
-80.566
-80.599
-80.513
-80.48
-80.413
-80.422
-80.368
-80.341
-80.287
-80.243
-80.247
-80.312
-80.314
-80.347
-80.349
-80.277
-80.269
-80.228
-80.283
-80.301
-80.31
-80.361
-80.362
-80.407
-80.411
-80.468
-80.529
-80.532
-80.551
-80.511
-80.373
-80.285
-80.302
-80.326
-80.385
-80.35
-80.459
-80.509
-80.567
-80.477
-80.518
-80.583
-80.649
-80.671
-80.648
-80.583
-80.627
-80.611
-80.713
-80.759
-80.741
-80.748
-80.682
-80.712
-80.765
-80.835
-80.825
-80.828
-80.888
-80.835
-80.807
-80.896
-80.929
-80.969
-80.912
-80.92
-80.921
-80.966
-80.935
-80.919
-80.894
-80.778
-80.764
-80.779
-80.744
-80.762
-80.774
-80.791
-80.78
-80.777
-80.808
-80.765
-80.814
-80.858
-80.807
-80.817
-80.805
-80.88
-80.866
-80.794
-80.805
-80.81
-80.775
-80.782
-80.685
-80.675
-80.702
-80.593
-80.5
-80.485
-80.5
-80.503
-80.507
-80.516
-80.446
-80.459
-80.442
-80.46
-80.374
-80.366
-80.374
-80.425
-80.562
-80.604
-80.706
-80.527
-80.518
-80.528
-80.42
-80.486
-80.434
-80.41
-80.422
-80.424
-80.4
-80.45
-80.374
-80.456
-80.44
-80.444
-80.394
-80.39
-80.369
-80.159
-80.082
-80.175
-80.229
-80.247
-80.236
-80.267
-80.273
-80.304
-80.33
-80.25
-80.24
-80.201
-80.193
-80.145
-80.126
-80.094
-80.084
-80.12
-80.192
-80.246
-80.337
-80.377
-80.398
-80.514
-80.589
-80.517
-80.49
-80.488
-80.462
-80.391
-80.39
-80.333
-80.333
-80.326
-80.366
-80.358
-80.388
-80.404
-80.466
-80.478
-80.531
-80.522
-80.574
-80.601
-80.495
-80.458
-80.446
-80.456
-80.557
-80.551
-80.601
-80.659
-80.674
-80.695
-80.67
-80.648
-80.662
-80.609
-80.576
-80.641
-80.713
-80.75
-80.727
-80.716
-80.681
-80.676
-80.677
-80.684
-80.655
-80.634
-80.696
-80.686
-80.734
-80.696
-80.631
-80.648
-80.617
-80.576
-80.598
-80.683
-80.697
-80.717
-80.673
-80.684
-80.553
-80.478
-80.529
-80.522
-80.479
-80.431
-80.373
-80.285
-80.314
-80.291
-80.304
-80.16
-80.123
-79.976
-80.066
-80.102
-80.168
-80.154
-80.091
-80.062
-80.067
-80.09
-80.067
-80.114
-80.146
-80.2
-80.229
-80.33
-80.328
-80.34
-80.321
-80.281
-80.223
-80.138
-79.966
-79.92
-79.874
-79.94
-79.875
-79.817
-79.765
-79.817
-79.825
-79.807
-79.89
-79.904
-79.935
-79.836
-79.83
-79.802
-79.798
-79.768
-79.761
-79.903
-79.916
-79.881
-79.873
-79.903
-79.954
-79.947
-79.958
-79.912
-79.892
-79.898
-79.825
-79.779
-79.828
-79.862
-79.845
-79.908
-79.955
-80.002
-79.994
-79.985
-79.965
-80.029
-79.969
-79.882
-79.953
-79.946
-79.967
-79.964
-80.032
-79.998
-80.07
-80.032
-80.037
-80.069
-80.089
-80.037
-80.141
-80.044
-80.067
-80.003
-80.012
-80.041
-80.079
-80.126
-80.23
-80.202
-80.128
-80.031
-80.004
-79.922
-80.052
-80.131
-80.069
-79.981
-79.932
-80.026
-79.999
-79.888
-79.829
-79.84
-79.918
-79.918
-79.945
-80.002
-79.971
-80.052
-80.004
-79.974
-79.956
-80.01
-80.033
-80.057
-80.033
-79.931
-79.935
-79.995
-79.973
-79.991
-80.037
-80.046
-80.073
-80.08
-80.056
-80.078
-80.107
-80.127
-80.138
-80.153
-80.176
-80.162
-80.163
-80.184
-80.168
-80.203
-80.188
-80.166
-80.131
-80.023
-80.016
-80.09
-80.186
-80.21
-80.145
-80.112
-80.088
-80.051
-80.006
-79.946
-79.943
-80.019
-79.95
-79.935
-79.968
-80.002
-80.025
-80.036
-80.045
-80.077
-80.027
-80.138
-80.226
-80.295
-80.277
-80.247
-80.295
-80.283
-80.237
-80.191
-80.149
-80.168
-80.156
-80.148
-80.04
-80.071
-80.037
-79.969
-79.979
-80.042
-80.079
-80.02
-79.957
-80.008
-79.97
-79.861
-79.825
-79.835
-79.807
-79.803
-79.738
-79.74
-79.687
-79.722
-79.784
-79.777
-79.734
-79.631
-79.611
-79.699
-79.751
-79.663
-79.606
-79.576
-79.502
-79.496
-79.416
-79.362
-79.324
-79.262
-79.271
-79.305
-79.417
-79.407
-79.391
