-83.935
-83.937
-83.861
-83.831
-83.822
-83.727
-83.622
-83.584
-83.641
-83.718
-83.8
-83.753
-83.679
-83.587
-83.497
-83.406
-83.428
-83.384
-83.368
-83.353
-83.342
-83.307
-83.247
-83.222
-83.216
-83.255
-83.281
-83.237
-83.162
-83.22
-83.241
-83.266
-83.231
-83.185
-83.195
-83.237
-83.326
-83.305
-83.242
-83.326
-83.376
-83.427
-83.395
-83.368
-83.453
-83.492
-83.502
-83.474
-83.435
-83.41
-83.374
-83.355
-83.294
-83.348
-83.321
-83.209
-83.225
-83.213
-83.161
-83.064
-83.032
-82.997
-83.055
-83.061
-83.097
-83.066
-83.118
-83.102
-83.222
-83.21
-83.238
-83.302
-83.425
-83.316
-83.284
-83.205
-83.173
-83.123
-83.092
-83.071
-83.099
-83.081
-83.038
-82.96
-82.98
-82.953
-82.865
-82.881
-82.885
-82.853
-82.847
-82.756
-82.748
-82.765
-82.737
-82.752
-82.681
-82.735
-82.767
-82.807
-82.765
-82.771
-82.815
-82.76
-82.809
-82.712
-82.634
-82.558
-82.563
-82.637
-82.623
-82.743
-82.807
-82.793
-82.774
-82.778
-82.766
-82.728
-82.751
-82.698
-82.739
-82.739
-82.645
-82.537
-82.557
-82.591
-82.688
-82.741
-82.808
-82.786
-82.755
-82.712
-82.768
-82.8
-82.799
-82.779
-82.882
-82.917
-82.819
-82.823
-82.802
-82.81
-82.761
-82.719
-82.673
-82.701
-82.705
-82.734
-82.746
-82.753
-82.842
-82.808
-82.817
-82.848
-82.745
-82.688
-82.653
-82.664
-82.632
-82.616
-82.591
-82.552
-82.538
-82.609
-82.59
-82.694
-82.694
-82.723
-82.758
-82.774
-82.778
-82.81
-82.727
-82.694
-82.74
-82.804
-82.859
-82.907
-83.009
-82.904
-82.861
-82.871
-82.89
-82.866
-82.923
-82.853
-82.803
-82.775
-82.86
-82.87
-82.885
-82.91
-82.979
-83.004
-82.994
-83.036
-83.034
-83.082
-83.019
-82.979
-83.009
-83.021
-83.03
-82.971
-83.033
-83.034
-83.006
-83.022
-83
-83.009
-82.892
-82.835
-82.924
-82.944
-82.934
-82.897
-82.854
-83.001
-82.985
-83.005
-83.028
-83.087
-83.129
-82.98
-82.957
-82.947
-82.948
-82.887
-82.877
-82.869
-82.886
-82.923
-82.94
-82.883
-82.975
-82.988
-83.073
-82.997
-83.084
-83.156
-83.133
-83.062
-83.083
-83.183
-83.143
-83.118
-83.198
-83.153
-83.125
-83.057
-83.072
-83.081
-83.044
-83.059
-83.063
-82.99
-82.945
-82.888
-82.895
-82.927
-82.91
-82.986
-82.979
-82.989
-82.955
-82.953
-82.951
-83.063
-83.045
-83.009
-82.964
-82.91
-82.934
-82.876
-82.818
-82.831
-82.801
-82.777
-82.959
-82.966
-82.884
-82.899
-82.927
-83.004
-83.079
-83.104
-83.174
-83.202
-83.233
-83.213
-83.225
-83.215
-83.142
-83.105
-83.211
-83.117
-83.163
-83.198
-83.217
-83.28
-83.264
-83.299
-83.263
-83.238
-83.244
-83.222
-83.332
-83.334
-83.293
-83.331
-83.289
-83.214
-83.242
-83.198
-83.188
-83.207
-83.212
-83.224
-83.216
-83.223
-83.264
-83.32
-83.331
-83.364
-83.403
-83.369
-83.331
-83.44
-83.398
-83.441
-83.373
-83.279
-83.25
-83.205
-83.156
-83.089
-82.996
-83.007
-83.046
-83.018
-83.034
-83.05
-83.116
-83.11
-83.083
-83.12
-83.111
-83.137
-83.171
-83.12
-83.207
-83.202
-83.182
-83.225
-83.208
-83.15
-83.15
-83.108
-83.068
-83.112
-83.103
-83.077
-83.065
-83.036
-83.041
-82.996
-82.954
-82.991
-83.064
-83.063
-83.053
-83.019
-83.083
-83.091
-83.064
-83.042
-83.056
-83.132
-83.071
-83.064
-83.046
-83.148
-83.066
-82.961
-83.007
-82.968
-82.978
-83.038
-82.95
-82.932
-82.915
-82.906
-82.905
-82.889
-82.83
-82.883
-82.927
-82.873
-82.929
-82.926
-82.935
-82.843
-82.762
-82.758
-82.737
-82.757
-82.835
-82.826
-82.897
-82.863
-82.908
-82.935
-82.886
-82.873
-82.754
-82.687
-82.735
-82.676
-82.582
-82.529
-82.639
-82.585
-82.571
-82.481
-82.486
-82.498
-82.462
-82.556
-82.553
-82.6
-82.601
-82.575
-82.555
-82.475
-82.446
-82.354
-82.421
-82.439
-82.491
-82.41
-82.433
-82.466
-82.446
-82.439
-82.389
-82.317
-82.294
-82.315
-82.352
-82.291
-82.376
-82.442
-82.465
-82.362
-82.383
-82.43
-82.433
-82.38
-82.404
-82.346
-82.368
-82.367
-82.359
-82.296
-82.319
-82.285
-82.38
-82.455
-82.509
-82.518
-82.591
-82.552
-82.578
-82.518
-82.408
-82.33
-82.358
-82.337
-82.383
-82.323
-82.383
-82.353
-82.348
-82.36
-82.392
-82.412
-82.417
-82.364
-82.39
-82.349
-82.354
-82.287
-82.245
-82.203
-82.212
-82.254
-82.216
-82.202
-82.229
-82.28
-82.34
-82.348
-82.271
-82.263
-82.379
-82.415
-82.408
-82.359
-82.378
-82.426
-82.401
-82.455
-82.501
-82.523
-82.516
-82.544
-82.533
-82.592
-82.681
-82.713
-82.774
-82.822
-82.87
-82.82
-82.861
-82.899
-82.93
-83.001
-83.013
-83.003
-83.015
-82.962
-82.932
-82.982
-82.958
-82.949
-82.973
-83.001
-83.009
-83.049
-83.08
-83.005
-83.019
-83.03
-83.076
-83.042
-83.161
-83.174
-83.191
-83.139
-83.169
-83.123
-83.037
-82.963
-82.908
-82.88
-82.854
-82.864
-82.862
-82.829
-82.813
-82.832
-82.919
-82.907
-82.887
-83
-83.007
-82.961
-82.822
-82.849
-82.752
-82.674
-82.726
-82.632
-82.651
-82.62
-82.574
-82.557
-82.579
-82.606
-82.598
-82.585
-82.537
-82.526
-82.525
-82.495
-82.49
-82.485
-82.417
-82.405
-82.413
-82.365
-82.316
-82.353
-82.327
-82.281
-82.259
-82.277
-82.281
-82.286
-82.287
-82.409
-82.427
-82.383
-82.357
-82.44
-82.368
-82.421
-82.437
-82.41
-82.401
-82.419
-82.42
-82.38
-82.387
-82.339
-82.169
-82.203
-82.157
-82.257
-82.312
-82.293
-82.36
-82.4
-82.494
-82.598
-82.554
-82.571
-82.486
-82.49
-82.463
-82.463
-82.431
-82.519
-82.54
-82.514
-82.551
-82.599
-82.627
-82.609
-82.615
-82.584
-82.683
-82.741
-82.786
-82.872
-82.864
-82.899
-82.866
-82.877
-82.942
-82.902
-82.824
-82.753
-82.77
-82.805
-82.835
-82.733
-82.718
-82.655
-82.642
-82.615
-82.635
-82.585
-82.512
-82.523
-82.628
-82.563
-82.489
-82.5
-82.524
-82.468
-82.394
-82.339
-82.277
-82.265
-82.289
-82.36
-82.345
-82.361
-82.41
-82.32
-82.322
-82.319
-82.233
-82.191
-82.204
-82.221
-82.11
-82.104
-82.093
-82.082
-82.035
-82.016
-82.018
-82.081
-82.076
-82.138
-82.097
-82.138
-82.204
-82.128
-82.091
-82.136
-82.11
-82.069
-82.052
-81.996
-82.004
-82.034
-82.043
-81.968
-82.006
-82.083
-82.066
-82.038
-82.021
-81.989
-82.006
-81.902
-81.86
-81.885
-81.928
-81.875
-81.949
-81.859
-81.883
-81.895
-81.849
-81.962
-81.983
-81.964
-82.07
-82.1
-82.031
-82.047
-81.988
-82.016
-82.106
-82.092
-82.056
-82.087
-82.083
-81.992
-81.993
-82.031
-82.03
-81.996
-81.944
-81.906
-81.835
-81.824
-81.82
-81.825
-81.815
-81.796
-81.809
-81.831
-81.722
-81.823
-81.833
-81.819
-81.858
-81.86
-81.972
-82.003
-81.954
-81.967
-81.933
-81.876
-81.841
-81.858
-81.739
-81.816
-81.785
-81.665
-81.796
-81.781
-81.836
-81.764
-81.669
-81.668
-81.646
-81.735
-81.645
-81.653
-81.778
-81.686
-81.697
-81.72
-81.635
-81.748
-81.809
-81.868
-81.863
-81.8
-81.646
-81.594
-81.573
-81.447
-81.477
-81.424
-81.424
-81.49
-81.565
-81.535
-81.487
-81.568
-81.579
-81.538
-81.555
-81.517
-81.472
-81.553
-81.642
-81.699
-81.717
-81.678
-81.642
-81.634
-81.7
-81.66
-81.629
-81.676
-81.751
-81.71
-81.743
-81.754
-81.726
-81.748
-81.72
-81.745
-81.69
-81.657
-81.707
-81.605
-81.634
-81.702
-81.696
-81.757
-81.718
-81.632
-81.603
-81.47
-81.484
-81.458
-81.434
-81.351
-81.344
-81.335
-81.274
-81.325
-81.311
-81.344
-81.31
-81.285
-81.302
-81.34
-81.329
-81.293
-81.293
-81.291
-81.375
-81.453
-81.409
-81.47
-81.52
-81.424
-81.483
-81.476
-81.322
-81.333
-81.351
-81.289
-81.238
-81.277
-81.249
-81.237
-81.241
-81.247
-81.351
-81.474
-81.466
-81.334
-81.323
-81.33
-81.295
-81.354
-81.324
-81.327
-81.288
-81.363
-81.391
-81.447
-81.322
-81.369
-81.431
-81.499
-81.476
-81.446
-81.474
-81.501
-81.469
-81.517
-81.576
-81.508
-81.57
-81.613
-81.58
-81.699
-81.631
-81.669
-81.677
-81.723
-81.577
-81.599
-81.458
-81.487
-81.42
-81.437
-81.532
-81.515
-81.444
-81.48
-81.495
-81.473
-81.484
-81.387
-81.392
-81.343
-81.313
-81.256
-81.35
-81.388
-81.414
-81.38
-81.371
-81.409
-81.402
-81.375
-81.306
-81.302
-81.321
-81.243
-81.28
-81.318
-81.277
-81.218
-81.183
-81.155
-81.153
-81.059
-81.058
-81.091
-81.131
-81.173
-81.24
-81.326
-81.283
-81.224
-81.256
-81.23
-81.281
-81.201
-81.125
-81.108
-81.14
-81.084
-81.145
-81.117
-81.143
-81.161
-81.14
-81.103
-81.13
-81.048
-81.03
-81.051
-81.073
-80.979
-80.908
-80.848
-80.965
-80.913
-80.923
-80.991
-81.072
-81.09
-81.133
-81.057
-81.059
-81.041
-81.036
-81.063
-81.018
-81.032
-81.027
-81.033
-81.142
-81.116
-81.154
-81.239
-81.218
-81.131
-81.21
-81.193
-81.211
-81.186
-81.242
-81.286
-81.327
-81.338
-81.417
-81.408
-81.337
-81.355
-81.392
-81.356
-81.362
-81.393
-81.483
-81.455
-81.411
-81.459
-81.497
-81.517
-81.518
-81.487
-81.513
-81.55
-81.476
-81.494
-81.475
-81.468
-81.44
-81.491
-81.423
-81.423
-81.33
-81.273
-81.272
-81.158
-81.153
-81.1
-81.088
-81.051
-81.096
-81.004
-81.046
-81.093
-81.089
-81.198
-81.286
-81.31
-81.283
-81.361
-81.375
-81.363
-81.376
-81.344
-81.318
-81.251
-81.301
-81.325
-81.472
-81.466
-81.474
-81.536
-81.507
-81.433
-81.443
-81.478
-81.454
-81.358
-81.371
-81.301
-81.341
-81.299
-81.276
-81.319
-81.362
-81.309
-81.284
-81.242
-81.275
-81.251
-81.279
-81.194
-81.138
-81.023
-81
-81.024
-80.945
-80.946
-80.929
-80.907
-80.894
-80.894
-80.955
-80.912
-80.928
-80.842
-80.836
-80.839
-80.897
-80.931
-80.824
-80.791
-80.921
-80.968
-80.962
-81.041
-81.029
-81.132
-81.287
-81.252
-81.214
-81.275
-81.198
-81.285
-81.337
-81.428
-81.413
-81.48
-81.437
-81.444
-81.458
-81.562
-81.538
-81.424
-81.435
-81.442
-81.472
-81.517
-81.508
-81.566
-81.558
-81.641
-81.793
-81.7
-81.676
-81.671
-81.646
-81.644
-81.611
-81.677
-81.73
-81.748
-81.703
-81.666
-81.638
-81.647
-81.599
-81.669
-81.681
-81.708
-81.706
-81.738
-81.732
-81.654
-81.68
-81.607
-81.639
-81.598
-81.58
-81.646
-81.65
-81.591
-81.67
-81.582
-81.64
-81.724
-81.714
-81.715
-81.681
-81.644
-81.743
-81.869
-81.847
-81.782
-81.742
-81.72
-81.662
-81.661
-81.613
-81.603
-81.601
-81.611
-81.581
-81.54
-81.486
-81.466
-81.412
-81.399
-81.388
-81.431
-81.473
-81.526
-81.519
-81.59
-81.554
-81.517
-81.543
-81.468
-81.506
-81.464
-81.471
-81.52
-81.615
-81.616
-81.674
-81.749
-81.834
-81.847
-81.853
-81.787
-81.767
-81.683
-81.675
-81.64
-81.698
-81.714
-81.702
-81.724
-81.761
-81.814
-81.915
-81.89
-81.803
-81.731
-81.698
-81.64
-81.766
-81.752
-81.808
-81.91
-81.941
-81.919
-81.899
-81.869
-81.839
-81.836
-81.858
-81.925
-81.882
-81.841
-81.796
-81.749
-81.778
-81.846
-81.885
-81.866
-81.89
-81.832
-81.891
-81.826
-81.799
-81.825
-81.769
-81.845
-81.775
-81.81
-81.843
-81.789
-81.742
-81.682
-81.643
-81.732
-81.744
-81.745
-81.773
-81.8
-81.769
-81.779
-81.713
-81.621
-81.58
-81.633
-81.661
-81.697
-81.73
-81.671
-81.801
-81.72
-81.742
-81.75
-81.833
-81.8
-81.812
-81.821
-81.803
-81.808
-81.835
-81.82
-81.827
-81.877
-81.908
-81.887
-81.885
-81.868
-81.863
-81.898
-81.899
-81.901
-81.84
-81.807
-81.722
-81.685
-81.695
-81.741
-81.761
-81.648
-81.683
-81.629
-81.604
-81.672
-81.671
-81.665
-81.68
-81.678
-81.777
-81.784
-81.753
-81.734
-81.747
-81.755
-81.717
-81.637
-81.652
-81.642
-81.694
-81.615
-81.616
-81.622
-81.562
-81.637
-81.648
-81.697
-81.647
-81.649
-81.663
-81.721
-81.64
-81.64
-81.554
-81.555
-81.582
-81.629
-81.621
-81.607
-81.555
-81.546
-81.546
-81.556
-81.647
-81.557
-81.547
-81.574
-81.593
-81.529
-81.656
-81.643
-81.73
-81.826
-81.93
-81.971
-82.084
-82.043
-82.104
-82.104
-82.07
-82.072
-81.992
-82.038
-82.072
-82.066
-82.11
-82.134
-82.193
-82.145
-82.157
-82.124
-82.111
-82.181
-82.22
-82.191
-82.176
-82.21
-82.229
-82.196
-82.188
-82.206
-82.266
-82.191
-82.192
-82.17
-82.192
-82.125
-82.197
-82.32
-82.333
-82.315
-82.293
-82.29
-82.293
-82.233
-82.242
-82.297
-82.232
-82.189
-82.197
-82.147
-82.02
-82.021
-82.037
-82.084
-82.133
-82.201
-82.186
-82.24
-82.213
-82.106
-82.002
-82.029
-82.034
-82.01
-81.984
-81.971
-81.962
-82.039
-82.06
-82.167
-82.206
-82.292
-82.29
-82.381
-82.412
-82.478
-82.415
-82.405
-82.362
-82.424
-82.376
-82.438
-82.448
-82.368
-82.312
-82.305
-82.319
-82.349
-82.365
-82.321
-82.329
-82.35
-82.262
-82.363
-82.415
-82.449
-82.497
-82.487
-82.507
-82.633
-82.635
-82.628
-82.588
-82.58
-82.644
-82.598
-82.577
-82.64
-82.635
-82.531
-82.553
-82.47
-82.474
-82.445
-82.407
-82.405
-82.321
-82.409
-82.523
-82.582
-82.58
-82.532
-82.588
-82.489
-82.477
-82.619
-82.559
-82.577
-82.584
-82.589
-82.649
-82.568
-82.537
-82.52
-82.555
-82.597
-82.575
-82.585
-82.625
-82.615
-82.711
-82.69
-82.647
-82.647
-82.633
-82.707
-82.726
-82.716
-82.688
-82.683
-82.705
-82.695
-82.717
-82.716
-82.72
-82.747
-82.727
-82.699
-82.758
-82.744
-82.736
-82.746
-82.73
-82.732
-82.602
-82.487
-82.478
-82.551
-82.518
-82.539
-82.465
-82.442
-82.471
-82.426
-82.422
-82.371
-82.316
-82.328
-82.345
-82.383
-82.325
-82.277
-82.333
-82.264
-82.346
-82.364
-82.415
-82.426
-82.425
-82.486
-82.476
-82.478
-82.563
-82.636
-82.619
-82.58
-82.607
-82.582
-82.507
-82.566
-82.559
-82.504
-82.586
-82.715
-82.702
-82.722
-82.758
-82.709
-82.656
-82.69
-82.597
-82.577
-82.577
-82.68
-82.636
-82.548
-82.488
-82.509
-82.467
-82.453
-82.546
-82.647
-82.688
-82.756
-82.736
-82.693
-82.656
-82.663
-82.689
-82.595
-82.578
-82.592
-82.606
-82.525
-82.492
-82.502
-82.499
-82.504
-82.489
-82.414
-82.465
-82.384
-82.438
-82.521
-82.455
-82.499
-82.499
-82.547
-82.59
-82.522
-82.469
-82.482
-82.371
-82.338
-82.384
-82.41
-82.405
-82.45
-82.435
-82.443
-82.368
-82.376
-82.417
-82.413
-82.491
-82.439
-82.431
-82.489
-82.519
-82.54
-82.541
-82.543
-82.579
-82.531
-82.59
-82.561
-82.561
-82.582
-82.678
-82.676
-82.662
-82.695
-82.699
-82.633
-82.665
-82.688
-82.647
-82.559
-82.636
-82.759
-82.79
-82.856
-82.827
-82.833
-82.811
-82.693
-82.575
-82.562
-82.588
-82.659
-82.746
-82.807
-82.803
-82.788
-82.686
-82.726
-82.742
-82.726
-82.784
-82.738
-82.722
-82.783
-82.751
-82.662
-82.61
-82.589
-82.58
-82.498
-82.505
-82.383
-82.401
-82.391
-82.468
-82.45
-82.438
-82.551
-82.561
-82.592
-82.664
-82.71
-82.655
-82.524
-82.495
-82.536
-82.532
-82.515
-82.597
-82.575
-82.634
-82.586
-82.59
-82.629
-82.707
-82.693
-82.725
-82.767
-82.771
-82.77
-82.72
-82.764
-82.819
-82.776
-82.789
-82.84
-82.897
-82.901
-82.875
-82.886
-82.986
-83.029
-83.088
-82.915
-82.902
-82.882
-82.857
-82.772
-82.792
-82.723
-82.692
-82.828
-82.762
-82.758
-82.826
-82.846
-82.839
-82.793
-82.723
-82.769
-82.823
-82.767
-82.787
-82.782
-82.745
-82.73
-82.673
-82.691
-82.582
-82.553
-82.682
-82.587
-82.579
-82.614
-82.568
-82.504
-82.515
-82.521
-82.59
-82.648
-82.63
-82.614
-82.547
-82.542
-82.454
-82.47
-82.524
-82.472
-82.516
-82.539
-82.546
-82.603
-82.585
-82.635
-82.689
-82.672
-82.69
-82.609
-82.645
-82.701
-82.637
-82.57
-82.513
-82.443
-82.394
-82.433
-82.406
-82.445
-82.45
-82.514
-82.501
-82.558
-82.574
-82.556
-82.472
-82.384
-82.413
-82.424
-82.546
-82.456
-82.438
-82.408
-82.449
-82.526
-82.528
-82.585
-82.587
-82.627
-82.652
-82.609
-82.635
-82.729
-82.75
-82.702
-82.64
-82.626
-82.611
-82.603
-82.622
-82.603
-82.613
-82.618
-82.681
-82.674
-82.722
-82.832
-82.811
-82.74
-82.588
-82.587
-82.598
-82.608
-82.677
-82.7
-82.767
-82.817
-82.783
-82.752
-82.9
-82.905
-82.949
-82.944
-82.984
-83.058
-83.045
-83.124
-83.204
-83.202
-83.079
-83.125
-83.064
-83.143
-83.126
-83.234
-83.25
-83.205
-83.247
-83.174
-83.177
-83.142
-83.229
-83.164
-83.178
-83.198
-83.214
-83.254
-83.257
-83.196
-83.201
-83.289
-83.237
-83.334
-83.38
-83.364
-83.355
-83.357
-83.274
-83.235
-83.218
-83.102
-83.135
-83.062
-83.074
-83.02
-83.041
-83.012
-82.99
-82.955
-82.989
-83.025
-82.995
-82.99
-82.915
-82.889
-82.873
-82.824
-82.821
-82.834
-82.802
-82.79
-82.739
-82.691
-82.685
-82.806
-82.876
-82.909
-82.94
-82.868
-82.846
-82.817
-82.791
-82.706
-82.663
-82.701
-82.685
-82.613
-82.689
-82.703
-82.684
-82.713
-82.722
-82.662
-82.707
-82.689
-82.723
-82.769
-82.899
-82.878
-82.921
-82.867
-82.845
-82.798
-82.722
-82.768
-82.741
-82.603
-82.639
-82.643
-82.55
-82.492
-82.548
-82.497
-82.503
-82.508
-82.428
-82.373
-82.388
-82.363
-82.374
-82.313
-82.246
-82.34
-82.368
-82.38
-82.375
-82.503
-82.558
-82.554
-82.593
-82.696
-82.672
-82.71
-82.717
-82.634
-82.568
-82.594
-82.581
-82.591
-82.504
-82.485
-82.534
-82.511
-82.565
-82.474
-82.551
-82.626
-82.596
-82.599
-82.589
-82.6
-82.647
-82.666
-82.667
-82.733
-82.726
-82.681
-82.731
-82.801
-82.811
-82.738
-82.708
-82.773
-82.693
-82.657
-82.563
-82.647
-82.731
-82.784
-82.819
-82.805
-82.795
-82.782
-82.774
-82.749
-82.73
-82.667
-82.706
-82.749
-82.775
-82.848
-82.859
-82.808
-82.832
-82.864
-82.882
-82.894
-82.97
-82.947
-82.924
-83.011
-83.04
-83.003
-82.993
-82.96
-82.999
-83.031
-83.01
-83.015
-83.07
-83.125
-83.091
-83.104
-83.056
-83.013
-83.066
-83.074
-83.02
-82.997
-82.958
-82.916
-82.926
-82.902
-82.891
-82.914
-82.959
-82.908
-82.93
-83.078
-83.113
-83.126
-83.169
-83.276
-83.284
-83.251
-83.202
-83.257
-83.356
-83.337
-83.322
-83.33
-83.274
-83.142
-83.139
-83.206
-83.144
-83.143
-83.094
-83.161
-83.221
-83.28
-83.324
-83.337
-83.424
-83.364
-83.38
-83.433
-83.322
-83.401
-83.427
-83.568
-83.528
-83.537
-83.504
-83.672
-83.714
-83.737
-83.715
-83.642
-83.696
-83.827
-83.83
-83.891
-83.875
-83.92
-83.925
-83.877
-83.801
-83.783
-83.713
-83.791
-83.854
-83.878
-83.81
-83.847
-83.895
-83.953
-83.941
-83.9
-83.96
-84.007
-84.015
-83.976
-83.998
-83.951
-84.04
-84.088
-84.076
-84.032
-84.015
-83.952
-84.001
-83.965
-83.955
-83.918
-83.923
-83.834
-83.862
-83.883
-83.889
-83.892
-83.884
-83.907
-83.9
-83.873
-83.909
-83.968
-83.926
-83.891
-83.774
-83.759
-83.783
-83.806
-83.818
-83.889
-83.795
-83.805
-83.759
-83.754
-83.842
-83.844
-83.823
-83.8
-83.864
-83.915
-83.871
-83.965
-83.964
-83.982
-83.924
-83.851
-83.826
-83.88
-83.862
-83.825
-83.828
-83.716
-83.676
-83.804
-83.885
-83.831
-83.77
-83.705
-83.801
-83.844
-83.842
-83.857
-83.764
-83.652
-83.614
-83.59
-83.683
-83.715
-83.74
-83.723
-83.741
-83.815
-83.834
-83.924
-83.983
-83.935
-83.865
-83.806
-83.91
-83.933
-83.923
-83.909
-83.972
-83.921
-83.951
-84.076
-84.065
-83.97
-83.937
-83.864
-83.889
-83.981
-84.018
-83.979
-83.933
-83.817
-83.902
-83.923
-83.914
-83.981
-84.005
-84.06
-84.037
-84.087
-84.079
-84.071
-84.098
-84.129
-84.057
-84
-84.014
-83.936
-83.972
-83.934
-83.885
-83.844
-83.84
-83.782
-83.725
-83.733
-83.708
-83.648
-83.592
-83.62
-83.555
-83.625
-83.685
-83.683
-83.606
-83.585
-83.614
-83.559
-83.514
-83.492
-83.603
-83.573
-83.607
-83.692
-83.747
-83.673
-83.661
-83.636
-83.72
-83.669
-83.597
-83.587
-83.582
-83.529
-83.522
-83.475
-83.491
-83.598
-83.628
-83.456
-83.464
-83.377
-83.312
-83.41
-83.515
-83.577
-83.571
-83.568
-83.534
-83.508
-83.476
-83.429
-83.362
-83.418
-83.479
-83.548
-83.552
-83.631
-83.642
-83.671
-83.648
-83.619
-83.6
-83.634
-83.676
-83.696
-83.636
-83.594
-83.586
-83.581
-83.573
-83.575
-83.574
-83.525
-83.534
-83.509
-83.54
-83.509
-83.486
-83.479
-83.559
-83.504
-83.474
-83.469
-83.355
-83.382
-83.337
-83.348
-83.359
-83.434
-83.324
-83.417
-83.434
-83.421
-83.419
-83.397
-83.335
-83.337
-83.375
-83.437
-83.444
-83.464
-83.501
-83.551
-83.672
-83.695
-83.643
-83.602
-83.613
-83.681
-83.681
-83.684
-83.652
-83.651
-83.594
-83.587
-83.67
-83.666
-83.666
-83.586
-83.551
-83.468
-83.428
-83.452
-83.48
-83.476
-83.537
-83.487
-83.465
-83.501
-83.533
-83.485
-83.49
-83.515
-83.563
-83.573
-83.599
-83.679
-83.585
-83.494
-83.508
-83.519
-83.581
-83.542
-83.51
-83.452
-83.457
-83.516
-83.532
-83.571
-83.536
-83.521
-83.503
-83.501
-83.523
-83.563
-83.516
-83.586
-83.587
-83.647
-83.64
-83.639
-83.705
-83.723
-83.76
-83.65
-83.662
-83.655
-83.627
-83.622
-83.605
-83.597
-83.573
-83.509
-83.502
-83.446
-83.439
-83.387
-83.399
-83.462
-83.504
-83.48
-83.434
-83.447
-83.512
-83.497
-83.47
-83.47
-83.553
-83.551
-83.509
-83.451
-83.48
-83.478
-83.46
-83.421
-83.486
-83.577
-83.618
-83.662
-83.658
-83.724
-83.743
-83.772
-83.702
-83.649
-83.647
-83.672
-83.656
-83.685
-83.639
-83.643
-83.65
-83.666
-83.665
-83.701
-83.724
-83.813
-83.823
-83.795
-83.82
-83.794
-83.78
-83.731
-83.773
-83.733
-83.779
-83.838
-83.842
-83.872
-83.902
-83.964
-83.964
-84.035
-84.126
-84.131
-84.066
-84.082
-84.179
-84.139
-84.218
-84.225
-84.215
-84.121
-84.081
-84.084
-83.999
-83.983
-83.953
-83.978
-83.875
-83.944
-83.933
-84.011
-83.961
-83.906
-83.929
-83.87
-83.818
-83.873
-83.85
-83.839
-83.878
-83.852
-83.781
-83.676
-83.775
-83.811
-83.789
-83.729
-83.772
-83.742
-83.848
-83.879
-83.904
-83.843
-83.882
-83.878
-83.94
-83.984
-83.944
-83.984
-84.044
-84.085
-84.149
-84.098
-84.118
-84.139
-84.202
-84.195
-84.094
-84.057
-83.978
-84.091
-84.144
-84.171
-84.082
-84.101
-84.096
-84.109
-83.995
-83.967
-83.942
-83.966
-83.933
-83.869
-83.85
-83.775
-83.723
-83.631
-83.634
-83.617
-83.644
-83.546
-83.534
-83.464
-83.452
-83.484
-83.386
-83.484
-83.465
-83.377
-83.354
-83.389
-83.428
-83.386
-83.373
-83.417
-83.428
-83.49
-83.481
-83.492
-83.442
-83.489
-83.452
-83.35
-83.303
-83.258
-83.215
-83.236
-83.238
-83.256
-83.272
-83.324
-83.269
-83.242
-83.214
-83.249
-83.285
-83.383
-83.448
-83.502
-83.498
-83.54
-83.59
-83.618
-83.604
-83.712
-83.676
-83.734
-83.702
-83.614
-83.699
-83.707
-83.622
-83.591
-83.531
-83.551
-83.671
-83.705
-83.757
-83.705
-83.674
-83.722
-83.716
-83.697
-83.68
-83.772
-83.762
-83.777
-83.938
-83.932
-84.015
-83.986
-83.967
-83.925
-83.901
-83.838
-83.926
-84.007
-84.055
-84.015
-84.017
-84.01
-83.916
-83.857
-83.845
-83.829
-83.801
-83.715
-83.704
-83.734
-83.658
-83.694
-83.76
-83.781
-83.721
-83.708
-83.654
-83.62
-83.661
-83.557
-83.512
-83.525
-83.497
-83.482
-83.493
-83.482
-83.526
-83.552
-83.527
-83.474
-83.495
-83.497
-83.489
-83.439
-83.467
-83.524
-83.554
-83.582
-83.623
-83.625
-83.61
-83.666
-83.652
-83.635
-83.551
-83.688
-83.656
-83.674
-83.743
-83.7
-83.578
-83.562
-83.529
-83.474
-83.492
-83.439
-83.449
-83.424
-83.471
-83.375
-83.467
-83.467
-83.318
-83.271
-83.285
-83.269
-83.174
-83.14
-83.076
-83.04
-83.094
-83.118
-83.121
-83.103
-83.2
-83.162
-83.118
-83.052
-83.034
-83.035
-83.008
-82.99
-82.981
-82.99
-82.92
-82.955
-82.901
-82.941
-83.044
-82.955
-82.965
-82.989
-83.025
-83.037
-83.129
-83.13
-83.115
-83.115
-83.136
-83.117
-83.17
-83.07
-83.052
-82.939
-82.826
-82.858
-82.854
-82.876
-83.027
-83.113
-83.118
-83.08
-83.091
-83.1
-83.168
-83.244
-83.247
-83.297
-83.317
-83.226
-83.215
-83.33
-83.378
-83.437
-83.369
-83.427
-83.425
-83.35
-83.269
-83.233
-83.279
-83.265
-83.209
-83.144
-83.128
-83.069
-83.105
-83.157
-83.062
-83.137
-83.078
-83.195
-83.181
-83.195
-83.208
-83.26
-83.28
-83.35
-83.262
-83.197
-83.194
-83.234
-83.309
-83.221
-83.316
-83.277
-83.327
-83.298
-83.212
-83.324
-83.193
-83.241
-83.221
-83.16
-83.078
-83.094
-83.17
-83.185
-83.199
-83.168
-83.17
-83.071
-83.194
-83.149
-83.194
-83.209
-83.173
-83.166
-83.182
-83.181
-83.216
-83.197
-83.176
-83.119
-83.194
-83.174
-83.218
-83.199
-83.262
-83.257
-83.292
-83.295
-83.231
-83.187
-83.321
-83.339
-83.379
-83.392
-83.384
-83.426
-83.46
-83.47
-83.452
-83.488
-83.512
-83.434
-83.452
-83.456
-83.518
-83.474
-83.442
-83.493
-83.502
-83.373
-83.288
-83.192
-83.156
-83.259
-83.23
-83.232
-83.241
-83.306
-83.342
-83.358
-83.389
-83.358
-83.34
-83.4
-83.364
-83.464
-83.524
-83.484
-83.459
-83.396
-83.464
-83.48
-83.409
-83.373
-83.371
-83.385
-83.372
-83.372
-83.309
-83.262
-83.355
-83.338
-83.346
-83.316
-83.323
-83.321
-83.389
-83.4
-83.402
-83.384
-83.298
-83.303
-83.347
-83.341
-83.432
-83.412
-83.45
-83.505
-83.529
-83.559
-83.574
-83.402
-83.485
-83.506
-83.534
-83.465
-83.406
-83.375
-83.415
-83.403
-83.363
-83.38
-83.406
-83.475
-83.487
-83.557
-83.535
-83.549
-83.498
-83.482
-83.546
-83.493
-83.466
-83.39
-83.406
-83.388
-83.449
-83.368
-83.291
-83.199
-83.25
-83.252
-83.22
-83.22
-83.288
-83.322
-83.368
-83.29
-83.347
-83.252
-83.249
-83.282
-83.211
-83.19
-83.221
-83.164
-83.201
-83.162
-83.151
-83.21
-83.166
-83.116
-83.113
-83.089
-83.064
-82.975
-82.908
-82.84
-82.836
-82.799
-82.766
-82.812
-82.858
-82.817
-82.873
-82.847
-82.849
-82.8
-82.813
-82.812
-82.72
-82.68
-82.764
-82.71
-82.727
-82.8
-82.858
-82.882
-82.805
-82.78
-82.766
-82.737
-82.752
-82.817
-82.784
-82.77
-82.759
-82.748
-82.781
-82.788
-82.727
-82.655
-82.676
-82.66
-82.74
-82.766
-82.668
-82.657
-82.768
-82.736
-82.63
-82.505
-82.493
-82.429
-82.455
-82.361
-82.376
-82.35
-82.396
-82.321
-82.307
-82.245
-82.208
-82.192
-82.232
-82.342
-82.299
-82.363
-82.358
-82.402
-82.4
-82.405
-82.465
-82.536
-82.564
-82.598
-82.605
-82.593
-82.647
-82.559
-82.574
-82.588
-82.667
-82.652
-82.68
-82.726
-82.678
-82.599
-82.6
-82.547
-82.532
-82.542
-82.571
-82.649
-82.774
-82.689
-82.724
-82.776
-82.71
-82.723
-82.746
-82.754
-82.776
-82.744
-82.667
-82.687
-82.689
-82.741
-82.776
-82.831
-82.788
-82.738
-82.654
-82.621
-82.633
-82.621
-82.566
-82.579
-82.676
-82.616
-82.585
-82.593
-82.619
-82.571
-82.527
-82.548
-82.546
-82.602
-82.606
-82.652
-82.652
-82.605
-82.664
-82.776
-82.813
-82.841
-82.876
-82.854
-82.85
-82.851
-82.886
-82.866
-82.85
-82.79
-82.76
-82.835
-82.847
-82.832
-82.865
-82.843
-82.855
-82.838
-82.836
-82.968
-82.886
-82.88
-82.895
-82.838
-82.766
-82.749
-82.667
-82.563
-82.618
-82.553
-82.54
-82.491
-82.588
-82.456
-82.45
-82.363
-82.281
-82.252
-82.342
-82.3
-82.235
-82.289
-82.325
-82.351
-82.345
-82.36
-82.33
-82.341
-82.278
-82.317
-82.332
-82.344
-82.437
-82.415
-82.57
-82.535
-82.605
-82.649
-82.674
-82.589
-82.606
-82.637
-82.583
-82.577
-82.57
-82.516
-82.528
-82.553
-82.532
-82.449
-82.41
-82.441
-82.493
-82.561
-82.547
-82.597
-82.571
-82.693
-82.721
-82.619
-82.644
-82.661
-82.541
-82.515
-82.489
-82.494
-82.501
-82.452
-82.421
-82.354
-82.409
-82.385
-82.371
-82.366
-82.368
-82.357
-82.295
-82.282
-82.279
-82.268
-82.297
-82.369
-82.451
-82.531
-82.501
-82.503
-82.466
-82.416
-82.424
-82.371
-82.193
-82.226
-82.269
-82.266
-82.24
-82.173
-82.131
-82.179
-82.283
-82.223
-82.226
-82.183
-82.156
-82.131
-82.056
-81.967
-82.049
-82.106
-82.084
-82.114
-82.055
-82.109
-82.106
-82.062
-82.113
-82.164
-82.153
-82.266
-82.168
-82.216
-82.27
-82.353
-82.465
-82.484
-82.521
-82.524
-82.476
-82.396
-82.369
-82.285
-82.297
-82.354
-82.358
-82.327
-82.263
-82.233
-82.234
-82.286
-82.299
-82.379
-82.488
-82.487
-82.528
-82.452
-82.479
-82.525
-82.477
-82.484
-82.502
-82.502
-82.421
-82.439
-82.425
-82.417
-82.466
-82.484
-82.511
-82.473
-82.454
-82.472
-82.444
-82.483
-82.501
-82.503
-82.489
-82.495
-82.382
-82.327
-82.428
-82.451
-82.471
-82.481
-82.515
-82.377
-82.374
-82.387
-82.411
-82.369
-82.432
-82.389
-82.465
-82.431
-82.37
-82.369
-82.344
-82.323
-82.354
-82.273
-82.337
-82.301
-82.294
-82.264
-82.209
-82.19
-82.165
-82.228
-82.217
-82.239
-82.186
-82.202
-82.292
-82.269
-82.251
-82.205
-82.279
-82.211
-82.226
-82.228
-82.248
-82.257
-82.207
-82.155
-82.181
-82.206
-82.244
-82.193
-82.068
-82.09
-82.084
-82.167
-82.233
-82.105
-82.033
-82.056
-82.067
-82.066
-82.169
-82.279
-82.228
-82.239
-82.201
-82.226
-82.215
-82.252
-82.336
-82.323
-82.29
-82.283
-82.295
-82.208
-82.25
-82.316
-82.319
-82.357
-82.359
-82.468
-82.428
-82.549
-82.495
-82.575
-82.674
-82.701
-82.791
-82.81
-82.758
-82.724
-82.691
-82.706
-82.668
-82.656
-82.572
-82.552
-82.574
-82.659
-82.623
-82.694
-82.717
-82.765
-82.765
-82.738
-82.78
-82.742
-82.669
-82.671
-82.643
-82.68
-82.651
-82.628
-82.632
-82.643
-82.619
-82.543
-82.537
-82.643
-82.668
-82.637
-82.729
-82.693
-82.714
-82.704
-82.725
-82.678
-82.731
-82.696
-82.612
-82.693
-82.796
-82.816
-82.834
-82.907
-82.972
-82.98
-83.05
-83.086
-83.092
-83.219
-83.156
-83.157
-83.029
-83.043
-82.986
-82.918
-82.921
-83.003
-82.958
-82.888
-82.867
-82.811
-82.811
-82.953
-82.861
-82.804
-82.774
-82.815
-82.743
-82.724
-82.713
-82.767
-82.783
-82.715
-82.69
-82.604
-82.619
-82.65
-82.66
-82.606
-82.568
-82.694
-82.668
-82.648
-82.798
-82.734
-82.766
-82.75
-82.776
-82.711
-82.728
-82.686
-82.638
-82.602
-82.57
-82.618
-82.526
-82.53
-82.544
-82.565
-82.554
-82.559
-82.572
-82.614
-82.579
-82.659
-82.57
-82.593
-82.669
-82.663
-82.622
-82.601
-82.62
-82.603
-82.541
-82.616
-82.685
-82.684
-82.585
-82.588
-82.582
-82.559
-82.48
-82.461
-82.54
-82.55
-82.631
-82.569
-82.531
-82.456
-82.576
-82.559
-82.573
-82.577
-82.655
-82.612
-82.652
-82.647
-82.666
-82.613
-82.592
-82.688
-82.603
-82.633
-82.702
-82.666
-82.74
-82.77
-82.736
-82.704
-82.723
-82.723
-82.586
-82.641
-82.651
-82.725
-82.73
-82.711
-82.715
-82.764
-82.784
-82.813
-82.856
-82.799
-82.786
-82.665
-82.664
-82.685
-82.658
-82.73
-82.757
-82.732
-82.793
-82.838
-82.867
-82.878
-82.955
-82.996
-82.909
-82.92
-82.923
-82.879
-82.804
-82.88
-82.785
-82.769
-82.736
-82.791
-82.795
-82.73
-82.688
-82.721
-82.679
-82.658
-82.705
-82.711
-82.738
-82.84
-82.875
-82.806
-82.758
-82.73
-82.751
-82.737
-82.758
-82.815
-82.834
-82.86
-82.853
-82.818
-82.843
-82.906
-82.876
-82.848
-82.775
-82.753
-82.681
-82.614
-82.633
-82.748
-82.689
-82.705
-82.692
-82.724
-82.744
-82.773
-82.663
-82.607
-82.535
-82.568
-82.551
-82.461
-82.498
-82.416
-82.321
-82.282
-82.261
-82.225
-82.128
-82.143
-82.194
-82.113
-81.992
-82.001
-81.876
-81.849
-81.87
-81.831
-81.851
-81.802
-81.814
-81.79
-81.804
-81.783
-81.658
-81.584
-81.55
-81.517
-81.498
-81.423
-81.354
-81.289
-81.331
-81.222
-81.164
-81.106
-81.057
-81.043
-81.08
-80.957
-80.917
-80.787
-80.765
-80.745
-80.714
-80.713
-80.796
-80.768
-80.701
-80.673
-80.624
-80.586
-80.536
-80.372
-80.447
-80.409
-80.403
-80.358
-80.387
-80.398
-80.37
-80.398
-80.328
-80.251
-80.201
-80.125
-80.112
-80.014
-79.924
-79.802
-79.793
-79.767
-79.698
-79.731
-79.687
-79.696
-79.652
-79.608
-79.594
-79.56
-79.569
-79.611
-79.605
-79.499
-79.408
-79.418
-79.525
-79.398
-79.396
-79.277
-79.229
-79.153
-79.128
-79.068
-78.91
-78.841
-78.849
-78.811
-78.875
-78.906
-78.811
-78.752
-78.624
-78.599
-78.596
-78.593
-78.484
-78.509
-78.538
-78.547
-78.553
-78.524
-78.494
-78.496
-78.372
-78.358
-78.389
-78.432
-78.434
-78.468
-78.438
-78.457
-78.389
-78.356
-78.263
-78.199
-78.154
-78.1
-78.055
-78.043
-78.089
-77.975
-77.856
-77.75
-77.717
-77.638
-77.619
-77.543
-77.55
-77.558
-77.486
-77.447
-77.447
-77.369
-77.254
-77.306
-77.404
-77.361
-77.308
-77.282
-77.235
-77.259
-77.216
-77.075
-77.075
-77.053
-77.103
-77.05
-77.063
-77.114
-77.178
-77.121
-77.161
-77.09
-77.036
-76.999
-77.003
-77.002
-77.026
-77.04
-77.105
-77.186
-77.226
-77.22
-77.156
-77.088
-77.112
-77.111
-77.126
-77.13
-77.11
-77.114
-77.064
-77.058
-77.116
-77.114
-77.159
-77.067
-77.004
-76.89
-76.96
-77.02
-76.914
-76.924
-76.883
-76.935
-76.914
-76.999
-76.975
-76.891
-76.788
-76.849
-76.876
-76.785
-76.834
-76.865
-76.749
-76.736
-76.749
-76.742
-76.794
-76.771
-76.725
-76.624
-76.722
-76.671
-76.639
-76.576
-76.521
-76.555
-76.459
-76.423
-76.412
-76.474
-76.478
-76.469
-76.505
-76.483
-76.446
-76.459
-76.415
-76.413
-76.509
-76.479
-76.443
-76.471
-76.544
-76.601
-76.623
-76.534
-76.653
-76.65
-76.686
-76.715
-76.746
-76.772
-76.764
-76.81
-76.789
-76.711
-76.78
-76.726
-76.696
-76.708
-76.712
-76.625
-76.642
-76.621
-76.606
-76.656
-76.668
-76.6
-76.517
-76.522
-76.537
-76.484
-76.422
-76.414
-76.399
-76.334
-76.373
-76.298
-76.233
-76.298
-76.134
-76.176
-76.216
-76.18
-76.191
-76.253
-76.148
-76.121
-76.14
-76.159
-76.069
-76.101
-76.079
-76.188
-76.161
-76.103
-76.026
-75.83
-75.868
-75.87
-75.884
-75.875
-75.951
-75.985
-75.98
-75.908
-75.897
-75.881
-75.792
-75.801
-75.837
-75.89
-75.936
-75.93
-75.983
-75.922
-75.876
-75.819
-75.793
-75.767
-75.739
-75.746
-75.665
-75.605
-75.543
-75.463
-75.524
-75.488
-75.525
-75.503
-75.475
-75.456
-75.463
-75.499
-75.598
-75.596
-75.605
-75.621
-75.603
-75.686
-75.703
-75.718
-75.738
-75.699
-75.71
-75.661
-75.708
-75.743
-75.675
-75.581
-75.606
-75.599
-75.637
-75.639
-75.668
-75.688
-75.694
-75.653
-75.642
-75.595
-75.62
-75.527
-75.488
-75.465
-75.428
-75.321
-75.321
-75.357
-75.377
-75.281
-75.276
-75.284
-75.33
-75.429
-75.35
-75.374
-75.371
-75.323
-75.308
-75.362
-75.383
-75.354
-75.324
-75.364
-75.322
-75.377
-75.379
-75.426
-75.333
-75.314
-75.348
-75.303
-75.396
-75.413
-75.455
-75.407
-75.459
-75.451
-75.437
-75.413
-75.477
-75.434
-75.378
-75.347
-75.313
-75.345
-75.273
-75.243
-75.25
-75.159
-75.117
-75.092
-75.041
-75.053
-75.026
-74.992
-74.943
-74.849
-74.906
-74.778
-74.754
-74.73
-74.665
-74.693
-74.656
-74.624
-74.634
-74.621
-74.544
-74.551
-74.515
-74.484
-74.423
-74.492
-74.478
-74.494
-74.468
-74.504
-74.503
-74.544
-74.458
-74.408
-74.319
-74.326
-74.328
-74.324
-74.345
-74.385
-74.328
-74.276
-74.258
-74.234
-74.134
-74.133
-74.087
-74.014
-73.942
-73.917
-73.878
-73.806
-73.844
-73.896
-73.912
-73.904
-73.841
-73.854
-73.826
-73.793
-73.848
-73.826
-73.815
-73.84
-73.801
-73.744
-73.673
-73.592
-73.574
-73.578
-73.472
-73.538
-73.533
-73.559
-73.536
-73.522
-73.531
-73.491
-73.54
-73.59
-73.683
-73.588
-73.605
-73.63
-73.686
-73.697
-73.705
-73.629
-73.631
-73.602
-73.522
-73.548
-73.438
-73.46
-73.387
-73.421
-73.356
-73.365
-73.435
-73.366
-73.332
-73.279
-73.269
-73.198
-73.13
-73.161
-73.157
-73.215
-73.268
-73.318
-73.286
-73.2
-73.234
-73.125
-73.17
-73.29
-73.309
-73.435
-73.417
-73.45
-73.373
-73.442
-73.483
-73.463
-73.499
-73.477
-73.466
-73.411
-73.371
-73.369
-73.372
-73.472
-73.422
-73.409
-73.326
-73.3
-73.365
-73.427
-73.445
-73.509
-73.635
-73.706
-73.687
-73.649
-73.697
-73.62
-73.583
-73.503
-73.434
-73.352
-73.33
-73.34
-73.324
-73.255
-73.269
-73.154
-73.171
-73.133
-73.096
-73.089
-73.055
-73.163
-73.085
-73.159
-73.094
-73.097
-73.075
-73.132
-73.137
-73.146
-73.098
-73.133
-73.119
-73.127
-73.202
-73.159
-73.123
-73.125
-73.166
-73.134
-73.126
-73.089
-73.182
-73.19
-73.187
-73.166
-73.185
-73.092
-73.05
-73.092
-72.989
-73
-72.958
-72.98
-72.969
-72.989
-73.012
-73.029
-73.139
-73.146
-73.148
-73.121
-73.123
-73.025
-73.1
-73.019
-72.913
-72.923
-72.925
-72.862
-72.881
-72.88
-72.862
-72.792
-72.711
-72.675
-72.732
-72.662
-72.637
-72.612
-72.639
-72.643
-72.587
-72.582
-72.597
-72.552
-72.532
-72.532
-72.542
-72.579
-72.649
-72.716
-72.744
-72.679
-72.7
-72.765
-72.751
-72.858
-72.799
-72.739
-72.656
-72.658
-72.521
-72.607
-72.566
-72.609
-72.567
-72.601
-72.66
-72.687
-72.832
-72.839
-72.74
-72.773
-72.708
-72.714
-72.681
-72.604
-72.595
-72.663
-72.65
-72.661
-72.65
-72.656
-72.72
-72.634
-72.686
-72.676
-72.661
-72.558
-72.622
-72.569
-72.663
-72.655
-72.73
-72.782
-72.826
-72.865
-72.927
-72.973
-72.978
-72.98
-73.043
-72.988
-72.994
-72.926
-72.947
-72.906
-72.991
-73.015
-72.965
-72.921
-73.001
-72.99
-73.054
-73.02
-73.027
-73.022
-72.963
-72.97
-72.989
-72.938
-72.957
-72.873
-72.867
-72.933
-72.973
-73.001
-73.022
-73.037
-73.009
-72.94
-72.884
-72.853
-72.969
-73.023
-73.092
-73.109
-73.128
-73.057
-73.006
-73.003
-73.07
-73.135
-73.145
-73.16
-73.115
-73.119
-73.034
-73.052
-72.998
-73.008
-73.026
-73.033
-73.095
-73.125
-73.116
-73.101
-73.119
-73.11
-73.108
-73.201
-73.135
-73.138
-73.269
-73.335
-73.275
-73.288
-73.378
-73.289
-73.287
-73.3
-73.377
-73.313
-73.292
-73.245
-73.249
-73.291
-73.237
-73.148
-73.088
-73.054
-73.069
-73.127
-73.037
-72.989
-73.008
-72.98
-73.025
-73.067
-73.092
-73.06
-72.994
-73.003
-72.987
-72.886
-72.997
-72.981
-72.926
-72.882
-72.964
-72.934
-72.905
-72.834
-72.798
-72.762
-72.745
-72.881
-72.861
-72.832
-72.819
-72.797
-72.774
-72.768
-72.75
-72.782
-72.785
-72.854
-72.822
-72.892
-72.933
-72.961
-72.97
-73.014
-72.925
-72.896
-72.874
-72.914
-72.921
-72.852
-72.843
-72.935
-72.859
-72.861
-72.843
-72.88
-72.932
-72.969
-72.968
-72.952
-72.965
-72.983
-72.998
-72.94
-72.999
-73.008
-72.942
-72.949
-72.881
-72.785
-72.825
-72.846
-72.88
-72.881
-72.871
-72.875
-72.884
-72.759
-72.859
-72.833
-72.847
-72.748
-72.678
-72.705
-72.694
-72.791
-72.772
-72.786
-72.775
-72.71
-72.751
-72.75
-72.724
-72.812
-72.762
-72.728
-72.804
-72.798
-72.812
-72.878
-72.956
-72.949
-72.949
-72.855
-72.873
-72.833
-72.809
-72.764
-72.773
-72.801
-72.736
-72.742
-72.748
-72.828
-72.762
-72.777
-72.753
-72.795
-72.794
-72.787
-72.874
-72.888
-72.919
-73.01
-73.008
-72.909
-72.868
-72.904
-73.006
-73.022
-73.086
-73.093
-73.049
-73.047
-73.071
-73.128
-73.116
-73.144
-73.15
-73.174
-73.276
-73.233
-73.205
-73.225
-73.268
-73.313
-73.386
-73.351
-73.406
-73.402
-73.358
-73.448
-73.406
-73.433
-73.356
-73.387
-73.381
-73.337
-73.255
-73.335
-73.282
-73.277
-73.206
-73.305
-73.263
-73.285
-73.222
-73.239
-73.192
-73.212
-73.144
-73.166
-73.226
-73.248
-73.208
-73.22
-73.169
-73.203
-73.189
-73.297
-73.247
-73.242
-73.258
-73.187
-73.1
-73.033
-73.013
-73.123
-73.048
-73.07
-73.105
-73.052
-73.061
-73.023
-72.953
-72.897
-72.966
-72.938
-72.935
-72.934
-72.916
-72.92
-72.975
-72.961
-72.988
-73.026
-72.995
-72.976
-73.083
-73.103
-73.107
-73.135
-73.058
-73.1
-73.104
-73.255
-73.18
-73.161
-73.251
-73.274
-73.223
-73.156
-73.194
-73.171
-73.174
-73.224
-73.218
-73.131
-73.118
-73.143
-73.182
-73.194
-73.199
-73.191
-73.171
-73.122
-73.159
-73.147
-73.185
-73.156
-73.199
-73.121
-73.269
-73.168
-73.157
-73.187
-73.176
-73.056
-73.133
-73.067
-72.992
-73.053
-72.997
-72.927
-72.867
-72.866
-72.837
-72.776
-72.854
-72.841
-72.925
-72.926
-73.026
-73.043
-73.004
-73.043
-72.966
-72.948
-72.891
-72.956
-73.022
-72.979
-72.972
-73.009
-73.019
-73.079
-73.148
-73.213
-73.186
-73.222
-73.172
-73.245
-73.31
-73.299
-73.22
-73.261
-73.233
-73.293
-73.317
-73.469
-73.481
-73.51
-73.443
-73.36
-73.313
-73.278
-73.323
-73.312
-73.374
-73.358
-73.426
-73.374
-73.35
-73.323
-73.262
-73.293
-73.285
-73.396
-73.303
-73.209
-73.279
-73.338
-73.353
-73.392
-73.418
-73.482
-73.592
-73.546
-73.502
-73.485
-73.404
-73.396
-73.386
-73.499
-73.431
-73.448
-73.555
-73.51
-73.417
-73.434
-73.408
-73.472
-73.395
-73.355
-73.326
-73.451
-73.527
-73.507
-73.444
-73.424
-73.37
-73.439
-73.441
-73.398
-73.375
-73.292
-73.24
-73.122
-73.044
-73.059
-72.961
-72.947
-73.032
-73.11
-73.13
-73.157
-73.071
-73.173
-73.106
-73.072
-73.033
-73.054
-73.093
-73.061
-73.12
-72.972
-72.93
-72.986
-72.996
-72.998
-73.106
-73.012
-72.987
-73.008
-73.137
-73.127
-73.166
-73.231
-73.189
-73.231
-73.219
-73.198
-73.235
-73.199
-73.299
-73.248
-73.23
-73.266
-73.265
-73.263
-73.18
-73.253
-73.277
-73.295
-73.314
-73.273
-73.276
-73.315
-73.279
-73.224
-73.198
-73.201
-73.169
-73.132
-73.089
-73.14
-73.08
-73.098
-73.167
-73.204
-73.212
-73.196
-73.214
-73.23
-73.192
-73.204
-73.139
-73.025
-72.961
-72.845
-72.875
-72.87
-72.82
-72.836
-72.783
-72.805
-72.773
-72.636
-72.633
-72.641
-72.679
-72.669
-72.731
-72.75
-72.681
-72.674
-72.62
-72.603
-72.509
-72.55
-72.598
-72.51
-72.495
-72.411
-72.363
-72.375
-72.294
-72.31
-72.285
-72.317
-72.322
-72.26
-72.201
-72.177
-72.061
-72.001
-72.003
-71.891
-71.91
-71.847
-71.9
-71.932
-71.926
-71.926
-71.883
-71.828
-71.876
-71.921
-71.866
-71.848
-71.792
-71.703
-71.599
-71.585
-71.617
-71.622
-71.621
-71.613
-71.601
-71.54
-71.496
-71.46
-71.492
-71.566
-71.547
-71.505
-71.526
-71.543
-71.523
-71.507
-71.49
-71.572
-71.664
-71.754
-71.719
-71.653
-71.61
-71.654
-71.486
-71.461
-71.48
-71.418
-71.33
-71.298
-71.221
-71.203
-71.125
-71.1
-71.144
-71.111
-71.016
-71.007
-70.994
-71.037
-71.02
-71.024
-71.002
-71.022
-70.981
-71.008
-70.999
-70.919
-70.855
-70.782
-70.751
-70.724
-70.895
-70.857
-70.87
-70.892
-70.897
-70.777
-70.791
-70.738
-70.628
-70.67
-70.609
-70.712
-70.721
-70.772
-70.729
-70.714
-70.774
-70.681
-70.701
-70.766
-70.709
-70.746
-70.652
-70.575
-70.52
-70.524
-70.515
-70.595
-70.6
-70.593
-70.656
-70.614
-70.615
-70.59
-70.57
-70.594
-70.653
-70.603
-70.518
-70.435
-70.349
-70.305
-70.342
-70.262
-70.257
-70.278
-70.268
-70.23
-70.118
-70.186
-70.145
-70.122
-70.056
-70.004
-70.01
-70.076
-70.098
-70.168
-70.059
-70.066
-70.096
-70.073
-69.986
-70.038
-69.983
-70.033
-70.049
-70.112
-70.151
-70.161
-70.154
-70.012
-69.988
-69.901
-69.844
-69.873
-69.98
-70.009
-70.04
-70.103
-70.148
-70.099
-70.072
-70.083
-70.048
-70.045
-70.065
-70.069
-70.077
-70.091
-70.128
-70.055
-69.996
-69.985
-70.005
-70
-70.053
-69.989
-70.013
-69.936
-69.951
-69.87
-69.857
-69.853
-69.836
-69.802
-69.823
-69.797
-69.707
-69.625
-69.641
-69.527
-69.449
-69.448
-69.559
-69.542
-69.548
-69.622
-69.609
-69.652
-69.654
-69.628
-69.679
-69.681
-69.572
-69.54
-69.473
-69.428
-69.46
-69.525
-69.552
-69.598
-69.561
-69.55
-69.569
-69.51
-69.405
-69.467
-69.47
-69.449
-69.447
-69.465
-69.373
-69.34
-69.255
-69.335
-69.349
-69.385
-69.424
-69.377
-69.363
-69.321
-69.305
-69.379
-69.377
-69.345
-69.329
-69.391
-69.367
-69.361
-69.394
-69.375
-69.289
-69.26
-69.217
-69.181
-69.319
-69.354
-69.294
-69.225
-69.31
-69.347
-69.274
-69.217
-69.172
-69.179
-69.16
-69.104
-69.137
-69.06
-69.173
-69.203
-69.216
-69.21
-69.209
-69.206
-69.113
-69.086
-69.13
-69.04
-69.035
-69.123
-69.161
-69.085
-69.094
-69.088
-69.092
-69.163
-69.146
-69.099
-68.964
-69.004
-69.049
-69.059
-69.076
-69.016
-68.971
-68.998
-68.963
-69.071
-69.062
-69.17
-69.204
-69.255
-69.245
-69.183
-69.139
-69.286
-69.266
-69.257
-69.331
-69.243
-69.22
-69.24
-69.112
-69.074
-69.06
-69.014
-69.076
-68.99
-69.011
-69
-68.895
-68.863
-68.944
-69.029
-68.959
-68.921
-68.926
-68.908
-68.918
-68.911
-68.987
-69.052
-69.002
-68.918
-68.905
-68.867
-68.891
-68.956
-68.933
-68.92
-68.922
-68.911
-68.927
-68.949
-68.934
-68.958
-68.913
-69.004
-69.003
-69.013
-69.002
-69.022
-69.007
-69.044
-68.984
-68.939
-68.95
-68.911
-68.89
-68.879
-68.798
-68.789
-68.701
-68.647
-68.629
-68.594
-68.676
-68.606
-68.661
-68.651
-68.652
-68.651
-68.7
-68.768
-68.69
-68.749
-68.837
-68.793
-68.793
-68.825
-68.749
-68.751
-68.69
-68.715
-68.736
-68.623
-68.705
-68.72
-68.638
-68.716
-68.784
-68.766
-68.779
-68.741
-68.777
-68.667
-68.71
-68.713
-68.72
-68.773
-68.782
-68.816
-68.698
-68.699
-68.648
-68.67
-68.698
-68.633
-68.626
-68.549
-68.495
-68.442
-68.478
-68.436
-68.381
-68.369
-68.293
-68.273
-68.277
-68.277
-68.312
-68.292
-68.299
-68.194
-68.192
-68.143
-68.182
-68.258
-68.22
-68.258
-68.259
-68.212
-68.228
-68.251
-68.226
-68.285
-68.408
-68.345
-68.437
-68.447
-68.344
-68.47
-68.459
-68.468
-68.5
-68.523
-68.616
-68.564
-68.554
-68.519
-68.51
-68.581
-68.556
-68.432
-68.458
-68.443
-68.523
-68.546
-68.488
-68.447
-68.479
-68.472
-68.516
-68.604
-68.626
-68.629
-68.504
-68.58
-68.572
-68.529
-68.428
-68.389
-68.355
-68.356
-68.334
-68.449
-68.332
-68.352
-68.412
-68.449
-68.319
-68.307
-68.298
-68.279
-68.265
-68.261
-68.276
-68.285
-68.358
-68.364
-68.423
-68.428
-68.426
-68.34
-68.412
-68.401
-68.526
-68.566
-68.612
-68.617
-68.649
-68.657
-68.715
-68.666
-68.518
-68.511
-68.503
-68.606
-68.584
-68.686
-68.717
-68.807
-68.755
-68.837
-68.905
-68.871
-68.805
-68.779
-68.775
-68.823
-68.799
-68.708
-68.724
-68.797
-68.841
-68.882
-68.85
-68.884
-68.87
-68.817
-68.805
-68.748
-68.65
-68.643
-68.581
-68.612
-68.579
-68.47
-68.386
-68.411
-68.529
-68.53
-68.591
-68.593
-68.494
-68.467
-68.452
-68.374
-68.444
-68.464
-68.443
-68.332
-68.261
-68.287
-68.209
-68.08
-68.13
-68.137
-68.125
-68.11
-68.074
-68.071
-68.027
-67.951
-67.885
-67.971
-67.859
-67.843
-67.775
-67.763
-67.806
-67.736
-67.651
-67.658
-67.616
-67.525
-67.379
-67.339
-67.291
-67.206
-67.068
-66.938
-66.988
-66.96
-66.99
-66.919
-66.898
-66.959
-66.921
-66.808
-66.829
-66.786
-66.685
-66.847
-66.881
-66.833
-66.798
-66.766
-66.644
-66.753
-66.757
-66.693
-66.625
-66.658
-66.543
-66.461
-66.525
-66.458
-66.463
-66.398
-66.355
-66.371
-66.281
-66.269
-66.308
-66.308
-66.252
-66.246
-66.2
-66.138
-66.054
-65.992
-65.97
-65.929
-65.841
-65.878
-65.867
-65.888
-65.812
-65.796
-65.797
-65.795
-65.687
-65.609
-65.49
-65.405
-65.372
-65.405
-65.349
-65.319
-65.327
-65.298
-65.285
-65.32
-65.306
-65.274
-65.221
-65.244
-65.178
-65.182
-65.19
-65.204
-65.162
-65.113
-65.105
-65.074
-65.056
-64.952
-64.84
-64.772
-64.754
-64.861
-64.835
-64.785
-64.892
-64.849
-64.787
-64.781
-64.767
-64.771
-64.854
-64.901
-64.985
-64.951
-64.987
-64.964
-64.892
-64.878
-64.869
-64.886
-64.835
-64.726
-64.754
-64.718
-64.741
-64.766
-64.776
-64.751
-64.734
-64.721
-64.73
-64.719
-64.69
-64.647
-64.549
-64.509
-64.471
-64.455
-64.445
-64.486
-64.477
-64.467
-64.434
-64.394
-64.402
-64.359
-64.279
-64.254
-64.29
-64.317
-64.327
-64.363
-64.364
-64.437
-64.479
-64.431
-64.404
-64.383
-64.321
-64.353
-64.282
-64.356
-64.405
-64.299
-64.233
-64.211
-64.181
-64.084
-63.962
-63.926
-63.876
-63.913
-63.877
-63.903
-63.839
-63.792
-63.831
-63.712
-63.689
-63.73
-63.748
-63.65
-63.593
-63.682
-63.746
-63.693
-63.601
-63.555
-63.61
-63.625
-63.543
-63.507
-63.518
-63.454
-63.466
-63.452
-63.442
-63.494
-63.562
-63.57
-63.532
-63.576
-63.645
-63.665
-63.596
-63.536
-63.449
-63.418
-63.396
-63.4
-63.337
-63.393
-63.381
-63.285
-63.227
-63.243
-63.218
-63.192
-63.119
-63.068
-63.055
-62.973
-62.983
-62.969
-62.98
-62.906
-62.817
-62.697
-62.685
-62.575
-62.536
-62.569
-62.578
-62.606
-62.582
-62.564
-62.521
-62.559
-62.5
-62.456
-62.478
-62.456
-62.505
-62.386
-62.272
-62.298
-62.3
-62.297
-62.318
-62.392
-62.336
-62.3
-62.314
-62.301
-62.212
-62.272
-62.22
-62.225
-62.285
-62.25
-62.224
-62.193
-62.259
-62.202
-62.144
-62.124
-62.143
-62.111
-62.017
-61.944
-61.843
-61.866
-61.894
-61.832
-61.901
-61.886
-61.88
-61.871
-61.904
-61.856
-61.782
-61.843
-61.779
-61.8
-61.68
-61.567
-61.443
-61.41
-61.465
-61.505
-61.606
-61.663
-61.586
-61.485
-61.468
-61.464
-61.451
-61.461
-61.469
-61.426
-61.447
-61.48
-61.492
-61.532
-61.593
-61.563
-61.479
-61.441
-61.518
-61.547
-61.572
-61.539
-61.569
-61.555
-61.581
-61.652
-61.554
-61.636
-61.685
-61.592
-61.601
-61.561
-61.559
-61.511
-61.597
-61.609
-61.648
-61.634
-61.717
-61.669
-61.659
-61.7
-61.67
-61.649
-61.64
-61.594
-61.663
-61.758
-61.676
-61.698
-61.716
-61.724
-61.741
-61.761
-61.797
-61.763
-61.682
-61.627
-61.62
-61.619
-61.627
-61.631
-61.579
-61.534
-61.543
-61.538
-61.489
-61.473
-61.495
-61.49
-61.537
-61.566
-61.561
-61.478
-61.487
-61.381
-61.331
-61.496
-61.378
-61.349
-61.31
-61.352
-61.356
-61.362
-61.362
-61.369
-61.414
-61.332
-61.406
-61.433
-61.469
-61.49
-61.474
-61.375
-61.371
-61.425
-61.429
-61.354
-61.32
-61.332
-61.336
-61.382
-61.388
-61.39
-61.349
-61.298
-61.326
-61.395
-61.357
-61.364
-61.477
-61.503
-61.507
-61.485
-61.441
-61.449
-61.422
-61.414
-61.39
-61.411
-61.237
-61.167
-61.142
-61.064
-61.202
-61.239
-61.309
-61.328
-61.377
-61.46
-61.451
-61.48
-61.47
-61.283
-61.186
-61.182
-61.234
-61.2
-61.203
-61.15
-61.122
-61.088
-61.105
-61.085
-61.041
-60.953
-60.972
-60.948
-60.953
-60.979
-60.996
-60.958
-60.857
-61.009
-61.073
-61.122
-61.153
-61.222
-61.297
-61.312
-61.259
-61.312
-61.35
-61.366
-61.449
-61.364
-61.299
-61.243
-61.128
-61.207
-61.162
-61.093
-61.11
-61.123
-61.127
-61.097
-61.172
-61.251
-61.223
-61.228
-61.246
-61.275
-61.321
-61.38
-61.449
-61.422
-61.495
-61.422
-61.402
-61.406
-61.37
-61.468
-61.496
-61.482
-61.403
-61.383
-61.347
-61.361
-61.315
-61.372
-61.429
-61.437
-61.506
-61.428
-61.308
-61.37
-61.359
-61.317
-61.296
-61.191
-61.151
-61.223
-61.266
-61.127
-61.121
-61.017
-61.084
-61.054
-61.107
-61.177
-61.231
-61.203
-61.164
-61.13
-61.143
-61.195
-61.163
-61.212
-61.244
-61.239
-61.217
-61.239
-61.293
-61.291
-61.246
-61.286
-61.177
-61.215
-61.246
-61.225
-61.126
-61.152
-61.091
-60.972
-60.97
-60.993
-60.984
-61.035
-61.068
-60.986
-61.013
-61.002
-60.998
-60.947
-61.03
-60.972
-60.961
-60.952
-60.998
-60.98
-60.898
-60.83
-60.705
-60.581
-60.542
-60.575
-60.55
-60.547
-60.523
-60.501
-60.416
-60.39
-60.344
-60.384
-60.458
-60.444
-60.387
-60.39
-60.417
-60.343
-60.285
-60.312
-60.334
-60.414
-60.371
-60.317
-60.381
-60.344
-60.351
-60.298
-60.369
-60.266
-60.252
-60.124
-60.14
-60.119
-60.109
-60.089
-60.143
-60.148
-60.087
-60.178
-60.223
-60.147
-60.154
-60.155
-60.164
-60.106
-60.095
-60.012
-60.08
-60.096
-60.055
-60.101
-59.992
-60.003
-60.036
-60.061
-60.088
-60.079
-60.079
-60.045
-60.019
-60.089
-59.977
-59.952
-59.898
-59.784
-59.789
-59.811
-59.778
-59.832
-59.808
-59.758
-59.718
-59.735
-59.741
-59.729
-59.765
-59.814
-59.935
-59.901
-59.921
-59.851
-59.855
-59.756
-59.66
-59.771
-59.68
-59.724
-59.816
-59.846
-59.866
-59.894
-59.967
-59.953
-59.975
-59.988
-59.949
-59.95
-59.957
-59.992
-59.97
-60.012
-59.973
-59.921
-59.971
-59.965
-59.94
-59.923
-59.852
-59.812
-59.82
-59.789
-59.812
-59.829
-59.855
-59.862
-59.898
-59.86
-59.854
-59.966
-59.935
-59.86
-59.897
-59.969
-59.86
-59.778
-59.793
-59.893
-59.844
-59.818
-59.79
-59.773
-59.789
-59.76
-59.723
-59.741
-59.72
-59.762
-59.791
-59.832
-59.847
-59.882
-59.823
-59.833
-59.831
-59.827
-59.821
-59.766
-59.809
-59.852
-59.851
-59.852
-59.881
-59.863
-59.793
-59.824
-59.761
-59.73
-59.77
-59.682
-59.682
-59.718
-59.752
-59.732
-59.863
-59.923
-60.012
-59.999
-60.091
-60.102
-60.023
-60.084
-60.121
-60.234
-60.22
-60.203
-60.232
-60.176
-60.254
-60.265
-60.302
-60.271
-60.353
-60.37
-60.262
-60.312
-60.321
-60.26
-60.261
-60.24
-60.281
-60.307
-60.249
-60.249
-60.297
-60.296
-60.264
-60.241
-60.28
-60.246
-60.237
-60.277
-60.239
-60.303
-60.319
-60.274
-60.226
-60.159
-60.159
-60.204
-60.167
-60.187
-60.233
-60.259
-60.23
-60.313
-60.471
-60.499
-60.527
-60.528
-60.518
-60.444
-60.433
-60.459
-60.44
-60.411
-60.432
-60.436
-60.368
-60.377
-60.499
-60.486
-60.582
-60.593
-60.613
-60.692
-60.747
-60.839
-60.885
-60.922
-60.972
-60.952
-60.906
-60.901
-60.876
-60.882
-60.803
-60.825
-60.742
-60.756
-60.768
-60.802
-60.777
-60.811
-60.841
-60.855
-60.788
-60.853
-60.826
-60.817
-60.879
-60.91
-60.933
-60.951
-60.912
-60.814
-60.761
-60.752
-60.768
-60.813
-60.872
-60.826
-60.831
-60.783
-60.8
-60.877
-60.885
-60.943
-60.971
-60.991
-61.062
-61.016
-61.025
-61.106
-61.177
-61.155
-61.152
-61.124
-61.129
-61.119
-61.086
-61.08
-61.038
-61.054
-61.056
-61.096
-61.13
-61.077
-61.145
-61.231
-61.275
-61.285
-61.279
-61.241
-61.215
-61.295
-61.327
-61.367
-61.299
-61.316
-61.312
-61.247
-61.264
-61.224
-61.284
-61.266
-61.243
-61.322
-61.366
-61.399
-61.435
-61.571
-61.463
-61.569
-61.568
-61.571
-61.643
-61.672
-61.716
-61.703
-61.72
-61.697
-61.76
-61.655
-61.652
-61.592
-61.625
-61.702
-61.764
-61.772
-61.756
-61.811
-61.865
-61.889
-61.89
-61.889
-61.805
-61.765
-61.738
-61.755
-61.777
-61.784
-61.804
-61.794
-61.715
-61.774
-61.665
-61.674
-61.69
-61.753
-61.78
-61.704
-61.674
-61.632
-61.633
-61.587
-61.582
-61.599
-61.561
-61.556
-61.418
-61.358
-61.399
-61.303
-61.238
-61.267
-61.275
-61.174
-61.208
-61.189
-61.234
-61.201
-61.176
-61.222
-61.254
-61.262
-61.278
-61.395
-61.368
-61.33
-61.295
-61.216
-61.213
-61.137
-61.091
-61.048
-61.072
-61.068
-61.062
-61.066
-61.058
-61.022
-61.08
-61.014
-60.951
-60.954
-60.989
-60.927
-60.832
-60.741
-60.75
-60.859
-60.868
-60.802
-60.822
-60.866
-60.879
-60.828
-60.794
-60.823
-60.862
-60.94
-60.882
-60.908
-60.977
-60.976
-60.959
-60.925
-60.961
-61.011
-60.985
-61.032
-60.958
-60.949
-60.849
-60.848
-60.805
-60.834
-60.793
-60.768
-60.752
-60.782
-60.771
-60.819
-60.849
-60.84
-60.9
-60.851
-60.856
-60.826
-60.765
-60.714
-60.679
-60.705
-60.661
-60.623
-60.619
-60.661
-60.625
-60.689
-60.712
-60.713
-60.581
-60.572
-60.615
-60.576
-60.626
-60.542
-60.591
-60.665
-60.686
-60.692
-60.706
-60.761
-60.711
-60.726
-60.779
-60.806
-60.929
-60.901
-60.872
-60.899
-60.868
-60.797
-60.751
-60.741
-60.825
-60.797
-60.822
-60.858
-60.918
-60.959
-60.937
-60.926
-60.904
-60.883
-60.911
-60.859
-60.911
-60.921
-60.986
-60.953
-60.997
-60.982
-61.025
-61.034
-61.118
-61.134
-61.162
-61.147
-61.227
-61.119
-61.109
-61.2
-61.13
-61.03
-60.996
-60.959
-60.927
-60.975
-60.94
-60.95
-60.935
-60.947
-60.97
-61.01
-60.994
-61.08
-61.115
-61.082
-61.093
-61.132
-61.146
-61.065
-61.023
-60.948
-60.94
-60.95
-60.941
-60.93
-60.984
-61.003
-61.028
-60.957
-60.844
-60.825
-60.864
-60.85
-60.832
-60.862
-60.822
-60.839
-60.923
-60.878
-60.946
-61.018
-61.047
-61.032
-61.069
-61.053
-61.12
-61.163
-61.136
-61.14
-61.153
-61.238
-61.245
-61.212
-61.242
-61.275
-61.309
-61.36
-61.379
-61.331
-61.302
-61.232
-61.284
-61.328
-61.325
-61.229
-61.213
-61.344
-61.417
-61.428
-61.424
-61.388
-61.427
-61.405
-61.364
-61.312
-61.247
-61.287
-61.255
-61.29
-61.333
-61.216
-61.145
-61.06
-61.051
-60.979
-60.976
-61.042
-61.094
-61.172
-61.229
-61.258
-61.275
-61.252
-61.246
-61.131
-61.015
-60.957
-60.972
-60.982
-60.987
-60.841
-60.849
-60.761
-60.754
-60.792
-60.769
-60.747
-60.797
-60.73
-60.811
-60.748
-60.742
-60.76
-60.753
-60.827
-60.867
-60.95
-60.869
-60.868
-60.798
-60.684
-60.661
-60.659
-60.608
-60.58
-60.556
-60.518
-60.503
-60.528
-60.519
-60.479
-60.415
-60.451
-60.439
-60.343
-60.322
-60.375
-60.365
-60.333
-60.275
-60.302
-60.261
-60.168
-60.171
-60.117
-60.144
-60.109
-60.091
-60.12
-60.143
-60.106
-60.065
-60.062
-60.114
-60.107
-60.137
-60.228
-60.217
-60.304
-60.386
-60.402
-60.339
-60.451
-60.427
-60.376
-60.34
-60.378
-60.342
-60.288
-60.282
-60.22
-60.265
-60.334
-60.261
-60.264
-60.272
-60.231
-60.214
-60.24
-60.338
-60.284
-60.292
-60.276
-60.405
-60.434
-60.419
-60.401
-60.434
-60.422
-60.439
-60.397
-60.308
-60.286
-60.337
-60.423
-60.335
-60.261
-60.228
-60.347
-60.308
-60.335
-60.313
-60.349
-60.443
-60.377
-60.453
-60.505
-60.447
-60.422
-60.426
-60.465
-60.591
-60.636
-60.66
-60.651
-60.596
-60.632
-60.713
-60.715
-60.763
-60.8
-60.843
-60.808
-60.892
-60.827
-60.89
-60.87
-60.841
-60.829
-60.78
-60.841
-60.923
-60.882
-60.95
-60.971
-61.032
-61.104
-61.062
-61.13
-61.115
-61.09
-61.025
-61.022
-60.945
-61.011
-60.966
-60.901
-60.892
-60.889
-60.903
-60.925
-60.861
-60.894
-60.794
-60.769
-60.743
-60.759
-60.73
-60.756
-60.812
-60.836
-60.826
-60.741
-60.694
-60.649
-60.643
-60.648
-60.729
-60.776
-60.701
-60.718
-60.796
-60.746
-60.726
-60.688
-60.617
-60.523
-60.463
-60.566
-60.638
-60.587
-60.565
-60.503
-60.553
-60.69
-60.827
-60.755
-60.719
-60.759
-60.736
-60.653
-60.593
-60.585
-60.675
-60.653
-60.591
-60.578
-60.602
-60.624
-60.686
-60.734
-60.673
-60.685
-60.644
-60.696
-60.661
-60.706
-60.686
-60.675
-60.636
-60.606
-60.596
-60.641
-60.65
-60.635
-60.646
-60.632
-60.625
-60.661
-60.665
-60.676
-60.624
-60.706
-60.727
-60.704
-60.706
-60.731
-60.812
-60.75
-60.703
-60.738
-60.764
-60.833
-60.841
-60.809
-60.737
-60.742
-60.786
-60.902
-60.92
-60.986
-60.939
-60.92
-60.986
-60.937
-60.846
-60.824
-60.828
-60.771
-60.81
-60.884
-60.852
-60.851
-60.805
-60.889
-60.827
-60.857
-60.853
-60.92
-60.929
-60.97
-60.879
-60.896
-60.857
-60.82
-60.855
-60.813
-60.835
-60.861
-60.928
-60.98
-60.903
-60.867
-60.878
-60.88
-60.794
-60.77
-60.761
-60.705
-60.623
-60.666
-60.641
-60.666
-60.614
-60.521
-60.425
-60.351
-60.361
-60.344
-60.316
-60.312
-60.25
-60.217
-60.232
-60.213
-60.205
-60.19
-60.243
-60.244
-60.185
-60.161
-60.139
-60.159
-60.143
-60.146
-60.187
-60.178
-60.272
-60.272
-60.206
-60.217
-60.21
-60.223
-60.22
-60.3
-60.378
-60.347
-60.321
-60.335
-60.352
-60.386
-60.312
-60.308
-60.273
-60.317
-60.223
-60.216
-60.267
-60.19
-60.251
-60.292
-60.296
-60.219
-60.167
-60.204
-60.199
-60.213
-60.276
-60.346
-60.373
-60.363
-60.406
-60.415
-60.417
-60.489
-60.54
-60.593
-60.581
-60.528
-60.505
-60.591
-60.512
-60.56
-60.667
-60.713
-60.691
-60.593
-60.601
-60.575
-60.55
-60.536
-60.505
-60.517
-60.429
-60.444
-60.486
-60.507
-60.442
-60.407
-60.367
-60.321
-60.267
-60.302
-60.331
-60.34
-60.307
-60.291
-60.302
-60.184
-60.272
-60.303
-60.251
-60.221
-60.128
-60.087
-60.097
-60.118
-60.067
-60.098
-60.123
-60.131
-60.166
-60.277
-60.251
-60.328
-60.364
-60.397
-60.442
-60.388
-60.387
-60.407
-60.352
-60.384
-60.354
-60.295
-60.23
-60.149
-60.134
-60.175
-60.093
-60.012
-59.952
-59.994
-60.003
-60.017
-60.1
-59.961
-59.896
-59.863
-59.866
-59.858
-59.904
-59.858
-59.789
-59.73
-59.736
-59.742
-59.845
-59.79
-59.853
-59.804
-59.772
-59.862
-59.766
-59.828
-59.753
-59.718
-59.754
-59.815
-59.9
-59.871
-59.821
-59.771
-59.835
-59.855
-59.859
-59.806
-59.814
-59.86
-59.768
-59.783
-59.722
-59.662
-59.651
-59.555
-59.572
-59.576
-59.58
-59.621
-59.545
-59.507
-59.551
-59.566
-59.608
-59.633
-59.601
-59.496
-59.51
-59.53
-59.502
-59.469
-59.499
-59.558
-59.554
-59.644
-59.653
-59.685
-59.693
-59.739
-59.738
-59.789
-59.854
-59.901
-59.853
-59.897
-59.905
-59.861
-59.847
-59.846
-59.874
-59.867
-59.931
-59.979
-60.031
-60.076
-60.057
-60.076
-60.142
-60.171
-60.134
-60.147
-60.175
-60.148
-60.218
-60.214
-60.231
-60.263
-60.241
-60.278
-60.251
-60.243
-60.275
-60.249
-60.289
-60.3
-60.333
-60.356
-60.398
-60.327
-60.369
-60.383
-60.27
-60.193
-60.155
-60.179
-60.246
-60.275
-60.402
-60.418
-60.344
-60.316
-60.271
-60.199
-60.228
-60.203
-60.162
-60.187
-60.138
-60.144
-60.153
-60.091
-60.088
-59.961
-60.089
-60.084
-60.081
-60.009
-59.934
-59.948
-59.923
-59.931
-59.837
-59.903
-59.946
-59.952
-59.998
-60.001
-59.922
-59.871
-59.761
-59.718
-59.603
-59.595
-59.506
-59.541
-59.583
-59.548
-59.547
-59.508
-59.474
-59.457
-59.4
-59.398
-59.524
-59.577
-59.503
-59.493
-59.478
-59.489
-59.397
-59.451
-59.473
-59.406
-59.348
-59.392
-59.387
-59.306
-59.358
-59.287
-59.357
-59.314
-59.404
-59.432
-59.374
-59.3
-59.429
-59.469
-59.448
-59.41
-59.362
-59.445
-59.535
-59.544
-59.531
-59.547
-59.709
-59.72
-59.712
-59.678
-59.731
-59.764
-59.787
-59.824
-59.891
-59.916
-60.016
-60.119
-60.125
-60.169
-60.131
-60.129
-60.081
-60.013
-59.954
-59.934
-59.991
-59.979
-59.97
-59.924
-59.978
-59.983
-59.932
-60.006
-60.054
-60.071
-60.053
-59.984
-60.065
-60.063
-60.127
-60.153
-60.193
-60.27
-60.325
-60.332
-60.314
-60.341
-60.322
-60.369
-60.392
-60.507
-60.481
-60.493
-60.47
-60.462
-60.439
-60.546
-60.449
-60.418
-60.41
-60.396
-60.451
-60.427
-60.404
-60.4
-60.421
-60.405
-60.361
-60.326
-60.337
-60.294
-60.355
-60.409
-60.4
-60.309
-60.243
-60.267
-60.243
-60.287
-60.244
-60.245
-60.26
-60.268
-60.272
-60.228
-60.367
-60.366
-60.454
-60.428
-60.358
-60.408
-60.396
-60.366
-60.326
-60.302
-60.319
-60.351
-60.314
-60.271
-60.304
-60.351
-60.397
-60.31
-60.202
-60.135
-60.177
-60.125
-60.156
-60.149
-60.098
-60.125
-60.082
-60.11
-60.182
-60.186
-60.138
-60.048
-60.082
-60.087
-60.013
-60.036
-60.159
-60.149
-60.042
-60.064
-60.011
-60.018
-59.988
-59.978
-59.976
-59.937
-59.994
-59.997
-60.023
-59.953
-60.026
-59.965
-60
-60.028
-59.986
-59.959
-60.009
-60.027
-59.989
-59.995
-60.081
-59.989
-59.977
-59.976
-59.997
-59.954
-59.942
-59.894
-59.915
-59.934
-59.904
-59.935
-59.836
-59.923
-59.837
-59.827
-59.822
-59.898
-59.888
-59.956
-59.956
-60.012
-60.007
-60.037
-60.039
-59.945
-59.909
-59.899
-59.821
-59.814
-59.866
-59.878
-59.965
-59.947
-59.973
-60.012
-60.048
-60.138
-60.153
-60.14
-60.128
-60.092
-60.118
-60.057
-60.059
-60.028
-59.957
-59.915
-60.006
-59.988
-59.896
-59.864
-59.885
-59.826
-59.842
-59.767
-59.747
-59.757
-59.728
-59.722
-59.62
-59.564
-59.568
-59.518
-59.487
-59.447
-59.402
-59.433
-59.365
-59.379
-59.426
-59.412
-59.284
-59.202
-59.18
-59.154
-59.136
-59.076
-59.057
-59.07
-59.108
-59.014
-58.968
-59.014
-59.014
-59.08
-58.996
-58.943
-58.831
-58.921
-58.921
-58.909
-58.882
-58.836
-58.813
-58.761
-58.812
-58.889
-58.924
-58.968
-58.956
-58.964
-58.868
-58.939
-58.988
-58.974
-58.948
-58.829
-58.861
-58.882
-58.868
-58.795
-58.787
-58.751
-58.84
-58.847
-58.854
-58.91
-58.901
-58.964
-58.968
-59.007
-58.967
-58.903
-58.928
-58.811
-58.773
-58.791
-58.752
-58.83
-58.771
-58.732
-58.652
-58.668
-58.682
-58.635
-58.632
-58.593
-58.59
-58.598
-58.577
-58.55
-58.576
-58.605
-58.606
-58.538
-58.605
-58.584
-58.574
-58.589
-58.619
-58.699
-58.671
-58.675
-58.643
-58.644
-58.702
-58.712
-58.781
-58.8
-58.799
-58.842
-58.916
-58.849
-58.805
-58.846
-58.785
-58.841
-58.835
-58.87
-58.97
-58.955
-58.968
-58.92
-58.807
-58.865
-58.893
-58.909
-58.881
-58.912
-59.025
-58.983
-58.971
-58.998
-59.035
-59.088
-59.134
-59.081
-59.125
-59.183
-59.089
-59.163
-59.223
-59.216
-59.211
-59.268
-59.391
-59.378
-59.259
-59.237
-59.178
-59.2
-59.218
-59.23
-59.35
-59.401
-59.388
-59.349
-59.297
-59.24
-59.23
-59.298
-59.183
-59.108
-59.068
-58.997
-58.991
-59.021
-59.072
-59.061
-59.039
-58.994
-58.89
-58.888
-58.86
-58.96
-58.844
-58.867
-58.893
-58.929
-59.029
-58.903
-58.904
-58.871
-58.871
-58.87
-58.854
-58.843
-58.692
-58.767
-58.752
-58.756
-58.824
-58.797
-58.739
-58.741
-58.786
-58.829
-58.9
-58.873
-58.886
-58.862
-58.922
-58.967
-59.08
-59.101
-59.1
-59.22
-59.218
-59.174
-59.159
-59.219
-59.223
-59.166
-59.25
-59.322
-59.289
-59.322
-59.31
-59.458
-59.486
-59.517
-59.634
-59.596
-59.584
-59.696
-59.624
-59.609
-59.582
-59.607
-59.653
-59.652
-59.66
-59.609
-59.591
-59.583
-59.621
-59.682
-59.692
-59.755
-59.661
-59.639
-59.714
-59.649
-59.691
-59.767
-59.767
-59.723
-59.631
-59.545
-59.552
-59.614
-59.555
-59.504
-59.575
-59.64
-59.606
-59.587
-59.589
-59.535
-59.475
-59.525
-59.669
-59.736
-59.719
-59.661
-59.677
-59.764
-59.729
-59.702
-59.635
-59.703
-59.735
-59.728
-59.718
-59.723
-59.812
-59.834
-59.875
-59.908
-59.956
-59.942
-59.963
-59.923
-59.888
-59.93
-59.837
-59.743
-59.776
-59.754
-59.68
-59.744
-59.711
-59.685
-59.76
-59.861
-59.862
-59.809
-59.875
-59.941
-59.871
-59.903
-59.861
-59.815
-59.789
-59.816
-59.753
-59.847
-59.816
-59.759
-59.744
-59.779
-59.738
-59.738
-59.547
-59.586
-59.52
-59.541
-59.565
-59.469
-59.544
-59.482
-59.396
-59.426
-59.422
-59.419
-59.375
-59.38
-59.386
-59.447
-59.438
-59.437
-59.366
-59.409
-59.443
-59.491
-59.51
-59.451
-59.516
-59.556
-59.534
-59.596
-59.572
-59.559
-59.584
-59.631
-59.672
-59.673
-59.716
-59.644
-59.64
-59.674
-59.687
-59.659
-59.59
-59.582
-59.522
-59.54
-59.522
-59.562
-59.449
-59.513
-59.506
-59.464
-59.48
-59.447
-59.437
-59.391
-59.414
-59.427
-59.46
-59.445
-59.323
-59.284
-59.282
-59.241
-59.234
-59.265
-59.269
-59.237
-59.202
-59.197
-59.22
-59.245
-59.266
-59.308
-59.332
-59.385
-59.395
-59.41
-59.326
-59.368
-59.331
-59.374
-59.373
-59.328
-59.354
-59.312
-59.386
-59.386
-59.385
-59.446
-59.447
-59.517
-59.556
-59.654
-59.667
-59.614
-59.518
-59.526
-59.556
-59.53
-59.584
-59.576
-59.579
-59.567
-59.613
-59.686
-59.732
-59.734
-59.8
-59.707
-59.69
-59.696
-59.631
-59.682
-59.646
-59.563
-59.587
-59.538
-59.46
-59.421
-59.285
-59.268
-59.261
-59.165
-59.122
-59.158
-59.148
-59.086
-59.124
-59.184
-59.171
-59.236
-59.248
-59.278
-59.255
-59.343
-59.38
-59.396
-59.402
-59.405
-59.354
-59.354
-59.309
-59.362
-59.281
-59.277
-59.234
-59.255
-59.213
-59.225
-59.281
-59.178
-59.202
-59.155
-59.209
-59.192
-59.153
-59.192
-59.217
-59.229
-59.19
-59.203
-59.213
-59.301
-59.301
-59.42
-59.449
-59.443
-59.48
-59.485
-59.413
-59.431
-59.412
-59.375
-59.323
-59.358
-59.397
-59.406
-59.384
-59.461
-59.53
-59.485
-59.497
-59.476
-59.52
-59.566
-59.542
-59.484
-59.411
-59.393
-59.48
-59.498
-59.578
-59.612
-59.62
-59.692
-59.729
-59.762
-59.688
-59.659
-59.715
-59.782
-59.811
-59.825
-59.87
-59.92
-59.955
-59.919
-59.934
-59.905
-59.916
-59.833
-59.781
-59.826
-59.812
-59.781
-59.754
-59.746
-59.694
-59.784
-59.788
-59.717
-59.691
-59.778
-59.829
-59.697
-59.744
-59.764
-59.717
-59.77
-59.817
-59.781
-59.779
-59.811
-59.787
-59.739
-59.725
-59.795
-59.75
-59.771
-59.766
-59.753
-59.752
-59.722
-59.681
-59.739
-59.786
-59.797
-59.745
-59.719
-59.723
-59.687
-59.738
-59.694
-59.606
-59.632
-59.605
-59.658
-59.624
-59.6
-59.578
-59.594
-59.567
-59.67
-59.659
-59.626
-59.697
-59.631
-59.7
-59.671
-59.723
-59.692
-59.674
-59.644
-59.689
-59.721
-59.703
-59.756
-59.8
-59.867
-59.894
-59.891
-59.877
-59.891
-59.989
-60.001
-60.024
-59.98
-59.992
-60.02
-60.118
-60.062
-60.079
-59.975
-59.995
-59.936
-59.892
-59.923
-59.958
-60.012
-60.069
-60.071
-60.097
-60.091
-60.094
-60.189
-60.247
-60.254
-60.206
-60.227
-60.292
-60.283
-60.301
-60.262
-60.206
-60.21
-60.214
-60.206
-60.228
-60.168
-60.144
-60.227
-60.283
-60.234
-60.215
-60.274
-60.257
-60.309
-60.285
-60.299
-60.188
-60.172
-60.178
-60.226
-60.241
-60.287
-60.301
-60.311
-60.348
-60.323
-60.406
-60.433
-60.346
-60.323
-60.402
-60.459
-60.465
-60.353
-60.35
-60.299
-60.208
-60.128
-60.135
-60.118
-60.095
-60.168
-60.183
-60.152
-60.185
-60.3
-60.29
-60.267
-60.289
-60.285
-60.328
-60.307
-60.242
-60.213
-60.243
-60.26
-60.322
-60.274
-60.205
-60.257
-60.309
-60.332
-60.324
-60.434
-60.356
-60.332
-60.291
-60.371
-60.373
-60.418
-60.465
-60.442
-60.496
-60.455
-60.445
-60.369
-60.288
-60.291
-60.298
-60.332
-60.279
-60.249
-60.27
-60.22
-60.162
-60.193
-60.124
-60.21
-60.232
-60.157
-60.135
-60.129
-60.122
-60.169
-60.129
-60.143
-60.01
-60
-59.894
-59.825
-59.881
-59.901
-59.9
-59.923
-59.836
-59.854
-59.808
-59.835
-59.85
-59.738
-59.776
-59.752
-59.713
-59.725
-59.731
-59.734
-59.737
-59.787
-59.852
-59.926
-59.874
-59.828
-59.899
-60.034
-60.036
-60.158
-60.173
-60.162
-60.236
-60.218
-60.25
-60.32
-60.303
-60.278
-60.306
-60.178
-60.082
-60.181
-60.184
-60.198
-60.191
-60.183
-60.121
-60.102
-60.124
-60.053
-60.065
-60.033
-60.069
-60.071
-60.027
-60.062
-60.026
-60.153
-60.088
-60.044
-60.076
-60.047
-60.126
-60.205
-60.099
-60.099
-60.152
-60.229
-60.236
-60.196
-60.183
-60.182
-60.164
-60.153
-60.07
-60.002
-59.915
-59.854
-59.904
-59.827
-59.82
-59.789
-59.794
-59.755
-59.83
-59.802
-59.789
-59.782
-59.733
-59.759
-59.752
-59.781
-59.843
-59.791
-59.792
-59.723
-59.76
-59.803
-59.803
-59.864
-59.886
-59.881
-59.796
-59.741
-59.792
-59.864
-59.853
-59.818
-59.768
-59.769
-59.705
-59.703
-59.702
-59.681
-59.657
-59.646
-59.641
-59.688
-59.659
-59.672
-59.779
-59.733
-59.681
-59.642
-59.672
-59.707
-59.662
-59.618
-59.509
-59.56
-59.578
-59.528
-59.622
-59.679
-59.666
-59.704
-59.652
-59.622
-59.559
-59.583
-59.61
-59.572
-59.586
-59.662
-59.672
-59.671
-59.718
-59.78
-59.755
-59.758
-59.84
-59.789
-59.732
-59.764
-59.723
-59.791
-59.828
-59.753
-59.731
-59.698
-59.712
-59.727
-59.783
-59.765
-59.732
-59.694
-59.735
-59.768
-59.781
-59.744
-59.725
-59.655
-59.666
-59.605
-59.694
-59.661
-59.686
-59.651
-59.653
-59.662
-59.77
-59.811
-59.813
-59.94
-59.842
-59.921
-59.884
-59.952
-59.942
-59.972
-59.99
-59.899
-59.883
-59.858
-59.782
-59.794
-59.792
-59.68
-59.685
-59.646
-59.615
-59.647
-59.654
-59.602
-59.562
-59.544
-59.501
-59.594
-59.577
-59.594
-59.535
-59.529
-59.574
-59.583
-59.626
-59.688
-59.679
-59.701
-59.693
-59.611
-59.609
-59.613
-59.601
-59.595
-59.609
-59.592
-59.598
-59.589
-59.542
-59.634
-59.599
-59.689
-59.666
-59.654
-59.692
-59.777
-59.924
-59.945
-59.973
-59.981
-59.924
-59.86
-59.824
-59.781
-59.703
-59.703
-59.699
-59.69
-59.595
-59.501
-59.499
-59.451
-59.462
-59.424
-59.392
-59.345
-59.252
-59.185
-59.162
-59.214
-59.147
-59.098
-59.054
-59.11
-59.145
-59.137
-59.212
-59.214
-59.217
-59.127
-59.124
-59.117
-59.152
-59.158
-59.102
-59.116
-59.178
-59.202
-59.25
-59.266
-59.309
-59.364
-59.276
-59.332
-59.353
-59.324
-59.432
-59.349
-59.307
-59.347
-59.397
-59.452
-59.497
-59.475
-59.501
-59.487
-59.568
-59.545
-59.556
-59.609
-59.572
-59.523
-59.526
-59.544
-59.42
-59.498
-59.431
-59.501
-59.482
-59.639
-59.542
-59.625
-59.685
-59.665
-59.61
-59.592
-59.552
-59.462
-59.518
-59.634
-59.622
-59.706
-59.806
-59.844
-59.888
-59.877
-59.871
-59.871
-59.915
-59.873
-59.94
-59.956
-60.05
-60.02
-60.06
-59.995
-59.977
-59.919
-59.826
-59.753
-59.709
-59.71
-59.662
-59.637
-59.668
-59.726
-59.679
-59.617
-59.654
-59.595
-59.546
-59.459
-59.434
-59.447
-59.481
-59.393
-59.332
-59.328
-59.416
-59.469
-59.384
-59.406
-59.361
-59.408
-59.417
-59.417
-59.512
-59.53
-59.544
-59.561
-59.556
-59.559
-59.512
-59.55
-59.541
-59.479
-59.461
-59.53
-59.618
-59.569
-59.64
-59.692
-59.749
-59.762
-59.723
-59.839
-59.884
-59.918
-59.873
-59.857
-59.887
-59.854
-59.895
-59.907
-59.875
-59.854
-59.772
-59.841
-59.81
-59.783
-59.754
-59.801
-59.825
-59.846
-59.792
-59.726
-59.728
-59.706
-59.741
-59.876
-59.865
-59.974
-60.029
-59.985
-60.028
-60.022
-60.04
-60.149
-60.205
-60.144
-60.114
-60.119
-60.146
-60.144
-60.183
-60.134
-60.127
-60.107
-60.177
-60.19
-60.163
-60.168
-60.19
-60.171
-60.166
-60.147
-60.111
-60.126
-60.091
-60.085
-60.082
-60.12
-60.109
-60.087
-60.167
-60.179
-60.238
-60.188
-60.16
-60.112
-60.001
-59.965
-60.004
-59.938
-59.891
-59.936
-59.957
-59.973
-59.955
-59.959
-59.959
-59.989
-59.968
-60.056
-60.001
-60.062
-60.033
-60.091
-60.043
-59.966
-60.03
-60.097
-60.104
-60.046
-60.068
-60.02
-60.118
-60.073
-59.965
-60.011
-59.998
-59.935
-59.937
-59.887
-59.893
-59.895
-59.889
-59.903
-59.938
-59.982
-59.98
-59.907
-59.945
-59.836
-59.858
-59.844
-59.833
-59.822
-59.745
-59.789
-59.919
-59.917
-59.907
-59.922
-59.865
-59.909
-59.961
-59.954
-59.938
-59.889
-59.879
-59.936
-59.946
-59.947
-59.91
-59.853
-59.885
-59.812
-59.856
-59.737
-59.73
-59.694
-59.841
-59.865
-59.841
-59.777
-59.77
-59.803
-59.876
-59.871
-59.863
-59.936
-59.937
-59.908
-59.958
-59.905
-59.812
-59.783
-59.712
-59.66
-59.736
-59.656
-59.645
-59.603
-59.525
-59.618
-59.611
-59.625
-59.689
-59.783
-59.766
-59.781
-59.795
-59.886
-59.892
-59.955
-60.01
-60.02
-59.961
-59.955
-60.003
-59.894
-59.892
-59.925
-59.935
-59.992
-59.947
-59.975
-59.998
-60.017
-60.087
-60.114
-59.997
-59.961
-59.978
-59.975
-59.902
-60.02
-60.004
-60.015
-60.024
-60.027
-60.002
-60.042
-59.872
-59.873
-59.831
-59.793
-59.888
-59.841
-59.76
-59.848
-59.877
-59.762
-59.706
-59.757
-59.747
-59.85
-59.8
-59.786
-59.819
-59.747
-59.725
-59.702
-59.697
-59.747
-59.837
-59.87
-59.914
-59.865
-59.826
-59.823
-59.885
-59.839
-59.821
-59.882
-59.825
-59.732
-59.697
-59.645
-59.629
-59.725
-59.758
-59.828
-59.87
-59.903
-59.871
-59.823
-59.879
-59.943
-59.932
-59.894
-59.856
-59.811
-59.888
-59.934
-60.005
-59.981
-60.03
-60.116
-60.012
-59.983
-59.945
-59.965
-59.889
-59.955
-60.001
-60.006
-60.038
-60.081
-60.077
-60.093
-60.109
-60.063
-60.061
-60.1
-60.032
-60.063
-60.019
-59.957
-59.941
-59.971
-59.976
-59.922
-59.902
-59.878
-59.93
-59.922
-59.896
-59.905
-59.99
-59.891
-59.916
-59.851
-59.857
-59.843
-59.866
-59.857
-59.874
-59.911
-59.891
-60.001
-60.025
-60.042
-60.026
-60.04
-59.939
-60.023
-59.976
-60.008
-60.037
-60.104
-60.068
-60.053
-60.052
-60.075
-60.072
-60.096
-60.099
-60.059
-60.142
-60.174
-60.129
-60.127
-60.145
-60.067
-60.04
-60.054
-60.081
-60.012
-60.008
-60.018
-59.96
-60.018
-60.007
-60.05
-60.08
-60.075
-60.137
-60.18
-60.159
-60.195
-60.2
-60.125
-60.137
-60.152
-60.149
-60.156
-60.164
-60.071
-60.042
-60.02
-60.043
-60.051
-60.007
-60.037
-60.087
-59.972
-59.934
-59.969
-59.981
-59.957
-60.003
-59.971
-59.937
-59.945
-60.027
-59.962
-59.95
-59.882
-59.888
-59.827
-59.926
-59.891
-59.948
-59.911
-60.018
-60.038
-60.035
-60.029
-60.006
-59.996
-59.971
-59.941
-59.922
-59.885
-59.948
-59.994
-59.996
-59.982
-60.03
-60.041
-60.07
-60.05
-60.045
-60.141
-60.09
-60.087
-60.069
-60.043
-60.063
-59.966
-60.014
-60.001
-60.008
-59.945
-59.949
-59.959
-59.923
-59.844
-59.883
-59.945
-59.969
-59.943
-59.92
-59.943
-59.95
-59.917
-59.925
-59.943
-60.024
-60.092
-60.088
-60.162
-60.209
-60.28
-60.311
-60.358
-60.399
-60.396
-60.444
-60.454
-60.467
-60.586
-60.659
-60.64
-60.653
-60.66
-60.646
-60.634
-60.639
-60.613
-60.656
-60.661
-60.726
-60.724
-60.752
-60.83
-60.884
-60.916
-60.933
-60.951
-61.001
-60.936
-60.933
-60.96
-60.932
-60.956
-60.845
-60.789
-60.753
-60.709
-60.75
-60.751
-60.749
-60.754
-60.766
-60.74
-60.667
-60.76
-60.806
-60.75
-60.803
-60.825
-60.801
-60.788
-60.73
-60.811
-60.747
-60.775
-60.752
-60.723
-60.653
-60.668
-60.637
-60.531
-60.48
-60.485
-60.319
-60.416
-60.433
-60.389
-60.346
-60.305
-60.285
-60.328
-60.297
-60.325
-60.346
-60.418
-60.44
-60.472
-60.404
-60.404
-60.357
-60.348
-60.319
-60.316
-60.332
-60.266
-60.266
-60.325
-60.341
-60.32
-60.28
-60.305
-60.206
-60.241
-60.267
-60.249
-60.239
-60.187
-60.126
-60.068
-60.124
-60.097
-60.04
-59.973
-60.012
-59.936
-59.933
-59.965
-60.032
-60.048
-59.99
-59.958
-59.875
-59.925
-59.883
-59.862
-59.867
-59.905
-59.906
-59.927
-59.842
-59.768
-59.762
-59.689
-59.76
-59.743
-59.743
-59.773
-59.729
-59.781
-59.727
-59.636
-59.734
-59.674
-59.652
-59.683
-59.676
-59.634
-59.523
-59.597
-59.579
-59.574
-59.573
-59.646
-59.564
-59.566
-59.603
-59.662
-59.578
-59.583
-59.575
-59.611
-59.601
-59.623
-59.654
-59.573
-59.607
-59.701
-59.736
-59.678
-59.703
-59.752
-59.807
-59.824
-59.772
-59.69
-59.667
-59.688
-59.621
-59.666
-59.68
-59.68
-59.563
-59.57
-59.56
-59.488
-59.54
-59.573
-59.601
-59.572
-59.554
-59.635
-59.58
-59.56
-59.58
-59.597
-59.594
-59.577
-59.577
-59.509
-59.471
-59.485
-59.49
-59.435
-59.445
-59.408
-59.413
-59.523
-59.505
-59.525
-59.547
-59.526
-59.544
-59.58
-59.472
-59.486
-59.561
-59.567
-59.512
-59.541
-59.574
-59.596
-59.568
-59.607
-59.654
-59.686
-59.731
-59.684
-59.662
-59.606
-59.54
-59.56
-59.559
-59.607
-59.489
-59.465
-59.446
-59.392
-59.411
-59.408
-59.436
-59.382
-59.353
-59.295
-59.285
-59.303
-59.308
-59.361
-59.348
-59.438
-59.445
-59.501
-59.564
-59.473
-59.489
-59.518
-59.578
-59.666
-59.63
-59.577
-59.537
-59.539
-59.585
-59.579
-59.551
-59.424
-59.471
-59.483
-59.58
-59.637
-59.672
-59.714
-59.675
-59.662
-59.667
-59.678
-59.705
-59.642
-59.729
-59.691
-59.7
-59.719
-59.805
-59.94
-60.023
-59.996
-59.982
-60.061
-60.12
-60.022
-60.081
-60.042
-60.15
-60.115
-60.113
-60.102
-60.087
-60.086
-60.049
-59.927
-59.924
-59.994
-60.015
-59.956
-59.977
-59.994
-60.036
-60.065
-59.999
-59.992
-59.955
-60.006
-59.996
-60.023
-60.061
-60.062
-60.005
-59.905
-59.857
-59.865
-59.828
-59.912
-59.914
-59.938
-59.946
-59.876
-59.898
-59.938
-59.964
-59.953
-59.886
-59.888
-59.896
-59.891
-59.88
-59.871
-59.852
-59.793
-59.723
-59.725
-59.717
-59.791
-59.743
-59.795
-59.81
-59.854
-59.929
-59.912
-59.956
-59.949
-59.882
-59.762
-59.782
-59.848
-59.882
-59.88
-59.95
-59.971
-59.872
-59.879
-59.802
-59.776
-59.751
-59.796
-59.748
-59.742
-59.627
-59.563
-59.553
-59.532
-59.559
-59.608
-59.595
-59.643
-59.591
-59.593
-59.564
-59.578
-59.563
-59.586
-59.546
-59.616
-59.621
-59.651
-59.643
-59.745
-59.826
-59.806
-59.756
-59.625
-59.659
-59.609
-59.691
-59.704
-59.711
-59.706
-59.732
-59.787
-59.834
-59.795
-59.78
-59.74
-59.764
-59.839
-59.855
-59.84
-59.898
-59.864
-59.963
-59.962
-60.046
-60.044
-60.016
-60.046
-60.037
-60.099
-60.142
-60.181
-60.113
-60.087
-60.03
-59.945
-59.896
-59.8
-59.774
-59.727
-59.715
-59.738
-59.798
-59.794
-59.731
-59.739
-59.636
-59.578
-59.507
-59.508
-59.445
-59.417
-59.383
-59.278
-59.266
-59.273
-59.282
-59.294
-59.409
-59.417
-59.493
-59.423
-59.482
-59.428
-59.452
-59.505
-59.575
-59.584
-59.631
-59.66
-59.513
-59.457
-59.524
-59.51
-59.528
-59.594
-59.516
-59.485
-59.394
-59.462
-59.504
-59.432
-59.493
-59.533
-59.479
-59.461
-59.335
-59.314
-59.335
-59.358
-59.265
-59.238
-59.216
-59.279
-59.179
-59.105
-58.953
-59.022
-59.069
-58.994
-59.062
-59.072
-59.048
-59.058
-59.07
-59.078
-59.139
-59.122
-59.106
-59.06
-59.042
-59.006
-58.984
-59.069
-59.065
-59.007
-58.956
-59.022
-59.025
-59.043
-58.903
-58.838
-58.765
-58.776
-58.744
-58.818
-58.892
-58.879
-58.942
-58.953
-58.985
-58.906
-58.993
-59.028
-59.054
-59.003
-59.092
-59.206
-59.253
-59.284
-59.284
-59.26
-59.334
-59.298
-59.245
-59.315
-59.359
-59.401
-59.425
-59.383
-59.357
-59.309
-59.381
-59.41
-59.452
-59.47
-59.474
-59.472
-59.508
-59.528
-59.549
-59.56
-59.539
-59.525
-59.482
-59.409
-59.482
-59.51
-59.53
-59.467
-59.484
-59.39
-59.381
-59.407
-59.366
-59.361
-59.387
-59.408
-59.402
-59.512
-59.537
-59.584
-59.55
-59.515
-59.46
-59.429
-59.511
-59.54
-59.556
-59.611
-59.642
-59.599
-59.606
-59.711
-59.82
-59.805
-59.883
-59.887
-59.851
-59.89
-59.94
-59.988
-60.001
-59.958
-60.017
-59.937
-59.891
-59.865
-59.82
-59.871
-59.829
-59.873
-59.901
-59.887
-59.933
-59.97
-59.941
-59.931
-59.928
-59.866
-59.793
-59.752
-59.727
-59.784
-59.875
-60.001
-59.919
-59.921
-59.883
-59.929
-59.958
-59.892
-59.964
-59.909
-59.841
-59.88
-59.856
-59.943
-59.933
-59.886
-59.916
-59.85
-59.917
-59.883
-59.933
-59.95
-59.986
-59.962
-59.979
-60.043
-60.056
-60.033
-59.907
-59.976
-59.99
-59.899
-59.849
-59.894
-59.822
-59.748
-59.715
-59.693
-59.647
-59.684
-59.732
-59.696
-59.716
-59.732
-59.755
-59.78
-59.716
-59.654
-59.581
-59.647
-59.581
-59.626
-59.594
-59.673
-59.741
-59.689
-59.732
-59.731
-59.687
-59.69
-59.811
-59.774
-59.807
-59.774
-59.782
-59.731
-59.719
-59.667
-59.641
-59.703
-59.733
-59.798
-59.767
-59.774
-59.775
-59.755
-59.784
-59.762
-59.742
-59.727
-59.648
-59.62
-59.642
-59.688
-59.653
-59.646
-59.586
-59.542
-59.474
-59.489
-59.479
-59.483
-59.413
-59.382
-59.463
-59.46
-59.475
-59.572
-59.555
-59.555
-59.616
-59.649
-59.602
-59.598
-59.623
-59.652
-59.597
-59.564
-59.617
-59.604
-59.65
-59.686
-59.739
-59.697
-59.738
-59.76
-59.724
-59.742
-59.672
-59.645
-59.656
-59.627
-59.607
-59.637
-59.606
-59.442
-59.333
-59.306
-59.322
-59.237
-59.28
-59.277
-59.153
-59.181
-59.215
-59.339
-59.287
-59.264
-59.192
-59.208
-59.181
-59.209
-59.14
-59.164
-59.082
-59.057
-59.044
-59.084
-59.018
-59.054
-59.042
-59.05
-59.06
-59.075
-59.091
-59.046
-59.001
-58.947
-58.986
-59.035
-58.996
-59.07
-59.164
-59.156
-59.082
-59.104
-59.064
-59.084
-59.03
-58.895
-58.85
-58.802
-58.821
-58.824
-58.927
-58.893
-58.906
-58.879
-58.822
-58.816
-58.758
-58.695
-58.63
-58.612
-58.677
-58.619
-58.595
-58.649
-58.539
-58.614
-58.545
-58.62
-58.547
-58.636
-58.597
-58.653
-58.619
-58.639
-58.626
-58.555
-58.651
-58.541
-58.561
-58.544
-58.515
-58.486
-58.525
-58.502
-58.468
-58.449
-58.478
-58.444
-58.472
-58.495
-58.487
-58.518
-58.535
-58.435
-58.426
-58.559
-58.593
-58.581
-58.514
-58.506
-58.581
-58.536
-58.597
-58.555
-58.506
-58.411
-58.418
-58.379
-58.348
-58.413
-58.395
-58.371
-58.36
-58.306
-58.312
-58.199
-58.253
-58.274
-58.291
-58.17
-58.106
-58.049
-58.079
-57.953
-57.978
-57.906
-57.904
-57.839
-57.881
-57.872
-57.802
-57.759
-57.702
-57.697
-57.716
-57.653
-57.704
-57.665
-57.605
-57.543
-57.553
-57.505
-57.446
-57.468
-57.469
-57.361
-57.351
-57.259
-57.233
-57.24
-57.243
-57.278
-57.302
-57.317
-57.265
-57.171
-57.214
-57.223
-57.153
-57.143
-57.126
-57.025
-57.015
-57.014
-56.98
-56.965
-57.008
-56.92
-56.887
-56.89
-56.882
-56.856
-56.789
-56.738
-56.764
-56.739
-56.85
-56.864
-56.856
-56.904
-56.847
-56.833
-56.95
-56.963
-57.011
-56.982
-57.013
-56.964
-56.926
-56.869
-56.886
-56.874
-56.893
-56.861
-56.766
-56.839
-56.741
-56.777
-56.749
-56.787
-56.78
-56.764
-56.766
-56.735
-56.747
-56.751
-56.793
-56.823
-56.717
-56.639
-56.641
-56.628
-56.666
-56.678
-56.722
-56.676
-56.625
-56.587
-56.659
-56.65
-56.671
-56.552
-56.426
-56.261
-56.263
-56.286
-56.293
-56.288
-56.288
-56.144
-56.078
-56.119
-56.085
-56.098
-56.064
-56.027
-56.022
-55.983
-56.006
-55.958
-55.968
-56.007
-56.037
-56.122
-56.071
-56.096
-56.118
-56.129
-56.119
-56.224
-56.11
-56.047
-56.035
-56.08
-56.019
-55.895
-55.972
-55.987
-55.829
-55.814
-55.774
-55.677
-55.672
-55.68
-55.66
-55.619
-55.608
-55.575
-55.543
-55.501
-55.45
-55.396
-55.339
-55.341
-55.304
-55.287
-55.263
-55.158
-55.141
-55.08
-54.993
-54.82
-54.747
-54.765
-54.64
-54.612
-54.634
-54.649
-54.566
-54.526
-54.521
-54.515
-54.442
-54.339
-54.267
-54.238
-54.288
-54.215
-54.229
-54.153
-54.162
-54.077
-53.948
-53.916
-53.874
-53.834
-53.906
-53.888
-53.905
-53.696
-53.622
-53.644
-53.633
-53.591
-53.553
-53.357
-53.287
-53.208
-53.087
-53.059
-53.04
-52.892
-52.839
-52.747
-52.763
-52.771
-52.654
-52.564
-52.503
-52.481
-52.364
-52.252
-52.213
-52.12
-52.011
-51.849
-51.834
-51.866
-51.709
-51.633
-51.557
-51.462
-51.292
-51.007
-50.823
-50.693
-50.496
-50.4
-50.085
-49.89
-49.676
-49.458
-49.091
-48.729
-48.411
-47.915
-47.569
-47.274
-46.939
-46.534
-45.985
-45.422
-45
-45
-45
-45
-45
-45
-45
-45
-45
-45
-45
-45
-45
-45
-45
-45
-45
-45
-45
-45
-45
-45
-45
-45
-45
-45
-45
-45
-45
-45
-45
-45
-45
-45
-45
-45
-45
-45
-45
-45
-45
-45
-45
-45
-45
-45
-45
-45
-45
-45
-45
-45
-45
-45
-45
-45
-45
-45
-45
-45
-45
-45
-45
-45
-45
-45
-45
-45
-45
-45
-45
-45
-45
-45
-45
-45
-45
-45
-45
-45
-45
-45
-45
-45
-45
-45
-45
-45
-45
-45
-45
-45
-45
