-92.936
-92.513
-92.462
-92.527
-92.739
-92.812
-92.956
-92.997
-92.916
-92.918
-92.8
-92.844
-92.957
-92.95
-93.212
-93.141
-92.863
-92.49
-92.419
-92.374
-92.566
-92.582
-92.424
-91.778
-90.992
-89.691
-88.138
-86.483
-84.919
-83.113
-81.628
-79.957
-78.171
-76.567
-75.086
-73.655
-72.187
-71.054
-70.148
-68.992
-67.887
-67.293
-66.396
-65.609
-64.739
-63.897
-63.431
-62.794
-62.401
-61.927
-61.036
-60.454
-59.982
-59.357
-58.682
-57.751
-57.149
-56.285
-55.469
-54.729
-53.681
-52.255
-50.22
-47.613
-45
-45
-45
-45
-45
-45
-45
-45
-45
-45
-45
-45
-45
-45
-49.045
-55.812
-60.862
-64.51
-67.314
-68.539
-69.426
-70.289
-70.894
-71.115
-71.647
-71.72
-71.415
-70.979
-70.79
-70.319
-69.637
-68.905
-68.122
-67.641
-66.83
-66.144
-65.498
-65.027
-64.382
-63.806
-63.644
-62.838
-61.62
-60.172
-58.604
-56.865
-55.285
-53.926
-52.422
-50.313
-47.401
-45
-45
-45
-45
-45
-45
-45
-45
-45
-45
-45
-45
-45
-45
-49.195
-54.42
-59.06
-61.84
-63.59
-64.583
-65.146
-65.761
-65.665
-65.44
-65.227
-64.724
-64.415
-64.465
-64.071
-63.709
-63.338
-62.572
-61.654
-60.87
-60.018
-59.559
-59.01
-58.23
-57.617
-57.048
-56.276
-55.781
-55.507
-54.904
-54.261
-53.463
-52.756
-51.75
-50.411
-48.685
-45.822
-45
-45
-45
-45
-45
-45
-45
-45
-45
-45
-45
-45
-45
-47.27
-53.218
-58.365
-61.549
-63.778
-65.348
-66.191
-66.424
-66.636
-66.742
-66.46
-65.988
-65.648
-64.834
-64.137
-63.526
-62.828
-62.257
-61.613
-60.988
-59.911
-59.479
-58.907
-58.523
-57.977
-57.894
-57.854
-57.491
-57.133
-56.849
-56.687
-56.183
-55.648
-55.59
-55.383
-55.157
-54.742
-54.675
-54.245
-54.092
-53.763
-53.034
-52.087
-51.07
-49.679
-46.994
-45
-45
-45
-45
-45
-45
-45
-45
-45
-45
-45
-45
-45
-45
-51.202
-56.452
-60.736
-63.456
-65.488
-66.636
-67.08
-67.468
-67.599
-67.682
-67.407
-67.092
-66.837
-66.62
-66.299
-65.971
-66.021
-65.951
-65.726
-65.349
-65.218
-65.217
-65.38
-65.123
-64.958
-64.822
-64.718
-64.513
-64.449
-64.796
-64.869
-64.81
-64.833
-65.444
-65.66
-65.802
-66.146
-66.007
-65.9
-65.859
-65.663
-65.333
-64.88
-64.816
-64.842
-64.448
-63.983
-63.972
-64.039
-63.983
-63.975
-63.461
-63.34
-62.62
-61.93
-61.582
-61.075
-60.467
-59.578
-58.87
-58.524
-57.806
-57.156
-56.44
-55.596
-54.668
-53.841
-52.824
-51.79
-50.027
-47.267
-45
-45
-45
-45
-45
-45
-45
-45
-45
-45
-45
-45
-45
-45
-50.773
-57.067
-62
-65.5
-67.749
-69.308
-70.026
-70.366
-70.474
-70.403
-70.612
-71.191
-71.28
-71.357
-71.265
-71.458
-71.126
-71.173
-71.008
-70.793
-70.655
-70.516
-70.759
-70.632
-70.79
-70.944
-71.021
-71.106
-71.082
-71.072
-70.885
-70.625
-70.454
-70.285
-69.887
-69.508
-69.286
-69.141
-68.889
-68.867
-68.845
-68.344
-68.145
-68.127
-67.859
-67.535
-66.969
-66.312
-65.921
-65.608
-64.954
-64.469
-63.845
-63.695
-62.985
-62.578
-61.943
-61.433
-60.682
-59.913
-59.25
-59.045
-58.791
-58.135
-57.728
-57.115
-56.661
-55.917
-55.287
-54.728
-53.724
-53.076
-52.142
-50.783
-48.596
-45
-45
-45
-45
-45
-45
-45
-45
-45
-45
-45
-45
-45
-45
-46.823
-53.036
-57.963
-61.349
-63.647
-64.574
-65.106
-65.349
-65.223
-65.254
-64.847
-64.264
-63.255
-62.461
-61.673
-60.649
-59.39
-58.18
-57.119
-55.891
-54.777
-53.334
-51.7
-50.174
-47.723
-45
-45
-45
-45
-45
-45
-45
-45
-45
-45
-45
-45
-45
-45
-50.535
-55.753
-59.766
-62.47
-64.391
-65.65
-66.591
-66.637
-66.709
-66.905
-66.684
-66.338
-66.147
-65.758
-65.582
-65.346
-65.254
-64.831
-64.659
-64.213
-64.042
-63.816
-63.589
-62.759
-62.479
-62.047
-61.603
-61.198
-60.891
-60.494
-59.738
-59.253
-58.38
-57.735
-56.917
-56.255
-55.111
-54.363
-53.434
-52.401
-50.98
-48.768
-45
-45
-45
-45
-45
-45
-45
-45
-45
-45
-45
-45
-45
-45
-45.366
-50.34
-55.165
-58.437
-60.641
-61.861
-62.61
-62.847
-62.466
-62.051
-62.11
-61.897
-61.484
-60.868
-60.319
-59.902
-59.258
-58.779
-58.215
-57.902
-57.454
-57.047
-56.714
-56.468
-56.006
-55.344
-54.53
-53.747
-52.944
-51.815
-50.497
-48.945
-46.329
-45
-45
-45
-45
-45
-45
-45
-45
-45
-45
-45
-45
-45
-46.847
-53.053
-58.079
-61.536
-64.187
-65.907
-67.201
-67.973
-68.138
-68.115
-67.957
-67.77
-67.442
-66.968
-66.666
-66.188
-65.671
-64.834
-64.564
-64.348
-63.612
-63.39
-62.922
-62.346
-62.304
-61.925
-61.358
-61.118
-60.678
-60.58
-60.109
-60.038
-59.977
-60.061
-59.934
-59.746
-59.845
-60.008
-60.08
-60.1
-60.043
-59.789
-59.802
-59.841
-59.776
-59.64
-59.286
-59.11
-58.86
-58.664
-58.52
-58.711
-58.542
-58.397
-58.613
-58.391
-58.177
-57.926
-57.834
-57.77
-57.836
-57.726
-57.513
-57.395
-57.535
-57.535
-57.409
-57.32
-57.775
-57.836
-57.548
-57.604
