-80.572
-80.34
-80.293
-80.303
-80.275
-80.316
-80.26
-80.239
-80.3
-80.152
-80.417
-80.523
-80.522
-80.492
-80.482
-80.546
-80.428
-80.404
-80.401
-80.42
-80.576
-80.637
-80.873
-80.53
-80.698
-80.604
-80.758
-80.944
-80.959
-80.785
-80.639
-80.668
-80.766
-80.621
-80.24
-80.189
-79.961
-79.994
-79.906
-80.002
-79.899
-79.937
-80.043
-80.28
-80.31
-80.257
-80.224
-80.337
-80.157
-80.396
-80.313
-80.424
-80.243
-80.36
-80.338
-80.289
-80.288
-80.25
-80.28
-80.12
-79.674
-79.309
-78.894
-78.364
-77.966
-77.584
-76.563
-75.032
-73.588
-72.044
-70.413
-68.854
-67.242
-65.976
-64.305
-62.954
-61.494
-60.103
-58.776
-58.019
-56.829
-55.572
-54.52
-53.248
-51.722
-49.576
-45.897
-45
-45
-45
-45
-45
-45
-45
-45
-45
-45
-45
-45
-48.593
-61.572
-70.033
-74.443
-76.369
-76.904
-77.163
-76.746
-76.246
-76.005
-76.049
-75.79
-75.491
-75.309
-75.316
-75.441
-75.569
-75.461
-75.79
-75.989
-75.827
-76.045
-75.752
-75.667
-75.68
-75.567
-75.276
-74.866
-74.961
-75.353
-75.397
-75.455
-75.213
-75.262
-75.478
-75.587
-75.536
-75.969
-76.043
-76.477
-76.832
-76.6
-76.82
-76.908
-77.419
-77.929
-78.283
-78.463
-78.678
-78.945
-78.867
-78.619
-78.295
-77.964
-77.587
-77.501
-77.198
-77.021
-76.706
-76.78
-76.923
-77.083
-77.127
-77.083
-76.926
-77.221
-77.587
-77.75
-77.813
-77.764
-77.677
-78.103
-78.101
-78.31
-78.324
-78.531
-78.552
-78.519
-78.694
-78.676
-78.804
-78.965
-78.603
-78.74
-78.822
-78.893
-78.854
-78.927
-78.76
-78.846
-79.002
-79.281
-79.249
-79.263
-79.055
-79.054
-78.996
-79.115
-79.151
-79.1
-79.3
-79.133
-79.247
-78.923
-78.964
-78.639
-78.348
-78.086
-78.065
-77.825
-77.741
-77.961
-77.917
-78.049
-78.054
-78.302
-78.177
-78.312
-78.44
-78.353
-78.467
-78.45
-78.275
-78.278
-78.292
-78.456
-78.273
-78.718
-78.466
-78.658
-78.839
-78.559
-78.773
-79.01
-78.955
-79.06
-79.075
-78.905
-78.843
-78.87
-78.901
-78.774
-78.568
-78.517
-78.631
-78.8
-78.704
-78.653
-78.863
-78.782
-78.774
-78.871
-78.774
-78.856
-79.034
-79.21
-79.26
-79.136
-79.214
-79.31
-79.314
-79.376
-78.849
-78.371
-78.131
-78.008
-77.878
-78.008
-78.205
-78.068
-77.906
-77.979
-77.888
-77.716
-77.727
-77.942
-78.25
-78.182
-78.228
-78.281
-78.408
-78.633
-78.657
-78.815
-78.849
-79.021
-78.795
-78.94
-78.741
-78.956
-78.859
-78.924
-78.8
-78.689
-78.846
-78.904
-78.868
-79.072
-78.656
-78.835
-78.664
-78.944
-78.941
-78.905
-78.76
-78.884
-78.962
-79.056
-79.064
-79.118
-79.07
-79.17
-79.415
-79.168
-79.275
-79.307
-79.308
-79.308
-79.313
-79.279
-79.369
-79.167
-79.199
-79.2
-79.254
-79.029
-79.181
-79.354
-79.366
-79.373
-79.413
-79.439
-79.289
-79.278
-79.209
-79.258
-79.504
-79.5
-79.265
-79.313
-79.239
-79.316
-78.992
-79.031
-79.116
-79.096
-79.169
-79.368
-79.607
-79.529
-79.429
-79.391
-79.752
-79.804
-79.468
-79.557
-79.749
-79.743
-79.849
-79.84
-79.559
-79.737
-79.782
-79.806
-79.853
-79.697
-79.385
-79.639
-79.382
-79.619
-79.543
-79.525
-79.469
-79.388
-79.24
-79.335
-79.319
-79.118
-78.845
-79.233
-79.241
-79.403
-79.364
-79.202
-79.306
-79.525
-79.477
-79.416
-79.301
-79.388
-79.554
-79.545
-79.433
-79.694
-79.736
-79.653
-78.983
-78.632
-78.377
-78.053
-77.827
-77.74
-77.675
-77.828
-77.871
-78.034
-78.084
-77.984
-77.813
-77.68
-77.762
-77.717
-77.671
-77.779
-77.691
-77.899
-77.786
-77.792
-77.7
-77.67
-77.894
-77.843
-77.935
-77.774
-77.939
-77.814
-78.065
-77.983
-78.01
-78.108
-78.231
-78.308
-78.283
-78.241
-78.289
-78.596
-78.511
-78.289
-78.336
-78.035
-78.423
-78.305
-78.383
-78.41
-78.589
-78.713
-78.502
-78.943
-78.889
-79.008
-78.954
-78.981
-79.192
-79.206
-79.329
-79.08
-79.211
-78.992
-78.881
-78.819
-78.924
-78.831
-78.941
-78.767
-79.02
-78.866
-78.721
-78.544
-78.469
-78.745
-78.619
-78.623
-78.282
-77.944
-77.712
-77.661
-77.641
-77.594
-77.756
-77.96
-78.037
-77.974
-78.02
-78.248
-78.283
-78.253
-78.292
-78.119
-77.995
-78.108
-78.358
-78.344
-78.044
-78.338
-78.313
-78.373
-78.456
-78.214
-78.217
-78.08
-77.979
-78.099
-78.11
-78.308
-78.375
-78.395
-78.395
-78.625
-78.589
-78.762
-78.684
-78.755
-78.813
-78.986
-78.912
-78.96
-78.911
-79.137
-79.123
-79.146
-79.314
-79.231
-79.095
-79.02
-79.229
-79.236
-79.224
-79.098
-79.203
-78.987
-78.969
-78.683
-78.544
-78.858
-78.733
-78.492
-78.223
-78.33
-78.322
-78.184
-78.219
-78.087
-78.394
-78.257
-78.177
-78.256
-78.404
-78.391
-78.234
-78.385
-78.521
-78.411
-78.326
-78.555
-78.716
-78.765
-78.81
-78.884
-78.748
-78.879
-78.922
-79.164
-79.081
-79.087
-79.124
-79.187
-79.386
-79.323
-79.533
-79.311
-79.47
-79.534
-79.461
-79.649
-79.537
-79.5
-79.519
-79.377
-79.307
-79.409
-79.238
-79.288
-78.64
-78.171
-77.915
-77.621
-77.438
-77.204
-77.074
-77.008
-77.072
-77.317
-77.549
-77.56
-77.663
-77.794
-77.937
-77.969
-78.039
-77.915
-78.143
-78.155
-78.2
-78.179
-78.379
-78.363
-78.178
-78.126
-78.269
-78.152
-78.228
-78.066
-78.031
-77.935
-77.907
-78.004
-78.019
-78.326
-78.267
-78.611
-78.616
-78.738
-78.997
-79.051
-78.897
-78.817
-78.798
