-79.505
-79.464
-79.679
-79.873
-79.86
-79.745
-79.835
-80.006
-79.967
-79.847
-79.999
-79.78
-79.732
-79.942
-79.906
-79.834
-79.791
-79.899
-79.858
-79.955
-79.787
-79.717
-79.78
-79.509
-79.186
-78.802
-78.503
-77.485
-76.945
-76.092
-75.327
-74.87
-74.173
-73.391
-72.657
-72.344
-72.234
-71.9
-71.523
-71.229
-70.88
-71.096
-72.631
-74.319
-75.499
-76.395
-77.197
-77.885
-78.452
-78.824
-78.908
-78.93
-79.104
-79.164
-79.339
-79.436
-79.256
-79.402
-79.39
-79.374
-79.597
-79.683
-79.845
-79.491
-79.676
-79.731
-79.666
-79.7
-79.696
-79.654
-79.605
-79.697
-79.771
-79.634
-79.665
-79.598
-79.64
-79.731
-79.714
-79.94
-79.715
-79.958
-79.591
-79.842
-79.608
-79.758
-79.693
-79.688
-79.38
-79.089
-79.425
-79.538
-79.413
-79.45
-79.463
-79.793
-79.728
-79.618
-79.504
-79.369
-79.134
-79.243
-79.057
-79.038
-79.088
-79.292
-79.28
-79.466
-79.468
-79.463
-79.521
-79.395
-79.404
-79.378
-79.305
-79.48
-79.585
-79.848
-79.761
-79.763
-79.793
-79.769
-79.49
-79.556
-79.521
-79.52
-79.661
-79.609
-79.739
-79.907
-79.762
-79.669
-79.665
-79.818
-79.725
-79.568
-79.385
-79.356
-79.117
-78.9
-79.002
-78.881
-78.882
-78.764
-78.733
-78.647
-78.625
-78.494
-78.589
-78.609
-78.573
-78.427
-78.666
-78.942
-78.933
-78.766
-78.866
-78.999
-79.27
-79.221
-79.029
-79.122
-79.08
-78.95
-79.232
-79.423
-79.582
-79.475
-79.328
-79.09
-79.073
-78.815
-78.694
-78.504
-78.591
-78.622
-78.765
-79.056
-78.888
-78.776
-78.54
-78.513
-78.456
-78.555
-78.595
-78.477
-78.293
-78.028
-78.062
-77.704
-77.685
-77.741
-77.939
-77.857
-78.245
-78.409
-78.494
-78.75
-78.956
-78.612
-78.744
-78.531
-78.883
-78.774
-78.938
-79.013
-78.912
-79.064
-79.153
-79.038
-78.993
-79.024
-79.142
-79.271
-79.305
-79.454
-79.323
-79.206
-78.983
-79.14
-79.099
-79.167
-78.856
-78.932
-79.061
-78.993
-79.237
-79.039
-78.864
-78.867
-79.171
-79.142
-79.125
-79.092
-79.014
-78.765
-78.697
-78.689
-78.505
-78.219
-78.236
-78.149
-78.225
-78.493
-78.406
-78.395
-78.661
-78.814
-78.527
-78.645
-78.429
-78.232
-78.385
-78.155
-78.098
-78.299
-78.371
-78.391
-78.363
-78.463
-78.725
-78.682
-78.649
-78.612
-78.636
-78.77
-78.947
-78.817
-78.724
-78.748
-79.099
-78.944
-79.176
-79.309
-79.339
-79.376
-79.41
-79.464
-79.631
-79.63
-79.386
-79.63
-79.695
-79.595
-79.411
-79.485
-79.421
-79.568
-79.429
-79.576
-79.502
-79.488
-79.67
-79.537
-79.368
-79.2
-79.284
-79.438
-79.386
-78.917
-78.939
-78.685
-78.532
-78.407
-78.557
-78.391
-78.174
-77.825
-77.713
-77.46
-77.538
-77.76
-77.818
-77.832
-77.851
-78.211
-78.004
-78.256
-78.039
-78.211
-78.337
-78.366
-78.861
-78.784
-78.94
-79.278
-79.296
-79.256
-79.44
-79.166
-79.54
-79.429
-79.357
-79.399
-79.593
-79.466
-79.52
-79.679
-79.528
-79.315
-79.378
-79.376
-79.598
-79.49
-79.283
-79.242
-79.391
-79.295
-79.064
-78.796
-78.771
-79.035
-79.246
-79.049
-79.068
-79.091
-79.113
-78.983
-79.021
-79.136
-79.039
-78.949
-78.868
-78.911
-79.15
-78.99
-79.383
-79.44
-79.367
-79.409
-79.61
-79.367
-79.657
-79.777
-79.763
-79.712
-79.605
-79.377
-79.21
-79.084
-78.802
-78.917
-78.716
-78.683
-78.564
-78.739
-78.677
-78.694
-78.572
-78.603
-78.626
-78.417
-78.004
-77.448
-76.492
-75.772
-75.204
-74.821
-74.631
-74.573
-74.245
-74.251
-74.335
-74.336
-74.392
-74.325
-74.711
-74.924
-74.976
-75.128
-75.273
-75.364
-75.365
-75.21
-74.954
-74.863
-75.293
-75.308
-75.02
-74.933
-75.058
-75.327
-75.361
-75.449
-75.402
-75.276
-75.467
-75.454
-75.362
-75.466
-75.501
-75.483
-75.538
-75.702
-75.586
-75.695
-75.577
-75.594
-75.681
-75.912
-76.028
-76.065
-76.04
-75.556
-74.75
-74.005
-73.775
-73.281
-73.016
-72.475
-72.044
-71.824
-71.588
-71.415
-71.49
-71.182
-71
-71.057
-70.934
-70.549
-69.718
-69.225
-68.36
-67.345
-66.614
-66.033
-65.519
-65.08
-65.13
-64.814
-64.781
-65.052
-65.118
-65.635
-65.48
-65.624
-66.126
-66.509
-66.45
-66.599
-66.875
-67.142
-67.512
-68.16
-68.553
-68.744
-69.125
-69.338
-69.739
-69.704
-70.091
-70.715
-70.886
-71.322
-71.388
-71.357
-71.166
-71.002
-70.33
-69.526
-68.833
-68.013
-67.544
-66.897
-66.623
-66.203
-65.898
-65.718
-65.703
-65.669
-65.609
-65.624
-65.884
-65.944
-66.202
-66.736
-68.549
-70.392
-72.039
-73.572
-74.589
-75.317
-75.635
-76.016
-76.145
-76.362
-76.655
-76.787
-76.701
-76.921
-76.91
-76.853
-77.111
-77.066
-77.25
-77.29
-77.603
-78.091
-77.897
-77.744
-77.646
-77.902
-77.989
-77.809
-77.998
-78.017
-77.839
-78.017
-78.062
-77.981
-77.855
-77.845
-77.6
-77.615
-77.483
-77.507
-77.484
-77.436
-77.26
-77.369
-77.324
-77.391
-77.667
-77.477
-77.273
-77.295
-77.147
-77.236
-77.31
-77.2
-77.013
-77.06
-77.303
-77.386
-77.138
-77.229
-77.45
-77.474
-77.541
-77.625
-77.827
-77.909
-77.727
-77.968
-77.882
-78.007
-78.333
-78.087
-78.446
-78.532
-78.293
-78.42
-78.637
-78.4
-78.895
-78.73
-78.836
-78.74
-78.849
-78.866
-78.737
-78.581
-78.261
-77.967
-77.641
-77.155
-76.701
-76.294
-75.973
-75.857
-75.646
-75.361
-75.127
-75.128
-75.184
-75.146
-75.328
-75.313
-75.467
-75.51
-75.536
-75.531
-75.361
-75.146
-74.973
-75.006
