-80.277
-80.282
-80.421
-80.487
-80.35
-80.516
-80.606
-80.593
-80.513
-80.52
-80.401
-80.507
-80.583
-80.61
-80.229
-80.167
-79.952
-80.229
-79.964
-79.987
-79.962
-79.968
-80.018
-80.016
-80.132
-80.116
-80.029
-80.025
-79.959
-79.899
-79.773
-79.698
-79.667
-79.745
-79.908
-79.829
-79.698
-80.002
-80.072
-80.395
-80.246
-80.184
-80.126
-79.934
-79.987
-79.813
-79.721
-80.051
-80.125
-80.213
-80.484
-80.443
-80.298
-79.919
-79.801
-79.524
-79.276
-78.878
-78.607
-78.729
-78.356
-78.571
-78.173
-78.172
-78.429
-78.53
-78.298
-78.498
-78.47
-78.292
-78.123
-77.829
-77.696
-77.766
-77.723
-77.884
-78.007
-77.99
-78.018
-78.317
-78.623
-78.832
-78.98
-79.112
-79.238
-79.463
-79.453
-79.777
-79.72
-79.677
-79.7
-79.563
-79.419
-79.303
-79.398
-79.172
-79.029
-78.875
-78.87
-78.868
-78.675
-78.94
-78.968
-78.846
-78.897
-79.088
-79.072
-79.141
-79.452
-79.335
-78.871
-78.749
-78.699
-78.578
-78.447
-78.386
-78.323
-78.274
-78.189
-78.439
-78.746
-78.964
-78.909
-78.726
-78.625
-78.588
-78.694
-79.086
-78.577
-78.593
-78.962
-78.959
-78.922
-78.937
-78.626
-78.377
-78.309
-78.17
-77.919
-77.27
-76.972
-76.557
-75.917
-75.73
-75.565
-75.065
-74.95
-75.126
-75.099
-75.167
-75.3
-75.368
-75.411
-75.303
-75.645
-75.753
-75.887
-75.864
-75.966
-76.153
-75.903
-75.599
-75.554
-75.085
-74.714
-74.413
-74.434
-74.067
-74.175
-74.47
-74.174
-74.531
-74.497
-74.416
-74.467
-74.595
-74.867
-75.161
-75.381
-75.762
-75.858
-76.099
-76.246
-76.338
-76.368
-76.419
-76.433
-76.741
-76.696
-76.321
-75.777
-75.46
-75.09
-74.713
-74.682
-74.481
-73.92
-73.646
-73.094
-72.14
-71.56
-71.004
-70.473
-69.985
-69.793
-69.955
-69.821
-69.878
-69.6
-69.521
-69.912
-70.005
-70.371
-70.316
-69.971
-69.643
-69.471
-68.806
-68.751
-68.507
-68.624
-68.4
-68.163
-67.781
-67.52
-67.171
-66.785
-66.606
-66.601
-66.315
-66.498
-66.6
-66.525
-66.388
-66.48
-66.592
-66.54
-66.886
-67.094
-67.059
-66.805
-66.504
-66.426
-66.571
-66.825
-67.039
-66.969
-67.243
-67.147
-66.891
-66.596
-66.324
-66.448
-66.152
-65.874
-65.767
-65.902
-66.287
-66.632
-66.866
-66.874
-66.206
-66.08
-65.534
-65.211
-65.087
-64.976
-64.821
-64.549
-64.525
-64.589
-64.627
-64.58
-64.634
-64.67
-64.452
-64.27
-64.282
-64.324
-64.4
-64.538
-64.592
-64.754
-64.716
-64.587
-64.728
-64.575
-64.712
-64.631
-64.517
-64.109
-63.835
-63.866
-63.691
-63.542
-63.175
-63.237
-63.233
-63.158
-63.068
-63.129
-63.14
-63.183
-63.332
-63.411
-63.319
-63.094
-62.688
-62.254
-61.937
-61.721
-61.273
-60.757
-60.349
-59.81
-59.663
-59.315
-58.829
-58.444
-58.164
-58.11
-57.87
-57.624
-57.552
-57.453
-57.084
-56.93
-56.915
-56.922
-57.125
-57.393
-57.476
-57.678
-58.049
-58.184
-58.378
-58.464
-58.504
-58.506
-58.631
-58.368
-58.244
-58.092
-57.926
-57.798
-57.671
-57.278
-57.131
-56.916
-56.688
-56.403
-55.902
-55.595
-55.088
-54.709
-54.247
-53.717
-53.122
-52.602
-51.451
-50.157
-47.732
-45
-45
-45
-45
-45
-45
-45
-45
-45
-45
-45
-45
-45
-45
-49.228
-55.551
-60.42
-63.651
-65.818
-66.759
-67.75
-68.029
-68.127
-68.083
-68.185
-68.188
-67.795
-67.565
-67.81
-67.683
-67.463
-66.907
-66.611
-66.425
-66.143
-65.8
-65.383
-65.004
-64.502
-64.354
-64.049
-63.904
-63.436
-63.394
-63.113
-62.768
-62.621
-62.072
-61.762
-61.243
-60.943
-60.444
-59.31
-57.908
-56.425
-54.554
-52.59
-50.387
-46.983
-45
-45
-45
-45
-45
-45
-45
-45
-45
-45
-45
-45
-45
-45
-48.241
-53.113
-57.249
-59.861
-61.215
-61.92
-62.147
-62.378
-62.317
-61.886
-61.322
-60.52
-59.761
-58.943
-58.023
-57.457
-56.952
-56.334
-55.735
-55.314
-54.629
-53.824
-52.799
-51.887
-50.914
-49.184
-46.576
-45
-45
-45
-45
-45
-45
-45
-45
-45
-45
-45
-45
-45
-47.747
-53.773
-58.61
-61.499
-63.422
-64.382
-65.251
-65.111
-64.279
-63.533
-62.485
-61.451
-60.453
-59.525
-58.083
-56.931
-55.839
-54.584
-53.264
-51.999
-50.461
-48.82
-45.895
-45
-45
-45
-45
-45
-45
-45
-45
-45
-45
-45
-45
-45
-46.276
-50.948
-54.548
-57.411
-59.528
-60.625
-60.948
-60.861
-60.723
-60.336
-60.157
-59.26
-58.219
-57.407
-56.483
-55.892
-55.259
-54.177
-52.703
-51.834
-50.768
-49.145
-47.005
-45
-45
-45
-45
-45
-45
-45
-45
-45
-45
-45
-45
-45
-46.472
-52.357
-57.362
-60.907
-63.008
-64.533
-65.262
-65.489
-65.35
-65.183
-64.858
-64.404
-63.593
-62.983
-62.549
-62.256
-61.454
-61.07
-60.649
-59.685
-59.438
-59.18
-58.802
-58.231
-57.698
-57.304
-56.998
-56.814
-56.726
-56.032
-55.714
-55.639
-55.482
-55.459
-55.274
-55.348
-55.267
-55.273
-55.132
-55.334
-55.173
-54.882
-54.892
-54.727
-54.567
-54.235
-53.847
-53.622
-53.106
-52.269
-51.637
-50.013
-48.056
-45
-45
-45
-45
-45
-45
-45
-45
-45
-45
-45
-45
-45
-45
-49.42
-55.653
-60.515
-63.638
-65.589
-66.87
-67.869
-68.245
-68.485
-68.528
-68.451
-68.016
