-82.185
-82.097
-82.079
-81.78
-81.887
-81.942
-81.782
-82.134
-82.367
-82.341
-82.353
-82.137
-82.073
-82.161
-82.066
-82.075
-81.85
-81.849
-82.152
-82.327
-82.417
-82.484
-82.516
-82.6
-82.452
-82.37
-82.862
-83.034
-82.974
-83.083
-83.173
-83.149
-83.361
-83.336
-83.25
-83.335
-83.167
-83.145
-83.144
-83.449
-83.315
-83.21
-82.961
-83.108
-82.985
-82.98
-82.801
-82.937
-83.001
-82.653
-82.369
-81.855
-81.292
-80.702
-79.953
-79.365
-78.791
-77.925
-77.392
-76.675
-75.984
-75.132
-74.53
-73.878
-73.452
-72.992
-72.792
-72.268
-71.907
-71.63
-71.135
-70.864
-71.914
-73.392
-74.753
-75.984
-76.901
-77.785
-78.319
-78.714
-78.807
-78.913
-78.963
-79.083
-78.921
-79.145
-79.101
-79.31
-79.344
-79.585
-79.536
-79.432
-79.307
-79.366
-79.191
-79.398
-79.361
-79.556
-79.516
-79.47
-79.365
-78.148
-77.099
-76.286
-75.616
-74.941
-74.662
-74.24
-74.015
-73.84
-73.197
-72.855
-72.717
-72.898
-73.018
-73.229
-73.272
-73.237
-73.653
-73.902
-74.112
-74.412
-74.466
-74.605
-74.833
-74.763
-74.478
-74.276
-74.573
-74.701
-75.019
-75.516
-76.05
-76.349
-76.363
-76.807
-77.179
-77.155
-77.201
-77.27
-77.62
-77.666
-77.88
-78.029
-78.121
-78.088
-78.269
-78.234
-78.213
-78.253
-78.448
-78.215
-78.291
-78.547
-78.555
-78.657
-78.574
-78.613
-78.252
-78.509
-78.736
-78.84
-78.907
-78.569
-77.973
-77.672
-77.416
-77.263
-77.28
-76.898
-76.91
-76.912
-77.141
-77.134
-77.19
-77.544
-77.518
-77.272
-77.35
-77.392
-77.516
-77.693
-77.877
-78.023
-77.98
-77.943
-78.273
-78.419
-78.541
-78.725
-78.598
-78.279
-78.169
-77.936
-77.81
-77.83
-77.984
-77.924
-77.587
-77.312
-77.383
-77.617
-77.52
-77.249
-77.069
-76.85
-76.551
-76.615
-76.45
-76.17
-75.766
-75.702
-75.605
-75.468
-75.72
-75.822
-75.659
-75.368
-75.226
-75.366
-75.567
-75.573
-75.552
-75.742
-75.781
-76.107
-76.436
-76.386
-76.605
-76.499
-76.547
-76.434
-76.34
-76.382
-76.408
-76.633
-76.663
-76.572
-76.619
-76.541
-76.621
-76.73
-76.863
-76.889
-77.052
-76.913
-77.046
-76.894
-77.12
-77.068
-77.278
-77.39
-77.605
-77.268
-77.131
-77.28
-77.279
-77.109
-77.154
-77.006
-76.868
-76.792
-76.66
-76.577
-76.664
-76.676
-76.494
-76.489
-76.344
-76.658
-76.927
-76.93
-76.821
-77.193
-77.257
-77.237
-77.358
-77.448
-77.345
-77.594
-77.63
-77.721
-77.978
-77.999
-78.079
-78.078
-78.076
-77.956
-77.932
-77.72
-77.535
-77.2
-77.073
-76.843
-76.691
-76.398
-76.148
-75.792
-75.915
-76.184
-76.378
-76.69
-76.791
-76.94
-77.299
-77.239
-77.15
-77.409
-77.047
-77.071
-76.774
-76.653
-76.509
-76.686
-76.64
-76.56
-76.568
-76.676
-76.596
-76.736
-76.88
-77.092
-77.446
-77.414
-77.532
-77.44
-77.463
-77.721
-77.866
-78.032
-78.244
-77.977
-77.334
-76.481
-75.627
-75.177
-74.696
-74.417
-74.124
-73.897
-73.76
-73.683
-73.469
-73.006
-72.93
-72.831
-72.52
-72.043
-71.518
-70.997
-70.904
-70.885
-70.811
-70.493
-70.631
-70.722
-71.403
-72.307
-72.682
-73.711
-74.315
-74.73
-74.778
-74.969
-75.075
-75.198
-75.331
-75.334
-75.266
-75.214
-75.289
-75.86
-75.733
-75.799
-75.951
-76.062
-76.147
-76.169
-76.371
-76.541
-76.638
-76.676
-76.717
-76.755
-76.844
-77.09
-77.099
-77.151
-77.102
-77.149
-76.867
-76.401
-75.79
-74.683
-73.738
-73.106
-73.51
-74.091
-74.881
-75.3
-75.645
-75.832
-76.004
-76.229
-76.2
-76.39
-76.372
-76.366
-76.425
-76.381
-76.553
-76.446
-76.552
-76.653
-76.592
-76.846
-76.928
-76.597
-76.68
-76.777
-76.812
-76.297
-75.634
-75.235
-74.962
-74.873
-74.868
-74.579
-74.475
-74.256
-74.165
-74.216
-74.302
-74.181
-74.207
-74.519
-74.72
-74.863
-74.947
-75.179
-75.313
-75.328
-75.142
-74.977
-74.73
-74.625
-74.599
-74.638
-74.62
-74.666
-74.597
-74.886
-75.052
-75.16
-75.049
-75.331
-75.693
-75.748
-75.676
-75.771
-75.94
-75.833
-75.659
-75.773
-75.678
-75.685
-75.73
-75.834
-75.666
-75.678
-75.849
-76.042
-76.102
-76.107
-76.181
-76.218
-76.287
-76.311
-76.299
-76.408
-76.683
-77.299
-77.34
-77.459
-77.66
-77.893
-77.924
-77.809
-77.901
-77.558
-77.52
-77.546
-77.502
-77.46
-77.208
-77.569
-77.751
-77.687
-77.146
-76.727
-76.052
-75.535
-75.429
-75.129
-75.121
-74.984
-75.083
-75.085
-75.144
-75.2
-75.432
-75.24
-75.173
-74.83
-74.87
-74.87
-75.083
-75.082
-75.303
-75.607
-75.961
-76.259
-76.03
-75.868
-75.887
-76.007
-75.863
-75.834
-75.864
-75.657
-76.056
-76.323
-76.646
-76.704
-76.533
-76.78
-76.668
-76.72
-76.901
-77.188
-77.184
-77.48
-77.651
-77.806
-77.812
-77.887
-78.119
-78.373
-78.172
-78.327
-78.371
-78.399
-78.399
-78.57
-78.633
-78.858
-78.758
-78.844
-78.982
-79.105
-78.955
-78.921
-78.981
-79.094
-78.894
-78.655
-78.373
-78.104
-77.898
-77.602
-77.275
-77.109
-77.166
-76.893
-76.879
-77.066
-77.098
-76.99
-77.224
-77.295
-77.427
-77.669
-77.805
-77.463
-77.654
-77.649
-77.691
-77.914
-77.802
-78.025
-77.963
-78.149
-78.067
-78.103
-78.354
-78.456
-78.563
-78.723
-79.024
-79.014
-79.132
-78.912
-78.788
-78.766
-79.094
-79.266
-79.183
-79.037
-79.163
-79.346
-79.314
-79.459
-79.463
-79.397
-79.562
-79.536
-79.385
-79.39
-79.377
-79.366
-79.49
-79.854
-79.748
-79.648
-79.593
-79.839
