-78.682
-78.701
-78.581
-78.36
-78.788
-78.76
-78.376
-78.003
-77.125
-75.932
-74.516
-72.786
-70.452
-67.918
-65.473
-63.326
-61.079
-58.738
-56.645
-54.105
-51.932
-48.911
-45
-45
-45
-45
-45
-45
-45
-45
-45
-45
-45
-45
-45
-45
-45.404
-51.935
-57.25
-61.096
-63.641
-65.213
-66.431
-66.773
-66.807
-66.452
-66.455
-65.937
-65.885
-65.526
-65.216
-64.861
-64.755
-64.287
-63.969
-63.49
-63.429
-63.036
-62.749
-62.584
-62.292
-62.017
-61.913
-61.67
-61.711
-61.522
-61.636
-61.505
-61.364
-61.308
-61.288
-61.003
-60.94
-60.818
-60.875
-60.658
-60.79
-60.856
-60.813
-60.988
-60.93
-61.119
-60.75
-60.967
-60.825
-60.614
-60.301
-59.729
-58.875
-57.977
-56.695
-54.945
-52.755
-50.067
-46.581
-45
-45
-45
-45
-45
-45
-45
-45
-45
-45
-45
-45
-45
-45
-49.088
-54.648
-58.802
-61.574
-63.049
-63.868
-64.414
-64.152
-63.909
-63.375
-62.839
-62.469
-62.303
-61.719
-61.238
-60.276
-59.678
-59.158
-58.545
-58.273
-57.632
-56.992
-56.449
-56.046
-55.474
-54.676
-53.566
-52.522
-51.363
-49.603
-46.951
-45
-45
-45
-45
-45
-45
-45
-45
-45
-45
-48.686
-60.25
-68.126
-72.478
-74.889
-76.29
-76.947
-77.444
-77.797
-77.813
-77.863
-77.932
-77.953
-77.817
-77.913
-78.09
-77.921
-77.694
-77.221
-77.107
-76.973
-76.741
-75.887
-75.115
-74.081
-73.276
-72.756
-72.443
-72.186
-72.109
-72.136
-71.982
-71.689
-71.41
-71.325
-71.769
-71.544
-71.543
-71.501
-71.675
-72.105
-72.875
-73.394
-73.905
-74.256
-74.963
-76.024
-76.858
-76.965
-77.092
-77.338
-77.213
-77.387
-77.44
-77.687
-77.473
-77.335
-77.265
-77.436
-77.644
-78.078
-78.155
-78.063
-78.103
-78.18
-77.997
-78.15
-78.266
-78.432
-78.226
-77.918
-77.612
-77.352
-77.111
-77.045
-77.075
-77.307
-77.54
-77.501
-77.925
-77.908
-77.903
-77.974
-78.03
-78.145
-78.228
-78.145
-78.043
-78.117
-78.373
-78.408
-78.334
-78.448
-78.404
-78.325
-78.447
-78.42
-78.626
-78.573
-78.721
-78.556
-78.915
-78.896
-79.16
-79.095
-79.075
-79.021
-79.209
-79.107
-79.106
-79.077
-79.215
-79.29
-78.544
-77.922
-77.329
-76.877
-76.584
-76.411
-76.499
-76.526
-76.64
-76.627
-76.966
-77.27
-77.275
-77.107
-77.297
-77.423
-77.546
-77.295
-77.364
-77.623
-77.585
-77.707
-77.851
-77.765
-77.894
-78.078
-78.043
-77.953
-77.904
-78.047
-78.025
-77.963
-77.779
-77.938
-77.885
-77.68
-77.431
-77.633
-77.602
-77.691
-77.757
-78.069
-78.041
-77.928
-78.032
-78.221
-78.227
-78.083
-78.088
-77.577
-77.379
-77.111
-77.242
-77.302
-76.993
-76.512
-76.334
-76.485
-76.532
-76.754
-77.062
-77.024
-77.251
-77.091
-77.253
-77.375
-77.398
-77.291
-77.284
-77.247
-77.321
-77.193
-77.274
-77.638
-77.56
-77.475
-77.501
-77.614
-77.64
-77.609
-77.989
-77.92
-78.18
-78.388
-78.316
-78.25
-78.079
-78.247
-78.598
-78.477
-78.436
-78.609
-78.985
-78.929
-78.735
-78.629
-78.759
-78.998
-78.697
-79.05
-78.799
-78.637
-78.518
-78.328
-78.43
-78.468
-78.441
-78.38
-78.357
-78.236
-78.186
-78.257
-78.11
-78.084
-77.907
-78.008
-78.056
-78.08
-78.056
-78.194
-78.229
-78.11
-78.233
-78.306
-78.206
-78.319
-77.526
-76.994
-76.469
-75.7
-74.66
-73.898
-73.832
-74.066
-74.21
-74.383
-74.696
-75.258
-75.687
-75.973
-76.296
-76.229
-76.167
-76.21
-76.083
-75.954
-75.511
-75.347
-75.05
-75.004
-75.066
-75.23
-74.808
-74.606
-74.29
-74.289
-74.402
-74.424
-74.443
-74.581
-74.544
-74.389
-74.407
-74.55
-74.79
-74.929
-74.931
-75.119
-75.211
-75.427
-75.069
-75.202
-75.129
-74.987
-74.986
-75.266
-75.193
-75.48
-76.093
-76.058
-76.343
-76.601
-76.865
-76.767
-77.125
-77.206
-77.203
-77.305
-77.207
-76.887
-76.879
-76.613
-76.563
-76.583
-76.508
-76.4
-76.547
-76.484
-76.613
-76.773
-76.747
-76.83
-76.695
-77.023
-77.007
-76.946
-77.083
-77.341
-77.456
-77.572
-77.422
-77.36
-77.378
-77.216
-77.183
-76.951
-76.663
-76.535
-76.743
-76.721
-76.581
-76.565
-76.177
-76.027
-75.868
-75.851
-75.834
-75.882
-75.933
-75.854
-75.82
-75.729
-75.823
-75.443
-75.062
-74.486
-74.285
-74.142
-74.178
-74.486
-74.429
-74.543
-74.691
-75.067
-75.02
-75.344
-75.483
-75.881
-75.928
-76.191
-76.447
-76.715
-76.644
-76.623
-76.653
-76.758
-76.748
-76.598
-76.651
-76.656
-76.71
-76.554
-76.44
-76.24
-75.96
-75.969
-75.93
-75.821
-75.838
-75.764
-76.029
-75.847
-75.958
-76.029
-76.141
-76.243
-76.333
-76.516
-76.655
-76.742
-77.165
-77.304
-77.403
-77.384
-77.429
-77.45
-77.565
-77.476
-77.498
-77.583
-77.686
-77.811
-78.028
-78.03
-77.875
-77.939
-77.951
-78.055
-78.015
-78.031
-78.111
-78.28
-78.489
-78.598
-78.5
-78.669
-78.736
-78.879
-78.845
-78.999
-79.031
-78.871
-79.234
-79.053
-79.001
-78.86
-78.902
-78.837
-78.906
-78.578
-78.537
-78.535
-78.402
-78.108
-77.815
-77.64
-77.298
-77.234
-77.141
-77.243
-77.301
-77.33
-77.345
-77.389
-77.347
-77.204
-77.367
-77.359
-77.471
-77.371
-77.418
-77.399
-77.552
-77.601
-77.538
-77.667
-77.878
-77.947
-78.058
-77.968
-78.368
-78.36
-78.333
-78.259
-78.465
-78.611
-78.624
-78.589
-78.551
-78.807
-78.685
-78.886
-78.779
