-84.974
-84.876
-84.9
-84.876
-84.654
-84.281
-84.66
-84.683
-84.668
-84.651
-84.635
-84.767
-84.794
-84.72
-84.949
-85.198
-85.004
-84.768
-84.992
-85.015
-85.137
-84.843
-84.745
-84.394
-84.11
-83.61
-83.051
-82.758
-82.482
-81.862
-81.677
-81.328
-80.848
-80.671
-80.344
-80.051
-79.97
-79.988
-80.01
-80.026
-79.924
-79.533
-79.068
-78.929
-78.71
-78.63
-78.526
-78.169
-78.029
-77.851
-77.565
-77.505
-77.405
-77.413
-77.502
-77.304
-77.44
-77.448
-77.578
-77.303
-77.373
-77.269
-77.331
-77.644
-77.943
-77.929
-77.6
-77.229
-77.561
-77.371
-77.266
-77.296
-77.532
-77.714
-78.068
-78.339
-78.247
-78.264
-78.051
-78.188
-78.054
-78.094
-78.218
-77.935
-77.853
-77.473
-77.095
-76.604
-76.315
-76.152
-76.012
-75.212
-74.802
-74.485
-74.33
-74.064
-74.006
-73.824
-73.603
-73.424
-73.433
-73.315
-73.117
-72.762
-72.695
-72.748
-72.938
-72.904
-72.983
-72.805
-72.943
-72.99
-72.928
-72.785
-72.661
-72.72
-72.642
-72.645
-72.557
-72.697
-72.513
-72.4
-72.484
-72.397
-72.649
-72.469
-72.304
-72.194
-72.001
-72.069
-72.137
-72.14
-71.995
-72.035
-71.655
-71.436
-71.017
-70.425
-70.18
-70.144
-69.638
-69.553
-68.991
-68.369
-67.486
-67.145
-66.622
-66.228
-65.4
-64.887
-64.338
-63.961
-63.61
-63.317
-63.074
-63.004
-62.627
-63.014
-65.35
-68.654
-71.563
-73.782
-75.471
-76.586
-77.242
-78.048
-78.672
-79.24
-79.196
-79.38
-79.509
-79.528
-79.172
-79.373
-79.281
-79.471
-79.405
-79.452
-79.477
-79.499
-79.527
-79.546
-79.058
-78.949
-78.621
-78.355
-77.929
-77.79
-77.667
-77.715
-77.747
-77.637
-77.74
-77.819
-77.84
-77.754
-77.759
-78.021
-78.306
-78.058
-77.831
-78.26
-78.361
-78.596
-78.597
-78.494
-78.257
-78.536
-78.596
-78.539
-78.716
-78.541
-78.437
-78.358
-78.65
-78.878
-78.895
-78.533
-78.365
-78.107
-77.986
-78.073
-77.806
-77.379
-77.332
-77.799
-77.692
-77.917
-77.992
-77.783
-77.437
-77.192
-77.383
-77.059
-77.177
-77.246
-77.107
-77.029
-77.075
-77.206
-77.227
-77.332
-77.373
-77.411
-77.126
-76.906
-76.936
-77.04
-76.951
-77.239
-77.272
-77.345
-77.45
-76.975
-76.348
-75.655
-75.109
-74.433
-74.031
-73.823
-73.501
-73.359
-73.259
-73.132
-72.812
-72.605
-72.503
-72.464
-72.485
-72.489
-72.654
-72.826
-73.192
-73.259
-73.576
-74.448
-74.946
-75.577
-75.898
-75.796
-76.016
-76.488
-76.497
-76.786
-76.879
-77.064
-77.301
-77.389
-77.44
-77.545
-77.505
-77.725
-77.901
-77.954
-77.903
-77.871
-77.823
-78.01
-78.212
-78.342
-78.535
-78.531
-78.732
-78.792
-78.745
-78.519
-78.639
-78.545
-78.92
-79.019
-78.844
-78.869
-78.872
-78.866
-78.798
-78.704
-78.682
-78.739
-78.55
-78.598
-78.268
-77.937
-77.73
-77.427
-77.382
-77.285
-77.399
-77.401
-77.452
-77.435
-77.479
-77.635
-77.565
-77.854
-77.603
-77.833
-77.952
-78.031
-78.358
-78.314
-78.433
-78.585
-78.658
-78.892
-78.636
-78.733
-78.938
-78.724
-78.932
-78.871
-78.84
-78.359
-77.543
-77.314
-76.814
-76.316
-76.139
-76.186
-75.86
-75.82
-75.908
-75.795
-75.8
-76.022
-75.811
-75.626
-75.56
-75.68
-75.371
-75.104
-75.169
-75.031
-74.998
-75.098
-74.941
-74.907
-75.043
-75.263
-75.209
-74.736
-74.225
-74.101
-74.067
-73.813
-73.553
-73.535
-72.908
-72.176
-71.649
-71.372
-70.877
-70.494
-70.612
-71.872
-73.548
-75.132
-75.878
-76.673
-77.221
-77.706
-77.905
-78.066
-77.847
-77.943
-78.236
-78.2
-78.152
-78.243
-78.249
-78.343
-78.522
-78.556
-78.44
-78.347
-78.735
-78.698
-78.572
-78.615
-78.804
-78.697
-78.731
-78.729
-78.584
-78.441
-78.39
-78.286
-78.289
-78.123
-77.965
-77.979
-77.817
-77.842
-77.58
-77.592
-77.525
-77.797
-77.836
-77.809
-77.987
-77.994
-77.902
-78.185
-78.239
-78.402
-78.373
-78.51
-78.528
-78.816
-78.869
-78.939
-78.878
-78.887
-79.074
-79.221
-79.138
-78.972
-78.924
-78.656
-78.159
-77.822
-77.37
-77.465
-77.112
-76.882
-76.818
-76.895
-77.007
-76.835
-77.051
-77.174
-77.143
-77.194
-77.361
-77.748
-77.902
-77.982
-77.95
-78.199
-78.137
-78.344
-78.607
-78.454
-78.538
-78.55
-78.505
-78.745
-78.762
-79.032
-78.978
-78.989
-79
-79.049
-79.029
-79.076
-78.741
-78.79
-78.54
-78.646
-78.579
-78.539
-78.701
-78.487
-78.392
-78.539
-78.526
-78.678
-78.807
-78.68
-78.845
-78.918
-79.129
-79.251
-79.074
-79.091
-79.142
-79.071
-79.092
-79.102
-79.179
-79.153
-79.423
-79.381
-79.22
-79.262
-79.3
-79.409
-79.342
-78.883
-78.803
-78.854
-79.022
-78.75
-78.454
-78.171
-77.903
-77.824
-77.593
-77.376
-77.307
-77.298
-77.387
-77.666
-77.769
-77.747
-77.887
-77.75
-78.013
-78.198
-78.371
-78.553
-78.463
-78.744
-78.78
-78.735
-78.869
-78.905
-79.009
-78.82
-78.975
-79.103
-78.933
-78.946
-78.889
-78.84
-79.077
-78.996
-79.09
-79.085
-79.134
-79.194
-79.25
-79.251
-79.359
-79.225
-79.433
-79.397
-79.441
-79.199
-79.245
-79.031
-79.233
-79.019
-79.096
-79.105
-79.33
-79.395
-79.469
-79.42
-79.445
-79.422
-79.587
-79.577
-79.429
-79.393
-79.309
-79.418
-79.457
-79.199
-79.503
-79.07
-79.247
-79.455
-79.473
-79.37
-79.346
-79.275
-79.333
-79.145
-79.142
-79.123
-79.096
-79.053
-79.045
-79.158
-79.15
-79.359
-79.288
-79.159
-79.164
-79.286
-79.389
-79.361
-79.363
-79.502
-79.662
-79.652
