-80.376
-80.451
-80.661
-80.688
-80.955
-80.955
-80.768
-80.681
-80.742
-80.871
-80.984
-80.932
-81.087
-81.358
-81.669
-81.384
-81.271
-81.148
-80.849
-80.898
-81.094
-81.014
-80.894
-80.735
-80.484
-80.339
-80.446
-80.084
-79.784
-79.813
-79.731
-79.774
-79.553
-79.597
-79.637
-79.549
-79.467
-79.344
-79.465
-79.573
-79.672
-79.393
-79.639
-79.686
-79.785
-79.838
-79.773
-79.845
-79.767
-79.552
-79.352
-79.334
-79.674
-79.8
-80.115
-80.054
-79.957
-80.115
-80.049
-80.288
-80.322
-80.591
-80.651
-80.747
-80.548
-80.532
-80.244
-80.204
-80.289
-80.352
-80.31
-80.286
-80.325
-80.229
-79.936
-79.907
-79.987
-79.871
-79.78
-79.553
-79.56
-79.534
-79.468
-79.471
-79.664
-79.53
-79.511
-79.316
-79.264
-79.221
-79.276
-79.002
-78.97
-79.172
-79.187
-79.261
-79.353
-79.4
-79.402
-79.292
-78.973
-78.802
-79.139
-79.101
-78.742
-78.612
-78.682
-78.689
-78.669
-78.899
-78.774
-78.656
-78.815
-78.605
-78.754
-78.727
-78.223
-78.22
-78.241
-78.209
-78.097
-78.125
-78.191
-78.365
-78.149
-77.984
-77.934
-77.838
-77.6
-77.578
-77.272
-76.959
-77
-76.903
-76.92
-76.85
-76.852
-76.723
-76.31
-76.288
-76.34
-76.322
-76.272
-76.095
-76.062
-76.265
-76.295
-76.069
-76.052
-75.838
-75.723
-75.716
-75.574
-75.717
-75.921
-76.322
-76.272
-76.19
-76.112
-76.44
-76.167
-76.028
-76.152
-76.084
-76.136
-76.329
-76.536
-76.422
-76.413
-76.647
-76.672
-76.752
-77.133
-77.344
-77.35
-77.498
-77.649
-77.584
-77.786
-77.949
-77.918
-77.941
-77.774
-77.756
-77.637
-77.29
-77.378
-77.18
-76.946
-77.135
-77.273
-77.355
-77.523
-77.559
-77.413
-77.303
-77.277
-77.329
-77.6
-77.858
-77.97
-77.865
-77.663
-77.798
-77.818
-77.713
-77.787
-77.713
-77.537
-77.668
-77.829
-77.763
-77.487
-77.612
-77.734
-77.681
-77.49
-77.107
-77.329
-77.055
-76.928
-77.289
-77.474
-77.488
-77.529
-77.54
-77.475
-77.495
-77.431
-77.384
-77.406
-77.764
-77.841
-78.012
-78.019
-78.147
-78.092
-78.089
-77.796
-77.513
-77.167
-77.05
-77.076
-76.873
-76.74
-76.748
-76.611
-76.634
-76.33
-76.055
-76.099
-76.255
-76.136
-75.9
-76.314
-76.165
-76.329
-76.241
-76.073
-75.691
-75.615
-75.764
-75.693
-75.776
-75.963
-76
-76.244
-76.397
-76.233
-76.223
-76.321
-76.449
-76.648
-76.716
-76.587
-76.548
-76.692
-76.561
-76.58
-76.173
-76.081
-76.079
-76.114
-76.092
-76.192
-76.085
-75.963
-75.803
-75.889
-75.778
-75.901
-76.104
-75.897
-75.903
-76.018
-76.121
-76.227
-76.101
-76.229
-76.447
-76.831
-76.919
-76.813
-77.032
-77.259
-77.274
-77.017
-76.652
-76.744
-76.781
-76.776
-76.77
-76.79
-76.93
-76.864
-76.796
-77.397
-77.163
-77.293
-77.237
-77.185
-76.651
-76.479
-76.297
-76.011
-75.576
-75.335
-75.23
-74.749
-74.329
-74.047
-73.895
-73.627
-73.487
-73.154
-72.958
-72.839
-72.906
-72.778
-72.453
-72.089
-72.027
-72.054
-72.004
-71.749
-71.652
-71.511
-71.567
-71.219
-70.989
-70.949
-70.627
-70.588
-70.495
-70.449
-70.354
-70.391
-70.25
-70.262
-69.953
-69.865
-69.381
-69.267
-69.043
-68.834
-68.298
-67.995
-67.585
-67.37
-66.846
-66.429
-66.228
-65.966
-65.846
-65.813
-65.74
-65.538
-65.376
-65.335
-65.462
-65.242
-65.049
-64.811
-64.917
-65.055
-64.901
-64.685
-64.429
-64.656
-64.718
-64.608
-64.676
-64.622
-64.682
-64.666
-64.571
-64.179
-64.176
-63.984
-64.073
-64.173
-64.08
-64.046
-64.059
-63.927
-64.042
-63.959
-63.743
-63.796
-63.664
-63.626
-63.511
-63.484
-63.135
-63.447
-63.373
-63.657
-63.532
-63.476
-63.427
-63.503
-63.477
-63.362
-63.195
-62.723
-62.746
-62.507
-62.697
-62.563
-62.562
-62.763
-62.717
-62.793
-62.8
-62.727
-62.612
-62.834
-62.886
-62.722
-62.615
-62.596
-62.679
-62.695
-62.853
-62.89
-63.067
-63.281
-63.402
-63.427
-63.536
-63.683
-63.68
-63.723
-63.983
-64.034
-64.192
-63.934
-63.919
-63.666
-63.693
-63.845
-63.59
-63.812
-63.955
-63.73
-63.656
-63.728
-63.923
-64.067
-64.028
-64.375
-64.091
-63.999
-64.011
-64.205
-64.543
-64.77
-65.005
-64.816
-64.83
-64.662
-64.643
-64.678
-64.809
-64.998
-64.967
-65.196
-65.429
-65.382
-65.424
-65.509
-65.648
-65.807
-65.894
-65.864
-65.743
-65.655
-65.946
-65.919
-65.908
-65.829
-65.427
-65.264
-65.545
-65.714
-65.621
-65.728
-65.688
-65.804
-65.817
-65.798
-65.605
-65.263
-65.374
-65.374
-65.358
-65.473
-65.624
-65.645
-65.823
-66.063
-66.351
-66.104
-65.932
-65.922
-65.882
-66.235
-66.3
-66.137
-65.901
-65.897
-65.723
-65.643
-65.986
-65.794
-65.546
-65.447
-65.508
-65.351
-65.168
-65.143
-65.318
-65.291
-65.472
-65.597
-65.594
-66.134
-68.58
-71.313
-73.537
-75.468
-77.074
-77.988
-78.502
-79.011
-79.501
-79.888
-79.735
-79.886
-79.85
-79.945
-80.026
-80.221
-80.235
-80.295
-80.305
-80.351
-80.391
-80.159
-80.223
-80.286
-80.258
-80.142
-79.836
-80.172
-80.001
-80.112
-79.842
-79.817
-79.705
-79.546
-79.335
-79.146
-79.101
-79.132
-79.214
-79.095
-78.888
-78.82
-78.228
-78.284
-78.204
-78.004
-78.044
-78.025
-78.106
-77.906
-77.961
-77.985
-78.18
-78.303
-78.584
-78.377
-78.512
-78.381
-78.478
-78.672
-78.507
-78.375
-78.609
-78.925
-79.158
-79.324
-79.285
-79.25
-79.556
-79.377
-79.526
-79.597
-79.54
-79.314
-79.675
-79.604
-79.681
-79.635
-79.85
