-81.806
-81.741
-81.705
-81.621
-81.666
-81.687
-81.752
-81.618
-81.676
-81.655
-81.862
-81.9
-81.877
-81.779
-81.683
-81.461
-81.309
-81.103
-81.35
-81.278
-81.454
-81.561
-81.737
-82.09
-82.224
-82.266
-82.14
-82.142
-82.331
-82.473
-82.192
-82.419
-82.402
-82.65
-82.473
-82.295
-82.361
-82.227
-81.759
-81.885
-81.783
-81.729
-81.502
-81.275
-81.498
-81.525
-81.388
-81.475
-81.457
-81.466
-81.12
-81.195
-81.329
-81.679
-81.522
-81.511
-81.522
-81.526
-81.675
-81.703
-81.653
-81.557
-81.418
-81.497
-81.8
-82.048
-82.362
-81.849
-81.612
-81.805
-81.994
-81.923
-81.97
-81.877
-81.975
-81.956
-81.979
-81.825
-81.456
-81.567
-81.394
-81.213
-80.967
-81.19
-81.22
-81.27
-81.081
-81.163
-81.379
-81.191
-81.23
-81.193
-81.041
-81.307
-81.17
-80.883
-80.827
-80.542
-80.622
-80.572
-80.557
-80.782
-80.742
-80.918
-80.9
-80.684
-80.772
-80.512
-80.712
-80.457
-80.63
-80.381
-80.476
-80.317
-80.463
-80.477
-80.726
-80.954
-80.975
-80.821
-80.714
-80.53
-80.223
-80.122
-80.095
-80.199
-80.084
-80.241
-80.242
-80.147
-79.921
-79.984
-79.881
-79.895
-79.855
-79.89
-80.027
-80.064
-79.871
-80.244
-80.252
-80.421
-80.649
-80.514
-80.442
-80.312
-80.561
-80.377
-80.725
-80.84
-81.03
-80.889
-80.846
-80.768
-80.791
-80.779
-80.716
-80.894
-80.874
-80.712
-80.49
-80.627
-80.454
-80.224
-80.396
-80.233
-80.364
-80.528
-80.538
-80.695
-80.402
-80.139
-79.889
-79.886
-79.905
-79.993
-79.762
-79.666
-79.718
-79.615
-79.499
-79.409
-79.568
-79.655
-79.527
-79.45
-79.297
-79.416
-79.394
-79.679
-79.734
-79.316
-79.607
-79.835
-80.22
-80.151
-80.147
-80.27
-80.015
-79.814
-79.658
-79.738
-79.607
-79.453
-79.714
-79.524
-79.842
-79.52
-79.483
-79.712
-79.911
-79.85
-80.126
-80.087
-79.974
-79.982
-80.134
-80.079
-79.922
-79.96
-80.081
-79.903
-79.734
-79.912
-79.967
-79.826
-80.029
-80.041
-80.115
-80.156
-80.199
-80.457
-80.434
-80.536
-80.278
-80.202
-80.227
-80.161
-80.375
-80.331
-80.445
-80.547
-80.443
-80.422
-80.382
-80.399
-80.419
-80.298
-80.266
-80.352
-80.219
-80.091
-80.077
-80.106
-80.416
-80.551
-80.786
-80.562
-80.61
-80.812
-80.792
-80.522
-80.764
-80.979
-81.191
-81.457
-81.447
-81.285
-81.017
-81.029
-81.303
-81.177
-81.195
-81.466
-81.394
-81.36
-81.451
-81.484
-81.113
-81.249
-81.429
-81.808
-81.758
-81.637
-81.755
-81.897
-82.009
-82.151
-82.272
-82.354
-82.192
-82.315
-82.339
-82.586
-82.626
-82.746
-82.809
-82.643
-82.641
-82.471
-82.538
-82.365
-82.333
-82.102
-82.263
-82.221
-82.381
-82.299
-82.292
-82.201
-82.125
-81.904
-81.769
-81.709
-81.511
-81.502
-81.625
-81.339
-81.231
-81.416
-81.363
-81.035
-80.751
-80.634
-80.286
-80.108
-80.01
-79.758
-79.488
-79.2
-78.869
-78.607
-78.532
-78.5
-78.394
-78.312
-77.991
-77.747
-77.708
-77.693
-77.465
-77.434
-77.263
-77.149
-76.83
-76.758
-76.542
-76.196
-76.261
-76.173
-76.042
-75.666
-75.419
-75.258
-74.952
-74.73
-74.813
-74.697
-74.904
-74.68
-74.57
-74.471
-74.317
-74.266
-74.22
-74.276
-74.698
-74.976
-74.678
-75.068
-75.335
-75.537
-75.644
-75.528
-75.398
-75.444
-75.187
-75.11
-74.703
-74.471
-74.55
-74.583
-74.88
-74.718
-74.501
-74.645
-74.601
-74.492
-74.27
-74.191
-74.227
-74.13
-74.149
-74.071
-74.131
-74.246
-74.335
-74.279
-74.069
-73.837
-73.939
-73.708
-73.976
-73.799
-73.859
-73.951
-73.882
-73.959
-73.756
-73.87
-73.944
-73.86
-73.844
-73.794
-73.965
-74.056
-73.971
-73.773
-73.509
-73.537
-73.701
-73.791
-73.968
-73.944
-74.03
-73.859
-74.006
-74.16
-74.191
-74.011
-73.969
-74.068
-74.139
-74.271
-74.135
-74.11
-74.175
-74.229
-74.33
-74.598
-74.455
-74.368
-74.522
-74.618
-74.65
-74.797
-75.202
-75.368
-75.183
-75.286
-75.139
-75.117
-75.091
-74.752
-75.006
-74.987
-74.976
-74.878
-74.958
-75.293
-75.057
-75.116
-75.02
-74.967
-74.96
-74.848
-74.945
-74.928
-75.038
-75.237
-75.104
-75.337
-75.362
-75.256
-75.106
-75.136
-75.194
-75.431
-75.178
-75.185
-75.253
-75.081
-75.182
-74.91
-74.915
-75.023
-75.125
-75.16
-75.028
-74.852
-74.868
-74.431
-74.192
-73.564
-73.517
-73.238
-73.117
-72.844
-72.531
-72.316
-72.123
-71.931
-71.562
-71.272
-71.095
-70.733
-70.655
-70.662
-70.733
-70.712
-70.988
-71.256
-71.097
-71.147
-70.834
-70.849
-70.888
-70.654
-70.577
-70.229
-70.357
-70.311
-70.369
-69.982
-69.887
-69.948
-70.109
-69.831
-69.606
-69.381
-69.318
-69.105
-69.034
-68.981
-69.167
-69.134
-69.002
-69.174
-69.076
-69.091
-69.235
-69.026
-68.911
-68.806
-68.47
-68.519
-68.369
-68.253
-68.341
-68.34
-68.149
-67.992
-67.468
-67.448
-67.581
-67.677
-67.735
-67.845
-67.776
-67.513
-67.493
-67.572
-67.372
-67.128
-67.275
-67.175
-67.266
-67.286
-67.201
-67.278
-67.118
-67.245
-67.386
-67.221
-67.23
-67.082
-67.275
-67.445
-67.436
-66.99
-67.086
-67
-67.081
-66.765
-66.628
-66.93
-67.043
-67.067
-66.853
-66.841
-66.808
-66.652
-66.468
-66.614
-66.462
-66.586
-66.45
-66.597
-66.536
-66.873
-67.146
-66.95
-66.676
-66.818
-66.913
-66.924
-66.878
-66.873
-66.752
-66.783
-66.86
-66.939
-66.91
-66.908
-66.81
-67.014
-66.725
-66.534
-66.589
-66.754
-66.769
-66.82
-66.761
-66.703
-66.72
-66.565
