-78.834
-78.739
-78.569
-78.555
-78.692
-78.849
-79.083
-78.814
-78.715
-79.119
-79.218
-79.285
-79.164
-79.212
-79.391
-79.052
-78.92
-78.917
-78.998
-78.995
-78.844
-79.013
-79.152
-79.105
-79.525
-79.566
-79.625
-79.826
-79.938
-79.783
-79.99
-79.944
-79.641
-79.588
-79.667
-79.716
-79.648
-79.717
-79.547
-79.414
-79.672
-79.627
-79.366
-79.378
-79.545
-79.549
-79.521
-79.65
-79.609
-79.68
-79.647
-79.871
-79.708
-79.833
-80.156
-80.233
-80.403
-80.423
-80.143
-80.05
-80.136
-80.066
-80.245
-80.147
-80.165
-80.051
-79.957
-79.68
-79.856
-79.927
-80.121
-79.926
-79.865
-79.989
-80.293
-80.254
-80.01
-79.984
-79.848
-79.376
-79.159
-79.279
-79.055
-79.095
-79.153
-79.111
-79.204
-79.222
-79.166
-79.103
-79.049
-79.401
-79.276
-79.569
-79.718
-79.582
-79.86
-79.69
-79.646
-79.512
-79.829
-79.741
-79.795
-79.848
-79.994
-79.964
-79.832
-79.637
-79.617
-79.658
-79.507
-79.719
-79.844
-80.226
-80.588
-80.449
-80.489
-80.847
-80.641
-80.646
-80.491
-80.696
-80.89
-80.596
-80.724
-80.36
-80.3
-80.642
-80.764
-80.816
-80.471
-80.521
-80.591
-80.531
-80.554
-80.513
-80.294
-80.455
-80.3
-80.187
-80.149
-80.351
-80.477
-80.546
-80.738
-80.744
-80.477
-80.538
-80.461
-80.518
-80.563
-80.343
-80.365
-80.303
-80.173
-79.992
-80.032
-79.772
-80.231
-80.056
-79.851
-79.796
-79.81
-79.981
-79.869
-79.881
-80.129
-80.482
-80.527
-80.655
-80.898
-80.765
-80.483
-80.624
-80.85
-81.01
-81.144
-80.991
-81.174
-81.42
-81.18
-81.091
-80.657
-80.642
-80.724
-80.618
-80.493
-80.519
-80.563
-80.553
-80.235
-80.309
-79.993
-80.076
-79.937
-80.094
-80.038
-79.995
-80.049
-80.003
-80.181
-80.348
-80.436
-80.243
-80.033
-79.978
-79.871
-79.734
-79.619
-79.98
-79.857
-79.649
-79.626
-79.584
-79.497
-79.355
-79.394
-79.225
-79.775
-79.926
-79.855
-79.956
-80.003
-80.207
-80.016
-80.004
-80.34
-80.352
-80.322
-80.266
-80.013
-79.892
-79.789
-79.581
-79.301
-79.371
-79.393
-79.399
-79.527
-79.777
-79.358
-79.611
-79.531
-79.723
-79.693
-80.014
-79.978
-79.945
-79.853
-79.886
-80.005
-79.866
-79.879
-80.08
-80.216
-80.269
-80.094
-79.864
-80.108
-80.131
-80.379
-80.377
-80.374
-80.247
-80.424
-80.52
-80.662
-80.596
-80.706
-80.598
-80.494
-80.347
-80.584
-80.732
-80.463
-80.358
-80.276
-80.122
-80.344
-80.12
-80.085
-80.123
-79.964
-80.054
-79.687
-79.564
-79.441
-79.352
-79.547
-79.35
-79.243
-79.295
-79.009
-78.834
-78.64
-78.796
-78.701
-78.598
-78.47
-78.318
-78.169
-78.087
-77.882
-77.85
-77.936
-77.826
-77.829
-77.574
-77.727
-77.858
-77.837
-77.928
-77.553
-77.558
-77.817
-77.97
-77.801
-77.664
-77.816
-77.717
-77.896
-77.944
-78.223
-78.018
-77.908
-77.762
-77.804
-77.739
-78.014
-77.985
-77.699
-77.48
-77.625
-77.456
-77.092
-76.858
-76.832
-76.682
-76.708
-76.525
-76.565
-76.406
-76.386
-76.58
-76.429
-76.203
-76.156
-76.036
-76.031
-76.194
-76.203
-76.227
-76.286
-76.473
-76.483
-76.399
-76.435
-76.504
-76.297
-76.15
-76.346
-76.449
-76.397
-76.733
-76.837
-77.135
-76.927
-77.173
-77.044
-76.772
-76.814
-76.14
-75.622
-75.519
-75.376
-74.939
-74.748
-74.47
-74.072
-73.716
-73.503
-73.266
-73.163
-72.939
-72.5
-72.181
-72.122
-72.197
-72.127
-71.893
-71.893
-71.535
-71.213
-71.054
-70.971
-71.07
-70.765
-70.51
-70.474
-70.539
-70.39
-70.54
-70.537
-70.541
-70.208
-70.078
-70.079
-70.055
-70.199
-70.129
-69.733
-69.454
-69.029
-68.772
-68.575
-68.142
-67.467
-67.273
-66.865
-66.379
-66.41
-65.973
-65.539
-65.36
-65.12
-65.013
-64.685
-64.335
-63.974
-63.879
-63.637
-63.492
-63.566
-63.483
-63.422
-63.563
-63.757
-63.663
-63.444
-63.458
-63.231
-62.953
-62.983
-62.983
-62.792
-63.112
-63.037
-63.057
-62.732
-62.711
-62.737
-62.852
-62.612
-62.798
-62.823
-62.801
-62.678
-63.134
-62.975
-62.966
-62.95
-63.196
-63.005
-63.212
-63.089
-63.287
-63.209
-63.169
-62.804
-62.681
-62.778
-62.693
-62.414
-62.316
-62.298
-62.218
-62.431
-62.359
-62.463
-62.438
-62.373
-62.341
-62.386
-62.425
-62.591
-62.431
-62.455
-62.033
-62.027
-61.785
-61.909
-61.667
-61.534
-61.654
-61.887
-61.358
-61.007
-61.004
-61.091
-61.089
-61.126
-61.202
-61.131
-61.131
-60.743
-60.991
-61.034
-61.225
-61.242
-61.161
-61.315
-61.458
-61.157
-61.167
-60.923
-61.313
-61.216
-61.406
-61.397
-61.462
-61.427
-61.481
-61.584
-61.604
-61.517
-61.673
-61.734
-61.392
-61.371
-61.284
-61.298
-61.59
-61.663
-61.535
-61.588
-61.912
-62.138
-62.081
-62.346
-62.226
-62.101
-61.929
-61.967
-61.745
-61.488
-61.642
-61.665
-61.721
-61.846
-62.164
-62.134
-61.978
-62.128
-62.154
-62.33
-62.206
-62.229
-62.547
-62.306
-62.264
-62.232
-62.307
-62.191
-62.05
-62.15
-62.018
-61.943
-62.132
-62.091
-61.761
-61.733
-61.644
-61.961
-61.944
-61.825
-61.819
-61.921
-61.898
-62.041
-61.984
-61.842
-62.081
-62.127
-61.891
-62.016
-61.984
-62.087
-62.186
-62.439
-62.42
-62.294
-62.427
-62.331
-62.644
-62.553
-62.581
-62.817
-62.846
-62.744
-62.916
-63.081
-63.312
-63.553
-63.566
-63.329
-63.815
-63.609
-63.527
-63.298
-63.478
-63.368
-63.49
-63.496
-63.56
-63.353
-63.532
-63.468
-63.622
-63.44
-63.319
-63.073
-63.354
-63.441
-63.556
-63.627
-63.748
