-73.088
-73.039
-72.87
-72.901
-72.888
-72.965
-73.058
-73.279
-73.396
-73.143
-72.918
-72.975
-73.197
-73.379
-73.307
-73.55
-73.529
-73.703
-73.864
-74.309
-74.193
-73.917
-73.868
-74.089
-74.286
-73.939
-73.883
-74.059
-73.96
-74.009
-74.119
-74.101
-74.029
-74.097
-74.106
-74.373
-74.215
-74.225
-74.202
-74.32
-74.453
-74.505
-74.536
-74.279
-74.393
-74.654
-74.888
-75.068
-74.896
-74.646
-74.637
-74.738
-74.843
-75.068
-74.832
-74.451
-74.579
-74.365
-74.376
-74.172
-74.11
-74.325
-74.345
-74.398
-74.311
-74.268
-74.607
-74.432
-74.48
-74.519
-74.96
-74.759
-74.812
-74.466
-74.394
-74.364
-74.204
-74.19
-74.271
-74.562
-74.641
-74.735
-74.678
-74.62
-74.637
-74.704
-74.655
-74.931
-75.087
-74.994
-75.271
-75.126
-75.235
-75.317
-75.236
-75.245
-75.382
-75.231
-75.25
-75.239
-75.375
-75.171
-75.047
-74.96
-75.118
-75.442
-75.066
-75.636
-75.729
-75.54
-75.768
-75.987
-76.007
-75.968
-75.71
-75.692
-75.852
-75.851
-76.073
-75.893
-75.841
-75.998
-76.372
-76.11
-75.96
-75.984
-76.03
-76.095
-75.747
-75.545
-75.482
-75.473
-75.31
-75.19
-75.015
-75.046
-74.919
-74.795
-74.598
-74.286
-74.378
-74.48
-74.482
-74.541
-74.37
-74.438
-74.158
-74.031
-74.19
-73.903
-73.954
-74.297
-74.233
-74.087
-74.209
-74.296
-74.435
-74.525
-74.501
-74.625
-74.525
-74.438
-74.225
-74.17
-74.039
-74.107
-74.39
-74.345
-74.382
-74.516
-74.641
-74.643
-74.463
-74.374
-74.478
-74.731
-74.957
-74.871
-74.628
-74.687
-74.842
-74.769
-74.842
-74.931
-74.935
-74.814
-74.689
-75.035
-74.873
-75.268
-75.292
-75.091
-75.122
-75.255
-74.924
-75.08
-74.948
-74.649
-74.827
-74.801
-74.748
-74.835
-74.824
-74.396
-74.359
-74.468
-74.593
-74.693
-74.811
-74.922
-75.05
-75.299
-74.934
-75.052
-75.126
-74.985
-74.851
-74.903
-74.776
-74.78
-74.762
-74.811
-75.129
-75.178
-75.131
-74.907
-74.582
-74.43
-74.559
-74.792
-74.268
-74.719
-74.438
-74.515
-74.311
-74.118
-74.26
-74.305
-74.116
-74.221
-74.412
-74.481
-74.447
-74.237
-74.319
-74.325
-74.419
-74.314
-74.288
-74.042
-74.046
-73.677
-73.474
-73.356
-73.342
-72.924
-73.027
-73.298
-73.455
-73.344
-73.377
-73.107
-72.924
-73.024
-72.708
-71.982
-71.26
-70.708
-69.862
-68.97
-68.292
-67.615
-66.785
-66.042
-65.18
-64.962
-64.615
-64.001
-63.35
-63.004
-62.384
-61.82
-61.49
-61.035
-60.951
-60.417
-60.154
-59.824
-59.503
-59.137
-58.954
-58.795
-58.146
-57.808
-57.303
-56.381
-55.465
-54.769
-53.969
-53.2
-52.342
-51.603
-50.711
-50.145
-49.302
-48.856
-48.091
-47.41
-46.35
-45.217
-45
-45
-45
-45
-45
-45
-45
-45
-45
-45
-45
-45
-45
-50.221
-61.937
-69.116
-73.28
-75.804
-77.403
-78.161
-78.667
-79.196
-79.345
-79.435
-79.594
-79.518
-79.334
-79.502
-79.627
-79.539
-79.523
-79.758
-79.967
-80.15
-80.033
-79.866
-79.869
-79.859
-79.682
-79.51
-79.404
-79.386
-79.243
-79.491
-79.642
-79.55
-79.747
-79.529
-79.596
-79.053
-78.596
-77.865
-77.745
-77.467
-77.276
-76.666
-76.742
-76.759
-76.905
-76.839
-76.769
-76.854
-77.002
-77.187
-76.962
-77.193
-77.275
-77.348
-77.651
-77.727
-77.883
-77.738
-77.825
-78.005
-77.899
-78.04
-77.942
-78.105
-78.064
-78.059
-78.095
-78.151
-78.08
-78.019
-78.078
-78.166
-78.18
-78.191
-78.271
-78.298
-78.374
-78.471
-78.565
-78.797
-78.835
-79.121
-79.022
-78.937
-78.85
-78.755
-79.117
-79.254
-79.315
-79.199
-79.096
-79.083
-79.047
-79.464
-79.473
-79.39
-79.362
-79.309
-79.267
-79.263
-79.32
-79.335
-79.821
-79.717
-79.577
-79.379
-79.188
-79.357
-79.371
-79.277
-79.493
-79.113
-79.294
-79.154
-79.195
-79.262
-79.499
-79.582
-79.612
-79.457
-79.617
-79.683
-79.523
-79.836
-79.808
-79.619
-79.516
-79.272
-79.052
-79.062
-78.794
-78.913
-78.902
-79.319
-79.59
-79.276
-79.436
-79.38
-79.673
-79.911
-79.697
-79.442
-79.376
-79.451
-79.509
-79.425
-79.648
-79.709
-79.681
-79.622
-79.549
-79.44
-79.539
-79.556
-79.727
-79.551
-79.749
-79.507
-79.615
-79.32
-79.191
-79.326
-79.323
-79.361
-79.447
-79.502
-79.575
-79.386
-79.426
-79.343
-79.582
-79.776
-79.836
-79.84
-79.963
-79.832
-80.009
-79.93
-79.869
-79.896
-79.584
-79.534
-79.706
-79.53
-79.361
-79.433
-79.215
-79.258
-79.103
-78.929
-78.897
-79.187
-79.239
-79.18
-79.386
-79.217
-79.378
-79.641
-79.463
-79.395
-79.061
-79.503
-79.445
-79.47
-79.644
-79.694
-79.714
-79.934
-79.989
-79.856
-79.817
-79.786
-79.462
-79.485
-79.595
-79.387
-79.4
-79.615
-79.7
-79.699
-79.804
-79.6
-79.698
-79.395
-79.37
-79.335
-79.606
-79.459
-79.733
-79.482
-79.412
-79.163
-79.36
-79.588
-79.594
-79.56
-79.803
-79.68
-80.032
-80.181
-80.073
-80.251
-80.252
-80.32
-80.31
-80.414
-80.187
-80.445
-80.375
-80.343
-80.163
-80.006
-80.047
-79.727
-79.797
-79.975
-79.831
-79.858
-79.448
-79.692
-79.591
-79.427
-79.277
-79.226
-79.181
-79.177
-79.436
-79.531
-79.388
-79.479
-79.059
-79.113
-79.309
-79.583
-79.338
-79.485
-79.349
-79.371
-79.186
-79.055
-78.695
-78.89
-78.876
-79.213
-79.052
-79.278
-79.692
-79.823
-80.168
-79.772
-79.801
-79.682
-79.866
-79.732
-79.759
-79.743
-79.575
-79.365
-79.336
-79.441
-79.445
-79.707
