-73.482
-73.312
-73.698
-73.5
-73.476
-73.394
-73.324
-73.32
-73.412
-73.675
-73.815
-73.973
-73.984
-73.957
-73.807
-73.931
-74.047
-73.79
-73.501
-73.46
-73.634
-73.757
-73.77
-73.729
-73.846
-73.852
-73.827
-73.706
-73.715
-73.585
-73.647
-73.809
-73.633
-73.662
-73.694
-73.455
-73.388
-73.313
-73.462
-73.575
-73.543
-73.611
-73.676
-73.601
-73.458
-73.611
-73.685
-73.766
-73.678
-73.744
-73.834
-73.944
-73.887
-73.601
-73.566
-73.279
-73.224
-73.237
-73.107
-73.042
-73.336
-73.041
-73.145
-73.15
-73.082
-72.773
-72.862
-72.997
-72.946
-73.049
-72.861
-72.902
-72.976
-73.196
-73.314
-73.276
-73.027
-73.105
-73.448
-73.093
-73.367
-73.495
-73.375
-73.593
-73.701
-73.988
-74.095
-74.297
-74.467
-74.53
-74.716
-74.423
-74.561
-74.482
-74.632
-74.454
-74.375
-74.497
-74.465
-74.561
-74.588
-74.283
-74.231
-74.511
-74.675
-74.589
-74.817
-75.053
-75.001
-74.762
-74.896
-74.673
-74.66
-74.583
-74.687
-74.872
-74.7
-74.78
-74.441
-74.633
-74.551
-74.398
-74.546
-75.048
-74.944
-74.709
-74.723
-74.419
-74.484
-74.276
-74.156
-74.337
-74.209
-73.94
-74.058
-74.178
-74.319
-74.4
-74.733
-74.727
-74.9
-74.548
-74.601
-74.489
-74.373
-74.23
-74.067
-73.998
-73.84
-73.751
-73.69
-73.564
-73.462
-73.422
-73.261
-73.413
-73.647
-73.702
-73.721
-73.806
-73.79
-73.751
-73.955
-73.799
-73.283
-73.366
-73.237
-73.208
-73.139
-73.05
-72.826
-72.69
-72.594
-72.47
-72.655
-72.478
-72.422
-72.319
-72.404
-72.086
-71.874
-71.865
-71.931
-71.923
-71.968
-72.062
-71.872
-71.986
-72.107
-71.877
-72.022
-71.777
-71.976
-71.926
-71.818
-71.801
-71.461
-71.53
-71.247
-70.972
-70.979
-71.039
-70.868
-70.976
-71.324
-71.745
-71.783
-71.423
-71.474
-71.423
-71.582
-71.451
-71.34
-71.296
-71.489
-71.667
-71.696
-71.727
-71.92
-71.761
-71.705
-71.952
-71.719
-71.838
-71.792
-71.656
-71.693
-72.186
-72.27
-72.369
-72.51
-72.55
-72.236
-72.582
-72.809
-72.72
-72.392
-72.459
-72.641
-72.371
-72.456
-72.47
-72.281
-72.066
-71.891
-71.698
-72.068
-72.091
-72.155
-72.038
-72.295
-72.379
-72.437
-72.242
-72.491
-73.341
-74.469
-75.862
-77.014
-77.997
-78.367
-78.857
-79.318
-79.361
-79.431
-79.883
-79.976
-79.697
-79.567
-79.918
-79.753
-79.837
-79.642
-79.757
-79.831
-79.967
-79.858
-80.018
-79.943
-79.744
-79.823
-79.656
-79.749
-80.034
-80.305
-80.129
-80.158
-80.11
-79.911
-79.999
-79.856
-79.717
-79.766
-79.792
-79.501
-79.685
-79.613
-79.689
-79.575
-79.691
-79.46
-79.631
-79.72
-79.456
-79.531
-79.569
-79.569
-79.715
-79.982
-79.755
-79.905
-79.739
-79.506
-79.728
-79.622
-79.676
-79.925
-79.915
-79.952
-79.923
-80.006
-79.92
-79.403
-79.416
-79.138
-79.385
-79.379
-79.523
-79.631
-79.804
-80.048
-80.101
-80.031
-80.137
-80.468
-80.235
-80.091
-79.82
-79.671
-79.742
-79.813
-79.907
-79.676
-79.634
-79.598
-79.616
-79.511
-79.347
-79.327
-79.544
-79.717
-79.846
-80.009
-79.732
-79.616
-79.457
-79.52
-79.407
-79.572
-79.485
-79.542
-79.505
-79.73
-79.628
-79.888
-79.831
-79.803
-79.753
-79.707
-79.701
-79.648
-79.463
-79.64
-79.87
-79.866
-79.832
-80.118
-80.068
-80.078
-80.085
-79.958
-79.708
-79.806
-79.608
-80.091
-79.952
-79.79
-79.756
-79.752
-79.784
-79.755
-79.565
-79.406
-79.458
-79.643
-79.42
-79.332
-79.175
-79.372
-79.326
-79.127
-79.102
-79.097
-79.182
-79.076
-79.228
-79.274
-79.233
-79.424
-79.636
-79.605
-79.57
-79.59
-79.323
-79.203
-79.167
-79.087
-79.204
-79.357
-79.491
-79.496
-79.496
-79.441
-79.488
-79.446
-79.337
-79.019
-79.103
-78.67
-78.136
-77.52
-76.735
-76.261
-75.165
-74.372
-73.886
-73.497
-73.215
-72.89
-72.553
-72.266
-71.9
-71.838
-71.683
-71.561
-71.349
-71.217
-71.143
-71.344
-71.772
-71.643
-71.725
-71.77
-71.809
-71.881
-72.237
-72.48
-72.591
-72.55
-72.719
-72.864
-72.892
-73.062
-73.195
-73.11
-73.21
-73.344
-73.67
-73.784
-73.861
-73.844
-74.336
-74.611
-74.491
-74.532
-74.545
-74.587
-74.692
-74.529
-74.145
-74.084
-74.011
-74.186
-74.158
-73.981
-74.074
-74.099
-74.149
-73.993
-74.26
-74.354
-74.524
-74.433
-74.864
-74.723
-75.167
-75.008
-75.212
-75.197
-75.538
-75.658
-75.477
-75.757
-75.956
-75.955
-76.091
-76.319
-76.512
-76.507
-76.429
-76.22
-76.132
-76.074
-76.384
-76.466
-76.427
-76.567
-76.636
-76.593
-76.467
-76.562
-76.484
-76.402
-76.339
-76.353
-76.121
-75.972
-75.904
-75.911
-76.11
-76.233
-76.531
-76.416
-76.251
-76.296
-76.414
-76.355
-76.425
-76.443
-76.552
-76.299
-76.337
-76.544
-76.61
-76.693
-76.996
-77.377
-77.557
-77.666
-77.522
-77.727
-77.632
-77.705
-77.97
-77.738
-77.755
-77.412
-77.288
-77.512
-77.737
-77.412
-77.525
-77.507
-77.549
-77.555
-77.949
-77.973
-77.991
-78.276
-78.157
-77.934
-77.554
-76.853
-75.941
-74.955
-74.05
-73.225
-72.391
-71.601
-70.886
-70.373
-69.737
-69.337
-68.574
-68.4
-67.667
-67.022
-66.393
-66.334
-66.078
-65.932
-65.936
-65.79
-65.463
-65.37
-65.542
-65.042
-65.197
-65.225
-65.485
-65.268
-65.267
-65.128
-65.166
-64.742
-65.056
-64.996
-64.651
-64.816
-64.618
-64.734
-64.872
-65.016
-64.815
-65.03
-65.419
-65.422
-65.465
-65.583
-65.846
-66.187
-66.447
-66.272
-66.719
-66.968
-67.166
-67.038
-67.103
-67.344
-67.402
-67.386
-67.289
-67.56
-67.558
-67.292
-67.655
-67.441
-67.489
-67.323
-67.38
-67.55
-67.445
-67.616
-67.911
-67.879
-67.934
-67.904
-67.889
-68.035
-68.03
-68.173
-68.375
-68.532
-68.553
-68.542
-68.83
-68.687
-68.859
-69.065
-69.451
-69.503
-69.428
-69.429
-69.468
-69.533
-69.326
-69.131
-69.34
-69.376
-69.302
-69.371
-69.452
-69.318
-69.389
-69.408
-69.392
-69.536
-69.625
-69.855
-69.79
-69.878
-69.91
-69.872
-69.819
-69.691
-69.45
-69.611
-69.742
-69.611
-69.426
-69.606
-69.634
-69.649
-69.849
-69.696
-69.628
-69.719
-69.777
-69.973
-70.161
-69.889
-69.856
-70.096
-70.18
-70.47
-70.856
-70.958
-71.086
-71.033
-71.199
-71.508
-71.461
-71.402
-71.708
-71.54
-71.731
-71.582
-71.357
-71.511
-71.654
-71.795
-71.864
-71.995
-72.116
-72.36
-72.411
-72.543
-72.478
-72.558
-72.638
-72.773
-72.617
-72.357
-72.537
-72.666
-72.596
-72.547
-72.714
-72.645
-72.861
-73.003
-72.989
-73.049
-72.997
-72.884
-72.905
-72.934
-72.955
-72.769
-72.935
-73.248
-73.274
-73.204
-73.145
-73.046
-72.861
-73.037
-73.208
-73.129
-73.386
-73.374
-73.434
-73.52
-73.575
-73.547
-73.391
-73.565
-73.518
-73.671
-73.526
-73.588
-73.373
-73.006
-73.186
-73.452
-73.335
-73.236
-73.359
-73.404
-73.441
-73.256
-73.283
-73.398
-73.351
-73.247
-73.382
-73.48
-73.688
-73.754
-73.841
-73.67
-73.492
-73.632
-73.689
-73.595
-73.334
-73.383
-73.26
-73.267
-73.317
-72.985
-72.928
-72.838
-73.05
-73.154
-73.192
-73.356
-73.485
-73.316
-73.332
-73.226
-73.131
-73.205
-73.044
-73.531
-73.658
-73.649
-73.702
-73.565
-73.595
-73.53
-73.052
-73.346
-73.113
-73.038
-72.881
-72.596
-72.769
-72.116
-72.452
-72.266
-71.785
-71.631
-71.792
-71.974
-71.85
-71.76
-71.93
-71.992
-71.906
-72.156
-72.146
-72.442
-72.255
-72.077
-71.937
-72.033
-71.874
-71.948
-72.048
-71.942
-72.058
-72.313
-72.42
-72.312
-72.021
-72.131
-72.196
-72.149
-72.18
-72.292
-72.13
-72.336
-72.283
-72.23
-72.227
-72.469
-72.357
-72.257
-72.399
-72.39
-72.277
-72.402
-72.242
-72.253
-72.097
-72.062
-71.686
-71.797
-71.953
-71.89
-71.735
-71.852
-71.914
-71.989
-71.938
-71.787
-71.694
-71.571
-71.143
-71.106
-71.173
-71.04
-71.153
-71.12
-71.257
-71.394
-71.559
-71.638
-71.757
-71.564
-71.708
-71.771
-71.459
-71.507
-71.651
-71.672
-71.574
-71.58
-71.604
-71.652
-71.47
-71.649
-71.882
-71.65
-71.596
-71.583
-71.471
-71.591
-71.616
-71.715
-71.772
-72.056
-72.175
-72.055
-72.136
-71.984
-71.96
-71.713
-71.649
-71.731
-71.566
-71.566
-71.706
-71.746
-71.979
-72.111
-72.084
-72.155
-72.139
-72.167
-72.118
-71.881
-72.118
-72.13
-71.878
-71.891
-71.836
-71.743
-71.707
-71.62
-71.566
-71.263
-71.204
-71.042
-71.173
-71.321
-71.228
-71.216
-71.008
-71.009
-70.827
-70.967
-71.261
-71.315
-71.169
-71.086
-71.165
-70.897
-70.945
-71.187
-71.032
-71.212
-71.208
-71.333
-71.373
-71.318
-71.398
-70.847
-70.675
-70.765
-70.677
-71.072
-70.79
-70.873
-70.411
-70.392
-70.757
-70.921
-70.929
-70.887
-70.879
-70.897
-70.673
-70.748
-70.816
-70.812
-71.292
-71.226
-71.175
-71.121
