-80.684
-80.669
-80.794
-80.683
-80.792
-80.445
-80.383
-80.131
-80.222
-80.233
-80.21
-80.121
-79.984
-80.001
-79.86
-79.615
-79.496
-79.593
-79.435
-79.182
-79.203
-79.211
-79.156
-79.264
-78.981
-78.713
-78.765
-78.736
-78.95
-79.002
-78.874
-78.54
-78.563
-78.585
-78.725
-79.017
-78.898
-78.659
-78.548
-78.581
-78.412
-78.268
-78.194
-78.228
-78.207
-78.077
-77.896
-77.869
-77.758
-77.716
-77.557
-77.52
-77.796
-77.915
-78.141
-78.407
-78.469
-78.437
-78.102
-78.155
-78.13
-78.116
-78.354
-78.344
-78.092
-78.202
-77.995
-77.494
-77.203
-77.247
-77.304
-77.134
-77.261
-77.362
-77.029
-76.903
-76.771
-77.006
-76.707
-76.346
-76.044
-76.193
-76.218
-76.448
-76.283
-76.29
-76.31
-76.295
-76.283
-76.336
-76.339
-76.362
-76.418
-76.417
-76.447
-76.241
-76.34
-76.205
-76.229
-76.375
-76.659
-76.454
-76.523
-76.338
-76.286
-76.225
-76.454
-76.388
-76.197
-76.264
-76.032
-75.969
-75.907
-75.738
-75.871
-75.727
-75.89
-75.625
-75.795
-75.809
-75.74
-75.845
-76.031
-75.938
-75.851
-75.733
-75.971
-76.039
-75.978
-75.754
-75.497
-75.541
-75.373
-75.44
-75.469
-75.215
-74.938
-75.182
-75.282
-75.313
-75.226
-75.074
-75.139
-75.124
-75.363
-75.264
-75.186
-75.222
-75.317
-75.268
-75.476
-75.625
-75.786
-75.78
-76.05
-75.714
-75.775
-75.812
-75.583
-75.388
-75.44
-75.335
-75.198
-75.242
-75.246
-75.043
-74.903
-74.894
-74.889
-74.824
-74.828
-74.75
-74.795
-74.606
-74.609
-74.56
-74.689
-74.912
-74.722
-74.981
-74.877
-74.92
-75.212
-74.844
-74.874
-74.835
-74.925
-75.125
-75.192
-75.129
-75.154
-75.244
-75.11
-75.253
-75.38
-75.253
-75.25
-75.167
-75.187
-75.131
-75.502
-75.637
-75.591
-75.682
-75.677
-75.26
-75.242
-75.184
-75.39
-75.232
-75.458
-75.655
-75.29
-75.478
-75.812
-75.956
-76.076
-76.005
-76.409
-76.237
-76.375
-76.671
-76.668
-76.383
-76.481
-76.367
-76.451
-76.551
-76.672
-76.788
-76.89
-76.933
-76.857
-76.984
-77.021
-77.166
-76.8
-76.865
-76.85
-77.035
-77.087
-77.035
-77.006
-76.742
-76.805
-76.625
-76.635
-76.474
-76.624
-76.723
-76.871
-77.025
-77.012
-76.925
-76.678
-76.559
-76.629
-76.676
-76.945
-76.707
-76.593
-76.856
-76.705
-76.588
-76.498
-76.61
-76.578
-76.615
-76.81
-76.53
-76.64
-76.577
-76.193
-76
-76.062
-76.341
-76.359
-76.331
-76.14
-75.966
-76.286
-76.2
-76.116
-76.07
-76.192
-76.253
-75.88
-75.566
-75.529
-75.387
-75.448
-75.189
-75.253
-75.499
-75.147
-75.171
-75.355
-75.381
-75.242
-75.248
-75.344
-75.241
-75.37
-75.163
-75.151
-75.449
-75.783
-75.601
-75.564
-75.328
-75.402
-75.274
-75.164
-75.458
-75.234
-75.369
-75.399
-75.308
-75.318
-75.158
-75.072
-74.809
-74.663
-74.384
-74.272
-74.31
-74.299
-74.109
-74.025
-74.034
-74.188
-74.032
-74.022
-73.89
-73.946
-73.763
-73.72
-73.908
-73.796
-73.963
-73.953
-73.861
-73.873
-73.933
-73.907
-73.714
-73.546
-73.603
-73.791
-73.734
-73.689
-73.589
-73.63
-73.642
-73.947
-74.015
-74.022
-74.12
-74.077
-74.092
-74.266
-74.105
-73.848
-73.883
-73.883
-73.698
-73.822
-74.012
-74.07
-74.051
-74.2
-73.9
-73.845
-73.886
-73.876
-74.059
-73.907
-73.861
-73.914
-74.12
-73.932
-73.92
-73.886
-73.974
-74.078
-74.282
-74.098
-73.957
-73.901
-73.915
-73.99
-73.883
-74.272
-74.118
-74.114
-74.107
-74.001
-73.939
-74.029
-73.724
-73.72
-73.752
-73.642
-73.433
-73.43
-73.127
-72.859
-72.695
-72.505
-72.373
-72.427
-72.698
-72.67
-73.057
-72.918
-73.112
-73.062
-73.169
-73.164
-73.206
-73.147
-73.279
-72.938
-72.932
-72.921
-73.135
-73.205
-73.384
-73.376
-73.344
-73.688
-73.648
-73.723
-73.7
-74.163
-74.344
-74.301
-74.348
-74.215
-74.294
-74.218
-74.275
-73.948
-74.304
-73.95
-73.764
-73.755
-73.337
-73.429
-73.117
-73.072
-73.158
-73.403
-73.682
-73.822
-73.963
-73.952
-74.026
-74.114
-74.316
-74.341
-74.178
-74.143
-74.085
-74.141
-74.189
-73.961
-74.136
-74.418
-74.147
-74.236
-74.207
-74.359
-74.198
-74.226
-74.418
-74.408
-74.502
-74.787
-74.731
-74.345
-74.624
-74.371
-74.381
-74.647
-74.732
-74.721
-74.52
-74.549
-74.425
-74.443
-74.777
-74.85
-74.684
-74.678
-74.604
-74.605
-74.988
-74.778
-74.915
-74.807
-74.693
-74.602
-74.588
-74.5
-74.673
-74.565
-74.817
-74.768
-74.956
-74.775
-74.765
-74.832
-75.058
-75.112
-74.935
-75.137
-75.175
-75.049
-75.225
-75.144
-75.125
-75.139
-75.329
-75.302
-75.074
-74.807
-74.793
-74.659
-74.649
-74.533
-74.292
-74.235
-74.493
-74.439
-74.619
-74.764
-74.828
-74.939
-74.966
-74.817
-74.778
-74.864
-74.879
-74.753
-74.767
-74.838
-74.651
-74.643
-74.801
-74.876
-74.668
-74.756
-74.736
-74.82
-74.834
-75.011
-75.169
-75.021
-75.16
-75.098
-74.861
-74.723
-74.902
-74.631
-74.427
-74.394
-74.213
-74.164
-73.973
-73.96
-74.021
-74.214
-74.328
-74.569
-74.515
-74.459
-74.268
-74.004
-73.941
-73.914
-73.736
-73.567
-73.782
-73.957
-73.919
-73.908
-73.701
-74.095
-74.018
-73.835
-74.03
-73.737
-73.846
-73.835
-73.922
-73.844
-73.69
-73.843
-73.901
-73.673
-73.819
-73.487
-73.699
-73.766
-73.8
-73.561
-73.728
-73.986
-73.914
-73.961
-74.312
-74.211
-74.325
-74.295
-74.537
-74.515
-74.727
-74.669
-74.5
-74.479
-74.28
-74.144
-74.161
-74.323
-74.145
-74.129
-74.064
-73.767
-73.881
-73.934
-74.005
-73.884
-73.692
-73.634
-73.672
-73.669
-73.639
-73.512
-73.59
-73.716
-73.614
-73.298
-73.087
-73.198
-73.488
-73.374
-73.133
-73.288
-73.107
-72.986
-73.09
-73.107
-73.048
-73.107
-73.165
-73.164
-73.131
-72.97
-72.752
-72.857
-72.82
-72.996
-72.706
-72.921
-72.86
-72.662
-72.885
-72.95
-73.135
-73.356
-73.471
-73.757
-73.797
-73.757
-73.756
-73.683
-73.841
-73.772
-73.615
-73.577
-73.448
-73.541
-73.631
-73.745
-73.712
-73.169
-73.096
-73.057
-73.064
-73.087
-73.132
-73.057
-73.042
-73.067
-73.095
-72.832
-72.737
-72.826
-72.87
-72.949
-72.944
-72.972
-72.912
-72.788
-72.839
-72.741
-73.079
-73.073
-73.247
-73.233
-73.459
-73.644
-73.615
-73.516
-73.759
-73.888
-73.449
-73.427
-73.192
-73.097
-73.179
-73.248
-73.056
-73.245
-73.507
-73.678
-73.645
-73.613
-73.453
-73.421
-73.368
-73.328
-73.292
-73.604
-73.813
-73.747
-73.807
-74.062
-74.105
-73.905
-73.982
-73.8
-73.794
-73.973
-74.127
-73.895
-73.875
-73.776
-73.594
-73.802
-73.85
-73.908
-73.878
-73.655
-73.83
-74.016
-73.848
-73.833
-73.468
-73.31
-73.093
-72.977
-72.945
-72.782
-72.542
-72.56
-72.457
-72.56
-72.5
-72.619
-72.65
-72.703
-72.677
-72.77
-72.964
-73.014
-73.287
-73.341
-73.709
-73.794
-73.51
-73.519
-73.47
-73.534
-73.447
-73.599
-73.637
-73.836
-73.934
-73.934
-73.842
-73.646
-73.498
-73.482
-73.466
-73.51
-73.743
-73.801
-73.752
-73.966
-73.861
-74.109
-74.091
-73.707
-73.642
-73.637
-73.486
-73.641
-73.823
-73.592
-73.624
-73.532
-73.591
-73.695
-73.681
-73.666
-73.459
-73.366
-73.318
-73.407
-73.559
-73.71
-73.724
-73.349
-73.191
-73.431
-73.145
-73.077
-73.062
-73.104
-73.1
-73.094
-73.117
-73.081
-73.206
-73.31
-73.398
-73.373
-73.431
-73.34
-73.411
-73.509
-73.596
-73.496
-73.488
-73.201
-73.507
-73.629
-73.839
-73.671
-73.453
-73.51
-73.235
-73.223
-73.367
-73.355
-73.501
-73.45
-73.331
-73.565
-73.742
-73.714
-73.871
-74.128
-74.161
-74.19
-74.063
-73.896
-73.685
-73.876
-73.98
-73.802
-73.94
-73.855
-74.072
-74.099
-73.989
-73.685
-73.815
-73.745
-73.81
-73.918
-74.048
-73.829
-73.476
-73.224
-73.249
-73.156
-73.153
-73.306
-73.122
-73.223
-73.395
-73.119
-72.849
-72.913
-73.063
-73.041
-72.96
-72.931
-73.071
-73.182
-73.163
-73.205
-73.111
-73.005
-73.152
-73.248
-73.046
-73.083
-73.172
-73.082
-73.04
-73.184
-73.35
-73.407
-73.392
-73.404
-73.19
-73.327
-73.526
-73.498
-73.322
-73.325
-73.117
-73.079
-72.796
-72.79
-72.576
-72.595
-72.799
-72.9
-73.13
-73.037
-73.192
-73.324
-73.477
-73.365
-73.427
-73.499
-73.397
-73.513
-73.563
-73.481
-73.687
-73.805
-73.688
-73.71
-73.845
-73.85
-73.61
-73.364
-73.502
-73.461
-73.699
-73.705
-73.663
-73.635
-73.792
-73.585
-73.601
-73.688
-73.833
-73.599
-73.685
-73.336
-73.307
-73.503
-73.416
-73.574
-73.804
-73.693
-73.88
-73.87
-74.178
-74.018
-73.849
-73.559
-73.388
-73.371
-73.268
-73.074
-73.135
-73.261
-73.094
-73.131
-72.941
-72.946
-72.743
-73.002
-72.943
-73.145
-73.132
-73.152
-73.178
-73.121
-73.019
-73.129
-72.717
-72.694
