-75.331
-75.213
-75.067
-74.955
-75.044
-75.117
-75.203
-75.447
-75.323
-75.22
-75.218
-75.357
-75.269
-75.293
-75.231
-75.172
-75.066
-75.065
-75.182
-75.159
-75.257
-75.46
-75.228
-74.976
-75.118
-74.869
-74.928
-75.428
-75.381
-75.452
-75.264
-75.248
-75.226
-75.425
-75.587
-75.623
-75.344
-75.379
-75.673
-75.811
-75.72
-75.571
-76.042
-75.854
-75.959
-76.323
-76.208
-76.062
-75.862
-75.882
-75.754
-76.189
-75.89
-75.983
-76.251
-76.238
-76.092
-76.286
-76.067
-76.32
-76.147
-76
-76.078
-76.196
-76.088
-75.969
-76.089
-76.116
-76.235
-76.124
-76.075
-76.029
-76.287
-75.841
-75.958
-76.034
-76.047
-76.065
-76.404
-76.405
-76.231
-76.364
-76.24
-76.199
-76.16
-76.083
-76.066
-75.797
-75.919
-75.94
-75.878
-75.796
-75.661
-75.906
-75.993
-75.801
-75.874
-75.811
-75.69
-75.733
-75.72
-75.65
-75.452
-75.562
-75.558
-75.948
-75.99
-76.048
-76.145
-76.146
-76.234
-76.391
-76.34
-76.411
-76.296
-76.202
-76.21
-76.304
-76.368
-76.707
-76.698
-76.329
-76.209
-76.395
-76.367
-76.502
-76.635
-76.558
-76.759
-76.933
-77.056
-77.179
-77.119
-77.185
-77.258
-77.098
-77.367
-77.441
-77.501
-77.54
-77.451
-77.714
-77.827
-78.131
-78.205
-77.968
-78.136
-77.898
-77.863
-77.723
-77.607
-77.595
-77.555
-77.447
-77.326
-77.126
-77.207
-77.128
-77.11
-77.121
-77.276
-77.214
-77.156
-77.291
-77.134
-77.148
-76.914
-76.904
-76.758
-76.883
-77.147
-77.137
-77.152
-77.077
-77.24
-77.196
-77.163
-77.078
-77.017
-77.212
-77.284
-77.298
-77.149
-77.115
-77.223
-76.943
-77.05
-77.027
-76.858
-77.215
-77.515
-77.844
-77.619
-77.81
-77.658
-77.505
-77.284
-77.337
-76.969
-76.87
-77.04
-77.19
-77.396
-77.663
-78.029
-78.011
-78.147
-78.41
-78.253
-77.925
-77.824
-77.612
-77.599
-78.043
-77.846
-78.067
-78.04
-78.099
-78.149
-77.938
-77.836
-78.115
-78.185
-78.196
-78.264
-78.188
-77.782
-77.748
-77.418
-77.291
-77.113
-77.247
-77.15
-77.25
-77.075
-77.039
-77.117
-76.969
-76.941
-77.05
-76.833
-76.997
-77.069
-77.042
-77.058
-76.875
-76.815
-76.683
-76.742
-76.806
-76.839
-76.881
-77.085
-76.927
-77.026
-77.268
-77.464
-77.374
-77.287
-77.317
-77.283
-77.191
-77.013
-76.993
-77.229
-77.055
-77.112
-76.78
-76.505
-76.046
-75.672
-75.06
-74.859
-74.712
-74.73
-74.455
-74.197
-73.879
-73.476
-73.275
-73.013
-72.851
-72.47
-72.19
-72.073
-71.95
-71.778
-71.74
-71.576
-71.281
-71.162
-71.148
-71.26
-71.144
-71.375
-71.528
-71.458
-71.226
-71.031
-71.114
-71.049
-71.122
-71.156
-71.434
-71.042
-71.016
-71.178
-71.219
-71.208
-71.272
-71.29
-71.181
-71.146
-71.095
-71.212
-71.208
-71.185
-71.043
-70.939
-70.736
-70.705
-70.606
-70.514
-70.481
-70.327
-70.201
-70.178
-70.261
-70.221
-70.128
-70.03
-70.106
-70.174
-69.723
-69.645
-69.689
-69.789
-69.427
-69.545
-69.438
-69.479
-69.741
-70.056
-69.77
-69.586
-69.544
-69.599
-69.399
-69.257
-69.107
-69.037
-69.293
-69.403
-69.158
-68.907
-69.038
-69.132
-69.087
-69.085
-69.356
-69.121
-69.437
-69.397
-69.604
-69.588
-69.32
-69.093
-68.681
-68.482
-68.178
-67.909
-67.516
-67.321
-67.154
-66.809
-66.479
-66.214
-66.008
-65.758
-65.448
-65.495
-65.373
-65.22
-64.813
-64.678
-64.719
-64.836
-64.749
-64.731
-64.533
-64.297
-64.101
-64.274
-64.462
-64.276
-64.305
-64.118
-64.144
-64.212
-63.99
-63.973
-63.863
-63.609
-63.674
-63.599
-63.45
-63.51
-63.424
-63.386
-63.332
-63.384
-63.567
-63.466
-63.564
-63.708
-63.954
-63.883
-63.948
-63.848
-63.793
-63.702
-63.373
-63.133
-63.203
-63.029
-63.033
-63.208
-63.318
-63.193
-63.099
-63.44
-63.482
-63.435
-63.339
-63.274
-63.461
-63.325
-63.16
-63.001
-62.923
-62.891
-62.949
-63.176
-63.16
-63.451
-63.7
-63.81
-63.778
-64.101
-63.945
-64.228
-64.45
-64.351
-64.194
-64.598
-64.351
-64.389
-64.498
-64.61
-64.449
-64.52
-64.53
-64.561
-64.627
-64.45
-64.601
-64.708
-64.883
-64.581
-64.54
-64.299
-64.32
-64.356
-64.038
-63.74
-63.793
-63.489
-63.413
-63.591
-63.411
-63.502
-63.447
-63.235
-63.474
-63.23
-63.37
-63.618
-63.258
-63.284
-63.584
-63.752
-63.558
-63.654
-63.479
-63.472
-63.626
-63.668
-63.885
-63.454
-63.078
-63.06
-62.994
-63.215
-63.183
-63.534
-63.542
-63.458
-63.669
-63.685
-63.357
-63.444
-63.685
-63.676
-63.768
-63.602
-63.952
-63.871
-64.16
-64.343
-64.302
-64.066
-64.443
-64.699
-65.092
-64.874
-64.939
-65.062
-65.33
-65.463
-65.495
-65.347
-65.392
-65.438
-65.332
-65.45
-65.564
-65.658
-65.959
-65.683
-65.514
-65.632
-65.723
-65.909
-66.059
-66.174
-66.261
-66.665
-66.806
-66.709
-66.695
-67.156
-66.914
-66.686
-66.599
-66.709
-66.544
-66.344
-66.279
-66.266
-66.196
-66.115
-66.036
-66.06
-66.187
-66.108
-66.138
-66.041
-66.069
-66.037
-66.023
-66.085
-65.648
-65.808
-65.642
-65.742
-65.583
-65.632
-65.636
-65.864
-66.105
-66.191
-66.383
-66.438
-66.374
-66.307
-66.358
-66.252
-66.176
-66.049
-66.199
-66.344
-66.185
-66.515
-66.457
-66.521
-66.616
-66.776
-66.579
-66.335
-66.37
-66.469
-66.383
-66.235
-66.307
-66.294
-66.692
-66.465
-66.539
-66.679
-66.723
-66.875
-66.854
-66.793
-67.022
-67.154
-67.166
-67.198
-67.462
-67.12
-66.935
-66.969
-67.28
-67.233
-67.542
-67.561
-67.467
-67.746
-67.583
-67.629
-67.821
-67.854
-67.796
-67.523
-67.527
-67.86
-67.605
-67.589
-67.622
-67.399
-67.363
-67.27
-67.269
-67.351
-67.429
-67.291
-67.402
-67.325
-67.215
-67.057
-67.27
-66.991
-67.016
-66.892
-66.993
-67.22
-67.291
-67.353
-67.525
-67.286
-67.341
-67.442
-67.508
-67.616
-67.562
-67.693
-67.745
-67.784
-67.963
-68.057
-67.991
-67.867
-67.985
-68.028
-67.893
-67.888
-68.011
-67.58
-67.456
-67.406
-67.274
-67.139
-67.164
-67.054
-66.932
-66.55
-66.348
-66.584
-66.704
-66.84
-67.039
-66.707
-66.413
-66.519
-66.763
-66.72
-66.526
-66.401
-66.542
-66.429
-66.547
-66.488
-66.586
-66.649
-66.826
-67.03
-66.962
-67.037
-67.15
-67.031
-67.043
-67.003
-66.594
-66.749
-66.773
-66.821
-66.839
-66.703
-66.838
-67.126
-66.923
-66.879
-66.822
-66.909
-66.647
-66.637
-66.752
-66.792
-66.89
-66.926
-66.843
-66.739
-66.581
-66.412
-66.362
-66.155
-66.339
-66.321
-66.252
-66.289
-66.001
-66.116
-66.039
-65.874
-65.96
-66.051
-66.013
-65.954
-66.233
-66.203
-66.132
-66.309
-66.071
-66
-66.11
-65.98
-65.791
-65.475
-65.266
-65.209
-65.182
-65.239
-65.264
-65.355
-65.082
-65.253
-65.322
-65.6
-65.814
-66.012
-65.935
-66.116
-65.998
-66.161
-65.982
-65.685
-65.591
-66.072
-65.88
-65.901
-65.955
-66.048
-66.16
-66.146
-66.184
-66.384
-66.578
-66.61
-66.809
-66.93
-66.877
-66.863
-66.523
-66.856
-66.713
-66.619
-66.534
-66.682
-66.479
-66.378
-66.277
-66.273
-66.14
-66.046
-66.064
-65.943
-66.049
-66.094
-66.006
-66.289
-66.346
-66.462
-66.243
-66.454
-66.399
-66.043
-66.354
-66.411
-66.717
-66.543
-66.292
-66.449
-66.323
-66.451
-66.601
-66.701
-66.809
-66.905
-66.819
-66.829
-66.821
-66.96
-67.043
-67.178
-67.181
-67.423
-67.614
-67.394
-67.641
-67.49
-67.675
-67.57
-67.713
-67.532
-67.689
-67.919
-67.9
-67.736
-67.664
-67.67
-67.506
-67.555
-67.507
-67.528
-67.57
-67.461
-67.61
-67.644
-67.793
-67.648
-67.719
-67.568
-67.396
-67.232
-67.274
-67.106
-67.008
-67.112
-66.969
-66.713
-66.896
-66.58
-66.658
-66.781
-66.952
-67.069
-67.16
-67.193
-67.171
-67.32
-67.427
-67.198
-67.114
-66.999
-66.854
-66.92
-66.91
-66.98
-66.92
-66.9
-66.698
-66.719
-66.526
-66.436
-66.38
-66.264
-66.45
-66.746
-66.791
-66.571
-66.653
-66.731
-66.848
-67.166
-67.255
-67.324
-67.046
-67.103
-67.338
-67.526
-67.663
-67.626
-67.735
-67.438
-67.342
-67.35
-67.587
-67.557
-67.883
-67.675
-67.584
-67.768
-67.787
-67.651
-67.851
-68.047
-68.008
-67.781
-67.902
-67.644
-67.549
-67.602
-67.434
-67.28
-67.22
-67.298
-67.044
-67.027
-67.057
-66.888
-67.003
-67.148
-67.354
-67.242
-67.225
-66.969
-66.691
-66.87
-67.041
-67.064
-67.075
-66.838
-66.888
-66.869
-66.934
-66.905
-67.094
-67.381
-67.272
-67.209
-67.282
-67.533
-67.38
-67.404
-67.431
-67.507
-67.572
-67.625
-67.414
-67.438
-67.414
-67.615
-67.698
-67.742
-67.897
-67.795
-67.869
-67.642
-67.568
-67.226
-67.255
-67.174
-66.739
-67.028
-67.285
-67.314
-67.166
-67.3
-67.346
-67.577
-67.629
-67.659
-67.578
-67.514
-67.538
-67.612
-67.515
-67.599
-67.681
-67.705
-67.555
-67.487
