-74.665
-74.779
-74.555
-74.513
-74.486
-74.173
-74.276
-74.366
-74.245
-74.136
-74.419
-74.492
-74.265
-74.34
-74.122
-74.241
-74.098
-74.378
-74.497
-74.231
-74.018
-74.146
-74.136
-73.929
-74.004
-74.115
-73.915
-73.841
-73.912
-74.069
-74.202
-74.209
-74.345
-74.564
-74.488
-74.504
-74.1
-74.216
-74.217
-74.094
-73.837
-74.137
-74.252
-73.951
-74.096
-74.037
-73.882
-73.776
-73.911
-74.033
-73.939
-74.077
-73.87
-73.962
-73.935
-73.693
-73.525
-73.893
-73.97
-74.149
-74.292
-74.123
-74.115
-74.039
-73.767
-73.748
-73.941
-73.944
-73.702
-73.706
-73.712
-73.887
-73.921
-74.07
-74.008
-73.733
-73.836
-73.586
-73.539
-73.375
-73.602
-73.689
-73.933
-73.754
-73.598
-73.563
-73.673
-73.515
-73.507
-73.412
-73.194
-72.984
-72.869
-72.918
-72.877
-72.993
-73.109
-73.088
-72.929
-73.123
-73.266
-73.237
-73.31
-73.486
-73.273
-73.208
-73.278
-73.331
-73.296
-73.309
-73.489
-73.418
-73.153
-73.173
-73.698
-73.76
-73.646
-73.398
-73.616
-73.573
-73.345
-73.494
-73.533
-73.207
-73.123
-73.176
-73.312
-73.709
-73.499
-73.628
-73.983
-73.804
-73.752
-73.774
-73.43
-73.313
-73.064
-73.116
-73.194
-73.286
-73.619
-73.655
-73.88
-73.986
-74.098
-74.202
-74.022
-74.142
-74.037
-74.498
-74.466
-74.478
-74.451
-74.368
-74.509
-74.469
-74.384
-74.319
-74.275
-74.294
-74.647
-74.812
-74.699
-74.504
-74.251
-73.867
-73.665
-73.305
-73.275
-72.938
-72.696
-72.435
-72.284
-72.022
-71.735
-71.625
-71.56
-71.277
-71.128
-71.135
-70.782
-70.444
-70.31
-70.179
-69.925
-69.955
-69.756
-69.918
-69.837
-69.631
-69.708
-69.656
-69.737
-69.512
-69.279
-69.155
-69.371
-69.347
-69.451
-69.13
-68.607
-68.757
-68.726
-68.705
-68.632
-68.508
-68.232
-68.006
-67.838
-67.801
-67.796
-67.871
-67.747
-67.71
-67.692
-67.814
-67.924
-68.049
-68.04
-67.931
-67.735
-67.694
-67.793
-67.881
-67.866
-67.722
-67.602
-67.167
-67.144
-67.14
-67.022
-66.981
-66.818
-66.79
-67.082
-67.07
-67.054
-67.275
-67.265
-67.219
-67.115
-67.459
-67.788
-67.975
-67.976
-67.937
-67.954
-68
-68.115
-67.768
-68.024
-68.351
-68.177
-68.104
-67.952
-68.079
-68.152
-68.052
-68.24
-68.148
-68.222
-68.185
-68.302
-68.525
-68.724
-69.014
-68.972
-69.198
-69.384
-69.225
-69.156
-68.921
-68.971
-69.012
-68.899
-68.787
-69.004
-69.201
-69.141
-69.311
-69.571
-69.11
-68.911
-68.799
-69.102
-69.134
-69.034
-69.147
-69.06
-69.187
-68.987
-69.271
-69.258
-69.411
-69.475
-69.649
-69.813
-69.798
-69.743
-69.725
-69.87
-69.953
-70.064
-69.988
-69.977
-70.033
-69.863
-69.786
-69.819
-69.811
-69.749
-69.805
-69.72
-69.678
-69.443
-69.44
-69.366
-69.369
-69.162
-69.383
-69.306
-69.514
-69.49
-69.303
-69.463
-69.355
-69.414
-69.409
-69.583
-69.52
-69.574
-69.328
-69.148
-69.079
-69.234
-69.195
-69.136
-69.141
-69.245
-69.214
-69.628
-69.607
-69.788
-69.503
-69.746
-69.89
-69.785
-69.504
-69.856
-70.058
-70.079
-69.902
-70.153
-70.252
-70.368
-70.363
-70.089
-69.991
-70.031
-69.792
-69.82
-69.897
-69.913
-69.92
-69.718
-69.444
-69.101
-68.511
-68.28
-68.139
-67.849
-67.323
-67.086
-66.992
-66.872
-66.545
-66.146
-65.764
-65.465
-64.929
-64.794
-64.855
-64.721
-64.71
-64.686
-64.74
-64.613
-64.337
-64.089
-64.101
-63.855
-63.624
-63.471
-63.323
-63.281
-63.34
-63.248
-63.105
-62.996
-63.063
-63.166
-63.29
-63.134
-63.241
-62.844
-62.489
-62.403
-62.603
-62.412
-62.398
-62.365
-62.279
-62.352
-62.153
-62.482
-62.279
-62.196
-62.666
-62.509
-62.527
-62.801
-62.931
-62.808
-62.932
-63.195
-63.237
-63.016
-63.224
-62.916
-63.081
-63.171
-63.079
-62.984
-62.954
-62.923
-63.274
-63.365
-63.353
-63.473
-63.691
-63.579
-63.382
-63.349
-63.52
-63.716
-63.574
-63.608
-63.432
-63.415
-63.348
-63.209
-63.061
-63.315
-63.05
-63.271
-63.041
-62.928
-62.834
-62.911
-62.928
-62.792
-62.658
-62.748
-62.6
-62.665
-62.957
-62.777
-62.678
-62.753
-62.76
-62.863
-62.801
-62.71
-62.778
-62.651
-62.812
-62.817
-62.545
-62.37
-62.515
-62.67
-62.705
-62.761
-62.637
-62.504
-62.356
-62.304
-62.35
-62.548
-62.486
-62.414
-62.476
-62.621
-62.485
-62.367
-62.135
-62.003
-62.156
-62.473
-62.564
-62.881
-62.777
-62.772
-62.851
-62.784
-62.864
-62.793
-62.782
-62.899
-62.838
-62.796
-62.73
-62.616
-62.574
-62.571
-62.772
-63.088
-62.963
-62.607
-62.915
-62.784
-62.926
-63.247
-63.355
-63.392
-63.63
-63.885
-63.854
-64.124
-64.094
-64.047
-64.059
-64.431
-64.333
-64.469
-64.556
-64.804
-64.529
-64.646
-64.74
-64.684
-64.99
-65.028
-65.009
-65.187
-65.32
-65.392
-65.506
-65.241
-65.374
-65.567
-65.22
-65.327
-65.7
-65.78
-66.038
-65.603
-65.422
-65.571
-65.527
-65.185
-65.641
-65.642
-65.592
-65.851
-65.818
-65.92
-66.054
-66.378
-66.553
-66.865
-66.817
-66.889
-67.195
-66.93
-66.778
-66.679
-66.694
-66.462
-66.681
-66.786
-66.826
-67.093
-67.067
-67.122
-67.109
-67.031
-67.009
-67.539
-67.649
-67.555
-67.554
-67.624
-67.619
-67.79
-67.902
-67.635
-67.424
-67.5
-67.284
-67.536
-67.498
-67.547
-67.544
-67.665
-67.372
-67.399
-67.263
-67.315
-67.653
-67.782
-67.73
-67.675
-67.558
-67.646
-67.986
-67.871
-67.992
-67.997
-68.207
-67.945
-67.825
-67.998
-67.815
-67.765
-68.002
-68.032
-67.931
-68.1
-67.956
-68.169
-67.718
-67.689
-67.945
-67.634
-67.484
-67.733
-67.588
-67.464
-67.793
-68.025
-67.931
-68.157
-68.265
-68.509
-68.789
-68.782
-68.781
-68.431
-68.489
-68.452
-68.789
-68.802
-68.799
-68.47
-68.602
-68.654
-68.623
-68.405
-68.432
-68.56
-68.415
-68.689
-68.641
-68.506
-68.51
-68.493
-68.311
-68.292
-68.225
-68.418
-68.721
-68.586
-68.589
-68.703
-68.545
-68.44
-68.077
-68.239
-68.579
-68.501
-68.291
-68.316
-68.169
-68.163
-68.447
-68.45
-68.303
-68.159
-68.359
-68.518
-68.441
-68.425
-67.886
-67.483
-67.589
-67.255
-67.479
-67.381
-67.29
-67.585
-67.485
-67.206
-66.955
-66.872
-66.804
-66.403
-66.454
-66.376
-66.468
-66.279
-66.217
-66.328
-66.136
-66.095
-65.842
-66.126
-66.243
-66.358
-66.21
-66.37
-66.412
-66.535
-66.627
-66.895
-66.985
-66.972
-67.096
-66.903
-66.662
-66.741
-66.758
-66.503
-66.182
-66.395
-66.758
-66.512
-66.484
-66.696
-66.349
-66.595
-66.638
-67.17
-67.148
-67.218
-67.354
-67.423
-67.489
-67.639
-67.762
-67.798
-67.804
-67.726
-67.597
-67.773
-67.49
-67.306
-67.264
-67.47
-67.636
-67.39
-67.604
-67.411
-67.076
-67.223
-67.358
-67.45
-67.484
-67.545
-67.475
-67.597
-67.581
-67.656
-67.693
-67.525
-67.598
-67.589
-67.479
-67.409
-67.193
-67.195
-67.322
-67.249
-67.237
-67.454
-67.688
-67.529
-67.58
-67.396
-67.186
-67.072
-67.095
-67.48
-67.35
-67.487
-67.611
-67.673
-67.833
-67.841
-67.812
-67.634
-67.746
-67.565
-67.633
-67.706
-67.725
-67.805
-67.92
-67.925
-68.163
-67.983
-68.039
-67.877
-67.729
-67.648
-67.654
-67.728
-67.66
-67.547
-67.515
-67.465
-67.561
-67.611
-67.552
-67.609
-67.734
-67.915
-67.755
-67.806
-67.883
-68.007
-68.019
-68.261
-68.571
-68.774
-68.755
-68.666
-68.284
-68.014
-68.233
-68.264
-68.228
-68.199
-67.96
-68.131
-68.163
-67.92
-67.852
-68.07
-68.36
-68.667
-68.448
-68.316
-68.404
-68.513
-68.385
-68.304
-68.557
-68.464
-68.553
-68.454
-68.506
-68.726
-68.784
-68.727
-68.593
-68.324
-68.201
-68.235
-68.399
-68.503
-68.409
-68.047
-67.992
-67.877
-67.835
-68.112
-68.397
-68.445
-68.415
-68.272
-68.44
-68.449
-68.583
-68.886
-68.772
-68.734
-69.129
-69.05
-68.834
-68.936
-68.921
-68.998
-69.213
-69
-68.869
-68.754
-69.166
-69.055
-69.11
-68.912
-69.015
-69.055
-69.252
-69.501
-69.403
-69.486
-69.539
-69.57
-69.458
-69.583
-69.742
-69.611
-69.933
-69.828
-69.742
-69.604
-69.425
-69.569
-69.762
-69.69
-69.4
-69.441
-69.436
-69.433
-69.319
-69.287
-69.267
-69.276
-69.275
-69.296
-69.329
-69.093
-69.166
-69.014
-69.008
-69.01
-68.899
-68.817
-68.926
-68.831
-68.91
-68.935
-68.722
-68.805
-68.714
-68.771
-68.93
-68.958
-69.129
-69.359
-69.636
-69.749
-69.563
-69.48
-69.675
-69.477
-69.185
-69.186
-69.064
-69.046
-69.339
-69.063
-69.171
-69.195
-69.032
-68.897
-68.903
-69.04
-69.169
-69.402
-69.357
-69.383
-69.297
-69.376
-69.568
-69.511
-69.591
-69.763
-69.726
-69.781
-69.8
-69.4
-69.217
-69.37
-69.454
-69.279
-69.193
-68.992
-69.215
-69.14
-69.018
-68.951
-69.06
-69.101
-69.257
-69.164
-69.091
-68.771
-68.703
-68.641
