-68.294
-68.501
-68.444
-68.486
-68.565
-68.599
-68.533
-68.442
-68.307
-68.442
-68.226
-68.06
-67.945
-68.257
-68.403
-68.215
-68.487
-68.313
-68.674
-68.854
-68.75
-68.968
-68.988
-69.184
-69.237
-69.111
-69.428
-69.359
-69.32
-69.597
-69.743
-69.817
-69.741
-69.853
-69.556
-69.45
-69.477
-69.391
-69.199
-69.287
-69.114
-68.819
-68.822
-68.777
-68.683
-68.848
-69.034
-69.232
-69.457
-69.696
-69.591
-69.504
-69.555
-69.387
-69.398
-69.393
-69.279
-69.326
-69.211
-69.349
-69.413
-69.274
-69.516
-69.745
-69.796
-69.501
-69.579
-69.68
-70.043
-69.804
-69.685
-69.72
-69.943
-69.995
-69.812
-69.717
-69.747
-69.926
-69.907
-69.938
-69.868
-69.856
-69.715
-69.443
-69.405
-69.078
-69.167
-69.165
-69.48
-69.446
-69.387
-69.131
-69.333
-69.311
-69.321
-69.622
-69.729
-69.755
-69.72
-69.78
-69.66
-69.368
-69.525
-69.423
-69.442
-69.554
-69.575
-69.519
-69.198
-69.476
-69.439
-69.542
-69.778
-69.707
-69.721
-69.711
-69.48
-69.671
-69.756
-69.514
-69.573
-69.852
-69.874
-70.073
-70.178
-70.16
-70.079
-70.045
-70.048
-70.118
-70.419
-70.74
-70.655
-70.917
-70.789
-70.536
-70.738
-70.65
-70.437
-70.543
-70.531
-70.511
-70.561
-70.624
-70.646
-71.001
-70.63
-70.534
-70.6
-70.265
-70.175
-70.158
-70.066
-70.446
-70.45
-70.729
-70.997
-71.053
-71.159
-71.281
-71.473
-71.514
-71.603
-71.671
-71.841
-71.978
-71.704
-71.416
-71.29
-71.113
-70.952
-70.985
-71.229
-71.334
-71.271
-71.051
-70.834
-71.112
-71.067
-71.121
-70.99
-71.07
-71.094
-71.086
-70.846
-70.851
-70.686
-70.739
-70.686
-70.575
-70.594
-70.555
-70.407
-70.366
-70.331
-70.341
-70.448
-70.208
-70.248
-70.039
-70.247
-70.351
-70.577
-70.488
-70.27
-70.392
-70.62
-70.833
-70.783
-70.535
-70.388
-70.303
-70.334
-70.342
-70.323
-70.453
-70.244
-70.348
-70.357
-70.309
-70.317
-70.376
-70.379
-70.452
-70.378
-70.29
-70.44
-70.287
-69.919
-69.944
-69.936
-70.116
-70.311
-70.5
-70.318
-70.254
-69.994
-69.938
-69.748
-69.931
-69.938
-69.863
-69.602
-69.52
-69.361
-69.497
-69.532
-69.451
-69.465
-69.51
-69.688
-69.579
-69.629
-69.527
-69.834
-70.176
-70.117
-70.24
-70.453
-70.245
-70.039
-69.777
-69.753
-69.899
-70.267
-70.33
-70.469
-70.45
-70.239
-70.136
-70.206
-70.083
-70.272
-70.252
-69.969
-70.078
-70.085
-70.002
-70.22
-70.235
-70.125
-70.443
-70.534
-70.404
-70.725
-70.942
-70.931
-71.026
-70.971
-71.007
-70.882
-70.839
-70.637
-70.636
-70.504
-70.409
-70.492
-70.529
-70.803
-71.05
-71.101
-71.058
-71.268
-70.892
-70.936
-71.028
-71.311
-70.864
-70.655
-70.593
-70.885
-71.004
-70.971
-70.819
-70.99
-70.795
-70.934
-71.023
-70.993
-70.789
-70.571
-70.705
-71.036
-70.91
-71.418
-71.493
-71.378
-71.407
-71.636
-71.537
-71.312
-71.258
-71.208
-71.234
-71.586
-71.605
-71.287
-71.246
-71.107
-71.219
-71.107
-71.206
-71.014
-70.731
-70.903
-70.872
-71.102
-71.068
-71.129
-70.936
-70.846
-71.12
-70.966
-71.062
-70.982
-71.099
-71.133
-71.085
-70.882
-70.842
-70.716
-70.922
-71.128
-71.302
-71.397
-71.565
-71.457
-71.298
-70.929
-70.749
-70.71
-70.535
-70.322
-70.284
-69.708
-69.47
-69.175
-68.775
-68.438
-67.916
-67.646
-67.156
-66.954
-66.599
-66.681
-66.703
-66.414
-66.458
-66.217
-66.079
-66.08
-65.794
-65.756
-65.465
-65.307
-65.359
-65.274
-65.462
-65.364
-65.417
-65.23
-65.008
-64.904
-64.717
-64.405
-64.459
-64.174
-64.131
-63.839
-64.038
-64.12
-64.359
-64.362
-64.294
-64.318
-64.338
-64.432
-64.009
-63.98
-63.743
-63.847
-63.825
-63.656
-63.545
-63.625
-63.749
-63.778
-63.723
-63.523
-63.543
-63.661
-63.87
-63.738
-63.779
-64.005
-64.096
-64.023
-64.279
-64.117
-63.903
-63.913
-63.8
-63.774
-63.759
-63.55
-63.631
-64.075
-64.083
-64.187
-63.963
-63.724
-63.785
-63.789
-63.861
-64.069
-64.235
-64.168
-64.063
-64.079
-63.945
-63.947
-63.958
-64.039
-64.155
-64.119
-63.975
-64.026
-64.052
-64.118
-64.136
-64.157
-64.132
-64.148
-64.262
-64.148
-64.302
-64.341
-64.271
-64.271
-64.311
-64.599
-64.618
-64.657
-64.659
-64.683
-64.861
-65.004
-65.174
-65.479
-65.509
-65.533
-65.263
-65.324
-65.411
-65.483
-65.473
-65.212
-64.841
-64.932
-64.916
-64.806
-64.942
-65.181
-65.2
-65.15
-65.197
-65.341
-65.377
-65.398
-65.269
-65.309
-65.212
-65.126
-65.041
-65.008
-64.929
-64.925
-64.79
-64.839
-64.666
-64.843
-64.818
-65.019
-65.158
-65.283
-65.354
-65.582
-65.423
-65.35
-65.146
-65.217
-65.23
-65.212
-65.476
-65.591
-65.628
-65.702
-65.605
-65.717
-65.657
-65.555
-65.323
-65.129
-65.178
-65.143
-64.965
-65.143
-65.282
-64.996
-64.871
-64.749
-64.823
-65.13
-65.234
-65.34
-65.419
-65.467
-65.677
-65.631
-65.623
-65.682
-65.426
-65.271
-65.602
-65.489
-65.65
-65.84
-66.059
-66.154
-65.879
-66.055
-65.837
-65.971
-65.867
-66.012
-65.86
-66.033
-65.96
-65.983
-66.039
-66.301
-66.03
-65.994
-65.865
-66.036
-65.961
-65.981
-66.003
-65.869
-65.717
-65.655
-65.56
-65.537
-65.527
-65.56
-65.561
-65.775
-65.865
-65.932
-65.798
-66.141
-66.459
-66.551
-66.279
-66.416
-66.473
-66.582
-66.608
-66.42
-66.223
-66.091
-65.831
-65.718
-65.667
-65.742
-65.755
-65.551
-65.631
-66.016
-65.836
-65.66
-65.995
-66.017
-65.725
-65.506
-65.5
-65.663
-65.775
-66.14
-65.912
-65.743
-65.79
-65.691
-65.888
-65.821
-65.835
-65.648
-65.918
-65.769
-65.816
-65.711
-65.62
-65.491
-65.585
-65.717
-65.845
-65.906
-65.896
-65.941
-66.259
-66.211
-66.221
-66.092
-65.988
-65.559
-65.226
-65.255
-65.248
-65.397
-65.534
-65.584
-65.459
-65.676
-65.535
-65.304
-64.818
-64.939
-65.084
-65.28
-65.578
-65.443
-65.617
-65.47
-65.589
-65.801
-65.783
-65.959
-65.783
-65.598
-65.877
-66.05
-66.257
-66.265
-66.19
-66.255
-66.357
-66.518
-66.454
-65.96
-65.992
-65.646
-65.994
-65.979
-66.045
-66.239
-66.411
-66.567
-66.515
-66.499
-66.556
-66.754
-66.787
-66.965
-66.914
-66.919
-66.555
-66.689
-66.906
-67.049
-67.469
-67.414
-67.528
-67.5
-67.462
-67.337
-67.131
-67.278
-67.134
-67.239
-67.24
-67.273
-67.391
-67.562
-67.759
-68.13
-68.114
-68.111
-68.032
-68.224
-68.553
-68.561
-68.527
-68.603
-68.452
-68.89
-69.015
-69.533
-69.772
-69.774
-69.77
-69.821
-69.878
-69.885
-69.539
-69.317
-69.287
-69.694
-69.795
-69.825
-69.668
-69.659
-69.957
-69.804
-70.043
-70.196
-70
-70.101
-70.04
-70.043
-70.236
-70.505
-70.655
-71.033
-71.432
-71.586
-71.492
-71.341
-71.702
-71.83
-71.56
-71.411
-71.352
-71.185
-71.055
-71.078
-71.4
-71.459
-71.233
-70.979
-70.917
-70.832
-70.824
-70.639
-70.373
-70.065
-70.218
-70.192
-70.003
-69.787
-69.875
-69.668
-69.781
-69.687
-69.657
-69.506
-69.874
-69.719
-69.511
-69.666
-69.939
-69.856
-69.884
-69.872
-70.198
-70.28
-70.224
-70.366
-70.388
-70.509
-70.72
-70.883
-71.082
-71.01
-71.187
-71.31
-71.622
-71.761
-72.021
-72.109
-72.255
-72.306
-72.022
-72.221
-72.219
-72.342
-72.594
-72.632
-72.597
-72.759
-72.707
-72.657
-72.529
-72.508
-72.766
-72.957
-73.085
-72.879
-73.072
-73.086
-73.361
-73.484
-73.387
-73.435
-73.384
-73.431
-73.692
-73.364
-73.107
-73.258
-73.408
-73.228
-73.161
-73.318
-73.449
-73.279
-73.188
-72.905
-72.94
-72.832
-72.507
-72.128
-72.173
-72.032
-72.023
-72.082
-71.973
-72.095
-72.453
-72.441
-72.655
-72.541
-72.589
-72.619
-72.415
-72.538
-72.51
-72.234
-72.221
-72.111
-72.012
-71.89
-72.002
-72.038
-72.044
-72.193
-72.409
-72.481
-72.537
-72.741
-72.914
-72.94
-73.209
-72.96
-73.081
-73.157
-73.377
-73.446
-73.452
-73.44
-73.784
-73.856
-73.734
-73.881
-74.003
-74.228
-74.227
-74.355
-74.27
-74.192
-74.187
-74.604
-74.65
-74.658
-74.694
-74.795
-74.592
-74.641
-74.591
-74.596
-74.674
-74.901
-74.952
-75.084
-74.995
-74.784
-74.305
-74.298
-74.363
-74.432
-74.761
-74.808
-75.158
-75.405
-75.302
-75.407
-75.316
-75.386
-75.776
-75.896
-75.898
-76.08
-76.376
-76.511
-76.284
-76.011
-75.989
-76.544
-76.677
-76.807
-76.75
-77.013
-76.892
-76.946
-76.955
-77.079
-76.924
-76.915
-76.733
-76.672
-77.059
-76.807
-76.859
-76.793
-76.671
-76.608
-76.599
-76.604
-76.584
-76.57
-76.375
-76.307
-76.209
-75.924
-76.09
-76.264
-76.15
-76.096
-76.197
-76.347
-76.72
-76.892
-77.052
-76.831
-76.821
-76.729
-76.691
-76.628
-76.852
-76.931
-76.715
-76.664
-76.72
-76.777
-76.797
-76.575
-76.569
-76.611
-76.653
-76.518
-76.519
-76.608
