-80.236
-80.037
-80.022
-80.224
-80.038
-80.181
-79.961
-79.898
-79.498
-79.515
-79.635
-79.749
-79.591
-79.769
-79.924
-79.789
-80.023
-80.045
-79.939
-79.826
-79.625
-79.58
-79.52
-79.736
-79.678
-79.582
-79.579
-79.648
-79.452
-79.72
-79.719
-79.896
-79.498
-79.522
-79.58
-79.832
-80.149
-80.226
-80.113
-80.116
-80.372
-80.643
-80.651
-80.596
-80.557
-80.591
-80.73
-80.707
-81.031
-81.156
-81.273
-81.184
-81.34
-81.204
-81.381
-81.43
-81.407
-81.157
-80.85
-80.878
-80.796
-80.874
-80.796
-80.724
-80.959
-80.903
-81.049
-81.055
-81.005
-80.863
-80.817
-80.754
-80.879
-81.072
-80.991
-81.472
-81.492
-81.256
-81.267
-81.414
-81.408
-81.19
-81.399
-81.499
-81.538
-81.586
-81.462
-81.478
-81.37
-81.514
-81.632
-82.034
-81.722
-81.77
-81.48
-81.537
-81.435
-81.23
-81.31
-81.278
-81.062
-80.808
-80.919
-80.548
-80.587
-80.702
-80.824
-80.853
-80.845
-80.701
-80.628
-81.013
-81.078
-81.273
-81.455
-81.292
-81.352
-81.256
-81.281
-81.351
-81.341
-81.197
-81.257
-81.168
-81.216
-81.346
-81.155
-81.502
-81.527
-81.278
-81.475
-81.371
-80.84
-80.612
-80.179
-79.968
-79.401
-79.255
-78.834
-78.592
-78.149
-77.831
-77.321
-77.481
-77.23
-77.212
-77.448
-77.15
-77.167
-76.871
-76.654
-76.591
-76.452
-76.421
-76.295
-76.22
-76.074
-76.133
-76.323
-76.242
-76.263
-76.153
-76.076
-75.99
-75.817
-76.01
-75.76
-75.64
-75.627
-75.634
-75.494
-75.646
-75.788
-75.88
-75.72
-75.418
-75.613
-75.662
-75.461
-75.358
-75.561
-75.433
-74.923
-74.775
-74.898
-74.88
-74.956
-74.786
-74.802
-74.372
-74.281
-74.133
-74.154
-74.114
-73.965
-73.758
-73.807
-73.935
-74.124
-74.051
-74.031
-74.003
-74.091
-73.976
-73.917
-73.831
-73.854
-73.625
-73.693
-73.873
-73.75
-73.697
-73.66
-73.638
-73.649
-73.684
-73.579
-73.501
-73.615
-73.681
-73.919
-73.491
-73.501
-73.074
-73.24
-73.15
-72.916
-72.977
-72.905
-72.963
-72.866
-72.988
-72.837
-72.792
-72.828
-73.025
-72.733
-72.634
-72.916
-72.88
-73.08
-72.832
-72.827
-72.847
-72.885
-72.443
-72.35
-72.185
-71.978
-71.978
-71.966
-71.844
-71.985
-71.909
-71.827
-71.838
-72.034
-71.907
-71.979
-71.951
-72.247
-72.383
-72.532
-72.391
-72.311
-72.233
-72.191
-72.359
-72.378
-72.436
-72.454
-72.408
-72.3
-72.302
-72.571
-72.556
-72.515
-72.483
-72.741
-72.933
-72.68
-72.798
-72.89
-72.893
-72.811
-72.634
-72.591
-72.626
-72.783
-72.847
-72.83
-72.764
-72.884
-72.832
-72.803
-72.368
-72.553
-72.359
-72.105
-72.425
-72.214
-72.463
-72.545
-72.826
-73.23
-73.31
-73.091
-73.083
-73.15
-73.023
-73.103
-72.963
-73.256
-73.412
-73.599
-73.82
-73.956
-73.805
-73.844
-73.858
-74.095
-74.171
-74.283
-74.2
-74.148
-74.026
-74.225
-74.547
-74.587
-74.996
-74.998
-75.007
-75.091
-75.147
-74.936
-75.219
-75.293
-75.305
-75.426
-75.674
-75.838
-75.576
-75.808
-75.975
-76.214
-76.163
-76.014
-75.949
-75.867
-76.235
-76.339
-76.178
-75.965
-75.695
-75.677
-75.786
-75.805
-76.046
-76.083
-76.048
-76.055
-76.202
-75.984
-76.01
-76.09
-75.909
-75.95
-75.944
-75.869
-76.129
-76.276
-76.255
-76.108
-76.207
-76.385
-76.426
-76.583
-76.63
-76.508
-76.576
-76.624
-76.597
-76.369
-76.423
-76.182
-76.23
-76.038
-75.961
-75.825
-75.757
-75.812
-75.937
-75.764
-76.079
-75.888
-76.093
-75.916
-76.077
-75.93
-76.177
-75.711
-75.524
-75.433
-75.315
-75.461
-75.475
-75.623
-75.796
-75.619
-75.879
-75.78
-75.527
-75.719
-75.77
-75.584
-75.699
-75.442
-75.134
-75.332
-75.083
-75.275
-74.949
-75.028
-74.929
-75.082
-74.729
-74.867
-75.008
-74.844
-74.763
-74.407
-74.085
-73.877
-73.655
-73.527
-73.229
-72.735
-72.796
-72.475
-72.35
-72.114
-71.981
-71.62
-71.324
-70.973
-70.955
-70.597
-70.409
-70.244
-69.763
-69.981
-69.922
-69.534
-69.33
-69.11
-68.861
-68.596
-68.659
-68.364
-68.323
-68.04
-67.939
-67.818
-67.559
-67.428
-67.386
-67.52
-67.607
-67.568
-67.586
-67.69
-67.884
-67.728
-67.629
-67.402
-67.202
-67.208
-67.497
-67.511
-67.408
-67.152
-66.944
-67.005
-67.029
-67.011
-66.94
-66.939
-67.017
-67.112
-67.002
-67.006
-67.111
-67.246
-67.452
-67.331
-67.551
-67.502
-67.568
-67.724
-67.779
-67.628
-67.691
-67.682
-67.574
-67.575
-67.971
-68.051
-68.015
-68.032
-67.911
-67.75
-67.783
-67.714
-67.187
-67.302
-67.472
-67.489
-67.747
-67.618
-67.62
-67.469
-67.539
-67.949
-68.108
-67.899
-67.932
-68.046
-67.973
-68.011
-67.702
-68.003
-67.871
-67.785
-67.744
-67.743
-67.696
-67.56
-67.683
-67.673
-67.759
-67.693
-67.804
-67.808
-67.907
-68.016
-67.862
-68.27
-68.187
-68.388
-68.319
-68.407
-68.451
-68.317
-68.512
-68.213
-68.093
-68.299
-68.396
-68.405
-68.272
-68.277
-67.917
-67.924
-68.055
-68.332
-68.33
-68.401
-68.398
-68.37
-68.337
-68.134
-68.169
-68.253
-68.281
-67.875
-68.001
-67.932
-68.264
-68.391
-68.602
-68.735
-68.931
-69.04
-69.126
-68.976
-69.109
-68.875
-69.184
-69.126
-69.429
-69.635
-69.437
-69.307
-69.481
-69.731
-69.738
-69.897
-69.539
-69.613
-69.743
-69.898
-69.898
-69.924
-70.253
-70.348
-70.328
-70.382
-70.127
-70.402
-70.725
-70.653
-70.756
-70.767
-70.86
-70.797
-70.787
-71.003
-71.209
-71.292
-71.145
-71.08
-71.094
-71.134
-70.959
-71.009
-71.26
-71.151
-71.11
-70.907
-71.009
-70.915
-71.158
-70.824
-70.882
-71.285
-70.955
-71.21
-70.988
-71.217
-71.391
-71.163
-71.305
-71.264
-71.599
-71.566
-71.609
-71.613
-71.518
-71.217
-71.239
-71.23
-71.281
-71.352
-71.191
-71.143
-71.131
-71.313
-71.028
-70.827
-70.849
-71.133
-70.839
-71.056
-70.997
-70.876
-70.962
-70.825
-71.242
-71.367
-71.447
-71.285
-71.344
-71.346
-71.409
-71.388
-71.502
-71.525
-71.395
-71.683
-71.507
-71.627
-71.863
-71.627
-71.768
-71.523
-71.65
-71.599
-71.98
-72.342
-72.407
-72.53
-72.521
-72.312
-72.346
-72.022
-71.79
-72.204
-72.283
-72.121
-72.264
-72.199
-72.163
-71.999
-72.158
-72.152
-72.095
-72.188
-72.26
-72.337
-72.175
-71.899
-71.897
-71.904
-71.633
-71.524
-71.525
-71.467
-71.439
-71.201
-70.939
-70.934
-71.073
-70.922
-70.877
-70.831
-71.123
-71.169
-71.12
-70.983
-71.011
-70.815
-70.796
-70.93
-71.208
-71.148
-71.223
-71.057
-71.083
-71.111
-71.178
-71.069
-71.163
-70.969
-70.996
-71.029
-70.886
-70.75
-70.725
-70.396
-70.621
-70.439
-70.812
-71.002
-71.212
-70.993
-70.979
-70.578
-70.492
-70.57
-70.574
-70.527
-70.926
-70.881
-70.869
-70.983
-71.016
-71.083
-70.797
-70.848
-71.001
-71.052
-71.036
-71.238
-70.99
-71.06
-71.193
-71.431
-71.339
-71.512
-71.782
-71.658
-71.531
-71.459
-71.58
-71.41
-71.836
-72.036
-71.959
-71.91
-72.234
-72.403
-72.427
-72.552
-72.654
-72.642
-72.641
-72.378
-72.573
-72.617
-72.818
-72.495
-72.313
-72.478
-72.78
-72.8
-73.164
-72.998
-72.924
-72.463
-72.715
-72.925
-72.653
-72.764
-72.9
-73.251
-73.074
-73.098
-72.975
-73.268
-73.308
-73.182
-73.102
-73.446
-73.334
-73.535
-73.901
-74.05
-74.011
-73.71
-73.611
-73.979
-73.758
-73.458
-73.575
-73.631
-73.64
-73.444
-73.581
-73.827
-73.332
-73.373
-73.372
-73.347
-73.212
-73.201
-73.114
-73.098
-73.132
-73.039
-73.139
-73.137
-73.134
-73.153
-73.068
-73.048
-73.049
-72.799
-72.654
-72.652
-72.477
-72.389
-72.211
-72.096
-71.895
-72.188
-72.465
-72.474
-72.32
-72.525
-72.592
-72.902
-72.875
-72.764
-72.596
-72.594
-72.563
-72.462
-72.355
-72.132
-72.132
-71.69
-71.819
-72.061
-72.314
-72.181
-72.22
-72.345
-72.443
-72.642
-72.523
-72.263
-72.257
-72.45
-72.255
-72.195
-72.265
-72.329
-72.506
-72.331
-72.28
-72.12
-72.22
-72.586
-72.702
-72.761
-72.685
-72.595
-72.712
-72.769
-72.798
-72.897
-72.839
-72.942
-72.729
-72.628
-72.675
-72.717
-72.6
-72.681
-72.693
-72.441
-72.256
-72.223
-72.193
-72.252
-72.146
-72.177
-72.277
-72.412
-72.092
-71.819
-71.948
-71.753
-71.615
-71.656
-71.784
-71.85
-72.034
-72.02
-72.033
-71.851
-72.005
-72.119
-71.876
-72.118
-72.043
-71.696
-71.58
-71.878
-71.923
-72.174
-72.083
-72.067
-72.051
-71.93
-72.011
-72.413
-72.357
-72.429
-72.393
-72.589
-72.74
-73.026
-72.759
-72.729
-72.926
-72.692
-73.018
-73.35
-73.347
-73.358
-73.426
-73.524
-73.545
-73.481
-73.425
-73.427
-73.504
-73.777
-73.674
-73.519
-73.77
-74.09
-74.223
-74.348
-74.301
-74.266
-74.145
-74.193
-74.089
-74.423
-74.501
-74.497
-74.216
-73.908
-73.821
-73.818
-73.982
-73.892
-73.777
-74.042
