-76.822
-77.006
-77.289
-77.244
-77.33
-77.263
-77.238
-77.024
-77.071
-76.908
-76.869
-77.145
-76.84
-76.666
-76.655
-76.62
-76.366
-76.083
-76.084
-76.149
-76.228
-76.11
-75.933
-75.888
-75.882
-76.06
-76.293
-76.159
-75.902
-75.675
-75.592
-75.693
-75.551
-75.617
-75.528
-75.646
-75.774
-75.803
-75.586
-75.283
-75.359
-75.061
-74.935
-74.803
-74.803
-74.947
-74.686
-74.738
-74.792
-74.746
-74.547
-74.355
-74.561
-74.515
-74.791
-74.873
-75.086
-74.797
-74.958
-74.851
-74.789
-74.962
-74.922
-74.805
-74.8
-74.9
-74.762
-74.873
-74.737
-74.572
-74.681
-74.395
-74.245
-74.138
-74.055
-73.898
-73.913
-74.14
-74.069
-74.125
-74.268
-74.203
-74.241
-74.325
-74.433
-74.504
-74.762
-74.88
-74.735
-74.911
-74.879
-74.85
-75.051
-75.06
-75.043
-74.957
-75.011
-75.078
-75.084
-74.951
-74.917
-74.897
-75.042
-75.148
-75.062
-74.807
-74.845
-75.133
-75.041
-75.433
-75.12
-75.095
-74.936
-74.559
-74.455
-74.297
-74.358
-74.215
-74.385
-74.716
-74.774
-74.543
-74.557
-74.805
-74.577
-74.332
-74.457
-74.314
-74.422
-74.393
-74.255
-74.106
-73.832
-73.38
-73.197
-72.974
-72.528
-72.289
-71.88
-71.578
-71.147
-70.653
-70.416
-70.039
-69.881
-69.526
-69.273
-69.246
-68.922
-68.975
-68.939
-69.136
-68.898
-68.806
-68.83
-68.608
-68.503
-68.614
-68.658
-68.561
-68.432
-68.566
-68.369
-68.181
-68.296
-68.118
-68.052
-68.101
-68.197
-67.966
-67.816
-67.599
-67.507
-67.703
-67.71
-67.865
-67.594
-67.351
-67.462
-67.467
-67.284
-67.134
-67.072
-67.108
-66.912
-67.068
-67.033
-67.015
-67.043
-67.14
-67.201
-67.03
-66.849
-67.051
-67.165
-67.208
-67.123
-67.094
-67.181
-67.251
-67.166
-66.944
-67.031
-67.121
-67.422
-67.632
-67.584
-67.351
-67.479
-67.27
-67.415
-67.181
-67.071
-67.013
-66.828
-66.804
-66.911
-67.001
-67.042
-67.1
-66.991
-66.754
-66.652
-66.795
-66.96
-67.164
-67.137
-67.005
-67.082
-67.214
-67.137
-67.047
-67.079
-67.094
-67.208
-67.077
-66.996
-67.26
-66.988
-66.972
-66.921
-66.859
-66.919
-67.133
-67.325
-67.203
-67.419
-67.413
-67.634
-67.647
-67.486
-67.282
-67.291
-67.119
-67.306
-67.215
-67.064
-67.21
-67.098
-67.103
-67.236
-67.08
-67.06
-67.047
-66.855
-66.85
-66.849
-66.812
-66.911
-67.201
-67.375
-67.437
-67.364
-67.596
-67.727
-67.716
-67.646
-67.699
-67.32
-67.212
-67.434
-67.256
-67.5
-67.44
-67.505
-67.529
-67.444
-67.329
-67.51
-67.33
-67.451
-67.733
-67.868
-67.991
-68.289
-68.304
-68.413
-68.517
-68.688
-68.87
-68.781
-68.745
-68.732
-68.519
-68.503
-68.245
-68.097
-68.342
-68.393
-68.46
-68.415
-68.518
-68.525
-68.549
-68.604
-68.839
-68.86
-68.925
-69.015
-69.133
-69.116
-68.896
-68.983
-68.915
-68.89
-68.792
-68.583
-68.268
-68.257
-67.944
-67.809
-67.569
-67.48
-67.436
-67.363
-67.249
-66.883
-66.62
-66.404
-66.189
-66.138
-66.051
-65.7
-65.569
-65.449
-65.127
-65.155
-64.943
-64.767
-64.854
-64.701
-64.744
-64.558
-64.335
-64.28
-64.388
-64.286
-64.087
-64.344
-64.382
-64.326
-64.369
-64.268
-64.254
-64.286
-64.286
-64.159
-64.143
-64.002
-63.77
-63.613
-63.266
-62.951
-62.413
-62.293
-61.956
-61.754
-61.461
-60.842
-60.48
-60.476
-60.399
-60.132
-59.706
-59.456
-59.478
-59.426
-59.321
-59.276
-59.32
-59.093
-58.724
-58.779
-58.62
-58.305
-58.217
-57.617
-57.373
-56.893
-56.261
-55.733
-55.416
-55.282
-54.979
-54.542
-53.866
-52.92
-51.764
-50.3
-47.994
-45
-45
-45
-45
-45
-45
-45
-45
-45
-45
-45
-45
-45
-45
-49.187
-56.247
-61.806
-65.543
-68.105
-69.723
-70.704
-71.6
-72.21
-72.713
-72.973
-73.054
-73.258
-73.383
-73.607
-73.744
-73.556
-73.868
-74.135
-74.284
-74.25
-74.373
-74.424
-74.463
-74.319
-74.071
-73.973
-73.964
-73.712
-73.708
-73.752
-73.751
-73.794
-73.892
-74.282
-74.282
-74.524
-74.561
-74.322
-74.073
-74.052
-74.069
-73.993
-73.793
-73.721
-73.751
-73.866
-73.866
-73.69
-73.778
-73.671
-73.82
-73.954
-74.186
-74.124
-73.973
-73.992
-74.355
-74.364
-74.242
-74.438
-74.424
-74.414
-74.487
-74.421
-74.677
-74.995
-74.95
-74.657
-74.76
-74.77
-74.581
-74.956
-74.921
-74.639
-75.047
-75.16
-75.287
-75.042
-74.867
-74.87
-74.898
-75.142
-75.319
-75.553
-75.438
-75.267
-75.419
-75.265
-75.656
-75.588
-75.639
-75.466
-75.591
-75.589
-75.33
-75.343
-75.086
-74.777
-74.781
-74.699
-74.697
-74.494
-74.447
-74.834
-75.051
-74.891
-75.032
-75.253
-75.249
-75.108
-75.012
-75.156
-75.194
-75.355
-75.64
-75.647
-75.596
-75.489
-75.499
-75.228
-75.406
-75.594
-75.729
-75.845
-75.974
-76.185
-76.083
-75.757
-75.787
-75.651
-75.349
-75.455
-75.191
-75.137
-75.188
-75.177
-74.908
-74.951
-75.054
-75.257
-75.785
-75.684
-75.63
-75.857
-75.938
-75.894
-75.999
-76.084
-75.924
-76.26
-76.412
-76.712
-76.573
-76.451
-76.066
-76.18
-76.349
-76.27
-76.272
-76.225
-75.873
-75.642
-75.777
-75.751
-75.826
-75.995
-75.73
-75.797
-75.765
-75.582
-75.577
-75.729
-75.813
-75.847
-75.507
-75.451
-75.421
-75.667
-75.927
-75.794
-75.863
-75.81
-75.81
-75.655
-75.684
-75.433
-75.52
-75.934
-75.793
-75.694
-75.664
-75.791
-76.147
-76.101
-76.267
-76.325
-76.526
-76.648
-76.841
-76.733
-76.765
-76.834
-76.9
-76.982
-76.765
-77.153
-77.202
-77.54
-77.684
-77.531
-77.571
-77.89
-78.055
-78.031
-78.207
-78.102
-78.251
-77.981
-77.875
-77.815
-77.939
-77.757
-77.732
-77.361
-77.528
-77.783
-77.715
-77.508
-77.26
-77.362
-77.129
-77.18
-77.259
-77.034
-77.178
-77.196
-77.192
-77.2
-77.223
-77.342
-77.596
-77.458
-77.509
-77.559
-77.591
-77.588
-77.381
-77.456
-77.409
-77.52
-77.561
-77.59
-77.535
-77.215
-77.243
-77.069
-76.908
-76.718
-76.705
-76.75
-76.671
-76.491
-76.793
-76.709
-76.593
-76.473
-76.483
-76.838
-77.13
-76.863
-76.886
-76.618
-76.787
-76.729
-76.548
-76.535
-76.827
-76.89
-77.026
-77.132
-77.057
-77.007
-77.09
-77.252
-77.295
-77.123
-76.897
-77.045
-76.909
-76.894
-77.099
-77.127
-77.101
-76.992
-76.909
-76.627
-76.419
-76.383
-76.141
-75.972
-76.105
-76.137
-76.302
-76.178
-76.094
-76.29
-76.575
-76.687
-76.929
-77.167
-77.484
-77.658
-77.782
-77.607
-77.606
-77.591
-77.855
-77.785
-77.759
-78.079
-78.22
-78.383
-78.224
-78.215
-78.169
-77.953
-78.09
-78.234
-78.676
-78.771
-78.733
-79.151
-78.93
-78.801
-78.772
-78.653
-78.895
-78.793
-78.693
-78.699
-78.816
-78.965
-78.904
-78.752
-78.577
-78.782
-79.066
-79.005
-79.001
-79.18
-79.141
-79.093
-79.243
-79.34
-79.7
-79.659
-79.83
-79.761
-79.864
-79.776
-80.113
-80.043
-80.018
-80.316
-80.421
-80.637
-80.635
-80.846
-80.439
-80.651
-80.38
-80.463
-80.705
-80.786
-80.727
-80.917
-81.018
-81.166
-80.958
-81.221
-81.288
-81.205
-81.485
-81.824
-81.771
-81.684
-81.698
-81.746
-81.658
-81.74
-81.966
-81.815
-81.813
-81.954
-82.089
-82.284
-82.341
-82.699
-82.632
-82.633
-82.499
-82.593
-82.488
-82.826
-82.703
-82.739
-82.638
-82.762
-82.859
-82.814
-82.776
-82.685
-82.655
-82.39
-82.194
-82.086
-82.202
-81.987
-82.011
-82.108
-82.058
-81.671
-81.343
-81.323
-81.247
-81.308
-81.35
-81.432
-81.352
-81.563
-81.636
-81.564
-81.481
-81.534
-81.669
-81.587
-81.635
-81.588
-81.524
-81.63
-81.813
-81.976
-81.85
-81.822
-82.112
-81.918
-81.918
-81.991
-81.829
-81.984
-81.656
-81.852
-81.996
-81.972
-81.887
-81.8
-81.908
-81.759
-82.212
-82.219
-81.908
-81.917
-81.703
-81.621
-81.763
-81.852
-82.078
-81.816
-81.971
-82.229
-82.496
-82.224
-82.431
-82.461
-82.711
-82.809
-83.101
-83.185
-83.305
-83.473
-83.617
-83.603
-83.728
-83.693
-83.594
-83.795
-83.885
-83.611
-83.902
-83.962
-83.964
-83.913
-83.958
-83.941
-83.656
-83.564
-83.283
-83.123
-82.86
-82.787
-82.543
-82.592
-82.346
-82.331
-82.37
-82.465
-82.516
-82.236
-82.215
-82.137
-82.197
-82.34
-82.407
-82.344
-82.446
-82.06
-82.226
-82.018
-82.411
-82.539
-82.609
-82.697
-82.65
-82.497
-82.482
-82.51
-82.666
-82.537
-82.197
-82.477
-82.652
-82.724
-82.551
-82.867
-82.943
-83.053
-83.079
-83.261
-83.549
-83.499
-83.356
-83.424
-83.197
-83.257
-83.216
-83.476
-83.473
-83.629
-83.502
-83.546
-83.631
-83.884
-84.065
-84.315
-84.323
-84.134
-84.225
-84.431
-84.252
-84.217
-84.246
-84.377
-84.375
-84.491
-84.384
-84.329
-84.571
-84.637
-84.818
-84.821
-84.641
-84.639
-84.568
-84.655
-84.754
-84.752
