-78.436
-78.441
-78.599
-78.467
-78.485
-78.562
-78.944
-78.953
-79.044
-79.405
-79.581
-79.588
-79.656
-79.622
-79.801
-79.96
-79.86
-79.923
-79.87
-80.151
-79.916
-79.785
-79.82
-79.813
-79.839
-79.856
-80.058
-80.367
-80.422
-80.489
-80.664
-80.801
-80.892
-80.762
-80.603
-80.986
-80.968
-81.02
-80.885
-81.048
-80.86
-80.627
-80.783
-80.987
-80.924
-80.988
-81.038
-81.168
-80.946
-80.805
-81.119
-81.175
-81.051
-81.037
-80.516
-80.16
-79.96
-79.902
-79.979
-79.863
-79.878
-79.698
-79.905
-80.06
-79.999
-80.239
-80.08
-80.045
-79.968
-79.808
-80.099
-79.939
-80.098
-80.104
-79.888
-79.742
-80.035
-79.801
-79.916
-79.863
-79.623
-79.946
-80.045
-80.256
-80.111
-80.206
-80.103
-80.15
-80.075
-79.996
-79.929
-79.93
-80.133
-80.117
-79.968
-80.055
-79.967
-80.032
-80.368
-80.206
-79.983
-79.783
-79.784
-79.946
-79.985
-80
-80.036
-79.875
-79.973
-79.923
-79.951
-79.994
-80.009
-79.626
-79.753
-80.004
-79.802
-80.052
-79.983
-80.027
-79.935
-80.106
-80.005
-80.195
-80.177
-80.362
-80.231
-80.178
-80.077
-80.038
-79.904
-79.917
-79.69
-79.495
-79.228
-79.342
-79.415
-79.203
-79.034
-78.947
-79.032
-79.11
-78.915
-79.021
-79.119
-79.046
-78.942
-78.92
-79.12
-79.079
-78.793
-78.834
-78.565
-78.477
-78.34
-78.278
-78.585
-78.53
-78.421
-78.55
-78.409
-78.386
-78.363
-78.262
-78.139
-78.392
-78.378
-78.153
-78.429
-78.308
-78.374
-78.547
-78.747
-78.751
-78.807
-78.939
-79.033
-79.064
-78.867
-79.06
-78.983
-78.977
-78.775
-78.416
-78.609
-78.698
-78.797
-78.838
-78.998
-79.157
-79.185
-79.567
-79.736
-79.716
-79.69
-79.632
-79.964
-79.972
-79.932
-79.743
-79.623
-79.702
-79.377
-79.588
-79.384
-79.49
-79.61
-79.492
-79.365
-79.451
-79.444
-79.505
-79.343
-79.337
-79.54
-79.309
-79.591
-79.863
-80.129
-79.989
-79.824
-79.877
-79.959
-79.859
-79.939
-79.927
-79.825
-79.703
-79.486
-79.825
-79.884
-79.92
-79.692
-79.886
-79.594
-79.721
-79.843
-79.766
-79.922
-80.051
-79.839
-79.855
-79.792
-79.769
-79.642
-79.9
-80.002
-79.93
-80.076
-79.962
-80.07
-79.971
-79.795
-79.866
-79.633
-79.617
-79.723
-79.361
-79.634
-79.539
-79.152
-79.134
-79.137
-79.323
-79.35
-79.339
-79.453
-79.481
-79.256
-78.86
-78.596
-78.411
-77.983
-77.685
-77.749
-77.72
-77.757
-77.661
-77.474
-77.235
-77.142
-76.944
-77.205
-77.428
-77.357
-77.541
-77.384
-77.271
-76.913
-77.027
-76.776
-76.811
-76.952
-76.966
-77.046
-76.88
-76.908
-77.122
-77.312
-77.283
-77.552
-77.66
-77.683
-77.443
-77.187
-77.379
-77.746
-77.636
-77.923
-78.219
-78.179
-78.419
-78.399
-78.511
-78.77
-78.924
-79.069
-79.078
-78.883
-78.819
-78.831
-78.825
-79.005
-78.913
-79.038
-79.103
-78.75
-78.644
-78.39
-78.378
-78.317
-78.492
-78.576
-78.584
-78.695
-78.904
-79.02
-78.926
-78.857
-78.614
-78.713
-78.95
-79.048
-78.905
-78.965
-79.112
-78.932
-78.855
-78.997
-78.922
-79.088
-79.04
-79.071
-78.99
-78.89
-78.684
-78.65
-78.621
-78.483
-78.738
-78.552
-78.606
-78.361
-78.461
-78.603
-78.681
-78.892
-79.12
-79.186
-79.637
-79.743
-79.843
-79.805
-79.835
-79.692
-79.809
-79.886
-79.995
-80.084
-80.003
-80.062
-80.443
-80.434
-80.352
-80.395
-80.459
-80.481
-80.495
-80.563
-80.489
-80.491
-80.51
-80.187
-80.26
-80.294
-80.271
-80.342
-80.13
-80.026
-80.028
-80.321
-80.373
-80.302
-80.49
-80.444
-80.469
-80.648
-80.56
-80.523
-80.7
-80.609
-80.581
-80.446
-80.409
-80.425
-80.445
-80.387
-80.577
-80.814
-80.769
-80.689
-80.901
-81.089
-81.275
-81.182
-81.209
-81.084
-80.633
-80.185
-79.994
-80.055
-79.799
-80.055
-80.346
-80.094
-80.139
-80.232
-80.241
-80.027
-80.189
-80.356
-80.382
-80.094
-80.138
-80.034
-80.003
-80.084
-80.061
-80.229
-79.956
-79.866
-80.006
-79.853
-79.828
-80.137
-80.009
-80.33
-80.228
-80.048
-79.762
-79.481
-79.847
-79.841
-79.984
-80.139
-80.131
-80.125
-80.025
-79.912
-79.866
-79.86
-79.954
-79.794
-80.146
-79.938
-79.914
-79.751
-80.039
-79.894
-79.901
-80.069
-80.264
-80.372
-80.325
-80.347
-80.339
-80.278
-80.397
-80.461
-80.508
-80.323
-80.102
-80.041
-79.684
-79.824
-80.047
-80.172
-80.141
-80.117
-80.221
-80.18
-79.918
-79.898
-79.811
-80.107
-80.12
-80.268
-80.325
-80.294
-80.22
-80.455
-80.278
-80.034
-80.226
-80.391
-80.022
-80.159
-80.133
-80.005
-80.117
-79.828
-79.881
-80.013
-79.978
-80.147
-80.065
-80.036
-79.883
-80.083
-80.044
-80.071
-80.008
-80.02
-80
-79.899
-80.082
-80.075
-80.066
-79.921
-79.774
-79.678
-79.561
-79.458
-79.475
-79.603
-79.542
-79.588
-79.713
-79.734
-79.906
-79.865
-80.009
-80.065
-80.37
-80.405
-80.294
-80.007
-80.225
-80.197
-80.311
-80.56
-80.513
-80.66
-80.878
-80.808
-80.929
-80.948
-81.19
-80.901
-80.752
-80.872
-80.966
-80.974
-80.781
-80.862
-80.631
-80.555
-80.489
-80.577
-80.304
-80.368
-80.53
-80.176
-80.07
-79.793
-79.784
-79.546
-79.432
-79.251
-78.893
-78.902
-78.754
-78.595
-78.627
-78.832
-78.865
-79.078
-78.879
-78.94
-79.015
-79.019
-79.157
-79.432
-79.651
-79.866
-79.814
-79.768
-79.917
-80.129
-79.927
-79.926
-79.849
-79.69
-80.021
-80.046
-80.348
-80.296
-80.369
-80.468
-80.49
-80.536
-80.335
-80.258
-80.527
-80.077
-80.24
-80.358
-80.386
-80.177
-80.299
-80.346
-80.55
-80.495
-80.811
-80.51
-80.383
-80.387
-80.452
-80.423
-80.349
-80.506
-80.315
-80.515
-80.876
-81.082
-81.217
-81.48
-81.449
-81.321
-81.097
-80.931
-80.757
-80.687
-80.808
-80.797
-80.838
-81.003
-80.862
-80.907
-80.856
-80.778
-80.708
-80.451
-80.206
-80.113
-80.035
-80.024
-79.791
-79.672
-79.527
-79.653
-79.675
-79.571
-79.769
-79.68
-79.665
-79.406
-79.555
-79.766
-79.787
-79.901
-79.735
-79.752
-79.946
-79.727
-80.1
-80.198
-80.286
-80.306
-80.341
-80.117
-80.522
-80.5
-80.335
-80.253
-80.079
-80.02
-80.136
-80.167
-80.296
-80.288
-80.297
-80.414
-80.454
-80.289
-80.183
-80.166
-80.087
-79.955
-79.795
-79.594
-79.657
-79.525
-79.443
-79.421
-79.557
-79.499
-79.542
-79.381
-79.271
-79.199
-79.135
-79.048
-78.83
-78.701
-78.669
-78.842
-78.72
-78.859
-78.822
-78.897
-78.87
-78.996
-79.199
-79.486
-79.251
-79.308
-79.282
-79.266
-79.377
-79.752
-79.445
-79.347
-79.257
-79.104
-79.163
-78.949
-79.107
-79.082
-79.219
-79.319
-79.266
-79.097
-79.069
-79.188
-79.208
-78.694
-78.379
-78.391
-78.444
-78.421
-78.574
-78.836
-78.914
-79.032
-79.135
-79.284
-79.59
-79.606
-79.621
-79.738
-79.675
-79.869
-79.97
-79.914
-79.97
-80.224
-80.143
-80.292
-80.219
-80.367
-80.32
-80.477
-80.644
-80.699
-80.783
-80.71
-80.648
-80.578
-80.314
-80.089
-79.993
-79.826
-79.909
-80.053
-80.087
-80.284
-80.057
-79.872
-79.816
-79.662
-79.711
-80.065
-80.116
-79.848
-79.933
-79.753
-79.77
-79.824
-79.823
-79.722
-79.983
-80.205
-80.336
-80.553
-80.488
-80.325
-80.19
-80.228
-80.176
-80.122
-80.066
-80.266
-80.135
-80.294
-80.257
-80.407
-80.42
-80.317
-80.201
-80.203
-80.448
-80.481
-80.479
-80.447
-80.178
-80.268
-80.186
-80.03
-79.733
-79.602
-79.759
-79.818
-79.765
-79.727
-79.761
-79.885
-79.59
-79.804
-79.677
-79.746
-79.836
-79.945
-79.973
-79.776
-79.51
-79.723
-79.365
-79.303
-79.3
-79.078
-79.028
-79.015
-79.153
-79.327
-79.624
-79.714
-79.484
-79.56
-79.731
-79.812
-79.96
-80.197
-80.377
-80.372
-80.168
-80.27
-80.298
-80.162
-80.184
-80.075
-80.041
-79.821
-79.488
-79.788
-79.767
-79.578
-80.035
-79.946
-80.004
-79.999
-79.915
-79.849
-79.651
-79.787
-79.635
-79.481
-79.348
-79.126
-79.006
-78.957
-78.844
-79.025
-78.945
-79.174
-79.054
-79.154
-78.859
-79.287
-79.205
-79.182
-79.066
-79.136
-79.48
-79.297
-79.218
-79.186
-79.425
-79.395
-79.587
-79.324
-79.523
-79.25
-78.931
-78.789
-79.117
-79.143
-79.321
-79.326
-79.312
-79.319
-79.351
-79.444
-79.462
-79.42
-79.43
-79.593
-79.526
-79.861
-80.095
-79.757
-79.675
-79.551
-79.366
-79.583
-79.75
-79.467
-79.533
-79.613
-79.339
-79.35
-79.385
-79.288
-79.278
-79.211
-79.226
-79.14
-79.161
-79.127
-79.176
-78.994
-79.063
-79.493
-79.353
-79.418
-79.167
-79.382
-79.418
-79.223
-79.067
-79.162
-79.028
-78.992
-79.106
-79.211
-79.127
-79.215
-79.108
-79.093
-79.209
-79.393
-79.299
-79.318
-79.48
-79.542
-79.319
-79.306
-79.116
-79.092
-79.035
-79.043
-79.322
-79.195
-79.276
-79.28
-79.259
-79.171
-79.222
-79.509
-79.5
-79.497
