-78.653
-78.714
-78.871
-78.762
-78.855
-78.752
-78.593
-78.687
-78.636
-78.458
-78.524
-78.602
-78.806
-78.652
-78.641
-78.772
-78.904
-79.144
-79.259
-79.191
-79.308
-79.173
-79.368
-79.246
-79.207
-79.328
-79.307
-79.736
-79.737
-79.702
-79.621
-79.498
-79.518
-79.344
-79.282
-79.018
-79.096
-79.56
-79.773
-79.718
-79.624
-79.383
-79.387
-79.565
-79.878
-79.849
-79.694
-79.645
-79.929
-79.932
-80.003
-79.808
-79.99
-79.97
-80.075
-80.069
-80.066
-79.986
-80.143
-79.949
-79.957
-80.065
-80.157
-80.266
-80.431
-80.277
-80.369
-80.398
-80.285
-80.145
-80.096
-79.75
-79.728
-79.797
-79.839
-79.921
-79.881
-79.623
-79.715
-79.48
-79.727
-79.687
-79.667
-79.91
-79.823
-79.614
-79.763
-79.619
-79.457
-79.553
-79.319
-79.218
-79.496
-79.636
-79.732
-79.706
-79.533
-79.678
-79.536
-79.364
-79.185
-79.205
-79.423
-79.395
-79.589
-79.801
-79.772
-79.914
-79.763
-80.208
-80.288
-80.357
-79.927
-79.777
-79.612
-79.674
-79.844
-79.657
-79.702
-79.802
-80.181
-80.338
-80.349
-80.371
-80.494
-80.127
-80.149
-80.042
-80.1
-80.265
-80.299
-80.431
-80.38
-80.29
-80.373
-80.337
-80.157
-80.102
-80.22
-80.132
-80.023
-79.926
-79.874
-79.899
-79.948
-80.035
-80.206
-79.966
-80.103
-79.856
-79.682
-79.837
-79.982
-80.022
-79.84
-80.178
-80.33
-80.502
-80.318
-80.318
-80.356
-80.316
-80.411
-80.138
-80.124
-79.958
-79.791
-79.785
-79.604
-79.895
-79.819
-80.115
-80.099
-79.985
-79.969
-79.992
-79.965
-79.733
-79.873
-79.895
-79.809
-79.805
-79.965
-79.946
-79.997
-80.044
-80.035
-80.222
-80.119
-80.133
-79.979
-79.877
-79.96
-80.038
-79.811
-79.784
-79.726
-79.59
-79.805
-79.879
-79.769
-79.878
-79.82
-79.989
-80.041
-79.81
-80.174
-80.28
-80.1
-80.393
-80.196
-80.2
-80.331
-80.102
-80.001
-79.961
-79.991
-80.285
-80.215
-80.201
-80.126
-80.23
-79.983
-80.048
-80.107
-79.943
-79.94
-80.076
-79.994
-79.977
-80.111
-79.841
-79.468
-79.849
-79.579
-79.822
-79.993
-80.039
-80.033
-79.989
-80.224
-80.475
-80.474
-80.135
-80.167
-80.145
-80.127
-80.136
-80.118
-80.221
-79.996
-79.881
-79.848
-79.925
-79.583
-79.53
-79.584
-79.746
-79.546
-79.519
-79.741
-79.722
-79.82
-79.984
-79.786
-80.139
-79.995
-79.973
-80.095
-79.838
-79.945
-79.957
-80.181
-80.331
-80.422
-80.556
-80.678
-80.496
-80.183
-80.208
-80.053
-79.97
-79.992
-80.003
-80.058
-80.143
-80.13
-80.032
-79.868
-79.574
-79.859
-79.909
-79.979
-80.128
-80.043
-79.774
-79.923
-79.992
-79.884
-79.601
-79.554
-79.69
-79.789
-79.754
-79.773
-79.742
-79.902
-79.611
-79.799
-79.748
-79.924
-79.655
-79.639
-79.876
-79.739
-79.881
-79.907
-80.095
-79.974
-80.019
-79.819
-79.784
-79.781
-79.865
-80.065
-79.881
-79.867
-79.926
-79.834
-79.732
-79.813
-79.731
-79.748
-79.692
-79.617
-80.047
-79.957
-79.971
-79.974
-79.991
-80.03
-79.815
-79.551
-79.633
-79.481
-79.401
-79.317
-79.43
-79.737
-79.591
-79.68
-79.647
-79.696
-79.53
-79.344
-79.479
-79.407
-79.714
-79.593
-79.639
-79.548
-79.577
-79.352
-79.433
-79.478
-79.863
-79.936
-80.078
-80.023
-80.043
-80.026
-79.978
-80.062
-79.996
-79.815
-79.962
-79.844
-79.826
-79.899
-79.898
-79.472
-79.468
-79.706
-79.55
-79.372
-79.402
-79.232
-79.477
-79.435
-79.454
-79.453
-79.695
-79.73
-79.611
-79.375
-79.456
-79.523
-79.405
-79.373
-79.536
-79.133
-79.1
-79.186
-78.945
-79.356
-79.805
-80.054
-79.772
-79.54
-79.534
-79.337
-79.486
-79.277
-79.341
-79.218
-79.327
-79.67
-79.726
-80.064
-80.276
-80.464
-80.227
-80.305
-80.099
-79.695
-79.48
-78.882
-78.636
-78.855
-78.851
-78.48
-78.259
-78.122
-77.836
-77.457
-77.057
-76.733
-76.346
-75.917
-75.66
-75.375
-75.005
-74.914
-74.616
-74.502
-74.366
-74.4
-74.287
-73.959
-73.694
-74.188
-75.063
-75.943
-76.553
-77.14
-77.789
-78.293
-78.898
-79.263
-79.307
-79.422
-79.707
-79.691
-79.588
-79.522
-79.72
-79.717
-79.68
-79.691
-79.619
-79.602
-79.596
-79.51
-79.457
-79.617
-79.642
-79.781
-79.698
-79.63
-79.621
-79.691
-79.713
-79.54
-79.473
-79.451
-79.582
-79.575
-79.643
-79.7
-79.233
-79.493
-79.855
-80.129
-80.058
-79.975
-79.981
-79.794
-79.619
-79.845
-79.749
-79.778
-79.774
-79.642
-79.721
-79.488
-79.645
-79.869
-79.951
-80.064
-79.934
-79.891
-79.591
-79.734
-79.487
-79.671
-79.633
-79.688
-79.535
-79.619
-80.023
-80.091
-80.036
-80.112
-80.051
-79.855
-79.745
-80.064
-80.221
-80.044
-80.204
-79.955
-79.754
-79.901
-80.042
-80.035
-79.886
-79.925
-80.105
-80.064
-79.752
-79.928
-79.931
-80.191
-79.991
-80.117
-80.106
-80.103
-80.342
-80.226
-79.915
-79.863
-79.852
-79.953
-80.077
-79.868
-80.24
-80.103
-80.008
-80.212
-80.07
-79.969
-79.904
-80.077
-80.186
-80.276
-80.037
-80.052
-79.893
-80.08
-79.867
-79.87
-79.851
-79.962
-79.868
-80.109
-80.075
-79.942
-79.686
-79.815
-79.721
-79.784
-79.784
-79.99
-80.172
-80.181
-80.012
-79.872
-79.95
-80.089
-79.936
-79.985
-80.201
-80.128
-79.981
-80.012
-80.112
-80.094
-80.059
-79.997
-80.053
-80.146
-80.196
-80.092
-79.891
-79.953
-80.083
-80.438
-80.365
-80.444
-80.459
-80.225
-80.024
-79.934
-80.127
-80.059
-79.957
-79.916
-79.839
-79.855
-79.722
-79.926
-79.903
-79.896
-79.747
-79.887
-79.951
-79.865
-80.003
-80.191
-80.091
-80.067
-80.33
-80.685
-80.594
-80.479
-80.486
-80.36
-80.517
-80.499
-80.53
-80.213
-80.43
-80.271
-80.334
-80.359
-80.293
-80.407
-80.521
-80.453
-80.252
-80.027
-79.929
-80.026
-80.243
-80.545
-80.358
-80.233
-80.444
-80.573
-80.68
-80.577
-80.686
-80.967
-80.656
-80.482
-80.302
-80.578
-80.599
-80.276
-80.293
-80.32
-80.357
-80.577
-80.461
-80.432
-80.449
-80.553
-80.476
-80.373
-80.483
-80.593
-80.436
-80.479
-80.404
-80.254
-80.337
-80.341
-80.339
-80.295
-80.365
-80.306
-80.316
-80.535
-80.581
-80.524
-80.626
-80.544
-80.561
-80.68
-80.492
-80.819
-80.922
-80.567
-80.429
-80.454
-80.816
-80.853
-80.734
-80.638
-80.446
-80.663
-80.605
-80.689
-80.601
-80.521
-80.568
-80.4
-79.996
-80.051
-79.93
-79.851
-79.88
-79.714
-79.625
-79.338
-79.064
-79.035
-79.141
-79.143
-79.507
-79.443
-79.208
-79.237
-79.053
-79.106
-79.34
-79.501
-79.761
-79.845
-79.694
-79.746
-79.731
-79.562
-79.613
-79.569
-79.674
-79.748
-79.965
-79.855
-80.018
-80.15
-79.945
-80
-80.102
-80.312
-79.923
-79.807
-80.034
-79.714
-79.769
-79.931
-79.852
-79.572
-79.532
-79.209
-79.226
-79.214
-79.325
-79.368
-79.42
-79.37
-79.184
-79.024
-79.02
-78.893
-78.829
-78.95
-78.907
-78.707
-78.713
-78.579
-78.758
-78.537
-78.628
-78.648
-78.459
-78.256
-78.314
-78.218
-78.168
-78.132
-78.191
-78.305
-78.353
-78.362
-78.307
-78.434
-78.42
-78.408
-78.391
-78.663
-78.687
-78.498
-78.528
-78.467
-78.368
-78.497
-78.596
-78.687
-78.991
-78.914
-78.784
-78.908
-79.147
-79.436
-79.441
-79.634
-79.607
-79.606
-79.626
-79.841
-79.741
-79.577
-79.593
-79.484
-79.527
-79.539
-79.574
-79.889
-79.917
-79.811
-79.865
-79.951
-79.994
-79.957
-79.867
-79.877
-79.89
-79.842
-79.774
-79.707
-79.721
-79.836
-79.732
-79.462
-79.304
-79.161
-79.456
-79.497
-79.638
-79.574
-79.483
-79.564
-79.697
-79.533
-79.666
-79.512
-79.417
-79.391
-79.378
-79.435
-79.197
-79.304
-79.44
-79.396
-79.448
-79.252
-79.01
-78.995
-79.277
-79.124
-78.862
-79.063
-79.23
-78.91
-78.735
-79.036
-78.897
-78.791
-78.922
-78.749
-78.962
-78.757
-78.664
-78.594
-78.668
-78.643
-78.695
-78.786
-79.058
-79.205
-79.315
-79.373
-79.582
-79.526
-79.508
-79.498
-79.351
-79.584
-79.589
-79.659
-79.68
-79.847
-79.973
-80.004
-79.913
-79.777
-79.546
-79.334
-79.41
-79.318
-79.484
-79.817
-79.6
-79.871
-79.899
-79.729
-79.639
-79.658
-79.515
-79.337
-79.263
-79.227
-79.122
-79.006
-79.017
-78.871
-79.04
-79.151
-78.897
-78.832
-78.912
-79.254
-79.303
-78.918
-79.12
-79.001
-78.976
-79.153
-79.11
-78.928
-79.154
-79.237
-79.485
-79.577
-79.35
-79.323
-79.241
-79.248
-79.499
-79.369
-79.071
-79.121
-79.108
-79.073
-78.984
-78.887
-78.659
-78.782
-78.58
-78.509
-78.638
-78.785
-78.681
-78.538
-78.489
-78.566
-78.551
-78.303
-78.583
-78.852
-78.895
-78.943
-78.67
-78.667
-78.552
-78.385
-78.537
-78.842
-78.944
-78.877
-78.804
-78.88
-78.808
-78.931
-79.144
-79.097
-79.23
-78.943
-79.112
-79.07
-79.166
-79.432
-79.448
-79.195
-79.396
-79.414
-79.143
-79.368
-79.232
-79.239
