-71.323
-71.582
-71.487
-71.527
-71.364
-71.311
-71.501
-71.267
-71.149
-71.426
-71.509
-71.549
-71.695
-71.555
-71.822
-71.869
-71.713
-71.636
-72.005
-71.885
-71.884
-71.785
-71.875
-71.728
-71.872
-71.926
-71.821
-71.704
-71.278
-71.196
-70.836
-71.005
-71.745
-72.944
-74.227
-75.339
-76.268
-76.788
-77.153
-77.739
-78.046
-78.272
-78.603
-78.731
-78.895
-79.104
-79.388
-79.35
-79.385
-79.529
-79.196
-79.143
-79.138
-79.202
-79.19
-79.21
-79.395
-79.36
-79.548
-79.415
-79.344
-79.53
-79.255
-79.19
-79.111
-79.504
-79.652
-79.613
-79.352
-79.36
-79.555
-79.424
-79.301
-79.336
-79.733
-79.85
-79.537
-79.366
-79.182
-79.156
-79.307
-79.368
-79.271
-79.436
-79.301
-79.411
-79.257
-79.191
-79.149
-79.181
-78.998
-79.284
-79.169
-78.872
-78.964
-78.905
-78.972
-79.231
-79.067
-79.174
-79.052
-79.363
-79.312
-79.358
-79.347
-79.569
-79.459
-79.456
-79.387
-79.708
-79.535
-79.65
-79.673
-79.674
-79.577
-79.337
-79.448
-79.543
-79.468
-79.514
-79.397
-79.515
-79.164
-79.096
-78.84
-79.067
-79.122
-79.176
-79.034
-79.08
-79.267
-79.019
-78.958
-78.626
-78.634
-78.411
-78.56
-78.587
-78.654
-78.762
-78.703
-78.909
-78.857
-78.795
-78.705
-78.713
-78.721
-78.723
-78.963
-78.995
-79.067
-79.484
-79.172
-79.341
-79.133
-79.078
-79.206
-79.564
-79.372
-79.216
-79.269
-79.337
-79.156
-79.168
-79.225
-79.433
-79.21
-79.27
-79.444
-79.369
-79.585
-79.732
-79.675
-79.52
-79.718
-79.927
-79.956
-79.749
-79.915
-79.923
-79.733
-79.805
-80.041
-79.682
-79.78
-79.708
-79.958
-80.024
-79.894
-79.771
-79.671
-79.719
-79.723
-79.798
-79.836
-79.876
-79.675
-79.771
-79.55
-79.771
-79.949
-79.898
-79.943
-80.039
-80.059
-79.959
-79.967
-79.823
-79.938
-80.081
-80.041
-80.024
-79.975
-79.929
-79.82
-79.888
-79.67
-79.867
-80.107
-80.211
-80.122
-80.059
-80.026
-80.018
-79.925
-79.647
-79.692
-79.736
-79.782
-79.646
-79.644
-79.802
-79.718
-79.517
-79.631
-79.698
-79.718
-79.874
-79.632
-79.623
-79.946
-79.847
-79.799
-79.82
-79.899
-79.92
-80.108
-80.216
-80.443
-80.307
-80.108
-80.017
-79.985
-79.821
-79.912
-79.965
-80.021
-79.859
-79.834
-79.9
-79.702
-79.565
-79.699
-79.611
-79.689
-79.889
-79.575
-79.847
-79.866
-79.867
-79.905
-80.13
-79.922
-80.122
-80.358
-80.237
-80.157
-79.882
-80.023
-79.84
-79.638
-79.656
-79.841
-79.73
-79.615
-79.72
-79.843
-79.995
-79.95
-79.729
-79.863
-80.029
-79.899
-79.681
-79.884
-79.781
-79.897
-80.161
-80.205
-80.218
-80.148
-80.11
-80.003
-80.023
-80.057
-80.015
-79.998
-80.2
-80.25
-80.116
-80.332
-80.365
-80.219
-80.209
-80.367
-80.286
-80.023
-80.267
-80.23
-80.145
-80.233
-80.437
-80.378
-80.438
-80.431
-80.494
-80.618
-80.27
-80.345
-80.386
-80.478
-80.544
-80.115
-79.996
-79.986
-79.832
-79.781
-79.707
-79.766
-79.518
-79.664
-79.388
-79.46
-79.292
-79.403
-79.537
-79.412
-79.395
-79.684
-79.915
-80.103
-80.063
-80.106
-80.143
-79.97
-80.054
-80.113
-79.968
-79.834
-79.816
-79.648
-79.518
-79.316
-79.687
-79.754
-80.024
-80.134
-80.121
-80.113
-80.127
-79.855
-79.794
-79.901
-80.157
-80.208
-80.202
-80.365
-80.31
-80.402
-80.373
-80.313
-80.484
-80.701
-80.672
-80.469
-80.638
-80.538
-80.649
-80.51
-80.511
-80.478
-80.45
-80.648
-80.514
-80.352
-80.386
-80.379
-80.572
-80.422
-79.97
-79.987
-79.896
-80.035
-80.135
-80.175
-80.355
-80.435
-80.431
-80.282
-80.061
-80.335
-80.368
-80.181
-80.239
-80.055
-79.861
-79.807
-79.852
-79.721
-79.56
-79.522
-79.414
-79.265
-78.976
-78.918
-78.661
-78.666
-78.481
-78.484
-78.675
-78.903
-79.26
-79.179
-79.604
-79.397
-79.487
-79.686
-79.454
-79.397
-79.368
-79.392
-79.398
-79.376
-79.427
-79.408
-79.522
-79.488
-79.457
-79.267
-79.51
-79.658
-79.624
-79.759
-79.681
-79.849
-80.023
-80.003
-79.936
-79.599
-79.125
-79.094
-79.074
-79.294
-79.387
-79.134
-79.146
-79.228
-79.191
-79.161
-79.123
-79.243
-79.419
-79.47
-79.524
-79.684
-79.485
-79.445
-79.489
-79.646
-79.619
-79.712
-79.716
-79.69
-79.596
-79.636
-79.583
-79.464
-79.817
-80.005
-80.031
-79.697
-79.427
-79.416
-79.407
-79.434
-79.343
-79.268
-79.334
-79.229
-79.305
-79.087
-79.175
-79.23
-79.303
-79.646
-79.563
-79.483
-79.448
-79.582
-79.783
-79.771
-79.631
-79.783
-79.773
-79.75
-79.859
-79.789
-79.705
-79.733
-79.911
-79.755
-79.736
-79.706
-79.671
-79.701
-79.897
-79.852
-80.024
-80.027
-79.989
-80.176
-80.088
-80.138
-79.948
-79.978
-79.888
-79.845
-79.665
-79.462
-79.499
-79.674
-79.581
-79.524
-79.509
-79.499
-79.709
-79.673
-79.649
-79.711
-79.791
-79.715
-79.546
-79.595
-79.694
-79.8
-79.963
-79.92
-79.724
-79.852
-79.835
-79.975
-79.73
-79.805
-79.773
-79.807
-79.685
-79.899
-80.014
-79.968
-79.924
-79.893
-79.754
-79.63
-79.572
-79.557
-79.472
-79.657
-79.734
-79.665
-79.484
-79.56
-79.716
-79.586
-79.75
-79.703
-79.499
-79.548
-79.832
-79.858
-79.807
-79.718
-79.443
-79.567
-79.882
-79.938
-79.939
-79.793
-79.896
-80.026
-80.118
-80.002
-79.937
-79.872
-79.909
-80.021
-79.961
-79.819
-79.855
-79.856
-79.845
-79.845
-79.993
-79.75
-79.939
-80.018
-79.996
-80.039
-79.846
-79.85
-79.992
-80.017
-79.749
-79.739
-79.772
-79.777
-79.876
-80.168
-79.974
-79.957
-79.924
-80.006
-79.766
-79.781
-80.03
-79.945
-80.039
-79.878
-79.889
-79.723
-79.68
-79.647
-79.867
-79.877
-79.92
-79.798
-79.877
-79.778
-79.792
-79.957
-80.144
-80.004
-80.009
-80.074
-79.729
-79.611
-79.438
-79.434
-79.433
-79.721
-79.485
-79.908
-79.752
-79.552
-79.543
-79.365
-79.495
-79.718
-79.666
-79.637
-79.756
-79.881
-79.707
-79.906
-79.762
-79.692
-80.068
-79.933
-79.892
-79.992
-80.213
-79.998
-80.02
-79.955
-80.102
-80.139
-79.939
-79.647
-79.875
-79.645
-79.59
-80.004
-79.965
-79.868
-79.908
-80.053
-80.105
-80.151
-80.066
-80.046
-79.865
-79.824
-79.867
-79.766
-79.884
-79.937
-79.836
-79.735
-79.976
-79.944
-79.893
-79.914
-79.888
-80.018
-80.096
-80.228
-80.076
-79.995
-79.882
-79.9
-79.96
-79.915
-80.145
-80.146
-79.861
-80.091
-79.976
-79.923
-79.604
-79.741
-79.935
-80.085
-80.099
-80.095
-80.016
-79.871
-80.013
-80.128
-80.154
-79.825
-79.722
-79.832
-80.028
-80.119
-80.256
-80.172
-80.248
-80.202
-80.146
-80.108
-79.937
-80.11
-80.08
-80.233
-80.301
-80.272
-80.346
-80.248
-80.251
-80.031
-80.154
-80.284
-80.38
-80.41
-80.339
-80.38
-80.109
-79.958
-80.186
-80.082
-79.749
-79.789
-80.012
-79.785
-79.953
-79.911
-79.697
-79.856
-79.913
-79.869
-79.797
-79.853
-79.752
-79.695
-79.486
-79.525
-79.639
-79.814
-79.746
-80.091
-80.08
-79.789
-79.705
-79.655
-79.722
-79.643
-79.587
-79.677
-79.624
-79.959
-79.938
-80.107
-80.092
-80.097
-79.96
-79.97
-79.932
-79.994
-79.988
-80.016
-79.9
-80.113
-80.252
-80.147
-80.221
-79.971
-79.731
-79.644
-79.69
-79.837
-79.867
-79.824
-79.9
-80.091
-79.849
-79.863
-79.768
-79.668
-79.789
-79.683
-79.723
-79.492
-79.582
-79.781
-79.877
-79.998
-79.759
-79.862
-79.658
-79.698
-79.544
-79.767
-79.464
-79.443
-79.662
-79.573
-79.549
-79.514
-79.277
-79.282
-79.125
-79.212
-79.384
-79.404
-79.442
-79.59
-79.611
-79.537
-79.73
-79.739
-79.584
-79.673
-79.557
-79.687
-79.774
-79.71
-79.641
-79.811
-79.761
-79.606
-79.857
-79.802
-80.1
-80.017
-80.269
-80.19
-80.09
-80.03
-79.893
-79.651
-79.919
-79.818
-79.945
-80.084
-79.726
-79.89
-79.772
-79.761
-79.928
-80.078
-80.085
-80.033
-80.212
-80.318
-80.578
-80.593
-80.628
-80.693
-80.746
-80.677
-80.285
-80.176
-80.246
-80.18
-80.304
-80.12
-80.261
-80.096
-80.224
-80.145
-80.034
-79.84
-79.948
-80.079
-80.403
-80.418
-80.286
-79.938
-79.965
-80.469
-80.385
-80.45
-80.245
-80.194
-80.182
-80.179
-80.235
-80.165
-80.287
-80.236
-80.203
-80.096
-80.068
-80.002
-79.929
-79.743
-79.897
-79.724
-79.472
-79.512
-79.794
-79.571
-79.561
-79.999
-80.03
-79.771
-79.715
-79.486
-79.796
-79.76
-79.461
-79.518
-79.464
-79.73
-79.795
-79.969
-79.752
-79.729
-79.355
-79.315
-79.092
-79.02
-78.86
-78.686
-78.808
-78.566
-78.59
-78.631
-78.94
-78.984
-78.992
-79.006
-79.211
-79.116
-78.995
-79.081
-78.749
-78.904
-79.002
-79.107
-79.019
-78.958
-79.085
-79.049
-79.152
-79.381
-79.373
-79.705
-79.772
-79.509
-79.681
-79.951
-80.074
-80.067
-80.314
-80.023
-79.899
-80.12
-80.341
-80.366
-80.224
-80.311
