-79.898
-79.623
-79.566
-79.745
-79.638
-79.84
-79.977
-79.941
-80.173
-79.808
-79.741
-79.73
-79.614
-79.675
-80.005
-79.934
-79.909
-79.632
-79.497
-79.597
-79.633
-79.862
-79.821
-80.102
-79.81
-79.987
-79.84
-79.877
-80.001
-79.707
-79.662
-79.645
-79.846
-79.767
-79.852
-79.736
-79.948
-79.922
-79.827
-80.055
-79.83
-79.633
-79.787
-79.827
-80.002
-79.779
-80.097
-80.134
-80.211
-80.302
-80.244
-80.214
-80.199
-80.069
-80.06
-79.919
-79.86
-79.702
-80.203
-80.056
-79.881
-79.827
-80.261
-80.166
-79.975
-80.07
-80.098
-80.117
-80.103
-80.056
-80.005
-79.884
-79.982
-80.045
-80.019
-80.129
-80.012
-80.092
-80.109
-79.955
-80.002
-80.016
-79.94
-79.804
-79.985
-80.108
-80.138
-80.331
-79.946
-80.065
-80.133
-80.008
-79.679
-79.733
-79.719
-79.834
-80.134
-80.22
-79.846
-79.836
-80.047
-80.139
-80.104
-80.196
-80.135
-80.048
-79.873
-79.921
-79.865
-79.838
-79.864
-79.973
-79.92
-79.975
-80.127
-79.934
-79.918
-79.919
-79.926
-79.971
-79.794
-80.042
-79.952
-80.062
-80.009
-80.022
-80.035
-79.973
-80.127
-80.059
-80.126
-80.198
-80.209
-80.161
-80.076
-79.937
-80.008
-80.037
-80.018
-79.984
-80.111
-80.201
-80.262
-80.279
-80.125
-80.084
-79.835
-80.037
-80.058
-79.956
-80.162
-80.116
-80.192
-80.007
-79.978
-80.096
-80.163
-80.105
-80.046
-80.091
-80.033
-80.169
-79.873
-79.749
-80.062
-80.189
-80.112
-79.905
-80.013
-79.663
-79.905
-79.952
-80.013
-80.123
-80.225
-80.098
-79.95
-79.999
-80.154
-80.304
-80.208
-80.239
-80.101
-79.881
-79.972
-79.921
-79.94
-79.731
-79.779
-79.663
-79.826
-79.711
-79.778
-79.612
-79.551
-79.461
-79.251
-79.198
-79.041
-79.413
-79.439
-79.658
-79.613
-79.595
-79.683
-79.547
-79.644
-79.519
-79.461
-79.442
-79.529
-79.499
-79.613
-79.758
-79.616
-79.654
-79.684
-79.661
-79.66
-79.704
-79.627
-79.643
-79.638
-79.777
-79.998
-79.895
-79.693
-79.761
-79.945
-79.695
-79.669
-79.789
-80.173
-80.18
-80.106
-79.877
-79.979
-79.848
-79.681
-79.795
-79.807
-79.962
-80.042
-79.968
-79.912
-79.879
-79.857
-79.857
-79.863
-79.658
-79.759
-79.905
-80.014
-79.818
-79.781
-79.831
-79.871
-79.937
-80.09
-80.037
-80.218
-80.267
-80.127
-80.032
-80.229
-79.94
-79.877
-79.528
-79.441
-79.58
-79.509
-79.613
-79.481
-79.447
-79.633
-79.574
-79.698
-79.669
-79.737
-79.548
-79.693
-79.568
-79.654
-79.468
-79.585
-79.534
-79.547
-79.678
-79.846
-79.903
-80.013
-79.989
-79.813
-79.788
-79.9
-79.7
-79.709
-79.861
-79.789
-79.734
-79.968
-80.184
-79.826
-79.875
-80.067
-79.914
-79.904
-79.829
-80.002
-79.945
-80.002
-79.766
-79.621
-79.644
-79.73
-79.814
-79.693
-79.863
-79.672
-79.869
-79.68
-79.758
-79.74
-79.963
-79.985
-79.971
-79.913
-79.908
-79.877
-79.893
-79.924
-79.754
-79.869
-80.027
-79.985
-80.002
-79.819
-79.85
-79.919
-80.304
-80.231
-79.908
-80.129
-80.045
-79.974
-79.987
-80.114
-79.99
-79.98
-80.093
-80.089
-80.01
-80.333
-80.174
-80.309
-80.297
-80.04
-79.943
-80.164
-80.334
-79.99
-80.092
-79.893
-80.242
-80.027
-79.84
-79.951
-79.825
-79.885
-79.94
-79.878
-80.037
-80.055
-79.954
-80.129
-80.03
-79.864
-80.09
-80.222
-80.131
-79.975
-80.187
-80.276
-80.268
-80.315
-80.39
-80.249
-80.255
-80.061
-79.786
-80.133
-80.175
-80.185
-80.202
-80.124
-79.99
-80.071
-79.977
-80.017
-79.883
-79.798
-79.755
-79.67
-79.884
-80.001
-79.99
-80.145
-80.009
-79.954
-80.25
-79.962
-80.136
-80.337
-80.078
-79.868
-80.086
-80.053
-80.078
-79.858
-79.783
-80.056
-80.082
-80.017
-79.992
-79.831
-79.783
-79.559
-79.607
-79.475
-79.38
-79.496
-79.67
-79.767
-79.766
-79.941
-79.902
-79.745
-79.655
-79.565
-79.488
-79.384
-79.674
-79.805
-79.978
-80.055
-79.975
-79.778
-80.111
-79.991
-80.218
-80.138
-80.066
-80.201
-80.02
-79.883
-79.925
-79.86
-79.979
-79.889
-79.908
-80.011
-80.041
-80.058
-80.021
-80.1
-79.942
-79.948
-80.008
-79.991
-79.96
-80.056
-79.983
-80.096
-80.155
-79.936
-80.002
-80.055
-79.928
-80.082
-79.993
-80.062
-80.097
-80.039
-79.925
-79.926
-80.044
-80.048
-79.88
-80.035
-80.095
-80.103
-79.87
-80.138
-79.882
-79.974
-79.984
-80.06
-79.987
-80.021
-80.026
-80.014
-80.04
-80.001
-79.778
-79.879
-79.684
-80.116
-80.312
-80.081
-80.112
-80.021
-80.001
-79.87
-79.893
-79.932
-79.968
-80.013
-79.91
-80.009
-79.959
-79.839
-79.938
-79.911
-80.016
-80.129
-80.035
-80.01
-79.955
-80.082
-80.056
-79.997
-80.052
-80.119
-80.029
-80.089
-80.122
-79.961
-79.859
-79.852
-79.984
-79.867
-80.085
-79.981
-79.793
-79.935
-80.098
-80.185
-79.935
-79.959
-79.621
-79.866
-80.111
-79.912
-79.916
-79.835
-79.915
-79.806
-80.135
-80.189
-79.891
-79.952
-80.038
-80.077
-79.842
-79.895
-79.97
-79.959
-80.025
-79.982
-79.89
-80.206
-80.293
-80.316
-80.105
-80.002
-80.139
-79.928
-79.879
-80.138
-80.052
-80.028
-80.197
-80.168
-80.048
-80.044
-79.947
-79.827
-79.786
-79.741
-80.174
-79.939
-80.027
-79.971
-79.923
-80.016
-79.931
-80.068
-80.099
-79.885
-80.006
-79.813
-79.848
-79.88
-79.939
-79.801
-79.78
-79.669
-79.79
-79.956
-79.919
-79.749
-79.952
-79.903
-80.145
-80.089
-80.024
-79.926
-80.035
-80.006
-80.065
-80.17
-79.838
-80.09
-79.844
-79.926
-80.139
-80.415
-80.533
-80.331
-80.165
-80.272
-80.338
-80.012
-79.837
-79.871
-79.822
-80.004
-79.991
-80.063
-80.026
-79.901
-79.994
-80.051
-79.939
-79.888
-79.943
-80.038
-79.955
-80.027
-80.078
-80.034
-80.11
-79.984
-80.04
-80.048
-80.059
-79.915
-79.934
-80.177
-80.123
-80.308
-80.025
-79.8
-79.917
-80.031
-79.935
-79.888
-80.023
-80.151
-79.932
-80.115
-80.031
-80.151
-80.274
-80.18
-80.158
-79.992
-80.161
-80.126
-79.785
-79.734
-80.048
-79.818
-79.838
-79.812
-79.853
-79.65
-79.311
-79.554
-79.434
-79.605
-79.691
-79.747
-79.923
-80.1
-79.786
-79.621
-79.687
-79.87
-79.938
-79.953
-79.919
-79.706
-79.766
-79.876
-80.131
-80.216
-80.153
-79.821
-79.951
-79.701
-79.757
-79.959
-79.901
-79.885
-79.787
-79.987
-79.911
-79.8
-79.771
-79.749
-79.572
-79.463
-79.216
-79.152
-79.312
-79.514
-79.673
-79.822
-79.668
-79.847
-79.92
-79.837
-79.896
-79.747
-79.837
-79.768
-79.762
-79.992
-80.191
-80.116
-80.061
-79.95
-80.138
-79.984
-79.867
-79.923
-79.745
-79.896
-80.21
-80.12
-80.168
-80.307
-80.433
-80.31
-80.381
-80.54
-80.662
-80.573
-80.401
-80.182
-80.423
-80.474
-80.472
-80.486
-80.311
-80.248
-80.19
-80.195
-80.039
-80.181
-80.102
-80.044
-80.067
-80.288
-80.189
-80.35
-80.363
-80.153
-80.166
-80.234
-80.127
-80.232
-79.975
-79.924
-79.844
-80.187
-80.072
-79.911
-79.748
-79.849
-79.938
-79.902
-79.93
-79.945
-79.746
-79.853
-79.732
-79.806
-79.727
-79.775
-79.647
-79.811
-80.019
-80.208
-80.388
-80.353
-80.193
-80.059
-79.906
-80.051
-80.086
-79.87
-79.828
-79.693
-79.857
-79.701
-79.634
-79.563
-79.595
-79.534
-79.843
-79.86
-79.762
-79.98
-79.958
-79.855
-79.861
-79.844
-80.119
-80.118
-80.209
-80.332
-80.139
-79.996
-80.022
-79.958
-79.827
-79.807
-79.801
-79.347
-79.476
-79.527
-79.393
-79.678
-79.48
-79.616
-79.995
-80.034
-80.145
-80.011
-79.99
-80.033
-80.097
-80.1
-80.24
-80.167
-80.031
-79.888
-80.197
-79.924
-80.068
-79.947
-80.086
-80.036
-80.188
-80.122
-80.01
-79.77
-79.755
-79.799
-79.874
-79.783
-79.808
-80
-79.987
-80.013
-80.202
-79.975
-79.938
-79.936
-80.053
-80.049
-80.01
-80.101
-80.207
-80.023
-79.918
-79.817
-79.781
-79.817
-79.618
-79.184
-79.083
-79.225
-79.271
-79.173
-79.317
-79.264
-79.303
-79.404
-79.375
-79.096
-78.997
-78.907
-78.812
-78.828
-78.82
-79.147
-79.1
-78.828
-79.018
-79.121
-79.002
-78.942
-79.096
-79.175
-79.078
-79.168
-79.058
-79.049
-78.918
-78.903
-78.74
-78.538
-78.793
-78.797
-78.794
-79.086
-79.277
-79.234
-79.254
-78.939
-78.794
-78.996
-79.009
-79.014
-79.026
-79.169
-79.153
-79.047
-79.077
-79.11
-79.12
-79.353
-79.26
-79.208
-78.913
-79.139
-79.031
-79.176
-79.433
-79.435
-79.549
-79.55
-79.362
-79.359
-79.416
-79.422
-79.254
-79.569
-79.632
-79.955
-80.005
-80.054
-79.863
-79.615
-79.469
-79.367
-79.553
-79.398
-79.434
-79.377
-79.325
-79.407
-79.413
-79.582
-79.865
-79.584
-79.417
-79.368
-79.179
-79.019
-78.953
-78.787
-78.885
-78.981
-78.837
-78.752
-78.506
-78.322
-78.455
-78.622
-78.852
-78.786
-78.94
-79.138
-79.037
-79.166
-79.382
-79.256
