-80.424
-80.378
-80.128
-80.297
-80.148
-80.192
-80.22
-80.007
-79.849
-79.793
-79.788
-79.758
-79.968
-79.993
-79.945
-79.825
-79.918
-80.204
-80.32
-80.12
-80.275
-80.239
-80.009
-79.925
-80.07
-80.195
-80.056
-79.81
-79.879
-79.84
-79.744
-80.075
-80.006
-80.006
-80.174
-80.248
-80.237
-80.369
-80.155
-80.389
-80.407
-80.395
-80.498
-80.36
-80.281
-80.1
-79.742
-79.554
-79.623
-79.164
-79.102
-79.129
-78.821
-78.669
-78.536
-78.433
-78.221
-78.06
-78.269
-78.393
-78.731
-78.904
-78.861
-78.974
-78.771
-78.734
-78.686
-78.833
-78.956
-78.716
-78.74
-78.796
-79.042
-78.932
-78.79
-78.798
-79.088
-78.742
-79.048
-79.262
-79.533
-79.512
-79.447
-79.447
-79.115
-79.045
-79.2
-79.067
-79.123
-79.023
-79.025
-79.084
-78.866
-78.89
-79.085
-79.068
-79.06
-79.052
-79.2
-79.379
-79.758
-79.591
-79.544
-79.23
-79.158
-79.016
-79.141
-79.311
-79.285
-79.486
-79.55
-79.208
-79.258
-79.14
-79.291
-79.1
-79.107
-79.135
-78.908
-78.823
-79.077
-78.851
-78.78
-78.653
-78.507
-78.795
-78.728
-78.61
-78.66
-78.557
-78.424
-78.473
-78.393
-78.36
-78.366
-78.168
-77.97
-78.174
-78.084
-78.409
-78.629
-78.952
-78.994
-78.691
-78.739
-78.678
-78.791
-78.787
-78.739
-78.758
-79.031
-78.895
-79.079
-79.08
-79.265
-79.389
-79.432
-79.326
-79.412
-79.21
-79.119
-79.165
-79.367
-79.414
-79.558
-79.772
-79.709
-79.604
-79.799
-79.751
-79.868
-79.992
-79.882
-79.586
-79.522
-79.768
-79.838
-79.735
-79.779
-79.887
-79.821
-80.076
-80.202
-80.179
-79.933
-79.92
-80.018
-80.177
-80.032
-80.335
-80.316
-80.316
-80.651
-80.44
-80.372
-80.456
-80.68
-80.448
-80.392
-80.216
-80.206
-80.382
-80.127
-80.226
-80.282
-80.116
-80.13
-80.445
-80.312
-80.137
-80.186
-80.078
-79.961
-79.786
-79.75
-79.647
-79.718
-79.592
-79.562
-79.616
-79.73
-79.634
-79.526
-79.395
-79.519
-79.432
-79.587
-79.879
-79.772
-79.832
-79.949
-79.783
-79.936
-79.937
-79.915
-79.885
-79.81
-79.582
-79.684
-79.756
-79.882
-79.96
-79.917
-79.928
-79.875
-79.865
-80.027
-79.93
-79.842
-80.126
-79.924
-80.164
-80.223
-80.12
-80.171
-80.125
-80.344
-80.2
-80.033
-79.938
-80.076
-80.213
-80.366
-80.324
-80.211
-80.189
-80.153
-80.381
-80.35
-80.555
-80.655
-80.658
-80.547
-80.622
-80.695
-80.421
-80.206
-80.064
-80.206
-80.504
-80.41
-80.217
-80.04
-80.29
-80.583
-80.455
-80.358
-80.174
-80.218
-80.143
-80.233
-80.387
-80.233
-80.323
-80.063
-80.175
-80.37
-80.478
-80.437
-80.652
-80.721
-80.936
-80.731
-80.769
-80.799
-80.71
-80.787
-80.489
-80.525
-80.64
-80.571
-80.674
-80.364
-80.228
-80.42
-80.492
-80.478
-80.304
-80.493
-80.582
-80.459
-80.952
-80.867
-81.065
-81.029
-81.295
-81.199
-81.043
-80.93
-80.882
-80.75
-80.877
-80.709
-80.661
-80.887
-81
-80.793
-80.644
-80.668
-80.555
-80.321
-80.395
-80.295
-80.331
-80.111
-79.989
-79.833
-79.945
-79.873
-79.999
-80.034
-79.741
-79.988
-80.019
-80.224
-80.244
-80.077
-79.802
-79.722
-79.332
-79.371
-79.571
-79.3
-79.312
-79.418
-79.255
-79.069
-79.064
-79.081
-79.205
-79.177
-79.279
-79.328
-79.42
-79.336
-79.463
-79.103
-79.356
-79.3
-78.853
-78.998
-79.197
-79.682
-79.573
-79.668
-79.8
-80.027
-79.961
-80.256
-80.299
-80.347
-80.14
-80.036
-80.19
-79.803
-79.886
-79.871
-79.876
-79.537
-79.422
-79.365
-79.553
-79.509
-79.855
-79.595
-79.469
-79.637
-79.678
-79.848
-79.999
-79.715
-79.481
-79.229
-79.234
-79.246
-79.329
-79.208
-79.465
-79.384
-79.462
-79.459
-79.386
-79.578
-79.531
-79.691
-79.752
-79.883
-79.796
-79.711
-79.565
-79.505
-79.237
-79.105
-78.78
-78.017
-76.892
-75.687
-74.162
-73.061
-72.5
-72.826
-73.394
-73.998
-74.447
-74.713
-75.114
-74.951
-74.735
-74.662
-74.717
-75.135
-75.861
-76.278
-76.735
-76.925
-77.242
-77.576
-77.427
-77.643
-77.56
-77.932
-77.996
-78.029
-78.102
-78.211
-78.052
-78.2
-78.358
-78.41
-78.414
-78.466
-78.399
-78.279
-78.268
-78.137
-78.509
-78.733
-78.286
-78.246
-78.078
-78.164
-77.989
-78.096
-77.825
-77.807
-77.829
-77.965
-77.825
-77.748
-77.71
-77.598
-77.442
-77.268
-77.543
-77.482
-77.258
-77.72
-77.562
-77.688
-78.051
-77.948
-77.858
-77.705
-78.065
-78.088
-78.033
-78.038
-78.205
-78.357
-78.683
-78.488
-78.492
-78.547
-78.329
-78.307
-78.34
-78.309
-78.015
-78.091
-77.912
-78.113
-78.222
-78.205
-78.176
-78.587
-78.314
-78.34
-78.462
-78.56
-78.629
-78.518
-78.406
-78.829
-78.843
-78.824
-78.783
-78.621
-78.446
-78.399
-78.177
-78.243
-77.751
-77.995
-77.882
-77.882
-77.944
-77.895
-77.865
-77.953
-77.733
-77.78
-77.818
-77.527
-77.483
-77.712
-77.781
-77.958
-77.869
-78.007
-77.98
-78.079
-78.299
-78.296
-78.167
-78.337
-78.37
-78.364
-78.247
-78.2
-78.329
-78.654
-78.473
-78.637
-78.784
-78.834
-78.767
-78.962
-79.131
-79.022
-79.038
-78.923
-78.834
-79.089
-78.984
-78.952
-78.965
-79.016
-79.092
-79.359
-79.544
-79.47
-79.478
-79.394
-79.238
-79.35
-79.349
-79.331
-79.064
-78.945
-78.888
-78.787
-78.532
-78.384
-78.429
-78.295
-78.371
-78.236
-78.481
-78.589
-78.691
-78.735
-78.915
-78.845
-78.568
-78.671
-78.979
-78.923
-78.673
-78.428
-78.499
-77.934
-77.793
-77.77
-77.741
-77.39
-77.066
-76.995
-76.693
-76.701
-76.45
-76.286
-76.231
-76.251
-76.063
-76.154
-76.439
-76.646
-76.879
-76.947
-76.939
-77.026
-77.247
-77.41
-77.391
-77.401
-77.469
-77.633
-77.941
-77.482
-77.777
-77.955
-77.791
-77.588
-77.667
-77.813
-78.254
-78.456
-78.447
-78.601
-78.462
-78.507
-78.535
-78.712
-78.527
-78.314
-78.512
-78.731
-78.993
-79.13
-79.253
-79.374
-79.294
-79.632
-79.803
-79.738
-79.851
-79.723
-79.706
-79.74
-79.941
-79.877
-79.667
-79.588
-79.426
-79.407
-79.039
-79.157
-79.173
-79.372
-79.27
-79.182
-79.333
-79.524
-79.707
-79.88
-79.635
-79.169
-79.499
-79.659
-79.596
-79.724
-79.782
-79.911
-79.974
-80.149
-80.104
-80.124
-79.836
-79.833
-79.653
-79.61
-79.718
-79.623
-79.757
-79.857
-79.972
-80.183
-80.093
-80.08
-80.294
-80.536
-80.424
-80.453
-80.268
-80.117
-80.166
-80.139
-79.908
-80.164
-80.249
-80.28
-80.193
-80.183
-80.14
-80.127
-79.967
-80.058
-80.184
-80.163
-80.184
-79.981
-79.984
-79.853
-80.075
-79.911
-79.652
-79.438
-79.533
-79.322
-79.514
-79.434
-79.404
-79.458
-79.357
-79.475
-79.902
-79.984
-79.732
-79.76
-79.897
-79.779
-79.802
-79.795
-79.926
-80.071
-80.194
-80.286
-80.172
-80.45
-80.403
-80.317
-80.302
-80.058
-79.995
-79.826
-79.694
-79.527
-79.344
-79.791
-79.873
-80.015
-80.252
-80.175
-80.224
-80.213
-80.108
-80.004
-79.953
-80.16
-80.04
-80.198
-80.214
-80.223
-80.135
-80.117
-79.975
-79.93
-80.032
-80.166
-80.217
-80.241
-80.27
-80.113
-80.242
-80.338
-80.23
-80.208
-80.198
-80.031
-80.078
-79.905
-80.148
-80.12
-80.022
-80.058
-80.135
-80.046
-80.356
-79.952
-79.882
-79.683
-79.531
-79.195
-79.1
-79.124
-79.034
-79.261
-79.276
-79.642
-79.225
-79.383
-79.606
-79.775
-79.87
-79.85
-79.804
-79.885
-79.81
-80.056
-80.032
-80.131
-80.113
-79.911
-79.972
-79.859
-79.605
-79.63
-79.66
-79.762
-79.955
-80.246
-80.616
-80.305
-80.201
-80.359
-80.681
-80.763
-80.644
-80.681
-80.781
-80.771
-80.525
-80.671
-80.623
-80.624
-80.302
-80.206
-80.043
-80.096
-80.105
-80.113
-80.065
-79.988
-79.985
-80.102
-80.323
-80.336
-80.236
-80.324
-80.159
-80.085
-79.836
-79.786
-80.055
-80.031
-79.956
-80.03
-80.221
-80.392
-80.446
-80.48
-80.42
-80.476
-80.485
-80.425
-80.869
-81.102
-80.945
-80.679
-80.678
-80.571
-80.595
-80.598
-80.201
-80.306
-80.359
-80.086
-80.019
-79.955
-80.058
-80.119
-80.073
-80.18
-80.118
-80.353
-80.389
-80.202
-80.1
-80.01
-79.926
-79.858
-79.757
-79.888
-79.9
-79.764
-79.748
-79.855
-79.958
-80.014
-79.917
-79.704
-79.802
-79.773
-79.695
-79.67
-79.53
-79.574
-79.634
-79.383
-79.265
-79.401
-79.584
-79.753
-79.581
-79.685
-79.775
-79.614
-79.391
-79.234
-79.442
-79.463
-79.497
-79.757
-79.868
-79.665
-79.503
-79.508
-79.333
-79.117
-79.047
-79.194
-79.394
-79.38
-79.594
-79.477
-79.441
-79.575
-79.408
-79.106
-79.278
-79.14
-79.011
-78.938
-79.159
-79.101
-78.764
-78.775
-78.741
-78.58
-78.356
-78.392
-78.422
-78.173
-78.071
-78.107
-77.949
-77.889
-77.692
-77.705
-77.943
-78.021
-77.798
-77.982
-78.201
-78.034
-77.842
-78.045
-78.412
-78.407
-78.424
-78.579
