-65.786
-65.524
-65.231
-65.153
-64.735
-64.555
-64.356
-63.56
-63.438
-63.128
-62.691
-62.257
-61.882
-61.755
-61.436
-60.895
-60.589
-60.052
-59.51
-59.06
-58.427
-57.78
-57.434
-57.028
-56.559
-56.028
-55.901
-55.252
-54.567
-53.973
-53.17
-51.995
-50.376
-47.834
-45
-45
-45
-45
-45
-45
-45
-45
-45
-45
-45
-45
-45
-45
-49.413
-56.007
-60.948
-64.468
-66.852
-68.4
-69.659
-70.22
-70.715
-70.941
-71.181
-71.357
-71.31
-71.355
-71.051
-70.975
-71.032
-70.946
-70.981
-71.023
-70.843
-70.972
-70.97
-70.582
-70.81
-70.689
-70.534
-70.487
-70.615
-70.509
-70.632
-70.775
-70.873
-70.99
-71.075
-71.028
-71.329
-71.501
-71.512
-71.928
-71.683
-71.478
-71.141
-70.738
-70.387
-70.113
-70.072
-69.817
-69.72
-69.461
-69.74
-69.393
-69.271
-68.884
-69.098
-69.131
-69.01
-69.11
-68.957
-68.677
-68.468
-68.423
-68.257
-68.444
-68.519
-68.395
-68.512
-68.679
-68.4
-68.394
-68.436
-68.506
-68.284
-68.582
-68.685
-68.71
-68.951
-68.786
-69.058
-69.153
-69.446
-69.321
-69.59
-69.853
-70.102
-70.355
-70.276
-70.344
-70.567
-70.406
-70.566
-70.373
-70.601
-70.716
-70.887
-70.781
-71.018
-71.202
-71.318
-71.539
-71.728
-71.849
-72.017
-72.117
-72.386
-72.68
-72.616
-72.96
-72.66
-72.861
-73.138
-73.271
-73.545
-73.591
-73.925
-73.986
-74.244
-74.33
-74.293
-74.284
-74.016
-73.833
-73.878
-73.663
-73.486
-73.333
-72.82
-72.404
-71.921
-71.853
-71.944
-72.097
-71.813
-71.521
-71.544
-71.381
-71.319
-71.096
-71.18
-70.914
-70.998
-71.16
-71.169
-70.918
-70.716
-70.596
-70.675
-70.831
-70.838
-70.804
-70.815
-70.894
-71.349
-71.495
-71.461
-71.599
-71.539
-71.278
-71.355
-71.41
-71.678
-71.739
-71.697
-71.842
-71.979
-71.8
-71.996
-72.223
-72.043
-72.068
-72.43
-72.538
-72.702
-72.466
-72.608
-72.778
-73.017
-72.671
-73.2
-73.348
-73.412
-73.582
-73.892
-73.935
-73.921
-73.836
-73.971
-74.099
-74.484
-74.477
-74.878
-74.667
-74.746
-74.853
-75.07
-75.332
-75.246
-75.308
-75.602
-75.626
-75.795
-75.907
-76.093
-76.384
-76.421
-76.598
-76.888
-76.855
-76.89
-77.045
-77.253
-77.738
-77.733
-77.959
-77.74
-77.653
-77.527
-77.665
-77.816
-77.747
-78.046
-78.024
-78.003
-78.186
-78.292
-78.457
-78.217
-78.509
-78.749
-78.785
-79.05
-78.709
-79.087
-79.32
-79.353
-79.275
-79.293
-79.285
-79.49
-79.625
-79.518
-79.658
-79.756
-79.94
-79.942
-80.036
-80.365
-80.408
-80.775
-80.716
-80.671
-80.871
-81.093
-81.221
-81.462
-81.394
-81.021
-81.157
-80.878
-81.3
-81.422
-81.654
-81.636
-81.624
-81.569
-81.675
-81.625
-81.86
-82.031
-82.129
-82.065
-82.306
-82.372
-82.316
-82.096
-82.102
-81.992
-82.159
-82.253
-82.465
-82.389
-82.431
-82.487
-82.497
-82.505
-82.707
-82.862
-82.822
-82.663
-82.51
-82.707
-82.696
-82.671
-82.651
-82.795
-82.849
-82.865
-82.9
-83.084
-83.051
-83.134
-83.006
-82.8
-82.727
-82.842
-83.011
-82.933
-83.26
-83.445
-83.469
-83.175
-83.202
-83.203
-83.271
-83.157
-82.995
-83.164
-83.126
-83.223
-83.157
-83.1
-83.078
-83.319
-83.134
-83.145
-83.372
-83.143
-83.216
-83.266
-83.292
-83.196
-83.469
-83.529
-83.402
-83.617
-83.497
-83.778
-83.734
-83.826
-83.554
-83.922
-83.754
-83.695
-83.93
-83.938
-83.995
-84.065
-84.179
-84.169
-83.99
-84.05
-83.718
-83.117
-81.724
-80.339
-78.71
-77.044
-75.458
-73.908
-72.57
-70.971
-69.71
-68.478
-67.195
-65.874
-65.037
-64.205
-63.174
-62.415
-61.596
-60.572
-59.682
-59.193
-58.529
-57.584
-56.787
-56.177
-55.791
-54.976
-54.2
-53.325
-52.153
-50.761
-48.23
-45
-45
-45
-45
-45
-45
-45
-45
-45
-45
-45
-46.781
-57.357
-64.686
-68.578
-69.95
-70.591
-70.62
-70.545
-70.284
-70.071
-70.083
-69.908
-69.743
-69.702
-69.789
-69.711
-69.898
-70.252
-70.455
-70.644
-70.989
-71.422
-71.543
-71.702
-71.62
-71.727
-71.688
-71.56
-71.62
-71.845
-71.816
-71.919
-71.844
-71.789
-71.712
-71.709
-71.703
-71.447
-71.362
-71.646
-71.746
-71.806
-72.045
-72.073
-72.009
-71.936
-72.165
-72.006
-71.91
-71.937
-71.815
-72.047
-71.763
-71.647
-71.571
-71.932
-71.817
-72.049
-72.085
-72.402
-72.48
-72.366
-71.872
-71.183
-70.553
-70.134
-69.339
-68.811
-68.382
-68.196
-67.785
-67.773
-67.627
-67.858
-68.079
-68.176
-68.247
-68.13
-68.583
-68.719
-68.83
-68.993
-69.239
-69.508
-69.671
-69.793
-69.822
-69.748
-69.619
-69.451
-69.166
-69.272
-69.468
-69.579
-69.419
-69.48
-69.489
-69.724
-69.922
-70.023
-70.153
-70.208
-70.312
-70.33
-70.572
-70.426
-70.85
-70.979
-71.082
-71.539
-71.983
-72.011
-72.469
-72.582
-72.64
-72.856
-72.899
-73.103
-73.033
-72.958
-72.805
-72.772
-72.881
-72.924
-72.872
-72.982
-73.337
-73.756
-73.974
-74.12
-74.451
-74.585
-74.715
-74.808
-75.069
-75.169
-75.218
-75.312
-75.063
-74.978
-74.964
-75.062
-74.953
-75.022
-74.927
-75.224
-75.249
-75.264
-75.54
-75.66
-75.407
-75.49
-75.841
-75.706
-75.732
-75.763
-75.961
-75.886
-76.105
-76.32
-76.274
-76.437
-76.591
-76.567
-76.64
-76.947
-76.986
-77.134
-77.174
-77.52
-77.645
-77.78
-77.979
-78.136
-78.311
-78.705
-78.652
-78.773
-78.74
-78.911
-79.069
-78.985
-79.018
-79.085
-78.963
-78.844
-78.882
-78.891
-78.693
-78.766
-78.786
-78.885
-79.139
-79.296
-79.102
-78.978
-79.121
-79.529
-79.482
-79.337
-79.099
-79.134
-79.338
-79.595
-79.593
-79.738
-79.781
-79.842
-79.809
-79.846
-80.169
-80.106
-80.119
-80.185
-80.055
-80.061
-80.25
-80.2
-80.127
-79.842
-80.179
-80.165
-79.849
-79.997
-79.982
-80.117
-80.397
-79.916
-79.772
-79.94
-79.874
-79.962
-80.08
-80.363
-80.36
-80.673
-80.717
-80.899
-80.849
-80.987
-81.036
-81.014
-80.859
-80.736
-80.673
-80.567
-80.773
-80.787
-80.809
-81.239
-81.351
-81.549
-81.452
-81.55
-81.688
-81.869
-81.979
-82.405
-82.142
-82.149
-82.361
-82.409
-82.39
-82.539
-82.434
-82.377
-82.347
-82.39
-82.401
-82.396
-82.187
-82.184
-82.167
-82.067
-82.19
-82.222
-82.157
-81.923
-81.961
-82.127
-82.211
-82.254
-82.291
-82.307
-82.496
-82.533
-82.687
-82.688
-82.912
-82.706
-82.631
-82.55
-82.532
-82.1
-82.125
-81.86
-81.793
-81.83
-81.873
-81.651
-81.768
-81.914
-81.969
-82.159
-82.045
-82.094
-82.13
-82.104
-81.888
-81.675
-81.738
-81.613
-81.808
-82.037
-81.857
-81.743
-81.634
-81.382
-81.509
-81.556
-81.637
-81.378
-81.193
-81.274
-81.216
-81.257
-81.388
-81.315
-81.432
-81.403
-81.589
-81.643
-81.728
-82.174
-82.042
-81.808
-81.971
-81.92
-81.676
-81.59
-81.432
-81.305
-81.507
-81.618
-81.703
-81.945
-82.056
-82.207
-82.181
-82.305
-82.206
-82.278
-82.043
-81.755
-81.589
-81.589
-81.662
-81.56
-81.703
-81.545
-81.82
-81.751
-81.678
-81.808
-81.75
-81.931
-81.94
-81.682
-81.548
-81.409
-81.297
-81.463
-81.684
-81.746
-81.905
-81.819
-81.741
-81.467
-81.398
-81.491
-81.764
-81.764
-81.711
-82.036
-82.09
-81.98
-81.872
-81.95
-81.698
-81.842
-81.729
-81.699
-81.698
-81.626
-81.856
-81.667
-81.731
-82.173
-82.098
-82.126
-82.238
-82.3
-82.186
-82.214
-82.038
-82.042
-82.325
-82.641
-82.797
-83.072
-82.931
-83.021
-83.011
-83.091
-83.014
-83.24
-83.514
-83.669
-83.74
-83.836
-83.732
-83.571
-83.601
-83.823
-83.829
-83.823
-83.877
-83.839
-83.805
-83.963
-83.997
-84.017
-83.948
-83.93
-83.973
-84.311
-84.556
-84.666
-84.529
-84.454
-84.233
-84.461
-84.39
-84.385
-84.238
-84.565
-84.529
-84.783
-85.086
-85.502
-85.115
-85.17
-84.994
-84.947
-84.843
-84.931
-85.107
-84.786
-84.914
-84.783
-84.517
-84.895
-85.026
-84.728
-84.639
-84.836
-84.587
-84.672
-84.938
-84.812
-84.989
-84.922
-84.921
-84.919
-84.832
-84.903
-85.036
-84.811
-84.725
-84.551
-84.72
-84.946
-85.15
-85.012
-84.722
-84.953
-84.955
-84.848
-84.577
-84.327
-84.247
-84.114
-83.943
-84.061
-83.489
-83.564
-83.978
-83.966
-83.956
-83.715
-83.809
-83.799
-83.819
-83.969
-83.992
-84.136
-84.018
-84.048
-84.169
-84.146
-84.131
-83.991
-84.206
-84.075
-84.171
-84.189
-84.471
-84.441
-84.298
-84.471
-84.692
-84.699
-84.808
-84.745
-84.759
-84.957
-85.327
-85.582
-85.504
-85.559
-85.431
-85.459
-85.502
-85.681
-85.447
-85.368
-85.442
-85.37
-85.566
-85.88
-85.938
-85.897
-86.06
-86.005
-86.174
-85.924
-85.969
-85.817
-85.834
-85.759
-85.83
-85.887
-85.976
-85.868
-85.913
-85.963
-86.181
-86.273
