-77.041
-77.018
-76.778
-76.474
-76.654
-76.594
-76.778
-76.859
-77.073
-77.132
-77.157
-77.113
-77.254
-77.263
-77.174
-77.183
-76.982
-76.548
-76.551
-76.903
-76.565
-76.683
-76.632
-76.733
-76.815
-76.618
-76.68
-76.98
-77.044
-76.854
-76.878
-76.801
-76.678
-77.025
-77.15
-77.305
-77.237
-77.044
-77.163
-76.987
-76.916
-76.735
-76.799
-76.876
-76.944
-76.977
-77.008
-76.862
-76.587
-76.515
-76.537
-76.433
-76.261
-76.355
-76.132
-75.853
-75.627
-75.597
-75.873
-75.768
-75.839
-75.773
-75.665
-75.566
-75.777
-76.016
-76.1
-76.017
-75.888
-75.909
-76.232
-76.308
-76.406
-76.379
-76.523
-76.443
-76.36
-76.515
-76.588
-76.674
-76.769
-76.624
-76.428
-76.716
-76.516
-76.802
-76.743
-76.677
-76.584
-76.597
-76.714
-76.916
-76.861
-76.759
-76.739
-76.826
-76.921
-76.929
-76.744
-76.438
-75.892
-75.171
-74.313
-73.44
-72.7
-71.802
-71.089
-70.598
-69.42
-68.779
-68.137
-67.538
-66.91
-66.379
-65.857
-65.323
-65.013
-64.604
-64.153
-63.891
-63.774
-63.347
-62.982
-62.815
-62.687
-62.113
-61.959
-61.847
-61.444
-61.832
-61.863
-61.628
-61.492
-60.803
-60.114
-59.258
-58.505
-57.701
-57.084
-56.248
-55.55
-54.506
-53.901
-53.385
-53.216
-52.633
-52.206
-51.601
-50.991
-50.551
-50.305
-49.8
-49.422
-48.931
-48.566
-47.837
-47.261
-46.335
-45.174
-45
-45
-45
-45
-45
-45
-45
-45
-45
-45
-45
-45
-45
-45
-45
-45
-45
-45
-45.573
-50.157
-53.877
-56.449
-58.697
-60.189
-61.05
-62.282
-62.852
-63.14
-63.313
-63.912
-64.031
-64.097
-64.259
-64.184
-64.36
-64.246
-64.178
-64.215
-64.076
-64.185
-64.292
-64.487
-64.935
-64.919
-64.78
-64.8
-64.799
-64.645
-64.849
-64.74
-64.549
-64.417
-64.546
-64.782
-64.86
-65.021
-65.234
-65.294
-65.549
-65.661
-65.812
-65.902
-66.1
-66.279
-66.062
-65.9
-65.783
-66.112
-66.161
-66.284
-65.862
-66.108
-66.088
-65.773
-65.74
-65.752
-65.569
-65.823
-66.008
-66.081
-65.868
-65.958
-65.975
-65.791
-65.745
-65.566
-65.698
-65.523
-65.292
-65.724
-65.799
-65.845
-66.229
-66.43
-66.287
-66.28
-66.165
-66.28
-66.219
-66.572
-66.548
-66.479
-66.497
-66.589
-66.434
-66.545
-66.436
-66.486
-66.298
-66.416
-66.744
-66.634
-66.839
-67.246
-67.045
-67.297
-67.44
-67.558
-67.581
-67.594
-67.604
-67.521
-67.576
-67.459
-67.443
-67.621
-67.578
-67.355
-67.528
-67.55
-67.811
-67.913
-68.189
-68.139
-68.139
-68.106
-68.184
-68.225
-68.487
-68.468
-68.654
-68.864
-69.025
-69.226
-69.26
-69.59
-69.528
-69.543
-69.561
-69.626
-69.565
-69.617
-69.678
-69.839
-70.018
-70.171
-70.262
-70.521
-70.786
-71.018
-71.247
-71.454
-71.52
-71.577
-71.621
-71.73
-71.845
-71.57
-71.568
-71.627
-71.547
-71.477
-71.46
-71.683
-71.917
-72.016
-71.821
-71.597
-71.442
-71.415
-71.351
-71.514
-71.455
-71.292
-71.565
-71.582
-71.346
-71.133
-71.304
-71.126
-71.276
-71.162
-71.29
-71.245
-71.191
-71.277
-71.294
-71.559
-71.762
-71.785
-71.824
-71.585
-71.698
-71.921
-72.042
-72.086
-72.257
-72.351
-72.517
-72.114
-72.291
-72.521
-72.423
-72.545
-72.823
-72.948
-72.854
-72.611
-72.701
-72.824
-73.101
-73.47
-73.573
-73.606
-73.695
-73.487
-73.523
-73.312
-73.151
-73.341
-73.63
-73.748
-73.739
-73.776
-73.931
-73.782
-73.581
-73.606
-73.448
-73.563
-73.698
-73.691
-73.801
-74.075
-74.266
-74.083
-74.082
-74.122
-74.087
-74.357
-74.416
-74.58
-74.435
-74.23
-74.105
-74.591
-74.766
-74.779
-75.013
-75.138
-75.173
-75.001
-75.22
-75.034
-75.077
-75.327
-75.466
-75.453
-75.337
-75.489
-75.521
-75.514
-75.504
-75.463
-75.694
-75.546
-75.639
-75.292
-74.759
-73.959
-73.284
-72.521
-71.654
-70.965
-70.294
-69.535
-68.941
-68.36
-67.669
-67.032
-66.495
-65.804
-65.548
-64.908
-64.65
-64.012
-63.61
-63.092
-63.003
-62.449
-62.362
-61.804
-61.533
-61.464
-61.331
-61.332
-61.013
-60.984
-60.815
-61.066
-61.003
-60.905
-60.668
-60.187
-59.586
-58.943
-58.241
-57.848
-57.251
-56.684
-56.134
-55.286
-55.057
-54.645
-54.141
-53.607
-53.676
-53.174
-52.831
-52.62
-52.328
-52.061
-51.597
-51.118
-50.473
-50.613
-50.538
-50.374
-50.027
-49.771
-49.388
-49.081
-49.073
-48.964
-48.581
-48.165
-47.6
-47.078
-46.435
-45.746
-45
-45
-45
-45
-45
-45
-45
-45
-45
-45
-45
-45
-45
-45
-45
-45
-45
-45
-45
-47.163
-51.275
-54.276
-56.212
-57.764
-58.844
-59.804
-60.526
-60.896
-61.317
-61.575
-61.587
-61.598
-61.573
-61.914
-61.685
-61.501
-61.474
-61.413
-61.399
-61.153
-61.132
-61.218
-60.967
-61.249
-61.144
-61.584
-61.575
-61.565
-61.604
-61.744
-61.937
-62.033
-62.152
-61.768
-61.564
-61.715
-61.819
-62.275
-62.415
-62.289
-62.269
-62.266
-62.527
-62.578
-62.499
-62.453
-62.467
-62.159
-62.086
-61.965
-62.027
-61.935
-62.036
-62.03
-62.135
-62.052
-61.946
-61.701
-61.385
-61.061
-60.316
-59.566
-59.049
-58.686
-58.524
-57.968
-57.591
-56.639
-56.129
-55.602
-55.336
-54.955
-54.808
-54.301
-53.823
-53.137
-52.952
-52.831
-52.524
-52.326
-52.402
-52.39
-51.969
-52.006
-51.848
-51.82
-51.739
-51.677
-51.467
-51.42
-51.22
-51.08
-51.102
-51.111
-50.913
-50.659
-50.325
-50.026
-49.92
-49.617
-48.916
-48.532
-48.273
-47.883
-47.227
-46.368
-45.709
-45
-45
-45
-45
-45
-45
-45
-45
-45
-45
-45
-45
-45
-45
-45
-45
-45
-45
-45
-47.467
-52.058
-55.548
-58.315
-60.116
-61.742
-63.011
-63.407
-63.94
-64.527
-64.924
-65.134
-65.516
-65.63
-65.989
-66.168
-66.202
-66.309
-66.337
-66.34
-66.542
-66.793
-66.886
-66.72
-66.681
-66.928
-67.077
-67.279
-67.503
-67.372
-67.356
-67.519
-67.578
-67.73
-67.709
-67.513
-67.494
-67.559
-67.542
-67.846
-68.092
-68.418
-68.239
-68.286
-68.304
-68.39
-68.589
-68.76
-68.975
-68.968
-69.061
-69.18
-68.993
-68.796
-69.195
-69.357
-69.174
-69.316
-69.546
-69.806
-69.936
-70.232
-70.285
-70.403
-70.544
-70.492
-70.403
-70.372
-70.298
-70.474
-70.561
-70.754
-70.708
-70.929
-70.853
-70.951
-70.974
-70.88
-70.997
-71.252
-71.464
-71.431
-71.379
-71.505
-71.139
-71.188
-71.367
-71.561
-71.247
-71.219
-71.611
-71.846
-71.848
-72.039
-71.665
-71.57
-71.328
-71.309
-71.376
-71.647
-71.687
-71.55
-71.595
-71.782
-71.954
-71.972
-72.22
-72.244
-72.476
-72.318
-72.164
-72.12
-72.266
-72.112
-72.039
-71.975
-71.934
-71.727
-71.6
-71.817
-71.912
-72.136
-71.871
-72.052
-71.918
-72.2
-72.35
-72.299
-72.306
-72.115
-72.074
-72.285
-72.384
-72.257
-72.316
-72.418
-72.327
-72.576
-72.374
-72.471
-72.556
-72.596
-72.34
-72.412
-72.477
-72.329
-72.533
-72.478
-72.628
-72.554
-72.753
-72.522
-72.8
-72.749
-72.896
-73.234
-73.089
-72.994
-73.265
-73.17
-73.219
-73.358
-73.285
-73.038
-73.084
-73.293
-73.49
-73.318
-73.661
-73.466
-73.443
-73.199
-73.054
-72.908
-72.894
-72.93
-73.15
-73.248
-73.283
-73.332
-73.181
-73.218
-73.083
-73.237
-73.404
-73.449
-73.531
-73.682
-73.674
-73.721
-73.864
-73.848
-73.774
-74.117
-74.17
-74.297
-74.573
-74.957
-74.944
-75.221
-75.284
-75.199
-75.1
-74.984
-75.197
-75.17
-75.342
-75.035
-74.925
-74.831
-74.977
-74.702
-74.762
-75.024
-74.697
-74.758
-74.645
-74.732
-74.666
-74.944
-75.056
-75.436
-75.56
-75.602
-75.439
-75.801
-75.685
-75.832
-75.972
-76.236
-76.576
-76.725
-76.832
-76.885
-76.742
-76.679
-76.8
-76.981
-77.021
-77.029
-76.991
-76.988
-77.11
-77.155
-77.177
-76.964
-77.019
-77.15
-76.892
-77.089
-76.92
-76.977
-76.644
-76.359
-76.459
-76.486
-76.244
-76.23
-75.954
-76.117
-76.297
-76.376
-76.262
-76.385
-76.373
-76.561
-76.368
-76.468
-76.288
-76.427
-76.659
-76.502
-76.661
-76.604
-76.47
-76.462
-76.781
-76.626
-76.674
-76.964
-77.005
-77.072
-76.911
-76.908
-76.923
-77.221
-77.17
-77.084
-77.195
-77.771
-77.762
-77.785
-77.681
-77.743
-77.979
-77.76
-78.025
-78.153
-78.503
-78.489
-78.48
-78.441
-78.269
-78.188
-78.326
-78.559
-78.631
-78.544
-78.482
-78.547
-78.513
-78.612
-78.455
-78.257
-78.186
-78.199
-78.264
-78.358
-78.541
-78.368
-78.546
-78.486
-78.63
-78.474
-78.378
-78.501
-78.345
-78.417
-78.277
-78.132
-78.201
-78.374
-78.306
-78.304
-78.5
-78.693
-79.168
-78.973
-78.976
-79.081
-79.089
-78.933
-78.874
-78.653
-78.582
-78.759
