-82.68
-82.7
-82.762
-82.955
-83.025
-82.875
-82.84
-82.548
-82.577
-82.444
-82.731
-82.712
-82.725
-82.521
-82.449
-82.157
-82.32
-82.392
-82.654
-82.574
-82.446
-82.484
-82.652
-82.692
-82.465
-82.39
-82.435
-82.693
-82.864
-83.018
-83.068
-83.244
-83.012
-83.141
-83.089
-82.842
-83.024
-83.128
-82.926
-82.945
-83.054
-82.974
-82.818
-82.485
-82.36
-82.601
-82.315
-82.748
-82.972
-82.908
-83.096
-83.003
-82.929
-82.769
-82.853
-82.682
-82.689
-82.814
-82.849
-82.743
-82.558
-82.76
-82.69
-82.782
-82.843
-82.582
-82.823
-82.741
-82.529
-82.343
-82.207
-82.428
-82.309
-82.584
-82.624
-82.698
-82.728
-82.652
-82.683
-82.602
-82.496
-82.557
-82.561
-82.787
-82.698
-82.345
-82.367
-82.524
-82.508
-82.596
-82.656
-82.563
-82.691
-82.62
-82.804
-82.419
-82.178
-82.368
-82.503
-82.39
-82.49
-82.492
-82.273
-82.43
-82.311
-82.436
-82.531
-82.732
-82.722
-82.726
-82.928
-82.656
-82.691
-82.815
-82.937
-82.943
-83.003
-83.016
-83.042
-83.132
-83.32
-83.465
-83.302
-83.308
-83.231
-83.178
-83.254
-83.345
-83.272
-83.313
-83.3
-83.167
-83.226
-83.308
-83.498
-83.443
-83.276
-83.238
-82.995
-83.005
-82.819
-82.86
-82.931
-82.836
-82.755
-82.641
-82.46
-82.763
-82.715
-82.779
-82.953
-83.208
-83.519
-83.632
-83.612
-83.518
-83.28
-83.099
-83.052
-83.154
-83.187
-83.433
-83.157
-83.133
-82.925
-82.791
-82.852
-82.629
-82.592
-82.628
-82.386
-82.455
-82.493
-82.252
-82.236
-82.231
-82.388
-82.311
-82.085
-81.949
-82.239
-81.893
-82.008
-81.857
-81.957
-82.079
-82.358
-82.373
-82.258
-82.297
-82.45
-82.661
-82.553
-82.598
-82.894
-82.602
-82.438
-82.245
-82.011
-81.97
-81.973
-81.831
-82.088
-81.877
-81.913
-81.777
-81.616
-81.85
-81.716
-81.891
-81.813
-82.219
-82.361
-82.367
-82.618
-82.608
-82.675
-82.456
-82.617
-82.704
-82.656
-82.677
-82.312
-82.564
-82.808
-82.772
-82.514
-82.544
-82.602
-82.657
-82.841
-83.028
-82.919
-82.628
-82.699
-82.529
-82.802
-82.97
-82.949
-83.103
-82.874
-83.035
-82.909
-82.818
-82.811
-82.918
-82.999
-82.976
-82.592
-82.39
-82.333
-82.163
-82.161
-82.147
-81.959
-81.81
-82.001
-82.202
-82.171
-82.035
-82.057
-81.856
-81.726
-81.609
-81.326
-81.303
-81.665
-81.596
-81.7
-81.608
-81.589
-81.571
-81.654
-81.85
-81.927
-82.203
-82.207
-82.34
-82.359
-82.243
-82.16
-82.06
-82.013
-82.097
-82.072
-82.402
-82.637
-82.484
-82.46
-82.399
-82.171
-82.206
-82.179
-82.301
-82.122
-81.91
-81.786
-81.582
-81.828
-81.986
-81.695
-81.963
-81.837
-81.843
-81.569
-81.381
-80.95
-81.032
-81.079
-81.115
-81
-80.954
-80.869
-81.225
-81.127
-81.493
-81.451
-81.325
-81.467
-81.289
-81.359
-81.071
-80.712
-80.511
-80.427
-80.267
-80.22
-80.302
-80.17
-80.201
-80.124
-79.994
-79.893
-79.772
-79.859
-79.621
-79.827
-79.549
-79.759
-79.796
-80.045
-80.219
-80.359
-79.977
-79.943
-80.043
-79.964
-80.219
-80.275
-80.244
-80.244
-80.274
-80.116
-80.036
-79.976
-79.857
-79.912
-80.043
-80.105
-79.865
-79.892
-80.072
-80.391
-80.198
-79.962
-80.084
-80.026
-79.921
-79.864
-80.039
-79.929
-79.901
-79.954
-80.009
-80.179
-80.059
-79.831
-80.047
-80.159
-80.469
-80.417
-80.336
-80.343
-80.546
-80.531
-80.438
-80.206
-80.006
-79.942
-79.924
-79.796
-79.904
-80.052
-80.134
-80.378
-80.405
-80.143
-80.053
-80.048
-79.87
-79.891
-80.069
-80.155
-80.121
-80.163
-80.2
-80.333
-80.489
-80.712
-80.424
-80.437
-80.404
-80.364
-80.373
-80.307
-80.409
-80.679
-80.682
-80.378
-80.407
-80.565
-80.54
-80.404
-80.361
-80.316
-80.026
-79.865
-79.72
-80.027
-80.007
-79.86
-79.732
-79.881
-79.619
-79.416
-79.428
-79.254
-79.446
-79.311
-79.711
-79.842
-79.79
-79.697
-79.823
-79.961
-79.907
-79.777
-79.684
-79.732
-79.89
-80.063
-79.987
-79.523
-79.419
-79.386
-79.428
-79.785
-79.964
-79.734
-79.825
-79.699
-79.471
-79.539
-79.761
-79.708
-79.744
-79.871
-79.96
-79.694
-79.82
-79.904
-80.1
-80.369
-80.071
-79.99
-80.118
-80.421
-80.608
-80.624
-80.861
-80.65
-80.852
-80.696
-80.529
-80.448
-80.259
-80.138
-80.176
-80.372
-80.369
-80.192
-80.362
-80.522
-80.326
-80.384
-80.669
-80.606
-80.747
-80.735
-80.633
-80.715
-80.753
-80.554
-80.517
-80.433
-80.427
-80.792
-80.683
-80.787
-80.679
-80.532
-80.682
-80.263
-80.321
-80.568
-80.62
-80.718
-80.731
-80.639
-80.661
-80.592
-80.906
-80.879
-80.715
-80.539
-80.293
-80.112
-80.093
-79.938
-79.899
-79.861
-79.801
-79.752
-80.048
-80.056
-80.072
-80.181
-79.956
-79.929
-79.975
-79.921
-79.744
-79.692
-79.721
-79.557
-79.671
-79.725
-79.533
-79.557
-79.652
-79.459
-79.187
-79.056
-79
-79.031
-79.052
-79.194
-79.299
-79.314
-79.579
-79.615
-79.982
-79.964
-79.976
-79.964
-79.869
-79.854
-79.946
-79.932
-79.987
-79.647
-79.578
-79.32
-79.152
-79.306
-79.213
-79.174
-79.21
-79.024
-78.836
-79.001
-79.071
-79.031
-79.043
-79.235
-79.204
-79.319
-78.994
-79.12
-79.31
-79.385
-79.628
-79.673
-79.749
-79.619
-79.379
-79.049
-79.116
-79.603
-79.718
-79.436
-79.267
-79.306
-79.279
-79.266
-79.256
-79.331
-79.266
-79.293
-79.46
-79.378
-79.58
-79.658
-79.341
-79.261
-79.118
-79.034
-78.918
-78.877
-79.206
-79.186
-79.675
-79.542
-79.785
-79.616
-79.503
-79.533
-79.629
-79.6
-79.497
-79.553
-79.668
-79.606
-79.668
-79.829
-80.135
-80.062
-80.071
-79.945
-80.162
-79.957
-79.804
-79.705
-79.894
-79.99
-79.926
-79.954
-79.623
-79.449
-79.501
-79.656
-79.622
-79.685
-79.821
-80.08
-79.853
-79.979
-79.987
-80.125
-80.14
-80.417
-80.625
-80.501
-80.41
-80.691
-80.543
-80.486
-80.432
-80.539
-80.648
-80.687
-80.599
-80.767
-80.7
-80.605
-80.623
-80.534
-80.629
-80.858
-80.802
-80.933
-80.845
-80.473
-80.732
-80.621
-80.42
-80.297
-80.236
-80.339
-80.335
-80.341
-80.633
-80.68
-80.438
-80.116
-79.831
-79.716
-79.736
-79.87
-79.784
-79.738
-79.829
-79.722
-79.631
-79.509
-79.359
-79.263
-79.174
-79.1
-79.304
-79.351
-79.588
-79.91
-79.717
-79.865
-79.568
-79.369
-79.478
-79.104
-79.066
-79.166
-79.407
-79.441
-79.455
-79.582
-79.987
-79.93
-79.886
-79.788
-80.077
-80.091
-79.933
-79.816
-79.63
-79.767
-79.71
-79.678
-79.774
-79.843
-79.868
-79.715
-79.763
-80.014
-80.222
-80.15
-79.946
-79.976
-79.743
-79.921
-79.748
-79.923
-80.068
-80.026
-80.023
-80.207
-80.112
-80.091
-79.839
-79.932
-80.126
-80.133
-80.205
-80.326
-80.34
-80.298
-80.404
-80.403
-80.384
-80.185
-80.015
-79.968
-79.988
-79.765
-79.796
-79.652
-79.774
-79.923
-80.105
-79.875
-79.908
-80.043
-79.964
-79.946
-79.995
-79.8
-79.962
-79.8
-80.075
-79.758
-79.822
-79.844
-80.047
-79.971
-79.582
-79.472
-79.476
-79.405
-79.454
-79.543
-79.75
-79.928
-79.958
-80.236
-79.978
-80.012
-79.924
-79.957
-79.974
-79.826
-79.655
-79.613
-79.568
-79.678
-79.831
-79.77
-79.766
-79.91
-79.997
-79.882
-79.949
-79.812
-79.824
-80.235
-80.169
-80.292
-80.272
-80.458
-80.173
-80.238
-80.229
-80.062
-79.975
-79.9
-80.062
-80.035
-80.053
-79.934
-80.007
-80.01
-80.083
-79.861
-80.008
-80.201
-80.056
-80.182
-80.027
-79.605
-79.216
-79
-78.842
-78.765
-78.387
-78.291
-78.4
-78.618
-78.697
-78.752
-78.87
-78.724
-78.955
-78.941
-78.966
-78.911
-78.846
-78.722
-78.807
-79.039
-78.995
-78.684
-78.694
-78.391
-78.426
-78.695
-78.873
-79.097
-79.146
-79.201
-79.36
-79.624
-79.502
-79.631
-79.573
-79.688
-79.874
-80.052
-80.242
-80.026
-80.146
-80.129
-80.121
-79.986
-79.913
-79.765
-80.032
-80.287
-80.198
-80.388
-80.334
-80.262
-80.154
-80.173
-80.016
-79.884
-79.776
-79.702
-79.8
-79.87
-80.117
-80.021
-80.034
-80.013
-80.273
-80.307
-80.305
-80.414
-80.41
-80.532
-80.649
-80.605
-80.342
-80.53
-80.462
-80.408
-80.31
-80.442
-80.592
-80.676
-80.562
-80.459
-80.391
-80.505
-80.483
-80.514
-80.535
-80.433
-80.715
-80.708
-80.851
-80.844
-80.768
-80.598
-80.707
-81.116
-80.816
-80.783
-80.887
-80.826
-80.568
-80.418
-80.444
-80.173
-80.134
-80.335
-80.425
-80.286
-80.305
-80.415
-80.297
-80.269
-80.301
-80.528
-80.733
-80.433
-80.336
-80.167
-80.146
-80.163
-79.99
-79.947
-80.058
-79.839
-79.525
-79.4
-79.334
-79.386
-79.464
-79.346
-79.518
-79.541
-79.554
-79.473
-79.45
-79.326
-79.353
-79.16
-79.255
-79.011
-78.814
-78.594
-78.762
-78.749
-79.007
-79.119
-79.173
-79.063
-79.084
-79.248
-79.294
-79.41
-79.698
-79.601
