-83.918
-83.716
-83.847
-83.44
-83.305
-83.343
-83.167
-83.144
-83.196
-83.115
-83.045
-83.175
-83.182
-83.39
-83.6
-83.485
-83.495
-83.508
-83.538
-83.537
-83.604
-83.753
-83.695
-83.324
-83.499
-83.397
-83.401
-83.372
-83.288
-83.172
-83.099
-83.004
-83.33
-83.543
-83.244
-83.246
-83.014
-83.188
-83.325
-83.327
-83.26
-83.207
-82.95
-82.998
-82.649
-82.716
-82.772
-82.852
-82.857
-82.658
-82.809
-82.884
-83.054
-82.882
-82.877
-82.772
-82.652
-82.398
-82.376
-82.056
-82.179
-82.151
-81.961
-81.793
-81.837
-81.993
-82.088
-82.019
-81.968
-81.912
-82.005
-82.264
-82.247
-82.17
-82.273
-82.271
-82.452
-82.506
-82.436
-82.351
-82.586
-82.726
-82.952
-82.831
-82.8
-82.635
-82.617
-82.608
-82.788
-82.638
-82.759
-82.719
-82.745
-82.69
-82.794
-83.077
-83.171
-83.073
-83.099
-83.231
-83.046
-83.2
-83.421
-83.11
-83.067
-83.155
-83.218
-83.268
-83.08
-82.96
-82.928
-83.016
-83.079
-83.018
-83.142
-82.999
-83.146
-83.151
-83.078
-82.939
-83.182
-83.24
-83.103
-82.816
-82.757
-82.778
-83.095
-83.275
-83.177
-83.126
-83.026
-82.9
-82.858
-82.95
-82.79
-82.567
-82.692
-82.641
-82.779
-83.02
-82.82
-83.18
-83.133
-83.183
-82.97
-82.948
-82.937
-83.137
-83.038
-82.968
-83.131
-83.141
-83.142
-83.113
-82.709
-83
-83.282
-83.249
-83.181
-83.062
-82.998
-83.021
-83.135
-83.189
-83.028
-82.971
-83.094
-82.913
-83.017
-82.997
-82.838
-82.928
-82.862
-82.667
-82.671
-82.765
-82.79
-82.839
-82.765
-82.671
-82.733
-82.926
-82.776
-82.877
-82.848
-82.833
-82.838
-82.922
-82.924
-82.817
-82.698
-82.658
-82.426
-82.717
-82.425
-82.521
-82.434
-82.523
-82.285
-82.096
-82.122
-82.177
-82.431
-82.491
-82.464
-82.585
-82.838
-82.934
-83.431
-83.606
-83.533
-83.628
-83.681
-83.915
-83.776
-83.931
-83.817
-83.903
-84.12
-84.105
-84.287
-84.328
-84.135
-83.745
-83.848
-83.81
-83.688
-83.644
-83.707
-83.648
-83.669
-83.534
-83.374
-83.445
-83.158
-83.104
-83.007
-82.922
-83.024
-82.956
-82.925
-82.897
-82.998
-82.898
-82.86
-82.931
-83.084
-82.803
-82.67
-82.737
-83.076
-82.934
-83.276
-83.405
-83.309
-83.386
-83.542
-83.407
-83.487
-83.35
-83.452
-83.34
-83.35
-83.326
-83.244
-83.085
-82.863
-82.736
-83.1
-82.949
-83.033
-83.063
-83.281
-83.387
-83.099
-83.176
-83.104
-83.06
-82.956
-82.851
-82.993
-83.041
-82.949
-82.518
-82.556
-82.296
-82.191
-82.049
-81.797
-81.774
-81.565
-81.301
-80.736
-80.54
-80.128
-80.027
-79.544
-79.432
-78.933
-78.645
-78.514
-78.358
-78.108
-77.986
-77.859
-77.909
-77.663
-77.668
-77.57
-77.329
-77.019
-76.734
-76.62
-76.408
-76.483
-76.408
-76.284
-76.327
-76.149
-76.384
-76.21
-75.793
-75.704
-75.485
-75.469
-75.471
-75.323
-75.604
-75.598
-75.541
-75.236
-75.192
-75.226
-75.34
-75.128
-75.349
-74.983
-74.882
-74.855
-74.812
-74.62
-74.642
-74.405
-74.183
-74.274
-74.254
-74.053
-74.013
-73.932
-73.872
-73.704
-73.78
-73.974
-73.864
-73.894
-74.06
-74.086
-73.852
-73.927
-74.244
-74.142
-74.09
-73.638
-73.567
-73.517
-73.692
-73.692
-73.685
-73.931
-74.069
-73.924
-73.905
-74.007
-73.684
-73.46
-73.517
-73.469
-73.53
-73.446
-73.583
-73.646
-73.717
-74.062
-74.091
-74.149
-74.222
-74.111
-74.044
-74.017
-73.82
-73.94
-73.917
-73.922
-74.077
-73.816
-74.092
-74.399
-74.452
-74.35
-74.259
-74.33
-74.235
-74.434
-74.575
-74.649
-74.825
-74.988
-75.304
-75.147
-75.295
-75.243
-75.038
-74.868
-75.015
-75.219
-75.212
-75.156
-75.285
-75.178
-75.148
-75.018
-75.122
-75.058
-74.823
-74.967
-74.764
-74.579
-74.453
-74.228
-74.268
-74.178
-74.173
-74.183
-74.148
-74.153
-73.988
-73.764
-73.937
-74.076
-74.131
-73.846
-73.762
-73.755
-73.672
-73.795
-73.585
-73.672
-73.59
-73.391
-73.232
-73.261
-73.357
-73.729
-73.878
-73.666
-73.541
-73.619
-73.685
-73.45
-73.414
-73.511
-73.505
-73.582
-73.723
-73.678
-73.738
-73.369
-73.441
-73.562
-73.738
-73.586
-73.477
-73.479
-73.62
-73.54
-73.415
-73.387
-73.236
-73.435
-73.343
-73.109
-72.999
-72.874
-72.718
-72.156
-71.932
-71.546
-71.027
-70.586
-70.247
-70.103
-69.845
-69.694
-69.405
-69.469
-69.219
-69.144
-69.258
-69.239
-68.835
-68.899
-68.716
-68.635
-68.602
-68.559
-68.574
-68.427
-68.268
-67.94
-67.601
-67.399
-67.327
-67.163
-67.035
-66.988
-66.954
-66.735
-66.737
-66.752
-66.858
-66.861
-66.702
-66.523
-66.755
-66.633
-66.758
-66.885
-66.966
-66.912
-66.934
-66.755
-66.65
-66.778
-66.883
-66.874
-66.508
-66.654
-66.668
-66.421
-66.604
-66.649
-66.588
-66.565
-66.734
-66.82
-66.657
-66.784
-67.017
-67.104
-67.162
-67.29
-67.352
-66.847
-67.115
-67.14
-67.208
-67.282
-67.315
-67.263
-67.542
-67.374
-67.31
-67.518
-67.371
-67.293
-67.685
-68.13
-68.107
-67.966
-68.023
-68.099
-67.955
-67.982
-67.815
-67.639
-67.627
-67.546
-67.333
-67.529
-67.491
-67.54
-67.793
-67.833
-67.732
-67.859
-68.1
-67.982
-68.069
-68.018
-68.213
-67.979
-68.075
-68.062
-68.081
-68.514
-68.891
-68.87
-68.845
-69.563
-69.752
-69.942
-69.986
-70.013
-70.17
-70.217
-69.956
-70.258
-70.181
-70.232
-70.281
-70.047
-69.85
-69.9
-69.907
-70.046
-70.321
-70.311
-70.362
-70.399
-70.033
-70.003
-70.359
-70.435
-70.267
-70.357
-70.339
-70.284
-70.389
-70.064
-69.867
-69.414
-69.35
-68.852
-68.486
-68.434
-68.285
-67.849
-67.467
-67.195
-67.195
-67.103
-66.775
-66.51
-66.511
-66.416
-66.441
-66.411
-66.164
-65.876
-65.53
-65.307
-65.109
-65.102
-65.129
-65.525
-65.13
-65.042
-64.807
-65.015
-64.824
-64.53
-64.241
-63.867
-63.603
-63.512
-63.446
-63.464
-63.068
-62.634
-62.533
-62.191
-61.832
-61.147
-61.003
-60.484
-60.056
-59.923
-59.579
-59.324
-59.335
-59.067
-59.084
-58.994
-58.896
-59.023
-59.055
-58.759
-58.798
-58.792
-58.412
-57.896
-57.711
-57.257
-57.192
-57.132
-57.003
-56.913
-56.754
-56.501
-56.111
-55.82
-55.588
-55.205
-54.958
-54.454
-54.102
-53.482
-53.028
-51.942
-50.387
-47.897
-45
-45
-45
-45
-45
-45
-45
-45
-45
-45
-45
-45
-45
-45
-49.339
-56.241
-61.239
-65.244
-68.151
-70.062
-71.328
-72.164
-72.75
-73.446
-74.151
-74.694
-75.184
-75.206
-75.325
-75.666
-75.54
-75.747
-75.641
-75.478
-75.453
-75.601
-75.637
-75.709
-75.578
-75.64
-75.929
-76.028
-76.226
-76.109
-76.095
-76.063
-76.317
-76.422
-76.431
-76.461
-76.564
-76.631
-76.612
-76.442
-76.299
-76.192
-76.287
-76.227
-76.54
-76.633
-76.577
-76.701
-76.846
-76.827
-77.01
-77.029
-77.101
-77.318
-77.755
-77.812
-77.753
-77.606
-77.773
-77.973
-78.02
-78.088
-78.119
-78.281
-78.623
-78.877
-78.962
-78.908
-78.957
-78.89
-78.948
-79.167
-79.24
-78.896
-78.772
-78.608
-78.652
-78.907
-79.075
-79.048
-78.986
-78.931
-78.969
-78.93
-78.907
-78.886
-78.967
-78.885
-78.955
-78.881
-78.549
-78.137
-77.951
-77.941
-77.309
-77.321
-77.153
-76.883
-76.933
-76.671
-76.467
-76.307
-76.104
-75.768
-75.619
-75.65
-75.395
-75.46
-75.226
-75.015
-75.116
-75.316
-74.795
-74.698
-75.051
-75.19
-75.033
-74.856
-74.859
-74.572
-74.706
-74.746
-74.642
-74.573
-74.514
-74.776
-74.797
-74.738
-74.876
-74.982
-75.107
-75.114
-75.047
-74.88
-74.712
-74.315
-74.326
-74.319
-73.958
-73.358
-72.878
-72.508
-71.972
-71.7
-71.551
-71.32
-71.057
-70.878
-70.815
-70.493
-70.225
-70.069
-70.061
-70.118
-70.02
-69.833
-69.838
-69.598
-69.589
-69.448
-69.625
-69.401
-69.18
-69.139
-69.189
-69.084
-69.383
-69.274
-69.035
-69.145
-68.849
-68.836
-68.705
-68.362
-68.549
-68.396
-68.433
-68.298
-68.223
-68.113
-68.103
-67.941
-68.103
-68.195
-67.967
-68.005
-68.058
-68.29
-68.582
-68.784
-68.746
-68.816
-69.162
-69.268
-69.351
-69.403
-69.567
-69.592
-69.935
-69.806
-69.765
-69.971
-69.985
-69.808
-69.808
-70.118
-70.106
-70.143
-70.438
-70.272
-70.337
-70.124
-70.399
-70.346
-70.492
-70.516
-70.669
-70.951
-71.012
-71.287
-71.249
-71.522
-71.636
-71.773
-71.682
-71.62
-71.932
-72.168
-72.291
-72.241
-72.363
-72.381
-72.779
-72.924
-72.677
-72.828
-72.753
-73.042
-73.432
-73.609
-73.584
-73.627
-73.654
-73.452
-73.458
-73.344
-73.427
-73.536
-73.737
-73.678
-73.738
-74.084
-74.002
-74.029
-74.031
-74.137
-74.333
-74.493
-74.401
-74.241
-74.339
-74.535
-74.712
-74.622
-74.684
-74.505
-74.636
-74.789
-74.806
-75.064
-74.816
-75.007
-74.729
-74.792
-74.838
-74.507
