-75.858
-75.91
-75.848
-75.816
-75.775
-75.787
-75.913
-75.867
-75.88
-75.891
-75.939
-75.948
-75.968
-75.934
-75.928
-75.899
-75.911
-75.945
-75.95
-75.904
-75.987
-76.091
-76.025
-75.964
-75.962
-75.978
-75.942
-76.045
-76.066
-76.134
-76.145
-76.146
-76.205
-76.219
-76.186
-76.128
-76.113
-76.013
-75.988
-76.037
-76.013
-75.989
-75.956
-75.985
-75.961
-75.923
-76.014
-75.968
-75.913
-75.933
-75.913
-75.943
-76.011
-76.004
-76.124
-76.245
-76.197
-76.212
-76.135
-76.091
-76.045
-76.078
-76.071
-76.156
-76.182
-76.212
-76.221
-76.193
-76.259
-76.269
-76.185
-76.191
-76.173
-76.119
-76.199
-76.236
-76.293
-76.288
-76.149
-76.186
-76.217
-76.189
-76.166
-76.131
-76.175
-76.129
-76.046
-76.026
-76.098
-76.056
-75.998
-75.909
-75.911
-75.897
-75.925
-75.901
-75.908
-75.892
-75.912
-75.969
-75.994
-75.923
-75.892
-75.928
-75.942
-75.855
-75.914
-75.955
-76.05
-76.072
-76.134
-76.128
-76.118
-76.099
-76.077
-76.034
-76.095
-76.099
-76.099
-76.039
-76.082
-76.054
-76.037
-76.081
-76.108
-76.199
-76.256
-76.345
-76.33
-76.171
-76.11
-76.125
-76.135
-76.236
-76.231
-76.268
-76.23
-76.301
-76.253
-76.236
-76.167
-76.23
-76.195
-76.173
-76.228
-76.229
-76.363
-76.308
-76.355
-76.345
-76.407
-76.504
-76.512
-76.466
-76.441
-76.522
-76.572
-76.595
-76.545
-76.521
-76.497
-76.536
-76.486
-76.502
-76.485
-76.477
-76.516
-76.518
-76.59
-76.648
-76.657
-76.724
-76.728
-76.646
-76.657
-76.623
-76.701
-76.756
-76.714
-76.784
-76.731
-76.681
-76.54
-76.523
-76.453
-76.558
-76.572
-76.579
-76.591
-76.623
-76.69
-76.641
-76.641
-76.668
-76.675
-76.672
-76.665
-76.666
-76.687
-76.671
-76.731
-76.818
-76.771
-76.769
-76.82
-76.826
-76.811
-76.821
-76.815
-76.741
-76.662
-76.594
-76.631
-76.645
-76.72
-76.65
-76.647
-76.568
-76.596
-76.617
-76.593
-76.591
-76.592
-76.685
-76.696
-76.648
-76.59
-76.524
-76.419
-76.482
-76.51
-76.549
-76.617
-76.564
-76.479
-76.496
-76.439
-76.505
-76.49
-76.516
-76.514
-76.455
-76.51
-76.46
-76.507
-76.439
-76.5
-76.566
-76.582
-76.514
-76.497
-76.548
-76.492
-76.444
-76.368
-76.333
-76.357
-76.301
-76.272
-76.312
-76.407
-76.383
-76.383
-76.426
-76.449
-76.491
-76.511
-76.535
-76.538
-76.412
-76.388
-76.411
-76.415
-76.458
-76.406
-76.37
-76.327
-76.303
-76.297
-76.201
-76.232
-76.296
-76.347
-76.353
-76.38
-76.408
-76.52
-76.591
-76.506
-76.447
-76.409
-76.421
-76.351
-76.322
-76.391
-76.414
-76.34
-76.371
-76.373
-76.317
-76.332
-76.238
-76.241
-76.316
-76.233
-76.278
-76.195
-76.141
-76.078
-76.063
-76.022
-76.08
-76.082
-76.016
-75.927
-75.956
-76.016
-76.019
-76
-75.915
-75.888
-75.758
-75.745
-75.818
-75.896
-75.903
-75.951
-75.988
-75.938
-75.949
-75.981
-75.903
-75.886
-75.84
-75.861
-75.82
-75.87
-75.955
-75.977
-75.908
-75.838
-75.837
-75.845
-75.872
-75.915
-76.051
-75.982
-76.009
-76.025
-75.972
-75.929
-75.925
-75.907
-75.955
-75.991
-75.997
-75.854
-75.732
-75.756
-75.753
-75.755
-75.873
-75.9
-75.899
-75.846
-75.802
-75.749
-75.746
-75.807
-75.84
-75.955
-75.98
-76.022
-76.002
-76.019
-76.016
-75.879
-75.79
-75.725
-75.781
-75.829
-75.794
-75.789
-75.738
-75.745
-75.653
-75.597
-75.617
-75.652
-75.695
-75.632
-75.601
-75.498
-75.504
-75.542
-75.594
-75.636
-75.615
-75.594
-75.603
-75.629
-75.585
-75.65
-75.666
-75.636
-75.595
-75.586
-75.497
-75.576
-75.513
-75.461
-75.435
-75.439
-75.376
-75.354
-75.361
-75.433
-75.379
-75.353
-75.318
-75.314
-75.254
-75.321
-75.277
-75.232
-75.278
-75.387
-75.391
-75.412
-75.428
-75.431
-75.457
-75.466
-75.474
-75.475
-75.411
-75.402
-75.497
-75.466
-75.52
-75.473
-75.502
-75.526
-75.443
-75.378
-75.426
-75.386
-75.525
-75.531
-75.63
-75.586
-75.598
-75.537
-75.553
-75.464
-75.495
-75.485
-75.561
-75.499
-75.432
-75.462
-75.487
-75.547
-75.54
-75.61
-75.716
-75.725
-75.76
-75.757
-75.85
-75.856
-75.874
-75.904
-75.921
-76.005
-76.116
-76.117
-76.063
-76.103
-76.167
-76.163
-76.231
-76.277
-76.227
-76.25
-76.303
-76.357
-76.308
-76.354
-76.326
-76.217
-76.288
-76.171
-76.245
-76.296
-76.202
-76.224
-76.265
-76.239
-76.25
-76.225
-76.215
-76.245
-76.283
-76.284
-76.231
-76.256
-76.301
-76.354
-76.261
-76.297
-76.358
-76.276
-76.253
-76.253
-76.244
-76.232
-76.248
-76.327
-76.322
-76.339
-76.342
-76.269
-76.209
-76.229
-76.204
-76.165
-76.143
-76.191
-76.172
-76.19
-76.28
-76.368
-76.356
-76.256
-76.332
-76.29
-76.319
-76.316
-76.263
-76.338
-76.337
-76.304
-76.287
-76.31
-76.368
-76.372
-76.367
-76.338
-76.367
-76.447
-76.492
-76.449
-76.408
-76.306
-76.356
-76.421
-76.509
-76.537
-76.635
-76.622
-76.546
-76.591
-76.686
-76.707
-76.712
-76.716
-76.703
-76.768
-76.795
-76.785
-76.782
-76.904
-76.869
-76.897
-76.989
-76.98
-77.088
-77.171
-77.164
-77.119
-77.105
-77.183
-77.162
-77.109
-77.089
-77.097
-77.099
-77.071
-77.056
-77.082
-77.031
-77.068
-77.001
-76.929
-77.08
-77.063
-77.067
-77.008
-76.991
-77.002
-76.959
-77.039
-77.071
-77.118
-77.1
-77.158
-77.19
-77.223
-77.152
-77.178
-77.088
-77.037
-77.05
-77.077
-77.057
-77.11
-77.111
-77.049
-77.075
-77.039
-77.066
-77.01
-76.984
-77.012
-77.019
-76.974
-76.919
-76.933
-76.943
-76.889
-76.84
-76.72
-76.805
-76.762
-76.769
-76.743
-76.785
-76.772
-76.728
-76.735
-76.74
-76.756
-76.808
-76.828
-76.856
-76.824
-76.906
-76.942
-77.009
-77.004
-77.099
-77.029
-76.986
-76.933
-76.934
-77.026
-76.987
-76.899
-76.91
-76.883
-76.85
-76.868
-76.822
-76.837
-76.838
-76.775
-76.865
-76.835
-76.819
-76.899
-76.975
-76.975
-76.919
-76.916
-76.849
-76.771
-76.839
-76.869
-76.906
-76.923
-76.962
-76.936
-76.992
-77.017
-76.979
-77.004
-77.097
-77.088
-77.076
-77.085
-77.045
-76.99
-77.1
-77.197
-77.157
-77.223
-77.16
-77.183
-77.025
-76.956
-76.956
-76.947
-76.951
-76.93
-76.98
-77.033
-77.068
-77.054
-77.176
-77.247
-77.333
-77.311
-77.24
-77.212
-77.211
-77.28
-77.291
-77.431
-77.45
-77.334
-77.314
-77.309
-77.273
-77.235
-77.119
-77.013
-77.093
-77.088
-77.068
-76.98
-76.922
-76.829
-76.82
-76.721
-76.669
-76.73
-76.806
-76.749
-76.707
-76.656
-76.651
-76.676
-76.866
-76.909
-77.009
-77.056
-77.041
-76.93
-76.966
-77.057
-77.043
-77.057
-77.118
-77.077
-77.089
-77.047
-77.14
-77.162
-77.181
-77.159
-77.218
-77.312
-77.273
-77.22
-77.202
-77.211
-77.186
-77.092
-77.147
-77.069
-77.043
-77.017
-77.054
-77.066
-77.045
-77.07
-77.069
-77.066
-77.103
-77.172
-77.168
-77.207
-77.165
-77.203
-77.197
-77.215
-77.278
-77.274
-77.19
-77.266
-77.334
-77.246
-77.291
-77.248
-77.321
-77.229
-77.261
-77.292
-77.314
-77.365
-77.346
-77.335
-77.381
-77.379
-77.396
-77.421
-77.322
-77.305
-77.333
-77.243
-77.368
-77.401
-77.515
-77.46
-77.398
-77.398
-77.346
-77.415
-77.393
-77.349
-77.275
-77.282
-77.209
-77.087
-77.133
-77.083
-77.074
-77.089
-77.078
-77.131
-77.172
-77.125
-77.101
-77.118
-77.201
-77.178
-77.21
-77.202
-77.255
-77.219
-77.19
-77.175
-77.063
-77.015
-77.036
-77.113
-77.123
-77.076
-77.045
-77.044
-77.017
-76.997
-76.988
-77.038
-77.017
-76.956
-76.871
-76.856
-76.774
-76.819
-76.789
-76.759
-76.687
-76.777
-76.739
-76.73
-76.698
-76.637
-76.603
-76.538
-76.464
-76.42
-76.341
-76.35
-76.182
-76.256
-76.231
-76.223
-76.335
-76.36
-76.352
-76.313
-76.303
-76.303
-76.379
-76.469
-76.499
-76.483
-76.51
-76.542
-76.484
-76.513
-76.507
-76.634
-76.631
-76.658
-76.715
-76.665
-76.744
-76.815
-76.759
-76.828
-76.887
-76.961
-76.894
-76.896
-76.831
-76.807
-76.847
-76.878
-76.922
-76.978
-76.913
-76.875
-76.819
-76.81
-76.94
-76.917
-76.891
-76.95
-77.008
-76.911
-76.859
-76.934
-76.869
-76.887
-76.911
-76.829
-76.905
-76.884
-76.884
-76.928
-76.861
-76.9
-76.872
-76.934
-76.967
-76.917
-76.889
-76.842
-76.985
-76.941
-76.925
-76.847
-76.835
-76.904
-76.972
-76.999
-77.026
-76.968
-77.045
-77.043
-77.061
-77.066
-77.117
-77.106
-77.127
-77.116
-77.152
-77.193
-77.246
-77.24
-77.187
-77.16
-77.166
-77.204
-77.249
-77.266
-77.264
-77.187
-77.259
-77.199
-77.207
-77.289
-77.376
-77.364
-77.378
-77.371
-77.366
-77.373
-77.337
-77.336
-77.247
-77.245
-77.331
-77.312
-77.276
-77.337
-77.312
-77.287
-77.269
-77.299
-77.139
-77.13
-77.03
-77.08
-77.045
-77.053
-77.042
-77.023
-76.952
-76.887
-76.893
-76.866
-76.995
-76.912
-76.972
-76.97
-76.993
-76.963
-76.989
-77.008
-76.97
-76.965
-76.977
-76.945
-76.969
-76.979
-77.048
-77.082
-77.095
-77.154
-77.116
-77.119
-77.165
-77.233
-77.241
-77.197
-77.27
-77.312
-77.373
-77.333
-77.38
-77.371
-77.457
-77.415
-77.436
-77.356
-77.433
-77.468
-77.489
-77.392
-77.401
-77.396
-77.427
-77.477
-77.493
-77.515
-77.497
-77.505
-77.558
-77.632
-77.677
-77.732
-77.732
-77.685
-77.702
-77.663
-77.598
-77.67
-77.654
-77.615
-77.604
-77.617
-77.627
-77.674
-77.735
-77.792
-77.855
-77.856
-77.87
-77.888
-77.92
-77.837
-77.822
-77.875
-77.846
-77.808
-77.733
-77.796
-77.732
-77.81
-77.815
-77.778
-77.74
-77.766
-77.768
-77.789
-77.823
-77.845
-77.831
-77.831
-77.778
-77.755
-77.824
-77.841
-77.842
-77.883
-77.85
-77.794
-77.773
-77.787
-77.792
-77.798
-77.858
-77.805
-77.819
-77.77
-77.87
-77.866
-77.94
-77.947
-77.998
-77.962
-77.961
-77.971
-77.992
-78.035
-78.07
-78.133
-78.123
-78.071
-78.054
-77.936
-77.947
-77.875
-77.784
-77.807
-77.798
-77.756
-77.893
-77.931
-77.924
-77.93
-77.944
-77.984
-77.919
-77.984
-77.894
-77.804
-77.835
-77.844
-77.839
-77.979
-77.949
-77.935
-77.9
-77.949
-77.816
-77.868
-77.907
-77.918
-77.996
-78.03
-78.137
-78.076
-78.177
-78.163
-78.243
-78.214
-78.123
-78.105
-78.093
-78.232
-78.2
-78.255
-78.229
-78.278
-78.198
-78.112
-78.129
-78.193
-78.195
-78.206
-78.256
-78.242
-78.254
-78.329
-78.344
-78.307
-78.287
-78.234
-78.313
-78.323
-78.469
-78.452
-78.452
-78.437
-78.496
-78.619
-78.587
-78.571
-78.562
-78.602
-78.593
-78.546
-78.523
-78.506
-78.489
-78.419
-78.462
-78.476
-78.514
-78.488
-78.465
-78.476
-78.517
-78.528
-78.476
-78.521
-78.523
-78.539
-78.532
-78.51
-78.517
-78.498
-78.555
-78.534
-78.553
-78.601
-78.658
-78.635
-78.636
-78.623
-78.566
-78.642
-78.651
-78.766
-78.824
-78.881
-78.882
-78.797
-78.778
-78.749
-78.68
-78.649
-78.706
-78.728
-78.654
-78.684
-78.664
-78.628
-78.679
-78.749
-78.727
-78.742
-78.721
-78.857
-78.918
-78.892
-78.837
-78.905
-78.933
-78.962
-78.972
-78.973
-79.03
-78.972
-78.929
-78.917
-78.967
-78.975
-78.982
-79.05
-79.077
-78.997
-78.958
-79.023
-79.09
-79.091
-79.055
-79.035
-79.211
-79.144
-79.194
-79.136
-79.166
-79.129
-79.125
-79.01
-78.946
-78.984
-78.929
-79.041
-79.068
-79.024
-78.992
-78.899
-78.884
-78.914
-78.962
-78.999
-79.013
-79.042
-79.12
-79.107
-79.172
-79.104
-79.126
-79.184
-79.245
-79.242
-79.269
-79.229
-79.274
-79.206
-79.182
-79.156
-79.204
-79.16
-79.095
-79.085
-79.003
-78.993
-79.037
-78.924
-78.862
-78.868
-78.9
-78.973
-79.032
-79.045
-79.06
-79.096
-79.114
-79.127
-79.098
-79.068
-79.048
-79.081
-79.089
-79.04
-78.977
-78.972
-78.974
-78.948
-78.991
-79.006
-79.011
-79.064
-79.11
-79.153
-79.184
-79.156
-79.153
-79.13
-79.088
-79.058
-79.083
-79.081
-79.196
-79.179
-79.209
-79.255
-79.187
-79.225
-79.168
-79.124
-79.172
-79.259
-79.256
-79.216
-79.276
-79.214
-79.264
-79.265
-79.256
-79.277
-79.353
-79.388
-79.329
-79.341
-79.349
-79.364
-79.336
-79.364
-79.375
-79.384
-79.384
-79.398
-79.376
-79.415
-79.433
-79.402
-79.411
-79.399
-79.425
-79.426
-79.401
-79.388
-79.43
-79.408
-79.483
-79.45
-79.434
-79.385
-79.387
-79.42
-79.396
-79.429
-79.401
-79.384
-79.406
-79.424
-79.33
-79.369
-79.361
-79.39
-79.32
-79.291
-79.325
-79.325
-79.405
-79.452
-79.442
-79.467
-79.468
-79.465
-79.507
-79.419
-79.312
-79.249
-79.308
-79.282
-79.274
-79.279
-79.266
-79.269
-79.211
-79.321
-79.316
-79.32
-79.274
-79.308
-79.342
-79.303
-79.374
-79.334
-79.308
-79.387
-79.349
-79.411
-79.363
-79.369
-79.445
-79.461
-79.539
-79.464
-79.559
-79.554
-79.535
-79.584
-79.624
-79.54
-79.532
-79.562
-79.58
-79.555
-79.579
-79.54
-79.623
-79.737
-79.748
-79.641
-79.626
-79.597
-79.647
-79.616
-79.652
-79.715
-79.701
-79.603
-79.581
-79.577
-79.549
-79.533
-79.506
-79.552
-79.556
-79.618
-79.671
-79.728
-79.756
-79.773
-79.738
-79.832
-79.89
-79.867
-79.831
-79.907
-79.944
-79.96
-79.882
-79.985
-80
-79.931
-79.95
-79.867
-79.784
-79.822
-79.946
-79.961
-79.906
-79.962
-80.012
-80.023
-80.031
-80.024
-79.981
-79.93
-79.897
-79.856
-79.984
-79.963
-79.971
-79.964
-79.839
-79.884
-79.924
-79.895
-79.832
-79.866
-79.811
-79.712
-79.777
-79.8
-79.837
-79.827
-79.807
-79.746
-79.669
-79.694
-79.681
-79.734
-79.797
-79.872
-79.876
-79.867
-79.897
-79.832
-79.879
-79.866
-79.837
-79.79
-79.836
-79.777
-79.686
-79.658
-79.688
-79.63
-79.527
-79.52
-79.576
-79.617
-79.68
-79.65
-79.67
-79.685
-79.726
-79.71
-79.687
-79.701
-79.654
-79.694
-79.687
-79.652
-79.625
-79.632
-79.619
-79.584
-79.662
-79.737
-79.683
-79.762
-79.82
-79.801
-79.851
-79.91
-79.874
-79.915
-79.933
-79.866
-79.905
-79.877
-79.838
-79.812
-79.765
-79.733
-79.708
-79.707
-79.768
-79.831
-79.851
-79.786
-79.823
-79.849
-79.869
-79.851
-79.91
-79.944
-79.984
-79.99
-79.931
-79.935
-79.874
-79.822
-79.702
-79.693
-79.763
-79.718
-79.75
-79.751
-79.671
-79.621
-79.654
-79.617
-79.651
-79.752
-79.774
-79.722
-79.699
-79.693
-79.688
-79.724
-79.7
-79.738
-79.716
-79.716
-79.615
-79.558
-79.597
-79.471
-79.55
-79.535
-79.492
-79.516
-79.5
-79.411
-79.377
-79.329
-79.352
-79.333
-79.253
-79.252
-79.106
-79.099
-79.16
-79.135
-79.075
-79.021
-78.972
-79
-79.058
-79.038
-79.072
-79.1
-79.052
-78.972
-78.923
-78.997
-79.023
-79.055
-79.113
-79.098
-79.147
-79.06
-79.029
-79.073
-79.051
-78.991
-78.912
-78.899
-78.95
-78.872
-78.881
-78.858
-78.876
-78.86
-78.788
-78.829
-78.891
-78.998
-78.956
-78.934
-78.988
-79.029
-79.011
-78.984
-78.971
-78.976
-78.962
-78.997
-78.955
-79.024
-78.991
-78.96
-78.877
-78.918
-78.983
-78.92
-78.867
-78.831
-78.763
-78.747
-78.844
-78.823
-78.86
-78.814
-78.782
-78.709
-78.732
-78.756
-78.745
-78.722
-78.827
-78.842
-78.783
-78.775
-78.716
-78.75
-78.732
-78.759
-78.735
-78.766
-78.811
-78.876
-78.862
-78.808
-78.882
-78.871
-78.835
-78.84
-78.885
-78.963
-78.953
-79.044
-79.024
-79.122
-79.143
-79.279
-79.244
-79.23
-79.154
-79.077
-79.045
-79.018
-78.974
-78.895
-78.901
-78.849
-78.88
-78.894
-78.937
-78.934
-78.953
-78.931
-78.866
-78.918
-78.858
-78.914
-78.922
-78.883
-78.873
-78.874
-78.9
-78.854
-78.882
-78.828
-78.892
-78.768
-78.736
-78.763
-78.75
-78.735
-78.75
-78.711
-78.658
-78.68
-78.695
-78.671
-78.75
-78.77
-78.796
-78.838
-78.866
-78.953
-79.023
-79.001
-78.915
-78.869
-78.873
-78.889
-78.831
-78.805
-78.751
-78.761
-78.823
-78.849
-78.787
-78.84
-78.88
-78.821
-78.785
-78.812
-78.812
-78.734
-78.764
-78.794
-78.731
-78.74
-78.714
-78.766
-78.841
-78.866
-78.971
-79.048
-79.083
-79.142
-79.188
-79.166
-79.186
-79.21
-79.267
-79.277
-79.275
-79.268
-79.288
-79.257
-79.232
-79.258
-79.238
-79.215
-79.152
-79.102
-79.006
-79.059
-79.016
-79.028
-78.961
-78.98
-78.942
-78.881
-78.88
-78.934
-78.956
-78.93
-78.788
-78.845
-78.829
-78.867
-78.85
-78.833
-78.826
-78.904
-78.805
-78.735
-78.697
-78.666
-78.706
-78.672
-78.658
-78.663
-78.675
-78.673
-78.653
-78.727
-78.766
-78.632
-78.624
-78.604
-78.623
-78.646
-78.649
-78.659
-78.605
-78.603
-78.553
-78.51
-78.418
-78.399
-78.425
-78.447
-78.473
-78.491
-78.45
-78.379
-78.394
-78.37
-78.376
-78.378
-78.339
-78.261
-78.327
-78.429
-78.354
-78.349
-78.335
-78.325
-78.375
-78.395
-78.298
-78.302
-78.322
-78.271
-78.264
-78.229
-78.257
-78.223
-78.231
-78.207
-78.24
-78.275
-78.399
-78.368
-78.435
-78.422
-78.302
-78.244
-78.236
-78.266
-78.19
-78.059
-78.099
-78.148
-78.155
-78.147
-78.052
-78.085
-78.044
-78.061
-78.028
-78.07
-78.009
-78.119
-78.163
-78.122
-78.155
-78.167
-78.15
-78.178
-78.196
-78.161
-78.209
-78.227
-78.28
-78.288
-78.311
-78.244
-78.237
-78.226
-78.206
-78.115
-78.076
-78.115
-78.12
-78.12
-78.086
-78.04
-78.107
-78.11
-78.181
-78.165
-78.261
-78.328
-78.323
-78.458
-78.462
-78.428
-78.384
-78.456
-78.428
-78.458
-78.435
-78.43
-78.439
-78.375
-78.361
-78.36
-78.339
-78.25
-78.292
-78.323
-78.311
-78.294
-78.358
-78.366
-78.421
-78.353
-78.273
-78.28
-78.288
-78.286
-78.345
-78.357
-78.404
-78.375
-78.324
-78.33
-78.322
-78.371
-78.368
-78.368
-78.369
-78.446
-78.453
-78.49
-78.542
-78.52
-78.437
-78.383
-78.38
-78.36
-78.327
-78.283
-78.233
-78.192
-78.188
-78.178
-78.137
-78.177
-78.216
-78.223
-78.187
-78.235
-78.19
-78.246
-78.213
-78.187
-78.27
-78.294
-78.305
-78.32
-78.283
-78.294
-78.268
-78.27
-78.214
-78.201
-78.22
-78.263
-78.203
-78.234
-78.277
-78.24
-78.268
-78.274
-78.305
-78.42
-78.423
-78.456
-78.505
-78.424
-78.458
-78.439
-78.447
-78.421
-78.416
-78.381
-78.324
-78.299
-78.388
-78.334
-78.335
-78.256
-78.219
-78.257
-78.179
-78.172
-78.145
-78.164
-78.209
-78.168
-78.154
-78.135
-78.207
-78.214
-78.23
-78.136
-78.141
-78.192
-78.166
-78.196
-78.084
-78.153
-78.148
-78.212
-78.288
-78.352
-78.347
-78.278
-78.273
-78.268
-78.181
-78.164
-78.191
-78.206
-78.187
-78.198
-78.191
-78.188
-78.128
-78.145
-78.142
-78.123
-78.184
-78.155
-78.186
-78.085
-78.14
-78.129
-78.114
-78.12
-78.144
-78.179
-78.132
-78.174
-78.161
-78.142
-78.166
-78.094
-78.101
-77.984
-77.967
-77.925
-77.93
-77.868
-77.839
-77.835
-77.871
-77.931
-77.991
-78.005
-78.105
-78.18
-78.154
-78.241
-78.261
-78.308
-78.279
-78.32
-78.342
-78.341
-78.361
-78.346
-78.453
-78.509
-78.508
-78.487
-78.496
-78.487
-78.396
-78.413
-78.345
-78.334
-78.357
-78.32
-78.292
-78.266
-78.29
-78.195
-78.169
-78.185
-78.182
-78.148
-78.136
-78.206
-78.234
-78.276
-78.228
-78.231
-78.318
-78.274
-78.268
-78.237
-78.337
-78.29
-78.253
-78.188
-78.242
-78.21
-78.141
-78.202
-78.118
-78.082
-78.065
-78.047
-78.06
-78.08
-78.095
-78.048
-77.967
-77.981
-78.013
-78.019
-77.989
-78.037
-78.049
-78.076
-78.099
-78.053
-78.058
-78.002
-77.956
-77.906
-77.879
-77.879
-77.918
-77.868
-77.976
-78.004
-78
-78.042
-78.023
-78.033
-78.075
-78.05
-78.071
-78.004
-77.994
-78.019
-77.988
-77.974
-77.957
-78.001
-78.056
-78.021
-78.04
-77.998
-78.035
-78.001
-78.041
-78.058
-78.006
-78.011
-77.986
-78.009
-77.991
-77.925
-77.849
-77.837
-77.867
-77.781
-77.806
-77.807
-77.808
-77.771
-77.772
-77.754
-77.669
-77.652
-77.67
-77.743
-77.729
-77.751
-77.719
-77.675
-77.69
-77.652
-77.61
-77.64
-77.696
-77.715
-77.708
-77.757
-77.744
-77.776
-77.812
-77.795
-77.753
-77.715
-77.656
-77.654
-77.652
-77.683
-77.706
-77.665
-77.645
-77.709
-77.697
-77.705
-77.764
-77.792
-77.829
-77.771
-77.847
-77.927
-77.991
-77.969
-77.973
-78.002
-77.994
-77.974
-77.912
-77.981
-77.966
-77.873
-77.847
-77.832
-77.905
-77.96
-77.914
-77.893
-77.885
-77.89
-77.844
-77.887
-77.802
-77.843
-77.869
-77.838
-77.712
-77.663
-77.669
-77.695
-77.69
-77.645
-77.583
-77.558
-77.601
-77.546
-77.555
-77.609
-77.601
-77.608
-77.607
-77.626
-77.684
-77.661
-77.628
-77.649
-77.617
-77.679
-77.684
-77.729
-77.711
-77.766
-77.785
-77.786
-77.745
-77.742
-77.812
-77.824
-77.754
-77.832
-77.856
-77.828
-77.707
-77.636
-77.614
-77.562
-77.458
-77.412
-77.405
-77.404
-77.329
-77.294
-77.302
-77.303
-77.282
-77.245
-77.272
-77.234
-77.288
-77.253
-77.166
-77.155
-77.106
-77.205
-77.243
-77.221
-77.144
-77.142
-77.219
-77.252
-77.296
-77.451
-77.413
-77.383
-77.382
-77.358
-77.371
-77.342
-77.389
-77.446
-77.481
-77.502
-77.512
-77.558
-77.597
-77.604
-77.587
-77.617
-77.641
-77.714
-77.744
-77.712
-77.711
-77.573
-77.548
-77.572
-77.579
-77.626
-77.562
-77.631
-77.642
-77.558
-77.454
-77.539
-77.471
-77.52
-77.494
-77.5
-77.507
-77.537
-77.576
-77.572
-77.595
-77.616
-77.601
-77.591
-77.595
-77.509
-77.542
-77.572
-77.612
-77.619
-77.559
-77.61
-77.604
-77.6
-77.591
-77.631
-77.679
-77.737
-77.727
-77.753
-77.765
-77.802
-77.777
-77.77
-77.813
-77.76
-77.715
-77.61
-77.556
-77.614
-77.595
-77.598
-77.642
-77.594
-77.617
-77.67
-77.626
-77.569
-77.487
-77.447
-77.469
-77.463
-77.381
-77.359
-77.373
-77.435
-77.42
-77.517
-77.58
-77.631
-77.635
-77.562
-77.556
-77.536
-77.487
-77.45
-77.441
-77.423
-77.405
-77.371
-77.396
-77.366
-77.324
-77.351
-77.384
-77.401
-77.394
-77.416
-77.335
-77.38
-77.382
-77.409
-77.461
-77.46
-77.364
-77.32
-77.354
-77.376
-77.366
-77.359
-77.43
-77.466
-77.408
-77.313
-77.224
-77.219
-77.233
-77.214
-77.24
-77.281
-77.317
-77.346
-77.331
-77.272
-77.297
-77.352
-77.351
-77.415
-77.474
-77.527
-77.546
-77.518
-77.442
-77.504
-77.665
-77.676
-77.703
-77.699
-77.749
-77.738
-77.697
-77.692
-77.645
-77.693
-77.661
-77.63
-77.689
-77.726
-77.653
-77.689
-77.642
-77.593
-77.61
-77.659
-77.747
-77.847
-77.909
-77.804
-77.719
-77.688
-77.696
-77.728
-77.662
-77.649
-77.724
-77.66
-77.702
-77.681
-77.641
-77.64
-77.642
-77.66
-77.706
-77.777
-77.842
-77.834
-77.857
-77.876
-77.833
-77.92
-77.914
-77.956
-78.046
-78.047
-78.152
-78.178
-78.205
-78.169
-78.204
-78.173
-78.069
-78.083
-78.104
-78.043
-78.087
-78.006
-77.918
-77.981
-77.91
-78.005
-77.904
-77.896
-77.911
-77.918
-77.88
-77.91
-77.885
-77.827
-77.867
-77.831
-77.833
-77.855
-77.833
-77.816
-77.768
-77.795
-77.721
-77.786
-77.758
-77.753
-77.63
-77.491
-77.515
-77.485
-77.485
-77.439
-77.343
-77.315
-77.344
-77.361
-77.359
-77.344
-77.337
-77.384
-77.368
-77.417
-77.429
-77.429
-77.415
-77.488
-77.44
-77.424
-77.426
-77.412
-77.427
-77.448
-77.515
-77.462
-77.486
-77.474
-77.477
-77.554
-77.62
-77.594
-77.61
-77.548
-77.512
-77.549
-77.551
-77.697
-77.635
-77.608
-77.485
-77.492
-77.52
-77.55
-77.559
-77.548
-77.567
-77.611
-77.54
-77.476
-77.489
-77.453
-77.415
-77.377
-77.371
-77.375
-77.254
-77.299
-77.255
-77.23
-77.191
-77.13
-77.151
-77.236
-77.23
-77.274
-77.298
-77.343
-77.397
-77.37
-77.372
-77.293
-77.256
-77.243
-77.276
-77.26
-77.254
-77.158
-77.17
-77.136
-77.158
-77.169
-77.227
-77.223
-77.176
-77.22
-77.172
-77.168
-77.181
-77.243
-77.266
-77.369
-77.363
-77.249
-77.246
-77.274
-77.212
-77.161
-77.176
-77.204
-77.198
-77.269
-77.25
-77.24
-77.254
-77.21
-77.247
-77.283
-77.212
-77.228
-77.167
-77.16
-77.183
-77.27
-77.307
-77.209
-77.319
-77.328
-77.349
-77.351
-77.33
-77.303
-77.266
-77.254
-77.297
-77.235
-77.207
-77.17
-77.179
-77.17
-77.169
-77.199
-77.181
-77.108
-77.043
-76.983
-76.915
-76.894
-76.889
-76.894
-76.97
-77.003
-77.154
-77.2
-77.241
-77.267
-77.264
-77.309
-77.339
-77.375
-77.409
-77.433
-77.447
-77.436
-77.294
-77.319
-77.27
-77.231
-77.288
-77.283
-77.367
-77.335
-77.37
-77.415
-77.42
-77.41
-77.348
-77.263
-77.298
-77.283
-77.354
-77.365
-77.381
-77.403
-77.382
-77.366
-77.318
-77.258
-77.292
-77.234
-77.222
-77.025
-77.056
-77.043
-77.004
-77.05
-77.073
-77.063
-77.06
-77.082
-77.187
-77.164
-77.213
-77.158
-77.161
-77.087
-77.175
-77.269
-77.299
-77.306
-77.343
-77.394
-77.388
-77.431
-77.491
-77.477
-77.425
-77.341
-77.352
-77.358
-77.375
-77.337
-77.294
-77.26
-77.275
-77.202
-77.236
-77.372
-77.397
-77.352
-77.357
-77.33
-77.309
-77.167
-77.179
-77.083
-77.062
-77.024
-76.992
-77.006
-76.977
-76.998
-76.968
-76.973
-76.997
-77.102
-77.169
-77.177
-77.128
-77.089
-77.054
-77.132
-77.141
-77.115
-77.112
-77.164
-77.134
-77.158
-77.162
-77.169
-77.2
-77.25
-77.201
-77.209
-77.234
-77.294
-77.34
-77.466
-77.433
-77.501
-77.351
-77.352
-77.396
-77.277
-77.322
-77.406
-77.392
-77.414
-77.348
-77.41
-77.392
-77.366
-77.402
-77.429
-77.424
-77.412
-77.439
-77.42
-77.44
-77.436
-77.426
-77.376
-77.348
-77.41
-77.462
-77.434
-77.438
-77.479
-77.436
-77.443
-77.502
-77.491
-77.53
-77.572
-77.514
-77.468
-77.46
-77.337
-77.339
-77.316
-77.353
-77.32
-77.333
-77.287
-77.297
-77.311
-77.298
-77.276
-77.338
-77.373
-77.433
-77.465
-77.455
-77.419
-77.473
-77.52
-77.554
-77.619
-77.618
-77.585
-77.515
-77.399
-77.477
-77.448
-77.442
-77.378
-77.277
-77.243
-77.251
-77.308
-77.226
-77.19
-77.172
-77.236
-77.191
-77.185
-77.193
-77.14
-77.102
-77.108
-77.097
-77.062
-77.004
-77.043
-77.055
-77.012
-76.944
-77.084
-77.121
-77.118
-77.125
-77.222
-77.277
-77.288
-77.311
-77.277
-77.312
-77.35
-77.36
-77.375
-77.321
-77.365
-77.333
-77.392
-77.422
-77.494
-77.493
-77.502
-77.554
-77.613
-77.674
-77.719
-77.694
-77.774
-77.712
-77.687
-77.797
-77.705
-77.565
-77.511
-77.521
-77.564
-77.55
-77.567
-77.488
-77.574
-77.616
-77.602
-77.678
-77.686
-77.682
-77.697
-77.782
-77.754
-77.796
-77.795
-77.886
-77.824
-77.84
-77.841
-77.908
-77.917
-77.886
-77.856
-77.891
-77.969
-78.033
-77.995
-78.054
-78.07
-78.071
-78.137
-78.183
-78.205
-78.123
-78.091
-78.115
-78.117
-78.076
-78.037
-78.02
-78.003
-77.975
-77.998
-77.92
-78.031
-77.956
-77.926
-77.909
-77.898
-77.944
-77.954
-77.997
-77.982
-77.984
-78.006
-78.053
-78.039
-78.1
-78.046
-78.007
-77.989
-77.984
-78.055
-78.07
-78.052
-78.115
-78.148
-78.17
-78.202
-78.181
-78.171
-78.192
-78.205
-78.142
-78.2
-78.193
-78.125
-78.147
-78.14
-78.176
-78.116
-78.083
-78.078
-78.013
-78.027
-78.028
-77.982
-77.909
-77.86
-77.783
-77.797
-77.792
-77.84
-77.806
-77.82
-77.887
-77.902
-77.933
-77.904
-77.858
-77.787
-77.781
-77.803
-77.742
-77.777
-77.736
-77.778
-77.746
-77.785
-77.714
-77.808
-77.842
-77.885
-77.883
-77.848
-77.884
-77.829
-77.921
-77.908
-77.95
-77.935
-78.01
-77.923
-77.973
-78.09
-78.011
-78.039
-77.963
-77.967
-77.968
-78.036
-78.056
-78.06
-78.039
-78.033
-77.993
-77.99
-78.056
-78.047
-78.096
-78.015
-78.031
-78.028
-78.039
-78.105
-78.069
-78.163
-78.217
-78.282
-78.294
-78.355
-78.341
-78.355
-78.313
-78.242
-78.279
-78.255
-78.302
-78.343
-78.34
-78.343
-78.335
-78.398
-78.467
-78.483
-78.472
-78.38
-78.349
-78.381
-78.417
-78.392
-78.356
-78.332
-78.442
-78.549
-78.584
-78.546
-78.463
-78.525
-78.516
-78.459
-78.427
-78.451
-78.475
-78.444
-78.449
-78.408
-78.387
-78.451
-78.428
-78.431
-78.488
-78.412
-78.344
-78.381
-78.354
-78.339
-78.351
-78.416
-78.412
-78.438
-78.353
-78.347
-78.44
-78.588
-78.449
-78.508
-78.482
-78.466
-78.504
-78.506
-78.539
-78.529
-78.433
-78.455
-78.53
-78.548
-78.517
-78.602
-78.598
-78.658
-78.673
-78.796
-78.828
-78.898
-78.838
-78.797
-78.688
-78.663
-78.715
-78.647
-78.688
-78.777
-78.772
-78.769
-78.841
-78.847
-78.799
-78.747
-78.839
-78.893
-78.826
-78.813
-78.851
-78.93
-78.948
-78.918
-78.897
-78.847
-78.953
-79.02
-79.022
-79.1
-79.142
-79.08
-79.029
-79.005
-78.973
-79.021
-79.025
-78.974
-79.037
-79.039
-79.039
-79.086
-79.116
-79.098
-79.076
-79.16
-79.175
-79.191
-79.142
-79.19
-79.234
-79.185
-79.159
-79.201
-79.209
-79.154
-79.15
-79.147
-79.171
-79.218
-79.171
-79.151
-79.205
-79.133
-79.117
-79.038
-79.085
-79.194
-79.239
-79.27
-79.294
-79.326
-79.293
-79.298
-79.259
-79.395
-79.299
-79.259
-79.174
-79.234
-79.222
-79.188
-79.215
-79.143
-79.14
-79.059
-79.046
-79.06
-79.076
-79.003
-78.992
-78.961
-78.93
-78.896
-78.926
-78.872
-78.91
-78.904
-79.004
-78.972
-78.95
-78.961
-79.038
-79.064
-79.109
-78.972
-79.002
-78.973
-78.93
-78.919
-78.924
-78.914
-78.885
-78.816
-78.79
-78.785
-78.639
-78.58
-78.529
-78.429
-78.444
-78.371
-78.348
-78.324
-78.37
-78.351
-78.347
-78.381
-78.316
-78.267
-78.209
-78.213
-78.21
-78.263
-78.294
-78.223
-78.225
-78.281
-78.257
-78.198
-78.059
-78.084
-78.067
-78.156
-78.159
-78.132
-78.023
-78.011
-78.044
-77.969
-78.017
-78.069
-78.068
-78.072
-78.021
-78.114
-78.068
-78.1
-78.112
-78.081
-78.043
-78.037
-77.999
-77.989
-77.909
-77.923
-77.987
-78.02
-78.075
-78.109
-78.19
-78.129
-78.105
-78.02
-78.081
-78.12
-78.059
-78.1
-77.98
-77.813
-77.777
-77.748
-77.751
-77.698
-77.74
-77.811
-77.75
-77.729
-77.719
-77.655
-77.635
-77.673
-77.667
-77.663
-77.705
-77.671
-77.747
-77.782
-77.782
-77.704
-77.692
-77.687
-77.719
-77.737
-77.6
-77.544
-77.545
-77.544
-77.517
-77.565
-77.563
-77.54
-77.443
-77.415
-77.438
-77.49
-77.414
-77.423
-77.357
-77.326
-77.207
-77.241
-77.32
-77.38
-77.411
-77.322
-77.386
-77.425
-77.426
-77.454
-77.477
-77.468
-77.438
-77.57
-77.514
-77.4
-77.504
-77.473
-77.445
-77.425
-77.489
-77.545
-77.479
-77.499
-77.503
-77.41
-77.414
-77.4
-77.394
-77.486
-77.451
-77.555
-77.519
-77.549
-77.537
-77.654
-77.606
-77.558
-77.499
-77.503
-77.483
-77.438
-77.522
-77.498
-77.454
-77.457
-77.463
-77.474
-77.349
-77.444
-77.452
-77.419
-77.46
-77.417
-77.456
-77.454
-77.502
-77.542
-77.512
-77.564
-77.639
-77.602
-77.645
-77.771
-77.683
-77.654
-77.659
-77.701
-77.608
-77.656
-77.666
-77.624
-77.622
-77.646
-77.566
-77.568
-77.522
-77.452
-77.423
-77.38
-77.346
-77.313
-77.262
-77.12
-77.007
-76.948
-76.904
-76.888
-76.806
-76.73
-76.778
-76.765
-76.736
-76.741
-76.738
-76.739
-76.703
-76.739
-76.72
-76.743
-76.857
-76.821
-76.927
-76.941
-77.009
-76.974
-76.903
-76.947
-76.927
-76.941
-76.913
-76.896
-76.822
-76.79
-76.832
-76.777
-76.842
-76.884
-76.83
-76.827
-76.882
-76.859
-76.873
-76.856
-76.785
-76.736
-76.67
-76.66
-76.67
-76.654
-76.672
-76.696
-76.736
-76.732
-76.611
-76.657
-76.658
-76.563
-76.587
-76.551
-76.604
-76.653
-76.68
-76.649
-76.632
-76.623
-76.652
-76.649
-76.637
-76.727
-76.729
-76.773
-76.807
-76.839
-76.887
-76.928
-76.904
-76.918
-76.979
-76.914
-76.886
-76.922
-76.936
-76.913
-76.889
-76.876
-76.883
-76.874
-76.845
-76.903
-76.861
-76.924
-76.959
-77.013
-77.086
-77.145
-77.257
-77.264
-77.31
-77.318
-77.445
-77.428
-77.389
-77.393
-77.394
-77.428
-77.445
-77.516
-77.477
-77.453
-77.48
-77.5
-77.498
-77.435
-77.421
-77.49
-77.487
-77.442
-77.449
-77.381
-77.385
-77.401
-77.431
-77.454
-77.517
-77.608
-77.623
-77.599
-77.614
-77.595
-77.633
-77.607
-77.669
-77.648
-77.586
-77.658
-77.701
-77.719
-77.771
-77.835
-77.837
-77.821
-77.861
-77.909
-77.888
-77.943
-77.931
-77.831
-77.772
-77.747
-77.784
-77.8
-77.753
-77.711
-77.696
-77.658
-77.636
-77.594
-77.534
-77.417
-77.442
-77.444
-77.426
-77.425
-77.431
-77.4
-77.376
-77.353
-77.333
-77.325
-77.441
-77.475
-77.418
-77.414
-77.363
-77.323
-77.354
-77.467
-77.52
-77.445
-77.414
-77.342
-77.242
-77.225
-77.211
-77.253
-77.221
-77.287
-77.306
-77.278
-77.22
-77.241
-77.1
-77.184
-77.157
-77.129
-77.158
-77.082
-77.154
-77.14
-77.132
-77.084
-77.082
-77.093
-77.009
-77.012
-77.045
-77.023
-77.103
-76.989
-77.039
-77.015
-76.976
-77.118
-77.151
-77.071
-77.099
-77.095
-77.034
-77.09
-77.019
-77.05
-77.034
-77.133
-77.123
-77.107
-77.118
-77.221
-77.268
-77.308
-77.321
-77.256
-77.278
-77.257
-77.212
-77.218
-77.197
-77.126
-77.142
-77.25
-77.291
-77.26
-77.28
-77.252
-77.235
-77.201
-77.112
-77.039
-77.068
-77.031
-77.006
-77.037
-77.14
-77.098
-77.185
-77.192
-77.171
-77.124
-77.146
-77.172
-77.227
-77.167
-77.174
-77.214
-77.118
-77.079
-76.999
-77.081
-77.181
-77.216
-77.342
-77.322
-77.361
-77.409
-77.4
-77.467
-77.44
-77.423
-77.414
-77.442
-77.38
-77.338
-77.256
-77.387
-77.435
-77.406
-77.545
-77.575
-77.573
-77.593
-77.641
-77.655
-77.545
-77.531
-77.533
-77.424
-77.329
-77.334
-77.32
-77.317
-77.292
-77.202
-77.136
-77.2
-77.279
-77.29
-77.313
-77.173
-77.196
-77.235
-77.346
-77.364
-77.416
-77.475
-77.447
-77.526
-77.495
-77.503
-77.499
-77.501
-77.589
-77.556
-77.512
-77.571
-77.583
-77.585
-77.698
-77.652
-77.606
-77.594
-77.56
-77.617
-77.607
-77.613
-77.62
-77.702
-77.651
-77.597
-77.686
-77.627
-77.583
-77.598
-77.596
-77.577
-77.648
-77.657
-77.604
-77.651
-77.573
-77.51
-77.482
-77.434
-77.466
-77.523
-77.585
-77.658
-77.728
-77.721
-77.72
-77.653
-77.636
-77.681
-77.662
-77.727
-77.733
-77.768
-77.653
-77.637
-77.681
-77.731
-77.762
-77.719
-77.786
-77.72
-77.703
-77.619
-77.626
-77.679
-77.62
-77.693
-77.721
-77.695
-77.685
-77.642
-77.639
-77.575
-77.618
-77.67
-77.729
-77.705
-77.799
-77.835
-77.922
-77.969
-77.971
-78.03
-77.995
-77.936
-77.946
-77.946
-77.988
-77.979
-77.955
-77.909
-77.892
-77.878
-77.893
-77.868
-77.889
-77.891
-77.839
-77.833
-77.888
-77.892
-77.972
-78.03
-78.039
-78.107
-78.127
-78.089
-78.072
-78.124
-78.155
-78.19
-78.187
-78.158
-78.118
-78.065
-77.991
-78.033
-78.04
-78.143
-78.187
-78.16
-78.112
-78.158
-78.185
-78.098
-78.006
-78.046
-78.032
-78.06
-78.079
-78.048
-77.996
-77.974
-77.881
-77.866
-77.851
-77.774
-77.796
-77.782
-77.762
-77.77
-77.731
-77.83
-77.864
-77.941
-77.949
-77.933
-77.882
-77.941
-77.968
-77.902
-77.9
-77.866
-77.891
-77.946
-77.967
-77.922
-77.945
-77.872
-77.924
-77.934
-77.952
-77.904
-77.78
-77.823
-77.729
-77.676
-77.776
-77.755
-77.737
-77.725
-77.643
-77.712
-77.688
-77.725
-77.763
-77.772
-77.815
-77.872
-77.86
-77.839
-77.787
-77.843
-77.827
-77.9
-77.898
-77.798
-77.753
-77.808
-77.803
-77.864
-77.919
-77.941
-77.953
-77.954
-78.031
-78.047
-78.055
-78.076
-78.07
-78.087
-78.137
-78.175
-78.209
-78.186
-78.191
-78.175
-78.182
-78.275
-78.238
-78.255
-78.362
-78.3
-78.282
-78.28
-78.425
-78.332
-78.322
-78.317
-78.263
-78.183
-78.199
-78.238
-78.218
-78.218
-78.222
-78.283
-78.269
-78.25
-78.347
-78.341
-78.372
-78.256
-78.233
-78.151
-78.17
-78.147
-78.169
-78.243
-78.192
-78.225
-78.259
-78.277
-78.4
-78.375
-78.353
-78.312
-78.324
-78.299
-78.316
-78.372
-78.304
-78.272
-78.341
-78.348
-78.39
-78.401
-78.457
-78.454
-78.464
-78.459
-78.369
-78.426
-78.444
-78.395
-78.445
-78.466
-78.419
-78.437
-78.42
-78.378
-78.353
-78.414
-78.358
-78.337
-78.365
-78.371
-78.365
-78.435
-78.391
-78.413
-78.364
-78.338
-78.257
-78.311
-78.3
-78.275
-78.304
-78.369
-78.301
-78.315
-78.419
-78.507
-78.56
-78.461
-78.429
-78.469
-78.433
-78.382
-78.403
-78.422
-78.377
-78.35
-78.322
-78.301
-78.382
-78.334
-78.257
-78.185
-78.237
-78.169
-78.2
-78.177
-78.183
-78.133
-78.121
-78.225
-78.235
-78.179
-78.199
-78.331
-78.285
-78.352
-78.449
-78.33
-78.366
-78.41
-78.444
-78.401
-78.491
-78.474
-78.543
-78.604
-78.645
-78.717
-78.831
-78.813
-78.892
-78.901
-78.938
-78.872
-78.903
-78.877
-78.852
-78.889
-78.899
-78.891
-78.9
-78.863
-78.856
-78.912
-78.859
-78.838
-78.787
-78.89
-78.851
-78.893
-78.982
-78.935
-79.009
-79.021
-79.025
-79.008
-79.066
-79.108
-79.059
-79.094
-79.122
-79.12
-79.124
-79.069
-79.055
-78.916
-78.87
-78.885
-78.856
-78.769
-78.809
-78.743
-78.682
-78.754
-78.819
-78.801
-78.769
-78.802
-78.793
-78.809
-78.69
-78.842
-78.758
-78.733
-78.773
-78.856
-78.909
-78.959
-78.907
-78.966
-78.98
-78.916
-78.981
-78.888
-78.907
-78.957
-78.954
-78.96
-78.964
-79.082
-79.173
-79.092
-79.04
-79.061
-78.999
-78.968
-78.936
-78.944
-78.822
-78.798
-78.815
-78.781
-78.706
-78.732
-78.71
-78.702
-78.605
-78.576
-78.529
-78.496
-78.503
-78.372
-78.369
-78.421
-78.419
-78.419
-78.501
-78.572
-78.58
-78.58
-78.678
-78.663
-78.784
-78.821
-78.82
-78.842
-78.848
-78.754
-78.743
-78.785
-78.788
-78.818
-78.773
-78.776
-78.701
-78.709
-78.749
-78.753
-78.751
-78.838
-78.847
-78.766
-78.866
-78.861
-78.823
-78.805
-78.709
-78.682
-78.567
-78.606
-78.568
-78.516
-78.557
-78.57
-78.579
-78.534
-78.49
-78.419
-78.48
-78.446
-78.502
-78.5
-78.405
-78.452
-78.477
-78.463
-78.402
-78.337
-78.397
-78.383
-78.329
-78.308
-78.352
-78.263
-78.273
-78.168
-78.225
-78.226
-78.179
-78.082
-77.999
-78.078
-78.002
-78.023
-78.124
-78.164
-78.211
-78.187
-78.113
-78.144
-78.073
-78.104
-78.111
-78.111
-78.088
-78.075
-77.985
-77.994
-77.984
-78.032
-78.042
-78.11
-78.164
-78.248
-78.302
-78.328
-78.311
-78.186
-78.204
-78.207
-78.205
-78.199
-78.175
-78.169
-78.259
-78.244
-78.245
-78.095
-78.126
-78.061
-78.031
-78.104
-78.109
-78.119
-78.065
-78.115
-78.149
-78.225
-78.18
-78.103
-78.098
-78.048
-78.024
-78.109
-78.125
-78.075
-78.017
-77.947
-77.917
-77.946
-77.998
-78.068
-78.076
-78.003
-77.992
-78.054
-78.085
-78.07
-78.085
-78.115
-78.055
-77.986
-78.039
-78.02
-78.045
-78.026
-78.005
-78.028
-78.098
-78.058
-78.016
-78.004
-77.997
-78.043
-77.985
-78
-77.983
-77.917
-77.816
-77.697
-77.687
-77.776
-77.811
-77.876
-77.838
-77.821
-77.831
-77.845
-77.843
-77.779
-77.695
-77.679
-77.705
-77.695
-77.657
-77.655
-77.752
-77.834
-77.793
-77.735
-77.825
-77.887
-77.915
-77.944
-77.927
-78.068
-78.139
-78.159
-78.205
-78.161
-78.049
-78.023
-78.139
-78.206
-78.202
-78.13
-78.07
-78.112
-78.108
-78.112
-78.081
-78.056
-78.026
-78.063
-78.074
-78.057
-78.026
-77.975
-78.003
-77.969
-78.014
-78.055
-78.129
-78.153
-78.181
-78.153
-78.159
-78.146
-78.153
-78.172
-78.199
-78.128
-78.18
-78.267
-78.237
-78.257
-78.225
-78.268
-78.36
-78.28
-78.161
-78.171
-78.165
-78.114
-78.067
-77.993
-78.078
-78.055
-78.089
-78.046
-78.022
-78.034
-77.885
-77.899
-77.924
-77.904
-77.92
-77.915
-77.928
-77.896
-77.895
-77.963
-78.018
-77.999
-78.014
-78.041
-77.97
-77.92
-77.876
-77.802
-77.72
-77.748
-77.703
-77.704
-77.588
-77.63
-77.583
-77.495
-77.645
-77.613
-77.631
-77.61
-77.675
-77.75
-77.742
-77.629
-77.686
-77.678
-77.754
-77.873
-77.884
-77.832
-77.795
-77.797
-77.802
-77.823
-77.818
-77.669
-77.715
-77.674
-77.722
-77.663
-77.608
-77.538
-77.585
-77.552
-77.528
-77.498
-77.54
-77.546
-77.485
-77.49
-77.615
-77.586
-77.596
-77.563
-77.593
-77.692
-77.621
-77.592
-77.526
-77.425
-77.39
-77.337
-77.31
-77.386
-77.31
-77.307
-77.356
-77.297
-77.258
-77.196
-77.21
-77.19
-77.13
-77.159
-77.188
-77.168
-77.136
-77.215
-77.202
-77.258
-77.222
-77.294
-77.229
-77.177
-77.144
-77.195
-77.247
-77.223
-77.143
-77.125
-77.158
-77.197
-77.246
-77.271
-77.235
-77.196
-77.228
-77.204
-77.224
-77.151
-77.206
-77.314
-77.235
-77.249
-77.266
-77.339
-77.278
-77.367
-77.43
-77.43
-77.517
-77.583
-77.637
-77.774
-77.716
-77.605
-77.627
-77.595
-77.56
-77.473
-77.453
-77.509
-77.44
-77.433
-77.497
-77.517
-77.566
-77.638
-77.581
-77.61
-77.576
-77.615
-77.632
-77.668
-77.773
-77.872
-77.847
-77.87
-77.926
-77.977
-77.931
-77.977
-77.989
-77.925
-77.933
-77.887
-78.007
-77.966
-77.837
-77.772
-77.738
-77.744
-77.678
-77.633
-77.599
-77.6
-77.62
-77.63
-77.589
-77.494
-77.51
-77.458
-77.448
-77.458
-77.386
-77.391
-77.373
-77.36
-77.394
-77.407
-77.455
-77.357
-77.318
-77.266
-77.269
-77.26
-77.172
-77.144
-77.074
-76.978
-76.882
-76.83
-76.809
-76.771
-76.739
-76.789
-76.719
-76.615
-76.512
-76.532
-76.468
-76.442
-76.507
-76.435
-76.43
-76.327
-76.288
-76.278
-76.195
-76.045
-76.002
-76.003
-75.918
-75.837
-75.882
-75.817
-75.735
-75.722
-75.726
-75.652
-75.58
-75.454
-75.469
-75.54
-75.49
-75.535
-75.533
-75.574
-75.52
-75.532
-75.557
-75.594
-75.544
-75.52
-75.548
-75.475
-75.428
-75.377
-75.217
-75.156
-75.17
-75.08
-75.051
-74.992
-74.988
-75.078
-75.104
-75.064
-74.966
-75.015
-74.954
-74.935
-74.951
-74.957
-74.966
-74.912
-74.887
-74.697
-74.656
-74.677
-74.741
-74.786
-74.821
-74.853
-74.773
-74.745
-74.694
-74.669
-74.594
-74.653
-74.638
-74.566
-74.549
-74.497
-74.447
-74.486
-74.49
-74.46
-74.432
-74.455
-74.47
-74.446
-74.426
-74.398
-74.34
-74.32
-74.24
-74.193
-74.224
-74.317
-74.322
-74.338
-74.266
-74.344
-74.349
-74.265
-74.273
-74.308
-74.317
-74.315
-74.274
-74.251
-74.156
-74.122
-74.143
-74.087
-74.089
-74.048
-74.04
-74.101
-74.079
-74.02
-74.015
-74.019
-73.963
-73.956
-74.004
-73.963
-73.917
-73.958
-73.929
-73.889
-73.795
-73.862
-73.786
-73.758
-73.803
-73.828
-73.93
-73.791
-73.801
-73.827
-73.796
-73.694
-73.615
-73.558
-73.569
-73.564
-73.59
-73.546
-73.475
-73.432
-73.479
-73.452
-73.51
-73.443
-73.472
-73.38
-73.424
-73.378
-73.291
-73.327
-73.394
-73.34
-73.356
-73.376
-73.318
-73.293
-73.276
-73.333
-73.226
-73.212
-73.16
-73.234
-73.189
-73.222
-73.133
-73.206
-73.145
-73.09
-73.056
-73.085
-73.06
-73.029
-73.029
-73.046
-72.979
-72.886
-72.909
-72.862
-72.854
-72.874
-72.926
-72.966
-72.97
-72.919
-72.901
-72.962
-72.912
-72.866
-72.899
-72.794
-72.843
-72.852
-72.846
-72.835
-72.806
-72.837
-72.865
-72.848
-72.849
-72.827
-72.916
-72.844
-72.718
-72.719
-72.732
-72.713
-72.649
-72.605
-72.61
-72.607
-72.591
-72.602
-72.648
-72.609
-72.58
-72.454
-72.489
-72.509
-72.546
-72.633
-72.722
-72.737
-72.701
-72.791
-72.72
-72.649
-72.684
-72.714
-72.724
-72.789
-72.719
-72.754
-72.744
-72.8
-72.768
-72.768
-72.731
-72.693
-72.655
-72.605
-72.653
-72.573
-72.592
-72.631
-72.559
-72.586
-72.627
-72.655
-72.624
-72.608
-72.606
-72.705
-72.636
-72.655
-72.632
-72.595
-72.524
-72.604
-72.586
-72.594
-72.596
-72.579
-72.589
-72.556
-72.584
-72.638
-72.592
-72.571
-72.6
-72.626
-72.614
-72.683
-72.658
-72.672
-72.63
-72.603
-72.622
-72.6
-72.711
-72.648
-72.694
-72.698
-72.728
-72.629
-72.667
-72.607
-72.679
-72.655
-72.658
-72.749
-72.679
-72.7
-72.688
-72.605
-72.591
-72.639
-72.637
-72.662
-72.554
-72.559
-72.564
-72.609
-72.548
-72.596
-72.594
-72.594
-72.619
-72.584
-72.588
-72.64
-72.709
-72.741
-72.673
-72.686
-72.734
-72.759
-72.839
-72.707
-72.738
-72.773
-72.77
-72.679
-72.664
-72.719
-72.764
-72.847
-72.883
-72.901
-72.997
-73.202
-73.333
-73.425
-73.537
-73.662
-73.849
-73.921
-74.106
-74.265
-74.386
-74.532
-74.62
-74.772
-74.898
-75.05
-75.25
-75.405
-75.533
-75.685
-75.732
-75.741
-75.864
-76.07
-76.219
-76.437
-76.538
-76.578
-76.724
-76.823
-76.986
-77.046
-77.184
-77.303
-77.428
-77.565
-77.571
-77.668
-77.701
-77.875
-77.837
-77.994
-78.132
-78.288
-78.305
-78.374
-78.463
-78.514
-78.515
-78.554
-78.674
-78.703
-78.763
-78.847
-78.934
-78.973
-79.045
-79.033
-79.045
-79.139
-79.162
-79.168
-79.167
-79.145
-79.119
-79.161
-79.216
-79.195
-79.278
-79.361
-79.364
-79.39
-79.438
-79.359
-79.368
-79.442
-79.384
-79.405
-79.427
-79.382
-79.357
-79.299
-79.395
-79.366
-79.397
-79.499
-79.455
-79.454
-79.382
-79.37
-79.406
-79.443
-79.493
-79.532
-79.506
-79.521
-79.53
-79.518
-79.444
-79.443
-79.391
-79.47
-79.424
-79.457
-79.447
-79.428
-79.438
-79.532
-79.583
-79.618
-79.55
-79.592
-79.638
-79.66
-79.568
-79.569
-79.576
-79.603
-79.631
-79.613
-79.714
-79.72
-79.715
-79.768
-79.851
-79.856
-79.84
-79.816
-79.791
-79.62
-79.633
-79.673
-79.628
-79.674
-79.621
-79.512
-79.509
-79.499
-79.578
-79.632
-79.709
-79.771
-79.86
-79.895
-79.988
-80.073
-80.112
-80.057
-80.053
-80.03
-80.035
-80.068
-80.107
-80.131
-80.179
-80.12
-80.156
-80.108
-80.061
-80.073
-80.123
-80.059
-79.959
-80.035
-80.048
-80.125
-80.152
-80.178
-80.12
-80.187
-80.071
-80.025
-80.108
-80.134
-80.104
-80.044
-80.028
-80.025
-79.981
-79.978
-79.939
-79.976
-79.892
-80.016
-79.986
-80.139
-80.044
-80.093
-80.073
-79.988
-79.982
-79.933
-79.947
-79.936
-79.796
-79.738
-79.712
-79.761
-79.762
-79.764
-79.77
-79.761
-79.692
-79.608
-79.596
-79.649
-79.577
-79.6
-79.618
-79.636
-79.608
-79.517
-79.568
-79.607
-79.712
-79.787
-79.831
-79.768
-79.855
-79.904
-79.875
-79.833
-79.777
-79.855
-79.881
-79.872
-79.789
-79.897
-79.822
-79.789
-79.765
-79.655
-79.59
-79.578
-79.608
-79.591
-79.64
-79.598
-79.595
-79.659
-79.699
-79.632
-79.635
-79.666
-79.702
-79.661
-79.663
-79.711
-79.647
-79.664
-79.687
-79.668
-79.688
-79.751
-79.706
-79.718
-79.781
-79.813
-79.755
-79.663
-79.715
-79.693
-79.601
-79.528
-79.428
-79.441
-79.465
-79.431
-79.468
-79.404
-79.421
-79.497
-79.49
-79.444
-79.419
-79.467
-79.598
-79.529
-79.574
-79.673
-79.75
-79.749
-79.814
-79.851
-79.792
-79.792
-79.766
-79.878
-79.895
-79.915
-79.871
-79.805
-79.719
-79.772
-79.83
-79.74
-79.762
-79.671
-79.667
-79.662
-79.692
-79.689
-79.727
-79.786
-79.779
-79.699
-79.776
-79.779
-79.775
-79.685
-79.797
-79.682
-79.759
-79.713
-79.73
-79.804
-79.738
-79.772
-79.793
-79.824
-79.806
-79.773
-79.667
-79.701
-79.704
-79.693
-79.706
-79.688
-79.607
-79.556
-79.577
-79.708
-79.655
-79.694
-79.71
-79.827
-79.751
-79.778
-79.822
-79.832
-79.824
-79.767
-79.662
-79.643
-79.675
-79.662
-79.664
-79.661
-79.666
-79.699
-79.718
-79.751
-79.74
-79.776
-79.682
-79.564
-79.582
-79.677
-79.634
-79.747
-79.844
-79.788
-79.782
-79.742
-79.84
-79.839
-79.84
-79.829
-79.839
-79.841
-79.748
-79.781
-79.679
-79.687
-79.757
-79.796
-79.877
-79.881
-79.857
-79.889
-79.924
-79.93
-79.913
-79.9
-79.861
-79.801
-79.82
-79.645
-79.616
-79.607
-79.641
-79.702
-79.734
-79.786
-79.758
-79.874
-79.917
-79.951
-79.911
-79.967
-79.955
-80.014
-79.987
-80.088
-80.063
-80.041
-80.105
-80.049
-80.081
-80.1
-80.066
-80.007
-79.948
-79.885
-79.831
-79.802
-79.81
-79.784
-79.676
-79.694
-79.743
-79.779
-79.807
-79.809
-79.79
-79.695
-79.826
-79.884
-79.904
-79.879
-79.826
-79.857
-79.863
-79.867
-79.831
-79.889
-79.884
-79.928
-79.903
-79.886
-79.943
-79.921
-79.918
-79.962
-79.938
-79.906
-79.87
-79.818
-79.814
-79.788
-79.826
-79.766
-79.822
-79.843
-79.797
-79.936
-79.95
-79.965
-80.005
-80.105
-80.146
-80.202
-80.182
-80.178
-80.172
-80.159
-80.143
-80.143
-80.091
-80.119
-80.174
-80.157
-80.119
-80.094
-80.03
-80.07
-80.162
-80.112
-80.045
-80.059
-79.99
-79.884
-79.847
-79.847
-79.793
-79.856
-79.821
-79.769
-79.796
-79.772
-79.757
-79.739
-79.712
-79.742
-79.763
-79.855
-80.03
-80.014
-80.058
-80.093
-80.111
-80.098
-80.2
-80.193
-80.138
-80.168
-80.08
-80.031
-80.101
-80.095
-80.107
-80.05
-79.992
-80.033
-80.136
-80.312
-80.357
-80.325
-80.249
-80.263
-80.275
-80.193
-80.266
-80.144
-80.094
-80.079
-80.038
-80.027
-80.033
-80.033
-80.049
-79.946
-79.916
-79.851
-79.936
-79.962
-80.052
-80.032
-80.057
-80.228
-80.263
-80.239
-80.312
-80.352
-80.35
-80.342
-80.338
-80.195
-80.233
-80.204
-80.171
-80.094
-80.167
-80.1
-80.043
-80.041
-80.033
-80.116
-80.08
-80.078
-80.036
-80.069
-80.005
-79.987
-79.95
-79.941
-79.988
-79.951
-79.963
-79.935
-79.888
-79.918
-79.94
-79.897
-79.817
-79.834
-79.901
-79.805
-79.936
-79.85
-79.843
-79.841
-79.823
-79.894
-80.012
-80.035
-80
-79.961
-79.915
-79.921
-79.818
-79.743
-79.779
-79.866
-80.008
-80.024
-80.035
-80.076
-80.053
-80.049
-80.076
-79.992
-79.918
-80.019
-80.017
-79.986
-79.916
-79.929
-79.896
-79.933
-79.932
-79.914
-79.888
-79.909
-80.008
-80.065
-80.063
-79.999
-79.985
-79.931
-79.911
-79.828
-79.843
-79.859
-79.875
-79.796
-79.746
-79.766
-79.813
-79.739
-79.708
-79.686
-79.605
-79.649
-79.656
-79.647
-79.805
-79.885
-79.895
-79.784
-79.732
-79.78
-79.774
-79.826
-79.872
-79.864
-79.852
-79.871
-79.909
-79.903
-79.89
-79.788
-79.797
-79.744
-79.759
-79.688
-79.737
-79.722
-79.695
-79.729
-79.802
-79.746
-79.842
-79.762
-79.887
-79.889
-79.94
-79.978
-79.89
-79.967
-80.035
-80.049
-79.965
-79.994
-79.994
-80.061
-80.066
-80.134
-80.137
-80.099
-80.128
-80.111
-80.082
-80.056
-80.027
-80.107
-80.108
-80.19
-80.135
-80.066
-80.051
-80.01
-80.053
-80.042
-79.963
-79.96
-79.999
-79.99
-79.961
-80.001
-79.958
-79.974
-79.996
-80.062
-80.164
-80.102
-80.113
-80.166
-80.055
-79.953
-79.933
-79.882
-79.944
-79.889
-79.882
-79.755
-79.776
-79.848
-79.955
-80.025
-80.074
-80.042
-80.079
-80.073
-80.108
-80.115
-80.042
-80.041
-80.083
-80.06
-80.038
-80.008
-80.128
-80.228
-80.245
-80.247
-80.255
-80.296
-80.342
-80.374
-80.259
-80.189
-80.174
-80.187
-80.199
-80.126
-80.081
-80.012
-79.996
-80.009
-80.074
-80.073
-80.134
-80.092
-80.138
-80.112
-80.081
-80.072
-80.176
-80.112
-80.247
-80.188
-80.134
-80.186
-80.164
-80.169
-80.151
-80.108
-80.095
-80.004
-80.024
-80.129
-80.098
-80.112
-80.093
-80.08
-79.952
-79.957
-79.869
-79.956
-79.95
-80.008
-80.015
-79.95
-79.964
-79.954
-79.968
-79.953
-79.987
-79.921
-79.991
-80.012
-80.04
-80.034
-80.012
-79.907
-79.885
-79.876
-79.9
-79.827
-79.799
-79.825
-79.94
-79.938
-79.898
-79.891
-79.867
-79.93
-79.956
-79.898
-79.86
-79.938
-80.004
-80.01
-80.028
-80.012
-80.054
-80.071
-80.035
-80.177
-80.196
-80.198
-80.246
-80.234
-80.2
-80.157
-80.182
-80.201
-80.147
-80.061
-80.094
-80.103
-80.072
-80.107
-80.089
-80.037
-80.076
-80.064
-80.13
-80.114
-80.196
-80.157
-80.164
-80.12
-80.079
-80.048
-79.959
-79.999
-79.974
-79.911
-80.001
-79.942
-80.06
-80.032
-79.966
-79.94
-79.957
-79.977
-80.005
-79.894
-79.929
-79.976
-79.955
-80.015
-80.049
-80.041
-79.951
-79.9
-79.927
-79.877
-79.969
-79.933
-79.911
-79.938
-79.966
-79.947
-79.999
-80.08
-80.038
-79.975
-79.969
-79.985
-79.891
-79.883
-79.926
-79.982
-79.932
-79.921
-79.962
-79.957
-79.984
-79.923
-79.968
-79.947
-79.847
-79.803
-79.784
-79.791
-79.775
-79.737
-79.694
-79.681
-79.638
-79.639
-79.738
-79.815
-79.771
-79.707
-79.717
-79.67
-79.71
-79.705
-79.692
-79.744
-79.87
-79.785
-79.836
-79.773
-79.86
-79.786
-79.796
-79.779
-79.786
-79.837
-79.903
-79.983
-79.969
-79.925
-79.881
-79.932
-79.983
-79.977
-79.879
-79.873
-79.944
-79.98
-79.937
-79.944
-79.864
-79.879
-79.903
-79.909
-79.94
-79.965
-79.975
-79.985
-79.924
-79.913
-79.987
-80.011
-79.953
-79.895
-79.823
-79.799
-79.772
-79.638
-79.698
-79.606
-79.537
-79.583
-79.544
-79.49
-79.361
-79.397
-79.467
-79.498
-79.482
-79.485
-79.585
-79.574
-79.494
-79.511
-79.437
-79.468
-79.489
-79.505
-79.528
-79.452
-79.463
-79.547
-79.59
-79.526
-79.549
-79.477
-79.485
-79.455
-79.419
-79.413
-79.456
-79.43
-79.44
-79.415
-79.413
-79.494
-79.504
-79.478
-79.516
-79.519
-79.562
-79.579
-79.492
-79.465
-79.389
-79.268
-79.307
-79.317
-79.237
-79.288
-79.359
-79.399
-79.501
-79.483
-79.474
-79.556
-79.59
-79.542
-79.578
-79.56
-79.609
-79.682
-79.766
-79.752
-79.63
-79.6
-79.526
-79.483
-79.568
-79.662
-79.638
-79.6
-79.631
-79.657
-79.713
-79.762
-79.774
-79.729
-79.727
-79.736
-79.786
-79.822
-79.709
-79.683
-79.61
-79.571
-79.562
-79.515
-79.549
-79.474
-79.499
-79.504
-79.486
-79.533
-79.627
-79.645
-79.558
-79.595
-79.563
-79.604
-79.669
-79.578
-79.564
-79.593
-79.597
-79.643
-79.586
-79.683
-79.603
-79.565
-79.57
-79.615
-79.582
-79.645
-79.661
-79.577
-79.531
-79.731
-79.686
-79.687
-79.686
-79.724
-79.74
-79.795
-79.802
-79.808
-79.814
-79.861
-79.946
-79.948
-79.951
-79.952
-79.915
-79.914
-79.899
-79.898
-79.907
-79.798
-79.767
-79.826
-79.941
-79.956
-79.93
-79.891
-79.804
-79.759
-79.67
-79.652
-79.627
-79.611
-79.728
-79.78
-79.796
-79.784
-79.755
-79.789
-79.785
-79.666
-79.632
-79.689
-79.684
-79.572
-79.554
-79.495
-79.452
-79.484
-79.51
-79.579
-79.637
-79.604
-79.54
-79.55
-79.533
-79.496
-79.565
-79.516
-79.517
-79.492
-79.526
-79.574
-79.634
-79.699
-79.563
-79.58
-79.491
-79.446
-79.421
-79.487
-79.404
-79.36
-79.426
-79.483
-79.454
-79.484
-79.506
-79.444
-79.334
-79.312
-79.298
-79.271
-79.396
-79.336
-79.311
-79.342
-79.309
-79.375
-79.352
-79.374
-79.362
-79.387
-79.344
-79.433
-79.491
-79.493
-79.442
-79.419
-79.441
-79.432
-79.382
-79.389
-79.478
-79.566
-79.618
-79.613
-79.703
-79.685
-79.561
-79.554
-79.567
-79.616
-79.504
-79.562
-79.675
-79.787
-79.756
-79.65
-79.606
-79.643
-79.596
-79.596
-79.66
-79.691
-79.671
-79.687
-79.675
-79.606
-79.468
-79.382
-79.425
-79.413
-79.476
-79.457
-79.443
-79.473
-79.405
-79.394
-79.388
-79.388
-79.367
-79.445
-79.448
-79.452
-79.507
-79.519
-79.436
-79.418
-79.343
-79.378
-79.34
-79.333
-79.353
-79.375
-79.363
-79.289
-79.367
-79.387
-79.42
-79.37
-79.335
-79.352
-79.286
-79.213
-79.207
-79.269
-79.258
-79.259
-79.217
-79.261
-79.323
-79.398
-79.417
-79.444
-79.443
-79.356
-79.357
-79.354
-79.313
-79.283
-79.339
-79.395
-79.356
-79.43
-79.345
-79.338
-79.366
-79.338
-79.332
-79.26
-79.353
-79.339
-79.347
-79.365
-79.343
-79.376
-79.448
-79.398
-79.429
-79.43
-79.435
-79.471
-79.455
-79.398
-79.448
-79.478
-79.431
-79.492
-79.452
-79.48
-79.479
-79.489
-79.457
-79.502
-79.465
-79.474
-79.506
-79.555
-79.591
-79.576
-79.621
-79.586
-79.503
-79.49
-79.434
-79.464
-79.529
-79.534
-79.531
-79.537
-79.53
-79.44
-79.51
-79.437
-79.493
-79.501
-79.542
-79.504
-79.433
-79.363
-79.384
-79.421
-79.453
-79.463
-79.465
-79.507
-79.516
-79.615
-79.673
-79.627
-79.733
-79.696
-79.731
-79.775
-79.836
-79.862
-79.813
-79.774
-79.77
-79.764
-79.777
-79.692
-79.731
-79.683
-79.634
-79.633
-79.58
-79.743
-79.773
-79.752
-79.677
-79.646
-79.609
-79.647
-79.61
-79.638
-79.67
-79.774
-79.781
-79.817
-79.853
-79.832
-79.854
-79.887
-79.816
-79.824
-79.918
-79.985
-79.931
-79.908
-79.934
-79.938
-79.982
-80.039
-80.07
-80.038
-80.034
-80.072
-80.014
-79.89
-79.839
-79.763
-79.758
-79.765
-79.762
-79.797
-79.908
-79.871
-79.855
-79.896
-79.882
-79.927
-79.874
-79.936
-79.879
-79.8
-79.734
-79.716
-79.762
-79.766
-79.781
-79.772
-79.729
-79.755
-79.654
-79.614
-79.636
-79.612
-79.594
-79.596
-79.617
-79.618
-79.62
-79.662
-79.678
-79.682
-79.753
-79.803
-79.831
-79.777
-79.76
-79.816
-79.743
-79.664
-79.616
-79.535
-79.525
-79.517
-79.559
-79.533
-79.569
-79.58
-79.545
-79.578
-79.574
-79.621
-79.54
-79.634
-79.563
-79.552
-79.569
-79.58
-79.582
-79.622
-79.651
-79.624
-79.676
-79.593
-79.549
-79.571
-79.596
-79.646
-79.636
-79.629
-79.642
-79.576
-79.666
-79.73
-79.749
-79.756
-79.756
-79.79
-79.804
-79.86
-79.796
-79.801
-79.718
-79.719
-79.652
-79.628
-79.695
-79.612
-79.655
-79.622
-79.628
-79.588
-79.63
-79.639
-79.67
-79.721
-79.724
-79.734
-79.64
-79.562
-79.567
-79.579
-79.569
-79.542
-79.569
-79.536
-79.595
-79.558
-79.619
-79.674
-79.724
-79.616
-79.596
-79.648
-79.679
-79.724
-79.821
-79.835
-79.95
-79.955
-79.976
-79.885
-79.957
-80.043
-80.001
-80.045
-80.154
-80.048
-80.158
-80.202
-80.157
-80.202
-80.171
-80.164
-80.168
-80.191
-80.232
-80.108
-80.141
-80.091
-80.101
-80.041
-80.047
-80.052
-80.06
-80.086
-80.037
-79.95
-79.943
-79.996
-80.06
-79.944
-80.012
-80.087
-80.127
-80.196
-80.207
-80.129
-80.185
-80.185
-80.178
-80.132
-80.28
-80.25
-80.284
-80.241
-80.194
-80.168
-80.232
-80.19
-80.227
-80.33
-80.307
-80.365
-80.334
-80.31
-80.341
-80.385
-80.319
-80.314
-80.28
-80.351
-80.286
-80.387
-80.377
-80.23
-80.141
-80.097
-80.111
-80.128
-80.021
-79.977
-79.966
-80.032
-79.976
-79.968
-80.072
-79.978
-80.047
-80.081
-80.04
-80.049
-79.976
-79.917
-79.891
-79.843
-79.825
-79.888
-79.899
-79.857
-79.876
-79.893
-79.804
-79.822
-79.786
-79.759
-79.74
-79.715
-79.846
-79.812
-79.869
-79.917
-79.93
-79.951
-80.02
-80.017
-80.105
-80.118
-80.085
-79.96
-80.028
-80.056
-80.145
-80.205
-80.272
-80.275
-80.3
-80.23
-80.238
-80.1
-80.099
-80.049
-79.986
-80.01
-79.984
-79.923
-79.866
-79.893
-79.855
-79.826
-79.694
-79.724
-79.693
-79.688
-79.708
-79.643
-79.662
-79.68
-79.624
-79.638
-79.647
-79.648
-79.691
-79.702
-79.706
-79.629
-79.72
-79.813
-79.771
-79.815
-79.763
-79.786
-79.754
-79.774
-79.749
-79.714
-79.664
-79.603
-79.713
-79.812
-79.782
-79.845
-79.862
-79.911
-79.936
-79.924
-79.907
-79.909
-79.874
-79.849
-79.808
-79.772
-79.769
-79.731
-79.722
-79.739
-79.677
-79.678
-79.741
-79.725
-79.761
-79.758
-79.732
-79.802
-79.832
-79.743
-79.739
-79.761
-79.753
-79.646
-79.733
-79.697
-79.846
-79.834
-79.842
-79.886
-79.985
-80.006
-80.09
-80.061
-80.023
-80.002
-79.981
-80.016
-80.015
-80.032
-80.045
-80.078
-80.16
-80.036
-79.954
-79.984
-79.919
-79.889
-79.951
-79.895
-79.895
-79.967
-79.978
-79.901
-79.941
-79.827
-79.84
-79.827
-79.731
-79.711
-79.868
-79.8
-79.854
-79.831
-79.936
-79.874
-79.889
-79.964
-79.964
-79.977
-79.898
-79.981
-79.946
-79.844
-79.779
-79.719
-79.797
-79.773
-79.713
-79.731
-79.745
-79.766
-79.806
-79.751
-79.61
-79.666
-79.61
-79.508
-79.538
-79.538
-79.582
-79.545
-79.442
-79.4
-79.441
-79.465
-79.398
-79.31
-79.27
-79.248
-79.165
-79.095
-79.149
-79.14
-79.174
-79.213
-79.108
-79.176
-79.159
-79.202
-79.195
-79.298
-79.213
-79.191
-79.184
-79.17
-79.197
-79.232
-79.305
-79.429
-79.371
-79.498
-79.478
-79.498
-79.473
-79.549
-79.581
-79.558
-79.602
-79.654
-79.687
-79.749
-79.781
-79.757
-79.746
-79.904
-80.024
-80.012
-80.01
-79.985
-80.107
-80.227
-80.209
-80.289
-80.248
-80.222
-80.123
-80.088
-80.025
-79.955
-79.877
-79.891
-79.834
-79.85
-79.889
-79.924
-79.948
-79.955
-79.93
-79.929
-79.869
-79.851
-79.759
-79.662
-79.757
-79.809
-79.779
-79.825
-79.825
-79.874
-79.88
-79.92
-79.927
-79.953
-79.896
-79.847
-79.912
-79.958
-79.917
-79.893
-79.94
-79.973
-79.916
-79.899
-79.858
-79.936
-79.983
-80.006
-80.007
-79.962
-79.989
-80.008
-80.1
-80.098
-80.035
-79.934
-79.963
-80.021
-80.067
-80.102
-80.129
-80.216
-80.264
-80.25
-80.23
-80.18
-80.172
-80.168
-80.129
-80.16
-80.199
-80.154
-80.236
-80.297
-80.248
-80.172
-80.228
-80.178
-80.161
-80.043
-80.078
-79.985
-79.94
-79.952
-80.039
-80.022
-79.94
-79.928
-79.839
-79.815
-79.807
-79.844
-79.879
-79.935
-80.016
-80.071
-80.142
-80.167
-80.228
-80.207
-80.276
-80.323
-80.227
-80.223
-80.325
-80.291
-80.254
-80.219
-80.219
-80.322
-80.325
-80.418
-80.357
-80.416
-80.36
-80.261
-80.375
-80.325
-80.321
-80.308
-80.258
-80.195
-80.13
-80.108
-80.19
-80.177
-80.255
-80.203
-80.284
-80.32
-80.364
-80.358
-80.358
-80.397
-80.423
-80.408
-80.394
-80.422
-80.387
-80.356
-80.222
-80.256
-80.283
-80.269
-80.318
-80.316
-80.401
-80.395
-80.372
-80.305
-80.361
-80.396
-80.415
-80.35
-80.371
-80.404
-80.364
-80.36
-80.331
-80.269
-80.271
-80.283
-80.26
-80.246
-80.194
-80.129
-80.125
-80.132
-80.143
-80.11
-80.108
-80.086
-80.135
-80.134
-80.144
-80.072
-80.088
-80.072
-80.036
-80.04
-80.121
-80.107
-80.013
-80.017
-80.056
-80.058
-79.953
-79.927
-79.86
-79.79
-79.781
-79.816
-79.804
-79.825
-79.832
-79.887
-79.895
-79.981
-79.971
-79.942
-79.993
-79.954
-79.917
-79.927
-79.87
-79.883
-79.892
-79.853
-79.848
-79.784
-79.852
-79.859
-79.878
-79.913
-79.924
-79.972
-80.011
-80.001
-80.066
-80.007
-80.045
-80.061
-79.977
-79.97
-79.975
-79.975
-80.024
-80.012
-80.007
-80.055
-79.973
-79.977
-79.993
-79.974
-79.942
-79.979
-80.016
-80.009
-79.937
-79.866
-79.801
-79.855
-79.875
-79.876
-79.886
-79.784
-79.773
-79.759
-79.743
-79.661
-79.614
-79.504
-79.446
-79.451
-79.419
-79.464
-79.51
-79.595
-79.624
-79.626
-79.668
-79.7
-79.716
-79.617
-79.614
-79.642
-79.657
-79.56
-79.544
-79.566
-79.541
-79.598
-79.635
-79.644
-79.561
-79.628
-79.681
-79.785
-79.776
-79.814
-79.767
-79.831
-79.823
-79.882
-79.916
-79.964
-80.009
-80.072
-80.06
-80.056
-80.029
-80.083
-80.128
-80.207
-80.245
-80.162
-80.125
-80.195
-80.16
-80.143
-80.186
-80.236
-80.266
-80.297
-80.27
-80.379
-80.418
-80.535
-80.605
-80.593
-80.528
-80.408
-80.457
-80.453
-80.441
-80.48
-80.48
-80.346
-80.294
-80.321
-80.394
-80.439
-80.488
-80.506
-80.525
-80.478
-80.487
-80.494
-80.529
-80.532
-80.57
-80.533
-80.473
-80.393
-80.388
-80.378
-80.402
-80.422
-80.422
-80.408
-80.285
-80.187
-80.134
-80.131
-80.107
-80.099
-80.079
-80.037
-79.96
-80.002
-79.969
-79.903
-79.851
-79.823
-79.897
-79.915
-79.9
-79.863
-79.858
-79.852
-79.854
-79.9
-79.872
-79.866
-79.942
-79.99
-80.044
-79.97
-80.076
-80.115
-80.083
-80.017
-80.019
-80
-79.974
-80.015
-79.967
-80.003
-80.015
-79.947
-79.868
-79.846
-79.9
-79.89
-79.837
-79.811
-79.835
-79.913
-79.832
-79.798
-79.9
-79.883
-79.829
-79.879
-79.86
-79.729
-79.756
-79.741
-79.774
-79.779
-79.789
-79.814
-79.803
-79.795
-79.786
-79.78
-79.717
-79.795
-79.785
-79.856
-79.766
-79.714
-79.762
-79.81
-79.88
-79.955
-79.928
-79.954
-79.96
-79.918
-79.894
-79.842
-79.816
-79.904
-79.859
-79.877
-79.932
-79.944
-79.978
-79.988
-80.038
-79.974
-80
-79.956
-79.93
-79.881
-79.807
-79.901
-79.833
-79.808
-79.823
-79.771
-79.732
-79.768
-79.703
-79.669
-79.643
-79.715
-79.707
-79.693
-79.566
-79.549
-79.517
-79.542
-79.505
-79.457
-79.498
-79.466
-79.512
-79.446
-79.489
-79.524
-79.56
-79.567
-79.671
-79.725
-79.747
-79.733
-79.798
-79.779
-79.711
-79.693
-79.701
-79.709
-79.766
-79.696
-79.69
-79.731
-79.779
-79.677
-79.76
-79.716
-79.774
-79.831
-79.722
-79.863
-79.857
-79.89
-79.922
-79.926
-80.003
-80.068
-80.096
-80.081
-80.098
-80.075
-80.064
-80.032
-80.053
-80.017
-79.925
-79.946
-79.881
-79.95
-79.874
-79.889
-79.836
-79.726
-79.79
-79.79
-79.813
-79.74
-79.704
-79.746
-79.684
-79.679
-79.738
-79.742
-79.726
-79.849
-79.837
-79.793
-79.719
-79.72
-79.801
-79.773
-79.777
-79.857
-79.759
-79.71
-79.674
-79.735
-79.716
-79.622
-79.609
-79.585
-79.577
-79.539
-79.475
-79.431
-79.347
-79.414
-79.374
-79.412
-79.476
-79.485
-79.478
-79.401
-79.413
-79.418
-79.342
-79.349
-79.41
-79.388
-79.432
-79.484
-79.425
-79.413
-79.466
-79.519
-79.513
-79.514
-79.522
-79.573
-79.628
-79.626
-79.54
-79.591
-79.521
-79.55
-79.597
-79.571
-79.552
-79.631
-79.657
-79.67
-79.644
-79.644
-79.613
-79.569
-79.6
-79.621
-79.68
-79.653
-79.632
-79.598
-79.508
-79.436
-79.346
-79.357
-79.398
-79.413
-79.37
-79.427
-79.418
-79.446
-79.445
-79.457
-79.434
-79.415
-79.344
-79.324
-79.343
-79.341
-79.294
-79.357
-79.369
-79.321
-79.315
-79.329
-79.212
-79.27
-79.287
-79.376
-79.332
-79.253
-79.31
-79.256
-79.256
-79.271
-79.291
-79.265
-79.244
-79.233
-79.245
-79.218
-79.205
-79.259
-79.267
-79.283
-79.197
-79.163
-79.172
-79.21
-79.193
-79.131
-79.108
-79.132
-79.146
-79.138
-79.131
-79.215
-79.296
-79.272
-79.218
-79.199
-79.255
-79.281
-79.304
-79.299
-79.37
-79.32
-79.317
-79.307
-79.232
-79.215
-79.252
-79.31
-79.362
-79.323
-79.345
-79.362
-79.423
-79.372
-79.291
-79.257
-79.201
-79.238
-79.308
-79.318
-79.374
-79.425
-79.458
-79.495
-79.475
-79.363
-79.444
-79.444
-79.474
-79.499
-79.432
-79.388
-79.418
-79.491
-79.441
-79.355
-79.392
-79.447
-79.506
-79.634
-79.677
-79.609
-79.569
-79.548
-79.615
-79.671
-79.718
-79.672
-79.649
-79.63
-79.56
-79.628
-79.643
-79.544
-79.565
-79.6
-79.692
-79.637
-79.629
-79.632
-79.665
-79.701
-79.696
-79.689
-79.753
-79.742
-79.708
-79.728
-79.716
-79.8
-79.798
-79.821
-79.917
-79.93
-79.966
-79.966
-79.928
-79.877
-79.866
-79.911
-79.952
-79.952
-80.021
-79.933
-79.976
-79.999
-79.965
-79.948
-79.86
-79.87
-79.791
-79.705
-79.683
-79.717
-79.689
-79.701
-79.668
-79.679
-79.667
-79.609
-79.602
-79.583
-79.528
-79.531
-79.552
-79.527
-79.544
-79.562
-79.619
-79.585
-79.499
-79.494
-79.504
-79.612
-79.603
-79.676
-79.697
-79.64
-79.616
-79.634
-79.657
-79.637
-79.606
-79.624
-79.571
-79.607
-79.626
-79.542
-79.545
-79.451
-79.437
-79.441
-79.544
-79.607
-79.68
-79.672
-79.608
-79.625
-79.591
-79.649
-79.651
-79.655
-79.635
-79.707
-79.721
-79.777
-79.76
-79.781
-79.819
-79.904
-79.971
-79.941
-79.814
-79.815
-79.849
-79.828
-79.903
-79.97
-79.923
-79.896
-79.879
-79.91
-79.877
-79.834
-79.844
-79.814
-79.875
-79.836
-79.832
-79.849
-79.881
-79.896
-79.861
-79.964
-80.031
-80.055
-79.945
-79.998
-80.062
-80.02
-80.034
-80.012
-79.928
-79.922
-79.945
-80.014
-80.034
-79.983
-79.91
-80.009
-80.007
-80.014
-80.051
-80.098
-80.071
-80.114
-80.128
-80.078
-80.128
-80.127
-80.142
-80.143
-80.177
-80.07
-79.981
-80.009
-79.995
-79.996
-79.924
-79.861
-79.878
-79.821
-79.911
-79.892
-79.869
-79.82
-79.914
-79.902
-79.841
-79.875
-79.931
-79.861
-79.836
-79.828
-79.928
-79.951
-79.93
-80.031
-80.127
-80.103
-80.176
-80.185
-80.167
-80.151
-80.272
-80.293
-80.344
-80.366
-80.425
-80.5
-80.558
-80.481
-80.433
-80.57
-80.55
-80.504
-80.535
-80.504
-80.483
-80.44
-80.404
-80.408
-80.395
-80.436
-80.445
-80.467
-80.411
-80.396
-80.412
-80.39
-80.34
-80.345
-80.323
-80.402
-80.475
-80.455
-80.47
-80.538
-80.584
-80.562
-80.588
-80.678
-80.66
-80.65
-80.669
-80.76
-80.744
-80.736
-80.75
-80.73
-80.685
-80.724
-80.808
-80.836
-80.796
-80.831
-80.811
-80.834
-80.724
-80.711
-80.69
-80.774
-80.825
-80.775
-80.661
-80.661
-80.743
-80.704
-80.606
-80.55
-80.558
-80.537
-80.523
-80.522
-80.485
-80.532
-80.44
-80.422
-80.416
-80.404
-80.344
-80.325
-80.329
-80.375
-80.354
-80.392
-80.339
-80.239
-80.263
-80.341
-80.432
-80.404
-80.51
-80.467
-80.558
-80.625
-80.646
-80.633
-80.72
-80.735
-80.725
-80.729
-80.764
-80.852
-80.847
-80.89
-80.885
-80.913
-80.885
-80.892
-80.838
-80.887
-80.948
-80.888
-80.965
-80.948
-80.83
-80.781
-80.718
-80.684
-80.632
-80.618
-80.751
-80.676
-80.664
-80.657
-80.608
-80.586
-80.445
-80.516
-80.578
-80.526
-80.537
-80.606
-80.531
-80.537
-80.402
-80.267
-80.185
-80.268
-80.254
-80.255
-80.23
-80.298
-80.231
-80.203
-80.245
-80.228
-80.136
-80.083
-80.113
-80.144
-80.248
-80.31
-80.302
-80.267
-80.251
-80.228
-80.29
-80.296
-80.259
-80.234
-80.195
-80.293
-80.291
-80.298
-80.311
-80.36
-80.379
-80.303
-80.445
-80.414
-80.473
-80.523
-80.523
-80.498
-80.418
-80.416
-80.348
-80.328
-80.274
-80.202
-80.251
-80.25
-80.241
-80.296
-80.289
-80.277
-80.201
-80.134
-80.134
-80.154
-80.139
-80.054
-80.092
-80.107
-80.063
-79.983
-79.996
-80.012
-79.935
-79.961
-79.883
-79.958
-79.855
-79.88
-79.972
-79.951
-79.905
-79.98
-80.012
-80.043
-80.057
-80.068
-80.038
-79.983
-80.007
-79.906
-79.958
-79.987
-80.003
-79.992
-80.102
-80.162
-80.147
-80.075
-80.107
-80.14
-80.178
-80.217
-80.208
-80.149
-80.284
-80.366
-80.378
-80.389
-80.323
-80.336
-80.344
-80.383
-80.411
-80.376
-80.384
-80.325
-80.345
-80.327
-80.333
-80.363
-80.288
-80.237
-80.38
-80.362
-80.31
-80.311
-80.323
-80.445
-80.512
-80.546
-80.475
-80.41
-80.449
-80.452
-80.427
-80.393
-80.435
-80.426
-80.474
-80.456
-80.461
-80.521
-80.504
-80.443
-80.51
-80.606
-80.71
-80.646
-80.558
-80.48
-80.427
-80.421
-80.435
-80.384
-80.304
-80.25
-80.205
-80.232
-80.172
-80.215
-80.18
-80.19
-80.208
-80.222
-80.136
-80.162
-80.067
-80.083
-80.062
-80.061
-80.124
-80.159
-80.174
-80.159
-80.176
-80.155
-80.126
-80.119
-80.128
-80.199
-80.191
-80.262
-80.268
-80.193
-80.169
-80.176
-80.17
-80.25
-80.244
-80.293
-80.199
-80.245
-80.196
-80.129
-80.075
-80.133
-80.058
-80.018
-79.953
-79.949
-79.931
-80.023
-79.987
-80.012
-80.049
-80.027
-80.109
-80.043
-80.028
-80.092
-80.045
-80.042
-79.995
-80.035
-80.047
-79.995
-79.976
-80.055
-80.047
-80.107
-80.199
-80.243
-80.17
-80.145
-80.152
-80.252
-80.337
-80.302
-80.326
-80.288
-80.295
-80.305
-80.183
-80.179
-80.238
-80.254
-80.241
-80.273
-80.212
-80.189
-80.213
-80.206
-80.191
-80.312
-80.357
-80.452
-80.558
-80.581
-80.598
-80.712
-80.634
-80.577
-80.536
-80.475
-80.554
-80.641
-80.793
-80.837
-80.878
-80.818
-80.854
-80.818
-80.794
-80.775
-80.758
-80.771
-80.692
-80.712
-80.686
-80.697
-80.618
-80.633
-80.586
-80.527
-80.54
-80.631
-80.512
-80.55
-80.576
-80.538
-80.536
-80.525
-80.543
-80.573
-80.503
-80.485
-80.467
-80.541
-80.504
-80.525
-80.499
-80.478
-80.486
-80.429
-80.349
-80.417
-80.299
-80.244
-80.26
-80.266
-80.291
-80.295
-80.172
-80.11
-80.11
-80.094
-80.088
-80.105
-80.136
-80.087
-80.144
-80.125
-80.04
-80.03
-80.071
-80.092
-80.042
-80.063
-79.961
-79.887
-79.94
-79.849
-79.853
-79.916
-79.907
-79.911
-79.959
-79.949
-79.989
-80.03
-80.041
-80.06
-80.047
-80.066
-80.043
-80.073
-80.051
-80.089
-80.047
-80.067
-80.057
-80.068
-80.09
-80.079
-80.046
-79.952
-79.946
-79.886
-79.851
-79.885
-79.884
-79.857
-79.947
-79.935
-79.907
-79.902
-79.845
-79.841
-79.833
-79.863
-79.855
-79.973
-79.982
-79.997
-80.008
-79.952
-79.996
-79.978
-80.005
-80.055
-80.046
-80.088
-80.084
-80.182
-80.238
-80.203
-80.234
-80.116
-80.044
-80.036
-80.089
-80.145
-80.093
-80.22
-80.144
-80.06
-80.029
-79.994
-79.963
-79.998
-79.937
-79.904
-79.961
-80.012
-79.975
-79.887
-79.922
-79.985
-79.986
-80.062
-80.128
-80.186
-80.19
-80.208
-80.149
-80.178
-80.112
-80.028
-80.014
-80.036
-80.059
-80.013
-80.016
-80.025
-80.008
-80.023
-80.061
-80.101
-80.184
-80.154
-80.127
-80.215
-80.182
-80.212
-80.233
-80.281
-80.319
-80.326
-80.374
-80.413
-80.474
-80.395
-80.392
-80.368
-80.417
-80.416
-80.459
-80.53
-80.56
-80.52
-80.585
-80.489
-80.52
-80.615
-80.648
-80.652
-80.57
-80.507
-80.448
-80.492
-80.439
-80.313
-80.359
-80.365
-80.328
-80.274
-80.185
-80.042
-79.984
-79.971
-79.956
-79.954
-79.837
-79.919
-79.936
-79.913
-79.968
-79.889
-79.918
-79.973
-79.987
-79.925
-79.947
-79.845
-79.945
-79.955
-80.033
-80.03
-80.112
-80.159
-80.111
-80.002
-80.034
-80.068
-80.102
-80.113
-80.042
-80.043
-80.082
-80.009
-80.032
-80.039
-80.093
-80.124
-80.154
-80.226
-80.218
-80.143
-80.229
-80.241
-80.216
-80.165
-80.188
-80.248
-80.257
-80.266
-80.246
-80.246
-80.186
-80.211
-80.177
-80.263
-80.267
-80.271
-80.314
-80.413
-80.322
-80.324
-80.3
-80.268
-80.286
-80.234
-80.272
-80.277
-80.193
-80.311
-80.25
-80.288
-80.375
-80.377
-80.399
-80.389
-80.352
-80.407
-80.395
-80.359
-80.264
-80.242
-80.296
-80.26
-80.316
-80.363
-80.487
-80.523
-80.539
-80.436
-80.441
-80.393
-80.354
-80.449
-80.533
-80.576
-80.617
-80.588
-80.632
-80.591
-80.618
-80.634
-80.677
-80.637
-80.653
-80.701
-80.664
-80.677
-80.651
-80.497
-80.513
-80.512
-80.47
-80.502
-80.582
-80.57
-80.512
-80.371
-80.358
-80.388
-80.454
-80.392
-80.436
-80.454
-80.404
-80.431
-80.373
-80.482
-80.516
-80.544
-80.65
-80.656
-80.753
-80.741
-80.772
-80.693
-80.696
-80.711
-80.711
-80.653
-80.658
-80.629
-80.691
-80.669
-80.528
-80.659
-80.689
-80.64
-80.706
-80.705
-80.728
-80.843
-80.771
-80.791
-80.825
-80.747
-80.732
-80.702
-80.721
-80.699
-80.667
-80.681
-80.64
-80.538
-80.608
-80.552
-80.631
-80.641
-80.62
-80.727
-80.8
-80.809
-80.866
-80.914
-80.88
-80.884
-80.907
-80.922
-80.955
-81.007
-80.93
-80.929
-80.939
-80.957
-80.971
-80.947
-80.885
-80.852
-80.825
-80.84
-80.801
-80.734
-80.745
-80.758
-80.786
-80.881
-80.906
-80.875
-80.801
-80.809
-80.806
-80.874
-80.837
-80.77
-80.758
-80.822
-80.819
-80.756
-80.715
-80.687
-80.604
-80.646
-80.734
-80.775
-80.832
-80.916
-81.06
-80.998
-80.958
-81.034
-81.002
-80.906
-80.919
-80.893
-80.845
-80.933
-80.937
-80.829
-80.861
-80.862
-80.81
-80.851
-80.782
-80.834
-80.731
-80.854
-80.763
-80.788
-80.74
-80.777
-80.835
-80.831
-80.843
-80.768
-80.731
-80.787
-80.81
-80.85
-80.849
-80.824
-80.869
-80.822
-80.863
-80.843
-80.869
-80.769
-80.731
-80.778
-80.741
-80.739
-80.673
-80.619
-80.572
-80.685
-80.64
-80.524
-80.552
-80.524
-80.576
-80.584
-80.569
-80.581
-80.575
-80.57
-80.564
-80.557
-80.557
-80.632
-80.658
-80.695
-80.662
-80.743
-80.775
-80.71
-80.785
-80.806
-80.754
-80.766
-80.745
-80.746
-80.74
-80.67
-80.65
-80.612
-80.53
-80.432
-80.456
-80.448
-80.367
-80.368
-80.227
-80.169
-80.211
-80.196
-80.232
-80.227
-80.264
-80.237
-80.271
-80.289
-80.175
-80.169
-80.157
-80.11
-80.072
-80.05
-79.965
-79.936
-79.933
-79.95
-79.99
-79.859
-79.864
-79.811
-79.826
-79.833
-79.756
-79.808
-79.781
-79.697
-79.727
-79.802
-79.819
-79.799
-79.788
-79.872
-79.764
-79.813
-79.769
-79.794
-79.764
-79.678
-79.73
-79.725
-79.794
-79.9
-79.842
-79.753
-79.738
-79.768
-79.864
-79.902
-79.932
-79.928
-79.784
-79.865
-79.881
-80.028
-79.96
-80.121
-80.184
-80.171
-80.218
-80.19
-80.182
-80.216
-80.217
-80.252
-80.267
-80.256
-80.187
-80.141
-80.136
-80.047
-80.112
-80.029
-79.996
-79.982
-79.999
-80.101
-80.111
-80.189
-80.189
-80.179
-80.19
-80.147
-80.129
-80.149
-80.143
-80.106
-80.12
-80.159
-80.14
-80.189
-80.196
-80.166
-80.139
-80.121
-80.069
-80.07
-80.066
-80.051
-80.08
-80.123
-80.121
-80.089
-80.11
-80.123
-80.159
-80.125
-80.072
-80.109
-80.119
-80.173
-80.256
-80.341
-80.366
-80.368
-80.375
-80.456
-80.418
-80.426
-80.424
-80.435
-80.342
-80.28
-80.238
-80.319
-80.329
-80.274
-80.341
-80.325
-80.384
-80.369
-80.391
-80.315
-80.314
-80.347
-80.389
-80.324
-80.261
-80.231
-80.207
-80.252
-80.248
-80.243
-80.333
-80.326
-80.269
-80.299
-80.175
-80.183
-80.204
-80.275
-80.34
-80.291
-80.223
-80.256
-80.257
-80.271
-80.297
-80.31
-80.2
-80.169
-80.168
-80.198
-80.187
-80.158
-80.142
-80.08
-80.082
-80.078
-80.138
-80.19
-80.143
-80.099
-80.074
-80.088
-80.165
-80.157
-80.057
-80.018
-79.955
-79.956
-79.872
-79.824
-79.894
-79.816
-79.758
-79.776
-79.826
-79.709
-79.579
-79.648
-79.696
-79.737
-79.713
-79.733
-79.614
-79.69
-79.77
-79.758
-79.789
-79.797
-79.666
-79.643
-79.742
-79.68
-79.742
-79.678
-79.699
-79.678
-79.719
-79.658
-79.694
-79.555
-79.61
-79.605
-79.602
-79.666
-79.665
-79.667
-79.663
-79.658
-79.65
-79.553
-79.51
-79.567
-79.598
-79.576
-79.626
-79.629
-79.641
-79.72
-79.673
-79.687
-79.751
-79.821
-79.9
-79.848
-79.759
-79.751
-79.739
-79.6
-79.585
-79.593
-79.596
-79.527
-79.396
-79.316
-79.289
-79.281
-79.249
-79.214
-79.223
-79.269
-79.272
-79.226
-79.22
-79.254
-79.148
-79.177
-79.175
-79.168
-79.088
-79.077
-79.081
-79.06
-79.023
-79.047
-79.145
-79.13
-79.099
-79.12
-79.219
-79.251
-79.258
-79.161
-79.181
-79.167
-79.225
-79.2
-79.174
-79.18
-79.171
-79.144
-79.142
-79.104
-79.136
-79.067
-79.151
-79.188
-79.211
-79.234
-79.171
-79.128
-79.146
-79.093
-79.096
-79.07
-79.089
-79.111
-79.168
-79.212
-79.263
-79.231
-79.199
-79.097
-79.152
-79.163
-79.137
-79.158
-79.23
-79.187
-79.209
-79.219
-79.202
-79.193
-79.254
-79.294
-79.23
-79.274
-79.297
-79.152
-79.136
-79.113
-79.102
-79.016
-78.984
-78.997
-78.977
-78.975
-78.963
-78.897
-78.942
-78.923
-78.912
-78.893
-78.749
-78.703
-78.788
-78.777
-78.716
-78.765
-78.846
-78.895
-78.93
-78.95
-78.957
-78.975
-78.952
-78.923
-78.925
-78.898
-78.948
-79.005
-79.025
-79.002
-79.019
-78.833
-78.852
-78.896
-78.897
-78.883
-78.944
-78.907
-78.932
-78.987
-78.969
-78.914
-78.973
-78.963
-78.949
-78.987
-78.983
-78.998
-78.972
-78.977
-78.989
-78.986
-78.93
-78.967
-78.926
-78.93
-78.879
-78.859
-78.917
-78.983
-79.048
-79.026
-79.056
-79.045
-79.02
-79.035
-79.129
-79.185
-79.19
-79.149
-79.149
-79.062
-79.005
-78.939
-79.029
-79.045
-79.016
-79.075
-79.127
-79.123
-79.226
-79.169
-79.262
-79.289
-79.202
-79.131
-79.056
-79.136
-79.151
-79.148
-79.078
-79.049
-78.929
-78.969
-78.922
-78.818
-78.883
-78.844
-78.745
-78.751
-78.792
-78.857
-78.948
-78.906
-78.862
-78.792
-78.755
-78.669
-78.687
-78.795
-78.778
-78.761
-78.755
-78.741
-78.823
-78.862
-78.849
-78.801
-78.876
-78.868
-78.894
-78.823
-78.854
-78.799
-78.811
-78.774
-78.735
-78.751
-78.816
-78.836
-78.761
-78.779
-78.798
-78.825
-78.866
-78.886
-78.875
-78.867
-78.804
-78.77
-78.827
-78.884
-78.875
-78.822
-78.783
-78.751
-78.735
-78.626
-78.593
-78.613
-78.648
-78.729
-78.621
-78.597
-78.586
-78.513
-78.515
-78.481
-78.527
-78.54
-78.624
-78.603
-78.643
-78.613
-78.604
-78.557
-78.527
-78.576
-78.616
-78.534
-78.48
-78.495
-78.604
-78.616
-78.578
-78.541
-78.585
-78.641
-78.556
-78.559
-78.574
-78.616
-78.612
-78.53
-78.52
-78.581
-78.531
-78.518
-78.491
-78.618
-78.677
-78.703
-78.721
-78.707
-78.736
-78.713
-78.724
-78.712
-78.717
-78.609
-78.662
-78.598
-78.693
-78.789
-78.778
-78.771
-78.69
-78.678
-78.69
-78.712
-78.691
-78.759
-78.673
-78.608
-78.529
-78.523
-78.57
-78.564
-78.53
-78.518
-78.427
-78.49
-78.497
-78.488
-78.485
-78.585
-78.551
-78.545
-78.561
-78.576
-78.601
-78.491
-78.335
-78.325
-78.357
-78.403
-78.338
-78.332
-78.431
-78.436
-78.444
-78.47
-78.517
-78.569
-78.554
-78.556
-78.605
-78.574
-78.566
-78.619
-78.597
-78.496
-78.455
-78.409
-78.382
-78.401
-78.372
-78.377
-78.402
-78.438
-78.512
-78.55
-78.57
-78.514
-78.618
-78.647
-78.666
-78.646
-78.552
-78.573
-78.583
-78.452
-78.452
-78.438
-78.394
-78.389
-78.351
-78.269
-78.285
-78.334
-78.415
-78.331
-78.349
-78.403
-78.441
-78.44
-78.453
-78.528
-78.481
-78.492
-78.462
-78.471
-78.503
-78.493
-78.504
-78.414
-78.477
-78.491
-78.496
-78.447
-78.388
-78.441
-78.422
-78.422
-78.327
-78.156
-78.203
-78.12
-78.106
-78.147
-78.055
-78.046
-78.036
-78.153
-78.168
-78.19
-78.198
-78.18
-78.132
-78.155
-78.15
-78.193
-78.208
-78.232
-78.315
-78.211
-78.213
-78.097
-78.109
-78.037
-78.079
-77.975
-78.025
-78.038
-78.083
-78.039
-77.926
-77.835
-77.914
-77.95
-77.916
-77.824
-77.873
-77.889
-77.87
-77.925
-77.91
-77.978
-77.948
-77.935
-78.02
-77.969
-77.903
-77.888
-77.943
-77.86
-77.848
-77.873
-77.918
-77.987
-77.936
-78.044
-78.044
-77.981
-77.936
-77.958
-77.936
-78.014
-78.029
-77.955
-77.916
-77.933
-77.897
-77.893
-77.889
-77.961
-77.93
-77.91
-77.83
-77.902
-77.905
-77.825
-77.811
-77.751
-77.77
-77.809
-77.836
-77.776
-77.805
-77.774
-77.793
-77.698
-77.701
-77.747
-77.723
-77.788
-77.778
-77.757
-77.739
-77.78
-77.852
-77.871
-77.851
-77.811
-77.758
-77.701
-77.768
-77.728
-77.746
-77.681
-77.735
-77.743
-77.791
-77.731
-77.647
-77.731
-77.771
-77.78
-77.833
-77.891
-77.939
-77.969
-77.986
-77.972
-78
-78.01
-78.066
-78.1
-78.137
-78.049
-78.01
-77.993
-78.028
-77.997
-78.088
-78.107
-78.119
-78.052
-78.027
-78.056
-77.965
-78.077
-78.087
-78.036
-77.991
-77.96
-77.96
-77.926
-77.989
-78.037
-78.006
-78.021
-78.042
-78.063
-78.025
-78.002
-78.043
-77.995
-77.95
-77.893
-77.853
-77.855
-77.842
-77.825
-77.772
-77.793
-77.868
-77.991
-77.981
-78.051
-78.099
-78.098
-78.224
-78.131
-78.13
-78.153
-78.174
-78.182
-78.27
-78.232
-78.299
-78.319
-78.313
-78.288
-78.309
-78.266
-78.195
-78.235
-78.209
-78.288
-78.333
-78.336
-78.35
-78.354
-78.293
-78.257
-78.287
-78.27
-78.25
-78.253
-78.307
-78.403
-78.358
-78.318
-78.346
-78.407
-78.539
-78.607
-78.648
-78.597
-78.595
-78.599
-78.625
-78.621
-78.612
-78.626
-78.637
-78.632
-78.593
-78.571
-78.628
-78.727
-78.738
-78.764
-78.812
-78.822
-78.818
-78.898
-78.848
-78.861
-78.762
-78.775
-78.79
-78.783
-78.75
-78.809
-78.755
-78.778
-78.68
-78.749
-78.707
-78.799
-78.805
-78.812
-78.831
-78.838
-78.782
-78.784
-78.806
-78.888
-78.865
-78.887
-79.063
-79.089
-79.123
-79.106
-79.123
-79.14
-79.168
-79.172
-79.175
-79.239
-79.224
-79.245
-79.191
-79.172
-79.213
-79.197
-79.244
-79.254
-79.264
-79.284
-79.263
-79.306
-79.268
-79.289
-79.266
-79.244
-79.28
-79.228
-79.204
-79.216
-79.142
-79.076
-79.095
-79.058
-79.013
-79.032
-78.988
-79.019
-78.935
-78.939
-79.024
-79.089
-79.137
-79.066
-79.069
-79.048
-79.046
-78.985
-78.955
-78.986
-78.979
-78.984
-78.984
-79.028
-79.026
-78.958
-79.035
-78.999
-79.03
-79.09
-79.072
-79.122
-79.015
-78.875
-78.871
-78.842
-78.9
-78.893
-78.914
-78.991
-78.932
-79.051
-79.079
-79.103
-79.192
-79.28
-79.276
-79.228
-79.264
-79.335
-79.346
-79.351
-79.251
-79.242
-79.19
-79.208
-79.214
-79.16
-79.135
-79.222
-79.194
-79.192
-79.27
-79.332
-79.369
-79.41
-79.365
-79.351
-79.297
-79.272
-79.248
-79.235
-79.27
-79.268
-79.238
-79.237
-79.295
-79.252
-79.31
-79.329
-79.31
-79.35
-79.329
-79.326
-79.335
-79.338
-79.251
-79.356
-79.274
-79.279
-79.364
-79.268
-79.256
-79.207
-79.231
-79.294
-79.263
-79.187
-79.166
-79.17
-79.15
-79.12
-79.162
-79.067
-79.039
-79.094
-79.077
-79.044
-79.094
-79.115
-79.187
-79.203
-79.25
-79.289
-79.341
-79.408
-79.405
-79.426
-79.426
-79.428
-79.436
-79.535
-79.538
-79.547
-79.566
-79.543
-79.494
-79.487
-79.509
-79.472
-79.455
-79.431
-79.417
-79.424
-79.396
-79.36
-79.377
-79.528
-79.51
-79.495
-79.489
-79.508
-79.602
-79.663
-79.619
-79.649
-79.652
-79.582
-79.505
-79.466
-79.52
-79.608
-79.572
-79.502
-79.498
-79.425
-79.421
-79.435
-79.442
-79.469
-79.424
-79.363
-79.347
-79.204
-79.227
-79.314
-79.35
-79.362
-79.452
-79.512
-79.41
-79.376
-79.417
-79.401
-79.481
-79.4
-79.415
-79.404
-79.376
-79.357
-79.39
-79.385
-79.384
-79.38
-79.359
-79.341
-79.342
-79.31
-79.316
-79.321
-79.216
-79.219
-79.219
-79.182
-79.137
-79.058
-79.054
-78.954
-78.964
-78.988
-78.921
-78.834
-78.878
-78.897
-78.822
-78.82
-78.839
-78.9
-78.982
-78.978
-79.019
-79.071
-79.174
-79.196
-79.2
-79.204
-79.218
-79.182
-79.162
-79.107
-79.109
-79.113
-79.082
-79.026
-78.992
-78.929
-78.868
-78.753
-78.805
-78.752
-78.737
-78.711
-78.547
-78.541
-78.546
-78.589
-78.53
-78.485
-78.48
-78.482
-78.504
-78.549
-78.557
-78.538
-78.551
-78.683
-78.64
-78.651
-78.534
-78.559
-78.542
-78.563
-78.645
-78.583
-78.582
-78.544
-78.604
-78.672
-78.773
-78.727
-78.755
-78.709
-78.738
-78.779
-78.8
-78.93
-78.897
-78.851
-78.878
-78.744
-78.794
-78.785
-78.701
-78.73
-78.665
-78.618
-78.659
-78.684
-78.684
-78.726
-78.773
-78.743
-78.701
-78.662
-78.654
-78.655
-78.649
-78.661
-78.642
-78.619
-78.752
-78.732
-78.641
-78.537
-78.478
-78.475
-78.549
-78.582
-78.494
-78.515
-78.526
-78.554
-78.61
-78.711
-78.773
-78.681
-78.674
-78.695
-78.699
-78.677
-78.725
-78.759
-78.771
-78.715
-78.754
-78.759
-78.74
-78.812
-78.773
-78.797
-78.773
-78.776
-78.68
-78.781
-78.777
-78.738
-78.699
-78.734
-78.66
-78.589
-78.545
-78.576
-78.53
-78.482
-78.542
-78.564
-78.62
-78.693
-78.673
-78.648
-78.642
-78.659
-78.692
-78.735
-78.669
-78.701
-78.672
-78.68
-78.639
-78.689
-78.676
-78.643
-78.637
-78.519
-78.465
-78.389
-78.405
-78.32
-78.301
-78.322
-78.301
-78.302
-78.261
-78.314
-78.323
-78.314
-78.395
-78.408
-78.43
-78.464
-78.567
-78.638
-78.715
-78.747
-78.65
-78.704
-78.588
-78.556
-78.646
-78.717
-78.678
-78.7
-78.715
-78.743
-78.607
-78.555
-78.616
-78.665
-78.721
-78.767
-78.713
-78.721
-78.719
-78.687
-78.65
-78.719
-78.737
-78.865
-78.847
-78.897
-78.865
-78.825
-78.769
-78.82
-78.805
-78.843
-78.93
-78.915
-78.955
-79.011
-79.098
-78.98
-78.983
-78.954
-78.913
-78.89
-78.972
-78.988
-78.957
-78.935
-78.932
-78.907
-78.937
-78.997
-79.042
-79.024
-79.057
-79.019
-79.008
-79.007
-78.997
-78.986
-78.967
-78.998
-79.009
-78.962
-79.043
-79.146
-79.179
-79.29
-79.295
-79.223
-79.191
-79.136
-79.11
-79.14
-79.126
-79.061
-79.06
-79.084
-78.976
-78.906
-78.893
-78.95
-78.918
-78.969
-79.011
-79.101
-79.16
-79.055
-79.14
-79.038
-79.036
-79.013
-79.019
-79.009
-78.989
-79.014
-79.129
-79.121
-79.116
-79.043
-79.082
-78.916
-78.869
-78.83
-78.854
-78.901
-78.861
-78.861
-78.872
-78.852
-78.82
-78.841
-78.908
-78.986
-79.041
-79.026
-78.992
-78.972
-78.97
-78.983
-78.987
-78.964
-79.018
-79.041
