-76.703
-76.718
-76.676
-76.644
-76.652
-76.588
-76.573
-76.623
-76.638
-76.612
-76.648
-76.674
-76.689
-76.728
-76.693
-76.65
-76.705
-76.719
-76.721
-76.766
-76.709
-76.696
-76.666
-76.64
-76.674
-76.718
-76.732
-76.758
-76.756
-76.763
-76.757
-76.717
-76.759
-76.761
-76.81
-76.845
-76.837
-76.836
-76.857
-76.8
-76.777
-76.821
-76.79
-76.775
-76.799
-76.776
-76.754
-76.72
-76.717
-76.718
-76.607
-76.674
-76.686
-76.704
-76.773
-76.79
-76.871
-76.959
-76.853
-76.827
-76.815
-76.858
-76.832
-76.829
-76.795
-76.794
-76.804
-76.759
-76.766
-76.772
-76.78
-76.793
-76.805
-76.771
-76.704
-76.69
-76.551
-76.494
-76.54
-76.598
-76.588
-76.568
-76.526
-76.407
-76.416
-76.303
-76.312
-76.312
-76.251
-76.236
-76.252
-76.223
-76.168
-76.164
-76.127
-76.11
-76.038
-76.04
-76.009
-75.957
-75.888
-75.876
-75.827
-75.852
-75.866
-75.847
-75.82
-75.803
-75.796
-75.833
-75.793
-75.817
-75.819
-75.843
-75.804
-75.885
-75.891
-75.904
-75.915
-75.876
-75.835
-75.845
-75.848
-75.781
-75.785
-75.815
-75.827
-75.795
-75.746
-75.748
-75.809
-75.762
-75.802
-75.867
-75.828
-75.786
-75.815
-75.895
-75.955
-75.933
-75.999
-75.996
-76.01
-76.037
-76.02
-76.069
-76.177
-76.141
-76.231
-76.203
-76.231
-76.145
-76.172
-76.201
-76.099
-76.107
-76.145
-76.114
-76.133
-76.077
-76.063
-76.072
-76.031
-76.03
-75.972
-75.948
-75.96
-75.976
-75.917
-75.93
-75.881
-75.9
-75.9
-75.938
-75.934
-75.967
-76.038
-75.986
-75.961
-75.96
-76.004
-76
-75.909
-75.851
-75.833
-75.875
-75.814
-75.753
-75.739
-75.744
-75.761
-75.684
-75.672
-75.674
-75.64
-75.66
-75.583
-75.566
-75.485
-75.53
-75.519
-75.496
-75.565
-75.593
-75.542
-75.559
-75.502
-75.492
-75.495
-75.468
-75.449
-75.414
-75.375
-75.375
-75.42
-75.48
-75.48
-75.501
-75.453
-75.428
-75.417
-75.418
-75.282
-75.318
-75.392
-75.374
-75.278
-75.332
-75.24
-75.307
-75.353
-75.431
-75.455
-75.383
-75.273
-75.302
-75.31
-75.315
-75.391
-75.313
-75.278
-75.309
-75.341
-75.347
-75.326
-75.3
-75.362
-75.314
-75.287
-75.308
-75.362
-75.38
-75.371
-75.348
-75.292
-75.348
-75.338
-75.34
-75.282
-75.332
-75.351
-75.354
-75.358
-75.319
-75.212
-75.297
-75.354
-75.377
-75.297
-75.313
-75.325
-75.243
-75.231
-75.273
-75.287
-75.2
-75.094
-75.149
-75.107
-75.081
-75.116
-75.095
-75.153
-75.139
-75.097
-75.154
-75.207
-75.196
-75.219
-75.214
-75.225
-75.209
-75.174
-75.193
-75.249
-75.244
-75.266
-75.258
-75.288
-75.323
-75.355
-75.274
-75.306
-75.368
-75.399
-75.384
-75.372
-75.413
-75.458
-75.449
-75.364
-75.351
-75.395
-75.41
-75.485
-75.433
-75.477
-75.423
-75.45
-75.381
-75.3
-75.361
-75.23
-75.202
-75.274
-75.177
-75.199
-75.177
-75.251
-75.226
-75.193
-75.237
-75.291
-75.302
-75.25
-75.218
-75.251
-75.261
-75.285
-75.263
-75.281
-75.324
-75.26
-75.298
-75.351
-75.312
-75.243
-75.23
-75.303
-75.27
-75.246
-75.248
-75.305
-75.336
-75.329
-75.343
-75.378
-75.462
-75.338
-75.226
-75.209
-75.244
-75.301
-75.277
-75.283
-75.263
-75.266
-75.284
-75.424
-75.519
-75.497
-75.431
-75.42
-75.341
-75.305
-75.268
-75.293
-75.311
-75.339
-75.275
-75.286
-75.341
-75.405
-75.423
-75.381
-75.438
-75.488
-75.551
-75.455
-75.524
-75.469
-75.489
-75.517
-75.557
-75.57
-75.66
-75.642
-75.69
-75.724
-75.743
-75.766
-75.766
-75.709
-75.725
-75.784
-75.768
-75.813
-75.79
-75.838
-75.773
-75.715
-75.741
-75.73
-75.763
-75.752
-75.814
-75.815
-75.885
-75.922
-75.949
-75.941
-75.993
-76.008
-76.012
-76.089
-75.991
-75.987
-76.04
-75.978
-75.931
-75.948
-75.971
-76.028
-76.011
-75.972
-76.01
-76.009
-75.977
-75.917
-75.923
-75.84
-75.834
-75.792
-75.826
-75.841
-75.817
-75.82
-75.807
-75.786
-75.79
-75.749
-75.701
-75.738
-75.76
-75.827
-75.84
-75.755
-75.656
-75.561
-75.455
-75.418
-75.326
-75.309
-75.325
-75.316
-75.319
-75.422
-75.518
-75.481
-75.464
-75.434
-75.466
-75.528
-75.485
-75.449
-75.553
-75.543
-75.554
-75.696
-75.672
-75.618
-75.454
-75.511
-75.662
-75.669
-75.648
-75.696
-75.762
-75.733
-75.734
-75.714
-75.702
-75.662
-75.621
-75.678
-75.858
-75.666
-75.655
-75.606
-75.642
-75.601
-75.611
-75.678
-75.694
-75.653
-75.667
-75.727
-75.741
-75.824
-75.93
-75.907
-75.841
-75.77
-75.793
-75.79
-75.847
-75.891
-75.828
-75.843
-75.89
-75.808
-75.811
-75.826
-75.825
-75.856
-75.913
-75.902
-75.922
-75.971
-76.034
-76.022
-75.972
-75.99
-75.966
-75.929
-75.922
-75.994
-75.97
-75.978
-75.922
-75.929
-75.937
-75.925
-75.974
-75.973
-76.065
-76.122
-76.104
-76.135
-76.194
-76.189
-76.247
-76.301
-76.272
-76.142
-76.16
-76.215
-76.279
-76.282
-76.247
-76.355
-76.426
-76.433
-76.428
-76.418
-76.463
-76.391
-76.377
-76.309
-76.308
-76.221
-76.153
-76.139
-76.111
-76.125
-76.144
-76.147
-76.147
-76.141
-76.222
-76.187
-76.31
-76.44
-76.478
-76.528
-76.513
-76.471
-76.367
-76.373
-76.458
-76.481
-76.515
-76.536
-76.574
-76.57
-76.478
-76.459
-76.429
-76.425
-76.357
-76.352
-76.401
-76.379
-76.306
-76.398
-76.383
-76.363
-76.389
-76.385
-76.417
-76.436
-76.451
-76.483
-76.363
-76.385
-76.419
-76.371
-76.476
-76.427
-76.419
-76.399
-76.429
-76.361
-76.348
-76.366
-76.45
-76.412
-76.421
-76.423
-76.454
-76.401
-76.446
-76.418
-76.476
-76.521
-76.554
-76.552
-76.572
-76.553
-76.554
-76.551
-76.599
-76.689
-76.57
-76.51
-76.454
-76.511
-76.543
-76.474
-76.487
-76.563
-76.587
-76.572
-76.547
-76.548
-76.438
-76.476
-76.496
-76.515
-76.544
-76.514
-76.521
-76.474
-76.454
-76.457
-76.457
-76.479
-76.463
-76.492
-76.49
-76.423
-76.405
-76.464
-76.363
-76.32
-76.318
-76.326
-76.345
-76.397
-76.388
-76.418
-76.405
-76.491
-76.511
-76.554
-76.571
-76.602
-76.793
-76.809
-76.763
-76.728
-76.651
-76.692
-76.638
-76.624
-76.628
-76.629
-76.723
-76.753
-76.706
-76.762
-76.807
-76.773
-76.784
-76.838
-76.799
-76.786
-76.784
-76.763
-76.822
-76.853
-76.879
-76.837
-76.83
-76.858
-76.948
-76.978
-76.889
-76.806
-76.852
-76.876
-76.855
-76.904
-76.84
-76.73
-76.711
-76.745
-76.689
-76.633
-76.678
-76.737
-76.715
-76.741
-76.755
-76.704
-76.683
-76.725
-76.681
-76.725
-76.733
-76.675
-76.626
-76.569
-76.586
-76.704
-76.761
-76.699
-76.723
-76.84
-76.816
-76.915
-76.799
-76.846
-76.782
-76.777
-76.64
-76.659
-76.66
-76.668
-76.613
-76.591
-76.526
-76.524
-76.592
-76.545
-76.593
-76.494
-76.503
-76.502
-76.474
-76.394
-76.428
-76.354
-76.285
-76.233
-76.19
-76.153
-76.133
-76.076
-76.137
-76.174
-76.15
-76.078
-76.053
-76.017
-76.048
-75.99
-75.999
-76.07
-76.117
-76.119
-76.155
-76.097
-76.092
-76.093
-76.185
-76.197
-76.159
-76.136
-76.119
-76.104
-76.142
-76.156
-76.172
-76.184
-76.189
-76.167
-76.056
-76.081
-76.077
-76.027
-75.994
-76.052
-76
-76.025
-75.951
-75.888
-75.917
-76.013
-76.046
-75.987
-76.011
-76.08
-76.069
-76.117
-76.073
-75.958
-75.91
-75.915
-75.892
-75.912
-76.005
-75.946
-75.895
-75.91
-75.936
-75.92
-76.01
-76.002
-76.046
-76.001
-76.001
-76.037
-76.018
-76.02
-76.124
-76.156
-76.159
-76.163
-76.08
-76.063
-76.071
-76.041
-76.021
-76.023
-76.01
-75.957
-75.927
-75.954
-76.023
-76.051
-76.033
-76.024
-76.043
-76.004
-76.084
-76.147
-76.16
-76.087
-76.006
-75.984
-75.993
-76.051
-75.997
-75.914
-75.923
-75.873
-75.955
-75.894
-76.018
-76.026
-76.063
-76.055
-76.011
-76.03
-76.057
-76.04
-76
-75.939
-75.97
-75.959
-75.94
-75.941
-75.895
-75.931
-75.901
-75.933
-75.95
-75.998
-75.892
-75.913
-75.917
-75.913
-75.972
-75.881
-75.949
-75.983
-75.979
-76.049
-76.031
-76.062
-76.017
-76.044
-76.148
-76.092
-76.077
-76.199
-76.233
-76.228
-76.193
-76.096
-76.201
-76.211
-76.18
-76.219
-76.284
-76.402
-76.498
-76.501
-76.536
-76.544
-76.539
-76.557
-76.425
-76.44
-76.566
-76.56
-76.51
-76.551
-76.549
-76.598
-76.66
-76.633
-76.658
-76.61
-76.562
-76.583
-76.571
-76.645
-76.701
-76.659
-76.674
-76.675
-76.634
-76.621
-76.631
-76.669
-76.671
-76.654
-76.624
-76.738
-76.798
-76.769
-76.793
-76.774
-76.736
-76.72
-76.708
-76.68
-76.633
-76.598
-76.596
-76.656
-76.626
-76.665
-76.744
-76.707
-76.644
-76.658
-76.689
-76.653
-76.686
-76.704
-76.781
-76.811
-76.893
-76.937
-76.872
-76.808
-76.767
-76.828
-76.867
-76.928
-76.873
-76.876
-76.986
-77.04
-77.033
-77.019
-77.02
-76.896
-76.902
-76.924
-76.932
-76.921
-76.939
-76.915
-76.974
-76.879
-76.866
-76.904
-76.909
-76.936
-76.893
-76.849
-76.829
-76.837
-76.85
-76.918
-76.843
-76.785
-76.809
-76.874
-76.82
-76.887
-76.834
-76.827
-76.915
-76.874
-76.922
-76.956
-76.958
-76.973
-76.885
-76.837
-76.811
-76.876
-76.874
-76.96
-77.025
-77.016
-77.035
-77.02
-76.953
-77.024
-76.978
-77.116
-77.078
-77.105
-77.08
-77.114
-77.069
-77.046
-76.965
-77.024
-77.1
-77.104
-77.073
-77.048
-77.009
-77.012
-77.033
-77.072
-77.054
-77.078
-77.11
-77.122
-77.158
-77.2
-77.284
-77.289
-77.313
-77.289
-77.236
-77.193
-77.247
-77.129
-77.178
-77.171
-77.134
-77.217
-77.256
-77.201
-77.2
-77.24
-77.154
-77.091
-77.013
-76.99
-77.012
-77.103
-77.085
-77.077
-76.965
-76.978
-76.991
-76.911
-76.866
-76.885
-76.936
-76.944
-76.972
-76.932
-76.99
-77.05
-77.075
-77.167
-77.254
-77.249
-77.239
-77.244
-77.185
-77.173
-77.143
-77.111
-77.05
-76.993
-77.014
-77.041
-77.044
-77.131
-77.133
-77.204
-77.194
-77.208
-77.244
-77.102
-77.07
-77.066
-77.072
-77.109
-77.11
-77.113
-77.174
-77.255
-77.158
-77.106
-77.119
-77.109
-76.972
-76.93
-76.896
-76.854
-76.862
-76.873
-76.881
-76.897
-76.821
-76.767
-76.823
-76.789
-76.848
-76.831
-76.768
-76.706
-76.832
-76.872
-76.758
-76.76
-76.757
-76.771
-76.636
-76.591
-76.645
-76.685
-76.693
-76.623
-76.494
-76.556
-76.564
-76.515
-76.554
-76.597
-76.635
-76.624
-76.546
-76.497
-76.614
-76.681
-76.737
-76.702
-76.669
-76.635
-76.631
-76.598
-76.596
-76.552
-76.559
-76.541
-76.595
-76.557
-76.56
-76.534
-76.49
-76.471
-76.468
-76.558
-76.567
-76.501
-76.536
-76.558
-76.518
-76.528
-76.559
-76.664
-76.677
-76.674
-76.702
-76.67
-76.626
-76.703
-76.753
-76.821
-76.812
-76.904
-76.947
-76.908
-76.958
-76.982
-77.022
-77.046
-77.032
-77.159
-77.193
-77.103
-77.123
-77.054
-77.016
-76.961
-76.866
-76.76
-76.708
-76.731
-76.697
-76.685
-76.658
-76.69
-76.689
-76.727
-76.703
-76.683
-76.771
-76.706
-76.662
-76.641
-76.639
-76.619
-76.59
-76.615
-76.724
-76.728
-76.746
-76.839
-76.871
-76.818
-76.765
-76.743
-76.729
-76.75
-76.792
-76.79
-76.823
-76.865
-76.867
-76.934
-77.009
-76.951
-76.992
-77.035
-77.134
-77.109
-77.074
-77.096
-77.077
-77.108
-77.135
-77.189
-77.132
-77.16
-77.158
-77.194
-77.195
-77.133
-77.196
-77.18
-77.164
-77.175
-77.256
-77.164
-77.249
-77.348
-77.353
-77.308
-77.349
-77.318
-77.343
-77.303
-77.184
-77.165
-77.259
-77.255
-77.322
-77.341
-77.444
-77.463
-77.422
-77.432
-77.43
-77.469
-77.474
-77.493
-77.53
-77.539
-77.494
-77.391
-77.371
-77.354
-77.373
-77.486
-77.483
-77.435
-77.422
-77.401
-77.318
-77.348
-77.35
-77.33
-77.32
-77.307
-77.353
-77.351
-77.296
-77.322
-77.407
-77.396
-77.4
-77.288
-77.276
-77.293
-77.315
-77.311
-77.304
-77.33
-77.37
-77.418
-77.445
-77.444
-77.461
-77.417
-77.455
-77.512
-77.482
-77.552
-77.659
-77.626
-77.579
-77.569
-77.554
-77.552
-77.424
-77.387
-77.355
-77.343
-77.359
-77.432
-77.405
-77.403
-77.378
-77.332
-77.269
-77.385
-77.476
-77.419
-77.417
-77.413
-77.389
-77.282
-77.351
-77.31
-77.325
-77.33
-77.347
-77.402
-77.462
-77.478
-77.475
-77.447
-77.478
-77.538
-77.598
-77.53
-77.51
-77.45
-77.376
-77.324
-77.316
-77.387
-77.427
-77.406
-77.343
-77.339
-77.267
-77.304
-77.34
-77.333
-77.388
-77.453
-77.415
-77.301
-77.294
-77.332
-77.279
-77.206
-77.183
-77.167
-77.115
-77.091
-77.111
-77.173
-77.183
-77.064
-77.091
-77.111
-77.075
-77.075
-77.062
-77.053
-77.013
-77.012
-77.055
-77.063
-77.071
-77.192
-77.21
-77.167
-77.139
-77.089
-77.061
-76.93
-76.958
-76.982
-77.038
-77.092
-76.974
-77.063
-77.125
-77.227
-77.169
-77.216
-77.303
-77.326
-77.427
-77.379
-77.333
-77.387
-77.451
-77.39
-77.398
-77.469
-77.447
-77.381
-77.362
-77.387
-77.342
-77.344
-77.249
-77.183
-77.212
-77.299
-77.298
-77.294
-77.322
-77.391
-77.395
-77.294
-77.258
-77.219
-77.159
-77.194
-77.129
-77.176
-77.156
-77.246
-77.247
-77.274
-77.264
-77.283
-77.374
-77.34
-77.321
-77.188
-77.198
-77.274
-77.319
-77.325
-77.409
-77.471
-77.437
-77.43
-77.327
-77.328
-77.402
-77.459
-77.474
-77.519
-77.527
-77.597
-77.531
-77.519
-77.517
-77.546
-77.597
-77.584
-77.675
-77.721
-77.725
-77.788
-77.861
-77.85
-77.888
-77.824
-77.736
-77.759
-77.747
-77.747
-77.772
-77.789
-77.738
-77.696
-77.562
-77.499
-77.528
-77.539
-77.53
-77.47
-77.412
-77.401
-77.392
-77.476
-77.378
-77.37
-77.392
-77.339
-77.414
-77.415
-77.396
-77.306
-77.368
-77.211
-77.268
-77.201
-77.102
-77.159
-77.188
-77.237
-77.253
-77.289
-77.29
-77.309
-77.287
-77.221
-77.198
-77.214
-77.269
-77.28
-77.232
-77.235
-77.222
-77.183
-77.174
-77.19
-77.164
-77.114
-77.158
-77.213
-77.211
-77.229
-77.227
-77.122
-77.096
-77.115
-77.135
-77.139
-77.196
-77.182
-77.153
-77.141
-77.162
-77.154
-77.166
-77.178
-77.091
-77.077
-77.144
-77.204
-77.138
-77.198
-77.256
-77.252
-77.297
-77.373
-77.32
-77.281
-77.3
-77.297
-77.285
-77.296
-77.282
-77.274
-77.221
-77.211
-77.228
-77.352
-77.314
-77.249
-77.265
-77.288
-77.17
-77.203
-77.188
-77.211
-77.219
-77.098
-77.182
-77.286
-77.361
-77.361
-77.393
-77.473
-77.392
-77.431
-77.36
-77.421
-77.431
-77.3
-77.27
-77.359
-77.353
-77.389
-77.431
-77.45
-77.398
-77.398
-77.384
-77.422
-77.457
-77.456
-77.483
-77.414
-77.429
-77.421
-77.365
-77.309
-77.353
-77.442
-77.416
-77.585
-77.495
-77.524
-77.473
-77.471
-77.383
-77.461
-77.533
-77.437
-77.475
-77.506
-77.585
-77.604
-77.547
-77.571
-77.569
-77.586
-77.565
-77.442
-77.412
-77.429
-77.375
-77.422
-77.47
-77.558
-77.668
-77.796
-77.771
-77.733
-77.773
-77.774
-77.729
-77.772
-77.698
-77.667
-77.669
-77.758
-77.682
-77.643
-77.599
-77.474
-77.508
-77.555
-77.584
-77.565
-77.469
-77.46
-77.501
-77.457
-77.426
-77.447
-77.463
-77.386
-77.337
-77.408
-77.314
-77.366
-77.308
-77.258
-77.289
-77.238
-77.199
-77.187
-77.112
-77.088
-77.062
-77.093
-77.024
-77.084
-77.015
-76.987
-76.914
-76.956
-76.972
-76.956
-77.088
-77.097
-77.071
-77.133
-77.039
-76.999
-77.033
-77.081
-77.16
-77.105
-77.112
-77.072
-77.044
-77.005
-77.001
-76.933
-76.939
-76.941
-76.987
-77.068
-77.024
-77.064
-77.084
-77.083
-77.181
-77.188
-77.195
-77.165
-77.134
-77.123
-77.129
-77.189
-77.234
-77.261
-77.149
-77.12
-77.039
-76.915
-76.869
-76.766
-76.73
-76.78
-76.741
-76.785
-76.75
-76.751
-76.739
-76.758
-76.755
-76.913
-76.883
-76.913
-76.829
-76.843
-76.774
-76.84
-76.884
-76.957
-77.018
-77.077
-77.113
-77.117
-77.122
-77.052
-77.076
-76.991
-77.014
-77.029
-76.907
-76.969
-76.957
-76.891
-76.887
-76.857
-76.9
-76.945
-77.005
-76.99
-76.965
-77.016
-76.968
-76.915
-76.966
-77.008
-76.914
-76.862
-76.813
-76.849
-76.85
-76.919
-76.898
-76.952
-76.924
-76.908
-76.936
-76.903
-76.899
-76.94
-76.996
-76.955
-76.947
-76.885
-76.883
-76.875
-76.809
-76.77
-76.759
-76.82
-76.822
-76.682
-76.677
-76.63
-76.589
-76.582
-76.579
-76.52
-76.541
-76.478
-76.412
-76.342
-76.422
-76.406
-76.467
-76.529
-76.555
-76.497
-76.51
-76.457
-76.411
-76.331
-76.342
-76.329
-76.327
-76.317
-76.309
-76.185
-76.198
-76.223
-76.121
-76.075
-76.111
-76.119
-76.081
-76.096
-76.162
-76.231
-76.279
-76.199
-76.246
-76.209
-76.236
-76.125
-76.11
-76.234
-76.227
-76.167
-76.136
-76.205
-76.179
-76.35
-76.277
-76.203
-76.237
-76.261
-76.266
-76.371
-76.325
-76.303
-76.202
-76.246
-76.223
-76.201
-76.139
-76.161
-76.186
-76.255
-76.253
-76.33
-76.326
-76.332
-76.188
-76.165
-76.217
-76.205
-76.197
-76.141
-76.15
-76.157
-76.09
-76.136
-76.095
-76.124
-76.128
-76.142
-76.095
-76.052
-76.04
-76.185
-76.189
-76.238
-76.201
-76.157
-76.142
-76.204
-76.198
-76.252
-76.257
-76.23
-76.238
-76.272
-76.26
-76.307
-76.216
-76.056
-76.025
-76.024
-75.972
-75.937
-76.013
-75.935
-75.903
-75.886
-75.916
-76.014
-75.956
-76.013
-76
-75.943
-75.894
-75.902
-75.861
-75.786
-75.863
-75.933
-75.898
-75.845
-75.915
-75.905
-75.877
-75.908
-75.87
-75.851
-75.793
-75.747
-75.704
-75.63
-75.561
-75.643
-75.649
-75.666
-75.657
-75.647
-75.604
-75.615
-75.599
-75.61
-75.633
-75.657
-75.667
-75.677
-75.584
-75.624
-75.576
-75.592
-75.7
-75.747
-75.682
-75.655
-75.618
-75.576
-75.603
-75.614
-75.515
-75.429
-75.433
-75.402
-75.368
-75.265
-75.301
-75.339
-75.169
-75.18
-75.177
-75.151
-75.142
-75.241
-75.208
-75.213
-75.171
-75.223
-75.176
-75.22
-75.191
-75.116
-75.189
-75.21
-75.211
-75.318
-75.251
-75.117
-75.106
-75.113
-75.129
-75.243
-75.22
-75.269
-75.204
-75.172
-75.146
-75.184
-75.253
-75.34
-75.236
-75.191
-75.268
-75.234
-75.237
-75.36
-75.401
-75.399
-75.352
-75.343
-75.266
-75.284
-75.22
-75.269
-75.161
-75.119
-75.21
-75.161
-75.118
-75.081
-75.016
-74.921
-74.991
-74.889
-74.855
-74.858
-74.803
-74.821
-74.864
-74.871
-74.865
-74.849
-74.848
-74.827
-74.83
-74.911
-74.892
-74.925
-74.866
-74.861
-74.908
-74.845
-74.897
-74.867
-74.935
-74.975
-75.016
-75
-75.034
-75.045
-75.021
-75.099
-75.064
-75.092
-75.121
-75.122
-75.081
-75.043
-75.008
-75.023
-74.971
-74.958
-74.888
-75.009
-75.022
-74.982
-75.036
-74.974
-74.905
-74.929
-74.917
-74.933
-74.994
-75.033
-75.02
-75.014
-74.971
-75.011
-75.02
-74.983
-74.966
-74.995
-74.993
-75.011
-74.993
-74.982
-74.948
-74.96
-74.923
-75.004
-74.993
-74.927
-75.035
-75.006
-74.985
-74.874
-74.875
-74.864
-74.839
-74.879
-74.91
-74.985
-74.998
-74.997
-74.981
-74.92
-74.804
-74.723
-74.716
-74.662
-74.691
-74.672
-74.695
-74.734
-74.808
-74.894
-74.887
-74.896
-74.876
-74.854
-74.873
-74.829
-74.889
-74.858
-74.946
-74.944
-75.067
-75.047
-75.008
-74.948
-75.086
-75.081
-75.019
-74.988
-75.027
-75.085
-74.954
-74.833
-74.805
-74.737
-74.742
-74.8
-74.767
-74.781
-74.811
-74.74
-74.662
-74.696
-74.617
-74.651
-74.641
-74.626
-74.738
-74.678
-74.692
-74.713
-74.702
-74.743
-74.679
-74.733
-74.76
-74.773
-74.781
-74.872
-74.824
-74.81
-74.776
-74.893
-74.826
-74.767
-74.79
-74.803
-74.767
-74.683
-74.721
-74.665
-74.702
-74.712
-74.697
-74.677
-74.698
-74.692
-74.685
-74.662
-74.557
-74.526
-74.584
-74.543
-74.662
-74.681
-74.656
-74.641
-74.697
-74.753
-74.745
-74.795
-74.846
-74.74
-74.812
-74.906
-74.958
-75.006
-75.025
-74.94
-75.025
-75.02
-75.089
-75.132
-75.087
-75.054
-75.069
-75.058
-75.155
-75.207
-75.213
-75.195
-75.131
-75.099
-75.083
-75.113
-75.136
-75.089
-75.193
-75.192
-75.214
-75.195
-75.138
-75.178
-75.168
-75.157
-75.201
-75.063
-75.061
-75.034
-75.031
-74.922
-74.933
-74.898
-74.91
-74.93
-74.98
-74.949
-75.052
-75.039
-74.955
-74.966
-74.974
-74.949
-74.966
-75.002
-75.053
-75.054
-75.091
-75.062
-75.083
-75.024
-75.037
-74.995
-74.994
-74.995
-74.991
-74.988
-75.041
-75.012
-75.049
-75.217
-75.223
-75.21
-75.258
-75.349
-75.382
-75.456
-75.483
-75.417
-75.409
-75.431
-75.483
-75.479
-75.464
-75.454
-75.429
-75.455
-75.411
-75.398
-75.479
-75.523
-75.497
-75.55
-75.508
-75.436
-75.529
-75.495
-75.478
-75.422
-75.407
-75.366
-75.37
-75.341
-75.305
-75.176
-75.163
-75.226
-75.261
-75.322
-75.259
-75.208
-75.256
-75.295
-75.315
-75.214
-75.287
-75.24
-75.324
-75.385
-75.261
-75.164
-75.219
-75.209
-75.189
-75.164
-75.14
-75.113
-75.127
-75.175
-75.15
-75.154
-75.146
-75.157
-75.151
-75.222
-75.241
-75.238
-75.243
-75.237
-75.172
-75.243
-75.19
-75.191
-75.201
-75.242
-75.218
-75.238
-75.236
-75.178
-75.125
-75.133
-75.209
-75.182
-75.192
-75.16
-75.049
-75.018
-74.989
-74.961
-74.963
-74.964
-74.982
-75.005
-74.921
-74.923
-74.831
-74.878
-74.853
-74.774
-74.836
-74.82
-74.87
-74.92
-74.944
-74.909
-74.985
-74.961
-74.889
-74.848
-74.773
-74.682
-74.645
-74.694
-74.648
-74.617
-74.575
-74.595
-74.724
-74.813
-74.757
-74.785
-74.755
-74.767
-74.807
-74.764
-74.797
-74.77
-74.864
-74.879
-74.83
-74.883
-74.877
-74.871
-74.876
-74.865
-74.867
-74.862
-74.855
-74.926
-74.927
-74.913
-75.028
-74.994
-74.995
-75.039
-75.1
-75.135
-75.142
-75.113
-75.149
-75.14
-75.104
-75.101
-75.112
-75.145
-75.142
-75.154
-75.159
-75.148
-75.149
-75.178
-75.211
-75.262
-75.275
-75.291
-75.343
-75.313
-75.319
-75.378
-75.35
-75.409
-75.385
-75.35
-75.42
-75.445
-75.456
-75.55
-75.514
-75.55
-75.598
-75.73
-75.691
-75.792
-75.718
-75.561
-75.664
-75.692
-75.783
-75.729
-75.734
-75.855
-75.734
-75.653
-75.532
-75.629
-75.668
-75.669
-75.628
-75.679
-75.719
-75.778
-75.764
-75.683
-75.67
-75.679
-75.599
-75.548
-75.557
-75.503
-75.496
-75.516
-75.56
-75.537
-75.542
-75.496
-75.449
-75.449
-75.382
-75.353
-75.412
-75.291
-75.163
-75.108
-75.078
-75.039
-75.057
-74.985
-74.999
-75.002
-75.011
-75.065
-75.097
-75.053
-75.111
-75.224
-75.242
-75.325
-75.309
-75.252
-75.245
-75.206
-75.214
-75.147
-75.131
-75.077
-75.071
-75.062
-75.016
-75.057
-75.03
-74.986
-74.959
-74.953
-75.046
-75.067
-75.067
-75.129
-75.08
-75.042
-74.986
-74.964
-74.992
-74.974
-75.005
-75.101
-75.155
-75.171
-75.13
-75.159
-75.165
-75.251
-75.276
-75.239
-75.274
-75.278
-75.233
-75.279
-75.341
-75.4
-75.444
-75.381
-75.417
-75.531
-75.568
-75.592
-75.54
-75.507
-75.516
-75.571
-75.569
-75.551
-75.611
-75.541
-75.577
-75.563
-75.591
-75.526
-75.614
-75.599
-75.483
-75.486
-75.521
-75.533
-75.474
-75.499
-75.488
-75.556
-75.516
-75.457
-75.51
-75.476
-75.446
-75.613
-75.579
-75.589
-75.565
-75.505
-75.558
-75.51
-75.584
-75.607
-75.642
-75.672
-75.734
-75.693
-75.647
-75.736
-75.841
-75.812
-75.9
-75.843
-75.789
-75.728
-75.645
-75.64
-75.604
-75.507
-75.508
-75.507
-75.469
-75.587
-75.541
-75.541
-75.495
-75.473
-75.496
-75.449
-75.4
-75.394
-75.363
-75.334
-75.333
-75.272
-75.274
-75.268
-75.356
-75.409
-75.428
-75.51
-75.404
-75.399
-75.491
-75.441
-75.403
-75.356
-75.355
-75.431
-75.387
-75.391
-75.385
-75.521
-75.55
-75.568
-75.677
-75.685
-75.646
-75.62
-75.662
-75.749
-75.667
-75.646
-75.707
-75.682
-75.797
-75.826
-75.815
-75.835
-75.868
-75.889
-75.84
-75.838
-75.843
-75.821
-75.823
-75.744
-75.727
-75.72
-75.616
-75.736
-75.765
-75.753
-75.775
-75.722
-75.757
-75.729
-75.652
-75.553
-75.569
-75.563
-75.514
-75.495
-75.539
-75.526
-75.578
-75.555
-75.496
-75.406
-75.363
-75.32
-75.256
-75.34
-75.324
-75.302
-75.274
-75.267
-75.268
-75.26
-75.277
-75.262
-75.229
-75.224
-75.177
-75.084
-75.106
-75.078
-74.981
-75.033
-75.125
-75.121
-75.099
-75.079
-75.03
-74.981
-74.978
-75.034
-75.071
-75.071
-75.121
-75.124
-75.156
-75.165
-75.19
-75.157
-75.196
-75.181
-75.158
-75.078
-74.976
-75.007
-75.033
-75.04
-75.01
-74.956
-74.954
-74.935
-74.939
-74.976
-74.882
-74.845
-74.825
-74.776
-74.741
-74.796
-74.835
-74.836
-74.801
-74.864
-74.911
-74.901
-74.808
-74.768
-74.741
-74.715
-74.7
-74.773
-74.845
-74.844
-74.907
-74.902
-74.927
-74.956
-74.909
-74.922
-74.849
-74.881
-74.924
-74.928
-74.942
-74.956
-74.949
-74.928
-74.929
-74.932
-74.958
-74.977
-74.83
-74.718
-74.703
-74.647
-74.685
-74.633
-74.626
-74.615
-74.542
-74.632
-74.617
-74.745
-74.753
-74.668
-74.663
-74.628
-74.695
-74.746
-74.83
-74.906
-75.046
-74.925
-74.933
-74.913
-74.905
-74.933
-74.862
-74.91
-74.917
-74.899
-74.861
-74.919
-74.887
-74.914
-74.834
-74.885
-74.992
-74.975
-74.964
-74.888
-74.863
-74.722
-74.741
-74.851
-74.851
-74.822
-74.861
-74.857
-74.926
-74.922
-74.918
-74.792
-74.84
-74.794
-74.838
-74.893
-74.85
-74.78
-74.664
-74.64
-74.587
-74.608
-74.655
-74.637
-74.554
-74.487
-74.576
-74.699
-74.69
-74.806
-74.765
-74.779
-74.806
-74.759
-74.802
-74.765
-74.767
-74.828
-74.955
-75.015
-75.021
-75.029
-74.995
-75.011
-75.099
-75.137
-75.161
-75.157
-75.138
-75.134
-75.05
-75.001
-74.973
-75.017
-74.952
-74.873
-74.833
-74.888
-74.807
-74.754
-74.864
-74.801
-74.817
-74.914
-74.943
-74.939
-74.919
-74.925
-74.894
-74.816
-74.746
-74.775
-74.701
-74.689
-74.709
-74.716
-74.731
-74.732
-74.786
-74.773
-74.81
-74.881
-74.829
-74.81
-74.771
-74.715
-74.752
-74.715
-74.742
-74.63
-74.682
-74.688
-74.629
-74.529
-74.521
-74.558
-74.597
-74.585
-74.578
-74.55
-74.603
-74.454
-74.285
-74.234
-74.312
-74.361
-74.348
-74.378
-74.329
-74.367
-74.343
-74.288
-74.322
-74.252
-74.266
-74.233
-74.252
-74.353
-74.446
-74.528
-74.509
-74.566
-74.604
-74.623
-74.693
-74.569
-74.473
-74.424
-74.492
-74.448
-74.444
-74.426
-74.483
-74.495
-74.493
-74.626
-74.577
-74.579
-74.57
-74.576
-74.62
-74.538
-74.479
-74.49
-74.488
-74.523
-74.519
-74.552
-74.469
-74.43
-74.383
-74.283
-74.326
-74.306
-74.323
-74.36
-74.396
-74.415
-74.416
-74.501
-74.54
-74.6
-74.569
-74.533
-74.546
-74.562
-74.663
-74.661
-74.626
-74.587
-74.579
-74.57
-74.606
-74.592
-74.574
-74.621
-74.527
-74.533
-74.496
-74.538
-74.551
-74.611
-74.55
-74.494
-74.48
-74.491
-74.453
-74.403
-74.278
-74.257
-74.269
-74.268
-74.339
-74.326
-74.333
-74.252
-74.24
-74.113
-74.146
-74.152
-74.236
-74.166
-74.184
-74.148
-74.169
-74.139
-74.142
-74.088
-74.201
-74.175
-74.109
-74.157
-74.138
-74.044
-74.07
-74.031
-73.931
-73.974
-73.981
-73.834
-73.904
-73.902
-73.852
-73.927
-73.918
-73.883
-73.933
-73.889
-73.965
-73.989
-73.915
-73.965
-73.917
-73.935
-73.924
-73.971
-73.987
-74.037
-74.056
-74.018
-74.001
-74.023
-73.991
-73.949
-73.951
-74.002
-74.014
-73.875
-73.874
-73.818
-73.795
-73.846
-73.765
-73.7
-73.617
-73.666
-73.582
-73.491
-73.406
-73.403
-73.412
-73.516
-73.347
-73.314
-73.355
-73.348
-73.316
-73.283
-73.285
-73.298
-73.276
-73.31
-73.36
-73.309
-73.313
-73.295
-73.22
-73.312
-73.318
-73.387
-73.352
-73.306
-73.306
-73.288
-73.331
-73.398
-73.476
-73.514
-73.495
-73.593
-73.64
-73.703
-73.654
-73.724
-73.705
-73.812
-73.732
-73.703
-73.821
-73.913
-73.954
-73.947
-73.933
-73.993
-74.04
-74.065
-74.117
-74.132
-74.156
-74.031
-73.978
-74.043
-74.085
-74.064
-74.133
-74.208
-74.213
-74.188
-74.229
-74.196
-74.141
-74.127
-74.112
-74.07
-74.061
-74.031
-73.95
-73.963
-73.974
-73.903
-73.962
-73.896
-73.887
-73.912
-74.002
-74.078
-74.076
-74.091
-74.22
-74.182
-74.178
-74.136
-74.152
-74.193
-74.136
-74.169
-74.206
-74.143
-74.191
-74.25
-74.176
-74.078
-74.057
-73.997
-74.001
-74.079
-74.022
-73.93
-73.825
-73.851
-73.878
-73.836
-73.868
-73.873
-73.917
-73.874
-73.718
-73.788
-73.79
-73.723
-73.725
-73.768
-73.75
-73.701
-73.75
-73.673
-73.684
-73.719
-73.717
-73.755
-73.688
-73.723
-73.746
-73.621
-73.566
-73.57
-73.601
-73.62
-73.613
-73.644
-73.627
-73.602
-73.639
-73.71
-73.725
-73.758
-73.801
-73.749
-73.755
-73.849
-73.828
-73.94
-73.889
-73.857
-73.826
-73.857
-73.989
-74.006
-73.924
-73.919
-73.998
-74.065
-73.942
-73.985
-73.924
-73.834
-73.835
-73.852
-73.856
-73.791
-73.839
-73.854
-73.868
-73.899
-73.848
-73.853
-73.892
-73.857
-73.906
-73.856
-73.91
-73.836
-73.886
-73.932
-73.966
-74.004
-74.071
-74.041
-73.958
-73.841
-73.819
-73.872
-73.851
-73.885
-73.874
-73.888
-73.896
-74.006
-73.926
-73.967
-73.979
-74.045
-74.083
-74.111
-74.076
-74.033
-74.059
-74.01
-73.99
-73.994
-73.97
-73.995
-73.98
-74.026
-74.059
-74.095
-74.063
-74.037
-74.022
-73.956
-73.97
-74.101
-74.068
-74.143
-74.304
-74.411
-74.4
-74.287
-74.304
-74.301
-74.282
-74.252
-74.219
-74.247
-74.173
-74.193
-74.195
-74.234
-74.254
-74.329
-74.331
-74.245
-74.341
-74.368
-74.314
-74.315
-74.345
-74.265
-74.252
-74.193
-74.256
-74.263
-74.262
-74.204
-74.183
-74.158
-74.137
-74.103
-74.212
-74.139
-74.135
-74.135
-74.124
-74.139
-74.19
-74.213
-74.223
-74.151
-74.069
-74.052
-74.102
-74.183
-74.186
-74.203
-74.215
-74.225
-74.333
-74.32
-74.344
-74.338
-74.311
-74.223
-74.305
-74.33
-74.376
-74.374
-74.393
-74.373
-74.368
-74.274
-74.281
-74.288
-74.327
-74.326
-74.381
-74.333
-74.367
-74.359
-74.334
-74.374
-74.37
-74.384
-74.363
-74.497
-74.543
-74.592
-74.649
-74.689
-74.635
-74.657
-74.638
-74.639
-74.63
-74.683
-74.709
-74.698
-74.673
-74.669
-74.716
-74.75
-74.783
-74.854
-74.791
-74.797
-74.811
-74.885
-74.843
-74.871
-74.894
-74.947
-74.894
-74.901
-74.93
-74.914
-75.02
-74.974
-75.004
-75.05
-75.133
-75.098
-75.092
-75.09
-74.997
-74.975
-74.862
-74.826
-74.801
-74.76
-74.713
-74.721
-74.762
-74.731
-74.715
-74.771
-74.771
-74.819
-74.821
-74.794
-74.822
-74.838
-74.885
-74.968
-75.059
-75.002
-74.907
-74.955
-74.897
-74.944
-74.936
-74.984
-74.91
-74.888
-74.893
-74.909
-74.973
-75.05
-75.01
-75.013
-75.104
-75.101
-75.099
-75.099
-75.069
-75.117
-75.112
-75.059
-75.062
-75.048
-75.111
-75.06
-75.076
-75.085
-75.143
-75.225
-75.243
-75.203
-75.153
-75.16
-75.147
-75.132
-75.053
-75.125
-75.076
-75.064
-75.074
-75.134
-75.216
-75.169
-75.182
-75.16
-75.102
-75.14
-75.153
-75.166
-75.226
-75.187
-75.15
-75.076
-75.122
-75.118
-75.17
-75.084
-75.114
-75.124
-75.096
-75.083
-75.107
-75.016
-74.92
-74.899
-74.882
-74.926
-74.963
-74.962
-75.002
-75.023
-74.935
-74.985
-75.002
-74.91
-74.917
-74.947
-74.943
-75.02
-75.09
-75.105
-75.167
-75.236
-75.343
-75.35
-75.327
-75.442
-75.403
-75.383
-75.376
-75.307
-75.284
-75.175
-75.159
-75.131
-75.186
-75.247
-75.238
-75.226
-75.302
-75.381
-75.364
-75.366
-75.37
-75.392
-75.347
-75.425
-75.532
-75.521
-75.507
-75.538
-75.551
-75.503
-75.541
-75.471
-75.408
-75.403
-75.412
-75.403
-75.45
-75.4
-75.401
-75.497
-75.388
-75.335
-75.373
-75.331
-75.345
-75.287
-75.298
-75.266
-75.259
-75.238
-75.249
-75.334
-75.343
-75.298
-75.388
-75.39
-75.447
-75.454
-75.428
-75.422
-75.468
-75.479
-75.553
-75.632
-75.604
-75.603
-75.612
-75.546
-75.543
-75.546
-75.505
-75.461
-75.355
-75.347
-75.352
-75.312
-75.346
-75.345
-75.342
-75.256
-75.225
-75.138
-75.228
-75.411
-75.447
-75.423
-75.442
-75.454
-75.443
-75.413
-75.396
-75.288
-75.285
-75.272
-75.2
-75.191
-75.207
-75.263
-75.363
-75.39
-75.281
-75.285
-75.203
-75.155
-75.037
-74.958
-75.085
-75.089
-75.123
-75.069
-75.14
-75.169
-75.079
-75.072
-75.078
-75.116
-75.242
-75.238
-75.295
-75.334
-75.317
-75.282
-75.353
-75.341
-75.31
-75.23
-75.249
-75.34
-75.366
-75.316
-75.316
-75.357
-75.476
-75.445
-75.476
-75.417
-75.356
-75.386
-75.424
-75.456
-75.489
-75.403
-75.419
-75.513
-75.557
-75.537
-75.52
-75.505
-75.626
-75.619
-75.708
-75.678
-75.697
-75.693
-75.776
-75.747
-75.724
-75.731
-75.756
-75.668
-75.684
-75.766
-75.733
-75.722
-75.7
-75.709
-75.641
-75.659
-75.657
-75.715
-75.779
-75.752
-75.746
-75.772
-75.757
-75.689
-75.649
-75.625
-75.534
-75.612
-75.59
-75.575
-75.652
-75.57
-75.693
-75.711
-75.706
-75.744
-75.677
-75.597
-75.515
-75.573
-75.599
-75.495
-75.503
-75.548
-75.643
-75.661
-75.647
-75.689
-75.649
-75.622
-75.544
-75.459
-75.423
-75.419
-75.394
-75.39
-75.449
-75.481
-75.411
-75.415
-75.362
-75.274
-75.227
-75.243
-75.207
-75.185
-75.133
-75.103
-75.124
-75.182
-75.189
-75.15
-75.173
-75.137
-75.064
-75.068
-75.136
-75.056
-75.036
-75.009
-74.939
-75.046
-75.067
-74.99
-74.914
-74.94
-74.841
-74.856
-74.983
-75.035
-74.981
-74.978
-75
-74.984
-75.018
-75.13
-75.171
-75.246
-75.274
-75.22
-75.221
-75.313
-75.314
-75.328
-75.399
-75.379
-75.423
-75.325
-75.294
-75.377
-75.419
-75.442
-75.327
-75.297
-75.25
-75.225
-75.181
-75.193
-75.173
-75.144
-75.072
-75.068
-75.046
-74.975
-74.954
-74.942
-74.981
-75.001
-74.966
-75.027
-75.103
-75.065
-75.134
-75.149
-75.148
-75.219
-75.195
-75.119
-75.062
-75.051
-74.985
-74.948
-74.983
-74.939
-75.021
-75.062
-75.067
-75.086
-75.093
-75.104
-74.933
-74.919
-74.938
-74.845
-74.906
-74.886
-74.844
-74.887
-74.874
-74.924
-74.914
-74.896
-74.96
-75.009
-75.053
-75.052
-74.987
-74.977
-75.076
-75.154
-75.178
-75.114
-75.075
-75.141
-75.214
-75.228
-75.24
-75.318
-75.384
-75.409
-75.372
-75.345
-75.404
-75.287
-75.326
-75.297
-75.291
-75.275
-75.191
-75.193
-75.158
-75.172
-75.245
-75.251
-75.263
-75.197
-75.162
-75.147
-75.186
-75.209
-75.257
-75.254
-75.323
-75.338
-75.404
-75.488
-75.542
-75.568
-75.656
-75.645
-75.596
-75.555
-75.582
-75.573
-75.575
-75.602
-75.588
-75.691
-75.707
-75.773
-75.825
-75.801
-75.782
-75.647
-75.627
-75.596
-75.537
-75.613
-75.64
-75.671
-75.694
-75.651
-75.666
-75.706
-75.67
-75.553
-75.688
-75.623
-75.593
-75.717
-75.644
-75.639
-75.708
-75.688
-75.635
-75.694
-75.687
-75.812
-75.805
-75.843
-75.91
-75.877
-75.769
-75.817
-75.79
-75.889
-75.798
-75.883
-75.993
-75.884
-75.869
-75.831
-75.81
-75.85
-75.775
-75.757
-75.702
-75.649
-75.668
-75.699
-75.686
-75.724
-75.677
-75.709
-75.677
-75.628
-75.581
-75.603
-75.679
-75.64
-75.517
-75.429
-75.482
-75.404
-75.383
-75.389
-75.317
-75.344
-75.347
-75.26
-75.156
-75.161
-75.143
-75.136
-75.044
-75.071
-75.063
-75.044
-75.005
-74.972
-74.863
-74.834
-74.773
-74.715
-74.632
-74.549
-74.548
-74.466
-74.337
-74.301
-74.224
-74.189
-74.143
-74.063
-74.043
-73.93
-73.888
-73.804
-73.656
-73.542
-73.509
-73.516
-73.43
-73.434
-73.346
-73.214
-73.142
-73.086
-73.087
-72.966
-72.898
-72.862
-72.794
-72.774
-72.675
-72.518
-72.453
-72.445
-72.292
-72.237
-72.181
-72.063
-71.935
-71.877
-71.793
-71.597
-71.466
-71.437
-71.369
-71.255
-71.148
-70.986
-70.843
-70.852
-70.815
-70.778
-70.695
-70.683
-70.641
-70.562
-70.437
-70.415
-70.251
-70.237
-70.183
-70.083
-69.958
-69.805
-69.738
-69.568
-69.466
-69.329
-69.278
-69.278
-69.223
-69.178
-69.074
-69.04
-68.89
-68.783
-68.759
-68.801
-68.723
-68.567
-68.389
-68.303
-68.256
-68.202
-68.1
-67.993
-68.048
-67.977
-67.823
-67.776
-67.734
-67.626
-67.525
-67.489
-67.434
-67.328
-67.183
-67.139
-67.236
-67.203
-67.178
-67.065
-67.004
-66.948
-66.9
-66.826
-66.764
-66.584
-66.541
-66.427
-66.419
-66.364
-66.325
-66.21
-66.107
-66.024
-66.001
-65.953
-65.878
-65.8
-65.817
-65.685
-65.538
-65.483
-65.334
-65.245
-65.259
-65.247
-65.206
-65.161
-65.144
-65.113
-64.978
-64.766
-64.744
-64.655
-64.636
-64.676
-64.562
-64.485
-64.468
-64.416
-64.43
-64.389
-64.393
-64.401
-64.279
-64.228
-64.192
-64.194
-64.079
-64.001
-63.892
-63.795
-63.734
-63.669
-63.63
-63.578
-63.682
-63.579
-63.581
-63.59
-63.454
-63.448
-63.418
-63.413
-63.391
-63.378
-63.257
-63.321
-63.275
-63.242
-63.321
-63.222
-63.16
-63.234
-63.197
-63.189
-63.203
-63.08
-63.049
-63.057
-63.047
-62.988
-62.93
-62.818
-62.758
-62.693
-62.757
-62.761
-62.769
-62.854
-62.8
-62.785
-62.691
-62.669
-62.609
-62.642
-62.586
-62.44
-62.433
-62.421
-62.383
-62.385
-62.361
-62.361
-62.307
-62.294
-62.176
-62.138
-62.103
-62.123
-62.067
-62.028
-61.928
-61.918
-61.817
-61.791
-61.794
-61.714
-61.66
-61.766
-61.79
-61.83
-61.798
-61.791
-61.766
-61.79
-61.728
-61.686
-61.629
-61.628
-61.612
-61.653
-61.595
-61.541
-61.496
-61.405
-61.385
-61.38
-61.358
-61.347
-61.275
-61.179
-61.21
-61.29
-61.22
-61.115
-61.115
-61.138
-61.043
-60.993
-60.963
-60.996
-60.976
-60.976
-60.913
-60.844
-60.806
-60.779
-60.694
-60.657
-60.585
-60.564
-60.495
-60.474
-60.506
-60.53
-60.543
-60.589
-60.59
-60.581
-60.536
-60.526
-60.53
-60.506
-60.451
-60.412
-60.383
-60.419
-60.407
-60.444
-60.463
-60.437
-60.387
-60.31
-60.456
-60.43
-60.487
-60.509
-60.508
-60.589
-60.54
-60.633
-60.626
-60.626
-60.638
-60.613
-60.549
-60.602
-60.513
-60.519
-60.496
-60.47
-60.389
-60.437
-60.47
-60.476
-60.391
-60.472
-60.515
-60.479
-60.523
-60.57
-60.516
-60.534
-60.596
-60.524
-60.538
-60.526
-60.541
-60.498
-60.503
-60.391
-60.422
-60.406
-60.328
-60.213
-60.233
-60.141
-60.136
-60.264
-60.28
-60.183
-60.199
-60.237
-60.184
-60.221
-60.262
-60.211
-60.244
-60.285
-60.388
-60.291
-60.22
-60.229
-60.187
-60.177
-60.219
-60.252
-60.246
-60.282
-60.259
-60.315
-60.343
-60.289
-60.235
-60.17
-60.226
-60.103
-59.969
-59.948
-59.904
-59.902
-59.894
-59.919
-59.798
-59.875
-59.908
-59.873
-59.878
-59.897
-59.928
-59.986
-60.071
-60.117
-60.175
-60.108
-60.133
-60.155
-60.155
-60.104
-60.074
-60.067
-60.036
-59.957
-59.89
-59.861
-59.813
-59.833
-59.782
-59.747
-59.795
-59.797
-59.876
-59.887
-59.891
-59.93
-59.904
-59.996
-59.946
-59.952
-60.01
-59.963
-59.851
-59.904
-59.836
-59.773
-59.693
-59.708
-59.643
-59.656
-59.708
-59.707
-59.704
-59.709
-59.689
-59.702
-59.604
-59.568
-59.499
-59.454
-59.447
-59.518
-59.438
-59.501
-59.462
-59.48
-59.48
-59.466
-59.353
-59.387
-59.345
-59.312
-59.398
-59.273
-59.246
-59.2
-59.238
-59.166
-59.109
-59.15
-59.138
-59.175
-59.105
-59.114
-59.21
-59.195
-59.122
-59.057
-59.003
-58.99
-59.041
-58.969
-58.957
-58.926
-58.95
-58.966
-59.048
-59.055
-59.124
-59.103
-59.023
-59.038
-59.001
-59.07
-59.07
-59.118
-59.127
-59.106
-59.084
-59.077
-59.092
-59.069
-59.02
-59.035
-58.978
-59.022
-59.087
-59.058
-59.094
-59.051
-59.07
-59.109
-59.084
-59.14
-59.075
-59.114
-59.116
-59.148
-59.043
-59.093
-59.151
-59.125
-59.096
-59.105
-58.999
-59
-58.97
-58.964
-59.014
-59.042
-59.122
-59.008
-59.018
-59.019
-58.912
-58.857
-58.873
-58.845
-58.85
-58.81
-58.825
-58.76
-58.705
-58.748
-58.732
-58.726
-58.731
-58.738
-58.749
-58.752
-58.794
-58.767
-58.751
-58.771
-58.733
-58.676
-58.597
-58.608
-58.632
-58.603
-58.616
-58.657
-58.648
-58.617
-58.471
-58.541
-58.582
-58.588
-58.631
-58.579
-58.635
-58.661
-58.563
-58.52
-58.597
-58.573
-58.607
-58.556
-58.522
-58.6
-58.601
-58.545
-58.521
-58.555
-58.568
-58.552
-58.582
-58.603
-58.64
-58.575
-58.591
-58.551
-58.486
-58.498
-58.567
-58.558
-58.516
-58.603
-58.562
-58.477
-58.414
-58.328
-58.265
-58.17
-58.174
-58.105
-58.051
-57.981
-58.037
-58.084
-58.143
-57.981
-57.903
-57.788
-57.682
-57.739
-57.64
-57.664
-57.741
-57.833
-57.945
-57.949
-57.972
-57.955
-57.998
-58.016
-57.944
-57.996
-57.993
-57.977
-57.966
-57.942
-57.88
-57.944
-57.913
-57.928
-57.902
-57.949
-58.054
-58.074
-58.105
-58.23
-58.211
-58.206
-58.313
-58.303
-58.313
-58.198
-58.119
-58.056
-58.084
-58.049
-58.058
-58.018
-57.95
-57.92
-57.972
-58.024
-58.047
-58.118
-58.163
-58.159
-58.157
-58.107
-58.117
-58.157
-58.112
-58.129
-58.139
-58.104
-58.18
-58.176
-58.186
-58.219
-58.161
-58.085
-58.114
-58.099
-57.942
-57.963
-57.981
-58.109
-58.125
-58.124
-58.105
-58.114
-58.073
-58.134
-58.198
-58.216
-58.194
-58.174
-58.195
-58.24
-58.262
-58.227
-58.183
-58.135
-58.097
-58.125
-58.077
-58.012
-57.947
-58.002
-57.956
-57.882
-57.874
-57.817
-57.767
-57.856
-57.823
-57.797
-57.822
-57.882
-57.871
-57.853
-57.922
-57.863
-57.832
-57.815
-57.88
-57.854
-57.863
-57.838
-57.804
-57.812
-57.772
-57.705
-57.788
-57.787
-57.774
-57.823
-57.787
-57.78
-57.757
-57.787
-57.744
-57.877
-57.945
-57.937
-57.967
-57.95
-57.997
-57.994
-58.051
-58.01
-57.986
-58.033
-58.009
-58.024
-58.028
-58.085
-58.1
-58.177
-58.243
-58.258
-58.297
-58.327
-58.355
-58.336
-58.271
-58.244
-58.145
-58.15
-58.176
-58.248
-58.28
-58.255
-58.188
-58.14
-58.18
-58.19
-58.207
-58.226
-58.221
-58.209
-58.238
-58.215
-58.211
-58.144
-58.064
-58.083
-58.11
-58.091
-57.942
-58
-58.048
-58.001
-58.043
-58.109
-58.163
-58.159
-58.157
-58.016
-58.047
-57.994
-58.02
-58.081
-58.133
-58.165
-58.183
-58.3
-58.325
-58.328
-58.297
-58.272
-58.304
-58.286
-58.227
-58.236
-58.205
-58.156
-58.257
-58.229
-58.268
-58.251
-58.261
-58.314
-58.336
-58.35
-58.305
-58.329
-58.301
-58.372
-58.362
-58.301
-58.419
-58.413
-58.389
-58.439
-58.41
-58.453
-58.52
-58.476
-58.394
-58.393
-58.349
-58.357
-58.255
-58.322
-58.215
-58.178
-58.178
-58.227
-58.251
-58.352
-58.25
-58.121
-58.103
-58.156
-58.214
-58.211
-58.202
-58.25
-58.239
-58.21
-58.222
-58.259
-58.218
-58.36
-58.378
-58.386
-58.405
-58.354
-58.394
-58.4
-58.333
-58.48
-58.478
-58.537
-58.607
-58.593
-58.605
-58.594
-58.586
-58.581
-58.555
-58.455
-58.499
-58.565
-58.559
-58.549
-58.675
-58.576
-58.57
-58.575
-58.645
-58.712
-58.736
-58.801
-58.834
-58.842
-58.848
-58.848
-58.876
-58.868
-58.852
-58.838
-58.846
-58.857
-58.821
-58.954
-58.977
-59.123
-59.167
-59.21
-59.152
-59.134
-59.085
-59.135
-59.119
-59.066
-59.006
-59.021
-59.092
-58.999
-59.034
-59.067
-59.079
-59.022
-58.986
-58.985
-59.034
-59.05
-58.911
-58.881
-58.896
-58.893
-58.971
-58.971
-58.954
-59.06
-59.156
-59.178
-59.14
-59.196
-59.195
-59.145
-59.159
-59.172
-59.145
-59.186
-59.161
-59.206
-59.146
-59.059
-59.12
-59.088
-59.149
-59.122
-59.136
-59.179
-59.079
-59.177
-59.151
-59.158
-59.183
-59.058
-59.028
-59.021
-59.084
-59.13
-59.164
-59.125
-59.141
-59.148
-59.194
-59.205
-59.178
-59.168
-59.136
-59.144
-59.119
-59.125
-59.073
-59.071
-59.139
-59.153
-59.063
-59.111
-59.07
-59.159
-59.073
-59.052
-59.029
-58.954
-59.018
-59.113
-59.075
-59.077
-59.118
-59.103
-59.016
-58.975
-58.944
-58.933
-58.83
-58.861
-58.919
-58.963
-58.939
-58.894
-58.957
-59.032
-59.053
-59.038
-59.106
-59.019
-59.014
-59.056
-58.92
-58.856
-58.795
-58.702
-58.702
-58.752
-58.761
-58.74
-58.778
-58.742
-58.737
-58.81
-58.75
-58.776
-58.811
-58.811
-58.771
-58.816
-58.82
-58.827
-58.822
-58.855
-58.946
-58.994
-59.013
-58.958
-58.97
-58.995
-59.032
-59.003
-58.997
-59.014
-59.056
-59.157
-59.211
-59.156
-59.174
-59.203
-59.264
-59.295
-59.305
-59.295
-59.352
-59.338
-59.331
-59.39
-59.438
-59.488
-59.48
-59.499
-59.508
-59.591
-59.647
-59.693
-59.657
-59.69
-59.621
-59.622
-59.602
-59.545
-59.491
-59.541
-59.547
-59.59
-59.576
-59.497
-59.621
-59.736
-59.714
-59.721
-59.698
-59.659
-59.672
-59.694
-59.619
-59.672
-59.682
-59.701
-59.78
-59.798
-59.749
-59.763
-59.761
-59.78
-59.784
-59.835
-59.831
-59.842
-59.847
-59.819
-59.843
-59.904
-59.809
-59.783
-59.838
-59.81
-59.861
-59.875
-59.971
-59.988
-60.055
-60.04
-60.032
-60
-59.996
-60.062
-59.993
-59.993
-60.017
-60.01
-60.061
-60.089
-60.134
-60.179
-60.18
-60.214
-60.296
-60.334
-60.245
-60.267
-60.336
-60.281
-60.205
-60.255
-60.317
-60.311
-60.319
-60.321
-60.267
-60.248
-60.178
-60.223
-60.187
-60.156
-60.113
-60.067
-60.043
-60.101
-60.071
-60.023
-59.998
-60.053
-60.076
-60.081
-60.065
-60.075
-59.983
-59.962
-59.911
-59.991
-59.919
-59.908
-59.944
-59.942
-59.948
-59.943
-59.925
-59.924
-59.904
-59.888
-59.868
-59.793
-59.801
-59.814
-59.876
-59.77
-59.742
-59.759
-59.775
-59.675
-59.648
-59.764
-59.766
-59.739
-59.737
-59.912
-59.873
-59.865
-59.911
-59.898
-59.955
-59.975
-60.035
-60.051
-60.057
-60.078
-60.068
-60.024
-59.938
-59.956
-59.954
-59.992
-60.05
-59.993
-59.977
-59.891
-59.896
-59.985
-59.958
-60.035
-60.035
-60.056
-59.971
-59.998
-60.014
-60.089
-60.101
-60.065
-60.102
-60.112
-60.049
-60.041
-60.076
-60.083
-60.198
-60.24
-60.22
-60.318
-60.276
-60.322
-60.372
-60.255
-60.223
-60.26
-60.312
-60.296
-60.428
-60.494
-60.484
-60.543
-60.533
-60.558
-60.547
-60.516
-60.513
-60.521
-60.449
-60.457
-60.531
-60.5
-60.474
-60.447
-60.412
-60.542
-60.534
-60.495
-60.526
-60.474
-60.49
-60.541
-60.434
-60.334
-60.289
-60.221
-60.273
-60.25
-60.227
-60.198
-60.082
-60.054
-60.037
-60.056
-60.043
-59.984
-59.904
-59.9
-59.842
-59.799
-59.702
-59.616
-59.633
-59.615
-59.618
-59.52
-59.542
-59.513
-59.575
-59.483
-59.367
-59.39
-59.295
-59.237
-59.158
-59.106
-59.101
-58.996
-58.854
-58.799
-58.816
-58.751
-58.711
-58.682
-58.663
-58.59
-58.516
-58.407
-58.287
-58.291
-58.143
-58.068
-58.075
-58.067
-57.961
-57.939
-57.899
-57.84
-57.697
-57.644
-57.594
-57.557
-57.434
-57.433
-57.361
-57.304
-57.241
-57.183
-57.114
-57.175
-57.128
-57.067
-56.945
-56.941
-56.948
-56.87
-56.802
-56.694
-56.594
-56.498
-56.559
-56.485
-56.409
-56.421
-56.37
-56.377
-56.21
-56.125
-56.08
-55.962
-55.996
-55.988
-55.973
-55.938
-55.997
-55.876
-55.868
-55.913
-55.818
-55.795
-55.738
-55.703
-55.581
-55.493
-55.454
-55.484
-55.464
-55.47
-55.405
-55.384
-55.371
-55.386
-55.356
-55.322
-55.275
-55.278
-55.307
-55.169
-55.134
-55.167
-55.249
-55.133
-55.032
-55.021
-54.921
-54.856
-54.8
-54.727
-54.683
-54.688
-54.652
-54.659
-54.576
-54.555
-54.512
-54.512
-54.444
-54.382
-54.388
-54.315
-54.233
-54.15
-54.042
-53.914
-53.881
-53.846
-53.797
-53.613
-53.505
-53.524
-53.475
-53.451
-53.481
-53.459
-53.313
-53.232
-53.142
-53.022
-52.955
-52.982
-52.951
-52.94
-52.942
-52.921
-52.835
-52.732
-52.702
-52.707
-52.656
-52.551
-52.423
-52.398
-52.325
-52.232
-52.224
-52.222
-52.161
-52.163
-52.08
-51.987
-51.939
-51.916
-51.863
-51.827
-51.748
-51.705
-51.636
-51.615
-51.619
-51.581
-51.531
-51.526
-51.512
-51.529
-51.498
-51.562
-51.535
-51.545
-51.504
-51.505
-51.447
-51.413
-51.454
-51.461
-51.401
-51.253
-51.164
-51.122
-50.984
-51.02
-51.031
-51.037
-51.021
-51.025
-51.007
-50.918
-50.869
-50.835
-50.85
-50.844
-50.845
-50.837
-50.745
-50.797
-50.762
-50.695
-50.619
-50.644
-50.552
-50.504
-50.488
-50.546
-50.547
-50.564
-50.573
-50.545
-50.524
-50.55
-50.475
-50.481
-50.433
-50.399
-50.301
-50.237
-50.247
-50.302
-50.352
-50.428
-50.427
-50.382
-50.308
-50.232
-50.244
-50.16
-50.072
-50.05
-49.981
-50.034
-50.026
-49.978
-49.876
-49.887
-49.808
-49.791
-49.736
-49.665
-49.665
-49.632
-49.62
-49.595
-49.519
-49.503
-49.505
-49.467
-49.471
-49.366
-49.337
-49.241
-49.192
-49.154
-49.063
-49.134
-49.115
-49.071
-49.135
-49.069
-49.061
-49.117
-49.068
-48.876
-49.02
-48.997
-48.894
-48.899
-48.811
-48.884
-48.812
-48.733
-48.693
-48.621
-48.502
-48.416
-48.427
-48.373
-48.33
-48.248
-48.228
-48.177
-48.066
-47.924
-47.956
-47.851
-47.814
-47.751
-47.769
-47.708
-47.648
-47.542
-47.463
-47.545
-47.471
-47.482
-47.378
-47.373
-47.393
-47.305
-47.179
-47.102
-46.98
-46.916
-46.961
-46.968
-46.962
-46.91
-46.804
-46.697
-46.621
-46.577
-46.459
-46.43
-46.299
-46.137
-46.061
-45.899
-45.787
-45.708
-45.56
-45.397
-45.181
-45.123
-45
-45
-45
-45
-45
-45
-45
-45
-45
-45
-45
-45
-45
-45
-45
-45
-45
-45
-45
-45
-45
-45
-45
-45
-45
-45
-45
-45
-45
-45
-45
-45
-45
-45
-45
-45
-45
-45
-45
-45
-45
-45
-45
-45
-45
-45
-45
-45
-45
-45
-45
-45
-45
-45
-45
-45
-45
-45
-45
-45
-45
-45
-45
-45
-45
-45
-45
-45
-45
-45
-45
-45
-45
-45
-45
-45
-45
-45
-45
-45
-45
-45
-45
-45
-45
-45
-45
-45
-45
-45
-45
-45
-45
-45
-45
-45
-45
-45
-45
-45
-45
-45
-45
-45
-45
-45
-45
-45
-45
-45
-45
-45
-45
-45
-45
-45
-45
-45
-45
-45
-45
-45
-45
-45
-45
-45
-45
-45
-45
-45
-45
-45
-45
-45
-45
-45
-45
-45
-45
-45
-45
-45
-45
-45
-45
-45
-45
-45
-45
-45
-45
-45
-45
-45
-45
-45
-45
-45
-45
-45
-45
-45
-45
-45
-45
-45
-45
-45
-45
-45
-45
-45
-45
-45
-45
-45
-45
-45
-45
-45
-45
-45
-45
-45
-45
-45
-45
-45
-45
-45
-45.392
-45.716
-46.195
-46.631
-47.002
-47.471
-47.779
-48.146
-48.591
-49.061
-49.396
-49.818
-50.166
-50.536
-50.884
-51.228
-51.499
-51.854
-52.161
-52.489
-52.856
-53.181
-53.464
-53.757
-54.012
-54.198
-54.464
-54.79
-54.91
-55.127
-55.276
-55.469
-55.623
-55.854
-56.031
-56.141
-56.337
-56.486
-56.616
-56.82
-57
-57.165
-57.327
-57.367
-57.397
-57.481
-57.601
-57.749
-57.717
-57.857
-58.013
-58.117
-58.107
-58.172
-58.194
-58.247
-58.393
-58.428
-58.454
-58.481
-58.49
-58.527
-58.507
-58.551
-58.614
-58.709
-58.713
-58.747
-58.785
-58.838
-58.913
-59.028
-58.955
-58.887
-58.854
-58.921
-58.975
-58.997
-59.038
-59.048
-59.037
-59.07
-59.084
-59.121
-59.006
-58.934
-58.897
-58.869
-58.827
-58.798
-58.724
-58.668
-58.683
-58.624
-58.646
-58.622
-58.603
-58.602
-58.659
-58.617
-58.643
-58.665
-58.645
-58.634
-58.62
-58.651
-58.624
-58.605
-58.546
-58.459
-58.504
-58.442
-58.396
-58.392
-58.229
-58.314
-58.288
-58.397
-58.404
-58.453
-58.363
-58.363
-58.339
-58.347
-58.351
-58.356
-58.399
-58.345
-58.347
-58.331
-58.265
-58.284
-58.207
-58.085
-58.108
-58.15
-58.138
-58.099
-57.977
-57.97
-57.972
-57.942
-57.833
-57.839
-57.832
-57.754
-57.808
-57.773
-57.716
-57.685
-57.6
-57.555
-57.518
-57.5
-57.572
-57.538
-57.557
-57.488
-57.429
-57.483
-57.542
-57.531
-57.522
-57.502
-57.423
-57.455
-57.468
-57.401
-57.445
-57.396
-57.274
-57.294
-57.281
-57.263
-57.196
-57.235
-57.122
-57.088
-57.019
-57.047
-57.067
-57.086
-57.078
-57.003
-57.026
-57.039
-57.104
-57.081
-57.107
-57.132
-57.132
-57.12
-57.099
-57.021
-57.04
-56.968
-56.929
-56.826
-56.775
-56.804
-56.739
-56.766
-56.769
-56.711
-56.602
-56.673
-56.659
-56.782
-56.738
-56.582
-56.607
-56.515
-56.531
-56.531
-56.473
-56.38
-56.358
-56.302
-56.211
-56.191
-56.132
-56.125
-56.047
-56.004
-56.021
-56.027
-55.951
-55.885
-55.889
-55.867
-55.822
-55.75
-55.73
-55.737
-55.698
-55.779
-55.862
-55.79
-55.747
-55.593
-55.609
-55.606
-55.484
-55.457
-55.494
-55.434
-55.489
-55.464
-55.454
-55.459
-55.398
-55.373
-55.372
-55.426
-55.476
-55.481
-55.506
-55.597
-55.622
-55.594
-55.659
-55.609
-55.554
-55.495
-55.494
-55.44
-55.4
-55.228
-55.214
-55.212
-55.217
-55.202
-55.242
-55.191
-55.197
-55.136
-55.114
-55.04
-54.981
-55.012
-54.947
-54.901
-54.887
-54.797
-54.784
-54.839
-54.885
-54.876
-54.905
-54.934
-54.95
-54.937
-54.913
-54.915
-55.014
-55.027
-55.066
-55.017
-54.913
-54.947
-54.883
-54.797
-54.727
-54.673
-54.61
-54.633
-54.581
-54.521
-54.511
-54.471
-54.415
-54.45
-54.486
-54.388
-54.375
-54.344
-54.308
-54.345
-54.255
-54.295
-54.333
-54.313
-54.293
-54.238
-54.218
-54.104
-54.112
-54.032
-54.035
-54.114
-54.042
-54.024
-54.061
-53.976
-54.009
-54.058
-54.049
-54.113
-54.137
-54.143
-54.141
-54.073
-54.139
-54.15
-54.141
-54.153
-54.21
-54.156
-54.17
-54.232
-54.22
-54.152
-54.118
-54.072
-54.053
-54.004
-54.039
-53.977
-53.925
-53.895
-53.914
-53.962
-53.937
-53.923
-53.988
-53.981
-54.026
-53.991
-54.09
-54.104
-54.078
-54.007
-53.985
-53.92
-53.906
-53.923
-53.915
-53.897
-53.988
-53.934
-53.958
-53.916
-53.826
-53.848
-53.888
-53.887
-53.911
-53.857
-53.925
-53.863
-53.896
-53.859
-53.836
-53.825
-53.872
-53.781
-53.678
-53.563
-53.518
-53.521
-53.52
-53.534
-53.51
-53.428
-53.406
-53.393
-53.374
-53.355
-53.366
-53.36
-53.453
-53.407
-53.427
-53.428
-53.456
-53.558
-53.51
-53.375
-53.427
-53.389
-53.411
-53.389
-53.3
-53.273
-53.268
-53.156
-53.175
-53.294
-53.388
-53.363
-53.372
-53.295
-53.299
-53.297
-53.311
-53.295
-53.306
-53.298
-53.28
-53.387
-53.371
-53.365
-53.4
-53.497
-53.62
-53.751
-53.773
-53.742
-53.735
-53.781
-53.82
-53.743
-53.77
-53.708
-53.654
-53.582
-53.516
-53.452
-53.477
-53.352
-53.374
-53.385
-53.413
-53.43
-53.304
-53.244
-53.255
-53.211
-53.16
-53.224
-53.31
-53.352
-53.38
-53.36
-53.272
-53.267
-53.239
-53.193
-53.174
-53.251
-53.273
-53.306
-53.322
-53.298
-53.335
-53.367
-53.407
-53.354
-53.483
-53.423
-53.47
-53.396
-53.409
-53.341
-53.33
-53.349
-53.322
-53.283
-53.239
-53.278
-53.299
-53.264
-53.201
-53.251
-53.227
-53.175
-53.183
-53.128
-53.119
-53.135
-53.083
-53.076
-53.044
-53.036
-53.077
-52.997
-52.892
-52.786
-52.776
-52.864
-52.851
-52.81
-52.796
-52.819
-52.828
-52.748
-52.737
-52.815
-52.811
-52.813
-52.752
-52.778
-52.767
-52.691
-52.762
-52.781
-52.72
-52.744
-52.685
-52.738
-52.816
-52.73
-52.719
-52.713
-52.791
-52.905
-53.023
-53.019
-53.013
-53.02
-53.051
-53.085
-53.105
-53.149
-53.174
-53.263
-53.317
-53.394
-53.398
-53.396
-53.387
-53.374
-53.358
-53.357
-53.313
-53.254
-53.359
-53.33
-53.36
-53.339
-53.351
-53.299
-53.376
-53.479
-53.439
-53.464
-53.345
-53.342
-53.353
-53.372
-53.409
-53.288
-53.402
-53.448
-53.388
-53.511
-53.499
-53.512
-53.54
-53.464
-53.446
-53.441
-53.518
-53.551
-53.566
-53.653
-53.733
-53.715
-53.763
-53.717
-53.682
-53.721
-53.793
-53.784
-53.817
-53.832
-53.803
-53.766
-53.784
-53.748
-53.817
-53.797
-53.732
-53.711
-53.763
-53.718
-53.72
-53.708
-53.621
-53.54
-53.518
-53.405
-53.232
-53.231
-53.161
-53.156
-53.196
-53.268
-53.234
-53.238
-53.243
-53.226
-53.293
-53.282
-53.291
-53.323
-53.354
-53.364
-53.414
-53.43
-53.414
-53.486
-53.565
-53.558
-53.536
-53.618
-53.583
-53.642
-53.668
-53.688
-53.688
-53.675
-53.637
-53.727
-53.779
-53.651
-53.683
-53.688
-53.694
-53.666
-53.598
-53.642
-53.629
-53.575
-53.616
-53.633
-53.588
-53.609
-53.609
-53.644
-53.575
-53.568
-53.543
-53.595
-53.566
-53.582
-53.599
-53.581
-53.559
-53.54
-53.561
-53.617
-53.659
-53.619
-53.628
-53.69
-53.775
-53.714
-53.756
-53.65
-53.69
-53.691
-53.71
-53.696
-53.686
-53.713
-53.704
-53.783
-53.818
-53.801
-53.821
-53.775
-53.84
-53.844
-53.858
-53.863
-53.814
-53.68
-53.733
-53.765
-53.76
-53.85
-53.903
-54.011
-54.058
-54.088
-54.089
-53.98
-53.969
-54.064
-54.031
-54.127
-54.092
-54.095
-54.167
-54.231
-54.204
-54.093
-54.063
-54.145
-54.144
-54.175
-54.139
-54.133
-54.15
-54.165
-54.187
-54.216
-54.234
-54.208
-54.099
-54.075
-54.191
-54.285
-54.232
-54.304
-54.314
-54.329
-54.341
-54.416
-54.327
-54.373
-54.335
-54.38
-54.334
-54.344
-54.347
-54.291
-54.337
-54.232
-54.302
-54.338
-54.34
-54.375
-54.327
-54.283
-54.244
-54.215
-54.302
-54.427
-54.399
-54.367
-54.368
-54.372
-54.353
-54.393
-54.368
-54.325
-54.355
-54.332
-54.435
-54.463
-54.428
-54.369
-54.402
-54.413
-54.377
-54.35
-54.364
-54.396
-54.467
-54.463
-54.432
-54.477
-54.464
-54.529
-54.565
-54.704
-54.756
-54.858
-54.899
-54.899
-54.941
-55.018
-55.058
-55.016
-55.009
-54.986
-55.015
-54.997
-55.043
-55.035
-55.057
-55.033
-55.065
-55.057
-55.034
-55.07
-55.021
-55.022
-55.023
-55.103
-55.169
-55.231
-55.255
-55.195
-55.233
-55.22
-55.302
-55.307
-55.322
-55.249
-55.286
-55.321
-55.25
-55.163
-55.138
-55.112
-55.116
-55.106
-55.042
-55.06
-55.075
-55.027
-55.03
-55.023
-55.016
-55.079
-55.111
-55.115
-55.227
-55.255
-55.275
-55.183
-55.226
-55.139
-55.128
-55.206
-55.079
-55.025
-55.03
-55.027
-55.016
-55.066
-55.11
-55.093
-55.103
-55.088
-55.025
-55.033
-55.094
-55.023
-55.063
-55.059
-55.011
-55.017
-54.965
-54.96
-54.928
-54.914
-54.912
-54.787
-54.742
-54.68
-54.727
-54.671
-54.717
-54.689
-54.741
-54.761
-54.732
-54.804
-54.728
-54.821
-54.879
-54.827
-54.784
-54.837
-54.807
-54.789
-54.893
-54.859
-54.926
-54.98
-55.003
-55.039
-55.074
-55.101
-55.213
-55.166
-55.137
-55.18
-55.171
-55.081
-55.112
-55.174
-55.143
-55.107
-55.134
-55.187
-55.115
-55.153
-55.14
-55.182
-55.246
-55.182
-55.071
-55.168
-55.138
-55.201
-55.151
-55.169
-55.202
-55.208
-55.218
-55.247
-55.277
-55.212
-55.2
-55.17
-55.243
-55.292
-55.279
-55.247
-55.36
-55.303
-55.279
-55.234
-55.231
-55.22
-55.347
-55.265
-55.333
-55.309
-55.252
-55.255
-55.318
-55.281
-55.325
-55.37
-55.316
-55.322
-55.351
-55.355
-55.459
-55.4
-55.424
-55.441
-55.459
-55.501
-55.55
-55.578
-55.559
-55.629
-55.583
-55.507
-55.625
-55.598
-55.607
-55.609
-55.699
-55.731
-55.714
-55.628
-55.457
-55.446
-55.536
-55.579
-55.621
-55.629
-55.681
-55.614
-55.632
-55.687
-55.805
-55.746
-55.738
-55.787
-55.731
-55.658
-55.755
-55.772
-55.833
-55.913
-55.99
-55.954
-55.971
-56.019
-56.122
-56.195
-56.291
-56.251
-56.163
-56.127
-56.161
-56.137
-56.136
-56.117
-56.068
-56.014
-55.994
-55.966
-55.902
-55.924
-55.922
-55.957
-55.877
-55.893
-55.865
-55.89
-55.853
-55.864
-55.852
-55.826
-55.8
-55.795
-55.809
-55.793
-55.74
-55.768
-55.836
-55.837
-55.857
-55.812
-55.801
-55.829
-55.814
-55.738
-55.801
-55.736
-55.721
-55.718
-55.798
-55.879
-55.869
-55.809
-55.856
-55.917
-55.977
-56.053
-55.966
-55.976
-55.939
-55.934
-55.928
-55.895
-55.882
-55.828
-55.838
-55.841
-55.809
-55.885
-56.021
-56.058
-56.013
-56.028
-55.985
-56.111
-56.123
-56.04
-56.044
-56.03
-55.954
-56.01
-56.047
-55.997
-56.045
-56.078
-56.252
-56.266
-56.266
-56.226
-56.191
-56.217
-56.293
-56.329
-56.322
-56.322
-56.312
-56.358
-56.366
-56.39
-56.43
-56.414
-56.41
-56.462
-56.435
-56.349
-56.372
-56.365
-56.325
-56.452
-56.609
-56.553
-56.556
-56.614
-56.662
-56.766
-56.765
-56.717
-56.766
-56.804
-56.799
-56.779
-56.799
-56.859
-56.848
-56.877
-56.899
-56.869
-56.877
-56.879
-56.891
-56.891
-56.775
-56.756
-56.816
-56.739
-56.758
-56.796
-56.921
-56.942
-56.916
-56.996
-57.013
-56.979
-56.894
-56.937
-56.969
-56.88
-56.815
-56.83
-56.731
-56.73
-56.752
-56.719
-56.689
-56.759
-56.764
-56.833
-56.796
-56.787
-56.769
-56.836
-56.885
-56.823
-56.835
-56.771
-56.744
-56.66
-56.657
-56.741
-56.764
-56.761
-56.723
-56.756
-56.765
-56.849
-56.773
-56.76
-56.79
-56.843
-56.768
-56.722
-56.748
-56.767
-56.816
-56.775
-56.863
-56.87
-56.881
-56.905
-56.898
-56.904
-56.916
-56.911
-56.901
-56.907
-57.003
-56.974
-57.032
-57.078
-57.053
-56.988
-57.078
-57.047
-57.063
-56.961
-57
-56.989
-56.973
-56.947
-56.926
-56.925
-56.982
-57.051
-57.067
-57.093
-57.058
-57.102
-57.22
-57.211
-57.21
-57.261
-57.22
-57.26
-57.259
-57.257
-57.313
-57.37
-57.439
-57.465
-57.436
-57.414
-57.454
-57.528
-57.532
-57.588
-57.554
-57.509
-57.582
-57.544
-57.545
-57.445
-57.491
-57.502
-57.561
-57.515
-57.551
-57.512
-57.525
-57.444
-57.391
-57.479
-57.447
-57.483
-57.459
-57.422
-57.36
-57.37
-57.379
-57.381
-57.358
-57.378
-57.38
-57.438
-57.494
-57.49
-57.546
-57.571
-57.547
-57.578
-57.514
-57.439
-57.431
-57.484
-57.454
-57.487
-57.327
-57.275
-57.253
-57.26
-57.234
-57.286
-57.347
-57.352
-57.344
-57.384
-57.329
-57.384
-57.361
-57.295
-57.321
-57.333
-57.278
-57.244
-57.248
-57.314
-57.277
-57.334
-57.319
-57.308
-57.306
-57.267
-57.289
-57.246
-57.301
-57.361
-57.358
-57.346
-57.29
-57.312
-57.274
-57.251
-57.172
-57.151
-57.226
-57.215
-57.213
-57.125
-57.106
-57.067
-57.069
-57.03
-56.975
-56.959
-56.959
-56.935
-57.001
-57.142
-57.12
-57.104
-57.127
-57.151
-57.09
-57.06
-57.085
-57.061
-57.059
-57.075
-57.079
-57.035
-56.891
-56.812
-56.71
-56.665
-56.604
-56.658
-56.517
-56.585
-56.584
-56.597
-56.506
-56.431
-56.344
-56.165
-56.169
-56.11
-56.051
-55.959
-55.94
-55.832
-55.803
-55.798
-55.666
-55.659
-55.585
-55.508
-55.501
-55.442
-55.37
-55.369
-55.345
-55.306
-55.237
-55.151
-55.121
-55.099
-54.982
-54.889
-54.89
-54.873
-54.77
-54.665
-54.527
-54.427
-54.342
-54.237
-54.237
-54.144
-54.204
-54.153
-54.026
-53.932
-53.871
-53.791
-53.688
-53.62
-53.628
-53.512
-53.47
-53.475
-53.592
-53.561
-53.593
-53.614
-53.577
-53.463
-53.352
-53.442
-53.305
-53.248
-53.185
-53.158
-53.106
-53.106
-53.12
-53.068
-52.979
-52.943
-52.905
-52.88
-52.778
-52.708
-52.633
-52.54
-52.44
-52.291
-52.243
-52.199
-52.135
-52.085
-52.06
-52.021
-52.014
-52.103
-51.981
-51.959
-51.915
-51.856
-51.783
-51.737
-51.658
-51.647
-51.519
-51.51
-51.433
-51.33
-51.2
-51.141
-51.078
-51.045
-50.98
-50.901
-50.862
-50.845
-50.726
-50.629
-50.604
-50.528
-50.474
-50.361
-50.313
-50.215
-50.111
-50.091
-50.159
-50.087
-50.04
-50.003
-50
-50.018
-49.998
-49.93
-49.807
-49.767
-49.737
-49.717
-49.631
-49.664
-49.527
-49.511
-49.509
-49.49
-49.411
-49.33
-49.314
-49.342
-49.326
-49.307
-49.236
-49.239
-49.108
-48.966
-49.02
-49.052
-49.05
-48.968
-48.895
-48.752
-48.696
-48.647
-48.563
-48.519
-48.504
-48.51
-48.522
-48.572
-48.483
-48.445
-48.448
-48.371
-48.312
-48.251
-48.229
-48.106
-48.018
-47.999
-47.96
-47.971
-47.893
-47.755
-47.677
-47.611
-47.498
-47.46
-47.366
-47.27
-47.214
-47.16
-47.019
-46.956
-46.906
-46.85
-46.78
-46.673
-46.613
-46.571
-46.425
-46.367
-46.334
-46.142
-46.022
-45.872
-45.766
-45.652
-45.571
-45.59
-45.435
-45.271
-45.191
-45.036
-45
-45
-45
-45
-45
-45
-45
-45
-45
-45
-45
-45
-45
-45
-45
-45
-45
-45
-45
-45
-45
-45
-45
-45
-45
-45
-45
-45
-45
-45
-45
-45
-45
-45
-45
-45
-45
-45
-45
-45
-45
-45
-45
-45
-45
-45
-45
-45
-45
-45
-45
-45
-45
-45
-45
-45
-45
-45
-45
-45
-45
-45
-45
-45
-45
-45
-45
-45
-45
-45
-45
-45
-45
-45
-45
-45
-45
-45
-45
-45
-45
-45
-45
-45
-45
-45
-45
-45
-45
-45
-45
-45
-45
-45
-45
-45
-45
-45
-45
-45
-45
-45
-45
-45
-45
-45
-45
-45
-45
-45
-45
-45
-45
-45
-45
-45
-45
-45
-45
-45
-45
-45
-45
-45
-45
-45
-45
-45
-45
-45
-45
-45
-45
-45
-45
-45
-45
-45
-45
-45
-45
-45
-45
-45
-45
-45
-45
-45
-45
-45
-45
-45
-45
-45
-45
-45
-45
-45
-45
-45
-45
-45
-45
-45
-45
-45
-45
-45
-45
-45
-45
-45
-45
-45
-45
-45
-45
-45
-45
-45
-45
-45
-45
-45
-45
-45
-45
-45.182
-45.746
-46.39
-46.862
-47.329
-47.817
-48.397
-48.826
-49.242
-49.742
-50.306
-50.81
-51.14
-51.547
-51.961
-52.388
-52.795
-53.203
-53.575
-53.921
-54.288
-54.67
-54.99
-55.307
-55.559
-55.857
-56.051
-56.307
-56.576
-56.878
-57.02
-57.273
-57.487
-57.689
-57.949
-58.254
-58.498
-58.665
-58.942
-59.161
-59.348
-59.58
-59.794
-59.926
-60.091
-60.297
-60.495
-60.597
-60.741
-60.858
-60.947
-61.017
-61.126
-61.193
-61.182
-61.303
-61.372
-61.552
-61.683
-61.828
-61.92
-62.028
-62.126
-62.176
-62.15
-62.202
-62.349
-62.442
-62.481
-62.567
-62.726
-62.729
-62.883
-63.035
-63.02
-63.023
-63.144
-63.167
-63.224
-63.273
-63.29
-63.26
-63.248
-63.301
-63.327
-63.361
-63.324
-63.261
-63.319
-63.411
-63.36
-63.418
-63.473
-63.499
-63.448
-63.515
-63.527
-63.538
-63.655
-63.668
-63.65
-63.732
-63.707
-63.675
-63.689
-63.698
-63.76
-63.946
-64.001
-64.107
-64.104
-64.295
-64.309
-64.397
-64.555
-64.562
-64.642
-64.641
-64.652
-64.686
-64.761
-64.731
-64.776
-64.724
-64.731
-64.752
-64.772
-64.757
-64.691
-64.655
-64.623
-64.663
-64.68
-64.751
-64.801
-64.837
-64.826
-64.809
-64.855
-64.917
-64.962
-65.051
-65.063
-65.04
-65.033
-65.033
-65.071
-64.972
-64.928
-64.923
-65.019
-64.937
-64.921
-64.881
-64.917
-64.822
-64.84
-64.826
-64.815
-64.85
-64.871
-64.866
-64.77
-64.776
-64.736
-64.774
-64.792
-64.829
-64.916
-64.912
-64.873
-64.89
-64.972
-65.003
-64.947
-64.974
-64.93
-64.946
-64.957
-64.924
-64.866
-64.947
-64.954
-64.98
-65.014
-64.969
-64.963
-64.986
-64.92
-64.87
-64.826
-64.823
-64.93
-64.942
-64.927
-64.886
-64.849
-64.947
-64.949
-64.94
-64.931
-64.84
-64.912
-64.924
-65.035
-64.973
-64.941
-65.089
-65.086
-65.081
-65.076
-65.105
-65.142
-65.133
-65.157
-65.225
-65.183
-65.154
-65.125
-65.219
-65.185
-65.179
-65.233
-65.229
-65.217
-65.279
-65.35
-65.34
-65.383
-65.386
-65.313
-65.389
-65.378
-65.382
-65.372
-65.297
-65.347
-65.406
-65.459
-65.478
-65.531
-65.455
-65.446
-65.451
-65.392
-65.39
-65.439
-65.388
-65.368
-65.262
-65.303
-65.235
-65.278
-65.249
-65.32
-65.353
-65.278
-65.34
-65.376
-65.41
-65.373
-65.46
-65.453
-65.47
-65.469
-65.526
-65.507
-65.53
-65.543
-65.469
-65.463
-65.447
-65.453
-65.447
-65.468
-65.537
-65.509
-65.44
-65.443
-65.512
-65.51
-65.567
-65.57
-65.5
-65.434
-65.448
-65.432
-65.428
-65.436
-65.365
-65.427
-65.382
-65.411
-65.403
-65.509
-65.516
-65.444
-65.534
-65.533
-65.502
-65.474
-65.521
-65.565
-65.59
-65.567
-65.603
-65.56
-65.527
-65.434
-65.446
-65.447
-65.514
-65.565
-65.458
-65.48
-65.443
-65.532
-65.512
-65.591
-65.553
-65.642
-65.591
-65.531
-65.55
-65.523
-65.557
-65.616
-65.616
-65.611
-65.639
-65.597
-65.645
-65.639
-65.636
-65.631
-65.585
-65.593
-65.585
-65.565
-65.643
-65.698
-65.698
-65.822
-65.885
-65.919
-65.916
-65.979
-65.96
-65.902
-65.956
-65.91
-65.947
-66.006
-66.028
-66.092
-66.124
-66.081
-66.046
-66.131
-66.161
-66.284
-66.338
-66.387
-66.331
-66.188
-66.148
-66.16
-66.186
-66.151
-66.139
-66.247
-66.266
-66.271
-66.277
-66.217
-66.162
-66.197
-66.123
-66.156
-66.214
-66.176
-66.114
-66.054
-66.069
-66.015
-66.009
-65.954
-65.972
-65.956
-65.997
-65.969
-65.89
-65.924
-65.975
-65.91
-65.906
-65.959
-66.065
-66.057
-66.112
-66.143
-66.125
-66.106
-66.1
-66.175
-66.197
-66.244
-66.238
-66.321
-66.352
-66.367
-66.457
-66.496
-66.454
-66.478
-66.456
-66.387
-66.363
-66.367
-66.358
-66.441
-66.4
-66.389
-66.438
-66.455
-66.494
-66.501
-66.533
-66.611
-66.687
-66.703
-66.645
-66.626
-66.638
-66.588
-66.62
-66.737
-66.709
-66.735
-66.769
-66.792
-66.857
-66.903
-66.996
-66.995
-67.018
-67.064
-67.101
-67.197
-67.236
-67.191
-67.151
-67.151
-67.156
-67.175
-67.12
-67.117
-67.092
-67.053
-67.11
-67.105
-67.126
-67.191
-67.166
-67.2
-67.223
-67.174
-67.229
-67.312
-67.39
-67.423
-67.414
-67.458
-67.482
-67.53
-67.53
-67.553
-67.539
-67.528
-67.476
-67.54
-67.51
-67.552
-67.435
-67.497
-67.417
-67.431
-67.369
-67.45
-67.504
-67.551
-67.521
-67.446
-67.431
-67.486
-67.424
-67.429
-67.361
-67.349
-67.422
-67.423
-67.488
-67.472
-67.443
-67.506
-67.529
-67.553
-67.552
-67.57
-67.639
-67.638
-67.677
-67.665
-67.665
-67.626
-67.683
-67.703
-67.76
-67.733
-67.715
-67.742
-67.669
-67.603
-67.691
-67.735
-67.698
-67.663
-67.611
-67.66
-67.68
-67.655
-67.71
-67.776
-67.738
-67.758
-67.817
-67.905
-67.931
-68.028
-68.078
-68.057
-68.02
-68.027
-68.004
-67.946
-67.817
-67.799
-67.777
-67.857
-67.889
-67.911
-67.944
-67.974
-68.025
-68.092
-68.194
-68.12
-68.213
-68.203
-68.175
-68.184
-68.273
-68.31
-68.325
-68.319
-68.313
-68.348
-68.317
-68.249
-68.243
-68.243
-68.181
-68.24
-68.252
-68.329
-68.338
-68.274
-68.205
-68.218
-68.277
-68.109
-68.166
-68.182
-68.26
-68.223
-68.273
-68.296
-68.361
-68.4
-68.464
-68.521
-68.527
-68.528
-68.535
-68.495
-68.537
-68.479
-68.511
-68.494
-68.505
-68.498
-68.511
-68.398
-68.343
-68.317
-68.375
-68.37
-68.302
-68.235
-68.294
-68.33
-68.295
-68.401
-68.424
-68.414
-68.356
-68.36
-68.268
-68.31
-68.332
-68.268
-68.288
-68.175
-68.174
-68.193
-68.166
-68.233
-68.191
-68.179
-68.18
-68.209
-68.21
-68.266
-68.276
-68.238
-68.272
-68.215
-68.259
-68.341
-68.36
-68.417
-68.37
-68.382
-68.38
-68.483
-68.583
-68.646
-68.585
-68.552
-68.521
-68.471
-68.501
-68.497
-68.586
-68.642
-68.744
-68.757
-68.784
-68.756
-68.792
-68.721
-68.717
-68.778
-68.763
-68.793
-68.778
-68.708
-68.826
-68.821
-68.788
-68.754
-68.72
-68.811
-68.772
-68.779
-68.787
-68.77
-68.725
-68.686
-68.738
-68.721
-68.715
-68.772
-68.729
-68.741
-68.796
-68.727
-68.738
-68.7
-68.722
-68.631
-68.695
-68.736
-68.709
-68.675
-68.767
-68.754
-68.794
-68.637
-68.735
-68.671
-68.607
-68.588
-68.612
-68.663
-68.754
-68.802
-68.731
-68.694
-68.751
-68.766
-68.748
-68.746
-68.818
-68.829
-68.924
-68.995
-68.993
-68.985
-69.035
-69.03
-69.127
-69.173
-69.094
-69.098
-69.023
-69.073
-69.081
-69.098
-69.12
-69.137
-69.17
-69.083
-69.226
-69.097
-69.033
-69.066
-69.064
-69.045
-69.107
-69.05
-69.067
-69.043
-69.021
-69.064
-69.072
-69.048
-69.032
-68.995
-69.041
-69.027
-69.06
-69.083
-69.099
-69.101
-69.068
-69.055
-68.929
-68.953
-69.023
-68.965
-68.922
-68.886
-68.82
-68.765
-68.823
-68.821
-68.823
-68.788
-68.813
-68.761
-68.786
-68.885
-68.893
-68.889
-68.869
-68.895
-68.907
-68.93
-68.904
-68.957
-68.935
-68.856
-68.863
-68.939
-68.911
-68.992
-69.006
-68.93
-68.947
-68.858
-68.901
-68.962
-68.993
-69.07
-69.022
-69.032
-69.085
-68.99
-68.94
-68.97
-68.95
-69.053
-68.984
-68.909
-68.864
-68.823
-68.864
-68.92
-68.98
-69.056
-69.062
-69.067
-69.097
-69.118
-69.043
-69.031
-69.023
-68.966
-69.012
-69.02
-69.127
-69.165
-69.17
-69.138
-69.107
-69.158
-69.199
-69.242
-69.258
-69.334
-69.379
-69.288
-69.291
-69.205
-69.168
-69.169
-69.191
-69.201
-69.247
-69.206
-69.151
-69.184
-69.2
-69.251
-69.291
-69.291
-69.363
-69.318
-69.261
-69.161
-69.171
-69.121
-69.155
-69.219
-69.208
-69.262
-69.22
-69.217
-69.229
-69.226
-69.22
-69.3
-69.404
-69.382
-69.342
-69.386
-69.475
-69.485
-69.475
-69.489
-69.517
-69.495
-69.48
-69.422
-69.443
-69.407
-69.547
-69.623
-69.664
-69.664
-69.576
-69.513
-69.461
-69.363
-69.327
-69.331
-69.318
-69.29
-69.314
-69.264
-69.174
-69.158
-69.058
-69.054
-68.99
-69.055
-69.198
-69.177
-69.241
-69.212
-69.178
-69.17
-69.118
-69.143
-69.187
-69.243
-69.118
-69.089
-69.113
-69.149
-69.168
-69.288
-69.222
-69.227
-69.238
-69.248
-69.208
-69.234
-69.246
-69.224
-69.198
-69.194
-69.185
-69.256
-69.19
-69.204
-69.193
-69.162
-69.22
-69.26
-69.178
-69.152
-69.237
-69.271
-69.265
-69.287
-69.205
-69.307
-69.291
-69.345
-69.339
-69.287
-69.288
-69.284
-69.289
-69.307
-69.286
-69.296
-69.309
-69.28
-69.353
-69.394
-69.364
-69.356
-69.368
-69.358
-69.36
-69.32
-69.282
-69.283
-69.22
-69.236
-69.321
-69.314
-69.429
-69.409
-69.425
-69.397
-69.405
-69.373
-69.338
-69.242
-69.19
-69.154
-69.081
-69.122
-69.09
-69.096
-69.123
-69.129
-69.208
-69.176
-69.194
-69.366
-69.289
-69.216
-69.156
-69.128
-69.133
-69.229
-69.292
-69.315
-69.31
-69.305
-69.462
-69.456
-69.479
-69.557
-69.648
-69.651
-69.691
-69.555
-69.547
-69.586
-69.59
-69.534
-69.566
-69.515
-69.56
-69.637
-69.786
-69.791
-69.744
-69.758
-69.674
-69.706
-69.712
-69.65
-69.66
-69.755
-69.785
-69.797
-69.84
-69.9
-69.865
-69.773
-69.723
-69.721
-69.721
-69.733
-69.705
-69.636
-69.601
-69.588
-69.556
-69.535
-69.557
-69.449
-69.374
-69.41
-69.457
-69.358
-69.388
-69.543
-69.529
-69.514
-69.478
-69.425
-69.424
-69.357
-69.332
-69.337
-69.392
-69.33
-69.228
-69.317
-69.292
-69.286
-69.346
-69.302
-69.274
-69.211
-69.28
-69.309
-69.315
-69.315
-69.292
-69.328
-69.33
-69.321
-69.405
-69.407
-69.419
-69.359
-69.325
-69.423
-69.484
-69.444
-69.375
-69.304
-69.319
-69.373
-69.251
-69.261
-69.277
-69.345
-69.384
-69.343
-69.391
-69.414
-69.411
-69.401
-69.401
-69.335
-69.387
-69.255
-69.2
-69.114
-69.153
-69.058
-69.052
-68.972
-69.028
-69.064
-69.118
-69.153
-69.167
-69.116
-69.084
-69.143
-69.146
-69.231
-69.202
-69.203
-69.131
-69.084
-69.157
-69.145
-69.154
-69.116
-69.14
-69.213
-69.223
-69.181
-69.144
-69.222
-69.205
-69.231
-69.185
-69.159
-69.165
-69.286
-69.238
-69.179
-69.204
-69.157
-69.083
-69.067
-69.104
-69.114
-69.092
-69.096
-69.167
-69.162
-69.14
-69.175
-69.185
-69.143
-69.157
-69.173
-69.128
-69.111
-69.145
-69.278
-69.289
-69.228
-69.224
-69.224
-69.144
-69.105
-69.045
-69.129
-69.227
-69.241
-69.294
-69.348
-69.361
-69.329
-69.371
-69.412
-69.481
-69.438
-69.546
-69.524
-69.574
-69.512
-69.568
-69.549
-69.518
-69.555
-69.652
-69.651
-69.632
-69.561
-69.613
-69.538
-69.491
-69.44
-69.427
-69.412
-69.417
-69.343
-69.322
-69.356
-69.375
-69.308
-69.329
-69.322
-69.318
-69.329
-69.309
-69.307
-69.158
-69.177
-69.175
-69.143
-69.204
-69.124
-69.122
-69.149
-69.198
-69.288
-69.24
-69.192
-69.207
-69.169
-69.204
-69.257
-69.278
-69.32
-69.232
-69.255
-69.398
-69.304
-69.289
-69.369
-69.483
-69.464
-69.486
-69.624
-69.762
-69.723
-69.702
-69.719
-69.591
-69.63
-69.682
-69.67
-69.652
-69.763
-69.734
-69.818
-69.799
-69.831
-69.861
-69.834
-69.854
-69.783
-69.719
-69.734
-69.766
-69.726
-69.759
-69.711
-69.778
-69.781
-69.724
-69.705
-69.741
-69.728
-69.728
-69.801
-69.824
-69.895
-69.993
-70.054
-70.126
-70.189
-70.263
-70.23
-70.269
-70.235
-70.258
-70.188
-70.162
-70.186
-70.198
-70.2
-70.177
-70.09
-70.077
-70.062
-70.145
-70.268
-70.212
-70.146
-70.255
-70.303
-70.387
-70.385
-70.363
-70.288
-70.422
-70.554
-70.482
-70.537
-70.529
-70.554
-70.574
-70.509
-70.548
-70.607
-70.592
-70.686
-70.69
-70.658
-70.662
-70.691
-70.713
-70.694
-70.773
-70.762
-70.772
-70.692
-70.685
-70.676
-70.708
-70.739
-70.825
-70.945
-71.028
-71.091
-71.122
-71.074
-71.001
-70.968
-71.087
-71.114
-71.021
-70.99
-70.952
-70.941
-71.035
-71.048
-71.041
-71.069
-71.116
-71.099
-71.131
-71.109
-71.107
-71.116
-71.076
-71.107
-71.142
-71.137
-71.184
-71.212
-71.259
-71.216
-71.247
-71.176
-71.188
-71.144
-71.154
-71.161
-71.143
-71.06
-71.043
-71.022
-70.968
-71.076
-71.11
-71.147
-71.148
-71.057
-71.129
-71.149
-71.161
-71.187
-71.18
-71.233
-71.341
-71.368
-71.361
-71.367
-71.335
-71.4
-71.349
-71.317
-71.284
-71.376
-71.349
-71.35
-71.423
-71.342
-71.356
-71.275
-71.301
-71.336
-71.303
-71.303
-71.234
-71.278
-71.348
-71.441
-71.377
-71.408
-71.435
-71.404
-71.323
-71.308
-71.317
-71.298
-71.265
-71.299
-71.348
-71.321
-71.337
-71.357
-71.352
-71.373
-71.346
-71.359
-71.424
-71.493
-71.473
-71.539
-71.616
-71.636
-71.692
-71.663
-71.682
-71.668
-71.6
-71.579
-71.66
-71.698
-71.645
-71.735
-71.714
-71.724
-71.651
-71.534
-71.503
-71.392
-71.283
-71.293
-71.286
-71.289
-71.302
-71.338
-71.377
-71.375
-71.392
-71.338
-71.388
-71.377
-71.398
-71.305
-71.316
-71.394
-71.331
-71.323
-71.334
-71.317
-71.39
-71.414
-71.526
-71.526
-71.465
-71.384
-71.333
-71.339
-71.3
-71.296
-71.32
-71.312
-71.322
-71.327
-71.339
-71.317
-71.345
-71.39
-71.415
-71.448
-71.425
-71.397
-71.326
-71.454
-71.426
-71.455
-71.483
-71.551
-71.56
-71.555
-71.537
-71.536
-71.526
-71.546
-71.57
-71.597
-71.57
-71.561
-71.436
-71.44
-71.507
-71.572
-71.574
-71.484
-71.473
-71.493
-71.443
-71.49
-71.437
-71.431
-71.387
-71.342
-71.353
-71.309
-71.338
-71.429
-71.438
-71.321
-71.315
-71.299
-71.397
-71.45
-71.459
-71.454
-71.336
-71.245
-71.211
-71.25
-71.195
-71.223
-71.249
-71.295
-71.255
-71.197
-71.096
-71.039
-71.024
-71.031
-71.021
-71.037
-70.976
-70.91
-70.894
-70.83
-70.904
-70.904
-70.908
-70.967
-70.991
-71.011
-71.012
-71
-71.008
-71.043
-71.026
-71.061
-70.993
-70.99
-70.995
-71.078
-71.199
-71.235
-71.302
-71.271
-71.248
-71.234
-71.208
-71.136
-71.14
-71.119
-71.207
-71.153
-71.219
-71.28
-71.339
-71.354
-71.417
-71.455
-71.431
-71.391
-71.418
-71.4
-71.417
-71.439
-71.399
-71.391
-71.455
-71.423
-71.412
-71.501
-71.508
-71.503
-71.515
-71.51
-71.524
-71.481
-71.468
-71.453
-71.44
-71.433
-71.343
-71.382
-71.376
-71.35
-71.313
-71.258
-71.28
-71.23
-71.22
-71.241
-71.177
-71.175
-71.127
-71.031
-70.933
-70.949
-70.92
-70.857
-70.827
-70.729
-70.77
-70.859
-70.89
-70.814
-70.868
-70.868
-70.827
-70.801
-70.834
-70.869
-70.904
-70.919
-70.94
-71.004
-71.057
-71.089
-71.05
-71.069
-71.08
-71.095
-71.13
-71.155
-71.059
-71.171
-71.241
-71.269
-71.151
-71.143
-71.13
-71.123
-71.26
-71.316
-71.313
-71.24
-71.296
-71.315
-71.189
-71.189
-71.232
-71.193
-71.32
-71.351
-71.412
-71.507
-71.538
-71.668
-71.735
-71.784
-71.746
-71.781
-71.699
-71.659
-71.619
-71.696
-71.777
-71.788
-71.75
-71.783
-71.788
-71.746
-71.733
-71.698
-71.655
-71.741
-71.772
-71.831
-71.865
-71.771
-71.808
-71.804
-71.857
-71.961
-71.918
-71.903
-71.976
-71.987
-72.052
-71.991
-72
-72.003
-71.991
-72.005
-71.97
-72.114
-72.103
-72.093
-72.156
-72.198
-72.231
-72.191
-72.128
-72.121
-72.101
-72.189
-72.189
-72.224
-72.263
-72.215
-72.124
-72.064
-72.157
-72.195
-72.203
-72.24
-72.307
-72.393
-72.467
-72.441
-72.425
-72.354
-72.435
-72.465
-72.48
-72.484
-72.418
-72.411
-72.49
-72.464
-72.476
-72.512
-72.577
-72.639
-72.657
-72.611
-72.635
-72.704
-72.769
-72.794
-72.753
-72.676
-72.631
-72.63
-72.573
-72.562
-72.555
-72.574
-72.584
-72.6
-72.606
-72.57
-72.548
-72.663
-72.71
-72.604
-72.61
-72.661
-72.674
-72.726
-72.748
-72.773
-72.737
-72.686
-72.778
-72.769
-72.73
-72.698
-72.645
-72.609
-72.591
-72.585
-72.522
-72.578
-72.594
-72.638
-72.673
-72.635
-72.678
-72.687
-72.779
-72.9
-72.908
-72.87
-72.803
-72.774
-72.797
-72.87
-72.881
-72.845
-72.756
-72.659
-72.703
-72.664
-72.652
-72.649
-72.673
-72.659
-72.798
-72.869
-72.882
-72.92
-72.889
-72.927
-72.815
-72.853
-72.771
-72.751
-72.759
-72.736
-72.741
-72.679
-72.624
-72.546
-72.515
-72.555
-72.571
-72.531
-72.636
-72.588
-72.628
-72.628
-72.553
-72.602
-72.54
-72.571
-72.629
-72.579
-72.495
-72.483
-72.461
-72.431
-72.488
-72.456
-72.43
-72.449
-72.551
-72.555
-72.578
-72.499
-72.488
-72.547
-72.567
-72.59
-72.687
-72.71
-72.731
-72.733
-72.723
-72.791
-72.755
-72.74
-72.7
-72.632
-72.623
-72.649
-72.608
-72.608
-72.643
-72.617
-72.632
-72.638
-72.614
-72.633
-72.646
-72.652
-72.673
-72.754
-72.709
-72.678
-72.686
-72.66
-72.697
-72.658
-72.694
-72.773
-72.827
-72.845
-72.821
-72.832
-72.907
-72.889
-72.928
-72.89
-72.923
-72.866
-72.773
-72.793
-72.725
-72.785
-72.756
-72.692
-72.727
-72.798
-72.826
-72.8
-72.741
-72.71
-72.711
-72.755
-72.824
-72.798
-72.711
-72.759
-72.821
-72.856
-72.811
-72.783
-72.879
-72.854
-72.793
-72.783
-72.693
-72.701
-72.626
-72.594
-72.523
-72.566
-72.522
-72.623
-72.609
-72.626
-72.572
-72.578
-72.704
-72.645
-72.682
-72.681
-72.7
-72.741
-72.746
-72.786
-72.805
-72.881
-72.767
-72.679
-72.746
-72.694
-72.663
-72.668
-72.722
-72.76
-72.715
-72.628
-72.631
-72.554
-72.544
-72.501
-72.567
-72.564
-72.596
-72.598
-72.644
-72.634
-72.602
-72.623
-72.667
-72.641
-72.71
-72.7
-72.736
-72.62
-72.62
-72.645
-72.638
-72.75
-72.668
-72.698
-72.643
-72.635
-72.547
-72.493
-72.375
-72.393
-72.3
-72.315
-72.232
-72.245
-72.306
-72.268
-72.281
-72.355
-72.341
-72.322
-72.242
-72.252
-72.178
-72.191
-72.245
-72.216
-72.263
-72.345
-72.314
-72.356
-72.37
-72.31
-72.347
-72.32
-72.388
-72.343
-72.423
-72.286
-72.313
-72.418
-72.372
-72.396
-72.489
-72.461
-72.569
-72.458
-72.476
-72.449
-72.403
-72.343
-72.269
-72.263
-72.246
-72.219
-72.266
-72.127
-72.084
-72.154
-72.146
-72.123
-72.07
-72.03
-72.058
-72.055
-72.1
-72.025
-72.022
-71.899
-71.892
-71.831
-71.906
-71.964
-71.959
-71.998
-72.129
-72.089
-72.1
-72.126
-72.124
-72.17
-72.168
-72.155
-72.083
-71.925
-71.944
-71.936
-71.982
-71.97
-71.939
-71.957
-71.998
-71.988
-71.963
-71.907
-71.899
-71.842
-71.868
-71.846
-71.866
-71.829
-71.757
-71.835
-71.827
-71.812
-71.746
-71.744
-71.665
-71.622
-71.628
-71.671
-71.727
-71.665
-71.669
-71.675
-71.602
-71.564
-71.544
-71.588
-71.542
-71.525
-71.564
-71.701
-71.657
-71.734
-71.738
-71.724
-71.684
-71.78
-71.838
-71.876
-71.865
-71.721
-71.726
-71.654
-71.686
-71.617
-71.7
-71.708
-71.759
-71.623
-71.6
-71.571
-71.572
-71.521
-71.541
-71.608
-71.642
-71.599
-71.555
-71.643
-71.56
-71.52
-71.487
-71.441
-71.425
-71.455
-71.556
-71.483
-71.604
-71.638
-71.642
-71.63
-71.743
-71.632
-71.675
-71.685
-71.708
-71.729
-71.738
-71.733
-71.774
-71.851
-71.813
-71.856
-71.778
-71.838
-71.838
-71.719
-71.69
-71.648
-71.67
-71.613
-71.64
-71.612
-71.701
-71.671
-71.657
-71.67
-71.703
-71.71
-71.703
-71.705
-71.745
-71.752
-71.736
-71.688
-71.647
-71.653
-71.611
-71.58
-71.69
-71.701
-71.779
-71.751
-71.699
-71.73
-71.746
-71.774
-71.81
-71.79
-71.781
-71.718
-71.748
-71.764
-71.81
-71.82
-71.827
-71.927
-71.94
-71.948
-71.922
-71.94
-71.946
-72.021
-72.107
-72.046
-72.115
-72.073
-72.093
-72.052
-72.112
-72.169
-72.191
-72.176
-72.239
-72.188
-72.233
-72.286
-72.211
-72.201
-72.224
-72.239
-72.202
-72.275
-72.22
-72.222
-72.252
-72.246
-72.223
-72.088
-72.127
-72.164
-72.156
-72.217
-72.102
-72.077
-72.09
-72.082
-72.056
-72.048
-72.119
-72.145
-72.161
-72.123
-72.124
-72.073
-72.097
-72.134
-72.187
-72.193
-72.215
-72.197
-72.186
-72.116
-72.097
-72.093
-72.164
-72.058
-72.057
-71.986
-71.911
-71.949
-72.046
-72.079
-72.023
-71.996
-71.904
-71.95
-72.047
-72.03
-71.951
-72.036
-72.061
-72.068
-72.176
-72.245
-72.283
-72.231
-72.29
-72.338
-72.249
-72.178
-72.138
-72.111
-72.104
-72.054
-72.107
-72.057
-72.023
-71.985
-71.967
-71.984
-71.937
-71.968
-71.902
-71.919
-71.914
-71.893
-71.766
-71.825
-71.864
-71.821
-71.806
-71.874
-71.828
-71.825
-71.884
-71.914
-71.993
-71.953
-71.928
-71.951
-71.884
-71.804
-71.812
-71.789
-71.742
-71.815
-71.782
-71.846
-71.837
-71.892
-71.909
-71.954
-71.935
-71.947
-72.007
-72.007
-72.028
-72.052
-72.063
-72.057
-72.061
-72.088
-72.15
-72.111
-72.136
-72.064
-72.118
-72.135
-72.128
-72.155
-72.158
-72.149
-72.233
-72.158
-72.114
-72.079
-72.098
-72.197
-72.32
-72.316
-72.363
-72.345
-72.426
-72.408
-72.475
-72.434
-72.489
-72.455
-72.382
-72.348
-72.348
-72.32
-72.298
-72.301
-72.369
-72.472
-72.554
-72.511
-72.481
-72.489
-72.513
-72.559
-72.565
-72.599
-72.612
-72.603
-72.612
-72.567
-72.658
-72.695
-72.745
-72.706
-72.715
-72.641
-72.675
-72.556
-72.606
-72.601
-72.614
-72.675
-72.678
-72.711
-72.706
-72.633
-72.639
-72.546
-72.578
-72.58
-72.538
-72.537
-72.546
-72.482
-72.502
-72.571
-72.516
-72.51
-72.508
-72.536
-72.562
-72.531
-72.572
-72.53
-72.545
-72.52
-72.564
-72.548
-72.598
-72.559
-72.515
-72.599
-72.604
-72.644
-72.628
-72.649
-72.736
-72.814
-72.866
-72.956
-72.99
-73.056
-73.099
-73.105
-73.051
-72.948
-72.926
-72.883
-72.83
-72.832
-72.877
-72.922
-72.935
-72.928
-72.927
-72.969
-72.972
-72.974
-73.037
-73.031
-72.972
-73.034
-73.076
-73.093
-73.048
-72.978
-72.942
-72.837
-72.825
-72.802
-72.781
-72.766
-72.766
-72.732
-72.691
-72.648
-72.7
-72.73
-72.61
-72.642
-72.632
-72.639
-72.643
-72.738
-72.835
-72.806
-72.847
-72.811
-72.854
-72.947
-72.834
-72.834
-72.795
-72.797
-72.765
-72.721
-72.694
-72.649
-72.646
-72.599
-72.662
-72.627
-72.6
-72.697
-72.768
-72.792
